10
253570456 277213203 364169612 381123550 387812359 415300749 423402174 429354363 452997110 456842898 469392606 475435741 480485645 491722706 493035353 499078488 525899905 534001330 556907457 584395992 591084656 596945700 599186081 602988835 618573191 626674616 631122899 637166034 639224324 645267459 663583915 774183071 839367822 866856357 879406065 885449199
154879839 176724749 227819387 391691425 408703105 410588602 413536335 432433512 435728590 440390421 445797254 462235331 462382453 464630973 467642164 483528150 513329969 518736802 593528046 615372956 645514691 664411868 666467594 672540176 691437353 694213687 699194039 699620520 718091216 721239172 726646005 747893035 753299868 847351312 874376797 901030659
125197242 161864825 201516768 215222793 251890376 261691765 278912781 291542319 298359348 315580364 338011291 355080469 355232307 391748052 397637273 413869207 431399995 434304856 473956799 503894758 538508943 545745048 550363730 567584746 628534494 635770599 643752434 675003466 682239571 686309238 692224482 699460587 768392170 775628275 810948974 818185078
251096246 325160601 341457284 359486872 370997302 397568728 415521639 433551227 438467702 438760495 461358340 471633083 479387928 512575729 517469784 528828740 529121533 546858328 547151121 550191329 551715951 584940184 585232977 586640084 625780306 632476785 640552367 658581955 671617007 696663811 699947185 700239978 739087407 739380200 811670812 850811033
78172855 102531199 134424783 224362751 256878586 257218731 272368512 281236930 281577075 303332448 313130514 313470659 403068482 403408627 447692063 451074243 451414388 472050407 480193330 482038179 482378324 503943991 504551674 536445258 565661092 590019436 593881959 621913020 626383226 641887720 672851656 674388987 705352923 711850988 759856749 790820684
51505062 174605660 246423273 249876686 256522287 292472687 366251778 372977284 379622885 415573285 423112141 444794897 451440498 461861820 464160969 487390898 526219978 546212739 564623402 571269003 607219403 618030352 649320576 660233444 662532593 666879045 669178194 702829445 705128594 721138189 737858857 833468899 835768048 840966694 936576736 938875884
103299941 139988957 184766418 221455434 252987286 254579577 281823522 291268593 318512538 323251927 329888898 334453763 359940943 373692989 401291698 404266922 411355375 431510867 437980714 455159466 472939272 474806290 481168534 508412479 524972625 549840884 550979043 552216570 556272767 593644975 626085926 627880655 653329871 671684746 694758276 772798046
4 5 6 6 6 7 7 7 7 8 8 8 9 9 9 9 9 10 11 11 293511109 293511109 293511110 293511110 293511111 293511111 293511112 293511112 293511112 293511112 403744902 403744904 403744904 403744906 697256006 697256007
275144096 301033657 310031513 335921074 389796113 415685674 424279417 450168978 459768814 467075828 482106427 494656231 501963245 516993844 526281355 561168772 574420831 580473312 581727845 596758444 606362873 608904135 616211149 631241748 640933372 675416676 718034616 743924177 765098030 772405044 787435643 831610571 902659334 909966348 924996947 969171874
4 5 6 7 7 7 7 8 8 9 9 9 10 10 10 10 10 11 12 12 54122677 54122680 54122680 54122682 171310004 171310004 171310005 171310005 171310006 171310006 171310007 171310007 171310007 171310007 225432676 225432677
