100
340583920 351488283 357951177 368855540 388810419 399714782 465631271 482998528 513857770 536802178 547314322 554169435 564681579 585028677 595540821 595723633 613090890 620623481 631527844 635292297 643950132 646196660 657323527 668227890 745670832 760339648 782370878 816841739 827353883 831510555 842022699 853541785 864053929 875763194 890432010 912463240
58447197 83364176 131077203 155994182 195111560 210520881 220028539 235437860 237324232 282036113 308703745 309954238 354666119 370074188 373988595 381333751 389397916 394991167 418700476 426063990 434109797 445368108 450980969 455508028 460777429 528138034 548951223 592172391 593663104 604941025 607581712 620330736 649652906 676320538 767135019 823124821
76038401 96423025 167647282 188031906 190522209 253118171 273502795 282131090 291555399 367601979 383164280 434957561 436242640 439884555 450885637 460269179 468635169 471270261 518022605 526566442 527851521 538407229 554368363 565369445 612037331 613322410 632506413 655401553 666402635 733539603 798803715 800088794 809804797 811089876 876941765 878226844
59802540 92302288 99575263 142778248 216425891 233707696 248925639 256198614 299401599 372654261 390331047 391299537 392753937 405154009 412426984 423799285 425253685 431072260 432526660 455629969 474275245 475729645 486873585 519373333 526646308 546559417 551293746 565204693 566659093 569849293 660778741 707917097 864145467 882790743 884245143 978364791
207452489 215569797 248012324 256129632 256486903 264604211 270273773 278391081 314248056 322365364 383351284 423911119 432385698 446172568 488142602 490146851 524874110 528702437 532991418 532992551 537177016 550963886 573552386 582026965 594938169 595813835 613254312 639788118 653814147 662288726 676075596 700772905 720049879 805564223 850414172 930675933
3 3 5 5 5 5 5 6 6 7 7 7 8 8 9 9 10 10 10 11 113071937 113071937 113071937 113071937 113071939 113071939 113071941 113071941 113071942 113071942 460294485 460294487 460294487 460294488 573366419 573366419
2 3 3 4 4 4 4 4 5 5 5 5 6 6 6 6 7 8 9 9 99650917 99650918 99650919 99650919 373283017 373283017 373283018 373283018 373283019 373283019 373283019 373283019 373283022 373283022 472933932 472933932
5 5 6 6 6 6 6 6 7 7 7 7 8 8 9 9 9 9 10 10 193203881 193203881 193203882 193203882 411362218 411362218 411362219 411362219 411362219 411362219 411362221 411362221 411362222 411362222 604566093 604566094
5 5 5 5 6 6 7 7 7 7 8 8 8 9 9 9 9 10 10 11 16567812 16567812 16567812 16567812 16567814 16567814 16567815 16567815 16567816 16567816 104667121 104667121 104667122 104667123 121234928 121234928
258296763 335651848 354253545 375640784 420797198 432536026 434243178 452995869 469554108 471597566 477022391 502687567 509891111 511598263 528492808 530199960 538141219 546909193 565510890 582569464 594366412 595036461 596743613 620031588 632054543 651261654 652968806 659924549 676926830 678526246 678633982 688279736 713944912 745069899 801295092 826960268
118252222 214679605 259509475 284937879 381365262 400163028 410849752 426195132 429094319 430927166 445063455 494418427 500690742 507277135 525521702 527354549 541490838 552107005 566848685 570351572 572184419 586320708 661104084 667376399 692760558 711005125 712837972 726974261 787015957 793288272 805260524 807093371 811532839 813365686 821229660 827501974
55157535 55908768 74398072 105992726 106743959 125233263 136526027 187361218 209716619 209734561 210467852 210485794 222818762 228957156 228975098 273653953 286924263 291085111 291103053 325676421 326427654 337759454 344916958 377377846 377395788 407044913 441483347 441501289 452997414 453748647 472237951 493337648 534365906 557443149 620658641 684764142
148558262 164857301 188411065 218959581 235258620 258812384 279219017 297032672 313331711 336885475 349620336 356686679 368082143 372985718 384381182 393218401 396539482 407934946 409517440 427693427 433071204 473758860 487347434 498742898 523879156 544160179 608187706 622233270 678589025 681887277 693282741 718418999 756662116 816316123 827711587 852847845
49732480 57003534 134125030 216664476 242674893 249945947 318070024 327067443 338057588 345328642 358382902 365653956 369819577 377090631 407191476 409606889 415458695 422450138 422729749 442775452 454212127 499851245 504989584 511012437 525314898 536751573 582390691 600133889 606395132 626720446 638157121 683796239 695516584 715841898 727278573 772917691
109667102 124368878 175802359 190504135 271847722 286549498 348523415 356589594 363511578 378213354 387076583 414658672 422724851 429475179 453211840 455586433 470288209 495326730 495610436 510028506 510704035 518770214 549257203 591655799 602367891 610434070 640921059 683319655 694442746 702508925 732995914 734183043 742249222 772736211 775394510 815134806
121066285 149217955 165055225 168913267 193206895 212902207 229596954 270152041 273585894 279201462 298303711 317999023 323190402 378682710 394747979 418259792 422899649 428287218 442594961 446411462 466106774 499899468 503278648 523839449 526790461 543888408 551991119 552883156 571686431 576394969 632370118 648985224 681974626 773581162 797092975 902672631
117682422 221929479 241239619 272420435 324912307 345486676 376667492 410544663 414930485 420490927 429924480 448469504 479650320 534101860 534171537 536046914 538487682 544048124 565282676 569668498 575228940 601917530 637154365 640293971 706164587 722786721 727172543 732732985 743276799 809147415 828909155 833294977 838855419 894779771 899165593 904726035
285938281 319659906 344372227 395592518 398389806 449596654 454128024 465355292 466371574 487849649 499076917 500093199 512561970 523789238 524805520 563782261 566579549 575009529 576025811 577806817 578823099 617786397 629013665 630029947 669436127 703157752 727870073 729330626 763052251 779090364 781887652 787764572 833094500 838984863 841782151 892988999
3 4 5 5 6 7 7 7 7 7 8 8 9 9 9 9 11 11 11 11 29479124 29479126 29479128 29479128 151009428 151009428 151009429 151009429 151009430 151009430 151009432 151009432 151009432 151009432 180488549 180488549
122878733 147373942 233733760 273784052 327545589 352040798 384837528 431265699 438400616 443169853 467665062 478450908 504459922 528955131 554024880 582832408 588160212 589504384 594075172 607327617 612655421 615314949 635932555 655365241 693687435 699015239 705128648 733737727 739065531 751556819 766418717 812846888 844791203 850119007 891219374 896547178
4 4 5 5 5 5 5 5 6 7 7 7 7 8 8 8 8 8 10 11 19767214 19767214 19767215 19767215 19767215 19767215 19767215 19767215 19767218 19767218 436398915 436398915 436398917 436398918 456166124 456166125
94866083 195123026 233020083 349082416 396410549 411124441 413213088 418134093 418320231 449339359 451120231 487236416 518391036 518577174 530161486 551377174 556288093 556474231 589274231 630418429 650626882 665340774 667429421 668315486 719678559 719864697 734392451 734578589 736481098 736667236 752664697 767378589 769467236 831705952 846419844 848508491
172727385 176458850 230462021 272248112 275979577 280608204 284339669 296359820 300091285 329982748 334022041 338342840 354094456 388740382 433542768 433630054 437361519 441902860 457654476 468205252 488261109 491364690 496621201 512372817 567725979 573579606 576086071 577311071 591837687 594924710 631314242 649643051 729107921 734874262 789592603 869057473
141823168 167802845 237508212 263487889 392452618 418432295 420768110 453887186 456217187 476979133 479866863 516163749 516453154 528767002 551902231 554746679 572151881 572664177 598131558 611848793 671397560 706846637 727608583 732832128 766793199 768281205 789043151 807711944 828227767 843161021 851096823 863922967 886545900 903107583 907307846 946492462
30549440 54038327 77575635 101064522 154744755 179801103 201770950 203289990 221872279 245867317 268898474 269356204 303996418 314150168 337639055 370062632 371123942 392673270 416162157 437190156 438345483 450049779 485894827 497075974 505473007 516868585 532921022 583996109 599301442 635146490 665367656 701212704 733650507 769495555 812173609 848018657
3 3 4 4 4 5 6 6 7 7 7 7 8 8 8 8 9 10 11 12 184404051 184404051 184404052 184404052 184404054 184404054 184404055 184404055 184404056 184404056 420943186 420943186 420943187 420943190 605347233 605347234
188842268 191920951 233287431 234467059 267284086 270362769 311729249 312834683 312908877 315913366 352954878 357279846 358459474 431396696 471713483 474792166 476947293 516158646 517338274 519735090 522813773 550330944 564180253 565359881 595480431 598559114 628772762 635826093 639925594 641105222 674323359 683847700 759593041 833202159 881223766 956969107
316702390 333185676 336989582 337861474 354344760 358148666 418046281 434529567 438333473 440945100 459727991 462104184 476211277 480015183 542288991 573935874 583970701 590419160 594223066 612003541 620166501 628486827 632290733 641325585 655946101 677105185 698178584 721510392 736246251 757289992 763192102 798971702 877399985 913179585 915467652 951247252
122825063 193387383 232174754 244279922 314842242 333834928 353629613 381984579 452546899 455289787 473999223 491334270 493403246 498769872 514653296 529585927 569332192 585215616 592994444 595454082 600148247 608119563 614858105 624002987 638935618 709779737 725663161 733158739 740595792 752562762 849944032 865827456 869348055 880760087 885231479 900164109
450413367 478721513 479382066 510364509 538672655 539333208 574838872 603028489 614691901 634790014 643000047 643660600 643789963 662979631 665170118 672098109 672758662 674784542 693478264 694138817 703092688 703753241 715134295 739117406 767307023 768215468 775085437 789595623 796405085 799210047 817785240 827399664 879412829 908510891 929891046 939505470
2 2 3 5 5 5 6 6 6 7 7 7 7 7 8 8 8 9 10 10 393347310 393347310 393347311 393347313 407669549 407669549 407669552 407669552 407669553 407669553 407669554 407669554 407669554 407669554 801016857 801016857
45286778 52149122 63231918 70094262 75054718 81917062 167841238 168699220 175561564 185786378 197609178 230545315 248490455 260313255 291253680 353957757 430385583 448330723 451713289 458575633 460153523 463395053 470257397 520094441 538039581 549862381 553798025 574267749 585949513 636971826 643506883 648653590 836812094 848493858 926520952 938202716
105359952 105498725 130415830 171051824 171190597 196107702 241104798 283059066 283197839 306281141 306796670 308114944 371973013 380153053 392047446 392186219 409405685 409544458 417103324 418803912 434461563 445844925 483980255 497372932 497511705 522428810 527792292 545150531 557852167 592968635 610326874 633117778 666840547 684198786 698294121 772166033
122590369 202808049 279800701 289256198 343718009 360018381 376413346 384324154 423935689 446466530 453575241 456631026 467365004 493791211 510383838 539853955 541534486 543079175 547582684 574008891 605451794 610785573 634030833 638147131 660457040 674702881 697064287 707398218 729098789 755524996 760981595 793676932 798349876 824776083 884628590 911054797
4 4 5 5 5 6 7 8 8 8 8 8 8 9 9 9 11 11 12 12 282493060 282493060 282493060 282493060 282493061 282493061 282493063 282493063 282493064 282493064 494872861 494872862 494872865 494872865 777365917 777365917
157657013 179659886 196828357 197719196 219722069 236890540 258259012 287625262 298321195 309628135 326796606 340849870 362852743 380021214 388227261 410700543 432703416 434249101 441451869 449871887 456251974 473420445 511302542 534851100 592773586 608621609 632835769 648683792 722741835 738589858 775966443 791814466 845817116 861665139 869365674 885213697
183156817 199809955 255802619 293089752 309742890 334651006 362323788 365735554 378976926 388184223 404837361 412377250 429030388 434969590 444583941 460830025 485023052 504529744 513817977 539678412 558570413 563871439 575223551 591831815 614462679 631216215 683696715 701764750 709557150 710064602 733750177 770998786 796859221 821052248 879943340 967245411
128671960 204302719 268529707 287493479 291322349 294602792 340520014 344160466 355032453 370233551 416022062 416150773 427351226 430663212 431180096 449056327 453424311 457253181 460598903 499341533 503170403 513853972 517682842 524687086 555879809 581952894 600456650 607877846 611706716 626529735 627870116 642382555 672446957 686959396 736406429 780983270
74903935 152299063 158089817 162394688 166250354 235484945 239789816 249436236 253741107 336516545 355161497 419702427 424007298 438347379 442652250 449037831 451859663 475902621 493072054 526432959 529254791 540384250 543206082 553297749 567249040 576257936 580562807 710650441 713472273 729295393 732117225 737515231 756160183 867205950 870027782 894070740
4 4 5 5 5 5 6 6 7 7 8 8 8 8 8 9 9 9 9 10 266935773 266935773 266935773 266935773 266935776 266935776 266935776 266935776 266935777 266935777 390023104 390023105 390023105 390023106 656958872 656958873
136050981 171005461 171962888 177921213 189452301 206917368 213833120 224406781 231322533 253502819 288457299 289202802 295373051 320083181 325114709 342604122 355995088 373484501 397180563 406654640 418594376 433092470 437535019 442895999 450581883 453548856 460464608 477850479 484766231 514632401 571746197 596047820 602626576 626928199 679723958 704025580
47980046 48641689 133515008 134176651 145074705 148819448 167307613 202156219 230609667 234354410 252842575 287691181 306231926 306893569 335346186 336007829 346015743 346677386 385792655 386454298 403326585 407071328 425559493 432440845 436185588 443110402 446855145 454673753 460408099 465343310 482887314 486632057 489522359 500191916 505120222 539968827
119804699 160054057 248148074 296755049 382524269 388313522 390394635 422773627 428562880 455833614 464808380 475297280 496082972 510867644 515546638 516656897 559474619 565263872 583535781 584176989 603640655 623785139 632783964 652247630 653114205 658903458 711879156 726423550 727527950 733317203 745887216 760486131 800837295 820300961 854125717 928539462
102126056 121022316 145369338 166389493 185285753 209632775 228723737 247619997 263781407 271967019 328044844 343320236 345173421 348093011 364069681 366989271 388416703 390379088 391336293 407583673 469917917 506828772 509748362 510317799 551320454 570216714 574581236 586367601 589287191 594563736 636915480 712975805 753365164 756284754 792514634 959512197
104983821 213286145 219008076 303843728 327310400 346929331 379553084 395175954 417867983 460953586 470051125 487855408 509200209 511746039 513653872 513912502 578353449 578412991 620048363 621498594 622214826 627678127 668911032 669745217 710605946 711996635 712772409 753691549 755858012 760243258 788223135 801938172 804104635 878721176 920416090 922582553
4 5 6 6 6 7 7 7 8 8 8 8 9 9 9 9 10 10 10 11 55212273 55212273 55212274 55212274 55212275 55212275 55212275 55212275 55212276 55212276 273257840 273257842 273257843 273257844 328470109 328470109
78487058 108262903 168818917 196206373 225982218 227204261 249092396 286538232 321969587 344923576 345445706 366811711 375221551 435777565 439688902 474364070 484257302 494162909 504139915 509621410 514033147 516051044 539397255 564695929 574589161 588928235 599953269 623081273 632974505 644969408 654862640 658338613 680226748 717846599 727739831 753103939
85281528 108131163 173402826 196252461 199727681 275810120 287848979 291540693 298659755 314390328 358459489 390256273 405986846 409658173 432507808 446580787 489934687 491717149 514566784 517325368 524104326 548988081 564718654 578055985 605446666 606163302 680463279 682836134 696193852 707853960 723584533 764895110 814311332 841702013 896370308 923760989
84798459 118000687 148298630 148430005 170984824 182687162 204187052 234484995 234616370 255681216 268873527 271181566 288883444 304383794 319181387 319312762 334681737 334813112 353569919 369070269 393276495 477399468 479462860 510120388 510601696 540899639 541031014 543322616 564159252 573620559 573751934 575288171 579659602 608009091 785877504 818598424
184118271 199935875 234577346 250256183 272095824 304850317 318743947 320667921 355309392 370988229 392827870 412737853 428555457 439475993 441999364 452100704 457816968 463196928 467918308 472743112 478875765 488560716 492458439 500715406 502559779 508137276 518238616 523202187 529976917 538881024 540078257 547363529 560720665 576625040 586726380 607368788
308609194 327154266 330344190 425861803 440456194 459001266 462191190 468478517 503005480 521194798 539739870 542929794 557708803 600325517 634852480 638447407 639183608 643449650 657728680 660918604 661994722 665184646 681064121 715591084 719821416 738366488 741556412 756436217 760702259 799052931 803318973 833579894 837074025 837845936 879690739 914217702
207546357 309303466 346046981 360758390 390825047 412642882 435843319 442861343 447804090 492582156 499259014 514399991 537600428 538263898 544037080 544618452 565854915 589055352 596073376 596559216 600098985 676764522 721542588 735059840 738599609 743360423 766560860 773578884 779837906 783377675 801655741 805195510 824856178 828395947 831874202 835413971
303657649 318488088 359329088 474307126 481262626 509072631 519627519 523903070 564744070 586831708 601662147 642503147 646991997 661822436 669160263 677531256 679722108 683990702 686677608 692361695 702663436 724831702 725042501 733202695 757481185 764436685 802801578 817641474 824596974 839809740 846765240 848180733 855136233 862961867 885130133 893501126
208624765 257098610 283248367 316837874 331722212 344557798 345651292 374404827 391461476 394125137 419181400 449028429 453864401 481584325 485133100 490388414 503826765 511431354 533606945 552300610 565012016 593346209 612039874 621066133 627414941 639759798 645399942 650913162 669606827 693873787 753613051 766896749 781332975 785590414 811180004 927163590
218176584 245416940 337896198 365136554 365266735 392507091 398525673 425766029 449992115 465839275 476560000 489440083 493079631 514500515 516680439 569711729 573670885 596279614 597082266 623650151 630341204 634220129 656909089 661590666 693390499 694849604 697654806 720761036 721255614 724222691 747823499 754019974 762163206 785764014 821333576 844934384
157009616 215390258 300040150 311523287 358420792 369903929 378172230 424512980 436552872 482893622 510380966 516779016 519479155 575159658 576098125 578053708 653411500 662509689 664894637 673992826 719128659 721084242 730611796 731543580 732567379 740641769 777884330 786982519 797260739 799216322 843601489 845557072 870150366 879248555 935867525 937823108
128302757 165557898 243966028 264690494 281221169 313318522 348250081 350573663 380353765 385505222 403242306 405713153 442968294 449106766 449706259 461614398 484637818 506915466 518905577 542100890 544170607 564770037 577277669 588258071 623189630 634122531 643303203 646630163 669054090 680652702 681561722 726517162 739024794 781855015 827719475 840227107
118386349 137230890 140412205 159256746 243173167 244075369 245227672 264072213 265199023 266101225 370014490 370916692 383074785 397901817 405100641 419927673 476347502 495192043 509916108 524743140 553093240 571937781 589377454 601134320 602036522 608221995 677880058 678782260 714164272 715066474 741035938 755862970 817781676 832608708 854065890 868892922
394678008 396039695 398691169 413005801 436631702 457342319 458704006 461355480 475670112 488494657 489856344 492507818 499296013 504926306 506822450 513849007 515210694 517862168 530448351 532176800 540486412 541848099 544499573 555802701 558814205 567590617 582440106 598742955 613229955 614591642 617243116 624097305 631557748 650734710 655183649 723478252
64470026 66412620 155294647 157237241 321258062 365056144 366998738 401218513 403161107 412082683 453162829 482157430 484424153 486366747 502877436 504820030 512494978 543987450 572982051 603319599 621844180 658006549 741212189 753748947 759665472 782743548 789911316 813081096 818905917 849243465 873116956 891570239 902111557 920564840 932449105 950902388
137694616 153626867 208011833 303143192 307128788 319075443 373460409 399385764 415318015 417686765 428426495 444358746 469702981 472577364 485296499 498743712 501228750 505098221 506546334 521030472 555613716 568819936 575415438 583135341 597860667 654730671 671994910 674532393 679377913 708418644 765288648 768237482 785090370 797278213 854148217 873949939
3 4 4 6 6 7 7 7 7 8 8 8 8 8 9 10 10 11 12 12 108870569 108870572 108870573 108870573 375429285 375429285 375429286 375429286 375429286 375429286 375429288 375429288 375429290 375429290 484299851 484299851
35301614 76579620 102727044 144005050 256862425 261386060 298140431 303862961 308061637 328811490 345140967 375487067 399578626 427555626 440856632 461672481 465041560 468833632 482946871 529097911 529622448 529947407 532466990 576622984 625663072 653640072 672338649 683233292 686602371 700315649 730233828 733602907 825949493 829318572 853926493 857295571
154218952 188803683 219893529 254478260 264960361 302498523 330634938 337083254 341360057 375944788 390164268 411046749 413239932 445631480 452101466 455838845 473967274 508552005 521788158 538443839 577305373 579876251 584708683 603542119 645550828 646992065 669216696 709912590 728155822 751821690 767017356 790683224 836704048 860369916 899624573 923290441
299236679 317418582 335613782 352330584 353795685 375767357 388707687 393949260 411008424 428861262 447385527 455974247 474156150 487539102 497869331 509068152 516051234 550963236 567745992 571648797 589830700 609641076 624742702 629018585 639922647 665395688 676299750 683420542 705549263 716453325 785756153 796660215 827651237 838555299 901430703 912334765
309374543 335552835 347011804 373190096 426484303 442201015 457484491 463122822 464121564 468379307 473702822 489301114 490822924 495121752 499881114 520681242 528460185 558318503 559310775 580232582 590310963 590812582 596359319 611232770 621812770 622537611 623649396 644571203 653507714 655151203 674429521 685009521 713469079 744469267 777807700 807666018
116524792 347951677 387887977 470707987 472963515 493494835 507203427 520312424 520931457 536001203 545960243 619314862 704390400 738630312 742071172 751739309 752358342 764858020 807364388 817323428 827146710 849933558 861386622 874495619 875114652 884173470 892439926 897282467 897901500 902398966 926679838 936638878 939788835 940407868 949747875 950366908
3 3 3 3 4 4 5 5 6 7 7 7 7 8 8 8 9 10 11 12 162619535 162619535 162619535 162619535 162619536 162619536 162619539 162619539 162619540 162619540 190138096 190138096 190138098 190138100 352757627 352757628
235879286 238141783 285513474 287775971 293326384 318986329 342960572 368620517 388292806 390555303 445739904 471399849 537590989 539853486 543141368 567304581 592775556 595038087 601066878 603329375 616938769 620698032 624238372 626500869 658513976 681685470 684173921 695554888 707345415 719718101 844853071 869016284 908328960 931500454 932492173 955663667
50008427 64152923 85164819 99309315 116159676 130304172 143258757 178415149 182394740 188774782 196539236 209410006 223931174 236509971 250654467 254926031 275645070 321161095 329760301 332694348 352162709 367850740 375276326 387319101 398845597 418313958 465080661 484549022 519195892 523386577 537531073 538664253 616636907 662152932 806072498 825540859
331334297 333353848 340027102 369562162 396208854 398228405 404901659 418804559 434436719 483679116 519670647 545942352 547961903 554635157 584170217 584545204 633412614 683647661 685667212 692340466 700524303 702543854 709217108 721875526 726097313 728116864 734278702 734790118 738752168 764325178 771117923 787994565 813567575 871984011 888860653 914433662
21066232 21074616 130717094 130725478 246941724 246950108 266125198 266710508 356145315 356153699 375776060 376361370 449757938 452262946 469020141 469028525 492000690 492586000 499285630 499294014 559408800 561913808 601204281 601789591 675633430 678138438 714079107 714664417 744344596 744929906 784837021 787342029 897711847 900216855 927977336 930482344
2 3 3 4 4 5 6 6 6 7 7 7 7 8 8 8 9 10 10 11 241246385 241246385 241246386 241246386 241246389 241246389 241246389 241246389 241246390 241246390 243491979 243491980 243491981 243491983 484738362 484738362
322547319 354982928 376844980 409280589 432735805 465171414 507411709 514186765 529854386 552302733 561402608 561709370 562289995 568484426 579325171 584738342 611760780 615700269 617600195 624375251 663451161 671591094 714718776 717748822 721493832 737167123 743942179 764189561 768709675 770964617 773639647 791158022 818180460 870758228 893206575 920229013
120884907 132589409 164463267 166394280 176756423 188460925 217358291 220334783 222265796 229062793 241261782 252966284 260936651 262867664 284840142 286771155 289425926 340791009 345297442 352495511 384369369 385899310 386300382 404878389 409802801 460749905 501351773 509332028 525255264 570569746 582274248 614148106 616079119 624784491 739110765 854563228
37353761 53546835 246852162 247999631 254050804 259147277 264192705 275340351 293172546 309365620 334446847 349519662 371460700 387653774 457498032 464696674 468645678 475844320 502670947 505599691 509869589 521792765 545092717 556240363 560165532 571313178 580959101 588157743 590265632 605338447 668553786 683626601 715098092 722296734 802692777 817765591
133803573 159244587 184012588 209453602 286783873 294443171 303208954 312224887 319884185 328649968 339605729 373263755 389814744 423472770 451612668 477053682 492586029 500245327 509011110 521764044 525859379 526244055 533903353 542669136 571973059 576068394 657414824 674744344 678839679 682403642 686498977 691072850 691169425 695264760 839573139 843668474
364169612 376554336 387812359 400197083 429354363 452997110 456842898 469392606 475435741 480485645 491722706 493035353 499078488 504107430 534001330 546386054 556907457 561796794 574181518 584395992 596945700 599186081 602988835 626674616 626981545 639224324 645267459 654470080 667019788 673062923 774183071 786567795 839367822 866856357 879406065 885449200
154879839 176724749 283201734 293169399 305046644 322971218 328378051 391691425 413536335 421491294 435728590 451293113 456699946 462869187 484714097 505425991 527270901 529980985 559782804 564050485 565189637 593528046 601158747 615372956 630960566 636367399 643715551 672540176 673517370 678924203 731817606 743717938 761619425 767026258 786274742 874376797
93389189 113348660 169708715 215222793 231943585 235182264 261691765 281651236 291542319 338011291 340334211 345393571 353777189 365353042 378416067 400246161 421713097 462167815 470033307 477269412 483947967 489992778 497228883 500249671 508636787 546352833 546718643 553588938 592338593 608587703 615823808 630420449 716978329 724214434 755060185 762296290
3 3 4 4 5 5 5 5 6 6 6 6 7 7 8 8 8 9 10 11 487163070 487163070 487163070 487163070 487163072 487163072 487163072 487163072 487163075 487163075 498813628 498813629 498813630 498813631 985976695 985976695
33765615 75421176 99779520 221611072 232137239 238782840 273792800 274733240 280438401 298151144 300580769 304796745 316388801 340747145 405372694 419982696 426628297 447028255 462578697 471386599 496556802 498952393 505597994 508480531 541548394 550136092 574494436 593218151 672187848 694928426 696325988 701574027 737524427 775295685 868163881 971271718
57263376 97096491 181622319 216109871 221455434 235786957 251435478 255942986 277215362 291268593 330800523 355255133 360145900 394633452 401574305 429959059 436061857 455159466 471387464 479614076 487052295 489647018 514101628 524972625 526885410 543240182 549427235 583073297 665575876 707004281 721763763 760589442 763192168 785044052 816777329 841231938
4 5 6 6 6 7 7 7 8 8 8 8 9 9 9 9 10 10 10 11 182914812 182914814 182914815 182914816 310066317 310066317 310066318 310066318 310066319 310066319 310066319 310066319 310066320 310066320 492981124 492981125
119120593 233368497 233772610 311015529 335921074 348020514 389562392 425667546 433262921 450168978 501963245 504214409 516993844 527123696 527816010 547914938 561168772 606362873 616211149 631241748 641775713 650063402 675416676 693858181 708888780 743924177 753063708 772405044 787435643 816105573 831136172 831610571 875311100 909966348 924996947 969171875
187223738 205019916 207636499 225432677 238280055 256076233 341517200 359313378 365637299 376214070 386050060 394010248 408085009 410938840 416693616 425881187 431351601 461995157 519930761 554627631 565232302 586498570 599929172 619722210 631800111 640134971 649611098 670023859 670778527 700667415 774015672 803904560 808712542 838601430 840583481 870472369
92502571 203023166 248724145 290102470 333206904 334192391 338482203 359244740 389540820 443727499 444712986 446324044 472561534 483212156 494703777 500061415 530806803 531792290 538087088 579186536 580172023 587140719 628783108 635520452 639433730 648607683 713265867 714251354 723916489 724901976 735686987 769599783 780250405 784066720 918146051 928796672
4 5 5 5 6 6 7 7 7 7 8 8 8 8 8 8 10 10 10 10 2588436 2588437 2588439 2588439 135782695 135782695 135782696 135782696 135782696 135782696 135782698 135782698 135782698 135782698 138371127 138371127
74503458 171619578 262356690 262485322 323711748 359601442 401279606 417115405 420827868 439603182 450338554 470752693 498395726 508448994 511564980 514231525 517250124 589132838 604968637 614366244 627585046 658734557 688811472 696430858 705103356 719960983 757657284 766379330 782215129 797528841 813364640 835225142 851060941 882349848 913499359 951195659
253228982 255041805 270107947 319748050 373660662 375473485 379213295 390539627 391604089 392899878 393416912 394712701 396841064 398653887 408483054 409778843 413720029 440179730 458123157 459418946 463360132 499644975 510894803 517588402 518884191 522825377 611742464 613555287 628621429 631326483 649269910 650565699 654506885 678261532 737726777 869408285
134833892 195616155 226004814 256320791 262264347 323046610 353435269 383751246 388192049 397253911 421344443 448974312 467815094 479362971 482126706 489327502 509678948 512515365 524684366 528597357 542831342 550109765 558986016 580498424 589301993 590013651 610814401 650612068 683764462 717444106 730235113 751747521 843371808 876524202 922994853 944507261
2 2 4 4 4 5 6 6 6 7 7 7 7 8 9 9 9 10 11 12 298814927 298814929 298814931 298814932 342962977 342962977 342962977 342962977 342962979 342962979 342962980 342962980 342962982 342962982 641777902 641777902
136348248 147823395 163596206 175071353 188302805 215550763 260102203 276137446 287350161 287612593 307096459 328092003 334344417 399891401 446885657 456616881 468092028 508571438 520054921 531530068 534636697 545417049 556892196 561884655 572009478 580370836 597371606 627365092 643808876 669171004 674425895 690803132 716165260 854905330 918343370 943705498
2 3 4 5 5 6 6 7 7 7 7 8 8 9 9 10 10 11 11 12 55252481 55252481 55252482 55252482 55252484 55252484 55252485 55252485 55252486 55252486 87809126 87809128 87809130 87809131 143061605 143061605
94870622 201453660 285125493 294255691 364674559 381194627 400838729 471257597 473140010 484510562 488926110 517304418 533526484 554929430 574717274 579723048 580579696 640109522 650998564 663394881 681300312 688311179 716689487 723781355 758730047 759464015 764972145 787108355 819850489 861041279 867195498 895573806 927581972 955960280 968772762 997151070
32271257 72198071 104411733 109051317 120439955 148978131 160366769 181191793 192580431 236842117 263685042 271179014 277832236 303611856 311105828 313622177 325010815 335825518 343319490 354612296 366000934 396027846 435954660 438283648 468168322 468255902 475749874 509246021 515063708 516739993 526452346 600598706 641588825 669697433 677191405 802040237
65103265 72539161 113693378 121129274 123875069 172465182 188091440 236681553 278129308 321620180 326719421 329056076 342924206 350360102 359851146 367287042 380391984 385271142 392707038 401696010 418622950 444042946 444608355 465912381 471195616 482839321 508259317 519785729 534646223 555950249 572877189 598297185 727712531 749016557 765943497 791363492
112192348 144914112 172249128 187590268 204970892 220312032 414238792 414372256 417341961 446960556 450063725 460741431 467672618 474429036 489770176 493463195 502417001 527729398 543070538 562473781 577814921 589636124 649692904 665034044 716418700 719521869 762921339 769719062 772822231 804463445 807566614 816221701 850966084 891682568 894785737 938185207
94160032 123449238 141998555 166439190 171287761 173642990 175112784 195728396 202932196 222951307 247391942 254595742 303936210 313170801 315997255 341074104 345286461 351774733 361009324 370363310 376215368 383419168 385449959 392653759 396950007 417583245 422026856 465421768 489862403 497066203 525773433 535008024 550850282 560084873 639420468 664497317
119497034 157651311 188201005 226355282 330587171 339170884 362570520 368741448 377325161 400724797 410658158 448812435 451875104 502710229 516926960 519141157 520579075 571414200 585630931 587845128 662965241 671548954 694948590 713800366 722384079 728017097 730231294 736600810 738815007 743036228 745783715 760000446 762214643 793871353 808088084 810302281
