1 1 3 3 4 392599200
3 6 7 7 240029489 240029489
1 20466167 60568654 69506085 324415331 368124624
55046256 81831838 117138876 199446277 270372373 374825814
1 3 3 4 5 96590864
1 3 5 6 304445517 304445517
1 72593109 95890461 132323191 249054748 374107645
139186964 331920006 404707893 428168052 432666127 553307742
1 61581309 123379508 175875356 261900766 265335726
313120753 546147123 599193995 668058911 700007597 725369595
IMPOSSIBLE
IMPOSSIBLE
IMPOSSIBLE
IMPOSSIBLE
1 3 3 4 6 423730366
1 3 4 6 228876473 228876473
