10
82739419 196304410 237963064 333368869 394803437 402888163 446933860 459099186 469683253 488592514 503005752 508368428 516453154 525316853 530948079 550027082 558111808 572664177 583248244 614322831 624906898 753635202 775946303 781577529 815069770 823154496 837380871 843012097 845465597 851096823 879365519 889949586 901676620 907307846 912260687 917891912
111045658 117939879 119638394 134534545 141428766 143127281 235240973 242135194 243833709 302368497 309262718 310961233 408052736 431541623 467999298 471987434 491488185 495476321 530545997 532248051 537440218 539138733 566391045 573285266 574983781 592194613 596182749 599375575 659322137 663310273 827553075 863398123 887499637 891487773 923344685 927332820
3 4 4 4 5 5 5 5 6 6 6 7 7 7 8 8 8 9 9 11 28404209 28404209 28404210 28404210 28404210 28404210 28404211 28404211 28404213 28404213 392924540 392924541 392924542 392924544 421328745 421328746
66019668 124914615 127993298 140224735 169359778 199119682 202198365 243564845 262683139 265561121 289027225 324456068 327534751 334718512 336888206 363232292 368901231 393613459 396692142 420694521 438058622 461693171 462224592 479589468 482668151 488568678 520588118 523666801 524034631 531381983 557726069 565033281 617357992 643702078 658356642 684700727
117570919 196012737 227757216 241563334 276411107 306199034 351749631 354852925 400403522 400442134 419436708 448463741 497878526 510628431 524209082 533644591 543429123 558650038 559282322 571712258 607303929 612086409 634395379 650154076 657637006 683049270 695704673 702307923 750329530 816515806 826074871 854583473 864537413 902605080 940282754 978350420
3 3 3 4 4 4 5 5 5 5 5 5 7 8 8 9 9 9 10 10 145971904 145971904 145971904 145971904 145971904 145971904 145971908 145971908 145971909 145971909 440934013 440934014 440934015 440934015 586905913 586905914
154919505 225481825 258533577 264269196 329095897 365929370 367883268 411404260 419964082 469543442 481966580 490526402 506093665 515731652 520753951 525497688 529313773 544829714 586293972 609707737 615392034 622414125 625081343 629111760 630973947 654179405 726741517 755839579 762578420 771138242 781982443 790542265 866905812 886309835 896003874 915407896
225817391 254125537 254786090 255871914 284180060 284840613 305213890 333522036 334182589 350242896 378432513 380297419 408487036 429639395 431673952 457829012 459982098 460642651 490538319 510326148 520592842 538634294 539294847 556099457 569934818 584289074 634751653 662941270 669088624 696394880 697396770 698057323 775047076 793514129 821703746 933809551
249769843 366270460 381111161 391871924 411841856 446886106 496171487 497611778 508372541 519674940 528342473 563386723 612672104 638944844 651016258 661777021 673697399 681746953 716791203 722858877 766076584 770286162 781046925 801016857 805038717 815799480 835769412 836061107 854200195 864960958 870813662 884930890 885346488 919975140 920099043 969260520
45286778 52149122 63231918 70094262 75054718 81917062 167841238 168699220 175561564 185786378 197609178 230545315 248490455 260313255 291253680 353957757 430385583 448330723 451713289 458575633 460153523 463395053 470257397 520094441 538039581 549862381 553798025 574267749 585949513 636971826 643506883 648653590 836812094 848493858 926520952 938202715
