1 43015935 77607736 155478857 171650028 194879425
80944927 231143406 247048897 311186322 323629525 371839969
1 673511 17073695 195580746 229869787 328722329
87685330 125572725 143362930 168011431 286631922 342389015
1 9698655 20813401 47228820 350784482 351639829
151469745 184277685 197880805 400878739 432853742 447099814
1 16949796 62370210 117182346 142585735 182382765
172605036 315676768 373221689 397278981 449397063 472867693
IMPOSSIBLE
1 1 2 2 207042321 207042321
4 5 5 5 7 480272573
1 52560192 98750324 143402392 199584298 218984732
197500855 355238838 379498363 395912893 416973938 570934500
1 10836531 215477752 250727020 258990206 265470757
159650657 188378406 319741385 349431581 380046834 387727822
IMPOSSIBLE
1 15787810 234918832 245257231 341629229 382303029
143873591 162319996 232255678 298889019 322234028 543468698
