10
188145908 245593006 253202810 253317056 271252951 281396238 292772494 310649908 318373958 325384155 336309853 338843336 346567386 350219592 357943642 364503281 375879537 382831253 390555303 408491198 470831829 495407990 519571203 528278927 536002977 553938872 560464892 584628105 588658320 600034576 612821533 624197789 632646237 656809450 778093911 802257123
2 2 3 3 4 4 4 4 5 5 5 5 5 5 6 6 7 9 9 10 58579741 58579741 58579741 58579741 58579742 58579742 58579742 58579742 58579746 58579746 337869029 337869031 337869031 337869032 396448767 396448768
5 5 6 6 6 6 7 7 7 7 8 8 8 8 9 9 10 11 11 12 96567692 96567692 96567692 96567692 96567694 96567694 96567694 96567694 96567697 96567697 335459722 335459723 335459723 335459724 432027408 432027409
246941724 246950108 286430160 286438544 287015470 287023854 469020141 469028525 470062900 470071284 472567908 472576292 478606301 518094737 518680047 563638129 590634802 602093657 603126565 603711875 630123238 630708548 641582093 642167403 700684718 701727477 704232485 785716546 786759305 789264313 812713219 813755978 816260986 824172074 825214833 827719840
2 3 3 4 4 5 6 6 6 7 7 7 7 8 8 8 9 10 10 11 241246385 241246385 241246386 241246386 241246389 241246389 241246389 241246389 241246390 241246390 243491979 243491980 243491981 243491983 484738361 484738362
222121046 254556655 322547319 354982928 376844980 409280589 432735805 460976335 465171414 536235498 561402608 563024888 568671107 579325171 590193292 611760780 612641639 615700269 663451161 671591094 690619565 713067912 717748822 744917226 767365573 773639647 775090787 800808051 818180460 823256398 877139340 904307744 920229013 926756091 947397417 969845763
105815964 119934441 165443814 170321323 188460925 202579402 213230463 220334783 227348940 234453260 248088775 252966284 272858313 277735822 279962633 284840142 345297442 353849489 359415919 367967966 403927923 404925292 409802801 413477339 418354848 486572884 499629287 511342422 518446742 582274248 607043786 614148106 643409401 651961448 739110765 747662811
164328676 287761394 314857420 343841065 351039707 369272171 413652220 439821238 467273783 474426726 474472425 478532181 492704889 494369809 501568451 519800915 533639224 563253956 590349982 593164609 600363251 601964899 618595715 629060925 653939115 661137757 679370221 689144782 713151613 720350255 727855725 738582719 749919288 788630231 809131786 847842728
88713880 101223995 247999631 259147277 260509746 271657392 357042780 371460700 383970815 385806966 400879781 415730411 428240526 509364423 516328531 521874538 527476177 545092717 556240363 560165532 569469925 571313178 639789600 668553786 683626601 684059311 712823497 727896312 728755676 739903322 777693323 806457509 821530324 852216745 896486456 990120467
133803573 159244587 184012588 209453602 286783873 294443171 303208954 312224887 319884185 328649968 339605729 373263755 389814744 423472770 451612668 477053682 492586029 500245327 509011110 521764044 525859379 526244055 533903353 542669136 571973059 576068394 657414824 674744344 678839679 682403642 686498977 691072850 691169425 695264760 839573139 843668473
