10
147838366 171051824 171190597 259845608 269909872 283059066 283197839 293123330 293262103 306796670 368833988 371973013 386192227 392047446 392186219 409405685 409544458 418803912 428868176 445844925 474159474 483980255 494044519 497372932 497511705 527792292 545150531 557852167 567916431 592968635 610326874 633117778 666840547 684198786 698294121 772166032
202010231 248391087 250597684 279800701 282227911 296978540 328388154 328608767 360018381 376413346 425000799 427540645 456631026 471725324 476128098 493791211 507758325 518106180 532995103 542378664 549515794 574008891 579375959 595372319 610785573 641753175 646128439 673162789 697255738 707398218 758525517 763506304 769775434 820902733 824776083 887153298
212713960 300230657 383184564 409818621 410480180 410757697 470701261 472364713 497335318 497996877 511930015 526003711 559881410 581228301 587811327 588377593 607862358 608523917 613520408 670408450 682400619 709034676 709696235 724047448 758281931 758848197 771580768 784915988 785482254 785577547 786143813 825219766 847462080 848028346 901101078 901667343
5 5 5 5 6 6 6 6 6 6 7 7 8 8 9 9 9 10 10 12 329666683 329666683 329666684 329666687 494872862 494872862 494872862 494872862 494872863 494872863 494872863 494872863 494872865 494872865 824539539 824539540
3 3 3 4 5 5 5 6 6 6 6 6 6 6 7 7 7 7 7 8 123091073 123091073 123091073 123091074 231843292 231843292 231843294 231843294 231843295 231843295 231843295 231843295 231843296 231843296 354934361 354934362
226483894 282476558 340015600 353797953 360005985 360134435 361324945 396008264 409790617 415998649 416127099 445892160 464121657 474856651 488639004 494847036 494975486 501884824 531203683 577653363 580733211 591435716 597643748 597772198 618505754 644735389 658517742 664725774 664854224 683529923 732037460 745819813 750611949 752027845 752156295 837914019
128671960 204302719 211567128 268529707 287197887 287493479 328905980 340520014 344160466 355032453 370388647 411801148 416022062 416150773 427351226 428205521 430663212 468763727 483359515 498917230 499341533 503836280 513853972 540754034 555266473 555879809 566254683 587027040 623217262 627870116 628439541 642382555 695207569 709720008 715555623 782893075
74903935 152299063 158089817 162394688 166250354 235484945 239789816 249436236 253741107 336516545 355161497 419702427 424007298 438347379 442652250 449037831 451859663 475902621 493072054 526432959 529254791 540384250 543206082 553297749 567249040 576257936 580562807 710650441 713472273 729295393 732117225 737515231 756160183 867205950 870027782 894070739
246708326 303820016 306773678 379793663 390443141 399422311 401874632 428537688 456534001 459487663 485649378 488603040 497337188 532507648 543157126 547374281 554448878 554588617 557402540 561623025 572272503 583703994 604485971 607439633 620097177 630422525 641072003 652503494 677208867 680162529 680459618 691109096 702540587 753182514 763831992 775263482
48597232 54309440 89263920 130338773 130598795 136050981 166250680 171005461 171962888 190759200 196471408 206917368 207461261 212340336 231425888 248252243 267856582 272760763 273568790 289202802 308523270 325114709 349623229 349858145 412882168 418594376 426720611 438112938 453548856 494883731 519854479 555766386 571746197 580274906 657372288 802397873
