10
91139114 96542042 115770896 157284069 162686997 181915851 213544299 218947227 227803893 233206821 238176081 252435675 302271886 340723422 346126350 365355204 368416841 424677071 438936665 504376386 509779314 523991742 529008168 551856194 553172942 590136697 619317897 646396927 660656521 675578127 689837721 715509158 773576050 802757250 937229014 966410213
164014985 166787640 217772033 272842556 275615211 309463887 312236542 326599604 363220935 372898496 375671151 406015317 426655544 482812126 485584781 514842888 520081054 522853709 536569174 551464219 553039333 562298811 573838102 614898828 661866904 671126382 698488235 707747713 724812458 761922844 762081386 771182322 871836474 881095952 909105402 918364880
45935431 71398300 77576493 103039362 130559332 162200394 177144737 182291243 207754112 208785799 266915144 313500549 335210882 366851944 378760862 388741525 404223731 420382587 439710729 463384763 465173598 471566694 476292194 501755063 509970168 524334630 525097337 560916095 570920035 607501500 668036313 721566956 728986180 765567645 782516823 819098287
75840162 88554308 104619677 117333823 158911124 179528403 187690639 192242549 250432019 262599365 279211534 296172780 311757327 324471473 324952295 354120260 394828289 399861021 404015837 418525081 431239227 432795352 471856744 484570890 486349184 501596043 507704078 532089945 554927706 593116938 638857699 639933002 646448601 692189362 746700756 800032419
143449552 157470785 206905002 212323404 226344637 242913565 256934798 275778854 306369015 307352523 320904349 334925582 355887260 369908493 371779727 376226375 384359799 406816536 419342710 440653579 471243740 484807320 519790231 524053949 530852639 544873872 549234524 584217435 592927801 594308089 623517962 694755610 701508746 736491657 759182814 911457036
427166985 437992669 444534242 455359926 475393484 482188651 486219168 499555908 507801011 525168268 529601426 530415150 540427110 556027510 584623092 603737928 610235452 621105185 651964427 657905207 675272464 706131706 706172369 707206546 718032230 743906592 754732276 760339648 762228212 787840572 798928258 824540618 883777489 920477535 937944768 974644814
104510858 132187584 241175221 256584542 260090294 268851947 284261268 384982552 395494696 396754657 412163978 416137849 443814575 443904007 472127651 499804377 500461308 521646915 528138034 532159059 537056236 547568380 571717285 580568370 595977691 627707087 656040744 696609543 707121687 752599345 755530998 763111489 780933002 791445146 811520800 839854457
100842228 121226852 125759207 146143831 177684344 179239802 202601323 204156781 316359226 341276205 355743570 376128194 412492665 432585686 432877289 434141144 444448899 464833523 489334781 490890239 516386006 516883037 521291015 522846473 536770630 541800016 571260568 593228122 594783580 628009663 659965897 731903004 771784379 828533474 860489708 932426815
9466749 11451187 41966497 43950935 49239472 51223910 92442457 94426895 183371905 185356343 188530957 221030705 228303680 256575499 271506665 289075247 296348222 339551207 362436113 375297341 386298423 407797089 415070064 418798171 426071146 430480655 458273049 469274131 500957955 502942393 549202497 560203579 680022163 748066705 866788547 877789629
207452489 215569797 265355151 273472459 324739567 331427203 332856875 339901782 353688652 389329865 397662935 397804444 411591314 427086460 435203768 445731736 448714281 453849044 455565597 457188860 470975730 514950013 524874110 532991418 551061174 559535753 569706450 573322623 578181029 591967899 617296906 635942182 648848824 657323403 671110273 715084556
