100
5 5 5 6 6 6 7 7 7 7 7 7 8 9 10 10 10 11 12 12 92299471 92299471 92299471 92299471 92299471 92299471 92299474 92299474 92299476 92299476 343913778 343913779 343913780 343913780 436213244 436213244
212197531 226846837 278302452 292951758 318906408 318965064 326309848 333555714 340959154 345300645 359949951 385069985 425673941 433077381 439746865 452068178 466183501 467889487 482538793 505851786 528904128 532288422 546455742 553859182 572849979 572892378 574657020 580295818 595009049 599286615 635613005 643016445 662007242 695438821 721875457 784596084
4 4 4 4 4 4 6 6 7 7 7 9 9 9 9 9 9 9 11 11 322796574 322796574 322796574 322796576 474412663 474412663 474412663 474412663 474412666 474412666 474412668 474412668 474412668 474412668 797209233 797209233
259634459 325322314 385789286 391408049 414599835 433049640 441653611 492179600 498737495 504484372 557867455 559204467 564823230 570172227 582699572 588015016 615068792 618334427 623953190 630639199 636257962 647144976 648387427 659449748 674198752 675342462 686503524 708854399 714473162 737664948 741030317 764718724 801497289 807116052 830307838 857361614
51698614 208641711 250629573 254320395 262983746 390696583 404663025 407572670 419926843 436616815 437460372 453251354 465605527 481381332 521585236 561606122 589627542 593559912 601981715 607284806 636391331 638324429 639238596 648745504 684003113 720516195 732870368 743660994 775614784 790424783 820379301 822378573 867143090 874549647 906503437 951267953
175348050 230001946 255299131 269356063 283519325 324009959 338173221 349307144 350730219 363470406 398351165 405384115 430681300 463350252 479198241 492359178 506522440 518004148 518538425 530664599 543301333 573192321 573206254 573733334 587369516 598489506 624672612 638835874 654580410 686353367 706046768 741541540 767200443 818666801 822388616 873854973
5 5 5 5 8 8 8 8 9 9 9 9 10 10 10 10 10 10 10 10 269105742 269105742 269105745 269105745 269105746 269105746 269105747 269105747 269105747 269105747 288479718 288479718 288479718 288479718 557585455 557585455
2 2 3 3 4 5 5 5 5 6 6 6 6 7 7 8 8 9 9 10 203154294 203154294 203154294 203154294 203154296 203154296 203154297 203154297 203154298 203154298 330417892 330417893 330417895 330417896 533572183 533572184
75922887 97667964 101932508 123677585 171184796 192929873 266371112 267772009 284743517 292380733 293781630 306488594 361633021 363033918 404896631 430906252 438844156 460589233 475191742 476592639 482213315 500158540 508222936 514164532 535909609 577475224 613717261 629292381 630693278 691033945 704612757 706013654 767817900 843138276 845134584 920454960
115827051 120589983 128193001 132955933 233919251 238682183 301199657 305962589 314202898 326568848 414413206 424531645 426779156 429294577 432295098 477892474 490258424 499575504 509035808 517971757 521401758 522734689 532505406 595984674 599785812 622907492 627128008 663265080 694408414 716347604 723117800 786597068 816557912 817740402 880037180 911180514
79852334 173750407 177193726 271091799 370907490 395838212 441522772 463617199 468248882 485803049 488575515 489736285 538214783 538864164 539953652 560958591 582473588 583144441 632112856 633851725 686893368 757508650 779603077 779630671 801788927 829269939 831008808 850245953 872340380 894526230 899885221 901624090 921979648 923718517 944165498 945904366
160723062 219149818 238035274 284921507 294276539 296462030 343348263 347119804 360718757 371588751 373194713 376224316 418474984 419145513 424432016 431621469 453536528 471318249 494272234 500422761 506748190 539471445 547115499 559591455 561758197 576220011 588695967 597898201 639070409 673024922 685956642 725868187 754972699 761753892 774229848 940506580
77245658 101592607 107139895 121587191 131486844 151481428 231217870 238582857 261112107 268477094 302234730 304544316 314116156 326581679 328891265 338463105 346576263 348885849 358457689 378066241 402413190 405657822 422407774 435552059 456206942 458516528 463571929 465881515 468088368 475453355 532038453 539403440 630646894 632956480 642528320 706478405
78816617 173519419 243512594 249294076 253805185 310999689 346565809 348507987 377795824 418501162 424282644 455278102 472498626 485988257 510952119 515452540 521554377 542491801 548273283 549980904 605654921 609978896 610155342 619974079 625755561 645545016 675648096 680148517 681429578 685929999 687461174 723027294 743135191 747635612 778701311 783201731
28949243 36644929 125914784 127800980 135496666 153744070 161439756 224766521 250709611 252987257 260682943 261338371 269034057 296664569 304360255 309212426 341712035 349952798 358303912 393630110 408064163 434007253 440563772 448850615 466506862 533250440 541601554 547702352 565750049 573645442 574101163 576927752 609427361 672888629 681239743 716565941
397020386 416589731 421112358 425954584 440681703 450046556 450719982 470289327 479654180 521764035 528736802 545856007 548306147 557671000 561614196 575463631 581183541 590548394 619547165 621557753 641127098 643639137 650491951 651496657 653480451 673246761 675588629 686357845 705196253 746301402 751263581 783213073 784140975 816090467 844084532 876034024
138445930 144016425 162866133 173505364 178159520 183730015 202579723 211665584 213218954 216359341 221929836 240779544 251379174 251418775 289578995 304902607 310473102 329322810 339962041 372425152 377995647 378122261 396845355 402409016 407484586 407979511 426829219 437468450 445644806 474700860 475628670 514414450 552614271 641157537 708680082 738663946
3 5 5 6 6 6 7 8 8 8 8 8 9 9 10 10 10 10 11 12 193799580 193799583 193799583 193799585 433141781 433141781 433141783 433141783 433141783 433141783 433141784 433141784 433141785 433141785 626941358 626941358
4 5 5 5 6 6 6 6 7 7 7 7 8 8 8 8 9 9 10 11 136424461 136424462 136424463 136424464 374300878 374300878 374300879 374300879 374300879 374300879 374300880 374300880 374300882 374300882 510725334 510725335
79324136 238317378 245160572 290318884 382227888 404153814 413306850 429307881 435665925 449312126 516863991 529505682 543194170 548064324 572300092 593222636 595144317 601502361 640302629 646660673 682700427 688498924 702187412 716210602 727858739 763290595 769648639 832409434 846097922 850846705 879489427 885847471 893177915 899535959 967045537 980734024
87210897 208953511 217602962 258578026 309223894 318258644 329508538 339345576 371200271 373117108 388970091 430966508 440614049 448650709 451251152 480591023 492942885 494859722 500875667 536051575 540271641 542567400 544484237 560556285 571006114 602248018 604164855 662627046 666443640 682911690 724603423 726520260 758064572 778349216 820040949 821957786
105009840 114124327 161413066 170527553 190190096 246593322 328454757 384857983 401687084 410801571 442455158 443241290 451569645 455434493 464548980 486867340 492004851 499644516 527635414 540614749 548408077 564234599 573349086 625132001 649414855 665900075 678879410 739918534 780686608 787679516 788682095 793665943 829450169 842429504 902466049 951229610
3 3 3 3 4 4 6 6 6 6 6 6 7 7 7 7 8 9 9 10 254632081 254632081 254632082 254632084 394717428 394717428 394717428 394717428 394717431 394717431 394717431 394717431 394717432 394717432 649349506 649349506
66790510 84007143 163940538 203848250 244094893 261311526 277097965 279041063 296257696 341244921 376191091 379188819 381152633 396405452 416098803 420321641 437538274 454402348 471359467 476338847 488576100 489348518 516246559 517471669 557379381 558392738 568509495 589496274 608417207 630629096 681666922 735697121 770643291 870791047 911923869 962961695
117366928 174257001 179276820 200489495 216315142 236166893 257379568 273205215 279923551 308398993 319177077 336813624 370308885 381086969 391521560 402299644 407347207 411260351 418125291 443370130 470955616 473170243 481733700 494382918 505280022 510208565 526492697 542318344 564542067 573816974 605926753 621432140 755574132 766352216 858435490 890545269
8 8 8 8 8 8 9 9 10 10 10 10 10 10 10 10 10 11 11 11 194922188 194922188 194922188 194922188 194922190 194922190 194922190 194922190 194922190 194922190 410831171 410831171 410831171 410831172 605753351 605753351
92520946 104562325 162129882 259221040 271262419 328065982 328829976 344389538 383719113 389845355 395760492 401514945 401886734 417891186 429932565 453328049 459454291 487500122 494766076 511089632 518893366 530934745 568215039 588502302 619264149 625390391 635587705 641713947 653436222 669759778 692713112 698839354 726885185 754438402 770761958 827887365
13305399 14784573 65309411 146994127 148473301 168723942 170203116 198998139 205706862 207186036 220727954 231027940 257710874 346446141 347925315 364716668 386446483 386523980 388003154 398450153 423429403 431890628 438527992 467850288 564168682 565579356 587309171 601539016 604246521 623268831 624292091 660251751 765031370 800991030 805109209 841068869
232110131 275704095 282110401 325704365 375258594 399517343 425258864 426969510 443111307 459338528 476969780 509338798 519658117 538849700 542665806 565678212 569658387 582443664 594333435 594376722 609272176 626745740 637927399 681998163 687065329 708826675 733709079 737481898 760537591 766078097 789192814 792906609 821561832 826397686 853226198 881881421
187296923 230841994 283977210 290818227 291770565 327522281 334363298 361851204 388450852 395291869 434253578 451218189 458531491 458766356 465372508 471057772 494763260 502311427 514602843 530933865 537774882 555691831 563239998 575531414 598739184 625772470 633320637 645612053 695419471 698174844 702260488 705723011 718014427 862660450 870208617 882500033
2 2 4 4 5 6 7 7 7 7 7 7 7 8 10 10 10 11 11 11 375739568 375739568 375739571 375739572 430851081 430851081 430851083 430851083 430851086 430851086 430851086 430851086 430851086 430851086 806590647 806590647
206576778 244601505 251159017 270960891 310116213 341249172 348140940 354698452 368296565 374500326 406321292 412878804 419415994 431414871 432680678 444788607 465754342 469439598 475997110 495798984 502968959 503779069 510336581 522955429 530138455 566087265 581135781 600426736 620500334 644254087 658525061 665082573 678593558 684884447 755172728 833339550
257323499 270962762 287652043 320767498 337881756 343694497 352874270 366513533 383202814 416318269 429119186 433432527 439245268 442758449 459447730 468467956 482107219 492563185 498796500 509677443 515490184 531911955 549026213 554838954 580459421 594098684 610787965 643903420 661017678 666830419 700010703 713649966 730339247 763454702 780568960 786381701
33166036 49312992 75366260 95650086 111797042 119891313 134328803 136038269 137850310 150475759 162091537 176529027 184116044 221111746 246600094 265377321 270841321 280109143 283595796 285278811 296256099 307837023 322274513 322309367 327861371 352102598 366540088 431059151 468054853 487512202 503659158 512320428 529712426 638462210 675457912 719723487
247938872 266582790 277470003 287858489 296113921 317389620 340049084 346902789 369580215 376433920 526278889 549816851 555810020 568460769 587232142 589736468 590892173 605876060 609536091 618525261 627151759 630811790 637169179 641927063 648780768 658444878 679342354 683002385 686196059 689856090 710635473 717489178 828156868 865572159 869232190 896865278
188253757 206392600 241139062 259277905 351406653 404291958 410070653 428209496 447116975 453988157 500002280 506873462 523419137 557828799 573223549 574641556 575967642 576304442 592780399 628651878 646790721 668933871 675805053 720981695 737794452 745236033 791804774 816692017 823563199 833504774 840375956 887515096 892994179 894386278 909806936 963817257
254522008 259292488 265879403 266533860 270649883 277891255 318227482 322997962 330239334 347247588 358604983 359752003 371109398 410953062 423457477 463862278 468632758 475874130 504411303 506392939 509181783 511163419 516423155 518404791 544529560 555886955 556587858 569092273 597136883 599118519 608235034 609641298 611622934 753869830 794418855 796400491
244351236 254137209 285451811 290877355 295237784 300663328 360760202 364359879 387214923 387314430 393229059 398147192 401860777 403015032 405460454 407286321 407933165 410885998 428315498 428415005 433741042 433840549 509638025 513237702 514556158 518155835 530022471 536092746 536192253 539808444 541010879 541110386 646431437 650031114 672886158 672985665
81368020 125601439 136468167 147916496 152904025 180701586 192149915 208004172 214391269 219452501 269491416 280939745 302984569 318928301 347217988 350725238 374028448 374520574 385476777 405825385 410403456 417273714 436007818 441897185 454636875 481939461 486130604 513433190 540544850 543426705 572341787 574920434 647963737 679457466 679760674 711254403
93849027 165043464 172799663 190395751 195421267 207358184 261590188 266615704 269346387 274371903 278552621 286308820 342193462 438740186 443765702 453974247 455702619 505489478 528796217 550520971 555546487 567109170 567483404 599990654 602036202 607061718 607746853 618998635 638303607 646059806 777140652 815453605 888921437 927234390 940436668 978749621
268601931 304741014 320095257 340280095 341287853 353623195 356234340 358696379 377426936 389762278 391773421 394835462 412966017 425301359 430374543 443537748 454446524 490585607 495031074 497580406 516223670 526124688 528559012 533632196 549073732 570266328 582601670 587674854 629382341 651267551 683424999 702760877 723953473 736288815 741361999 837112144
139918045 274285681 287907282 339246303 379189520 394817735 394967885 422274918 422506891 463836960 473613939 492185014 513557156 520621626 542806972 542957122 570496128 594145993 594296143 611826197 621835149 626552650 634089210 634239360 654989262 661778366 663165218 703108435 747084704 747234854 774773860 775521316 775671466 803210472 816103929 844540541
133698925 141462683 151456227 159219985 234289335 242053093 261441580 269205338 303876403 321633705 349940496 367697798 374280419 382044177 404466813 431619058 442504282 450530906 451584584 459348342 460261584 477683151 522886137 540643439 543094692 544457897 570246937 590521990 621762062 623476547 650628792 667826155 683085776 760389941 763467631 840771796
3 4 4 5 5 6 6 6 6 6 7 7 7 7 8 8 9 9 9 9 238697537 238697537 238697538 238697538 238697539 238697539 238697540 238697540 238697540 238697540 467396476 467396477 467396479 467396479 706094009 706094010
320091842 346745705 393805337 419642695 432210285 446296558 493356190 509946699 531761138 563415685 578813686 601978795 605467549 609497552 628632658 638042611 652527181 660325607 662966538 664696474 675692290 686979470 690932129 711756106 714097238 734039102 750161054 768668543 772444050 791833652 822137529 827897468 845302638 850180464 881366454 903649450
127508135 182882175 206184419 261558459 278205460 279438183 293700101 306609781 316222961 333579500 337411684 349074141 358114467 385286065 394899245 416087968 430135508 445630149 457307106 466920286 472801747 482414927 488109009 503603650 573410756 614202676 628784796 669576716 725340804 752512402 762125582 766132724 783314305 793304322 802917502 824106225
6834056 132984758 146346612 205038357 282399948 298351991 331189059 344550913 379736891 394380706 419688422 425832555 470518995 480604249 496556292 505887593 519249447 545839124 551983257 559200978 565345111 592585007 596669697 610031551 655302783 671254826 695254314 701398447 711206357 717350490 746084887 762036930 767283541 807235072 813379205 858065645
90437439 120744799 184886296 189165163 199762377 215193656 219472523 244968188 266304377 275275548 294211234 296611737 297635279 298490101 335293479 344438337 354293126 365600839 375629315 387018431 392084136 396363003 438887194 443166061 444618417 452166028 473502217 481467288 485746155 498969086 520305275 541549180 542491319 562885369 589294377 631874471
85006453 156473441 175433068 246900056 270751340 277838083 289395456 289941035 349305071 361177955 361408023 367694849 379822071 408418457 458121464 463582970 464426443 475685922 482227086 494330038 498845072 519567450 535893431 560526479 572629431 591034438 601250087 613353039 650171330 668815446 705312337 723956453 747114839 787838447 802255846 842979454
179672112 210532875 216442276 229600155 237626424 247303039 250428337 266370319 274396588 275502088 281289100 300356380 308382649 312272252 346258313 346523020 352485113 369306256 377383783 389255277 396451063 400167019 404477332 419234299 423241338 427260568 442352996 455889713 465136232 486750476 505817756 513844025 519336021 542119257 551719689 628702714
2 2 2 2 3 3 5 5 6 6 7 7 7 7 8 8 10 10 11 11 82104601 82104601 82104601 82104601 82104602 82104602 82104604 82104604 82104605 82104605 235910021 235910021 235910026 235910026 318014620 318014620
19009629 60390419 178031999 179081177 179903008 214551724 220461967 221283798 255932514 294396280 328342048 330188429 338103547 338925378 345151268 371569219 373574094 404821622 446202412 454467828 455289659 488413596 489210799 489235427 489938375 505222816 506044647 523884143 540693363 563843992 605575080 639520848 656330068 680208273 714154041 730963261
89043079 117587095 119864415 126648092 155192108 157469428 170409907 198953923 201231243 241759216 279364229 323126044 422716938 453304907 460321951 471587906 474745485 490909920 500131922 502409242 503289501 504083766 505566821 534671735 581416783 609960799 612238119 624304043 627461622 734132920 805261765 808419344 835849734 839007313 915090642 945678611
183027671 251049540 299845174 343915857 414969025 470364713 482990894 506568283 531786528 551408210 555797736 564115603 575857211 619430079 622083191 623819605 632137472 668225713 672615239 680933106 690105060 702306067 712296396 716685922 725003789 738509637 738900694 782971377 838745252 843134778 851452645 874948822 879338348 887656215 909420233 945623802
4 6 7 7 8 8 8 8 9 10 10 10 11 11 11 11 12 12 12 12 71941134 71941134 71941136 71941136 71941137 71941137 71941138 71941138 71941138 71941138 78747462 78747465 78747466 78747466 150688592 150688592
2 3 4 4 4 5 5 5 5 6 6 6 6 7 7 7 8 8 8 9 23945228 23945230 23945230 23945231 413588445 413588445 413588446 413588446 413588447 413588447 413588448 413588448 413588449 413588449 437533671 437533671
175746694 219252432 299567771 354351052 371119540 394824484 397856790 414625278 449509215 456945968 478172129 493014953 493158494 494940617 502086045 536664232 573330292 573428842 590197330 593269329 616979571 635550326 636775067 652318814 668587005 680690403 697458891 712236284 717090406 730708489 774357768 775848566 812347119 819497845 874468603 919608680
89131219 94680048 101668417 103131477 105875932 107217246 108680306 118413130 119876190 137911361 143460190 154656074 168191010 180728208 182191268 216971152 238417530 243966359 255162243 317477321 335272060 347809258 349272318 363708698 369257527 380453411 384052202 442768489 484558371 532120555 544657753 546120813 580900697 609849539 681406866 806698034
230153805 264193921 269643364 303683480 388621403 408013996 422661519 447503555 458228565 467847588 476521975 492268681 494864541 507337147 516011534 534354100 566481594 602487744 605385118 626315186 634989573 636088756 636527860 639425234 653332139 695922348 704596735 722939301 780347935 783245309 840181527 843078901 848855914 851753288 867198480 870095854
62187826 64183754 100530547 102526475 138600367 140596295 174398101 212740822 250810642 283426918 321769639 330153819 359839459 368496540 372292241 374288169 388019156 390015084 390449503 406566360 428792224 449715239 451711167 466862044 484502516 500229431 561925514 593531333 609258248 640258234 655985149 670954331 700553918 716280833 717681232 777976916
127945614 148396519 150722816 268315285 323040479 323669894 343491384 344120799 345817681 346447096 387542440 407993345 410319642 445259459 463410150 464039565 467334052 487784957 490111254 498270977 518721882 520013963 521048179 527912111 607703723 638640648 640354324 640983739 704856285 715108828 715738243 779610789 784647897 815584822 859402401 890339325
2 3 4 4 6 7 7 7 8 8 8 9 9 9 9 9 9 11 11 11 84815937 84815937 84815938 84815938 84815939 84815939 84815939 84815939 84815941 84815941 357515717 357515722 357515722 357515722 442331651 442331652
285253678 341163395 347423406 394094795 450756608 506666325 512926336 552646111 559597725 569842277 570614327 571739835 603782707 625751994 627649552 632012005 633909563 659692424 665952435 674726853 678683394 680580952 712623824 718149041 730636570 736117257 736896581 783567970 837234710 839132268 855202926 857100484 871175140 889143356 942119286 960087501
82346784 188861183 255457450 260661732 313651130 361971849 373375845 374264180 389232488 406267974 420165529 433772398 443849742 479890244 491966078 495746887 518704183 547374846 550364141 551690793 567547436 579378640 605568526 622164690 637572320 665293241 681149884 691814849 697297035 713153678 735767138 750008529 767770932 809733244 825589887 880207140
77606668 89375613 216214580 216610957 227983525 256411879 268180824 269112763 271190441 282959386 344866390 355218869 356618896 395416168 403309245 407720675 410194730 415078190 446450980 447917974 458219925 462696536 483474302 495226808 523671601 535424107 538450163 542313534 550202669 585455269 594815340 637957075 670568967 682321473 713710702 725463208
4 4 5 5 6 6 6 7 7 7 8 8 9 9 9 10 10 11 11 12 349489130 349489130 349489130 349489130 349489132 349489132 349489134 349489134 349489135 349489135 473482447 473482448 473482449 473482450 822971573 822971573
172277025 191228306 279964243 298915524 378447406 429832669 436874230 443489437 448783950 462440718 462839915 472537435 486134624 487774718 491488716 544561448 570527133 587543510 595461936 606494791 636003050 649659818 678707816 694429874 708086642 720395559 734052327 737134640 745330362 758987130 763100325 788035128 793713891 852140715 878106400 903041202
200492544 269291430 280310405 296462250 308786470 328995110 349109291 365261136 388604331 402687138 403292554 404756176 408812971 424964816 471486024 472091440 510981064 511586480 513945434 520320362 531189704 531795120 536472255 589119248 593763295 609915140 616290116 628614288 632441961 648822928 716140028 716745444 738666849 739272265 833773252 856300073
192867861 225717885 240295882 245023189 282276135 315126159 329704156 334431463 379759039 412609063 427187060 431914367 477408509 484514155 493309163 517364179 521384828 526159187 531942176 536669483 539217440 540737184 545464491 554234852 566816783 568812849 573540156 628625714 664299687 726108618 769054803 777849811 805925476 830863734 839658742 867734406
4 4 4 4 4 4 6 6 6 6 6 6 8 8 9 9 10 10 11 11 10409201 10409201 10409203 10409203 160315948 160315948 160315948 160315948 160315948 160315948 160315952 160315952 160315953 160315953 170725145 170725145
107081401 152952212 159982832 205853643 217543285 246791161 270444716 280679719 281908475 292661972 293317551 327779286 333581150 346218982 357253045 386775847 392370359 420389479 427180677 432646658 433027311 455506793 468144625 473051488 497237731 515883377 537642561 560374165 568784808 573011997 600778995 613416827 655593137 690710451 795577823 835982652
3 4 4 5 5 5 6 6 7 8 8 8 9 9 9 9 10 10 10 10 187036007 187036008 187036009 187036009 310870543 310870543 310870544 310870544 310870547 310870547 310870548 310870548 310870548 310870548 497906547 497906547
215152852 265688912 297772128 345405166 391699015 395941226 400208550 423790958 428024442 442235075 462738288 474318291 479629398 530165458 530460864 554043272 562248674 576754713 592990602 600337121 619171344 622551667 639284451 664685096 669707404 673087727 688267504 701790620 705170943 727214834 804227042 807607365 827809450 831189773 866756780 870137102
190215163 190241003 205154272 230232029 230257869 245171138 281471053 321487919 330328518 330354358 345267627 388366499 388392339 403305608 421584408 440840989 440866829 455780098 479622389 496551039 496576879 501676806 511490148 532096879 541693672 545677027 585693893 587806929 641790161 685790382 699828142 743828363 752302632 796302853 808012682 852012903
35560469 60613149 77869090 136752785 161805465 179061406 185838703 214598872 216039816 225151211 241092496 258348437 287031019 315791188 326343527 349455262 366318050 374507942 391763883 395078219 403102965 405630558 428155645 445411586 474995200 499733496 500047880 517303821 528493665 539046004 553381199 582141368 592693707 625273434 654033603 664585942
125275972 254657300 294384559 303748353 348485949 351562682 418364020 427234106 433129681 441803582 445623403 468761050 472856940 526958330 530035063 547745348 571184910 575004731 587472607 598142378 605706487 610912169 614731990 637869637 641573997 644650730 665013559 668090292 668833380 671910113 691971027 695047760 720322154 743761716 747581537 770719184
258996160 281685997 305567769 328257606 341095727 347345135 363785564 374744123 393916744 397433960 421742033 429444702 444431870 463093098 470177433 510091008 511808016 516749042 534497853 552277000 585925396 595101352 600156991 632923306 641672961 677200919 710849315 719504402 722989289 757847225 766076011 801603969 835252365 847913208 882250275 972316258
62645729 108402175 276144812 283570246 286043123 318205364 329326692 334890031 347329102 363961810 375577709 377864859 421334155 423621305 472549776 497069329 506967640 518306222 531704447 541602758 555814548 568253619 589076792 590449666 591363942 598975103 601262253 602888737 647822011 650109161 660261082 662548232 686048859 695947170 744794078 757233149
406187851 424771181 450049128 459741592 468632458 485701585 503602869 509654522 528207248 529562862 544478249 553515799 563061579 572068525 598031990 611919289 623991983 630502619 647944920 665473030 666497646 691433023 697643952 715385960 716227282 733938686 751197693 777157686 790489635 801110623 809072965 819663349 844043376 870003369 893956306 912509032
2 2 2 2 3 4 4 4 4 5 6 6 6 6 7 7 7 7 7 8 42766431 42766433 42766435 42766436 300560219 300560219 300560219 300560219 300560219 300560219 300560219 300560219 300560220 300560220 343326647 343326648
97700900 111910984 137739015 151949099 181558225 221596340 235020092 275058207 308707751 315455932 322917835 337784049 351994133 355494047 392565076 421641374 446026943 475103241 514289760 515942686 526462783 528499844 530152770 531567184 555539081 571605299 598147085 599800011 651608952 653261878 732044792 733697718 742574035 771650333 948156044 949808969
92020953 149358881 157721780 215059708 274909961 297774189 329345263 331619183 340610788 363475016 386683191 397320010 440145352 490810339 494859124 497483280 512234271 515604982 535098499 548148267 560559951 568943493 572942910 623034360 645898588 673699347 679743582 696563575 698493990 721358218 730408569 732183434 755203212 842983523 893648510 918443153
182882717 199732012 207899240 221893038 224748535 238742333 278212665 303229188 317222986 326938776 343788071 381776040 406792563 407897632 420786361 422268724 432914155 446907953 454276003 471125298 524062999 525832099 549079522 549605951 551953691 563073320 612617736 629467031 653169326 668119058 679290918 707947684 795456285 811511059 837632651 953798017
294200729 344898877 397596674 398563415 465244015 471412219 473982292 515942163 521853514 568639960 569606701 572551662 625249459 626216200 642455505 643965793 645025578 647092407 694663941 697790555 699065004 701635077 747361738 748328479 750488352 751455093 755717195 806415343 821177283 823747356 824303897 826873970 859113140 860079881 932928685 935498758
42121902 90988047 160617739 169210696 174081003 208735111 209483884 222947148 223485222 257601256 272351367 287706533 301169797 311582185 335823905 340018900 350574016 430078022 443541286 458514737 471978001 478195394 492945505 496632677 500355883 506632109 521382220 549222028 615128514 627444677 628591778 663245886 677995997 769816166 798252881 954866658
139763747 150525865 163303085 174065203 182687503 193449621 204433200 215195318 216697781 240237119 259621537 281367234 344307221 362064122 367846559 372826240 374123614 387230977 397662952 408976674 417047370 421674360 438793067 438998156 445213698 456055534 464598116 466817652 486343813 532989568 566607596 596423989 643974735 660599008 690415401 737966146
105913246 183374610 221620989 293405366 298291808 304602879 374160906 382064243 385339943 389498052 420310622 451622270 462801307 466959416 471025211 472142353 489868649 492094999 496981441 501047686 505205795 548486575 561653026 566539468 572832063 576990172 577718505 581876614 586732954 658517331 663403773 670831986 740390013 751569050 755727159 837254318
2 3 3 3 4 4 4 5 6 7 7 7 7 8 8 8 8 8 9 9 171095815 171095815 171095816 171095816 171095819 171095819 171095820 171095820 171095820 171095820 196628568 196628569 196628569 196628570 367724381 367724381
2 3 3 4 4 4 5 5 5 6 6 6 7 7 7 7 8 8 8 8 54876025 54876026 54876027 54876027 143587641 143587641 143587642 143587642 143587644 143587644 143587645 143587645 143587645 143587645 198463664 198463664
79057128 95265546 122730718 160758808 176967226 204432398 270237985 286446403 305412309 313911575 347020874 354876993 363229292 371085411 387113989 390694464 398550583 409114948 445661545 461929524 478137942 490816628 496593166 505603114 527363225 573376055 581232174 600295805 636842402 677078694 684934813 688284705 713625291 721481410 791987344 828533941
157058247 171328604 215144802 229415159 243807513 258077870 379957009 394227366 423404521 437674878 450888845 465159202 527886317 531438407 541461051 576866876 585972872 589524962 599547606 614635583 618187673 628210317 634953431 663616142 750785079 754337169 764359813 794232591 797784681 799765638 807807325 821716915 825269005 835291649 843213150 870697474
87683982 111853358 135264537 135590691 146944003 171113379 186413734 194524558 194850712 221691480 223492646 245673755 245860856 247662022 269272035 269598189 271073201 271399355 320421232 322222398 377961384 437221405 441871667 466041043 489452222 489778376 500085902 511968882 513770048 524255278 540601419 547666457 547992611 598815654 732149069 790363304
315563288 341178575 347026454 350635234 376250521 381492213 382098400 416564159 474404958 497868744 509476904 514605651 523484031 529331910 549677597 563797669 630477761 636509808 656093048 656710414 661940927 662125095 667972974 696406686 696911107 702438733 736612594 762227881 768075760 789319431 795351478 802541519 829520124 835552171 895454264 935654957
64203759 139353875 191011258 193566954 268717070 292911537 312500545 320374453 320600660 326527257 395750776 401397103 401677373 422274732 441863740 447408159 453334756 476547219 494045801 528204602 549308438 553505515 555235035 568897446 574824043 623408996 628655631 630104881 649693889 680313014 750442702 756369299 782213293 801802301 831239145 983347557
95507043 152103863 184740440 298245026 359878502 405811324 416475322 449111899 468506577 474748421 491457964 496891043 525103397 528228975 548054784 553487863 557739974 562616485 580691361 584825795 586124440 617462372 670182783 671244560 694195947 699629026 730966958 739119880 778810858 801762245 807195324 838533256 847747955 870699342 876132421 907470353
293071837 365480513 379831610 407333400 419535897 444340903 452240286 494093173 506295670 531100676 534490920 535251132 541363735 606899596 607659808 613962011 628123508 648752483 649512695 652301657 660954980 661715192 685759986 686370687 686520198 724710333 728223574 740426071 765231077 766563220 778765717 782782818 783543030 803570723 862253909 900593555
49688374 231870341 239593164 262598241 288970325 301570657 307691558 323536538 346343589 395477604 444780208 452503031 483752624 491475447 495924048 501880192 520601425 528525556 536248379 536446405 540852608 559573841 575418821 577659571 585382394 585625540 604346773 620191753 634759555 653480788 669325768 678106015 685828838 735205999 753927232 769772212
144516678 236227406 236755221 240991306 257985555 312827592 328465949 332702034 349696283 353635013 358153074 386827414 405066135 409302220 426296469 445873556 449863802 450109641 454534474 467103890 479065957 483302042 485734206 500296291 526463988 546245202 567271409 577972749 582208834 599203083 600463810 622845388 663652809 696845210 699370602 795752002
150173484 199214943 235762875 264708472 288306576 313749931 313963006 350297863 363004465 399552397 402841564 420446139 433176337 452096098 482217796 502778599 518765728 528460554 534981127 537260029 571309429 577502013 584235661 586301488 614049945 617313587 622849420 666568121 666593646 675393121 703448992 785781452 798733209 807532684 881065669 889865143
5690078 227104381 308077922 319759149 327391855 333628850 369737502 416303896 468648058 489669773 491454734 529492225 541173452 548806158 555043153 672125346 683806573 691439279 697676274 712869037 718691740 730372967 738005673 744242668 771035902 782717129 790349835 792057617 796586830 803738844 811371550 817608545 855502158 902068552 954412714 975434429
