100
127795715 145203229 151323062 168730576 178402430 200390477 201929777 208814161 223917824 232341508 254761581 272169095 273760643 291168157 305368296 324367358 327356343 331280779 335780027 346355405 348688293 354779089 381887494 403875541 412299225 462855394 480262908 485817007 509344354 513462109 535450156 543873840 612782873 631781935 689302071 820876685
121554608 136356456 139825930 151927428 154623826 177866288 192668136 196137610 207676704 208239108 210935506 222478552 225948026 230049260 238049524 240745922 244851108 248320582 260422080 263118478 312135899 322462116 326937747 330407221 337263964 340733438 342508719 345205117 352834936 355531334 356152251 412463931 442274347 464646903 546733542 557059758
2 4 4 5 6 6 6 7 7 7 8 8 8 8 9 10 10 10 11 11 54447208 54447211 54447212 54447212 338784142 338784142 338784144 338784144 338784144 338784144 338784146 338784146 338784147 338784147 393231347 393231348
44911476 178330345 290394589 290842247 295507977 328401312 329239879 333415468 364245707 375521754 419669884 423813458 428926846 461820181 508940623 536325360 541438748 553088753 574332083 574722992 578898581 579836380 584011969 609728820 612729715 614842208 616905304 621452525 647735543 659850157 664025746 665600655 694855985 703998287 708173876 739004114
21794106 33275575 70996863 82478332 146664702 176412730 181532445 187894199 193013914 195867459 200256185 211737654 212657806 221412764 232894233 261860563 289401157 300448441 301283326 306403041 325126781 338603914 346283360 349651198 367276430 372396145 391119885 412276464 444019781 449139496 455067065 460186780 467863236 478910520 489019815 500067098
119036888 133015329 139351803 162903876 172183332 198191003 212169444 218505918 242057991 251337447 307265241 321243682 322565074 327580156 336543515 342879989 351132229 351693668 360411685 366432062 370660561 375711518 384639002 390975476 414527549 423807005 430847783 539922021 544753625 555221854 558732066 565068540 588620613 597900069 603317341 777410404
222159867 253308259 254918721 311558613 314281587 332083870 341734819 342707005 344317467 403680333 421482616 431133565 472866054 504014446 505624908 517478173 548626565 550237027 564987774 582790057 585039232 592441006 609599893 616187624 617798086 627402176 637053125 665998100 677160952 694963235 697146492 698756954 704614184 758119820 775922103 785573051
218388024 231610497 234534863 247757336 263752667 276975140 373709974 375458226 389856813 391605065 419074617 420822869 436749506 449971979 453124394 466346867 512095929 520199573 528242768 533422046 557460572 592071456 593819708 608446344 610194596 637650706 653797545 675521523 677269775 683015349 730457411 746832299 813907478 856012188 872387076 939462254
7594894 38311079 76566645 123365183 188794463 189222172 189735472 219510648 257766214 259461640 290177825 304564752 328433391 362683898 366272392 368767789 370421741 370935041 375231929 393400083 396988577 399483974 431655649 435244143 437739540 441088918 441602218 478454187 482042681 484538078 544311176 544824476 547899670 548412970 550395067 550908366
245405373 349616497 357121114 362852318 373155236 446634605 458559366 461332238 464819309 474568059 477366360 477755475 490602181 546491421 550845729 564081550 569030433 570275107 581966599 582266254 586309229 595202420 604714452 658207162 659788598 674241284 677973302 690909468 716430193 732464315 747720653 765905357 778841523 805943684 824128388 837064553
2 3 4 4 5 5 5 6 6 6 6 7 7 7 7 8 8 8 9 9 118485612 118485613 118485614 118485615 354155980 354155980 354155982 354155982 354155983 354155983 354155984 354155984 354155984 354155984 472641589 472641590
110814436 143532296 149184982 163856162 181902842 189280042 202226708 227650588 243288656 281659202 284092767 316810627 323109976 324078063 337134493 345770838 355827836 362448609 362558373 376151702 378488698 398812564 401575582 416566987 424236444 455584196 466592036 478245058 497356394 499309896 519633762 536373603 545057642 559034465 599066256 679855662
2 3 3 5 6 7 7 7 7 7 8 8 8 8 9 10 10 11 12 12 289934829 289934833 289934834 289934834 378955434 378955434 378955435 378955435 378955435 378955435 378955437 378955437 378955439 378955439 668890260 668890261
3 3 4 4 4 5 5 5 5 6 6 6 6 7 7 8 8 9 10 11 151113851 151113852 151113853 151113854 457380446 457380446 457380446 457380446 457380447 457380447 457380448 457380448 457380451 457380451 608494293 608494294
20072044 21856043 73664285 75448284 79208436 100447287 132800677 154039528 206211717 207995716 265348109 286586960 302744819 350531404 352315403 356337060 379768075 409667796 430906647 433360316 477994379 479778378 488884492 489699744 491483743 537130771 548836136 558369622 565907748 570074987 633204179 710227435 760667154 772372519 837690410 849395774
335746170 345575262 354392707 364221799 453874078 472520615 510038904 528685441 528813045 538642137 558810658 561314821 571143913 577457195 585510162 595339254 611040532 629687069 646940953 679442729 702883065 703105779 703638070 712712157 735607555 751877533 759802896 784379309 804107407 808574650 821010973 836609183 860804524 877175799 925947553 978177426
120401671 141279021 159381230 180258580 225444524 246321874 264656096 280815690 285533446 301693040 309467906 348447465 414510759 453722331 463565982 469881925 492022447 502545541 517021418 521800960 531002006 537898768 560780519 568608835 597065300 607820407 623980001 626843813 636276872 652436466 666055385 682214979 706087653 860185729 888642194 918420706
5 6 7 7 7 7 8 8 8 8 8 10 10 10 10 10 12 12 12 12 184401140 184401141 184401143 184401145 334332934 334332934 334332936 334332936 334332936 334332936 334332936 334332936 334332936 334332936 518734068 518734069
237403671 282937953 291048299 292063047 336582581 345707675 410110197 413842633 437711385 438307451 441309761 455644479 464769573 467487261 474136519 483245667 483841733 486844043 492370761 492966827 494445614 495969137 527781147 548090242 586549159 614150347 614746413 617748723 646843045 667152140 674444233 675040299 678042609 694753328 695349394 698351703
239054765 279345685 326382301 326605282 349796748 366896202 390087668 413932818 420240726 437124284 437326046 460531646 480866424 483342777 507568262 521157344 524876563 548068029 548122423 568193960 570893294 588413343 594084760 618512007 635449959 662051288 664528738 679137705 725154436 746393704 749601805 772793271 792410435 843237249 903862947 971118945
2 2 3 4 4 4 5 5 5 6 6 6 6 7 7 7 8 9 10 11 24138950 24138952 24138953 24138954 35245813 35245813 35245813 35245813 35245814 35245814 35245815 35245815 35245818 35245818 59384760 59384761
227600869 255514238 291914444 292966481 304349414 319827813 320879850 368662989 369715026 394891212 422804581 430352753 454114583 471639757 477512236 482027952 494666328 495718365 529489367 530863128 541825811 542877848 557402736 565682362 597643096 606237912 629995937 631047974 644802579 656866467 704025950 732241251 732972705 779400734 792196076 867570859
208929016 239804222 262162053 293037259 303003987 304034682 333879193 357267719 398109653 442329831 447760860 478636066 487385105 488576178 495562868 530770344 536404802 540618142 541809215 542866526 553368924 561645550 581460076 582651149 584244130 625876010 648474590 681161675 726216949 727408022 764171159 786769739 809226433 810417506 831825013 833016085
146529682 153690793 327362939 334524050 356057303 363218414 370517915 374104669 383336989 386896246 390498100 394057357 409916574 466626646 479272717 486433828 551351172 554937926 580045536 583632290 590749831 607325222 610884479 610911976 614471233 619444195 646723881 647459903 650283138 676154267 703260950 703433953 706847704 706993210 742659609 799369680
75380598 97063946 166446458 182611230 188129806 188858616 209246682 210541964 230930030 244881535 266564883 273677090 296089248 316477314 350792707 352112167 372476055 384337910 443134708 458023339 475403770 497815928 518203994 522021647 534200568 553838847 556612726 577000792 612635645 613087507 635499665 655887731 659750019 691522584 718546817 797433755
72521444 79132347 140034672 188950173 244745632 251356535 273079797 273944971 312258860 361174361 383624048 390234951 409883129 416494032 434556953 441167856 445303985 446169159 447877171 451137276 454488074 477396357 500052777 502070181 515390399 526311858 550985682 564305900 584182401 585047575 610441482 611306656 635115306 635980480 648435524 649300697
433114348 466056357 492661113 493485273 511876386 544345096 544818395 553248685 558395410 568260626 571423151 572247311 577287105 591337419 601202635 603891861 604716021 609503493 617942175 618766335 627807391 628631551 632010723 642445502 662986430 664479433 669050258 669874418 678529747 688394963 729637830 741748468 774217178 788267492 798132708 839375574
110552812 153699952 215101525 258248665 397907175 399046316 433796254 441054315 442193456 469515925 476137348 476943394 498906796 513170063 519284488 553079188 574064638 603455509 617718776 657627901 756870288 758009429 786261159 787400300 792759367 800524426 801663567 822150238 835100461 836413505 840433551 841572692 864491332 876322630 878754599 918663723
97323583 120995141 145488999 169160557 204881751 208190566 228553309 231862124 279318614 327484030 386876782 387366087 390185597 414905001 435531503 438576559 443699556 491864972 494924255 498233070 501317060 523105920 546777478 549482476 551257724 554566539 596900032 608875228 612184043 704947505 705100951 761280974 813148424 818898478 869481893 927099396
16060591 50175430 53664452 147774115 154327987 175157575 181888954 185377976 188442826 191931848 203836644 209272414 212761436 316184103 335550168 342104040 345756638 351819535 362933628 379871477 383360499 385934374 389423396 410136285 447897627 454451499 475281087 533532691 539595588 541849809 548403681 569233269 645880150 651943047 739832332 745895228
24431453 32087785 215770068 346634780 381748781 389405113 403962082 411618414 434234033 459755749 467412081 480741688 488398020 493747014 498496427 506152759 573087396 595300697 651094364 672080303 689835042 703952108 726165409 781959076 791551361 802945015 813764662 820699754 851064342 869558329 873277643 890544268 908299007 929071310 950057249 967811987
64117180 79618450 115245360 125519802 141021072 161400646 176647982 176901916 203491476 212528826 218992746 254619656 329006397 332657922 344507667 365224823 380134577 380726093 394060544 416353003 429941388 472032218 508740991 516191289 570143613 577593911 597547139 606024457 613474755 633765565 648115287 655565585 773630208 781080506 809848634 817298931
4 4 5 5 5 5 6 7 7 7 7 7 7 8 9 9 9 9 11 11 36027883 36027883 36027884 36027884 36027884 36027884 36027886 36027886 36027886 36027886 374329480 374329480 374329482 374329484 410357358 410357359
133182009 162567589 172213775 201599355 212002778 213602684 232601905 241388358 242988264 271633671 311422674 313022580 316915916 344212469 355947682 373598049 395736685 397336591 428462461 443632365 457848041 503905450 515195855 527882357 527946376 542937216 554227621 582726219 584326125 594016624 595616530 612196368 714935910 726226315 799185902 810476306
315640887 320723864 403558927 422241010 427323987 435249128 506453611 507684800 510159050 541849251 551488532 556571509 586205685 591288662 613053734 614284923 639406572 671096773 674123725 705813926 714060021 719142998 719674156 724757133 742301256 743532445 777018409 778249598 801978061 807592196 833668262 839282397 904872745 906103934 910486880 911718068
157284770 161349494 176856804 179078398 180921528 198650432 235356705 238909600 239421429 257150333 258481634 273252565 292824599 294313337 298378061 316106965 316981535 351324500 369978715 374043439 375938167 376254627 391772343 395826661 410281132 412595823 416660547 434389451 451603545 454326562 485946510 494220653 513283194 528563618 588948572 631565679
57581958 90819810 245853428 279091280 369047436 378710312 387212653 402285288 416018340 438584496 439517165 470389608 471822348 472755017 497187155 503627460 566981782 575484123 604289810 685458625 690175790 698678131 727483818 759712850 760645519 768215191 769147860 791517962 797020878 797953547 800020303 808652633 828825990 878189693 879122362 909994804
222034972 251371647 257212129 268157637 286548804 292475954 297494312 327653111 338598619 385698010 420875167 431820675 431875030 467052187 477997695 490458828 498157470 508081308 512407856 519795503 533334627 537417983 541744531 544280135 560899810 578522290 582848838 654121866 671744346 676070894 700298886 717921366 722247914 766581326 784203806 788530353
3 3 4 4 4 5 5 5 6 7 8 8 8 8 8 9 9 9 12 12 184318022 184318022 184318023 184318026 437478366 437478366 437478367 437478367 437478368 437478368 437478371 437478371 437478371 437478371 621796384 621796385
46356350 107514398 121744374 134953777 182902422 196111825 264279970 292754951 309811078 339667994 344831101 352877397 353912999 360632520 384120604 385199102 398408505 420219125 433428528 436020544 445278652 449229947 484086886 510678571 545244934 556209679 591229702 602044224 607031121 647575332 682595355 698396774 702010506 747541614 782561637 798363055
40878437 61689474 98708877 105603664 110701163 126414701 163434104 175426390 281852227 302663264 312334054 328078875 330016231 333145091 339682667 342480421 348889912 351674953 363291458 370164494 382156780 385909315 394741458 397901601 400310861 412303147 431378068 496103295 570990021 601471848 617216669 631618215 672351858 702833685 718578506 732980051
84607826 140306782 150085074 205784030 230797606 248404833 259392639 263137710 296274854 303100581 313882081 318836666 324869887 326583509 358799537 392060757 409327490 426934717 436440291 437922523 449290361 466897588 477885394 492139247 505113393 519961698 545076264 575660654 582630071 600237298 611225104 666151478 678415974 683758705 694746511 761937380
268507990 300834747 350052548 415362516 428370389 447689273 460697146 483432675 496263748 496907074 509914947 510567793 515759432 519874304 532033913 542894550 564360670 564977233 591105735 592112351 613578471 643118274 656126147 666728830 679736703 711188433 734798989 737960261 738323551 750968134 759789671 761934107 783400227 806030420 833165538 854631657
156050178 177050113 199462652 216382654 237382589 257508332 259795128 278508267 287020672 300920806 308020607 308115101 329115036 330433146 331039044 351527575 391371520 395761223 432497198 456093699 462009538 465993175 468701266 483103967 486993110 497219377 509405649 526731717 529033742 547826146 570159420 599671760 620766189 640982041 705704220 778644262
172417417 204250196 218462332 271859317 303692096 317904232 385817482 411607368 417650261 431862397 443440147 457652283 462887132 494368194 494719911 508932047 526200973 528865798 540413109 564242410 571449668 628307698 663684310 670891568 742265863 768055749 777642475 784849733 803432361 810639619 819335513 850816575 854712125 861919383 886193187 893400444
3 4 5 6 6 7 7 8 8 8 9 9 9 9 11 11 12 12 12 12 230867590 230867590 230867591 230867591 230867593 230867593 230867594 230867594 230867594 230867594 380997902 380997904 380997907 380997907 611865488 611865489
63610682 79682963 81676885 97749166 124179554 142245757 178926455 194998736 239495327 241947186 260013389 286430312 304496515 349472563 350449062 357262959 365263332 365544844 368515265 381335613 401746085 410041435 425832204 465764835 496569864 512642145 527809067 543599836 557138736 572292193 588082962 636310943 652101712 674906368 719389494 783408243
181719507 217893387 232769262 263724290 268943142 288536149 299898170 320842051 324710029 371891806 402846834 427658693 437721721 465965477 473895601 474254779 502139357 525304534 539479521 556259562 576844265 581071421 590529276 602871791 605088021 621484304 646296163 653921546 684876574 709688433 730256993 758500749 795481735 823725491 858874005 887117760
176480874 182028900 228446735 382917729 388465755 411975950 417523976 434883590 463941811 487609382 493157408 503381172 506156725 511704751 532754652 538302678 539575243 558122586 575257191 584720513 608708432 709818027 738876248 781694046 810752267 814509680 815145287 833057023 844203508 859654950 886385699 904933042 919836940 931530969 938384283 964982209
149494073 153880299 171360646 175746872 277638111 299504684 355783075 377649648 423033461 444900034 460006784 464393010 476023014 480409240 496981678 518848251 554696625 559082851 588150822 598053054 602439280 604167052 666295786 682312016 682840663 726197092 733546172 749562402 760985627 804342056 807494389 823510619 828236013 871592442 902184230 945540658
42785195 50977459 117147541 125339805 177962668 197883509 206075773 252325014 290287796 297354288 298480060 305546552 333060982 425465269 430986141 432531761 494253391 505348487 508935383 517127647 527375307 568615737 586084455 601737653 644112856 649351705 678488742 682473621 685555234 741755992 748822484 774877908 781944400 897136329 960403579 993525494
3 3 4 4 5 5 5 6 6 6 7 7 7 7 8 8 9 9 10 11 453994081 453994081 453994083 453994085 459099795 459099795 459099796 459099796 459099797 459099797 459099798 459099798 459099799 459099799 913093872 913093873
157990266 158517019 185502692 232387680 232914433 259900106 312758175 314698063 385421587 385948340 387155589 389095477 407653148 408179901 412934013 435165574 452196038 452722791 479708464 514405944 540189496 542129384 553549828 554076581 562421057 564360945 581062254 588803358 606963947 608903835 708317737 710257625 741837265 764068826 808611716 909965505
196136011 260483915 281388011 344825958 346455643 357413928 409173862 410803547 421761832 430077958 431707643 442665928 448528108 450992580 474980517 590224900 597218055 598847740 599682527 601312212 609806025 612270497 623670464 625300149 636258434 654131536 654572804 675476900 718479440 739383536 842616997 845081469 869069406 906523633 908988105 932976041
234195395 254599938 294403077 314807620 330042533 374016081 390250215 394420624 412600590 433005133 442713588 463118131 469863219 508447728 527520209 538560726 547924752 590887597 618787481 623367347 643099335 651095279 678995163 703307017 730708283 758608167 769292792 782920021 797192676 799405790 821504530 827305674 851617528 884212411 912112295 936424148
71011094 166419039 181807810 183293686 237083080 277215755 279559002 284714496 294090402 331367443 332491025 343025249 343875922 349365672 380122441 390355718 396997088 400078256 426775388 443650035 445630988 453821965 454672638 493262404 495486201 509097235 509947908 512360848 539915351 556728651 557579324 603381598 604232271 608626164 672092411 672943083
261535768 280360250 305562841 326450575 371381745 378254252 389082584 397078734 407907066 422281325 433109657 443169059 453997391 456416165 469846815 475240647 488100229 488671297 498928561 500443238 513873888 521330972 534761622 538219534 566262142 579692792 654938018 665766350 671489706 690314188 715516779 733099931 736404513 746530581 781335683 948173471
57583850 106656449 145018587 164695214 170359239 175905067 194091186 213767813 257793976 262061704 263339804 277470603 283016431 311134303 313777905 353717098 374837093 380382921 401212642 402789697 420889269 452466922 466492487 472038315 490991828 501539521 518255759 565242311 570788139 578426565 598103192 609911153 695469682 708660977 787125076 885874899
130356776 145361609 149161832 164166665 191880942 206885775 294134715 309139548 315849762 334654818 377373928 448850467 463274016 467655523 479627701 482079072 507816795 510374633 519139856 519947964 522821628 524798182 534952797 537944912 580664022 612628406 627051955 682917795 693309781 705440950 826310486 838441655 840734035 852865204 896599875 908731043
3 4 5 6 6 7 7 7 8 8 8 8 8 9 11 11 11 11 12 12 16151380 16151380 16151381 16151381 16151382 16151382 16151385 16151385 16151385 16151385 456043800 456043803 456043803 456043804 472195176 472195177
35042233 107868570 231691383 244350996 304517720 354476235 382607400 389319652 415723814 419638494 427302572 441000146 441032785 445877658 462145989 513859122 518703995 563784998 579256550 598628415 612372964 616287644 650341548 655186421 702041402 735157816 736884819 739072496 770001233 773915913 788597952 793442825 821714366 825629046 826559239 830473918
13408009 59119099 97758785 143469875 153403065 194163893 199114155 245549018 269389672 278514669 291260108 315100762 334158949 341158224 343714184 386869314 426304902 428064960 431247120 450145556 457733620 483709240 515597896 521914108 542084396 571242176 575855193 597728676 599695847 663388129 671464399 687228783 689874629 713715283 758997335 785483834
5 5 6 7 7 7 7 7 8 8 9 9 9 9 10 10 10 11 11 12 155950975 155950975 155950976 155950977 450972141 450972141 450972143 450972143 450972143 450972143 450972145 450972145 450972146 450972146 606923110 606923111
168262524 180158697 338765464 365853691 377749864 386526483 404151618 467223614 479119787 490986539 502882712 510867939 513942768 522764112 525838941 536356631 568348211 584117650 601742785 637726554 661489479 681370879 684445708 685487573 703112708 709250498 726875633 729131898 732206727 746757033 749831862 765939378 867309301 891072226 910953626 914028454
48023454 48038352 78542690 126083546 161274128 161289026 191793364 239334220 309990066 310004964 340509302 365757688 365772586 382561482 388050158 396276924 406714339 406729237 411492836 411507734 437233575 442012072 443817780 484774431 489552928 495812156 512489420 625740094 644528094 700295716 741252367 746030864 774456032 830223654 871180305 875958801
50376521 56048912 74708253 88359511 90199429 94031902 112691243 128182419 218413713 224086104 242745445 258236621 287632311 290298390 325615301 328281380 413887598 415962067 419559989 421634458 435974759 438219330 440293799 441647150 453710506 455669503 455784975 458335582 460306491 475797667 651143388 653217857 653809467 655883936 673230549 675896627
146566781 162359122 217704556 223515888 233496897 250363504 294653663 321501279 402971923 407236765 413904195 414278842 418764264 423029106 430071183 479921030 484185872 485041970 491227949 506768646 511033488 518075565 529245998 578985878 594778219 600383773 655934985 670309337 674574179 681616256 682782601 785651140 789915982 796958059 846323292 961665094
44504999 142677330 175279469 211503447 216315333 220079031 253267644 289302122 309675778 318251362 342277917 350853501 351439975 378695938 383313781 384042114 391889365 398329959 425077978 429809497 456300570 464876154 476868269 498064767 509470408 527981828 550506272 560583967 565328407 573903991 601619831 607092604 623493061 674606620 732520898 783634456
127008276 127576057 150930776 151498557 169593301 170161082 228690072 229257853 240139312 256342247 256910028 264061812 282724337 311833649 335756149 341821108 354418674 369473283 413515445 438234755 438802536 441167620 460542251 484464751 503127276 504955454 528877954 547540479 551365791 562224047 589876222 606637250 623060128 634289425 771768730 816181932
100477152 121721092 178038096 196312956 199282036 205358498 259378723 273873900 282919442 294731130 297365286 315975070 318609226 336939667 372010185 384819073 390566934 393201090 399612476 402246632 406063013 409221455 430465395 449571129 453632701 456266857 480654877 489700419 505057259 514102801 543720644 566264163 568123026 568898319 656352106 680754487
58631040 90475130 101625931 133470021 207348924 239193014 260233119 278755932 292077209 310600022 323257287 355101377 401398696 417520541 444393587 460515432 550116580 557570710 557934296 566238425 600565601 600929187 603000775 619122620 621523588 637645433 666024943 682146788 706288594 706652180 759172789 759536375 777695602 778059188 822196957 822560542
304428549 305770876 332022495 403484568 404273184 404826895 405615511 418738997 428600987 431078514 431867130 455558073 456900400 480018417 483152019 517795016 518583632 527657006 528445622 569868521 579074436 579730511 579863052 631147941 640671859 642014186 668265805 726287464 727629791 753881410 754982307 764844297 816261727 840597912 850459902 901877331
206753188 230736950 242123398 266107160 329531813 330152457 335404841 354136219 364902023 365294277 370775051 400664487 413152180 437135942 452931082 458804110 472599883 488693546 498133349 507970093 522117111 535930805 541803833 562617670 571693269 586601432 595999152 620911974 626785002 656674438 678998875 685396295 691269323 721158759 763980044 828464364
2 3 4 4 5 5 6 6 6 7 7 7 8 8 8 9 9 10 10 11 40355080 40355080 40355081 40355081 40355082 40355082 40355083 40355083 40355084 40355084 105962141 105962143 105962145 105962146 146317218 146317219
268648979 344787997 367652295 446682413 450616482 522821431 528760920 529898993 534297494 534453082 534654298 545685729 574339393 604899938 606038011 610436512 610793316 627764236 628649916 628902309 633300810 633657614 710728423 711866496 712486516 716264997 716621801 752372827 794565023 795703096 800101597 800458401 834451334 835589407 839987908 840344711
29395238 118832158 132293232 137010289 204818829 250721397 294255749 307716823 312433880 339119304 352525187 426144988 427408453 428556224 441962107 442017298 442360243 446734355 455423181 460140238 483482828 531797163 545258237 549975294 560445463 572919748 573851346 586380822 591097879 602832044 663686402 704808987 737132519 750538402 840373458 881496042
126252758 143631918 172904493 332585033 341636500 349964193 359231012 376610172 379236768 395423762 405882747 412802922 442075497 483313005 492968473 500692165 510347633 529964740 538708631 539620208 547968775 574614754 603656282 610807504 698696747 708352215 745040906 771686885 807879635 809988557 836634536 872827286 895768878 905424346 960716529 970371996
133948484 220333735 261537295 272194943 312691750 327500605 358580194 386579786 389919846 399783754 417424274 424849190 450938209 465747064 472965037 476305097 503809525 511234441 514168597 517508657 545013085 552438001 558069748 565323052 568663112 580131907 583471967 596167540 603592456 610976395 618401311 696316207 810701050 814041110 841545538 848970453
117062044 124906808 149057147 156901911 192627618 200472382 340161420 348006184 379862396 411857499 455427970 468372973 469021374 476217737 500919467 501016477 532914570 539765734 544586948 558100015 565944779 571760837 576485041 602961772 615331308 692120750 724018843 731173325 762865110 820332303 820900367 852230396 891076663 910059345 941957438 980803704
89019880 137923787 138375351 151331782 163065066 187279258 194929617 198873423 200235689 211968973 244285088 248228894 257241519 261185325 266054903 268974803 272918609 314958810 332877667 365571668 371964640 375908446 382233138 395189569 406922853 411694487 414475575 461049958 471481405 474006389 475425211 485739673 509912690 588729510 609429455 688246274
92117529 94406386 100089064 102377921 114906260 122877795 151480181 153769038 155722306 163693841 174268912 207842479 210131336 215084958 230631210 271447256 298923205 306894740 307839587 315811122 332097209 334386066 354885940 358285857 367202239 395701986 414648155 423564537 460009840 462298697 482798571 523614617 538902885 547819267 666815516 675731897
2 4 4 4 5 6 6 6 7 7 7 8 8 8 8 8 8 9 10 10 295168852 295168855 295168856 295168856 414384451 414384451 414384453 414384453 414384453 414384453 414384453 414384453 414384455 414384455 709553300 709553301
113098364 239106125 244011511 244454233 338302551 341035017 367123922 370019272 370461994 384393340 403822338 405942729 432045218 469215698 469658420 471948164 472390886 498037069 498479791 510401101 531950490 534735485 535178207 558052979 609597527 612329993 631146916 633879382 638418898 657249405 659968287 659981871 675117314 686070776 696666703 722769191
79259005 88120859 138891792 147753646 186080458 244445394 245713245 253307248 264373611 273235465 308359600 317221454 351266847 354773926 357024720 371195064 377306407 414406713 415181053 416657507 436939194 497278222 506140076 519960315 522211109 539888532 542139326 542492796 562421013 583874521 586125315 604099675 606407002 772793143 775043937 795325623
91511751 113221662 125786566 147496477 169766801 191476712 218130123 252404938 267028468 288738379 296385173 344195897 365905808 393646840 440620267 443835434 460249009 470814269 474895082 478110249 481958920 493697148 518875317 522090484 527971963 571952198 586867381 616136984 619352151 669213865 693304413 696519580 746381294 809357525 812572692 862434405
137313868 167270156 196863528 209836699 226819816 239792987 246648350 250019897 276604638 307800001 309569557 322542728 359354379 367349661 380322832 417134483 426033251 454881721 455989539 514431381 527404552 537714890 538739280 546301688 564216203 567671178 596519384 605851348 618824519 650420919 655636170 708201023 743601104 835021071 855282743 946702709
119188718 141073532 288769700 320851871 328315126 351918970 373803784 377366503 399251317 476328786 496873295 498213600 521499952 546947485 553582123 559986539 561045378 579029656 579567455 581871353 586492911 601452269 645909768 677991939 685455194 729567521 729603547 749148437 755051080 761649692 769112947 781230608 788693863 854013363 937671116 957252031
71363035 73211960 131195713 133044638 158684219 160533144 195462278 197311203 231604044 233452969 337322649 360417489 366587460 397155327 420250167 424643833 426420138 447738673 453908644 461421892 484516732 490686703 497563658 520658498 523630393 526828469 537493429 539342354 583463071 610951577 647729636 683871402 803453043 826547883 832717854 989760786
135433959 142664529 275014770 280435256 287921633 295152203 352162402 359392972 427502444 432922930 446367171 453597741 463012030 481662767 488893337 491743213 497163699 500572631 547452637 554683207 585947982 591368468 615499704 621243578 626664064 653060305 679740473 687033448 692453934 717301074 773945242 809240838 811505843 846801439 875030708 912591308
4 4 4 4 6 6 6 6 6 6 6 6 7 7 8 8 8 9 9 9 162015746 162015746 162015748 162015749 312915067 312915067 312915067 312915067 312915069 312915069 312915069 312915069 312915069 312915069 474930808 474930809
59161594 123844794 160641676 191760745 225324876 257077555 267786490 293240827 321760755 322328383 332469690 361515865 367100835 389676706 396986561 399508469 400385641 423808465 431784035 461669761 462995947 499699986 500988551 520244344 529585712 530953279 559431826 570140761 597424430 608133365 630267624 660153350 669455106 699340832 707447710 737333435
241863273 339762717 350585842 365129187 377783127 423292596 451652828 466298744 475682571 486505696 501049041 515459361 528545486 549552272 559212450 560375397 574918742 602218598 612626386 613358805 624181930 626444930 633082151 637268055 638725275 651811400 676088299 696888684 709974809 710525830 721348955 735892300 739894832 752980957 794055709 837061856
2 2 3 4 4 4 5 5 5 6 6 6 6 6 6 7 7 7 8 8 101940156 101940156 101940158 101940158 101940159 101940159 101940160 101940160 101940160 101940160 244279574 244279574 244279575 244279576 346219727 346219728
313910144 355484861 377343055 412408440 453983157 475841351 496667047 505244989 528980714 539790246 546819706 565226857 568677900 581364963 595165343 603223157 606045788 627479010 643653159 647620505 663725153 669478699 685227876 688001892 707086070 720315559 722547149 754860816 756561702 788802691 791106959 821116358 826410062 857362501 858723729 894969871
208255919 240153434 262818075 277792463 308058117 372257077 450476842 450695625 456880710 482374357 482593140 488778225 503929537 505038998 505257781 511442866 511811118 520013386 520232169 526417254 535827052 543708633 550279040 550497823 556682908 558491693 566373274 573466081 581347662 603731735 611613316 614478000 614696783 620881868 667930695 675812275
165267551 171849183 183103080 228064190 234008293 253486397 332437261 339018893 350272790 351002862 357584494 368838391 373560930 380142562 391396459 395233900 401178003 413799501 415181391 419743604 420656107 421763023 433016920 436357569 439221708 442301672 461779776 477978030 483922133 503400237 632109946 638691578 649945475 694906585 700850688 720328791
205588749 220386845 281942855 300565728 313543410 315363824 328341506 348704660 350466045 363502756 365264141 376919834 389847040 389897516 395897774 410695870 425058766 426820151 472251880 484824019 497801701 532962951 534724336 559516250 578674389 580156065 654493229 667470911 673651368 686629050 702632161 704393546 721790300 723551685 749825275 768983413
125788077 179398103 189787195 240413210 243397221 285601039 304412328 327588971 339211065 348262103 376310281 391588089 400226172 401872129 402582231 440309399 462887236 462975051 466581349 487401933 500505787 516585077 536123243 550062997 554115813 562395193 577600184 598784307 615130920 625056257 664775945 702306681 713497255 739769205 751027991 777299940
213099687 241816167 254732159 258901071 287017314 315733794 328649786 332818698 393751083 418969582 442041175 447686062 460602054 464770966 467668710 468749256 497465736 510381728 514550640 515958802 517061907 545778387 558694379 562863291 599620978 615175001 643891481 647911070 649400652 656807473 660976385 697690744 697713303 746003395 795826397 844116488
140069455 156240620 170569058 171056952 186740223 201556555 305019610 325789298 335519213 335974650 341960463 356776795 366474253 447902223 478401826 490739453 516838457 521694493 533009622 547825954 576691975 592863140 600929691 607679472 617100856 631917188 633622066 681788612 712743652 741642130 765879846 772597170 796834886 824671225 884524743 908762458
