82692460 109655078 399089145 460025383 505065406 534872684
1 154638103 182917867 244423996 286114939 402619527
241440265 298939831 367487691 425470730 547834998 616465943
1 68543491 76076429 92818633 190155904 296284273
1 2 5 6 6 174575870
1 3 5 6 99768890 99768890
IMPOSSIBLE
2 3 4 5 6 169563379
1 3 4 5 402361127 402361127
204950694 240023771 330639407 408959593 435051453 450446346
1 89481952 246999989 292361655 445878188 449314560
29545566 93347644 179983253 220424927 239933956 493858728
1 82293828 168803145 173873229 258268188 382128627
3 3 4 5 369511163 369511163
1 2 2 3 6 86058027
166565190 233826057 318701514 393606045 402292324 471589491
1 203083407 226185160 357020420 390596412 398836555
IMPOSSIBLE
IMPOSSIBLE
225243682 251895398 374424705 382758562 387335847 464889078
1 257814541 328635012 367963775 435228096 441264473
91283792 120705879 357300349 406693972 408870453 455377003
1 236269567 321750801 357932805 406649828 430013686
IMPOSSIBLE
150317642 157308597 309298731 310116818 357588931 513522211
1 105265899 352821848 368945859 389348165 478923933
IMPOSSIBLE
85954789 178494297 229819653 282605267 352485930 421133053
1 245382003 258100273 262978617 329808951 460131533
IMPOSSIBLE
IMPOSSIBLE
158398246 169172086 193448713 253837566 286751502 509146931
1 59581013 114746122 227911511 229707123 377170762
IMPOSSIBLE
13104891 26251385 130792701 202896041 298967913 493893483
1 125874490 139599599 168143067 244966706 273082594
1 1 4 4 6 478616742
1 2 3 6 226669328 226669328
181159059 283063558 342065782 365141909 501873598 611591182
1 126539840 130579803 250638188 271418904 281345641
IMPOSSIBLE
146053502 146217968 160148390 179483460 280176762 596744464
1 51361357 142628563 305941637 354700209 373529590
5 5 6 6 30713381 30713381
1 1 3 3 5 395772300
68828254 85081717 144097836 179937741 238442849 477814156
1 29139384 51448925 207082339 324931488 381031804
1 2 3 5 6 338713250
1 3 3 6 421366955 421366955
IMPOSSIBLE
IMPOSSIBLE
121309670 192839793 222407389 409562418 410831919 514565256
1 237613907 248686024 283827931 311978643 371500276
101772797 129536647 144976534 315359203 361255400 522003550
1 72777378 89200855 220685250 342027484 433744433
349793363 417960114 438151825 519553724 611900064 691685269
1 80539785 84517496 125551917 265139076 300922576
142185491 190664533 454045125 462142116 486211447 494356265
1 49171677 98269944 369664959 382112229 405404370
90641296 149543182 174566630 267009169 452906013 479876072
1 81559827 139773504 182217061 241013442 282931650
103212396 209898666 357103218 428410492 468558343 498509951
1 164495473 256496949 267003832 325999963 367482814
463507994 473772801 498675955 609145326 662839647 709517853
1 98968039 127149997 128183471 159840139 212309401
IMPOSSIBLE
69572685 155122832 275313753 290624597 481550848 491288665
1 153569760 245176322 256738341 401906921 440165964
IMPOSSIBLE
334410966 349099381 360696788 387323135 457475272 486248985
1 140754778 201438675 286236354 293516739 432006806
3 3 3 4 136095951 136095951
1 3 4 6 6 195961745
2 3 4 5 5 133985536
1 2 5 6 397633861 397633861
68351628 81309183 205579220 216599863 339162805 457359931
1 31500912 68291808 123756274 264121637 385941885
IMPOSSIBLE
IMPOSSIBLE
214729464 217693385 246849958 325151338 380905271 492241889
1 21647252 113716032 302773444 314783892 332448905
5 5 6 7 9 107763603
1 2 3 3 345025174 345025174
1 2 3 4 5 363718019
1 2 5 5 400532671 400532671
53847499 58854777 150286855 277940520 396213854 468298170
1 197364583 197712716 223520245 281342244 317076884
IMPOSSIBLE
1 1 2 5 6 4010525
1 2 4 5 254257229 254257229
35457724 70447098 90716353 152218402 189338110 284672991
1 144590994 194813102 208820492 228355420 387916860
73305359 154301514 224606286 275931391 445068517 467933402
1 151393171 279559485 279971597 316048962 400548640
IMPOSSIBLE
87883708 188317930 204054052 228039686 479243614 503746853
1 156929042 166536727 260347930 302084007 320699116
IMPOSSIBLE
98578630 117349563 192017047 196775069 219293522 235037509
1 94450513 248295822 286067809 344355782 358350270
87282984 279457546 415382559 486797656 490259327 526801280
1 272726716 321792971 335407758 347324115 430211337
3 4 5 6 32240893 32240893
1 4 4 5 6 357252288
152765053 161544152 178943436 362172898 459959109 551444480
1 119931419 130359597 259944134 353527557 381904786
44192106 54392199 121213389 150247592 215595594 385972376
1 76774707 260169486 264374207 341610671 375905359
275695835 316480673 339842498 408513969 525996530 584116039
1 58265845 171651471 192878152 235504726 274848875
88045601 90432389 188373038 318924375 396236399 546882355
1 86383187 139702162 187190077 314089425 419299841
IMPOSSIBLE
133257220 146674989 528336740 534983542 538194170 561639537
1 26687681 47551276 56053980 320292663 323787597
69845228 95084411 166178145 271439773 314801550 467172917
1 56745123 59557977 114472908 159111999 277053432
88209353 123261070 133607558 158424647 189511355 249069309
1 83357970 89997399 146211576 180469045 435564077
91262888 111243763 132827782 263054432 432209293 470409508
1 117401890 120908922 202844515 392558958 477040157
45782622 78451489 271769267 360075877 461355873 465550648
1 72822525 175810306 305074523 420748850 478286293
IMPOSSIBLE
IMPOSSIBLE
263429263 328120396 348181149 352776853 545588540 571515358
1 95371427 113510568 141217875 290522271 368274810
255024490 257388361 362848950 511271600 664989163 703501735
1 88148212 99264344 116407513 163988784 212346539
99137505 128106736 130974381 132489403 405490566 449950757
1 123207825 189946411 205050013 347193573 384803895
2 2 3 4 6 55632556
1 3 5 5 351494653 351494653
2 3 3 5 5 30566587
1 3 3 5 89502998 89502998
179395400 272147321 295903266 394243780 456404478 474593513
1 171615658 336543064 343875823 372030070 405925129
90797761 108429998 168030669 191473633 230785531 349657501
1 28664468 125404036 180207222 235272114 243762829
1 1 4 5 105483378 105483378
1 2 3 5 5 54811979
249163117 294042547 299828958 403646893 428203971 514969336
1 128505794 189624782 227988030 292439118 323151198
253751890 258785647 260266065 445558150 498714092 583530377
1 39767974 191189796 292618989 298473301 336409670
IMPOSSIBLE
2 2 4 4 4 4129323
1 5 5 6 115775445 115775445
83949587 205621854 233485620 331883252 423063234 449770876
1 236775649 310476406 350155162 372444428 482518389
201049072 228002960 345161420 542303785 545596781 587310496
1 66361813 89403713 97614519 203138461 231979404
32253762 46363823 311126513 333923727 481981590 527746223
1 57491648 152410414 222055863 285741727 347211165
76596259 220723025 367571577 396363626 451937159 461153979
1 279131859 448305525 458708549 473117401 478723188
86699722 108003217 123199852 257007729 286437253 481327061
1 97317959 208927658 288807901 381762554 419828188
151858260 157152779 159504106 160408942 182874770 406364944
1 82127248 159282961 188357026 238122568 351558511
IMPOSSIBLE
122431824 159297698 290659065 368164992 444483551 448596505
1 62470300 68518926 118922208 275653383 303281838
95186893 145845906 160411989 306744470 369033795 549690401
1 51579171 230514205 275091817 327815050 358141868
157102942 233128147 339392260 345310872 423372597 453160560
1 95036425 101919191 265378566 293770828 339934022
67679761 109192314 343375086 344482500 448916601 510707767
1 63282527 128775201 230279642 284676768 414767341
124421851 161686475 204613549 277533733 373649229 528019224
1 39401375 79356624 314325950 339310776 357200652
122075413 146263966 146465239 240541954 264658008 368230966
1 47890074 76883254 137135367 156083074 159589893
42871908 91569016 271613575 282866548 462848094 532077655
1 75164429 114400663 263401380 368505176 456728598
170861652 173155541 198832351 357709899 421763931 552899080
1 10702425 53179846 206893016 334778212 391243722
