IMPOSSIBLE
1 106987925 156853068 276284072 309892416 436911174
81278739 221003037 283362285 310061737 441691781 526828672
1 20489809 53379386 113345914 159912464 192012997
158736502 243183964 262332138 331235299 412569432 581078604
1 8343314 33951297 310070881 369844381 394651134
69328038 99484302 119074315 162209332 334219778 514473045
1 6623912 98598324 119259028 361819388 394741659
293361753 360667512 380088828 418359040 451005201 454708160
1 16341770 67076489 165610540 180085637 303795575
298624669 430512260 448122408 503494333 515914644 539267928
1 40090821 198873371 241018460 273171263 308543424
135546506 247953331 258887059 350708100 517288495 518419986
IMPOSSIBLE
1 1 1 3 6 43967849
1 2 4 6 60168620 60168620
1 16510413 36128991 62607186 74387878 189514467
28838549 52273272 180566202 327698470 365453951 426249713
