92091686 98598046 143295890 160087409 215456700 279383404
1 13849943 101395979 184924254 281519197 477068868
226769547 291172871 409905850 429102328 435559728 504349506
1 119793840 244560017 253358794 274770494 427312676
1 1 2 3 317307363 317307363
1 4 4 5 5 374796704
47907642 62401620 127199343 257841141 346820262 375452552
1 186803122 318369902 412098605 438299949 438965253
3 3 6 6 212334525 212334525
1 2 2 5 6 5888142
77932529 89813437 104407690 292286606 374295539 494399288
1 182701523 318835851 352638923 440072257 451098623
IMPOSSIBLE
IMPOSSIBLE
275916293 347617260 360159110 470317797 488488244 508621748
1 177298549 328773108 356048325 406497753 409768251
2 3 3 3 4 433806689
1 2 5 5 474983033 474983033
145845445 171389497 182673785 470043686 542364395 560921169
1 141505440 201450571 202915675 284488362 377531167
218673987 230243577 271440079 286990479 416102638 575937653
1 51620788 68329662 95356976 129253625 323205444
IMPOSSIBLE
487640370 501747288 609213212 629234331 683840608 725833986
1 144382756 183842030 198755595 200812211 204103737
1 3 3 4 6805136 6805136
1 3 4 5 5 451988955
282990520 295991062 302636290 330178754 343483835 369763598
1 121740026 135096395 136833383 176020313 184051357
37308119 62893707 75675967 198941260 255319073 492162501
1 179178694 185598863 224023620 324651957 350009342
173518833 316225195 358296825 486220011 488077261 575215854
1 211874783 255486733 276769355 313017087 329239929
IMPOSSIBLE
83684942 92612224 101474949 412421672 493814222 540496766
1 36118111 53672384 143341331 397103435 412329925
201892401 261704185 279817215 327694164 432281519 498742960
1 73562875 95693720 97534513 158279063 261847724
213215391 266701742 274086258 357001294 491694950 534787411
1 107965912 133807553 256239846 279056391 345603634
2 3 4 6 7 404203776
1 2 3 5 384480113 384480113
381020503 382931548 389982437 432486182 478091397 532858125
1 226219815 232730024 335162241 347976528 366825146
1 1 2 3 351619306 351619306
1 2 2 3 5 184339824
111288980 123338041 192195392 199770542 429779995 468321905
1 82218429 305180903 389454610 390602297 398808163
45908139 91934625 415365823 455196011 488399089 494117135
1 91213704 159879739 343033938 379662202 487299472
3 4 5 6 8 388628310
1 3 3 4 372563698 372563698
1 1 2 3 6 11910866
1 4 5 5 384328229 384328229
IMPOSSIBLE
176193431 184124962 352429842 432409191 437496488 492066762
1 148308512 306454394 308417610 388005707 453080978
IMPOSSIBLE
141063091 240377513 240890619 384262528 577165075 620557825
1 264464695 324546884 329280345 363924791 364293055
IMPOSSIBLE
181790427 184523822 285988163 299282629 414306589 564033316
1 67243033 93638839 229915347 317338923 325110962
IMPOSSIBLE
249147738 264316621 274707479 301192991 306097353 548356389
1 70125056 115561472 365853802 387624925 392268554
2 2 4 4 104905605 104905605
1 4 4 5 5 324403712
4 4 6 6 6 97284553
1 1 3 3 391980318 391980318
IMPOSSIBLE
IMPOSSIBLE
IMPOSSIBLE
IMPOSSIBLE
IMPOSSIBLE
1 2 3 5 6 365758589
1 3 4 6 324947540 324947540
IMPOSSIBLE
217719465 242935040 267491095 269490077 325553934 343937881
1 74973740 89998889 205214398 376488405 406668028
173575229 377090766 404617601 450769198 470701909 537783373
1 227484796 300267965 310645470 378551157 397470636
250032155 256330688 331812979 379856305 414818601 504123110
1 12375639 118589258 181813028 226228984 347671782
117515679 125224241 148335677 157764359 301216543 483305640
1 35520811 202504451 271553331 373523695 381539567
104553799 111115173 195956702 212742652 378478704 451145250
1 31265958 205800267 279808281 330245075 411995352
IMPOSSIBLE
160253180 181414996 327110816 343937706 347597377 352338015
1 72624178 196518326 274770357 358920119 431563530
106791306 124307176 231155223 347246108 356675749 359866753
1 167194204 180235083 191752222 314552305 355037736
IMPOSSIBLE
61937309 86796134 194632233 312185282 319640779 331540900
1 127622566 152146725 227745631 317146175 484402899
58312165 105378100 122716863 227994862 269418369 464499787
1 51203210 70975999 207208120 251895048 361465212
IMPOSSIBLE
136992885 138537573 199502088 234261871 273976446 348654629
1 73296624 143114753 184162166 429715779 430789983
127435051 207560030 252595716 446050663 447441082 520833439
1 96896469 324595287 343156273 375315965 408382330
IMPOSSIBLE
132012901 180140006 333891464 377946602 537950952 557932219
1 140208817 156030108 190881988 203707651 326519648
IMPOSSIBLE
170201914 185996704 203263812 363172383 450618258 496050380
1 119569777 134168633 151243091 205618380 339117654
3 3 3 4 205324893 205324893
1 2 3 4 5 23096497
255403162 280565524 335172118 381581801 409439731 481254926
1 114083881 118558044 155152751 312030901 323021131
IMPOSSIBLE
IMPOSSIBLE
IMPOSSIBLE
125409003 139249344 215301032 291548319 328844838 522518079
1 21515765 133300556 378428539 407464662 474577252
2 2 3 3 4 129958286
1 4 5 6 347985095 347985095
62747466 110353855 121889948 233045483 280384531 390338932
1 188486476 194512871 313384893 406279673 418586905
196513650 196633656 317581136 514335885 547662010 603858408
1 1692358 276832855 277214355 284426517 291336459
IMPOSSIBLE
4 5 5 5 6 412322436
1 2 4 4 244320047 244320047
73051010 189373086 204972138 330039650 344100687 410643956
1 121614463 139496045 222447628 228403743 335883342
IMPOSSIBLE
249399149 267901196 344446625 402236966 416866568 510150028
1 111067210 183413832 343662885 378839168 417580526
122425808 201185374 334927440 366176626 433396093 563287171
1 238856371 256130377 318930317 340454726 359701638
IMPOSSIBLE
136445828 198518533 231043761 297596367 375782399 431273442
1 97848496 192741363 246830728 298460375 415140351
IMPOSSIBLE
150117608 199149780 337344056 402758242 482683616 530627110
1 133241504 144855148 217787701 361315686 371450619
5 6 6 6 213741168 213741168
1 4 4 5 6 329377917
1 2 2 4 5 368930979
1 2 4 5 275881886 275881886
278921288 291938559 447234593 475265712 532265844 541199460
1 67482503 137629742 184994590 262056509 368897028
6 6 6 7 61968914 61968914
1 1 2 2 5 155053020
IMPOSSIBLE
116086195 248496419 251360423 257723402 371058823 384801071
1 140118732 234467863 234741401 317150682 343962777
78740773 89861794 144810343 253027969 263515676 377031414
1 28261727 58998865 119151915 177905735 395091101
134029114 136813854 161407175 211507376 223132512 269383265
1 215788152 314350380 338106406 344668663 391030868
126608957 172317339 220517319 331227434 504296772 549837645
1 70991762 107439237 118714552 289972569 329644963
IMPOSSIBLE
IMPOSSIBLE
192068317 232538216 409056601 443560418 447120299 473413071
1 190815467 270776670 304970366 370100398 406121915
213416252 220465815 242573930 362070118 512762726 569231386
1 34049609 96701695 168137582 218054908 262535548
IMPOSSIBLE
163328954 197339957 253146197 452745633 473233150 500557653
1 126579164 238028037 352514902 388884793 493228846
185197858 238148743 273122805 296611579 435492068 454956716
1 81714255 185651233 208120818 450994084 488418213
225171006 250454517 358520523 422094090 483887503 612136238
1 42670929 125429716 173382332 250740626 324902762
