4 4 4 7 9 343913777
1 2 3 3 92299467 92299467
212197530 226846836 318965063 439746864 466183500 528904127
1 66104922 106708878 114112318 133103115 255691957
3 3 3 5 474412662 474412662
1 1 4 6 6 322796571
259634458 325322313 385789285 391408048 414599834 441653610
1 173415182 232545142 244849914 323065114 415708004
IMPOSSIBLE
IMPOSSIBLE
4 4 4 4 269105741 269105741
1 4 5 6 6 288479714
IMPOSSIBLE
75922886 97667963 266371111 267772008 404896630 482213314
1 26009622 95261910 208820631 362921270 438241646
115827050 120589982 314202897 414413205 477892473 509035807
1 12365951 118092201 185372607 308704595 402144707
IMPOSSIBLE
160723061 219149817 294276538 347119803 376224315 561758196
1 77312213 124198446 199995696 212471652 378748384
77245657 101592606 121587190 231217869 238582856 405657821
1 29894238 224989073 227298659 236870499 300820584
IMPOSSIBLE
28949242 36644928 125914783 309212425 341712034 448850614
1 98851738 124794828 224038015 232389129 267715327
397020385 416589730 425954583 521764034 619547164 651496656
1 24091973 53699597 131716417 164593811 224537368
138445929 144016424 162866132 173505363 211665583 474700859
1 39713591 77913412 166456678 233979223 263963087
2 4 4 5 6 193799579
1 4 4 6 433141779 433141779
IMPOSSIBLE
IMPOSSIBLE
87210896 208953510 258578025 318258643 440614048 536051574
1 130392066 222012998 242297642 283989375 285906212
105009839 114124326 190190095 328454756 443241289 492004850
1 56403227 296677245 337445319 350424654 459224760
2 2 3 5 394717427 394717427
1 1 4 4 5 254632079
66790509 84007142 163940537 203848249 277097964 558392737
1 177304384 212250554 312398310 353531132 404568958
117366927 174257000 308398992 319177076 411260350 443370129
1 61909893 83122568 98948215 162556624 447175140
7 7 7 8 194922187 194922187
1 1 3 3 3 410831164
92520945 104562324 162129881 328065981 344389537 401514944
1 166700095 291198168 297324410 325370241 426372421
13305398 14784572 65309410 231027939 431890627 467850287
1 133688729 155418544 192401464 333140743 373218582
232110130 275704094 375258593 426969509 459338527 519658116
1 50000271 167407213 306739570 333568082 362223305
187296922 230841993 291770564 361851203 434253577 598739183
1 96680288 103521305 263921267 271469434 283760850
1 1 4 5 430851080 430851080
1 3 6 6 6 375739567
206576777 244601504 251159016 270960890 341249171 419415993
1 103539436 161719788 224838094 259177565 413923557
257323498 270962761 287652042 320767497 337881755 343694496
1 95550772 171795688 211144458 323135923 442687205
33166035 49312991 75366259 184116043 221111745 265377320
1 62484051 86725278 101162768 246943108 454346167
247938871 266582789 287858488 340049083 346902788 526278888
1 29531132 301877980 339293271 342953302 370586390
IMPOSSIBLE
254522007 259292487 266533859 347247587 359752002 544529559
1 11357396 63705475 209340271 249889296 251870932
244351235 254137208 360760201 364359878 387214922 387314429
1 41100576 46526120 148877824 153795957 285671236
81368019 125601438 152904024 214391268 318928300 350725237
1 55100148 66548477 221616550 329035437 360529166
93849026 165043463 172799662 342193461 453974246 505489477
1 96546725 101572241 113509158 434947191 473260144
268601930 304741013 340280094 443537747 497580405 651267550
1 51493327 72685923 85021265 90094449 185844594
139918044 274285680 394817734 394967884 422506890 463836959
1 147989238 199328259 239271476 352266970 380703582
133698924 141462682 303876402 349940495 442504281 522886136
1 17757303 100590411 127742656 240581495 317885660
IMPOSSIBLE
320091841 346745704 393805336 432210284 509946698 563415684
1 99550854 258721845 281886954 317950770 340233766
127508134 182882174 279438182 306609780 316222960 337411683
1 78676285 150697326 166191967 445902622 486694542
6834055 132984757 146346611 282399947 298351990 394380705
1 198204302 372902836 412854367 418998500 463684940
90437438 120744798 199762376 297635278 344438336 387018430
1 94448858 98727725 154530750 175866939 244856041
85006452 156473440 270751339 289395455 367694848 408418456
1 90426616 192831631 204934583 379419991 434560998
179672111 210532874 229600154 237626423 275502087 352485112
1 36770165 70756226 166850909 189634145 276217602
1 1 2 4 5 235910020
1 1 6 6 82104600 82104600
19009628 60390418 178031998 294396279 328342047 345151267
1 160071549 160893380 195542096 311178801 385811994
89043078 117587094 119864414 241759215 422716937 453304906
1 37605014 81366829 382544828 385702407 492373705
IMPOSSIBLE
3 5 6 7 7 78747461
1 4 5 5 71941131 71941131
1 2 3 4 5 23945227
1 3 3 4 413588444 413588444
175746693 219252431 299567770 394824483 456945967 502086044
1 178604359 195372847 273762522 317411801 417522636
89131218 94680047 105875931 168191009 335272059 532120554
1 12537199 14000259 48780143 149286312 274577480
230153804 264193920 408013995 467847587 476521974 494864540
1 39489560 158467599 228074761 372333940 375231314
62187825 64183753 174398100 283426917 330153818 390449502
1 38342722 76412542 310104416 325831331 387527414
IMPOSSIBLE
IMPOSSIBLE
IMPOSSIBLE
IMPOSSIBLE
77606667 89375612 216610956 269112762 344866389 356618895
1 138607913 178805212 193583774 325702578 368844313
3 3 5 7 8 473482446
1 2 3 4 349489127 349489127
IMPOSSIBLE
200492543 269291429 308786469 328995109 513945433 536472254
1 79817862 95969707 202194595 202800011 319827819
IMPOSSIBLE
3 3 3 7 8 10409200
1 1 3 3 160315945 160315945
IMPOSSIBLE
2 3 4 4 310870542 310870542
1 2 5 6 6 187036005
IMPOSSIBLE
190215162 190241002 205154271 281471052 501676805 545677026
1 40016867 140113356 198151337 250625827 306335877
35560468 60613148 77869089 185838702 214598871 225151210
1 101192317 180479348 313894794 367542497 439434732
125275971 254657299 294384558 348485948 351562681 427234105
1 178472382 293088049 316527611 320347432 343485079
258996159 281685996 347345134 470177432 595101351 719504401
1 46571610 82099568 115747964 162745874 252811857
62645728 108402174 276144811 286043122 334890030 347329101
1 220924518 255559636 312931981 315219131 409904048
406187850 424771180 459741591 485701584 509654521 528207247
1 43861278 138290399 205731439 291456102 384301785
IMPOSSIBLE
IMPOSSIBLE
92020952 149358880 274909960 297774188 331619182 494859123
1 65700828 237324311 348124400 398789387 423584030
IMPOSSIBLE
294200728 344898876 397596673 398563414 471412218 473982291
1 171043287 227652786 349765065 352891679 461516467
42121901 90988046 169210695 311582184 340018899 496632676
1 118495838 131959102 166613210 181363321 458233982
IMPOSSIBLE
105913245 183374609 221620988 293405365 298291807 472142352
1 198689634 268247661 279426698 283584807 365111966
1 2 2 3 171095814 171095814
1 2 5 6 6 196628567
1 2 3 3 143587640 143587640
1 2 4 5 5 54876024
79057127 95265545 122730717 305412308 409114947 445661544
1 81701681 191180858 267963747 275819866 382872397
157058246 171328603 527886316 531438406 541461050 576866875
1 58086556 86749267 222898763 266346275 293830599
87683981 111853357 135264536 135590690 186413733 377961383
1 59260022 134007499 135808665 354187686 412401921
315563287 341178574 347026453 381492212 474404957 514605650
1 35071947 182305457 314914474 320946521 421049307
64203758 139353874 191011257 292911536 312500544 494045800
1 129363196 256396902 262323499 337193345 489301757
95507042 152103862 184740439 298245025 405811323 474748420
1 264371460 372999535 395950922 401384001 432721933
293071836 365480512 407333399 419535896 444340902 541363734
1 86759774 241419084 242179296 320890175 359229821
49688373 231870340 239593163 288970324 307691557 323536537
1 212909868 251882284 296655216 345789231 446235675
144516677 236227405 312827591 353635012 386827413 485734205
1 92238544 96474629 113468878 213636397 310017797
IMPOSSIBLE
5690077 227104380 369737501 416303895 468648057 489669772
1 302387845 314069072 321701778 327938773 485764657
