IMPOSSIBLE
1 1 3 5 312220661 312220661
1 3 5 5 5 378045352
158307185 255849494 301076937 327375355 537927529 594436756
1 118392567 124699592 135979784 209474665 365846758
267149971 346929806 414471087 417751906 467352076 497945858
1 111330440 187804271 199139940 348394044 353420245
IMPOSSIBLE
IMPOSSIBLE
4 4 6 7 9007461 9007461
1 2 3 4 5 475396834
22580412 57718016 134137163 178594507 240199559 247014088
1 94442820 186179457 313540360 320405390 347119842
126926882 213641640 388002460 455714140 515661136 597166934
1 94079316 110696494 119568384 149478877 290178759
79662221 93875598 96040251 295345415 468106227 490744669
1 25166154 26923584 66255570 381362992 418794972
4 4 5 7 9 362138903
1 1 3 3 295231212 295231212
IMPOSSIBLE
184890705 272625801 327398154 332557109 585707778 616304709
1 156722758 193366978 262411481 277659186 289379405
IMPOSSIBLE
1 3 3 5 6 292504396
1 3 5 5 276898106 276898106
126527609 177889527 214272747 282913333 316896436 407572284
1 59573099 84523455 157599295 228175921 341406270
IMPOSSIBLE
IMPOSSIBLE
IMPOSSIBLE
200268752 220765189 309938334 339609555 527822043 588142089
1 59807370 256807456 283337727 336617330 397552989
156981714 229290196 334721526 410613799 440459760 519570373
1 75811037 85140437 210743959 430992488 434551771
167965367 210740915 220482984 221933620 248421112 530711810
1 169328639 225688701 244570561 297064137 299729542
2 2 3 5 464200668 464200668
1 2 2 4 5 167030359
36311537 64586386 144656660 375184876 400846754 447689211
1 63713142 329756550 358851835 403587755 423754059
182214930 183553907 352912819 515486351 572889307 595658875
1 173764621 185466683 270469234 273747332 323774609
166270800 192677703 281405713 363293083 560124624 605950179
1 37529104 169916251 179444345 224634252 227882901
50078839 78332578 173578586 188904078 356380287 449037681
1 91673521 152922026 171960225 208361701 247806289
211685385 256526801 297878854 316416020 415309887 434861546
1 62062377 143656087 186878327 226984343 306835603
287477618 290248594 461716702 491520697 613595933 630126447
1 102500898 127878402 226909284 248542902 256593587
207958960 279109962 412124693 418126756 423489931 488909169
1 120936405 139449686 250164452 250753449 276478172
90448568 130821126 157558214 445488785 490116255 558474989
1 58442569 119151773 128287406 166043314 286540065
253402429 261851373 550440730 579132102 590450070 668020152
1 35472514 41998666 97602163 134476376 312716223
36121392 89205800 186503469 268244686 345519485 405604495
1 172444238 223340387 307911873 353397111 393678481
141693957 214125928 394175999 460372379 557857133 566750366
1 122695467 233055396 296796133 317528843 372723094
70185565 159928566 273611719 316652117 413044789 431594541
1 133189459 168916846 245404029 333161002 362402169
IMPOSSIBLE
108551912 151042507 214828506 280619429 448314519 481090477
1 128853099 196487261 284675455 363100708 387276162
222947598 237794492 256260398 307595548 321515533 397581239
1 165161809 223244684 252026098 270790106 316645756
1 1 2 4 246106733 246106733
1 4 4 6 6 383704653
269670111 296113280 390038916 422973169 460967632 523593718
1 67148632 118279355 166254454 193525702 211326100
2 2 4 6 217796295 217796295
1 3 4 6 6 491956280
62284489 124562959 257520448 442245933 504055884 516020341
1 110828150 194243669 296287446 299012426 420405104
172302099 228966647 262553194 284562835 420358210 475072021
1 135764261 200520466 298367689 320701529 373822888
IMPOSSIBLE
80277740 166681206 239075249 296214110 462763423 483780149
1 256236242 300933276 364217175 372221578 495351219
IMPOSSIBLE
IMPOSSIBLE
173832751 227908148 241760872 403137584 421351897 437152138
1 78879547 86218422 302244564 386817645 424594237
156077005 156312514 279560173 347290771 359157493 426052850
1 6592735 77616133 101144140 148624372 222671204
175368957 348880217 415138911 468650821 475561462 492071891
1 270340780 276897043 336321696 447419387 457856594
319622975 415124274 446389446 501047667 534178800 534845990
1 242674005 249531089 292697095 299048553 325627446
IMPOSSIBLE
231696074 241235883 255546727 309231748 415650684 432064897
1 126927376 190801426 229388319 238853463 366400803
IMPOSSIBLE
93663043 123175195 319601894 356075944 425630623 504917027
1 44372297 118381595 240703218 260690248 316305847
290325750 350934035 404107819 410635623 466832374 556085423
1 70253169 158775624 250731397 301929850 315944360
1 1 4 5 322544719 322544719
1 2 2 4 4 341093082
IMPOSSIBLE
261083125 292506766 329895978 334198518 369594146 586086009
1 79655073 117404761 312231571 317336691 331984909
143712309 192782296 202506912 246781625 544354590 571986228
1 65483224 140435622 163141968 233704817 342572656
126764916 127734109 317927449 324080016 407988012 456683886
1 13629736 152702881 163650756 285148090 338491656
174423790 193962883 253124631 341576952 496901800 592893218
1 31902742 132173580 158775573 245764808 314950107
443012520 462198551 470427955 493590364 619185332 712097202
1 29955256 31044515 59814339 130005649 188731511
210648180 249221152 431854695 490294531 529257872 576421760
1 117839123 151434954 156560682 225016461 250374850
94757040 189704508 216864080 251005099 255171137 279752692
1 149384434 244352164 249267741 257719948 346543557
IMPOSSIBLE
IMPOSSIBLE
126090765 134536680 273545168 294127969 326068545 345741036
1 25267703 220120840 360693267 363105164 455828164
193211943 196645076 256493765 385665249 479559993 491265596
1 8613174 181125162 329860391 411437830 484671181
128371709 129304032 157704441 295631462 320010077 481347899
1 120878182 186766738 236714715 322727917 347343914
179322046 243422503 425209337 474991912 504322695 540850081
1 200322857 230517878 247858922 259266054 355265646
69674287 190038099 298326974 314466021 397632912 460925911
1 158413517 166357348 301126999 356356118 410678279
70978523 75136592 81235043 130920184 288524379 503708678
1 90895001 91574236 96449874 137112740 164992114
149190550 227234110 300701015 327573008 415837492 434532265
1 103990794 119840448 121710469 318341294 324154810
120036761 139190091 176738815 177239061 293962834 363244476
1 19303154 161730504 217754940 349218189 392219894
IMPOSSIBLE
IMPOSSIBLE
47097791 72969554 211805173 281247676 350491003 486815286
1 59930160 204554849 356720748 390531530 446889739
IMPOSSIBLE
244069203 244856529 270899106 341254200 393828557 502107179
1 2723469 110719244 188804132 274772328 424392242
69242434 76525615 183257908 380991430 432805610 512195139
1 16662544 28743574 140040570 262485684 424481337
IMPOSSIBLE
480307511 502451150 522383343 547413417 555243485 619337608
1 84081736 111522022 225934811 252905943 279329876
213651659 216563442 264767651 307304338 391428178 408238861
1 67199758 107598337 113943755 277623617 467880707
91310052 204539492 265497456 278869693 309589999 371615726
1 179550925 181341122 190047921 213685287 408682688
26693518 63078975 215286019 273178289 397745947 495328603
1 63648228 319936276 406723299 415590770 424965605
97030339 146403643 165856511 258777651 277365722 507524037
1 77686837 85772153 161877112 199578650 235659272
49696054 66095527 137633445 145782030 154819193 432447286
1 169358554 324516792 371860695 420031089 434422117
165332249 235762635 255094626 260976430 347246030 370513183
1 104866735 189691650 220677764 291095616 378874891
148988963 233934886 316736636 379009735 391050922 469411415
1 191659001 228366860 265595529 273157344 354290978
IMPOSSIBLE
24066977 85220805 288591880 422971485 484743022 505544251
1 87397458 99415613 263194775 393790174 442876089
116217798 128057404 312507218 371746474 409702666 420900354
1 73855996 91756598 267352285 301294069 335556336
2 2 4 6 364328394 364328394
1 2 2 4 5 60230695
78674365 94665122 108759813 146353348 291908128 451423218
1 93278828 162351306 163877198 292023616 299184764
93411614 176661638 287504862 296408855 539837040 573097159
1 184500170 205737763 256475507 291112920 379329176
3 4 4 4 6 8156224
1 2 4 6 58707343 58707343
IMPOSSIBLE
115247653 146616260 208024092 329134737 477065909 568960795
1 101707637 213524287 225241812 232070133 382246074
1 2 5 6 49440501 49440501
1 4 4 4 6 337923136
