1 26324749 106717558 361369449 454312485 476171674
12757895 137071664 196094971 269957626 378193022 466903687
IMPOSSIBLE
1 1 1 2 5 385356145
2 3 4 6 135755663 135755663
1 4681612 53985648 115988404 202723017 345063168
91377452 328849550 428902685 443033090 530390044 546314958
IMPOSSIBLE
1 11836938 18240997 56304950 161144064 335558087
230740277 273046733 304663093 400519739 487605445 571009245
1 28026529 170336455 226886761 247852188 351646429
42089254 102475375 283208032 346925629 498456847 517441966
1 3580239 15054285 22585592 230750237 431676621
65982253 101880443 127117847 150273160 323296751 376275058
1 2528312 61339547 87156966 126193234 260131465
246287054 251573474 563067098 566917546 677580065 678400045
1 6367616 41759594 76329476 113416288 124907547
345466288 372166957 478682744 503263392 566889286 650644636
