100
159140402 192368842 247890790 281119230 305344502 335167314 338572942 372428852 405049853 423917702 439914350 461179240 481371414 493800241 518632952 528664738 534177767 551253953 567406207 583464808 586118450 607954824 616693248 641183264 710204679 747466217 759491720 780087218 783981736 796753258 814951715 821243274 829374259 853864275 864238756 888728771
39266037 73585835 134722141 147660299 150991130 169041939 181980097 183773579 218093377 244094221 246447234 256306715 259385392 266159265 268552618 278414019 295498672 302872416 331873389 351762819 355819314 361615369 364700977 374553527 380277711 400814257 410666807 427329493 440267651 461134899 470987449 476380931 485593296 495445846 536701573 561159969
53473023 58590473 65994326 99283773 104401223 111805076 148676957 185589010 190706460 194487707 198110313 239684998 244802448 248525392 252206301 253642842 261046695 280792944 287030667 332841417 334888932 343729326 364923486 370040936 377444789 419146654 460127420 473242642 479149549 482083036 524960299 598481130 611265536 665361524 674201918 790600011
91195988 160216470 190869672 299121534 355769047 368142016 398795218 411423921 421730134 427001834 480444403 496022316 504467927 509149754 511097605 516215353 526675518 563694593 573488409 578170236 604141611 608823438 629655680 675996980 691574893 724140899 741958067 757535980 769040986 773722813 835002073 836443286 839683900 852021199 929487292 934169118
110914248 219657627 225196719 258787752 333940098 334751221 360334577 373070223 432881170 439544569 449033692 455004808 456847161 469077956 508208081 541624549 548287948 550027066 569287279 571129632 580754674 584171550 587418073 656718143 658770445 663381542 697900570 704425137 706267490 773864039 776971730 778814083 783635129 785477482 894117626 895959978
2 3 4 4 5 6 6 6 7 7 7 8 8 8 9 9 10 11 11 12 113375986 113375988 113375990 113375991 259663201 259663201 259663202 259663202 259663203 259663203 259663205 259663205 259663206 259663206 373039184 373039185
77464293 111096148 127350673 160982528 195666523 229298378 304792116 347105966 354678496 355158779 380878975 388790634 396992346 413211411 414510830 418392838 422994346 463097791 465308196 468279218 481848909 515480764 531413641 536595068 582486602 608206798 624800452 650520648 690905897 696087324 709176732 716626093 721807520 751490582 817596027 822777453
91488956 97829002 111011821 117351867 130645565 144970282 150168430 164493147 306914525 309828335 316168381 326437390 328687329 335027375 348984944 363309661 367843938 374668639 379423871 382168655 385763917 394191504 418559958 418580480 424900004 432905197 457716567 472041284 525253904 544112898 593008018 594849440 611867012 633985527 662603554 701739640
170836308 175201793 202538352 204657192 206903837 217397349 221762834 236359236 251218233 276100875 307802919 322661916 360297387 391999431 406858428 441247294 445612779 475068178 487050880 518752924 530879976 533611921 535245461 546511861 564700860 621379593 625745078 630708373 636144543 655200477 720341055 726644160 757461866 810840672 847094548 937594164
141050756 148957761 153151863 161058868 234281362 242188367 262794859 274895966 276108691 288209798 348938836 356025465 356845841 369339297 457784599 462970053 469885706 470682939 470877058 483996771 494461203 506562310 528264826 536171831 551015205 584714156 587691809 598027988 650008929 663322761 665672679 702349283 779703896 816380500 844998669 881675272
100398913 102735422 128554956 130891465 263633356 291789399 310721085 313057594 316029313 318365822 335404872 363560915 391328456 393664965 394414533 394951833 422570576 423107876 473955528 479263756 545727044 551035272 554562899 560350423 562686932 604736705 605274005 610044933 610582233 626334415 685344076 685881376 723584866 795356382 854366043 854903342
169874153 187868530 211330678 215846296 235029913 402544097 418699566 420538474 436693943 444000622 448516240 448992289 460156091 464671709 466986666 467699857 472342361 483855326 484354717 490336738 490448814 494964432 513798886 514148049 518314504 537498121 560450677 578445054 601907202 606422820 625606437 717024661 733180130 763472853 786822925 874931240
161266524 200840974 230693665 244181604 256674171 283756054 313608745 339589251 404803846 407550823 437918076 447125273 476977964 479131611 480487639 487718926 502958470 518706061 520062089 520833156 548558752 549914780 574539258 575895286 644794849 651088145 684202375 684369299 714221990 722668933 724024961 740202496 755783163 757139191 888332171 921446400
101995091 113152879 232062503 243220291 268213783 285167996 318583594 329741382 398281195 415235408 417450768 428608556 463940147 468812420 470953459 471418004 475097935 482575792 484802286 501756499 583669460 598879832 600623673 601020871 630158839 637636696 647113052 654590909 685400923 687541962 784268097 786409136 830757476 832898515 838235333 840376371
164077873 197121061 238600075 270602774 303645962 317526818 331449417 345124976 350570006 353811864 364492605 371134362 386855052 391182963 392049020 405971619 425075221 428334066 477659263 497707864 524583307 531600122 538505906 544631908 558554507 560868353 578524166 580916954 592446765 614809212 654126785 687169973 728648987 861183274 881231875 915124132
279193147 313797305 327485205 362089363 373138556 407742714 417548813 425978101 458461316 465840871 474270159 493065474 511494222 514914554 519923510 537119268 563206612 585411326 596816982 605246270 608859963 614371966 623471921 631064677 648976124 658076079 694182723 716387437 752727632 761156920 761827587 770256875 850093373 859193328 872298087 881398041
169429601 194226502 210817291 235614192 237266798 262063699 274987747 315352937 316375437 341695356 342824944 356740627 383083046 383190134 402990901 409532553 427787802 434138305 466975540 475525995 491772441 501975502 508549047 548914237 550155995 572533686 574952896 575256656 612898876 639241295 655714141 667699605 696079331 722421750 731684244 814864698
98126650 116164616 147810704 165848670 267562202 290263846 309989355 317246256 328027321 329373866 339947900 379057920 411944986 429982952 447271756 448123076 465309722 479424907 497807130 502126551 502214962 520252928 541236571 581380538 604082182 616707308 639408952 643192202 659985781 671650514 678518972 694352158 733462178 761941412 797268182 852211387
3 3 4 4 6 6 6 6 6 7 7 8 8 9 9 9 10 10 11 11 162305433 162305433 162305433 162305433 162305436 162305436 162305437 162305437 162305438 162305438 439614152 439614153 439614155 439614155 601919581 601919582
176187526 193386491 235818776 266657196 273330917 277759466 283856161 294859908 312058873 326288446 331141470 348340435 354491158 363800587 368229136 390772720 392003299 396431848 422806811 428284861 432713410 440005776 473018855 482438061 503483949 519950202 520682914 524378751 563115199 563488525 591691237 600627340 605055889 627972799 719638140 800315277
158409866 174965699 198526341 215082174 248820628 249063543 288937103 289180018 311538078 313202383 329758216 351654553 403613145 403856060 425012771 441568604 466330595 493653187 510209020 515423533 515666448 518599850 535155683 578140983 584063949 584306864 599264608 609010612 609253527 639381083 646781399 671728062 754057125 865867513 934507929 959454591
3 3 4 4 5 5 6 6 7 7 7 7 8 8 8 8 8 8 9 9 36171933 36171933 36171935 36171935 36171937 36171937 36171937 36171937 36171938 36171938 130736327 130736327 130736328 130736328 166908256 166908257
112109263 159179932 167218187 208815408 214288856 240472281 263924332 295581205 313920579 351586982 360991248 371074232 376540999 396728069 398657651 410626724 426183156 431649923 442283597 443798738 448293127 479950000 480892338 493434214 525091087 527963007 572885548 577598483 578352315 609255356 610551951 616018718 655693038 661159805 739857307 745324073
84266279 91061901 176577589 183373211 191271847 192014168 198809790 217116874 217487021 223912496 248324313 283583157 283592353 299019736 309798331 324122442 325234910 330496716 337292338 340635623 344986684 350337616 351782306 356072202 375903663 381174908 391340242 416442948 437502284 451992252 463717458 478207426 494554750 509044718 529822790 544312757
108870141 178772604 194878275 258546927 271421178 328449390 339343229 344555061 352532446 371283081 421097964 441185544 444347777 452580004 457291215 482621874 489020015 502209232 514250240 522482467 530355911 533834118 538588138 552524337 568630008 601756169 606898814 614945386 615131041 645172911 674820865 683053092 688010082 696242309 713094962 726284178
3 4 4 5 5 6 6 7 7 7 7 8 8 8 8 9 9 10 11 11 71010492 71010492 71010493 71010493 71010495 71010495 71010496 71010496 71010496 71010496 143857948 143857949 143857950 143857952 214868436 214868437
67914089 150751329 175669431 232180225 289183752 310297587 349133860 353369537 372020992 393134827 394887487 396939094 418052929 436206777 453449888 461124879 474563723 477724727 497488169 502272224 502642829 517635673 559153623 570403523 580325409 591517358 605243511 634589308 661754305 676107258 723541887 744655722 778707940 787727672 829245622 931846303
2 3 4 4 5 6 6 6 7 7 7 7 8 8 8 9 9 11 11 12 57977179 57977180 57977181 57977184 228242187 228242187 228242189 228242189 228242191 228242191 228242191 228242191 228242192 228242192 286219363 286219364
61060445 169159509 183375469 203444685 242609279 245031024 291474533 302502609 311543749 353034063 353130088 364924303 375046096 382810466 384993519 410601673 426579858 460399695 475349087 484051443 495418303 497361120 505125490 517430336 525194706 537004642 559016675 566781045 568498759 594476227 616488260 624252630 641948529 752373313 774385346 782149715
4 4 5 5 6 6 7 7 7 7 7 7 8 8 9 9 10 10 10 10 117576862 117576862 117576865 117576865 186012088 186012088 186012089 186012089 186012090 186012090 186012091 186012091 186012091 186012091 303588945 303588946
63053375 119822651 158566570 159907211 162216458 172268088 191800350 216676487 218985734 248569626 255420406 257729653 269121924 271431171 287313545 301015063 396154955 443603896 452924231 473085642 475926454 491668150 505369668 529854918 540457732 542766979 568598837 572350871 572780290 575089537 582300355 604673429 776705476 809028034 853636163 885958720
2 3 3 3 4 4 5 5 6 6 6 6 7 7 7 8 8 8 9 10 274670660 274670661 274670661 274670663 351572878 351572878 351572879 351572879 351572881 351572881 351572882 351572882 351572883 351572883 626243535 626243536
3 3 4 4 5 5 5 5 5 5 6 6 7 7 7 7 7 8 9 9 81013157 81013158 81013159 81013159 217981973 217981973 217981973 217981973 217981975 217981975 217981975 217981975 217981977 217981977 298995126 298995127
155298359 172864410 202849601 265071590 282637641 283798613 312622832 325913009 331468306 343479060 349034357 373464251 379019548 393571844 454413263 459968560 465809093 483372558 483375144 500938609 513360335 521223081 530923800 542175013 594309347 611872812 630996312 651948244 691837731 697393028 712789663 718344960 831733815 849297280 852685747 870249211
180296020 187461281 193096350 207827226 214992487 216597723 220627556 244128929 279940004 287105265 292740334 316241707 344003489 351168750 356803819 380305192 401494219 429025425 433370235 440535496 446170565 469671938 494229583 501138203 521760789 565201688 593873567 611677616 618842877 624477946 647979319 654568434 657937052 747303798 832875815 925611178
149961244 173561626 183178578 187138112 206778960 210738494 240097404 263697786 283641187 316858521 320818055 329457534 362674868 366634402 370396126 373777347 393996508 419593694 448010287 453423587 459949585 481227621 483549967 485187155 486640921 490600455 504076069 538146447 543559747 549892416 593629528 639445875 668445169 673858469 757998628 763411927
213154737 222919517 260768583 261533043 270481418 271297823 301281885 307643242 309146889 311046665 317408022 318859724 348895731 355257088 358608566 364969923 416247887 426012667 463861733 473574568 490667325 492032971 501797751 539045631 539646817 549359652 578794473 585155830 587834744 636213050 675961892 682323249 693760475 769545559 790927894 866712977
146111994 148240472 170881776 251648972 266347132 268475610 291116914 322004648 324133126 346774430 355622068 371884110 427541626 466984358 475857206 531514722 536099295 538227773 560869077 579424027 581552505 587219496 596708576 598837054 604193809 621478358 641636273 642877012 684961005 702245554 745609369 788934101 806218650 856971659 900296391 917580939
29488306 61432647 164138403 180473962 215692383 232130917 264075258 346480496 365523026 366781014 378424837 383116573 397467367 417503475 418334994 436261252 449447816 481130593 494818992 497466152 500173123 516508682 526763333 532684573 551727103 552153572 568489131 603707552 629469089 638903863 645804648 681023069 753253442 772295972 824276421 901591937
167033042 276953943 310200577 420121478 432680218 434580550 437726547 460765380 526351786 544501451 546902490 547647448 570686281 575847753 590340446 599253071 656823391 669519321 700227726 703373723 726412556 733507981 742420606 793899294 797045291 812549666 820084124 857887954 861033951 866800579 869946576 884072784 892985409 906221234 970209894 979122518
2 3 4 4 5 5 5 6 7 7 7 7 8 8 9 9 10 10 10 10 395714256 395714258 395714261 395714261 447312330 447312330 447312331 447312331 447312332 447312332 447312333 447312333 447312333 447312333 843026583 843026584
26127596 71712960 79651703 110712341 125237067 162697931 164236448 171508240 208283295 217093604 247282676 256092985 260072400 266794266 287086311 305657764 312379630 340610418 344657145 345008819 351379011 392140518 398532926 423656646 432466955 445664625 481579154 490389463 521031115 527752981 528710853 537521162 578953623 585675489 626085322 632807187
67438256 70307189 272072305 274941238 369681219 429692969 432561902 465490810 483278632 486147565 504736717 507605650 511984736 514853669 521128064 528856708 574315268 670124859 725762113 731935932 733490757 785521595 806979680 814227699 827745523 881331186 883382777 891111421 902789271 910037290 936968440 944697084 958426525 965674544 966155169 973403187
61844251 105798801 119376331 163330881 192656209 225028546 236610759 248654794 282560626 292609344 336780913 344068405 355840504 388022955 394312993 411839089 419678806 446258462 467592871 477210886 503790542 507252700 508147683 523591456 550490764 552102233 577070420 606489349 619005067 633069005 671331978 701902960 728482616 783084345 865982238 892561893
3 4 4 4 5 5 6 6 6 7 7 7 7 7 7 8 9 9 10 10 194973005 194973005 194973006 194973006 194973006 194973006 194973008 194973008 194973009 194973009 468722580 468722581 468722583 468722583 663695581 663695582
451595226 476771322 485113280 495986675 505226289 510289376 521162771 538744343 549617738 557168329 570516859 590686383 592949323 601559778 604034913 614908308 626467377 637340772 639200225 664376321 692831288 744773328 758121858 780554322 810146701 820140348 835322797 845316444 863777764 873771411 915719804 925713451 929068334 939061981 951500798 961494444
2 3 3 4 4 4 4 5 5 5 5 5 6 6 6 6 7 7 7 7 276035566 276035567 276035568 276035568 296736340 296736340 296736341 296736341 296736342 296736342 296736343 296736343 296736343 296736343 572771903 572771904
160136366 172311897 269603436 281778967 301322610 332537486 380547783 392723314 410789680 431426864 442004556 443602395 447608793 474546607 489843322 502018853 521734027 526575390 538750921 552948903 557075863 572613108 584013677 603827984 631029566 662244442 667761634 668020210 694958024 698976510 718899291 745837105 777315749 804253563 814047817 840985630
229056122 244962127 302066166 317972171 344537639 349111018 365017023 417547683 464592535 465851804 481757809 505066205 549708936 551518662 565614941 578076249 581333321 584992400 624528706 625121101 634715880 650621885 658002444 665190453 671573558 705047296 741861887 750197397 788314344 821788082 825719019 872171476 905645214 910725963 957178420 990652157
91073928 96652167 151561149 219279435 224857674 278340064 279766656 283918303 336743688 338827285 390825783 396404022 448632173 451313004 454210412 460746392 463470182 464949195 478790432 484368671 509119394 524009824 539277653 588951899 591675689 636495543 648012528 650736318 694301933 724460192 760498247 763222037 818304637 821028427 848462896 851186685
49494633 51402058 131199468 207522924 209430349 280921734 282829159 289174183 289227759 295205940 319475856 321383281 337642451 339549876 362626569 401180691 403184434 412621670 414529095 419347286 447202474 453234231 494326505 520601284 526633041 559155406 561212725 565187163 577322001 583353758 634611535 652301220 658332977 673165657 691332252 766311470
99954627 146093152 228337515 273955761 274476040 320094286 331039532 341379792 353006850 377178057 382486544 393994735 428625069 440133260 468801088 469762680 476179057 481389738 515380926 527007984 572464697 584091755 597183976 604561945 623911709 635419900 635538767 642802222 647046958 650180191 699885993 707263962 751333005 758710974 762841196 770219164
2 3 3 3 3 3 4 4 4 4 4 4 4 5 5 5 7 8 8 8 279978336 279978336 279978337 279978337 279978337 279978337 279978338 279978338 279978341 279978341 429567604 429567605 429567605 429567605 709545937 709545938
68463376 97564223 137352279 163833537 166453126 197641958 226742805 228951395 232722440 238622743 241736966 258052242 267723590 270837813 293012119 324321556 333992904 337107127 381606816 450495719 510785398 542094835 545595777 551766183 554880406 562799378 614484680 631688281 674774359 691977960 706083796 715755144 718869367 723287397 732958745 736072967
81378283 97959737 172599057 191011488 223853311 267911595 284493049 307790294 308357558 324371748 324939012 359132369 377544800 399011068 399578332 405977125 410386623 417423499 417990763 422558579 450265322 450832586 483973644 485241352 497197899 501822806 515610330 548452153 576462126 594874557 627716380 670506956 710385655 710952919 808572486 887836712
2 2 3 3 3 3 5 6 6 6 6 7 7 8 8 8 8 9 11 11 218934042 218934043 218934043 218934046 359015753 359015753 359015753 359015753 359015756 359015756 359015758 359015758 359015758 359015758 577949792 577949793
50599445 86959274 98454053 104054568 104751033 134813882 141110862 144490830 151909176 158206156 180850659 197945953 259692329 263515419 299875248 307546937 313843917 316970542 341618344 353583714 382429864 389472952 395769932 430284472 435509729 436581452 447346943 472608303 476321249 483706772 500802066 554534318 595345838 656439827 738365842 779177361
110328654 131976808 166122003 195396454 217044608 251189803 267708365 274745984 289356519 289510685 296394138 321261290 323501714 330539333 342909444 374578485 375078906 377054639 396727060 401986241 430872255 436705000 446890396 453928015 487054041 500443321 521772800 554260937 559365952 566403571 594084711 601122330 612918877 647637636 666736493 701455251
5 6 6 6 7 7 7 7 8 8 8 8 9 9 10 10 11 11 11 11 103282260 103282261 103282262 103282262 321845806 321845806 321845807 321845807 321845807 321845807 321845810 321845810 321845810 321845810 425128060 425128061
115822318 248905518 304225882 309587932 376084133 419978455 426491673 428523229 437309082 442671132 490909895 519805900 523293100 553061655 561606429 564487697 569849747 614895237 620257287 623993095 680240270 688785044 708209464 711696664 713571514 717058714 730647810 739192584 751171710 801579250 823962037 827449237 832506811 835994011 894893477 898380676
102157873 148233770 207742739 253818636 276069444 322145341 366262488 399930910 412338385 451464666 463272954 477988485 490810684 497540563 505515776 536886581 561110931 568857820 573842481 583573351 637184525 651900056 664035525 666695797 727377569 735022502 742093100 749237703 788583721 812579747 825215546 827295278 851925765 866641296 910417724 949763741
153245937 237569066 304847112 317413047 330388640 344521163 349839580 376599214 401736176 414711769 419378562 445508221 460922343 468378028 469014222 481989815 503701691 508688273 514006690 521663866 526982283 528200389 552701157 567874440 570979737 573192857 609675331 610653788 615972205 619979203 622650924 659653254 664971671 668861498 711640846 760640311
174093200 210529943 231188266 267625009 277812676 280277278 286663807 314249419 316714021 343758873 368606419 390383283 392847885 400175362 425701485 436612105 472325895 474790497 480318770 501356861 512745969 534292120 537413836 537793604 584038246 586502848 591387186 594688581 613927468 638011596 640476198 695870080 706400932 760374282 807582431 861555780
196782100 204426883 269218051 275513240 283158023 296858123 312116506 319761289 347949191 350206750 357851533 375589263 384552457 412192529 422642701 434023106 441667889 446492967 449549579 450282773 457194362 506459057 521985530 525224107 534099129 549625602 550318956 561827373 599917617 629050096 665653362 683733973 699260446 703743606 787559962 803086434
108270272 139397329 153149115 184276172 193205220 238084063 271688071 284462833 302208047 302815128 315589890 333335104 356623019 369397781 383723704 387142995 428602547 435191982 466319039 470867300 495181273 515746143 520126930 540060116 547141503 559916265 577661479 634285099 647059861 658599072 664805075 671373834 689119048 710645414 797789010 822102982
262275071 288778533 319500831 370775067 395566002 412670844 439174306 462947567 469896604 521170840 545961775 576116829 602620291 607189386 613343340 633342589 633692848 664415146 684616825 709407760 715689382 723025456 727732665 740480317 749528918 754236127 776789325 780251216 784958425 807861882 831525452 836232661 856316387 861023596 923697952 928405160
6 7 7 7 7 8 8 8 8 9 9 9 9 9 10 10 10 10 10 10 298672971 298672971 298672972 298672972 298672973 298672973 298672974 298672974 298672974 298672974 394654118 394654119 394654119 394654119 693327082 693327083
203397432 249507321 261791534 274030619 307901423 322111204 332424721 364450402 378510227 380505306 410560291 424620116 435083589 449143414 480647637 483164174 497223999 510429968 536036800 537132761 539041739 568824070 582146689 583242650 606669987 607765948 641700607 654750572 655760432 655846533 671482938 685542763 813287005 814382966 843069336 844165296
3 3 3 5 5 5 5 6 6 6 6 6 6 7 7 7 7 8 8 9 414412446 414412446 414412446 414412448 467028328 467028328 467028330 467028330 467028331 467028331 467028331 467028331 467028332 467028332 881440770 881440771
115268152 128888963 143028821 156649632 265032936 292793605 311449527 323986649 325070338 351747318 383607683 384057984 397678795 407543459 411368352 421164270 454534362 461214311 468155173 501158201 520168024 528918870 533822768 557308243 579789058 592776481 604299146 616261956 652397515 663252859 675882990 697339576 722873893 769948033 793433508 840424410
126570971 128499786 206286868 267064351 267578256 269507071 326157528 328086343 347294153 372313983 405873425 408071636 429779241 431708056 446296485 448225300 466650908 478932179 492204056 494132871 509495138 513321268 526012382 570272621 571900540 571919953 586789865 619939464 632697436 675522253 678518736 692039497 737947068 782140449 798657693 844565263
78837187 141068694 163505035 198240965 214518346 225736542 264979189 275207981 276749853 282908813 327210696 333922124 337439488 384382967 394611759 409202912 471355003 479090432 493870760 525588701 544884071 556022851 563758280 587820208 595344914 605573706 607036162 614771591 644992479 657497005 665232434 667725797 675461226 855954426 918106517 925841945
49318437 74554409 89310264 108409508 114546236 133645480 146584724 161826311 172293280 186576551 197529252 201818138 205675795 220917382 256740464 269559567 281976436 284801154 354006751 369248338 371060762 383183092 396296734 423174919 442274163 443294590 468327049 483286417 483568636 502385661 506157935 566269433 590605119 650716617 704925417 765036914
33496116 44114266 80060514 124555623 135173773 167158088 171120021 177776238 210418968 213722486 221037118 256983366 342358321 372142708 433417828 463202215 476020293 479965486 481043524 481405243 490583636 492023393 505804680 519281173 526529884 527969641 549065560 572103031 614705496 657966376 788827691 790267448 818612078 820051835 927512894 928952650
54129493 174298781 193491971 193974552 248814065 292194788 313661259 317889663 333337030 367523989 388176543 412364076 417275727 432039847 438058951 457734722 468341593 482325052 486879360 506886467 512574235 537445015 557120786 602494340 605589284 607704071 611960299 622170111 631284159 677009624 706406888 730670223 732101763 795719548 831487827 896537151
118669896 188231557 221008609 229575460 239729467 249742351 283156097 290570270 309291128 319304012 331914173 337851543 350635031 360647915 363257224 385494810 404215668 407413204 414228552 414825933 448757107 465595937 484316795 494329679 502337744 517164646 535885504 545898388 557059401 582438871 626621062 634007580 667964965 721545602 801646729 853215437
250018572 255092212 347960282 353033922 357642978 357941248 362085619 362716618 367159259 455882958 465565654 470008295 486882243 536153984 552605631 557679271 578992989 584823953 594506649 598949290 631389865 634095694 636463505 643778390 648221031 660528307 676934699 686617395 691060036 739312541 789469302 838741043 868253536 881580048 917525277 960364281
3 3 4 4 4 4 5 5 7 8 8 8 8 8 9 9 9 9 12 12 282210750 282210751 282210755 282210755 402905248 402905248 402905248 402905248 402905249 402905249 402905249 402905249 402905252 402905252 685115994 685115995
84209750 125145454 205334127 210534249 217001486 251469953 257937190 310421381 331658626 338125863 372628811 413564515 428893637 436745880 443213117 446511673 493753188 502130868 504396710 543066572 545332414 555218136 561685373 572836172 579303409 598840442 623255245 625521087 717312698 728342499 730608341 734930734 846814755 849080597 864432791 866698632
173556098 181169321 198603881 206217104 254303400 261916623 325033826 344867804 350081609 352481027 405781128 439706026 447319249 472972979 496345532 498020762 520572360 536588199 545620143 553720281 561635982 591183754 601319662 611065200 617335501 618678423 644284685 691884066 707899905 739122907 762542928 786722288 802738127 910482081 958081462 974097300
193757749 202773408 213539134 222554793 233707023 242722682 319933828 321877305 328949487 341658690 361826579 379026558 398807943 418975832 423147501 432163160 432779335 448053384 452560720 472728609 505202637 541108783 550124442 551267057 558955414 584043066 603824451 608416310 623992340 662169087 669228339 710219145 726377592 780130369 813432818 931394099
218552140 224944718 276875880 361729597 368122175 370164554 373081455 376557132 379354725 385747303 406470676 414737696 420053337 428488294 429865114 436257692 437678465 488188854 516258912 524693869 533884040 549648133 557915153 558083090 566350110 567273261 575540281 584394429 604825507 611218085 617783650 626050670 663149247 759354822 792744043 801011062
14891352 20905406 66159152 72173206 247346926 253360980 321705040 327719094 369667309 408204092 410621676 414218146 416187068 420935109 461889476 467454868 494496304 495888725 501902779 545764104 602122883 643077250 648642642 676480997 717435364 723000756 726951878 762980049 801309992 803934416 809499808 850664682 887809044 891619049 897184441 975493676
15523469 54567323 90765254 129809108 193916626 216150312 216891509 255194166 255935363 265363349 269158411 304407203 326299424 365343278 366710271 381629180 394543469 395284666 403725535 441952056 443756506 456870965 478967320 504692581 567337114 568078311 582256023 582997220 604352378 605093575 616550151 631469060 653565415 677486226 692405135 714501489
210721284 218507966 219770060 278094047 290894842 298681524 299943618 358267605 373201218 380987900 382249994 440009497 440573981 447796179 449058273 507382260 524944558 526820276 532731240 533993334 555034793 562821475 564083569 580974580 592317321 606993834 622407556 661148138 689300210 743454514 756108489 810262793 841043550 871133785 895197854 925288088
31082851 112833093 130279111 212029353 228234029 229848627 297710692 298529017 309984271 312105698 329044887 376007068 380279259 396906952 407806847 411301958 426999805 441686635 457757310 489557089 494861870 497294793 509256876 540882895 565156858 574772844 579551864 606572623 638837813 642634909 657029915 674434688 688829694 709132801 786610852 818410630
2 2 3 3 3 3 4 4 5 5 5 5 7 7 7 7 9 9 9 9 230326008 230326008 230326009 230326009 230326009 230326009 230326013 230326013 230326013 230326013 452408471 452408471 452408473 452408473 682734476 682734477
107383112 147543142 192774418 208856910 214515142 227679081 248088478 249016940 254675172 267839111 288248508 288580326 294248216 299906448 313070387 319855616 333358238 333479784 373518268 390054124 395712356 408876295 418749544 421329414 426987646 429285692 440151585 449824085 460560982 514555452 545830742 551297883 556956115 570120054 590529451 675799210
110190261 158876958 164701332 168376856 193696988 213388029 222887927 248208059 328729767 361031991 377416464 386916362 409718688 412236494 412886846 419218586 430974275 444538718 448825789 467397917 479660972 489160870 497512486 507012384 514481002 514691747 532332516 569202818 631426352 663728576 733231253 733670860 751522374 765533477 835475761 853327274
147563673 217466357 298972319 332936399 343226236 402696186 402839083 418711865 484345045 488614549 492073753 496462202 528598962 534675993 547413232 561976437 570120511 588068912 604578677 614374428 617315916 643482399 673844378 681834928 686084639 687736316 698821878 730338556 743075795 747206266 767610394 789808506 802545745 840972282 883574522 896311760
229158177 250902040 263668706 405494096 415451896 430042539 437195759 445945036 449962425 451786402 464553068 508669039 514911503 536655366 549422032 555816499 577560362 590327028 591787815 606378458 619228405 632238755 640972268 646829398 653738934 691247422 694962758 709553401 731698362 732152418 772603358 794422365 795564324 835327361 836015264 898739266
4 4 4 4 4 4 6 6 6 6 6 6 7 7 7 7 7 9 9 10 356275247 356275247 356275247 356275247 356275249 356275249 356275249 356275249 356275250 356275250 384966230 384966230 384966230 384966233 741241472 741241473
53975231 59610868 163063604 168699241 192218292 228959319 297494500 301306665 303130137 338047692 345235050 406933069 435737561 454323423 469519633 470662481 472478588 475155270 476298118 487315432 492951069 516021442 588754319 607762694 608905542 625558493 644503721 645646569 650452338 662299520 760779452 761922300 778575251 822477471 823620319 840273269
31994623 111526222 182551197 190430212 198911009 269961811 278442608 337181348 340986786 349467583 387517790 416129258 422323268 441749260 442084925 467049389 495616937 504097734 521280859 521616524 538074364 574564847 580758857 583045644 589239654 592305834 592641499 692704515 746935985 747271650 771652425 777846435 825883895 826219560 832077905 832413569
139806418 147424542 227723231 235341355 266220961 273839085 314893093 322511217 373063327 380681451 387749256 393641236 401259360 465817523 475666069 497048962 514163799 528576948 553734336 562835931 584965775 592232066 616493761 621006165 623463505 640904198 641584074 654991491 672135637 699074432 703663623 719652341 730305871 750883780 761833857 782411765
71356913 90481658 133441585 152566330 170975418 190100163 192966049 255050721 292584554 318325205 373560276 380409877 392685021 417943710 462150304 481275049 495169412 504954355 524079100 529631853 560627999 583759440 591716525 620528568 622712671 626563491 629250358 660246504 709118596 751922647 831835216 862831362 920425244 951421390 963229295 994225440
51662042 62402122 80389383 105141458 159940921 251453573 262193653 280180914 288513623 299253703 304932989 317240964 332723657 341993039 343463737 359732452 361450998 386203073 396792502 441002536 449204394 459944474 463658459 474398539 477931735 492385800 502683810 517137875 539468264 557483273 571937338 739259795 776319845 820529879 937010616 951464680
47228440 97197944 101157711 166846911 176372255 272542396 280465001 314072962 326119625 330434505 334394272 364042466 368002233 376089129 380048896 400083472 402376032 405177373 409608816 433691433 443216777 445738096 452345536 455146877 455263440 456305303 459106644 505778957 521994503 524795844 531519847 534321188 539386918 551433581 627689988 630491328
289428820 295286990 310104007 315962177 422168298 424473042 430331212 432351966 442843485 451614184 452357800 453027153 457472354 459383539 473032987 480058726 516983772 522841942 557212520 567396188 584353662 587402022 594427761 594537330 614543164 621568903 625493549 631351719 649723250 659906918 679912752 686938491 758233027 768416695 788422529 795448267
60422742 69755946 103237072 112570276 299650342 324884902 327739518 337072722 342464672 367699232 401724831 411058035 423225621 432558825 443765506 445822516 455155720 486579836 524625537 566967118 567439867 592201678 640952431 662453221 666186991 685050116 687687781 710284676 711082282 785067595 791942313 806568385 829165280 865927626 887428416 910025310
