10
127540431 142242207 230369236 251708487 266410263 354537292 366396744 374462923 427150647 441852423 442235487 447348508 456937263 490564800 498630979 512712301 527414077 529979452 545064292 569645564 571516564 584347340 615541106 666006960 672474369 674073139 681091800 689157979 746958724 751568614 759634793 762043564 808501877 816568056 832520378 889453640
107237989 111001828 135389659 139153498 155084971 158848810 159169106 187320776 207016088 215768658 219532497 255214469 265373166 267699775 269137005 283366139 303061451 317304283 346878325 363745138 375029995 394725307 413349646 438953180 455408994 467104850 486071172 486800162 489835011 505013502 538002289 547483849 597088357 634047652 725711508 817786362
122957676 166946616 172333595 216322535 283554847 327543787 383663178 420151183 427652118 453161083 469527102 472120770 502537002 516109710 520497333 525730840 551232349 569873252 575106759 580748354 595221289 613758254 680856685 681094504 686328011 713866585 769314277 781202835 786436342 802324177 848425856 869660427 874893934 881435756 948772006 954005512
3 4 4 5 5 6 6 7 7 7 8 8 8 9 9 9 10 10 10 11 7822291 7822291 7822292 7822292 7822295 7822295 7822295 7822295 7822296 7822296 381825822 381825823 381825824 381825825 389648109 389648110
2 3 4 4 4 5 5 6 6 6 6 7 8 8 8 8 8 9 11 11 196997280 196997280 196997281 196997281 196997282 196997282 196997284 196997284 196997284 196997284 272263392 272263394 272263394 272263397 469260669 469260670
118562596 118598495 137598301 207484129 207520028 226519834 233658679 233694578 252694384 329536570 403192758 403228657 418458103 422228463 444632653 455287647 455323546 474323352 482675019 491088870 491124769 510124575 571596552 574799544 597771102 614166732 663721077 666261621 689895627 702062844 767305181 819400070 855201293 859429706 911524595 947325817
3 4 5 6 7 7 7 8 8 8 8 9 9 9 10 10 10 11 12 12 149890956 149890957 149890958 149890960 263340635 263340635 263340638 263340638 263340639 263340639 263340640 263340640 263340640 263340640 413231587 413231588
90173639 110727958 116098715 136653034 196462563 222387639 340584981 351286951 366510057 377212027 451388436 456166125 469979845 471942755 476720444 487180164 490534164 507734483 557677360 562455049 569538903 576268769 593469088 595463979 701799778 706577467 712501748 717279437 720391187 731093157 737591506 748293476 930753700 935531389 949345109 966545427
94866083 185062270 233020083 273867015 349082416 364063202 396410549 411124441 412021015 413213088 418134093 418320231 439278603 451120231 487236416 508330280 508516418 541316418 556288093 556474231 575411481 589274231 590125373 592214020 650626882 665340774 667429421 719678559 719864697 734392451 734578589 736481098 736667236 752664697 767378589 769467235
127446694 172727385 176458850 235327513 251079129 261952789 280608204 284339669 296359820 300091285 307233480 310964945 334022041 388349363 388740382 433630054 437361519 441902860 457654476 468205252 468528136 496621201 512372817 523246477 528298915 573579606 576086071 577311071 591837687 594924710 602711347 649643051 729107921 734874262 789592603 869057472
