100
243895332 298120271 317215620 360985213 383970417 438195356 444079771 457290705 498304710 501060298 515104110 517400059 540745904 558270261 561169652 569329049 588424398 594970843 612495200 614066192 617841460 620472369 631590549 632193991 657835785 675360142 757916545 760547454 818025899 820656808 889050238 891681147 914692032 917322941 932216389 934847297
2 2 4 4 4 6 6 6 6 6 6 6 6 8 8 8 8 10 10 10 312220662 312220662 312220664 312220664 312220666 312220666 312220666 312220666 312220666 312220666 378045353 378045353 378045355 378045357 690266013 690266013
158307186 255849495 276699752 283006777 294286969 301076938 327375356 367781850 374242061 380549086 391829278 419469504 425776529 437056721 445767922 452074947 463355139 465324159 510551602 524153943 536850020 537927530 594436757 621696252 656320096 662627121 666923695 673907313 693222113 712829323 719136348 730416540 747402194 803911421 903774287 960283514
267149972 346929807 378480411 414471088 417751907 454954242 458260246 466289911 467352077 497945859 525801527 529082346 534734077 546069746 578682516 602275358 605556177 609276298 613611027 615544015 616891846 620570216 655156347 666492016 685750129 695323850 697085798 700350051 762865131 766145950 767891332 771172151 815746120 820772321 846339902 851366103
145652944 153283013 212310157 219940226 232922136 240552205 245181041 311838254 316898065 332450233 334996523 376962250 383555278 401653736 404167257 416527520 422265715 424157589 433761226 441391295 443619463 464231442 470065993 477696062 516055617 533289323 569594090 587772641 605006347 605871099 623104805 641311114 647836826 659409572 665070532 701375298
161072293 203497370 213933516 221954890 256358593 274816113 286414205 305213904 328839282 344620886 347296802 358075127 397482109 398451816 416152671 430555816 451313039 458577748 469962798 477035268 523793728 560294282 599122446 599701264 635311125 641547523 653532194 660005043 677736202 696193722 743264057 779452736 782671039 818859718 836501969 872690647
5 5 6 6 7 7 7 8 8 8 8 9 9 9 9 10 10 11 11 12 9007462 9007462 9007463 9007463 9007464 9007464 9007465 9007465 9007466 9007466 475396838 475396838 475396840 475396841 484404295 484404295
22580413 57718017 117023232 134137164 152160836 178594508 208759869 228579983 240199560 243897473 247014089 273037327 320316620 334642379 336120772 341456908 342985802 364773964 369700254 371258376 378123406 404837858 426379016 433193545 447677523 454542553 481257005 492134867 498999897 525714349 553739919 560554448 560604949 567419478 587319401 594133930
126926883 213641641 221006198 237623376 246495266 276405759 307720956 324338134 333210024 363120517 388002461 417105641 455714141 482081776 498698954 503820399 507570844 515661137 537481337 549793456 566410634 575282524 597166935 605193017 609740452 626357630 635229520 665140013 678181219 691246250 707863428 716735318 745892899 746645811 805839895 887345693
79662222 93875599 96040252 104828375 106585805 119041752 120799182 121206405 122963835 145917791 160131168 162295821 295345416 320511569 322268999 361600985 461025213 468106228 475238590 477403243 490744670 493272381 495029811 498457193 512670570 514835223 515910823 517668253 534361797 557000239 676708407 714140387 849469219 872107661 886901199 909539641
5 5 5 5 6 6 7 7 7 7 8 8 8 8 10 10 10 10 12 12 295231216 295231216 295231216 295231216 295231217 295231217 295231219 295231219 295231221 295231221 362138904 362138904 362138906 362138906 657370115 657370115
72740531 95966775 97385972 102940495 120612216 126166739 130175751 154821192 156503237 158565250 160375715 179729481 180341154 181791494 204986595 210541118 213938457 216000470 264103860 266165873 331854944 356500385 362054908 415617650 417679663 475949588 500595029 506149552 535746287 558972531 559712294 561774307 593181507 643346910 794860700 938955343
184890706 272625802 327398155 332557110 341613463 378257683 429348559 447302186 462549891 465992779 474270110 484120912 489279867 520765132 525924087 535037282 550284987 562005206 585707779 589809635 594968590 605057340 610216295 616304710 616777559 621936514 742430536 773027467 779074756 809671687 848119259 863366964 875087183 878716190 893963895 905684114
5 5 5 5 6 8 8 8 8 9 10 10 10 10 10 10 10 10 11 11 191514588 191514588 191514588 191514588 191514588 191514588 191514588 191514588 191514589 191514589 413524562 413524565 413524567 413524567 605039144 605039145
2 4 4 4 6 6 6 6 6 7 8 8 8 8 8 9 10 10 11 11 276898107 276898107 276898109 276898109 276898109 276898109 276898111 276898111 276898112 276898112 292504397 292504399 292504401 292504401 569402502 569402502
126527610 177889528 186100708 211051064 214272748 237462626 262412982 273845846 282913334 284126904 298796202 316896437 335488822 342486432 354703530 367436788 371872042 376469535 401419891 406065448 407572285 440512628 442448668 467145383 467933879 474495731 492095739 511089254 519295797 545072357 555679017 565171579 624319603 635748205 658302706 748978554
229276856 231579879 251647301 253950324 255075352 277445797 296223592 304763126 318594037 327133571 394263591 396566614 420062087 458684912 461210327 469749861 481055357 487979137 490282160 504058180 506361203 513777633 529856676 554925873 563465407 571004916 579544450 623671647 717387193 723737794 726040817 733466236 749536290 790684530 799224064 953145849
12150105 239372155 246304490 316509853 358176509 394114907 395360969 417351239 423723635 425126062 434958872 543731903 550664238 585398559 592330894 621336957 628269292 650945685 652348112 657878020 659280447 699720717 721710987 739318620 741387373 763377643 777325771 780985276 799316041 806934499 808336926 816923674 828924769 830327196 846532402 847934828
261431725 279938145 333279439 377385198 395891618 412173700 430680120 449232912 451634033 462418655 484021414 494992355 507510453 513498775 566840069 567587506 570708283 578372128 589214703 602376008 602732916 613160630 621239336 623463926 642555997 658252428 674580630 685194663 695979285 741071083 760910591 771695213 792935224 803719846 816787011 848811643
200268753 220765190 260076122 280572559 309938335 339609556 369745704 399416925 457076208 477572645 483606479 504102916 527822044 536886082 557382519 566745790 587629413 588142090 593276061 596417011 597821741 618318178 622947282 646555664 647949459 676226885 707491323 737162544 784629499 811159770 844949545 864439373 871479816 924759419 925375032 985695078
156981715 229290197 232792751 242122151 305101233 314430633 334721527 367725673 410532563 410613800 419861963 440034155 440459761 486424836 495754236 516270797 519570374 525600197 545465485 587974202 591533485 595381410 604710810 621357758 651203719 660282684 663841967 730314332 765714014 769273297 841606287 845165570 871452248 875011531 950562861 954122144
167965368 210740916 220482985 221933621 248421113 337294006 380069554 389811623 391262259 393654068 412535928 417749751 436429616 446171685 447622321 455311476 465029504 465053545 466504181 467694909 474109813 492991673 507805052 510470457 517547121 518997757 520212526 521663162 530711811 545485249 548150654 700040449 756400511 775282371 827775947 830441352
3 3 4 4 4 4 4 5 5 6 6 6 7 7 7 7 7 8 9 10 167030361 167030361 167030362 167030364 464200669 464200669 464200670 464200670 464200670 464200670 464200672 464200672 464200673 464200673 631231027 631231027
36311538 64586387 100024679 128299528 144656661 208369802 366068087 375184877 394342936 395163372 400846755 423438221 438898018 439899292 447689212 460065596 464559896 468174141 474413210 488340445 503508495 511402353 548244415 568410719 704941426 730603304 734036711 759698589 777445761 778772631 798938935 804434509 806541046 824600813 851276966 871443270
182214931 183553908 352912820 355979551 357318528 367681613 369020590 452684164 454023141 455962262 457301239 505989539 507328516 515486352 526677440 538379502 572889308 595658876 623382053 626660151 676687428 689250972 700953034 746653928 758355990 769423496 781125558 785955585 789233683 839260960 843358541 846636639 866128109 869406207 896663916 919433484
166270801 192677704 203799904 230206807 281405714 318934817 336187051 345715145 362593954 363293084 372122048 390905052 394153701 400822187 417311955 420560604 451321964 460850058 506039965 509288614 533209334 542737428 560124625 587927335 591175984 597653728 605950180 643479283 730040875 739568969 775866430 784758876 785394524 788007525 830584431 833833080
50078840 78332579 141752360 170006099 173578587 188904079 203000865 222039064 231254604 250292803 258440540 265252107 280577599 286694279 297885128 326138867 326500612 341826104 345538811 356380288 360864303 381940287 397265779 421384875 436710367 448053808 449037682 509302313 528340512 540711202 564741988 601959707 604186576 620997906 657399382 696843970
211685386 256526802 273747762 297878855 316416021 318589178 355341472 359941231 378478397 398563712 400182888 415309888 434861547 438669728 441534941 443405128 460072107 477372264 483511144 484757181 496923923 503294347 518520988 524863197 543400363 558965974 563362404 578517633 602188214 604714457 621739873 623251623 642294230 661845889 722145490 741697149
287477619 290248595 389978516 392749492 415356020 418126996 461716703 491520698 514386902 517157878 536020520 538791496 544071205 546842181 564217600 589595104 594021595 613595934 619399099 630126448 688625986 710259604 716096831 718310289 718429981 732627345 740063599 741474335 748114284 758004849 840505217 857035731 862138835 870189520 878669349 886720034
207958961 279109963 328895365 347408646 400046367 412124694 418126757 418559648 423489932 458123412 458712409 484437132 488909170 529274414 529863411 533061098 539063161 544426336 551574379 555588134 557576442 562939617 609845574 628358855 662289145 662878142 668291208 668880205 673654383 674243380 688602865 694604928 699968103 739073621 739662618 765387341
90448569 130821127 148891137 157558215 189263695 209600341 216000783 218735974 249972899 256491882 259108532 276709987 285845620 296864440 323601528 376988633 417361191 444098279 445488786 490116256 503931354 548558824 558474990 564640558 573776191 609268028 611532099 616917558 618403661 656159569 677626762 686762395 724518303 732028850 776656320 845015054
253402430 261851374 288874943 295401095 297323887 303850039 351004592 359453536 387878805 396327749 550440731 566118652 574567596 579132103 585913244 590450071 592439396 614604616 621130768 625922584 632448736 648042893 668020153 676734265 684917106 688052233 703492666 710018818 713608478 724926446 765622315 802496528 863156953 891848325 903166293 980736375
36121393 89205801 186503470 208565630 259461779 261650038 268244687 312546187 344033265 345519486 358947707 389518503 397117673 405604496 409843856 429799873 440688924 442602911 482884281 491585073 494415342 517963723 539900580 568859872 576156559 578048733 580181950 621641797 628944882 653431358 661923167 698916596 713516368 739197966 759001606 799282976
141693958 214125929 264389424 336821395 374749353 394176000 438490090 447181324 459222800 460372380 510922061 514417051 516871466 531654771 557857134 566750367 583067846 586849022 627231395 680552600 689445833 690972132 693427775 711704842 757168512 766899093 777901222 790912529 799805762 833095473 854653266 863546499 875385976 884279209 930580227 939473460
70185566 159928567 203375024 239102411 273611720 293118025 315589594 316652118 328845412 403346567 405332595 406801178 413044790 431594542 432587734 442528565 449841576 485568963 493089568 519015748 522330735 546234248 562056146 564784000 581961635 600511387 606772721 636013888 649813119 658448818 676998570 679054286 746205791 764755543 775446958 793996710
277744310 312801431 314761078 347140430 366418935 367500587 402557708 404517355 436896707 438927457 456175212 473984578 475944225 508323577 527602082 528505154 563562275 565521922 596267513 597901274 615247149 617179779 622435508 631324634 633284281 657492629 659452276 665663633 684942138 691831628 705003426 711110133 776430296 866007993 933770352 959938346
108551913 151042508 214828507 237405011 279895606 280619430 305039173 343681605 347529768 393227367 409472528 411315767 435717962 448314520 471652620 477106690 481090478 495828074 499503961 514143215 538318669 565294884 577167618 577929214 602104668 609943576 643720137 644801780 667895591 677577738 732989974 765765932 811415227 835590681 844191185 868366639
222947599 237794493 256260399 307595549 321515534 388109407 397581240 402956301 421422207 446192282 461039176 472757357 474973696 479505082 486677342 489820590 493737704 508286496 508584598 527050504 530840232 539593354 544760217 554440248 559621646 562743048 572906154 573541631 578385654 592305639 620825923 624241304 638161289 649607337 668371345 714226995
2 2 3 5 5 5 5 5 6 6 7 7 7 7 8 8 8 8 10 10 246106734 246106734 246106737 246106737 246106737 246106737 246106739 246106739 246106739 246106739 383704654 383704654 383704655 383704657 629811386 629811386
269670112 296113281 336818743 363261912 387949466 390038917 414392635 422973170 435924565 457187548 460967633 462367734 463195813 480996211 489638982 490121801 507439380 508318271 523593719 528116264 541252524 556293370 579246987 583564618 589227623 590742350 601365016 616498871 627222086 634299269 641873073 654493334 672293732 689848172 717119420 734919818
3 3 5 5 5 6 6 7 7 8 8 8 8 8 9 10 10 10 12 12 217796296 217796296 217796298 217796298 217796299 217796299 217796301 217796301 217796301 217796301 491956282 491956282 491956284 491956286 709752575 709752575
62284490 124562960 173112639 235391109 256528158 257520449 318806628 358571935 361296915 368348598 420850405 423575385 442245934 451764117 482689593 504055885 516020342 544968063 553074083 553807894 556532874 614884034 626848491 636489602 677925552 698299553 710264010 738533379 741258359 800343330 803068310 812307787 815032767 862651037 924460988 936425445
172302100 228966648 262553195 284562836 308066360 364730908 372822565 398317455 420327096 420358211 429487113 463073660 470669788 475072022 485083301 493003628 527334336 546124987 549668176 556122471 560920883 582930524 583254723 602789535 605264364 610836282 620878676 636376082 658385723 675592487 718725899 741059739 773439710 794181098 795773550 848894909
157679773 204392910 210973620 253745530 257686757 300458667 307427460 308534438 336711066 355247575 360721307 383424203 390747026 403493217 431673065 444040873 458282125 478386202 486458753 486812783 537931226 541601691 542179262 569778319 581420752 591225073 595473109 633996983 638245019 664740318 688785891 693033927 716962519 721210555 811924518 816172553
80277741 166681207 239075250 296214111 336513982 381211016 422917448 444494915 452499318 462763424 467614482 483780150 495311491 530898381 538902784 540008525 552450352 575628959 597147386 603292424 611296827 660431285 662032425 668435688 718999665 734426468 740016391 763696699 784713425 791565329 826980598 834985001 847997324 856001727 958114642 979131368
296716579 323405032 342956565 368556973 369645018 401557475 414796959 418375132 428245928 443306213 460983288 462456415 464615118 469994666 473397869 507223274 508696401 515146607 523216028 564964766 565824184 567297311 597132056 607572922 609046049 623820509 668972450 693412534 718790609 720100987 761398765 762871892 765252928 815071087 857679243 859152369
169114565 190886628 238710202 307745441 319632182 354785555 364579618 376557618 386351681 424381192 434175255 442555789 447498555 464327852 465736374 487508437 493416431 503210494 505303172 512151426 515097235 535332011 581186665 593073406 604367250 614399145 616253991 633169545 636171208 642963608 683994782 720939779 744120364 753030021 764916762 892783134
173832752 227908149 241760873 252712298 260051173 306787695 314126570 320640419 327979294 403137585 421351898 437152139 476077315 482017131 489356006 500231444 507570319 516031685 523370560 530152712 544005436 560650396 598426988 614725793 628578517 652502385 666355109 705382148 723596461 739396702 789955229 808169542 823969783 827731821 845946134 861746375
156077006 156312515 162669740 162905249 233693138 233928647 257221145 257456654 279560174 286152908 304701377 304936886 347290772 353883506 357176306 359157494 365750228 378748209 378983718 380704313 424906904 426052851 428184545 432645585 436773626 448434911 460301633 495915143 502231377 503668983 507781865 527196990 569961975 574677222 581828697 648724054
175368958 348880218 415138912 445709737 452266000 468650822 475561463 492071892 511690653 619220997 622788344 625777260 633225551 685201913 685479691 692035954 738991601 745547864 745902242 751460607 752458505 762412671 768968934 796299604 804972517 806736811 811883158 828393587 862558298 872995505 916070208 922980849 926507415 933418056 939491278 949928485
319622976 415124275 446389447 501047668 534178801 534845991 562296980 569154064 612320070 618671528 645250421 657798279 664655363 689063451 695920535 707821369 714172827 739086541 740751720 743721672 745437999 750578756 772016892 776852805 777519995 783709889 784377079 793744762 800096220 826675113 826875895 827543085 833227353 833894543 859806246 860473436
249460232 265708311 296505954 312754033 338821725 346487497 385867447 390004309 393533219 404400098 437050031 443411309 446402073 451445820 459659388 462650152 532772802 532813979 535763566 540438574 543429338 543828314 549062058 560076393 583955386 586946150 598351175 601341939 622175472 629841244 633189807 640855579 673358056 684372391 687753845 698768179
231696075 241235884 255546728 309231749 358623450 368163259 382474103 415650685 422497500 432037309 432064898 436159124 446348153 461084393 470549537 470624202 480089346 484935046 494400190 500033174 538620067 542578060 548085211 558992273 598096877 606452110 607636686 621947530 622866323 645039003 654504147 661453216 670918360 675632551 782051487 798465700
194111863 259262378 325899193 354952338 373075161 420102853 428623918 469684949 484209207 486739668 493774433 503398369 533915636 534835464 537255904 560411248 564170850 568548884 601472279 607587216 629321365 635185699 645049682 648648247 682361667 695958180 698096379 718721262 743134148 759782293 771767959 793495713 812828990 846542410 854268194 907314890
93663044 123175196 138035340 167547492 212044638 241556790 319601895 334366261 354353291 356075945 363878413 363974191 383865443 400448241 409968890 425630624 437983489 439481042 470002920 474457539 504917028 544012218 549289324 560305112 580292142 596779162 616766192 623298622 635907741 666333841 672381791 686320871 741936470 745620245 765607275 821222874
290325751 350934036 360578919 404107820 410635624 421187204 449101374 466832375 474360988 480888792 509709659 537085543 541057147 556085424 562883443 569411247 592255600 601665432 606270110 625607998 626338592 652863885 654839216 661367020 666878395 706037669 712565473 714861047 717563771 720052179 726579983 768762224 782776734 806816820 858015273 872029783
2 2 3 3 3 3 5 5 5 5 5 6 6 6 7 7 8 8 9 9 322544720 322544720 322544721 322544721 322544721 322544721 322544723 322544723 322544723 322544723 341093083 341093083 341093086 341093087 663637801 663637801
140085690 214384886 234602481 302658002 369980659 376957198 397174793 402575220 444279855 446331112 464497450 494082317 500028505 565147532 574327701 594545296 608903424 619588032 632470189 637821478 656654629 676226081 693887228 712120674 714104823 723977286 732338269 762518035 806273927 854025132 882077562 900311008 925833454 944066900 973584659 991818104
261083126 292506767 329895979 334198519 340738198 369594147 372161839 378487886 409551051 409911527 413853591 447300739 449249219 451603279 486998907 573314696 578419816 586086010 593068034 604738337 609843457 624491675 642127549 646430089 647232669 651535209 661880887 665741082 666183427 681825717 686930837 701579055 703490770 898317580 903422700 918070918
143712310 192782297 202506913 209195533 246781626 258265520 267990136 284147931 306854277 312264849 333217918 342942534 355924264 365648880 377417126 387217247 409923593 426487113 436211729 480486442 486284965 535354952 544354591 545079568 571986229 589354281 609837814 637469452 684790212 707496558 712421850 735128196 778059407 805691045 886927246 914558884
126764917 127734110 140394652 141363845 279467797 280436990 290415672 291384865 317927450 324080017 331557185 337709752 407988013 411913006 412882199 421617748 456683887 465256572 466225765 470313622 470630330 476782897 481578205 487730772 560690893 571638768 603075539 609228106 609386767 620334642 656419105 662571672 693136102 741831976 746479668 795175542
174423791 193962884 206326532 225865625 253124632 285027373 306597370 326136463 333199363 341576953 352738456 373479694 385298211 411900204 420188598 439727691 473750532 489373897 496901801 498889439 500352525 508912990 528804542 568074738 587341760 592893219 624795960 629075380 655677373 656527059 725066798 742666608 751668791 811851907 838658026 907843325
443012521 462198552 470427956 472967776 474057035 492153807 493243066 493590365 500383211 501472470 502826859 522012890 523545620 524634879 530242294 553404703 573018169 592204200 600433604 619185333 623596013 631744031 649140588 650229847 650930062 659159466 678999671 682321875 712097203 742052458 743141717 749190981 771911541 807916843 842102851 900828713
210648181 249221153 328487303 362083134 367060275 367208862 400656106 405781834 431854696 435664641 461023030 474237613 490294532 499596002 529257873 549693818 576421761 583289649 588415377 608133654 641729485 646855213 647096995 656871156 680692826 682229545 685818554 694260883 715310992 727856714 732982442 740669381 754274333 779632722 801438221 826796610
94757041 189704509 216864081 244141474 251005100 255171138 279752693 339088942 339109204 344024781 352476988 366248514 400389533 404555571 429137126 434056672 438972249 441300597 447424456 461216244 466131821 474584028 495357263 499523301 500272840 504438878 508725047 512891085 524104856 529020433 536248065 537472640 563407637 597548656 601714694 626296249
20863726 57045690 90277392 110437675 185217196 235176621 307043190 337488579 343225154 373670543 376456856 396617139 403625489 406902245 427062528 439807453 461820211 471396660 473039155 493199438 498002175 498563400 501842049 521356085 531233877 534745364 551394160 551801474 567977066 567978959 588137349 617938384 626173681 662916870 676133106 712876294
2 5 5 6 6 6 6 6 8 9 9 9 9 9 10 10 10 10 10 10 231637522 231637522 231637525 231637525 231637526 231637526 231637526 231637526 231637526 231637526 308876706 308876709 308876710 308876710 540514225 540514226
126090766 134536681 151358468 159804383 273545169 294127970 298812871 319395672 326068546 345741037 346211605 351336248 354657520 371008739 486784032 489195929 493666008 495229947 497641844 514248809 546189385 565861876 581918929 590364844 634238435 636650332 654821236 657233133 686761812 689173709 706434303 708846200 729373332 749956133 781896709 801569200
193211944 196645077 201825117 205258250 256493766 265106939 374337105 377770238 385665250 394278423 437618927 479559994 488173167 491265597 499878770 523072334 526505467 566790411 586354156 604649773 608082906 660685155 667931595 672390758 677883124 681316257 715525640 741164946 797103079 809420384 821125987 870336430 890997823 902703426 964231174 975936777
128371710 129304033 157704442 249249891 250182214 278582623 295631463 315138447 316070770 320010078 344471179 365086424 366018747 394419156 416509644 440888259 451099626 452031949 475715623 476647946 480432358 481347900 482398200 505048355 506776815 532346177 556724792 602226081 618359379 642737994 642975376 667353991 668114637 718062614 804075816 828691813
179322047 243422504 379644903 409839924 425209338 427180968 438588100 443745360 473940381 474991913 491281425 502688557 504322696 534587692 540850082 598688149 625532194 655727215 673068259 675314769 684475391 704645552 705509790 722850834 734257966 734840573 741172938 752181617 763588749 771367959 780474983 788709003 800116135 830257558 859588341 896115727
69674288 190038100 228087804 236031635 298326975 314466022 348451616 356395447 370801286 397632913 426030405 456740491 460925912 464684322 472879538 480352566 480823369 491165098 546394217 556046429 563990260 599453973 600716378 615593020 619339428 627283259 654683092 670822139 698759911 709005253 725144300 753989030 762052910 808311191 817282029 871604190
70978524 75136593 81235044 130920185 161873524 162552759 166031593 166710828 167428397 171586466 172130044 172809279 177684917 208091263 212249332 218347783 221815185 222494420 227370058 235970637 240128706 246227157 268032924 288524380 295912298 379419380 380098615 384974253 425637119 453516493 503708679 594603679 595282914 600158552 640821418 668700792
149190551 227234111 253181344 269030998 270901019 300701016 327573009 331224904 347074558 348944579 404691809 415837493 420541463 422411484 431563802 434532266 447413456 449283477 467531844 473345360 519828286 535677940 537547961 538523059 545575404 551388920 554372713 556242734 619042309 624855825 645914302 651727818 734178786 739992302 752873559 758687075
120036762 139190092 139339915 158493245 176738816 177239062 196041969 196542215 281767265 293962835 300920595 313265988 337791701 338469319 338969565 356945031 363244477 382547630 394493755 394994001 455693338 469254950 488408280 511717774 512256655 524974980 525957004 526457250 531409985 568958709 569458955 580999416 643181023 686182728 712462665 755464370
4 5 6 6 7 8 8 8 8 8 9 9 10 10 10 10 12 12 12 12 278036213 278036213 278036214 278036214 278036215 278036215 278036217 278036217 278036217 278036217 467709173 467709175 467709177 467709177 745745381 745745382
3 3 3 3 5 5 5 5 7 7 7 7 7 8 8 9 9 10 11 12 47816006 47816006 47816008 47816010 92828727 92828727 92828727 92828727 92828729 92828729 92828731 92828731 92828732 92828732 140644729 140644730
47097792 72969555 107027951 132899714 211805174 251652640 271735333 277524403 281247677 341177836 350491004 403818539 410421163 416360022 429690302 437629321 463501084 485802525 486815287 493987530 519859293 546745446 555045852 568525921 602336703 637968424 658694912 671779206 691370135 707211751 728137415 741022533 797380742 843536034 877346816 933705025
167351078 233931051 282607527 417825955 484405928 490085196 511442823 531168492 533082404 541036571 573726006 597748465 608253924 609188024 640305979 646424941 674833897 675767997 688982455 723510373 724444473 740560073 761917700 791511448 853902610 875260237 896460124 904853985 917817751 930988042 931922142 947411499 952345669 953279769 981939417 982873516
244069204 244856530 246792672 247579998 270899107 273622575 341254201 343977669 354788447 355575773 381618350 393828558 396552026 432873335 433660661 451973444 459703238 502107180 504547801 504830648 518841531 519628857 530058332 545671434 582632689 612826423 616026528 668461445 668600885 669248771 690911311 695291348 765646442 776879507 818220799 926499421
69242435 76525616 85904978 93188159 97986008 105269189 183257909 199920452 209283004 212001482 216566185 323298478 331728118 339011299 380991431 397653974 409735004 432805611 445743592 449468154 461549184 493723771 501006952 512195140 521032000 528857683 540938713 572846180 607739245 643477114 652235709 695291294 774680823 805472767 857286947 936676476
2 2 4 4 4 4 5 5 7 7 7 7 9 9 9 9 10 10 12 12 118858958 118858958 118858963 118858963 140729203 140729203 140729205 140729205 140729205 140729205 140729206 140729206 140729208 140729208 259588158 259588159
480307512 502451151 522383344 547413418 555243486 564389247 586532886 591829533 606465079 613973172 619337609 631495153 633905365 639325221 658935439 666765507 703419344 706242322 728385961 730859630 733213454 748318154 755357093 759637387 773348228 775289286 781178296 781781026 800319360 801713219 808149428 826743293 834573361 845272419 872243551 898667484
213651660 216563443 264767652 280851417 283763200 307304339 321249996 324161779 327595414 330507197 331967409 372365988 374504096 378711406 391428179 408238862 414902675 421248093 458627936 475438619 491275276 494187059 499026515 505371933 515837198 522182616 542391268 584927955 669051795 681532366 684444149 685862478 732648358 775185045 859308885 876119568
91310053 204539493 265497457 270860977 272651174 278869694 281357973 304995339 309590000 371615727 384090417 385880614 394587413 418224779 445048381 446838578 455545377 458420618 460210815 468917614 479182743 489140924 490931121 492554980 499637920 499992740 523275286 551166651 552956848 561663647 585301013 613222180 674180144 687552381 718272687 780298414
26693519 63078976 90341746 126727203 215286020 273178290 278934247 336826517 346629794 383015251 397745948 433416817 442284288 451659123 461394175 469802274 478669745 488044580 495328604 535222295 558976831 593114565 622009318 630876789 640251624 679901588 688769059 698143894 717682223 804469246 813336717 815264879 822711552 902051902 910919373 920294208
97030340 146403644 165856512 174717176 182802492 224090480 232175796 243543348 251628664 258777652 258907451 277365723 296608989 308280755 327733623 332689611 336464488 344549804 345982293 355052559 363137875 365435161 382062915 401515783 420654763 439242834 458356301 476944372 494436923 507524038 513024994 585210874 593296190 669401149 707102687 743183309
49696055 66095528 137633446 145782031 154819194 219054608 235454081 306991999 315140584 324177747 374212846 390612319 421556749 432447287 437956222 462150237 469727143 470298822 479335985 484118171 486126616 500517644 509494140 517642725 526679888 557664534 565813119 572055562 574850282 580204147 589241310 601805840 756964078 804307981 852478375 866869403
165332250 235762636 255094627 260976431 270198984 340629370 347246031 355023899 359961361 365843165 370513184 386010013 425454285 444786276 450668080 452112765 456427865 456440399 475379918 475772390 481654194 526858251 536937680 544207140 546190242 552072046 560204833 567923794 591190947 614637526 633969517 638341646 639851321 661608799 726120921 749388074
148988964 233934887 316736637 340647964 377355823 379009736 391050923 414584492 422146307 425593887 462301746 469411416 499530415 503279941 507092230 508395637 545103496 570668736 582332165 582709923 588225864 589893980 607376595 619417782 644605264 652167079 656646451 661070416 664208266 671027614 697778275 733300713 735006944 742568759 745341900 823702393
189754453 200646638 206717971 217610156 337525791 354489309 366311841 377204026 379372547 390264732 435742608 452706126 472294999 489258517 514083179 527143885 527425848 527456791 538318033 538348976 567153100 584116618 612299996 625360702 648852387 661913093 675197186 675228129 743710488 756771194 773414003 773444946 809966394 809997337 904824495 904855437
24066978 85220806 111464435 123482590 172618263 184636418 287261752 288591881 348415580 375989338 388007493 417857151 422971486 466943066 479010979 484743023 505544252 510368943 522387098 528096894 551786655 572140480 584158635 592941709 604959864 682382054 686166260 731467969 747937797 768739026 816761659 865847574 878533196 899334425 927619111 948420340
116217799 128057405 190073794 201913400 207974396 219814002 312507219 371746475 383570083 386363214 395409689 404263816 409702667 417511867 420900355 429351473 445602470 451774134 463503072 463613740 483558662 494756350 501459264 512656952 579859503 613801287 639098759 648063554 673040543 677054951 688252639 707302810 710996735 722194423 745259002 756456690
3 3 4 4 4 4 5 6 6 6 6 7 7 7 8 8 8 9 10 11 60230697 60230697 60230699 60230701 364328395 364328395 364328396 364328396 364328396 364328396 364328398 364328398 364328399 364328399 424559089 424559089
78674366 94665123 108759814 146353349 171953193 187943950 202038641 239632176 241025671 242551563 257016428 258542320 271111119 272637011 291908129 308704654 310230546 370697981 377859129 385186956 386688738 393849886 400783429 407944577 438376964 445538112 451423219 454259434 455785326 544702046 583931744 591092892 613774524 615300416 743446834 750607982
93411615 176661639 277911784 287504863 296408856 299149377 349887121 361161808 382399401 384524534 433137145 467774558 472005032 472740790 480909025 493242625 502146618 539837041 543980369 552884362 555990814 573097160 578617782 587521775 666834038 675738031 724337210 745574803 757597329 778834922 796312547 829572666 830949960 864210079 919166216 952426335
4 5 5 5 5 6 6 6 7 7 8 8 8 8 9 10 10 10 10 12 8156225 8156226 8156228 8156230 58707346 58707346 58707347 58707347 58707347 58707347 58707347 58707347 58707349 58707349 66863567 66863567
5 5 6 6 7 7 7 7 7 7 8 8 8 9 9 9 9 9 10 10 77376348 77376348 77376348 77376348 77376350 77376350 77376350 77376350 77376351 77376351 149973768 149973769 149973770 149973770 227350110 227350111
115247654 146616261 208024093 216955290 248323897 309731729 328771940 329134738 340489465 347317786 360140547 371858072 378686393 421548379 430842374 433265904 440094225 477065910 497493727 528862334 542659024 554376549 561204870 568960796 578773546 590270166 670668432 690590196 702307721 709136042 711380811 782485082 794202607 801030928 859311983 951206869
2 3 5 5 5 6 6 6 6 7 7 8 9 9 9 10 10 10 11 12 49440502 49440502 49440505 49440505 49440505 49440505 49440505 49440505 49440507 49440507 337923137 337923138 337923141 337923142 387363637 387363637
