10
184237812 185250252 244579178 339791434 340803874 347303180 400132800 413792140 442935210 498017895 498196586 499030335 499209026 502856802 520171990 521184430 558359261 558537952 568075264 569087704 569345762 580513356 598488832 628416630 661083263 661261954 683237358 727572223 727750914 731140632 749726318 756715293 756893984 778869388 797629592 826772661
81278740 188266664 221003038 238131807 283362286 310061738 327990962 357562811 377856105 390350210 391171155 417049662 440215353 441691782 466914805 497287109 518189913 526828673 530895453 548679706 559646357 586345809 593254701 598544849 619954153 633816597 657914211 683681740 717975853 720273459 746972911 751584197 803112744 836721088 878602955 963739846
158736503 179226311 212115888 243183965 262332139 263673773 272082416 282821947 296563350 315711524 318648966 331235300 350749499 351725108 356529878 375678052 384614685 403096428 412569433 422244602 433059241 435196961 444581213 454345135 465948818 491147763 523248296 525915346 572481896 581078605 601568413 604582429 634457990 694424518 740991068 773091601
69328039 77671352 99484303 103279335 107827616 119074316 127417629 133435599 153025612 162209333 170552646 196160629 334219779 342563092 368171075 379398919 409555183 429145196 439172419 463979172 469328683 472280213 488918696 494135436 513725449 514473046 522816359 532053713 548424342 556860466 644290659 704064159 728870912 824543926 884317426 909124179
293361754 299985665 360667513 367291424 380088829 386712740 391960077 412620781 418359041 424982952 451005202 454708161 457629113 459265836 461332072 478687152 479926540 499347856 516957364 537618068 549603525 553306484 570264229 573967188 655181141 688103412 722486900 741908216 755409171 774830487 780178428 812824589 813100699 816527548 845746860 849449819
298624670 314966439 365701158 430512261 446854030 448122409 464235209 464464178 478710306 497588749 503494334 515198897 515914645 519836103 532256414 539267929 555609698 570570822 582991133 596122800 602420244 606344417 610597897 613732948 628208045 669104873 681525184 683579970 696000281 704878468 719353565 734307835 751917983 807289908 819710219 843063503
135546507 175637327 247953332 258887060 288044152 298977880 334419877 350708101 376564966 390798921 408717769 444089930 446826702 457760430 488971791 499905519 517288496 518419987 521124594 532058322 549581471 556496755 557379316 558510807 567430483 591726560 623879363 659251524 716161866 717293357 758306955 759438446 790459758 791591249 825831919 826963410
251594805 343503436 377651870 388405116 390862222 445429792 468975637 469560501 480313747 482770853 515072638 537932270 558058167 560884268 565999027 571486857 582240103 584697209 606981269 662810624 663989335 674742581 677199687 684115232 692056092 694868478 697325584 702809338 705266444 708907625 755313102 775438999 783379859 801410103 821536000 829476859
2 2 2 3 3 3 4 5 5 5 5 7 7 7 7 7 8 9 10 12 43967850 43967851 43967853 43967855 60168621 60168621 60168621 60168621 60168621 60168621 60168623 60168623 60168626 60168626 104136469 104136469
28838550 45348962 52273273 64967540 68783685 88402263 91445735 103226427 114880458 126661150 180566203 197076615 216695193 218353016 241787739 243173388 254954080 327698471 344208883 363827461 365453952 370080669 381964364 390305656 401582942 402086348 426249714 428061137 439841829 442760126 462378704 488856899 500637591 517212937 554968418 615764180
