10
2 2 3 3 5 5 5 5 6 6 7 7 7 7 9 9 9 9 11 11 79181790 79181790 79181794 79181794 436487360 436487360 436487361 436487361 436487363 436487363 436487363 436487363 436487365 436487365 515669147 515669148
272328257 366223657 388372789 405409893 437776833 486817256 531672233 534019405 553821365 563060136 564088586 570858469 619930140 627914805 639731862 650063937 652265832 656955536 667101041 679104668 696141772 713825540 729537162 733627262 735974672 748508404 753011776 755776394 772813498 777549135 825779734 834419139 854220861 854820465 911690469 931492190
4 4 4 6 8 8 8 8 8 8 8 8 8 8 10 10 10 12 12 12 65618228 65618228 65618228 65618228 65618228 65618228 65618230 65618230 65618232 65618232 275892304 275892308 275892308 275892308 341510527 341510528
76579620 144005050 237645478 261386060 298140431 308061637 328811490 345140967 374381710 375487067 402358710 422451918 441807140 448136941 461672481 469127495 469784140 482946871 529097911 529622448 529947407 535447568 563424568 576622984 595942521 622738339 623919521 632943381 642943057 670920057 679618958 683233292 730233828 745939031 773916031 833229801
264960361 307517824 328160148 330634938 390164268 432721731 439349381 452101466 453364055 455838845 481906844 502549168 505023958 547897607 577305373 579414667 579876251 590455070 610818132 611097394 613572184 622433714 626490486 643076038 645550828 653375595 674017919 676492709 704618574 735038712 753803687 767017356 797959237 862351913 894330557 925272437
197850972 216032875 250944877 309622717 334343604 352525507 362635900 380817803 387437509 415729805 446115349 474407645 479247569 497429472 527632878 532341474 538536940 591019314 612589408 618331333 630771311 636513236 664125510 665683313 671425238 675029572 692417806 703321868 724361153 730103078 809029475 819933537 942371314 948113239 953275376 959017300
285375409 332467099 360346560 361906087 370104360 407438250 408997777 442112977 445075511 446635038 465293571 484008061 489204667 496795378 526841928 531099751 540264722 541824249 557787527 568737012 571766529 573326056 604879217 619451875 622031139 642516478 653532946 663926223 694423026 695428030 695982553 737705689 769207496 776189443 818084527 891863992
213435501 240760167 301692296 329016962 330545261 361545449 394883882 418802056 424742200 449802244 483140677 484798686 512123352 512998995 601908446 604114136 617223133 617842166 631438802 632908634 644547799 645166832 666247067 696105385 721223896 734332893 734951926 752224084 765333081 765952114 785562517 798671514 799290547 815420835 828529832 829148864
139204085 144254751 281997242 321227967 363487129 368537795 400877799 463386707 468437373 484162477 506280286 506974156 512024822 530275229 535325895 545511011 576469023 581519689 606179864 625160843 645410589 649767313 673068386 688998038 708445521 712299111 719262180 725060421 758492905 768647870 791948943 808345099 838142737 851932548 875233621 921427414
134283079 149890940 177542536 189339379 193150397 200468528 227003054 232598836 242610915 243727985 282059354 293188503 389827934 433087391 443933511 449836483 459541372 482547909 493095940 498989811 510118960 542556458 583510017 587954912 599117878 603562773 638566317 643011212 649695466 654140361 699478366 759486915 839054872 843499767 899063421 903508315
