10
4 4 4 5 5 5 5 5 5 5 6 6 6 6 6 6 6 6 7 7 343494035 343494035 343494036 343494036 343494036 343494036 343494037 343494037 343494037 343494037 409260496 409260496 409260496 409260497 752754527 752754527
108181979 126937578 163294760 180227942 198983541 235308539 235340723 254064138 265567797 284323396 290421320 320680578 331075303 349830902 353707302 363461023 369316091 386188084 425753265 435506986 441362054 480833862 490587583 496442651 500545443 511093120 519301042 520846841 526701909 555658224 576600626 586354347 592209415 746070766 755824487 761679555
2 2 3 4 4 4 5 5 5 5 5 6 6 6 6 6 7 7 7 8 5553417 5553417 5553418 5553419 389840589 389840589 389840591 389840591 389840592 389840592 389840592 389840592 389840593 389840593 395394004 395394004
29381013 105271635 111988362 210355216 284884291 290865533 338112800 360774913 367491640 374660012 412434043 414003422 420720149 465858494 488324665 495041392 498953746 513851830 519087003 546368811 574844368 581561095 589742452 593408246 596459179 599597320 630163290 673918563 679927949 683391799 694826033 757713042 760438266 775336350 844232745 859130829
59202172 69222899 183863730 193884457 232292177 233843924 242312904 242776875 243864651 265960709 275981436 286940261 367438433 372422851 385170241 395190968 411601819 415866880 417418627 449535412 460030266 461582013 461793632 493698798 497084409 545512856 547064603 568744944 579181388 586455190 612908330 634883637 636435384 668552169 698390920 787761701
78619272 130969131 141158917 193508776 201959513 230774966 254309372 257585477 293314611 293763739 297169551 320125122 349519410 354115207 356303384 356499653 380925718 408849512 417103980 440860932 447980036 449325245 476135756 500329895 503400577 508655347 512314018 535465858 564201173 571644120 600135730 626946241 659411211 663124503 718741313 810221696
4 4 5 6 6 7 7 7 7 7 8 9 9 9 9 10 10 10 12 12 11494343 11494345 11494346 11494348 202167705 202167705 202167705 202167705 202167706 202167706 202167708 202167708 202167708 202167708 213662044 213662044
135315406 152205452 159611721 185446869 202336915 204947936 209743184 221837982 229244251 298462362 327260634 338310173 348593825 368094892 377392097 388441636 396893164 407942703 441334599 458224645 465630914 574660373 580471789 591550419 597361835 598956688 604481555 604768104 633279827 644329366 737807329 743618745 766605601 772417017 777655140 783466556
170369324 183293127 198193210 211117013 239218808 252142611 295086383 322910269 338062315 338475817 340776998 350986118 351399620 363935867 368600884 371350020 399173906 401407130 409626482 414330933 440199504 462779374 463192876 466102124 493926010 508469989 508883491 526124189 534951608 539043011 539456513 571814804 602387826 633795115 634208617 697139929
225259029 253129819 282033771 309904561 330703960 333996940 348654334 358574750 363761118 390771682 391631908 405429076 421719052 439441871 449589842 454099265 468971714 472499029 487156423 502026492 515370549 525746456 529897282 530456963 545114357 572145291 574416645 607473803 610764403 620815480 625421797 653872638 665431737 711830572 745739177 792138012
