10
90215897 91333722 109322478 119566595 120783112 121900937 139479081 139889693 140596906 150133810 158585662 168829779 392372339 393490164 404910961 411478920 421723037 435478176 454174145 476165217 506732432 511978519 513096344 525428401 530584919 531085100 531702744 541329217 549691500 559935617 707067403 778321659 826673583 845279983 897927839 916534239
24675526 48384499 61821851 63786614 108847591 173881257 376913554 400622527 414059879 416024642 416659044 422559379 423752690 440368017 446268352 447461663 453805369 455770132 459705704 460899015 461085619 461670467 462863778 500831109 506731444 507924755 510678134 526119285 534387107 547824459 549789222 565864775 571765110 572958421 594850199 659883865
154076763 202709907 244077655 277412554 292710799 324815082 326045698 331365953 343986778 357624954 379999097 392619922 406258098 414815974 448150873 458742163 483759549 497049758 502104272 514725097 528363273 548743055 573760441 582077954 587050650 607095340 620385549 636031353 648652178 661048739 662290354 673669564 674338948 686959773 687307740 700597948
241351758 259558285 290863623 320648574 337226930 338855101 355433457 358504916 370160439 376711443 386738795 408016781 440430824 458637351 472172551 489942689 490379078 498543168 521684416 542346424 565236936 577839984 594418340 615696326 621643240 638221596 644533752 659499582 661112108 682390094 697622234 729363961 741425490 764316002 773167217 796057729
176298393 361986929 405458937 410792769 411400756 432620546 489288211 513858453 524930064 532601018 574376017 596481305 618309082 639953313 645895132 661781090 667722909 674976747 710618600 718448755 724390574 748352829 754090608 760032427 760064553 767095394 770180606 788923171 803536561 809478380 826848271 845590836 862490124 881232689 911936077 930678642
5 5 6 6 6 6 6 7 7 7 7 7 8 8 8 9 10 10 11 12 84483095 84483095 84483096 84483097 421785834 421785834 421785835 421785835 421785835 421785835 421785836 421785836 421785839 421785839 506268923 506268924
155116666 262343166 325486347 339175156 350583214 393909796 400030953 401299048 432712847 501136296 509222981 509544837 520952895 547468069 570400634 571668729 577968286 588645505 589376344 616449481 638824083 640092178 654694569 693281471 695872005 704689529 731526559 742934617 754137268 755405363 772703995 784112053 792382356 793650451 833559792 834827886
2 2 3 4 4 4 4 4 4 5 5 5 5 6 7 7 7 8 8 8 14696464 14696466 14696466 14696466 187165887 187165887 187165887 187165887 187165888 187165888 187165890 187165890 187165891 187165891 201862349 201862349
2 3 3 5 5 5 5 6 6 6 6 6 6 6 8 8 8 9 9 9 174925797 174925797 174925798 174925798 174925798 174925798 174925800 174925800 174925801 174925801 353959442 353959445 353959445 353959445 528885236 528885237
103250142 149385557 209179588 213638129 221393410 255315003 259773544 260261270 267528825 297625525 298759801 306396685 347887985 403554971 404689247 408013512 409147788 415768793 416903069 425376410 453817431 454636653 455770929 458275972 466031253 471511825 504899113 539842550 619751793 620886069 645771996 650230537 657985818 670014253 696853678 861968817
