1 1 1 2 343494032 343494032
3 4 4 5 5 409260495
1 18755600 55112782 245525324 255279045 261134113
108181978 180227941 235308538 265567796 331075302 500545442
1 1 2 3 389840588 389840588
1 3 4 4 5 5553416
1 75890623 82607350 180974204 261484521 345279000
29381012 284884290 338112799 412434042 498953745 513851829
1 10020728 183574704 227738090 313220680 402591461
59202171 183863729 232292176 233843923 265960708 385170240
1 52349860 152155695 178966206 215144468 362241661
78619271 141158916 201959512 297169550 356499652 447980035
1 1 2 4 4 11494340
3 5 6 8 202167704 202167704
1 16890047 24296316 163146957 191945229 202994768
135315405 185446868 204947935 441334598 574660372 580471788
IMPOSSIBLE
1 27870791 108737912 123395306 243712686 290111521
225259028 282033770 330703959 363761117 421719051 502026491
