10
279134569 285347485 307288304 313501220 335265471 339835400 346048316 348104046 363419206 376257781 395966302 408804877 411405589 417618505 467536491 479869756 480375066 508023491 532059737 538272653 540570587 551141447 579295182 588190639 601029214 611842278 612140776 626773650 632986566 682904552 683412467 695743127 732794924 804066615 827508837 898780527
94851650 104135168 162062380 205022464 214305982 216322606 225606124 248672224 272233194 274390076 283533336 303117765 312401283 358843038 370143180 370328495 384560890 395861032 449437710 451073885 456938339 460357403 478991439 482656191 488274957 518284615 546202169 559608524 570908666 604894459 630612311 632812013 657703825 658529865 805659945 833577498
277657187 300316724 344774596 347546588 367434133 379919041 402578578 413797110 414663997 432320863 443895723 449808442 454980400 480914519 491547898 502210264 511013132 516058964 545611950 546157577 558665307 568271487 568460786 593809752 598559399 615501351 646211574 681751873 711850486 730440954 753100491 759502661 800330355 866580877 896679490 944331664
167826755 176736261 209771689 234566315 338244883 381880555 390790061 391805359 400714865 423825489 433750293 445895266 448620115 454804772 458544919 487840200 496077022 512634826 521532088 530441594 552298683 562223487 563477022 565251951 574161457 588271648 607196885 616313394 631991511 691950216 710130822 720055626 735670079 774145533 849782355 893502217
47957008 72781734 124649656 148972942 159072955 173797668 198916800 223741526 225665590 260088889 275609448 294873582 310032747 311359743 319698308 364233077 371566230 405989529 412375677 417642428 442467154 443307604 462319535 465249011 468132330 494335076 515192869 520000252 528758375 554423551 558276317 611149651 681045163 706710339 733918497 759583672
100575805 109120699 217919826 226464720 274815068 276522220 283359962 285067114 311833150 320378044 346664139 355209033 419696412 470571212 498981565 537040433 550144041 587915233 593935675 595642827 616325586 630953757 644810475 646517627 665784746 667488062 673220828 674927980 681828557 710238910 716659546 724383304 726090456 745069899 761401386 796232374
126661524 165424846 214679605 253442927 261989057 300752379 306682099 394700180 400163028 437503621 438926350 439336468 442009632 453472757 494418427 500690742 525521702 527354549 533181749 539454064 541490838 572831154 574664001 580183603 588800290 674439002 680711317 711005125 712837972 726974261 805260524 807093371 811532839 813365686 821229660 827501974
55157535 55908768 74398072 105992726 106743959 125233263 136526027 187361218 209716619 209734561 210467852 210485794 228957156 228975098 286924263 291085111 291103053 297205135 297956368 316445672 329631276 337759454 378573627 380466467 441483347 441501289 452997414 453748647 472237951 484190360 484208302 528971863 534365906 571678876 684764142 727471154
112673081 128972120 172326748 218959581 235258620 243333836 278613248 297032672 313331711 349620336 356686339 356686679 368082143 372985718 384381182 393218401 409517440 416340346 427693427 427735810 437873679 452872068 487347434 498742898 523879156 544160179 572302525 622233270 678589025 681887277 693282741 718418999 756662116 816316123 827711587 852847844
57003534 101403260 134125030 178524756 242146025 249945947 318070024 319267521 327067443 362469750 365653956 368689236 400451225 413088962 442775452 444850951 446090343 474128141 490490069 503212515 511012437 551249637 553831727 561631649 585593716 593393638 626720446 631232834 639032756 677339658 709101647 735194631 754740765 785813843 817575832 863214949
