10
78057288 134820773 138565516 173846182 227388307 230609667 234354410 284151792 287896535 293745250 336309168 350508735 354253478 375677360 376092985 415869897 432098062 432440845 436185588 471881879 480832005 485640187 511658791 525424004 537595490 541340233 551997130 565200916 591780947 631557859 633929240 673713057 713489969 739083885 778867702 818644613
10865239 11526882 92018701 92680344 121828164 132268059 132929702 165041412 202981626 220362076 221023719 243230984 246194874 286444232 331325001 362608637 363270280 374538249 437022382 437684025 470613238 473571562 497183695 516784810 547985307 551766700 578337157 591198555 592016058 618586515 680110075 706680532 822356636 848927093 896770381 923340837
53691636 69318381 117955073 180289317 283831643 316411206 322200459 332037951 337827204 380674643 386463896 389720551 405347296 409184217 424810962 443008887 448798140 453983988 473447654 502886034 516318232 517422718 533049463 535781898 546551213 552340466 581686155 619860558 639324224 644020399 747562725 765605604 771394857 838914949 858378615 966617115
166912206 185808466 210155488 244933733 260968158 263829993 279864418 288177015 304211440 321745059 340641319 351995919 364988341 408040161 408106386 426936421 430017446 442857967 446051871 451283443 461754227 486101249 486127913 502162338 506828772 562939239 575103949 593123874 627941680 649234341 653125476 669159901 684052147 729936802 816231904 851049709
230615307 339294945 344639562 429792986 431931099 453319200 465498008 469733353 473654363 512818956 543817241 545955354 578412991 579522263 587678618 621498594 637377525 668911032 671049145 679543497 704616054 711996635 712772409 714134748 746057163 747701657 755858012 788223135 836555204 838693317 872260226 878721176 880416581 880859289 914426198 922582552
4 5 6 6 6 7 7 7 8 8 8 8 9 9 9 9 10 10 10 11 55212273 55212273 55212274 55212274 55212275 55212275 55212275 55212275 55212276 55212276 273257840 273257842 273257843 273257844 328470108 328470109
78487058 108262903 143861194 160683475 190459320 196206373 225982218 226057611 227204261 240956954 261580509 270732799 306331090 309400678 321969587 344923576 345445706 375221551 389674157 404166004 410819842 439688902 468140081 474364070 484439483 494162909 504139915 539738206 550336498 585859396 588928235 623081273 630609977 717846599 735098729 864017092
85281528 108131163 123885077 173402826 196252461 199727681 212006375 275810120 287848979 291540693 298659755 314390328 314413669 330144242 367326793 390176428 390256273 405930342 405986846 409658173 432507808 448261722 481772946 489934687 517325368 524104326 578055985 605446666 680463279 696193852 707853960 723584533 771979952 799370633 814311332 841702012
84798459 118000687 148298630 170984824 182687162 204187052 207069777 234484995 240272005 255681216 268873527 270569948 271181566 288883444 304383794 304958480 319181387 334681737 353569919 369070269 393276495 429936423 479462860 510120388 515547813 516122788 543322616 552207741 564159252 573620559 579659602 600819180 608009091 616319530 818598424 855258351
146227591 171181186 196686666 221640261 231993206 256946801 329915957 352725252 360951668 377678847 380375032 411410743 415681572 441999364 446717283 460612788 472743112 485566383 492458439 499975639 523202187 524929234 527764979 536413618 558508727 567449329 644301154 648497025 675336865 679240773 683664005 714699716 756384561 787128309 795747412 826491159
