10
4 4 6 6 7 7 7 8 8 8 8 9 9 10 10 10 10 10 11 11 240029490 240029490 240029490 240029490 240029492 240029492 240029492 240029492 240029493 240029493 392599203 392599206 392599207 392599207 632628689 632628689
55046257 75512423 81831839 102298005 115614910 117138877 124552341 137605043 142400492 151337923 177707530 186644961 199446278 219912444 260014931 268952362 270372374 290838540 330941027 339878458 374825815 379461587 395291981 406247169 423170880 435394468 441554207 444331899 449956462 485263500 523861608 567570901 594787704 638496997 699241145 742950438
2 4 4 4 5 6 6 6 6 7 7 8 8 8 9 9 9 10 10 11 96590865 96590867 96590869 96590870 304445518 304445518 304445520 304445520 304445520 304445520 304445521 304445521 304445522 304445522 401036381 401036381
139186965 211780073 235077425 271510155 331920007 388241712 404513115 404707894 427810467 428168053 432666128 464243197 477301002 500598354 500761161 505259236 513294609 524058513 528556588 537031084 553307743 560491243 564989318 580974754 625900851 649198203 653762641 677222800 681720875 685630933 706027651 778815538 802275697 802362490 806773772 927415387
313120754 374702062 436500261 488996109 546147124 575021519 578456479 599193996 607728432 660775304 668058912 669526631 700007598 722022479 722573503 725369596 729640220 761588906 775069351 786950904 791438419 808047889 811482849 823387105 843934267 848749103 861094761 864529721 875882953 901244951 929959677 933394637 961908363 965343323 987270361 990705321
3 3 3 3 4 4 5 5 6 6 8 8 8 8 9 9 10 10 11 11 3409988 3409988 3409993 3409993 488419316 488419316 488419316 488419316 488419317 488419317 488419318 488419318 488419319 488419319 491829300 491829301
2 2 4 4 4 4 6 6 6 6 6 6 6 8 8 8 8 8 10 10 190268738 190268738 190268738 190268738 190268740 190268740 190268740 190268740 190268742 190268742 480906651 480906653 480906655 480906655 671175386 671175387
33513006 41950114 86046786 86284425 94483894 94721533 95529631 103966739 216871910 220431697 225309018 228868805 262310631 314844411 315082050 324327256 327567107 368181201 378397566 380100887 380338526 389583732 420714981 420952620 430197826 430931346 431168985 440414191 445669535 449229322 510926011 514485798 551540105 555099892 561756470 565316256
67988870 71238858 72987997 76237985 98701943 103701070 161914486 165164474 167057823 170307811 192627559 197770896 229174742 234173869 246888739 251887866 289361346 292611334 320074419 323100358 328243695 340814355 344678867 345957692 347928855 375391940 450547218 468261215 483682370 488681497 505864739 523578736 577607986 582751323 705054846 760372366
2 4 4 4 5 5 6 6 7 7 7 7 7 8 9 9 9 10 10 12 228876474 228876474 228876476 228876476 228876476 228876476 228876477 228876477 228876479 228876479 423730367 423730369 423730370 423730372 652606839 652606839
