100
57583642 73767683 96899588 115537906 124119530 221517512 224656647 227833971 237701553 240840688 260833458 263972593 279471776 282610911 288053400 291192535 391767841 394906976 427674336 443858377 452940135 466990282 469124176 485628600 492256081 494210224 505181530 510894399 519476023 521365571 544497476 563135794 571717418 597924665 623190464 675431859
48927332 135117942 157828800 163693970 244019410 249884580 256824006 271232106 324305529 343014616 350176866 380133574 385998744 410496139 459078334 464943504 469461812 473753447 479128780 498494483 546610303 558073540 559944057 578363280 584228450 607395951 613261121 625555063 677358486 696058221 706391157 744840009 773872680 775002981 894287927 923320598
141036118 148139409 161593723 331872010 362467462 368595238 370116167 375698529 377219458 389152843 390673772 415977070 451982764 459086055 472540369 553239921 553491606 559431130 560343212 560594897 560952059 573797526 574049211 590026582 591547511 642818656 643536190 645057119 673414108 726923716 744075813 744327498 774671265 774922950 828180873 828432557
4 5 5 5 6 6 6 6 7 7 7 8 8 9 9 9 10 10 10 11 63468159 63468160 63468160 63468161 493072644 493072644 493072645 493072645 493072646 493072646 493072648 493072648 493072649 493072649 556540799 556540799
3 3 4 4 4 4 4 5 5 5 5 6 7 7 8 8 9 9 10 12 69426984 69426984 69426985 69426985 69426985 69426985 69426986 69426986 69426988 69426988 241168049 241168049 241168050 241168054 310595030 310595030
125126741 134470755 177567906 180060691 186911920 189404705 251220657 303661822 306154607 312965166 322309180 338919395 353198134 362542148 391360560 393853345 439059082 479292050 482839919 526757820 531007528 535281084 537773869 540351542 549376868 566990788 601818033 604310818 657101444 670678344 710911312 737215293 744800182 777448261 888720706 955257655
3 4 4 5 5 5 6 6 6 6 7 7 8 8 8 8 8 9 10 10 81604377 81604377 81604378 81604378 81604380 81604380 81604380 81604380 81604382 81604382 481909865 481909866 481909867 481909867 563514239 563514239
4 4 5 5 5 5 6 6 6 6 6 6 6 7 7 7 7 7 8 8 78015184 78015184 78015184 78015184 78015185 78015185 78015185 78015185 78015186 78015186 368609152 368609153 368609154 368609154 446624332 446624332
5 6 6 7 7 8 8 8 8 8 9 9 9 9 10 10 10 11 11 11 22231615 22231615 22231616 22231616 22231618 22231618 22231618 22231618 22231618 22231618 344353896 344353897 344353898 344353899 366585505 366585506
57416412 67289545 133450444 134524629 142578424 152451557 218612456 219686641 238415517 248288650 314449549 315523734 364649749 399188348 409867082 411690033 419740215 421563166 449811761 465860113 475733246 484350360 485901114 486975299 487724065 488798250 541894145 542968330 545648854 580187453 717100419 718923370 751639018 753461969 773093450 807632049
2 2 3 3 3 3 5 6 6 6 6 6 7 7 7 7 9 10 10 11 17662018 17662018 17662021 17662022 198826081 198826081 198826082 198826082 198826082 198826082 198826085 198826085 198826086 198826086 216488097 216488097
4 4 4 4 4 4 5 5 5 5 5 6 6 6 7 7 7 7 8 9 100557779 100557779 100557780 100557782 276380249 276380249 276380249 276380249 276380249 276380249 276380250 276380250 276380251 276380251 376938024 376938024
2 2 4 4 5 5 5 5 5 6 6 7 7 8 8 9 9 10 10 11 450070901 450070901 450070903 450070903 450070904 450070904 450070904 450070904 450070905 450070905 461333043 461333043 461333046 461333048 911403942 911403942
111738354 159564385 203713054 251539085 273284932 273705194 286893339 321531225 331007269 331823997 334719370 365259632 378833300 423798697 425058647 435251772 441518385 448439917 464818739 472884678 492553847 493790837 506978982 533493085 551092912 556793439 586605225 603485225 616673370 626785579 639973724 645144290 660787300 684087654 754838678 778139032
140963707 149479526 217510345 240239516 248755335 255613190 268772157 277287976 300428272 308944091 316786154 345318795 354888999 363462678 371978497 376974910 377265866 383421640 414169991 415077755 422685810 440009316 476541675 478112161 490716629 505074316 528819474 536730431 578971550 599764837 650472150 678247359 706780000 738436115 801470521 852177834
5 6 6 7 7 7 8 8 8 8 9 9 9 9 10 10 10 11 11 12 36385554 36385554 36385555 36385555 36385556 36385556 36385557 36385557 36385558 36385558 260005806 260005807 260005808 260005809 296391355 296391355
146730275 161450275 212304142 306578915 310577065 325297065 361257997 376150932 451659984 466379984 470425705 474735375 490203705 504923705 517233851 520768091 525104787 535488091 551275802 555777572 565995802 586341958 611508624 616849669 638582165 650052345 666187706 680616731 704731427 711124442 735295813 765803524 779665084 818208805 848773191 879280902
3 4 4 5 5 6 6 6 6 7 7 7 7 8 8 8 9 9 9 10 151666857 151666857 151666858 151666858 151666860 151666860 151666860 151666860 151666861 151666861 447829472 447829473 447829474 447829475 599496326 599496326
146562087 159196737 185898373 215044664 288885773 301520423 315150514 328222059 357368350 358986279 371620929 398322565 424022309 427468856 457474200 463564054 476198704 502900340 512276692 524911342 527574706 532046631 551612978 566345995 580759269 589300695 601935345 628636981 632152481 636446501 657783272 680865119 741024276 757889122 789736914 866760916
143647659 178231767 181883227 198629672 216467335 236865240 270693978 308929546 318480405 346729127 353064513 373462418 381313235 401711140 445526724 445983325 470903044 473775446 484218893 494266616 505487152 525885057 527038959 528850724 549248629 565274527 597949363 620816071 621312935 649064793 701871705 730120427 773238710 796602282 854294344 877657916
237189766 251997255 276959832 291104622 291767321 330874688 365126268 399949825 404896334 414757314 446964795 453864681 483031521 486734861 522801587 527886327 547122730 561930219 573164597 587972086 601037586 609724854 626349355 627079453 641156844 645791580 675059232 680264211 701101099 754285857 756897759 782939626 792964485 819006352 836124384 872191109
43066362 58679061 102268066 117880765 143567742 150467175 159180441 175964471 191577170 209668879 234619731 236061735 250968555 251674434 283365284 293821435 335121111 343462548 367517840 427615104 429612486 445225185 471946357 498135325 531148061 537013299 557337029 572447737 598636705 604844466 621165855 631033434 664941730 691130698 858492481 884681449
241616872 292344973 327047534 341375941 390378455 391524912 442253013 476955574 479227449 491283981 503128114 529955550 540286495 564658111 575447810 578986518 600128088 626175911 627989032 637060842 650856189 653036154 660878472 675206879 685558750 687788943 699887157 722491504 724209393 736819911 740738691 748889671 785822425 836959052 861639330 898572083
168987337 182755387 234099229 329065298 342833348 361052862 369526526 374820912 380664652 394177190 394432702 396017618 426164754 445776544 457963816 465310526 479078576 529604487 530422418 546580010 556095579 560348060 561592051 581203841 588083143 607694933 611691902 618041777 650029341 665849715 669641131 692340807 747119199 754287005 773610291 835556489
51697341 133386800 199825376 220851432 244626546 264565349 281514835 344230632 346254808 360609192 368979467 392754581 411384120 425920091 433719440 435986662 442298651 442535957 457494554 513384723 524225416 529763283 537159837 553538397 559512155 584114697 611690048 624252128 635465162 648854670 703917411 720295971 728519953 744898513 802222736 826825278
155924888 203355272 207535899 254966283 290117645 341728656 378995881 388263183 395246657 426426265 430775194 439405797 439874194 442677041 478205578 491016808 499936159 513188638 528848934 529439414 547366543 564967951 580459945 611334176 627584952 634128916 662476790 663113489 678727566 714256103 732274454 751919927 768170703 783417068 803699240 872860205
2 3 4 4 5 6 6 7 7 7 7 7 8 8 8 9 9 10 11 12 22607539 22607539 22607540 22607540 22607541 22607541 22607541 22607541 22607544 22607544 162925999 162926002 162926003 162926004 185533536 185533536
314413072 363338608 426841791 443714159 460331761 460567790 461672305 495838714 509493326 510597841 517016581 544764250 558825525 572996509 574101024 589868877 590973392 606486479 607590994 607751061 608267433 625139801 641757403 663171299 664275814 668252337 671254244 688126612 698442223 704744214 717177873 761429034 780681056 797553424 814171026 870855846
181171000 250264444 388751850 389580712 410027530 457977940 458674156 477760071 479120974 487695781 527071384 545627066 546853515 558409095 597161562 599138926 614720510 617608380 665558790 685340921 696105493 716552311 753207916 764502721 766818807 784284852 787265625 807548638 827995456 835216035 852151847 854998166 875945866 895727997 922865161 963594992
110496980 120798813 185817557 205101283 215403116 256728461 280421860 351332764 403372927 413674760 433307118 478693504 481862829 492164662 520126623 527911421 541820500 544542263 549604408 552122333 554844096 557183406 614730926 617141077 619862840 628094310 688051981 690773744 726183065 804672967 813002570 864630638 867352401 891492472 951450143 954171906
245723789 270920394 330466180 374832707 416136229 455377333 480573938 492192637 517389242 533278186 540119724 551195118 558474791 564276363 576391723 576935028 584486251 618020577 621301555 625789773 635937509 649547581 662387104 662605077 674744186 680304036 703690626 721607558 734289972 773929907 778656499 810745211 819960021 851830760 869747692 968100155
29189559 58990804 160490768 166828652 196629897 255765144 267397076 270831283 277194329 297198321 298129861 300632528 302147157 303658745 331948402 393404237 398698285 402132492 414833422 433448366 441297838 479493297 493972661 497406868 509294542 515401846 518836053 528722742 541866262 545300469 550151927 576616343 610794506 706068882 727498067 753962482
3 3 5 5 6 6 6 7 7 7 8 8 9 9 10 10 10 11 11 12 27350426 27350426 27350426 27350426 27350429 27350429 27350430 27350430 27350431 27350431 485414088 485414090 485414091 485414092 512764511 512764511
189528065 203498196 218394817 232364948 270829717 299696469 303783672 317753803 338847059 367713811 385085324 415950414 416583879 429920545 430554010 453102666 472623358 486593489 497252066 497885531 505530844 534397596 553925010 565269408 565902873 601460137 619786451 621942352 630326889 715715744 731953193 732586658 788626137 827882486 828515951 884555429
162949733 256955748 268230948 279199596 354300538 362236963 373205611 404059474 438688040 443280532 455146726 459581753 470550401 472230422 501553578 509340689 520309337 532694055 537286547 560427941 571396589 577511637 588480285 595559593 630038845 634631337 679797781 684390273 692904383 730885033 735477525 742663319 747968729 752561221 793750571 810834266
4 4 4 4 5 5 6 6 7 7 7 8 8 9 9 9 9 10 11 12 182337304 182337304 182337305 182337307 255146939 255146939 255146939 255146939 255146941 255146941 255146943 255146943 255146944 255146944 437484238 437484239
97072276 121409234 188217285 212554243 259236835 283573793 291766301 316103259 387702605 415207534 439544492 439876162 472518706 478847614 500275728 531021171 531724494 549867164 556061452 563663715 582396630 591420737 602040721 634570187 634683265 662440287 667212731 694969753 705837863 758011420 790653964 818410986 822354823 874528380 907170924 934927946
44377742 204490206 225899740 234054788 234804568 266862338 306350525 311322391 360737417 368254167 394167252 394917032 414389327 415576786 416326566 426974802 448384336 471434855 492844389 496027571 496777351 520849881 528835121 542259415 557931213 558680993 573295174 590738763 604066373 604816153 622710200 635198816 636873923 681333976 684613842 730749001
3 4 4 5 5 5 6 6 7 7 7 8 8 8 9 9 9 10 11 12 129915828 129915828 129915829 129915829 129915830 129915830 129915832 129915832 129915833 129915833 256682975 256682976 256682977 256682979 386598800 386598800
43270127 64611167 73205102 94546142 109163284 130504324 195211980 216553020 338451821 359792861 362185133 392120108 401226857 418348263 418969313 428078290 431161832 440310353 448283238 467120014 484241420 513649970 514126986 543584945 553168710 570290116 579543127 657366827 665591823 696408551 713529957 737884319 776926043 794047449 808831664 889349156
110723425 132646903 260360318 265639033 282283796 287531788 292086769 292175394 305985538 309455266 314010247 314098872 338202771 359213685 381137163 415275926 442447396 447002377 447091002 455622431 482793901 487348882 487437507 487839664 514129293 515011134 519566115 519654740 539938767 554475798 586693031 689575660 716747130 721302111 721390736 788429026
196942521 211164855 240261100 251517320 265739654 294835899 306368227 320590561 325874249 340096583 349686806 369192828 382844186 397066520 403700496 426162765 426974479 441196813 458275295 470293058 513126202 532632224 577556899 589602161 632131698 633732454 637088881 686982605 691663680 706488627 746514587 763458564 766020609 807588857 822990546 867120839
265818936 277532793 295585572 307299429 376325479 406092115 412115727 418088646 423829584 429802503 451550523 463264380 522622270 528595189 538010121 541803155 562057066 567776757 571569791 595587082 607300939 619751775 649518411 684306912 688099946 690279831 694072865 706093625 723741708 727534742 766048566 772021485 805483362 867778267 871571301 949519921
130302610 135159348 249261122 271100628 275957366 304312985 309169723 378025007 390059140 423271497 431991111 500844855 501138362 505701593 505995100 518823025 523265639 528122377 552035382 572789129 578784478 606001486 619803367 620096874 642224151 719582496 748567252 748860759 752794853 770988036 802533356 802826863 824954140 949326723 949620230 971747507
117422492 147712253 167913514 174408957 193968014 198037615 228327376 248528637 255024080 274583137 334615006 364904767 385106028 391601471 400320287 411160528 416451701 430610048 450811309 452619489 457306752 465739867 476865809 482909250 496029628 497066824 503110511 509605954 516230889 522726332 529165011 542285389 633644215 699349496 751648698 764769076
26892356 35816675 39934185 48858504 118610105 124195359 127534424 133119678 204065049 217106878 261608379 265690738 274615057 274650208 295782798 298729968 301368052 307654287 308925849 321967678 353326128 358911382 376445849 389487678 400643598 406228852 442863431 468163598 473748852 475902661 500406761 533445991 547724231 580763461 615244231 648283461
181196848 223475777 256380745 274591801 283197466 298659674 325476395 349775698 376592419 384613277 422517624 426892206 430141833 457654065 472420762 478008230 497701521 499932994 510519598 523536786 524518242 541397483 551049018 585703495 612520216 616581380 625934053 643398101 671462609 698974841 713936027 744813912 759464583 786976815 790342468 817854700
136684794 175083931 186429091 224828228 280388583 305559495 318787720 355303792 355484596 393883733 449263284 454724095 454979742 457589707 464929503 475989755 493123232 504724039 507334004 514388892 514673800 524359297 598683531 601293496 608633292 623598796 644864456 673779544 676389509 683729305 773019043 775629008 782968804 794284703 796894668 804234464
107017608 164107094 180756962 196228898 253318384 253951874 269968252 275425276 289023269 311041360 327691228 332514762 349164630 378234559 383293770 435957535 451103581 457430937 472505060 508193067 524842935 527043573 530228036 551701438 564502101 616254863 621591587 633109242 638241455 673977839 695451241 727379743 746507762 840778263 871129546 984528065
94763800 225427424 226272768 310949654 316181320 331902954 341210047 356936392 357353214 441613278 446844944 462566578 472719015 488862182 506106465 517089985 543528723 557395901 562627567 573539068 578349201 578770734 594492368 637615433 647753609 675037691 722292319 727523985 743245619 759714577 763536232 764946243 779679399 780667877 928432650 965854908
225439415 236804130 270320553 277609870 281685268 310109866 315559309 322491008 326924024 354991004 367729764 368310508 379675223 400229760 420480963 452980959 465312727 484171821 490360495 495536536 510193865 535241633 536342276 555432621 568842272 580480389 605359405 608183820 616724120 633231588 657529860 690029856 724045133 749092901 845232717 870280485
5 5 6 6 6 6 6 6 7 8 8 8 8 9 9 9 9 10 10 10 81452017 81452018 81452018 81452018 371634811 371634811 371634811 371634811 371634813 371634813 371634814 371634814 371634815 371634815 453086823 453086823
380708720 401800857 448568369 487129406 532325737 620073403 640108112 661200249 672408566 686462244 693500703 707554381 707967761 708801668 729893805 734226340 740268215 746528798 754321893 755318477 776661317 778829252 791725129 792882930 802085989 815222354 824025583 838079261 840647026 860418685 879472795 885843357 911773249 925826927 948166351 973591022
61193324 65230274 69676378 101972435 106009385 110455489 146236734 150273684 154719788 234159231 247797081 256662187 260699137 265145241 274938342 288576192 319202641 326026806 330063756 332840491 334509860 429628094 432195119 443265944 451608842 455645792 460091896 472974230 498992713 512630563 517238529 624574749 627663982 638212599 697028601 822610637
66743610 112486565 186403778 232146733 299267450 300875157 308761206 320991783 346618112 366734738 367440765 380480133 418927618 428421374 438142578 483885533 487100933 500140301 511246083 533398997 542892753 553515623 556989038 563009379 601572312 614611680 621688938 634728306 670666418 680160174 738839733 743769923 751879101 753263679 811943238 824982605
2 3 4 4 5 5 6 6 6 6 7 7 7 7 8 8 9 10 11 11 124012982 124012983 124012984 124012987 430305722 430305722 430305724 430305724 430305725 430305725 430305726 430305726 430305726 430305726 554318702 554318702
144794682 148020028 154777103 171179390 202286829 205512175 212269250 228671537 264287232 267512578 274269653 290671940 335948457 339173803 345930878 354417287 362333165 411909434 446174730 471322626 473909837 474547972 481305047 491726071 494951417 497707334 501708492 503666877 518110779 545571062 565667280 637328505 680945231 701348676 772702674 793106119
105187472 165213099 222344973 282370600 291997819 327513696 329493063 350518293 372412053 379447425 389518690 409155320 410543920 439473052 444671197 464051388 489569554 516303410 523990737 537328640 551819287 566257772 572844517 581208889 584016364 596717644 601773649 617742874 646672006 688356979 709382209 710801084 738311341 746316961 791215318 882854653
291315016 296846007 339953240 341883180 345484231 347414171 366086585 390629295 396160286 402446418 407977409 414724809 416654749 458842190 464373181 465400864 477217987 533613759 577099316 607970549 625737540 627667480 638461110 656608773 658538713 676413595 687099334 688230718 689029274 707284828 719101951 737775389 744626490 749592512 775497723 805988284
3 3 3 4 4 4 5 5 5 5 6 7 7 7 7 7 7 7 9 9 35323348 35323348 35323349 35323349 35323350 35323350 35323352 35323352 35323352 35323352 226656833 226656833 226656833 226656835 261980177 261980178
3 3 4 4 4 4 4 5 5 6 7 7 7 8 8 8 8 9 11 12 224313870 224313870 224313870 224313870 224313871 224313871 224313873 224313873 224313874 224313874 476703531 476703532 476703532 476703536 701017398 701017398
344107363 353201571 370874260 377607213 379968468 386701421 407093976 433860873 440593826 444557475 447001437 447644719 453651683 473768334 474411616 480501287 481144569 507544088 538770458 542344195 547451549 548094831 551438403 565537355 571427469 572270308 580521677 605330808 634414082 639220570 645238269 645881551 674321543 674964825 737007290 766090564
205805334 223858985 234487529 284659114 298996231 317049882 326708765 327678426 330175455 344762416 355390960 377850011 405562545 418424646 423366352 451078886 473349174 491402825 500650607 502031369 511615543 518704258 529332802 539328077 552202954 579504387 596936855 597719295 614990506 625020728 625619050 675790635 685968486 713269919 721306976 809556166
177447240 208501300 225439223 256493283 346814861 351326695 382380755 392130790 392863703 394806844 423917763 437559829 440122773 461999214 468613889 493053274 500354853 509883699 520694316 548346836 557875682 562231324 566010245 606927450 607547253 631366835 652243379 674234308 676682764 683763154 715771316 725300162 760467442 769996288 784906827 794435673
116718829 125451471 160198891 163979335 172711977 184726252 193458894 207459397 228206314 308125775 355386281 376133198 424862978 443876689 452609331 455189029 463921671 472123484 487356751 492870401 498669091 510135033 518867675 553615095 577913266 625173772 635283635 645920689 646595975 701541979 752020838 763333178 818279182 905071126 916383466 971329470
277716098 298774191 344163756 365221849 422679595 459000977 464598339 480059070 485656432 489127253 499466773 515816333 518596654 545530539 558576972 565914431 566588632 579635065 582263991 585044312 603964474 609561836 680751652 686349014 690494036 697101212 699881533 702698574 703540469 705478895 767281214 780327647 783630774 786411095 796677207 799457528
131796927 151771315 208038455 228012843 229142805 249117193 320453556 361399737 371070458 396695084 417799434 420647256 427686489 437641265 440621644 447311986 447660877 458745615 460396027 468416336 474825851 494800239 536637555 557741905 609303885 616343118 650250066 657289299 659920787 663482480 666960020 704428661 714099382 749246356 756285589 803424951
193103633 194583015 231337226 237565029 256636621 258116003 284640223 286119605 294870214 301098017 308626971 322873816 329101619 372159959 397769243 399248625 400163561 436002836 442230639 513292581 520950625 522430007 526620471 559184218 565412021 590153459 618157061 635569573 636473963 637048955 673803166 680030969 731286081 751092911 854467463 969086411
103250570 155748585 217026912 240161582 269524927 297075562 329631834 349573577 353937924 407705843 425657147 433986574 440164952 443408176 478155162 492662967 506796343 521482185 523456826 562568159 566358086 577075964 601530835 618856101 620572685 652038411 666546216 700621335 703269098 730112420 744620225 792739350 829202920 843710725 870813359 969903859
25899640 85667381 91194130 150961871 183525925 248820415 266743016 326510757 338262472 362540035 383173735 398030213 406544248 419476350 424369301 427834525 448468225 466311989 479244091 495888757 500473064 564170533 565767554 577102635 603383411 624017111 674902867 695536567 741316440 743184643 756116745 763818343 776750445 812835896 881117672 894049774
99091409 158394042 190963299 259937638 303850246 317755621 363152879 377058254 395722136 409294647 409627511 425898544 442657647 464696475 468597280 478601850 485201177 501166537 501960280 517770434 528426768 529203880 534529537 570140876 586744773 603503876 733185605 733962717 747090980 747868092 838630006 839407118 855233903 856011015 871993006 872770118
3 4 6 6 6 6 6 7 7 7 8 9 9 9 9 9 9 10 10 10 386761401 386761401 386761402 386761402 386761404 386761404 386761404 386761404 386761404 386761404 441896956 441896959 441896959 441896960 828658354 828658354
152354999 185389390 195047686 195546889 228082077 231091808 238239576 264126199 274283698 276923186 319615873 355659995 356035552 398728239 434176464 434772361 461668448 467210855 474473023 477368354 494702839 504860338 509149233 517165710 542183624 552341123 553209832 558744651 586236635 633717420 637857017 665349001 712829786 756294488 783786472 831267256
113947646 200940233 202420004 238314640 289412591 326786998 341203388 370406336 372228567 429675746 443016542 457398923 460700925 494773330 506219100 514542633 530009129 567383536 579311353 593211687 597662078 601535220 628687257 630586094 638909627 667783711 670272284 701297463 733474842 741798375 764500021 772823554 835770043 908380249 971582807 979906340
4 4 4 6 6 6 6 6 6 6 6 6 6 8 8 8 9 9 9 11 290840456 290840456 290840456 290840458 409959244 409959244 409959246 409959246 409959246 409959246 409959246 409959246 409959249 409959249 700799696 700799696
3 3 4 4 4 4 5 5 5 6 6 6 6 7 7 7 7 7 8 8 144329516 144329517 144329517 144329518 236803674 236803674 236803674 236803674 236803676 236803676 236803677 236803677 236803677 236803677 381133187 381133187
169563297 197652258 211989206 240078167 321744256 364170165 493721114 516334259 531380829 536147023 544187069 544801021 558760168 559469790 572276030 576686952 587226930 587652963 604775913 615741924 683561788 696368028 728867911 739833922 855538646 868344886 878151791 890958031 900844769 906618553 911810780 919424793 923457914 934423925 951924676 962890687
116826901 120607387 154756597 253011695 256792181 262855817 266636303 277422366 290941391 300785513 336799010 340579496 348832995 349369566 352613481 374728706 386762691 413607160 423451282 451268489 455048975 485554360 489198185 495398482 497394475 509428460 569341675 581375660 600463068 611863954 683811154 736647862 746491984 820435177 832469162 934904655
192252962 211595383 214570337 233912758 246324980 268642355 329570665 341639418 351888040 360981839 395711436 406590955 425933376 450339418 460662973 469681839 475282856 478957121 488245760 497600231 504411436 507588181 542317778 543908658 580214980 587657121 602532355 624669312 625563463 689620849 729601436 733369312 771275654 794552973 838301436 876207778
3 4 5 5 6 6 7 7 7 8 8 9 9 9 9 10 10 11 11 12 3674481 3674481 3674482 3674482 3674485 3674485 3674485 3674485 3674486 3674486 471371603 471371605 471371605 471371607 475046080 475046081
196623128 201993066 241902182 242191258 245614586 247561196 250984524 287470312 290893640 470477884 502222418 514919563 516046014 519469342 547790548 551213876 560487693 563911021 585865006 591234944 616067369 620383971 621437307 625753909 631144060 661346423 665663025 859719762 889922125 891464296 894238727 904161441 921666659 925983261 934363804 938680405
21572869 34480986 67202735 86552580 99460697 132182446 154095876 167003993 167791905 180700022 199725742 213421771 293376298 308313536 358356009 373293247 425899305 436743295 439595334 440836543 447393512 449651412 454532572 460301629 468759570 482373161 493023378 533739281 601282577 614978606 708546724 719196941 723483962 734134179 883929996 894580213
2 2 4 4 4 4 5 5 5 5 6 6 7 7 7 7 8 8 9 9 286539215 286539215 286539217 286539217 286539217 286539217 286539218 286539218 286539219 286539219 415989474 415989474 415989477 415989477 702528686 702528687
92493343 114045422 228873307 250425386 254300073 275852152 283454497 287581848 309133927 313252749 315086279 336638358 419834461 428049636 429111111 441849364 445261227 449632713 463401443 475059479 478543002 506047433 508341254 535845685 564429600 565491075 589856366 590917841 623138141 624199616 632810518 650642572 651704047 662608770 777405657 778467132
192766075 224885556 240880842 257003659 273000323 281479861 305118426 313599342 345717445 427903738 460023219 476803622 492141322 508923103 514331498 541041206 561800451 562446265 566987232 593919932 603045284 607226017 615101999 626038035 655340784 655701018 695939803 749469161 798369045 802124895 842363680 851024779 883365874 891263564 936021608 976260393
294645209 314848526 316386949 336590266 422141129 442344446 444286610 466028350 468811093 468892995 484424472 489096312 490552833 503976820 504627789 524180137 571782530 596307013 607836074 618534396 629577814 634065873 643058879 653618221 658590356 666408777 678142704 688150517 735331994 782083860 793904697 797615337 817167685 840656563 856188040 875740388
90291861 126327529 228358385 253575190 264394053 299310371 391641714 416122859 437376895 448798784 452158527 484834452 492113467 509661528 528149135 532414846 537769777 545697196 579406188 612082113 625141369 655396796 657817294 670481370 672944857 675836301 701131977 718680038 858245844 863600775 890921769 896276700 934236452 939591383 951784513 957139443
162082581 193918361 271096231 314240927 316514616 318781148 331309576 346076707 348350396 350616928 377534866 397064878 407966514 423254577 425528266 427794798 428900658 473477815 483467922 485741611 488008143 505313595 506078528 529693212 531966901 534233433 560124860 562398549 564665081 566291873 582491465 612517163 642704810 642948811 688930100 719361747
6 6 7 7 7 8 8 9 9 9 9 9 10 10 10 10 11 11 11 12 13641963 13641963 13641964 13641964 13641966 13641966 13641966 13641966 13641967 13641967 143950815 143950815 143950816 143950817 157592772 157592772
246964265 333368481 367248624 390125226 414403227 483784664 532903079 563038996 570188880 573202796 575842594 604069023 619307295 626945625 645778298 649443212 651223626 653187438 662246810 676064040 683323355 696126953 700342041 706199957 719003555 730477958 732182514 743281556 766062657 788939259 810023195 813217260 859141610 889277527 902081125 972016829
119234834 145745550 177827066 188508684 242365812 249810248 268876528 276320964 300958044 308402480 311639662 319084098 447195196 455629991 457114995 473705912 476671122 482140707 505787428 514222223 516469046 524903841 552544490 579055206 580245973 587690409 599802100 607246536 611136722 621818340 785075357 793510152 804631484 813066279 890424651 909980778
348411622 374514637 376689633 402792648 433258618 445052772 454428201 459361633 473330783 482706212 486398859 503114532 513669817 514676870 529217547 529899768 539275197 541947828 552761528 571245855 574643893 578864543 598516813 599755682 600746908 609131111 641101769 649402678 658778107 668372727 671285043 680660472 690748765 712631130 718019723 739902087
127869870 129728656 137740434 140965341 142824127 150835905 206506157 208364943 216376721 243855354 245714140 253725918 285351537 298447008 302212343 304071129 312082907 346727811 359823282 361347880 363206666 363987824 371218444 401337021 414360776 425364098 427456247 459694010 462713295 492997063 518829547 521070284 530346260 580205821 588703249 647838786
95516638 124541825 138052309 167077496 168087587 197112774 214311104 243336291 257361106 299896777 324423785 329932055 342623602 353448972 357823988 370965195 376155572 385159273 386849175 413500866 415194551 433901334 443536144 461418068 476437005 486268253 489759661 506472283 519668456 552695800 571530749 599872342 604930952 633272545 662808481 696208684
133087239 143042534 211785284 227903496 237858791 256980566 274733696 284688991 306601541 351796823 353431741 388881749 398627023 398837044 453775960 467579794 496092682 512775076 548592217 553791859 563747154 584737565 590908939 594692860 595422417 632489904 637739139 663435610 677685186 708630892 709570470 751887192 874480580 905426286 916797302 947743008
91928905 136470111 181470957 266228285 310769491 320323565 348168224 355770337 364864771 389150611 392709430 409865617 410793496 433691817 437710276 445579254 478692663 490120460 515805310 535121306 549467767 585092876 639188156 667032815 690104690 708015202 723767147 744199970 764443845 772044629 777862427 805707086 813027016 846689473 869455659 903118116
125327556 143372702 254790302 282419508 291570354 300464654 309615500 336909266 373775528 391820674 408428301 411882254 421033100 426473447 473408445 492617931 494001218 503152064 503238274 510663077 537891047 565152567 585357238 620010011 622080677 630500397 639651243 704199641 721856417 722244519 731395365 756509190 813600539 840698820 848253312 932442942
64540036 102796483 109193059 147449506 171473971 209730418 290260562 327458546 334913585 338039270 372111569 382692293 397194497 434392481 440380030 444973205 453184982 469662541 478636477 497838005 507918988 514936507 553192954 560118917 666100556 695383067 703298540 713879264 732581051 740657033 743161775 777855017 788435741 829024976 858307487 903581453
130835255 158309062 174291795 201765602 245350032 272823839 290598254 318072061 321553745 327818593 357160360 365010285 371275133 384634167 385257987 428714527 436068522 442333370 481316744 487581592 499772764 509674566 545020986 547878850 553131106 554143698 581472043 608945850 611583092 624189343 669437565 735999671 772190533 778455381 835894775 960311354
3 4 5 5 6 6 6 7 7 8 8 8 8 9 9 10 10 10 11 11 276873308 276873310 276873312 276873313 350365657 350365657 350365658 350365658 350365659 350365659 350365660 350365660 350365660 350365660 627238962 627238962
