10
42486014 105636438 155956746 177796387 213132012 255071618 269810196 277211037 318222042 332960620 368542350 373060428 377326470 383280928 390381991 405120569 425717616 436210852 440456194 440476894 453698236 486531160 489796641 490797202 504535219 508370801 512636843 516848660 543706426 547972468 567168968 589008609 607785451 612051493 624344234 688423258
4 5 7 7 7 8 8 8 8 8 9 10 10 11 11 11 11 11 12 12 363014018 363014021 363014021 363014022 422340477 422340477 422340478 422340478 422340480 422340480 422340481 422340481 422340481 422340481 785354490 785354491
3 4 5 6 6 6 7 7 7 8 8 8 8 9 9 9 9 10 10 11 261622495 261622495 261622498 261622498 261622498 261622498 261622499 261622499 261622500 261622500 407853832 407853833 407853834 407853835 669476323 669476324
100102198 122950552 162505123 185353477 293989520 316837874 320680596 325929140 343528950 388332065 391662869 399458887 454065794 461861812 462253773 467540060 485102127 490388414 513596407 519816462 546507538 575999332 585550191 593346209 612241267 620037285 688080715 693367002 707483729 734174805 753814444 759100731 761610462 766896749 875747982 881034268
49783024 77023380 125740641 152980997 187148540 214388896 237190031 262585108 264430387 308166440 323081573 338542725 346106955 350321929 360868801 384124057 388109157 399950624 409675259 422064572 445531956 449992115 483472471 485632876 495573447 533513962 535883657 547040775 573670885 581464989 597082266 619252217 619405504 657192732 682973808 720761035
3 3 4 4 6 6 6 6 7 7 7 7 8 8 10 10 10 10 11 11 367067029 367067029 367067030 367067030 367067032 367067032 367067032 367067032 367067033 367067033 419915493 419915493 419915497 419915497 786982518 786982519
128302757 173628768 200728370 224789719 264690494 270115730 297215332 348250081 361177456 393576092 403242306 405713153 420675694 449106766 451039164 478138766 484637818 499729268 506915466 520846219 542100890 545593728 552241477 566172230 579341079 593271832 623189630 643303203 657233956 669054090 680652702 726517162 781855015 795785768 827719475 841650227
58714808 75902058 118386349 123365690 135573599 163530275 180717525 183037231 228181157 244075369 259921565 261262619 308726251 319593106 364737032 383074785 394650105 400262035 411837355 445282126 447725667 459300987 493421699 529705913 553093240 584281542 589377454 595856862 598237166 634521380 678782260 715066474 817781676 829356996 854065890 865641209
141878226 169466743 204542537 232131054 235694875 261049225 263283392 287686630 288637742 315275147 360430173 363569888 388018690 426234199 457386537 475425569 482740887 509378292 518298538 538089880 569242218 580962849 582121835 594596568 612115187 621233973 625928597 637469537 664106942 688592908 693977516 719745246 736850485 745099596 771737001 844480543
135376324 226200945 261286205 289997453 294010614 308325246 331951147 380822074 384835235 399149867 400245751 415907334 419920495 422775768 434235127 440747506 457861028 472124811 491070372 526155632 573783734 595368635 599381796 613696428 626745940 630759101 637322329 645073733 668699634 705616933 728404863 732418024 736994238 746732656 770358557 838653160
