100
72637564 129164167 150608127 175517326 185527373 207134730 232043929 240990299 263497936 288407135 297516902 310815816 323555349 353880108 355989114 388786379 401525912 405380838 412515717 413695578 426435111 468878923 479168551 483351401 491908084 508260600 527585725 573733573 584112328 594167366 606906899 640475534 688732388 765763977 778503510 860328999
180985366 183224057 229573922 231812613 291443264 340031820 377515480 403401828 405640519 426104036 445938171 448176862 455827180 504415736 513859726 534351289 536589980 543838111 550203367 552442058 556396069 592426667 599931942 642468285 644809187 660661265 678243642 720779985 730881403 746733481 766254573 808790916 809193103 825045181 897204034 913056111
345315740 365915375 366644205 387243840 423923383 444523018 448946303 458451495 470274768 479779960 525182492 527553946 537059138 545782127 581970203 603298668 608832992 628813055 629432627 633484223 638318247 654812688 660577846 676353283 696952918 712091866 712463555 721968747 761836955 779983846 789489038 813350975 845487455 897001475 913007746 964521766
153460341 172949253 180982337 193228250 279667599 296516658 299156511 307189595 307608188 316005570 319435508 324038654 336284567 389453338 408942250 416975334 429221247 433815446 450664505 517919176 526626145 537408088 540495186 543601185 545441172 557687085 559984098 568017182 580263095 652833403 669682462 672067023 694643033 762619142 891084980 913660989
177613418 195993035 272452766 283882648 302262265 308121382 326500999 349965546 368345163 378721996 402960730 417229746 442888601 444804894 455024863 461268218 499107563 523498976 537727949 541333690 547737710 559713307 561294093 585532827 589581874 605376793 627376991 629615527 636173038 671459691 682504929 720300046 764382746 780950018 818745135 862827834
17020975 34082921 102284818 119346764 149363276 188089150 207556663 210696461 224618609 227758407 234627119 255238456 255892014 273352993 339898964 340502299 340649902 341155857 343038762 357711848 364300494 378624838 381362440 381764636 445774144 446427702 448913942 449567500 472992203 496642795 511718077 535368669 578867383 579520941 602517975 603171533
101027354 112619324 220840845 238990872 250582842 253839965 342862261 345069905 356661875 358804363 388650134 391803483 400242104 441296336 464883396 480825779 496329422 496856415 497882516 507921392 508448385 508463625 541462745 579259854 586904812 616142913 616669906 630485041 649142033 649669026 685338887 728919116 738164329 738691322 836598404 837125397
85524108 113586853 161518655 189581400 199645135 235495253 257974143 259073081 263557998 267968301 275639682 287135826 296031046 333968690 349616280 362166701 373194108 382089328 390229446 407945288 431523116 440418336 456323651 476287728 480982953 532318198 534616736 556977500 606294796 629872624 630954098 638767844 654531926 663427146 732966244 757625546
221189926 243509164 255274124 268952372 293859671 316178909 327943869 331105313 333135023 341622117 353424551 365189511 378867759 384185582 405804768 406504820 418269780 431948028 443050410 465022511 477896448 487341749 496130679 499106709 500215686 511980646 512784957 525658894 543687638 576967608 589841545 616357383 653603025 706683294 787520223 800394160
185833679 225198627 265780733 276407142 309686918 315772090 349051866 356354196 371050598 389633972 406962441 410415546 423054682 446327389 450997652 462419630 486909495 503001736 526694716 617268179 650547955 670596917 676660907 711911635 747823478 761170380 763915719 767234370 794450156 800514146 855813836 861877826 891725679 897789669 907817920 913881910
184324058 219755956 274968215 282663082 296164661 318094980 331596559 372656041 373307239 386808818 408087939 414467411 449899309 451773638 463300198 487205536 497515385 505111568 511921029 542417795 594892101 595854409 609355988 610260053 623761632 685847368 693231125 700253012 706732704 727658738 742064382 764964965 779370609 783224084 825035454 862341681
5 5 7 7 7 7 7 7 8 8 9 10 10 10 10 10 10 11 11 11 73288015 73288015 73288015 73288015 73288018 73288018 73288018 73288018 73288019 73288019 146485142 146485144 146485144 146485144 219773152 219773152
380512277 407008584 447010599 507530381 534026688 540270955 540284088 549437945 555589719 566767262 574028703 582086026 606769277 622088041 637919657 667302192 676456049 685714904 698720876 700042766 709196623 712211211 715361530 724515387 725217183 752213226 764937761 765219198 797678335 812997099 845486715 854640572 858492687 867646544 943122284 956128256
150566102 193404703 233556893 234609078 276395494 317599869 368492487 402182102 408819047 411331088 415267739 445020703 451657648 452535463 458106340 486225078 492862023 499310715 516969287 553452960 593379509 599960078 636443751 676370300 734895672 768585287 771379345 775222232 781670924 805068960 811305894 811705905 818154597 844995509 851632454 858081145
126770445 254059944 347490757 364421341 365526198 427845595 429702884 439715024 464181274 491710840 492815697 512648019 555135094 557724039 585141653 586246510 591470773 648565907 667353780 668458637 677365920 678470777 684901586 685013538 730778034 740790174 750298915 751403772 767113713 777125853 778444351 813723169 850058848 860656478 870668618 943601613
184522954 200894979 208225347 224597372 357218977 360977236 377253673 377349261 378683066 380921370 393625698 395055091 501756500 514156375 525458893 533673259 537213798 537858768 538252366 549949696 551379089 553585823 561954759 678210782 690610657 694487219 695916612 706887094 708316487 709909821 714706648 730983085 732412478 854447344 866847219 890943209
29717096 90390203 91962214 115126011 142295134 144679539 152635321 155554059 177371129 202968241 206924657 216227166 227704049 240962974 245476497 257257577 270516502 289936043 307721615 311827297 352181161 358054535 366162455 371313460 372500404 397236212 402514081 415773006 426789740 426835562 451571370 481124898 527586698 572046244 581921856 626381401
2 3 5 6 6 6 6 7 7 7 8 8 9 9 10 10 11 11 11 11 167973841 167973842 167973845 167973845 421413268 421413268 421413271 421413271 421413272 421413272 421413273 421413273 421413273 421413273 589387107 589387107
152131296 170641830 180850414 189510324 199360948 218229442 249092892 267603426 286471920 298254321 316764855 335633349 366031458 384541992 388380294 400535122 403410486 406890828 425759322 429254240 497496718 519247719 546658147 547966837 589817536 614435284 616209315 618536654 636784120 665370744 686779132 733147881 735940561 755496717 803717698 826066534
93009538 103795341 197953938 199178337 208739741 304122737 308364790 319150593 332213077 342998880 364182848 374968651 392359466 414533589 435729650 438381876 470351647 470634173 497303866 540674050 571662336 575578573 582448139 607714718 631563005 651084902 663532776 674933189 677831135 685989425 706902960 709837712 741807483 871012264 914382448 949286971
95802802 250069910 273923645 284523513 309919372 313262164 325879720 328169040 356543564 428190753 462644356 464186480 467529272 498640083 501982875 504000563 506289883 516267194 534664407 539996290 542285610 543339082 545628402 566306732 570660134 574002926 670534302 704987905 720573840 746344112 748633432 755027443 777007956 796383650 798672970 827047494
346956658 364429774 366667154 419014922 436488038 438725418 477954720 520965749 538438865 540676245 542057804 550012984 557807345 559530920 561768300 586619979 604093095 606330475 629865609 637633163 651963811 655106279 657343659 662311937 673055866 717618041 731816436 734370201 752908491 768631225 797470666 836321028 848483850 857413083 901975258 952988442
123005775 172602917 249351947 309482935 333860461 359080077 384895264 420045844 425908794 434492406 435829107 469642986 471712421 511241436 520337621 538752793 546392016 555259277 588349935 595749950 604856419 612385954 630900530 658189581 665098965 681605449 687798283 722948863 733601910 749607479 766113963 768752490 841655812 858162296 887459439 903965923
77403228 136554631 162976760 171326130 207962548 267113951 280149067 293536080 300333044 301885450 339300470 359484447 361190491 365722599 370690231 374071969 385906576 394255946 409152677 420341894 446764023 455113393 468304080 494726209 501249551 503075579 537523937 573436070 593620047 654477494 668083257 702439680 740269776 760453753 821311200 869273386
118654719 121513031 205215446 208073758 269462577 272320889 292133816 294992128 302024338 323322641 326180953 388585065 423277106 426135418 433406767 452832196 470242710 475503435 506692260 519967494 556803437 584214625 588453314 606646725 606885864 621050568 638074689 643721807 674910632 675014041 738029154 739261172 761932411 774865097 793121236 893075701
118025852 130657722 232626273 245258143 249279151 261911021 278355880 279165293 290987750 291797163 326554637 341544241 349167825 354176111 403961134 438566959 441155058 457807936 463768246 480421124 486884665 487694078 509497853 510307266 518561555 535214433 550073026 553167380 564291162 565100575 569820258 572686214 598896987 599706400 627479523 662085348
4 5 6 6 7 7 7 7 8 8 8 9 10 10 11 11 11 11 12 12 329733461 329733461 329733463 329733463 329733463 329733463 329733464 329733464 329733464 329733464 433164822 433164823 433164826 433164827 762898279 762898279
3 3 3 3 4 4 4 4 4 4 4 4 5 5 5 5 7 8 8 9 191355157 191355157 191355157 191355157 191355157 191355157 191355157 191355157 191355161 191355161 438051716 438051717 438051717 438051718 629406870 629406870
149081541 157268576 305330247 313517282 346742493 354929528 364232768 372419803 387561926 395748961 466536998 474724033 490821956 519012267 568545347 627756860 647070662 675260973 688482908 705973183 716673219 724794053 729302341 734163494 757492652 766206299 783696574 784005566 807025732 808277413 825417812 836467724 842908087 866237245 886000804 945212317
54893760 80685484 141760493 149633470 175425194 218095712 236500203 275914879 312835422 352980998 369873373 370654589 378772722 439847731 464613083 485178787 486563777 510970511 512355501 516182950 518399287 544191011 572045520 573430510 574002117 605266020 648380739 649765729 667960611 681601239 706199906 707584896 739420406 800158400 801543390 833378900
48406788 61786622 116173861 129553695 158043331 171423165 210576499 223956333 227885194 295652267 306377380 308328675 334214808 337521737 347594642 374144453 376095748 390054905 412571273 416013923 417965218 425951107 468547091 470498386 504029348 513693214 571796421 592049679 592185400 594136695 613665891 666199059 670541865 672493160 789837368 868193832
237676276 326995671 341901911 358454073 410603692 447773468 462679708 463347474 489167704 499923087 500017909 514726025 514829327 565764822 584125271 589337304 604243544 609945501 635503822 636274890 655084217 662095120 669990457 684893195 687653441 725689107 751509337 774212590 777067658 789118830 791436020 817256250 842814571 910564393 936384623 961942944
173182421 179262073 216311846 267068049 273147701 276571784 282651436 310197474 319701209 359454785 366248975 443088576 444631332 449168228 450103660 450710984 452875356 453340413 458955008 460134603 462844148 469638338 486218001 487760757 496004781 543989288 553493023 629360940 630903696 636155130 637697886 639147720 645941910 720009815 721552571 729796595
7 7 8 8 8 8 8 8 8 9 9 9 9 9 10 10 10 10 10 10 4430566 4430567 4430567 4430567 397027645 397027645 397027645 397027645 397027646 397027646 397027647 397027647 397027647 397027647 401458204 401458204
132994288 242202728 266641352 276982203 298569825 319830542 323230364 358098295 386190643 410629267 429038982 432438804 442557740 453477606 455060412 456877428 484713006 485406079 488805901 502086210 539053408 544934549 548334371 593921446 599048327 618360070 641896666 645296488 648261848 650288543 672700472 704628945 709817013 764157415 806779130 861119532
137949540 154364701 171424236 187839397 245180668 256515155 272930316 278655364 357588025 363746283 374003186 417415917 445225509 450890613 455340350 461640670 464819153 471755511 489260242 522734938 535981532 552456637 562571478 603638951 607825857 637054402 637113647 708898727 722204566 724691886 734806727 796536211 806651052 823277436 910914920 921029761
49315093 79938529 138286791 168910227 202670975 233294411 238748953 269372389 326256078 353470055 361630415 414057753 415227776 436252978 442441753 450602113 462683102 466876414 479611960 493306538 503029451 506825937 514986297 515689938 542903915 551064275 567413635 603491613 713193963 739624087 740407940 748568300 766838064 774998424 800995638 827425762
60909920 151680120 165499957 263370161 272573915 281735144 354140361 363344115 367960198 368776446 372505344 377163952 386325181 402349428 417630799 459546646 469365800 473366483 508400999 522220836 546589169 604809669 614013423 623174652 671826041 681029795 690191024 710215954 749049410 758253164 759070307 767414393 777232326 826086679 854455695 903310047
146980667 165036089 260075801 278131223 298722658 316778080 336807541 367200203 385255625 449902675 488549532 489858089 497314755 507913511 510027427 528082849 557027077 563834109 597017849 610409889 649056746 676929243 679684963 699854301 710112983 715576100 717534291 748759840 784053645 817237385 840192177 860361515 906711531 926880869 939895271 960064608
156334156 236656093 327221662 452678244 468287418 474824839 475086275 494534885 501655281 533000181 574856822 581977218 623565750 645063588 650881539 665422391 672542787 725385525 731203476 764631506 771168927 771430363 806488147 813025568 813287004 813608543 815951094 820145964 820407400 821769045 957016850 962834801 963554271 963815707 969372222 969633657
396831835 412944024 421376025 437488214 442657689 463570839 467201879 479683028 489560938 495298180 505673127 509396693 519842370 535386792 562037184 563080180 579192369 588027283 608906034 615145843 615331340 631443529 639690033 642574228 661157194 661546525 667118418 681884847 707874946 709313232 713797685 735303331 781394188 808822573 833645348 861073733
43972923 48251860 77377937 81656874 88846450 122251464 369607438 370098369 403012452 403503383 431433012 435711949 440905217 445184154 464949919 476306539 478294508 482573445 485778744 498354933 523137398 523168035 527416335 568010925 757067527 757558458 766539732 767030663 803929023 804419954 848771913 849262844 852410008 861882213 899271504 944114394
2 2 3 3 3 3 4 4 4 4 5 5 6 6 7 7 7 8 9 11 175780222 175780223 175780224 175780226 216295066 216295066 216295066 216295066 216295067 216295067 216295067 216295067 216295071 216295071 392075286 392075286
3 3 5 5 5 5 5 5 7 7 7 7 7 7 7 7 9 9 9 9 184173719 184173719 184173721 184173721 199082363 199082363 199082365 199082365 199082365 199082365 199082367 199082367 199082367 199082367 383256078 383256079
87056839 109463836 183737303 206144300 212095801 212720998 222815653 245222650 308776265 309401462 334655419 340072291 347854615 348479812 356441013 357062416 436752755 436802339 453121477 459209336 459694381 460319578 475831105 492199827 556715301 561841301 562466498 579122298 587670871 604039593 681754263 682379460 689817791 706186513 809730753 826099475
131316354 165601149 200878617 232174361 235163412 266459156 290704907 296652758 324989702 342953226 366215021 395388787 397510765 412515489 418799484 429673582 431722222 443811233 456041311 466007017 485388780 488361747 502341779 519657491 554951043 560725191 578188037 586246787 597058626 607025659 643359094 644777333 682871917 719205352 749461213 785794647
112894935 181038390 218846288 218923576 286989743 287067031 333554779 392283456 393967648 401698234 405414149 449724174 460426911 499919001 499996289 504681087 511365502 511442790 514128524 555675527 555752815 572824542 614627492 620079877 620157165 626073993 670384018 673356169 684802670 729112695 734788368 785753800 793517045 797200301 841510326 905914676
108999460 168900940 246896303 256318479 296346122 316219959 347922252 348625247 356247602 368685087 394215322 408526727 434242965 460590266 473829567 486522090 495241271 516004106 533731047 535268914 556031749 562115534 587548039 607909285 608310874 611726410 622017014 647936928 700012377 700216053 712752359 733515194 801038326 821801161 825420373 913706340
4 4 6 6 7 7 7 7 8 8 8 9 9 9 9 10 10 11 11 12 354147164 354147167 354147167 354147168 416832094 416832094 416832094 416832094 416832096 416832096 416832096 416832096 416832098 416832098 770979254 770979254
115754484 117209735 156651325 158106576 238894339 261128045 261958457 262583296 263413708 279791180 343921189 361981006 384267900 384818030 385098312 402877847 465284167 489294750 490125162 494647355 496102606 496243806 497699057 506181008 507354567 508184979 610657728 611488140 617787210 619383661 722814060 724410511 740873877 742470328 844177038 845773489
98315185 98812742 127932927 189740928 190238485 219358670 292570366 324013973 345598656 346096213 375216398 383996109 411669848 415439716 432709555 433207112 462327297 503095591 522866033 523363590 539853837 552483775 562124566 562622123 571297444 591742308 626964736 658408343 658953319 717121214 746064218 748564821 756379747 787823354 836220696 875479228
3 3 4 4 5 5 5 6 6 6 7 7 8 8 8 9 9 10 10 11 185923238 185923239 185923240 185923241 375701114 375701114 375701114 375701114 375701116 375701116 375701118 375701118 375701119 375701119 561624348 561624349
158073495 177065858 198675054 263165753 327987544 346979907 368480323 368589103 387472686 409081882 433079802 435335562 452589641 453952163 467516460 471582004 472944526 473572581 486508823 493191200 494553722 508118019 542174019 557681899 559044421 572608718 605249611 645742390 712088068 729851708 731214230 744778527 752580847 836690165 838052687 851616983
190847700 252462890 323574871 382703902 425846488 461160270 485544959 517076391 547160149 578691581 593238814 618130279 618272130 649659672 649803562 654854004 677401161 679745469 708932593 711274862 720543747 725965985 750857450 752075179 755857529 782386843 785095016 787388961 809986481 828237602 841515874 853129067 863551384 884658460 888442849 919972241
207653019 320609471 329155819 333060170 344284920 371338157 427379108 446016622 454562970 469692071 484294609 492840957 507970058 515482686 552786259 591064246 596626566 598400318 621024396 640889837 679167824 709583018 711356770 718129366 719903118 733258467 733980848 735032219 742527196 757656297 816352655 818126407 840750485 904456233 906229985 928854062
43159565 63327660 156546060 172986392 176714155 260395309 275828344 280563404 286372887 293820352 295338062 313988447 389214839 390222136 395889516 398817355 408724557 416057611 418985450 423647179 450832067 493064088 512573806 525716343 526489131 528644182 545998849 564218562 628558295 631486134 648068013 650995852 668067811 701492854 803562018 806489856
131691138 192562268 315660346 352062740 359610215 376531476 408119485 412933870 420481345 484324332 503574526 530045229 545195462 564445656 567898904 592088693 593594801 628491087 636038562 714014437 750416831 751868112 757964306 760752679 777564009 780002873 788270506 795817981 813966403 821513878 882678423 901928617 920532098 939782292 946227995 965478189
87649428 186098572 283315907 291573235 292867107 355339889 363354274 391316251 410430461 444404496 453779294 453789033 488533586 488947739 496790914 542853640 551006368 552228438 559263696 568571953 587396883 615648140 631044735 640070975 648328303 649445773 657703101 678120922 684614218 692871546 720109342 729484140 764652585 767185529 776560327 811728772
224624893 243705041 250476206 280913549 290831379 299993697 306764862 309911527 316682692 363048797 382128945 387196111 388900110 397595352 443484767 453402597 453884008 455538435 463801838 474618583 481389748 525620015 527432269 536019256 557572932 576653080 583424245 583720925 593638755 618109653 628508894 665856173 720144150 730543391 758345811 860380308
85236210 94989257 164593133 174346180 269213890 278966937 283486759 293239806 300945909 310698956 347879444 357632491 381759725 461116648 476591894 505807648 506722827 555948817 565737405 580010274 585164571 586079750 597469424 644402959 660569574 674842443 689785328 690700507 692301593 704058197 704973376 721517347 722432526 739235128 768450882 769366060
13710232 212541498 227689559 232592793 271472016 306041345 307695047 338948438 355712437 426520825 434480446 446572120 447620466 485451343 506526313 520020672 526577608 552927765 554543703 565456831 574594998 600026160 613474221 632933253 633311712 646451732 648043550 653363007 666503027 680950643 692242230 705382250 726811559 739951579 759718652 772858672
142573006 181206107 258903755 297536856 316430437 355063538 363366924 384661546 402000025 423294647 476854150 503602133 515487251 527059518 538574843 567352850 619932882 643390267 654905592 677459564 683683599 700916949 712432274 724396051 741210281 745690673 747853436 759368761 769148058 780663383 788146768 809441390 837883277 861340662 872855987 901633994
101838814 165634196 196826687 199317516 241950605 260622069 270482734 277638166 294305389 334278116 336938478 346521605 352601416 367961436 372626039 410316987 410594525 416396798 444000307 446282086 450059220 450080118 468776331 486633396 492713207 513854602 522320957 528400768 547537922 563764204 590171011 625858572 637420251 713459122 719538933 816996736
57140054 96254235 107514683 122781536 128512518 146628864 173156165 177884364 178887147 216998545 243525846 249256828 273777273 312891454 339418755 345149737 379690313 430064942 443046372 482160553 500434623 507403164 508687854 514418836 526290097 546517345 573044646 576664726 578775628 596327532 647034407 742927316 765596631 829953423 912196415 976553207
30092545 30741558 60029757 110083446 178935001 211056395 211705408 222303201 222952214 240993607 252240413 291047296 292178529 292827542 302294102 322115741 338970771 359898851 371145657 372169430 441020985 474832908 475481921 481631115 482280128 504770120 511568327 519934621 531181427 554823809 561622016 601056755 623675364 630473571 783711134 790509341
95771323 125809239 183613148 196548866 226586782 284390691 350081769 352216658 362913278 382254574 383218612 383853435 399467389 413256528 429505305 432079729 440058483 450859312 462117645 463690821 471060437 484630978 487309214 519921554 606527104 619358613 637529058 640298770 650360567 653777835 666609344 671300724 686390175 687549501 699221684 720161841
201034546 243886520 245209594 274790407 288061568 317642381 349047903 393222951 422803764 432536608 453069320 476711656 485509797 497244368 506292469 522896398 526825181 529684845 555189170 559265658 565748372 579922451 598041144 622774425 670909755 703202527 727935808 754398460 774931172 786691232 807223944 807371649 811424513 831957225 839664421 864397702
109539295 187507595 232099713 252958433 263861573 308894645 310044639 386862945 388012939 407020861 431455063 432605057 452313783 453463777 463216923 464366917 477296335 481545805 555264635 559514105 576515000 599856753 604106223 606376211 607526205 620715473 624964943 631618613 635868083 654483300 699075418 719934138 730837278 774777901 779027371 873996566
75905003 93513943 204925378 222534318 260196153 261215128 271502808 278824068 289111748 294114678 309418243 327027183 342744378 389216528 393793876 423135053 445506278 455793958 471764753 472381831 479424803 489712483 489990771 493709393 522814251 527627918 528054503 538342183 576257618 579104001 589391681 627307116 656672981 690591506 739221206 790270703
159286453 176342563 197447670 236097000 280321151 286896016 297377261 318482368 341372227 357131698 407428727 407930714 424484837 426740097 443796207 445589944 462406925 464901314 469577469 484239274 486633579 500868126 503550644 507738686 517924236 535038290 539029343 546388016 554349660 577678673 589514501 597187032 608825871 628477689 651663243 682953900
2 2 2 2 3 3 3 3 5 5 5 5 6 6 6 6 7 7 8 9 260549008 260549008 260549008 260549008 260549009 260549009 260549009 260549009 260549011 260549011 321922933 321922933 321922936 321922937 582471938 582471939
93965691 105730508 135501360 139832063 147266177 151596880 166577462 178342279 185864960 227400629 230470356 231731332 258476731 272006025 276336728 279470200 291235017 303082127 371369469 378976979 415974865 420512648 424843351 426149817 451588750 467685486 472016189 498761588 504531137 516295954 564481488 596430406 611654326 641035802 789542425 836715262
233327754 246095716 349053307 360236931 361821269 439707842 473008961 474468680 475962484 487236642 500627914 513395876 555433395 566388604 580504939 588734514 593272901 601377857 624330061 627537091 637098023 680848768 682114157 707008002 707414116 714149887 740309121 751239238 786885027 807529530 820186146 830710149 833688764 864011268 913565789 957390911
4 6 6 6 7 7 7 9 9 9 9 9 9 9 9 9 9 11 11 11 64589500 64589502 64589502 64589502 349096933 349096933 349096936 349096936 349096936 349096936 349096936 349096936 349096938 349096938 413686429 413686429
73690464 74025101 109962454 110297091 129934438 130269075 233027384 261500434 269299374 289271358 297772424 317744408 327619625 363891615 374365261 383863599 406543193 406877830 407999175 408333812 410637251 430609235 502337158 502671795 565880113 567336095 594353163 595809145 660472354 661674078 661928336 690147128 707217990 708673972 756266319 803011955
73094554 103118413 137705203 164206346 167729062 228816995 246816393 276840252 337928185 391962010 414271156 435840321 444295015 456572659 465864180 493279987 505382948 513686735 514617327 526952113 544641186 557890636 565683849 578297384 605729119 667001826 687408574 733138612 754707777 833484783 834456589 854863337 856025754 876432502 934802760 955209508
231969118 265198947 291855457 297474292 330704121 357360631 365935116 396843534 399164945 425821455 428229935 431783875 432739046 452337020 461459764 462348708 465013704 465968875 488116274 491670214 492625385 517842194 530809532 586303018 593104351 596658291 597613462 599146376 648597837 652151777 653106948 664651550 733112374 795407193 798961133 799916304
22731857 34855935 62156028 89994826 171016111 172020436 178708867 183140189 184144514 190832945 210440282 211444607 218133038 225896743 238020821 238279080 239283405 245971836 265320914 293159712 371840952 383965030 411265123 439103921 458420060 491954845 606704314 607708639 614397070 640239099 641243424 647931855 661584946 695119731 807529155 841063940
201714896 227578469 268307905 270022235 274771209 294171478 295885808 300634782 310650742 317211163 377243751 378958081 383707055 383804172 385518502 390267476 426806852 474309648 493399861 495114191 499863165 507695975 515674186 533559548 540902657 541537759 542616987 547365961 616631821 623192242 624610032 631170453 732787931 740766142 780290727 788268938
262282754 267627954 311797988 317143188 394293651 434583392 443808885 472951270 484098626 499041942 504387142 506732144 522466504 556247378 615740505 621085705 631052839 663798921 669144121 671342580 671805748 677150948 709710458 743491332 747751402 788041143 795809818 803816645 826409021 836099559 844106386 860189895 874467437 882474264 908248311 916255138
80313663 156025261 178078763 184802340 251571657 281222323 300943348 327283255 349336757 356060334 356933921 378987423 385711000 435450727 452539328 458056655 472201342 501852008 511162325 533215827 533768253 539939404 552211262 555821755 562545332 623797322 627922860 649976362 653447988 656080412 656699939 678686340 772840947 807676392 830282320 924436926
3 3 4 4 4 5 5 5 6 6 6 6 6 6 7 7 8 8 8 8 159467187 159467188 159467190 159467190 221442761 221442761 221442761 221442761 221442762 221442762 221442763 221442763 221442763 221442763 380909945 380909945
232153329 264615452 311349054 330269553 343811177 371716375 392843793 404178498 409465278 425305916 430010506 430375112 460879276 462837235 469832599 490960017 493341399 508192407 509206231 528491336 558995500 569573552 587388132 590700970 628232289 647755453 658736453 668882871 703317835 706414190 736918354 782513560 842880881 864008299 901539618 932043782
148244598 208960775 234889005 292087557 295605182 296313799 302955708 352803734 357029976 384743798 389600115 389801991 446798667 451024909 461197866 465052473 471388205 476446398 499542022 521914043 528586757 532812999 533644950 537871192 551696880 560258199 608895432 613121674 615908976 654253132 697697066 702755259 736041222 741099415 778005741 816349896
131333673 201792292 202591106 254959652 273049725 284785440 325418271 344505283 350576192 355244059 367710900 373363226 414963902 420099443 421833625 438169519 444620659 474202171 491356876 496989205 504027959 526814993 543725422 563747802 571514828 573551210 586534836 586953419 609740453 633271053 642772261 656476670 695140807 724966595 784686438 807892055
175328595 182306682 197806841 204784928 223793589 230771676 337982776 344960863 402861481 409839568 451532502 474010748 478830136 485823724 492801811 499997496 501308382 527295130 544436400 555595853 566914646 578074099 592901394 604060847 614186683 641484317 679065388 706363022 707090581 718250034 762027631 771969286 783128739 789325265 854931529 866090982
104728485 131504518 210168911 212019836 215691133 238795869 278586680 287485114 305101530 305362713 314261147 317460262 322982484 331877563 334892639 378083260 384027106 389549328 392925540 398447762 410541956 416064178 442183990 444965232 471741265 485374611 508750834 517649268 535265684 550405658 551941455 555927880 560839889 578456305 675129386 718320006
249961487 296202123 314516701 344006527 346442699 360757337 390247163 391562379 392683335 438800081 456117593 467888520 485040717 485607419 488043591 514129156 517402291 535031169 580400973 581957505 599586383 609489412 611447331 613883503 629076209 631512381 697598544 706240885 723869763 735329324 752958202 762153758 791643584 794079756 886437138 915525576
3 3 5 5 5 5 6 6 6 6 7 7 8 8 8 8 8 10 11 11 213002606 213002608 213002609 213002609 393454803 393454803 393454803 393454803 393454805 393454805 393454805 393454805 393454808 393454808 606457406 606457406
87404225 254977355 280611702 298166811 358465185 368337643 374246632 389858736 404112771 404834737 465739941 489607365 491374288 526038315 535910773 551672662 557431866 561545120 583066213 585009218 614875357 615597323 645307592 655180050 657180495 675173731 675895697 676701143 682814842 685046189 685768155 706567282 707289248 776449772 806315911 807037877
123492395 292217125 403239874 407944873 451195159 451736283 457551300 462436915 475242070 501764485 571964604 587208431 620461013 626276030 631161645 670489215 687692352 730942638 736188761 742003778 746889393 754989549 779439047 785254064 786216963 790139679 803485958 809300975 814186590 829467249 853514160 866955910 915452319 921267336 926152951 965480521
117415127 146008196 192623927 221216996 227770614 256363683 259865520 284267404 288458589 312860473 422263401 448598899 450856470 456276695 501144293 509407512 523807699 531485495 558954386 566632182 576353093 584616312 591049292 598727088 611499780 615451176 619762999 623128972 643594686 651857905 667996570 676259789 753447173 761124969 805992567 814255785
4 5 6 7 7 7 8 8 8 8 9 9 9 9 10 10 10 10 11 11 72779105 72779105 72779108 72779108 72779108 72779108 72779109 72779109 72779109 72779109 157232621 157232622 157232623 157232624 230011722 230011722
45291861 104782338 147650250 207140727 218474983 276475940 277965460 351542716 378834329 415122445 428485751 449659062 453901105 464721691 468957599 474612922 480929191 487976228 524212168 524725838 571315988 583287580 642140721 646306524 654112313 659669830 695905770 721373300 734736606 770972546 838788183 850759775 852151489 864123081 888387429 900359021
265261901 303051073 331991848 346943453 349142994 355299767 356605328 362382463 386932166 393088939 394394500 415872941 422029714 423335275 430824546 436981319 438286880 446263556 452420329 453725890 533894854 535973792 571684026 573762964 596416404 600624801 602703739 615576406 617655344 631015416 633094354 680297497 686454270 687759831 865049357 867128295
2 2 2 3 3 3 4 4 4 6 7 7 7 7 7 8 8 9 11 12 154636708 154636709 154636710 154636713 317972944 317972944 317972944 317972944 317972944 317972944 317972948 317972948 317972949 317972949 472609650 472609650
276409885 286966003 295648967 306205085 312307073 331546155 411719659 413738434 422275777 424294552 434442513 447616847 449635622 450979445 453681595 470218527 516396038 530579369 535635120 541135487 566476557 569752287 571771062 586289219 588307994 651705812 653724587 662316135 672872253 688611997 698213323 705148929 770565522 820348763 836885695 902302288
4 5 5 5 5 8 9 9 9 9 9 9 10 10 10 10 10 10 10 10 99039860 99039864 99039865 99039865 250680417 250680417 250680418 250680418 250680418 250680418 250680418 250680418 250680418 250680418 349720273 349720273
278186842 336396281 368767144 410478950 413902712 456750443 489054179 501676802 514959882 524681785 547330745 559886241 561178440 576984334 582891224 589042551 592257104 592466313 615262087 619387879 633968910 635193773 637392672 651758742 656973893 660397655 667564636 667617780 693470548 696894310 709276442 712544139 712700204 735549122 772045777 787851671
38980076 62371689 110838147 122451753 134229760 146029887 169421500 194309824 221840838 229501564 252784453 276176066 293698909 328890649 329576522 336256130 352968135 397533709 413048199 419886887 435645215 456460211 469391780 479851824 491744958 504583520 512437284 526936698 539931888 611338086 633691264 639320973 688130155 710483333 815013844 837367021
