100
82692461 109655079 237330563 264293181 265610327 292572945 327116456 354079074 368807399 395770017 399089146 460025384 485311987 505065407 512274605 534872685 553727248 582007012 614663486 642943250 643513141 659703509 685204084 687983273 689510787 704449379 717790551 746140322 749489402 779296680 791180345 801708672 820987623 862644910 907684933 937492211
241440266 298939832 309983756 317516694 334258898 367483322 367487692 375016260 391758464 425470731 431596169 436031182 443564120 460306324 489095735 494014221 501547159 518289363 537724538 547834999 557643595 595224104 615626634 616378489 616465944 623911427 640653631 663771964 685009434 692542372 709284576 721755003 737990902 806621847 844119271 912750216
2 3 4 5 6 6 7 7 7 7 8 8 9 9 10 11 11 11 12 12 99768891 99768891 99768892 99768892 99768895 99768895 99768896 99768896 99768896 99768896 174575871 174575873 174575875 174575876 274344760 274344760
59019697 60925085 103926153 105831541 139990256 141895644 192905012 202309940 236599252 237811468 238504640 245513133 247216396 273875571 283280499 290419589 312811388 326483692 357717844 370484567 379889495 393781947 423092688 490390943 490671875 492577263 503491189 505396577 624557190 633962118 637376504 646781432 677165311 689984625 744463566 757282879
3 4 5 5 6 6 6 7 7 7 7 8 8 8 9 9 9 10 10 11 169563380 169563382 169563383 169563384 402361129 402361129 402361130 402361130 402361131 402361131 402361132 402361132 402361133 402361133 571924506 571924506
204950695 240023772 294432646 329505723 330639408 408959594 420121359 435051454 450446347 451950683 487023760 497312349 498441545 524533405 532385426 539928298 577639396 623001062 650828882 654265254 655959582 682051442 685901959 689338331 697446335 701321248 727413108 742808001 776517595 779953967 854837781 858274153 880929641 884366013 896324534 899760906
29545567 93347645 111839394 175641472 179983254 198348711 203418795 220424928 239933957 262150789 262277081 267220873 287813754 302718755 322227784 348786398 351615832 353856482 389228072 394298156 408737101 411674193 413807185 438251441 475476271 478693115 493858729 498202144 562111880 576152556 602553554 622062583 662661873 667731957 752126916 875987355
4 4 5 5 5 5 5 6 6 6 6 6 7 7 7 8 9 9 10 11 86058030 86058030 86058031 86058032 369511164 369511164 369511165 369511165 369511165 369511165 369511166 369511166 369511169 369511169 455569190 455569190
166565191 233826058 318701515 369648597 392750350 393606046 402292325 436909464 460011217 471589492 521784921 523585610 544886674 557161602 565401745 590846477 596689452 605375731 619791205 624422469 628477484 632662612 674672898 675721934 697774651 709297926 717538069 750626465 759312744 784202457 792442600 792888736 801128879 828609911 862185903 870426046
102287539 106194082 148380772 196485172 199952623 203371409 203859166 207277952 219113203 223601014 227507557 246045856 249464642 269694247 294150256 297569042 316778287 317798647 320197073 340426678 451032700 454939243 484753887 497125933 509162164 513068707 545230333 555255397 567858364 582418971 585837757 603359797 606067362 625987828 833499048 891628511
156221256 158849550 180186838 287434078 290062372 296900711 311399660 358910381 361538675 382875963 383163643 406395843 409024137 428113533 430361425 475024219 477652513 498989801 499589836 514376465 517067893 547075298 573678699 576306993 585852768 597644281 615703674 633338230 648280715 701966606 714358154 719757018 767242480 800621086 835870856 934525335
225243683 251895399 374424706 382758563 387335848 464889079 483058223 509709939 553878694 580530410 593207457 619859173 632239246 640573103 645150388 660471778 666508155 687123494 693159871 703059717 711393574 715970859 722703619 742388480 750722337 755299622 793524090 809652801 815689178 817986658 822563943 824023035 828600320 832852853 900117174 906153551
91283793 120705880 327553359 356975446 357300350 406693973 408870454 413034593 442456680 449216597 455377004 478638684 497933620 521297478 527355707 550719565 593569916 642963539 645140020 679051150 691646570 715233154 728444773 730621254 763950177 764626777 766803258 777127804 787314035 813309808 813343800 815520281 836707658 838884139 862026831 885390689
57414779 94139725 222328899 229989755 313779106 343940601 350504052 356791051 380665547 393515997 393992273 400067330 428831057 430717219 478693226 486354082 508854721 516515577 521705171 529366027 529433100 558906393 566158046 566567249 656431657 685195384 686593152 694347220 699443602 702008076 715356879 728207329 736644824 765408551 872085651 900849377
150317643 157308598 255583541 262574496 309298732 310116819 357588932 414564630 415382717 462854830 503139490 510130445 513522212 519263501 526254456 539665807 546656762 618788110 629241575 636232530 662120579 662938666 678244590 679062677 698646896 699464983 710410779 726534790 746937096 788222664 789040751 836512864 866344059 882468070 902870376 992446144
2 2 3 3 4 4 4 5 6 6 6 6 7 7 7 8 8 9 10 11 121134610 121134610 121134612 121134614 129447678 129447678 129447679 129447679 129447680 129447680 129447682 129447682 129447683 129447683 250582285 250582286
85954790 178494298 229819654 282605268 331336792 344055062 348933406 352485931 415763740 421133054 423876300 436594570 441472914 475201656 487919926 492798270 508303248 527987270 540705540 545583884 546086322 559628604 597867933 610586203 612414218 615464547 638625830 666515056 679233326 682294881 684111670 689951186 742736800 750942004 812617463 881264586
124644930 140378509 147530649 163264228 180162134 195895713 200262977 208611715 215996556 231497434 264128919 284229762 303475882 326361601 341884093 358993086 364769812 379093929 397401297 417502140 425317536 441051115 476484189 499369908 509284321 522322273 532001393 538055852 552102236 604148488 606289058 642556699 701153225 739561436 777156795 874161531
79749217 96844895 117322312 129273687 146369365 166846782 220543233 237638911 258116328 378831531 395024136 395927209 401306453 412119814 416404626 432597231 450830923 468566243 473857978 490953656 491774741 511431073 518090713 541299211 542100469 609360259 632568757 700388767 716581372 767648557 783841162 790857055 795415214 807049660 862675004 885883501
158398247 169172087 193448714 217979259 228753099 253029726 253837567 273144368 283918208 286751503 308194835 313418579 346332515 368583688 386309757 388105369 397083597 398879209 401497624 421360224 423155836 481749077 483544689 509146932 514663013 516458625 535569008 546342848 568727944 570619475 623893053 631008328 663922264 737058442 738854054 886317693
240317790 277296959 327295716 334871238 355384078 364274885 371850407 392363247 471484076 508463245 528292638 565271807 572138429 596109707 632224926 641228094 659116355 666691877 683087633 687204717 690663155 711175995 719202852 726778374 728206020 735781542 747291214 756294382 803304715 827275993 860113277 863391212 872394380 884084555 920199774 929202941
13104892 26251386 130792702 138979381 152125875 152704490 165850984 181247958 194394452 202896042 256667191 258071597 270392300 271218091 286187485 298935768 298967914 299333979 328770531 342495640 371039108 375759407 403875295 424842403 438567512 447862747 467110980 475978635 493893484 543934619 572050507 619767973 633493082 662036550 738860189 766976077
2 2 3 3 4 4 5 5 6 6 7 7 7 7 7 8 9 10 10 12 226669329 226669329 226669329 226669329 226669332 226669332 226669332 226669332 226669334 226669334 478616743 478616744 478616745 478616748 705286070 705286070
181159060 283063559 307698899 311738862 342065783 365141910 409603398 413643361 431797247 452577963 462504700 468605622 472645585 491681749 495721712 501873599 533701746 554482462 564409199 592703970 611591183 613484686 615780097 623411423 628413438 632453401 636560813 646487550 738131022 742170985 752511786 773292502 783219239 862229370 883010086 892936823
3 3 4 6 6 6 6 7 7 7 8 8 8 8 9 9 10 10 12 12 257032445 257032445 257032448 257032448 257032448 257032448 257032450 257032450 257032450 257032450 464055588 464055588 464055589 464055592 721088029 721088030
146053503 146217969 160148391 179483461 197414859 197579325 211509747 230844817 280176763 288682065 288846531 302776953 322112023 331538119 422805325 451995139 452159605 466090027 485425097 500753711 500918177 514848599 519583092 519747558 533677980 534183669 553013050 586118399 596744465 634876971 648105821 653706352 739373027 902686101 951444673 970274054
6 6 6 6 7 7 7 7 8 8 8 8 9 9 9 9 10 10 11 11 30713382 30713382 30713382 30713382 30713384 30713384 30713384 30713384 30713386 30713386 395772305 395772305 395772306 395772306 426485681 426485681
68828255 85081718 97967638 114221101 120277179 136530642 144097837 173237220 179937742 195546761 209077125 231386666 238442850 267582233 275910593 289891774 292164056 351180175 387020080 393759742 410013205 445525188 449860058 466113521 469029324 477814157 504869229 506953540 525129640 529263081 560969545 563374337 619474653 684896495 802745644 858845960
2 3 4 4 4 5 5 6 6 6 7 7 8 8 8 9 9 9 11 12 338713251 338713253 338713253 338713256 421366956 421366956 421366957 421366957 421366958 421366958 421366960 421366960 421366961 421366961 760080205 760080205
234446833 325596128 326745210 366795035 393466587 409029602 417894505 434846202 457944330 471140050 484615882 488304198 501327979 525995497 541377804 554147364 563438427 568049356 580602575 583068813 603488252 609428971 620652400 630159804 645296659 647323952 671539419 675367190 688703567 715417015 728730133 742088567 783468182 790840581 808004729 902769343
80454424 115092763 167088607 174040451 198122556 208678790 232194616 232760895 260674634 266832955 284756739 318828799 392042356 393614774 447315957 485628383 487200801 495269902 499949825 509710488 511282906 529908241 534588164 540901984 543782548 545354966 564984089 581904085 586584008 599056149 806857834 808430252 811537757 813110175 862131435 866811357
121309671 192839794 222407390 358923577 369995694 405137601 409562419 410831920 430453700 433288313 441525817 460021296 471093413 476667724 492809946 504818436 506235320 514565257 534386032 564340069 593907665 647176325 648445826 658248442 659517943 693390349 694659850 721541061 722810562 752179163 763251280 781062694 782332195 798393187 826543899 886065532
101772798 129536648 144976535 174550175 190973652 202314025 217753912 218737502 234177389 315359204 322458047 350221897 361255401 365661784 388136581 404560058 434032778 443800281 450456255 471564131 487004018 522003551 535517230 536044453 563281080 578720967 581940650 594780928 611204405 657386687 703282884 742688800 749103636 794999833 864031034 955747983
349793364 417960115 430333148 434310859 438151826 475345280 498499899 502477610 518691610 519553725 522669321 543512031 563703742 600093509 604071220 611900065 614932439 645105641 650715939 683099190 691685270 692439849 696417560 703290901 718882690 737451981 739074401 772225054 776202765 784692800 817237186 820476300 877039140 912822640 956824345 992607845
142185492 190664534 191357168 239836210 240455435 288934477 454045126 462142117 486211448 494356266 503216802 511313793 511850450 524297720 535383124 543527942 547589861 552315069 560329492 560412060 572776762 584481391 592626209 596068903 823710084 831807075 836157354 844254345 855876406 859449495 864021224 867546486 868323676 876468494 891615817 899760635
90641297 149543183 172201123 174566631 230414800 231103009 256126457 267009170 272858357 289316686 314340134 331654738 331760243 348568996 356783691 373572946 390556624 406782673 415580072 432474832 449226230 452906014 457498280 479876073 508022611 534465840 549940819 561435899 592679517 619649576 635123074 662093133 693919455 720889514 735837663 762807722
103212397 209898667 267707869 357103219 359709345 370216228 374394139 428410493 429212359 466395615 468558344 470695210 476902498 498509952 521598691 535898629 577381480 592905965 613600167 624107050 633053816 663005424 683103181 684907441 695414324 724586032 725055292 735562175 754410455 755006900 765513783 794558306 795893306 824509914 836041157 865992765
463507995 473772802 498675956 562476033 572740840 590657991 591691465 597643994 600922798 601956272 609145327 623348133 625825952 626859426 633612940 658516094 662839648 675817395 686082202 708113365 709517854 710985356 736295323 737328797 761807686 768985465 789989644 791023118 808485892 821454727 822679786 836667850 837701324 869357992 875149048 921827254
124062169 124700037 158456784 159026582 159094652 159664450 161618784 162256652 170536177 204930792 205500590 208092792 247249104 266746837 281643719 282213517 284805719 301141452 301711250 304303452 356242568 356880436 402716576 479429503 498927236 515118992 515756860 534179644 561593000 568574259 569144057 571736259 638305927 657803660 766360043 925236466
69572686 155122833 223142445 275313754 290624598 308692592 314749007 326311026 400299154 411861173 428883513 444194357 471479606 481550849 491288666 509738649 520490075 532052094 535800919 547362938 557029753 595288796 635120608 644858425 677220674 692531518 715479717 726727170 730790561 736464987 738289189 748027006 883457769 893195586 921716812 931454629
6 7 8 8 8 8 9 9 9 9 10 10 10 10 11 11 11 12 12 12 219021545 219021547 219021547 219021547 305945324 305945324 305945325 305945325 305945326 305945326 305945327 305945327 305945328 305945328 524966862 524966863
334410967 349099382 360696789 387323136 457475273 475165744 486248986 489854159 501451566 528077913 535849641 550538056 562135463 588761810 598230050 620647320 627003763 627927705 635335735 642616120 646933142 654213527 658913947 673559489 680839874 687687660 743711626 750992011 766417772 772485339 779765724 781106187 792703594 819329941 889482078 918255791
4 4 4 5 6 6 6 7 7 7 7 8 9 9 9 9 9 9 10 10 136095952 136095952 136095954 136095954 136095955 136095955 136095957 136095957 136095957 136095957 195961748 195961748 195961748 195961749 332057696 332057696
3 4 4 5 5 6 6 6 7 7 7 8 8 9 9 10 10 10 11 11 133985537 133985538 133985541 133985542 397633863 397633863 397633864 397633864 397633865 397633865 397633866 397633866 397633866 397633866 531619397 531619397
68351629 81309184 99852540 112810095 136643436 149600991 192107902 205065457 205579221 216599864 237080132 248100775 273871028 284891671 329335494 332473265 339162806 340356137 345430820 370663717 407454613 454293513 457359932 462919079 467251068 469700857 480721500 488860843 525651739 581116205 591521105 602541748 603284442 721481568 725104690 843301816
247075617 266373654 309614930 320198958 353433770 372731807 376388222 379857731 399155768 415973083 426557111 442397044 452981072 475692194 482746375 509170336 569826062 582050347 589124099 599726729 608474308 619024766 632365375 642949403 662266042 668001715 672850070 687299752 699138667 729039334 730541028 741125056 797314320 798442639 828343306 896618291
88326209 113115714 165800824 190590329 258437593 258889942 283679447 303643873 335912208 381118488 425648464 429001326 465109913 474207606 480374876 503123079 505164381 529578764 542584528 554368269 573522649 596212197 598312154 635673646 650486260 695692540 699690148 743634033 744896428 788840313 817697131 857158580 866901019 906362468 910844904 950306352
214729465 217693386 236376716 239340637 246849959 268497210 325151339 328445496 331409417 346798590 360565990 380905272 402552523 438867370 492241890 494621303 513889141 517502908 520466829 529513356 532477277 547178369 549623402 550142290 561633850 579298863 605957921 627924782 639935230 657600243 683678715 695689163 713354176 795015333 807025781 824690794
6 6 7 7 7 8 8 8 8 8 8 9 9 9 10 10 10 11 12 12 107763604 107763605 107763606 107763606 345025179 345025179 345025179 345025179 345025180 345025180 345025181 345025181 345025183 345025183 452788777 452788777
2 3 3 4 4 5 5 6 6 6 6 7 7 7 8 8 9 9 10 10 363718020 363718021 363718024 363718024 400532672 400532672 400532673 400532673 400532674 400532674 400532675 400532675 400532676 400532676 764250690 764250690
53847500 58854778 150286856 251212082 251560215 256219360 256567493 277367744 277940521 282375022 335189743 340197021 347651438 347999571 370924383 373807100 375931661 396213855 431629099 467363739 468298171 475305103 475653236 501460765 559282764 593578437 593926570 595017404 619734099 665662753 666010886 677556098 691818415 713290738 749640414 785375054
91955318 123573464 123581622 127767574 155199768 159393878 192512359 224138663 235143790 238414436 266761936 270032582 270956046 274226692 319177408 335700831 338971477 350803712 366173474 397791620 401985730 410232250 441850396 446044506 462365880 465636526 466730515 502080173 510789291 533706477 593395564 637454340 645268645 648539291 776298329 820357104
2 2 3 3 3 4 5 5 6 6 6 6 7 7 7 8 9 10 10 11 4010526 4010527 4010529 4010530 254257230 254257230 254257230 254257230 254257231 254257231 254257234 254257234 254257235 254257235 258267754 258267754
35457725 70447099 90716354 152218403 180048718 189338111 215038092 230270826 235307347 244278216 263813144 265260200 279267590 284672992 285529455 296809396 298802518 299536845 319071773 333929104 347031504 361038894 380573822 384151212 398158602 417693530 423374584 429263985 458363958 478633213 479486093 493493483 513028411 540135262 577254970 672589851
73305360 154301515 224606287 224698530 275931392 305694685 352864844 353276956 375999457 389354321 427324562 433860999 434273111 445068518 467933403 470350476 473853999 504165771 504577883 540655248 554850154 555490876 555902988 591980353 596461688 619326573 625154926 676480031 724628002 725040114 747492887 747904999 761117479 783982364 845617157 868482042
200208981 209327673 226233857 235352549 295573247 321598123 380469056 389587748 396748010 398267467 405866702 407386159 421925147 431878254 440996946 447950023 475833322 484331038 492112276 493631733 510355914 527242520 602185222 606519127 618464176 619983633 632544003 653594420 664591113 680870067 682389524 716000311 786779202 803058156 804577613 838188399
87883709 188317931 204054053 228039687 244812750 254420435 345246972 348231638 354854657 360983094 370590779 384968728 389967715 394576413 408582824 448665860 464401982 479243615 488387616 490401937 503746854 506138059 509017046 524753168 530123693 548738802 636172656 645780341 660675895 670283580 739591544 764094783 781327621 799942730 805830860 824445969
141895290 161282293 164425010 183812013 209393895 231923615 325093589 336468783 347623309 355855786 368620985 391150705 403967388 441169376 462708062 463699096 464922603 482095065 484309606 488301494 507688497 519667082 530206667 532421208 555800099 563194478 635742869 645906361 648120902 671499793 689433757 691648298 715027189 761982148 764196689 787575579
98578631 117349564 192017048 193029143 196775070 211800076 219293523 235037510 286467560 291225582 313744035 329488022 346874452 365645385 384646439 403417372 440312869 442934412 445070891 456928900 461705345 467589344 475699833 478084856 482842878 483333331 505361331 521105318 536372829 541130851 550367317 555125339 563649304 577643792 579393291 593387779
87282985 279457547 360009700 409075955 415382560 422690742 434607099 486797657 490259328 517494321 526801281 552184262 601250517 614865304 626781661 688109275 709668883 737175530 750790317 759524372 762706674 762986043 799527996 808590627 812052298 822205414 825667085 834121771 837583442 845593896 848594251 862209038 874125395 917008993 920470664 957012617
4 5 6 7 7 7 8 8 8 9 9 9 9 10 10 10 10 11 11 12 32240894 32240894 32240897 32240897 32240897 32240897 32240898 32240898 32240899 32240899 357252291 357252292 357252293 357252294 389493181 389493181
152765054 161544153 178943437 272696472 281475571 283124650 291903749 298874855 309303033 362172899 412709187 421488286 438887570 459959110 482104317 492532495 506292610 515071709 532470993 534669839 543448938 551444481 560848222 579890528 590318706 622117032 671375899 681804077 715700455 719903243 744077684 811388614 813486666 841863895 904972037 933349266
44192107 54392200 120966813 121213390 131166906 150247593 197988096 215595595 227022299 292370301 304361592 308566313 314561685 318766406 381382875 385587596 385802777 385972377 396002870 410417078 414621799 420097465 430297558 462747083 462824060 475765080 479969801 491858263 497118748 526152951 557206265 591500953 646141862 650346583 727583047 761877735
275695836 316480674 333961680 339842499 374746518 398108343 408513970 447347306 466779814 468573987 488132144 509358825 511200561 511493969 525996531 532720650 550544710 551985399 575347224 580165440 584116040 584262375 591329548 601392121 614691373 642381884 644018695 683362844 697648001 718874682 755767510 761501256 776994191 800845405 819620765 858964914
88045602 90432390 174428788 176815576 188373039 227747763 230134551 274756225 275235678 277622466 318924376 328075200 375563115 396236400 402135026 404521814 405307562 458626537 482619586 502462463 506114452 507345442 509732230 535938561 546882356 583426476 607672879 633013800 633265542 686584517 710325824 734072432 738224216 815536240 860971780 966182196
31522293 52440962 89030231 94806326 115724995 152314264 172732196 236016229 299815491 346038371 355753290 363099524 365193335 366957040 386112004 403546309 419037323 422701273 472569239 487248274 493487908 505455460 506403238 526374129 530077177 562963398 613779142 614331569 633486533 646665363 670269368 689424332 740862437 773748658 796800236 829686456
133257221 146674990 159944901 173362670 180808496 189311200 194226265 202728969 453549883 457044817 466967652 470462586 528336741 534983543 538194171 555024421 561639538 561671223 564881851 575888016 582534818 584390720 585745446 588327218 591037522 594248150 609190813 617693517 848629403 852124337 855276205 858486833 858771139 861981767 881932200 885427134
69845229 95084412 126590351 129403205 151829534 154642388 166178146 184318136 209557319 222923268 225736122 228957227 254196410 271439774 280651053 314801551 325290144 328184896 330997750 346898660 371546673 372137843 374359527 385912681 429274458 430551772 443231577 467172918 473913549 523918040 526730894 548493205 581645825 591854982 626284916 744226349
88209354 123261071 133607559 158424648 171567323 178206752 189511356 206619040 213258469 216965528 223604957 234420929 241782617 248422046 249069310 268678398 269472646 272869325 279508754 279819134 303730115 304636223 314076603 332427279 335722931 338893692 339066708 369980400 395280885 429538354 523773430 558825147 569171635 593988724 625075432 684633386
91262889 111243764 132827783 208664778 212171810 228645653 232152685 250229672 253736704 263054433 294107403 314088278 335672297 380456322 383963354 432209294 465898947 470409509 483821846 503802721 525386740 549611183 553118215 568303045 587811398 588283920 591318430 609867939 635053808 655613390 673254023 740094589 824768251 862968466 909249450 947449665
45782623 78451490 118605147 151274014 221592928 254261795 271769268 344591792 350857145 360075878 383526012 432898402 447579573 461355874 465550649 466531472 499200339 524068915 534178398 535886183 538373173 556737782 576843790 637166179 641360954 665150400 692518117 750055560 766430396 770625171 780824727 838362170 882104723 886299498 939642166 943836941
120525419 127350754 136626742 313110810 319936145 329212133 410981115 417806450 427082438 475731270 476135890 482556605 491832593 530539217 531154273 565377906 566166271 572203241 572991606 581479229 582267594 668721281 723124608 723739664 766591586 820994913 821609969 831341741 885745068 886360124 920988377 921776742 975391704 976006760 976180069 976795124
2 2 3 3 3 3 4 4 4 4 5 5 6 7 7 7 8 8 8 11 357039764 357039764 357039764 357039764 357039765 357039765 357039765 357039765 357039768 357039768 428870821 428870822 428870823 428870826 785910582 785910583
263429264 328120397 348181150 352776854 358800690 376939831 404647138 423491823 441630964 443552576 448148280 461691717 466287421 469338271 489399024 493994728 545588541 553951534 571515359 618642667 631704073 638703420 640959967 643299124 659099108 666886785 685025926 686806415 696395206 712733233 716455959 721051663 836110811 862037629 913863350 939790168
255024491 257388362 343172702 345536573 354288834 356652705 362848951 371432003 373795874 419013274 421377145 450997162 462113294 467371029 469734900 479256463 511271601 526837734 575195489 599419812 610535944 627679113 664989164 675260384 703501736 723618139 753137375 764253507 781396676 791649947 802766079 819909248 828977947 867490519 877335702 915848274
99137506 128106737 130974382 132489404 222345330 251314561 254182206 255697228 289083916 304187518 318053147 320920792 322435814 333156749 336024394 337539416 405490567 446331078 449950758 475300309 478167954 479682976 483941400 512910631 515778276 517293298 528698391 573158582 595436977 610540579 639897168 655000770 752684139 790294461 797144330 834754652
3 3 4 5 5 5 6 7 7 7 7 7 7 8 8 9 9 9 11 11 55632557 55632559 55632561 55632561 351494655 351494655 351494655 351494655 351494656 351494656 351494657 351494657 351494659 351494659 407127209 407127209
3 4 4 5 5 6 6 6 6 6 6 7 8 8 8 8 8 8 10 10 30566588 30566590 30566590 30566592 89503000 89503000 89503001 89503001 89503001 89503001 89503003 89503003 89503003 89503003 120069585 120069585
179395401 272147322 295903267 351011058 394243781 443762979 456404479 467518924 474593514 515938464 523271223 551425470 565859438 585320529 608690385 616023144 628020136 632446330 639779089 644177391 646209171 667933336 678072450 701828395 730786844 738119603 766273850 792947542 800168909 800280301 811136577 818469336 828434548 846623583 862329607 880518642
90797762 108429999 119462229 137094466 168030670 191473634 196695137 216201797 220138101 230785532 233834034 259449999 271004983 288637220 293434705 316877669 326069875 334560590 343702112 348237891 349657502 352192827 356189567 371680855 378321969 403302783 410992753 411793498 426745747 435236462 466057645 474548360 475061537 529864723 584929615 593420330
2 2 3 3 4 4 5 6 6 6 6 6 6 7 7 8 9 9 10 10 54811980 54811980 54811983 54811984 105483379 105483379 105483380 105483380 105483381 105483381 105483383 105483383 105483383 105483383 160295357 160295357
249163118 294042548 299828959 377668911 403646894 422548341 428203972 428334752 438787899 477151147 483667329 489453740 514969337 522030577 527816988 532152687 541602235 556709765 572314315 586481665 592268076 593271675 617193745 617828753 622980156 631634923 643475130 656192001 696086011 704594118 720643089 726798091 742957366 751355169 807408454 838120534
253751891 258785648 260266066 293519864 298553621 300034039 444941686 445558151 449975443 451455861 485326124 498714093 538482066 546370879 551404636 552225191 552885054 557258948 558739366 583530378 590161560 595195317 596675735 623298351 636747946 689903888 738177139 744031451 774720173 781967820 791333081 797187393 835123762 876149366 882003678 919940047
148102190 185891659 248351572 254713148 316667992 356926392 374099761 411889230 474349143 480710719 485093217 488243749 507492958 522882686 526033218 542665563 545282427 582923963 585342599 588493131 591704175 594854707 600633758 607742340 614103916 638423227 653659019 656809551 676058760 693917419 697067951 700883140 707244716 716317160 769199560 809457959
3 3 5 5 5 7 7 7 7 8 8 9 9 9 9 9 9 10 10 10 4129324 4129328 4129328 4129329 115775447 115775447 115775447 115775447 115775449 115775449 115775449 115775449 115775449 115775449 119904768 119904768
83949588 205621855 233485621 320725236 331883253 394425993 423063235 434104749 442397503 449770877 456394015 470261269 516098260 543962026 555777016 566467976 568658901 578066282 583640782 605930048 642359658 659838883 682038414 686546525 688140243 704327680 716004009 733539640 760247282 773218396 795507662 799926038 814401641 822215304 905581623 932289265
201049073 228002961 267410885 290452785 294364773 298663591 317406673 325617479 345161421 404187533 411523233 431141421 433028476 434565133 442775939 459982364 542303786 545596782 548299881 577140824 587310497 608665598 611958594 631707498 635000494 639918304 643211300 653672309 676714209 684925015 745442246 748735242 774283189 777576185 790448957 819289900
32253763 46363824 89745410 103855471 184664176 198774237 254309625 268419686 311126514 317995489 332105550 333923728 368618161 379464927 391415375 393574988 463536927 481981591 486334141 527746224 533182376 539473238 555979590 585237871 596868240 619665454 634392004 658337678 680156637 681134892 704037453 749802086 767723317 813487950 829192755 874957388
76596260 220723026 355728118 367571578 396363627 451937160 461153980 499854884 524901784 535304808 549713660 555319447 646703436 669028550 675495485 679431574 693840426 699446213 731069018 740285838 815877102 826280126 840688978 844669151 846294765 855072175 869481027 875086814 900242684 909459504 910645708 919862528 925054560 930660347 934271380 939877167
86699723 108003218 123199853 184017681 205321176 220517811 257007730 286437254 295627380 316930875 332127510 354325688 375507623 383755212 396811118 412007753 465935387 468462276 481327062 489765771 495364911 504962406 506527910 527831405 543028040 545815630 575245154 578645020 638770283 668199807 676835917 690254719 706265441 770134962 863089615 901155249
151858261 157152780 159504107 160408943 182874771 233985508 239280027 241631354 242536190 265002018 311141221 316435740 318787067 319691903 340215286 342157731 345509805 347861132 348765968 371231796 389980828 395275347 397626674 398531510 406364945 420997338 488492192 503416771 508711290 511062617 511967453 534433281 565647905 594721970 644487512 757923455
149067181 160464869 175566718 191498025 202895713 205455639 216853327 217997562 226745342 231955176 238143030 253244879 295590824 301387691 306988512 322090361 343818535 349610316 357776149 379065852 392041160 405998774 427288477 431116148 447911334 448342699 459740387 473546992 474842236 487504606 496133959 508794309 577639791 600663209 648885834 730391665
122431825 159297699 184902124 190950750 221767998 227816624 241354032 278219906 290659066 353129365 359177991 368164993 398085207 409581273 425713662 430635292 434951081 436683918 444483552 448596506 462579536 487087200 506953851 511066805 513002477 517115431 563405759 566312448 567518713 593940903 643818375 671446830 720136934 724249888 747765389 751878343
95186894 145845907 146766064 160411990 197425077 211991160 306744471 325701098 358323641 369033796 370278710 376360111 390926194 420612966 420937723 423001943 435503806 453328761 473660956 488227039 503987774 518553857 537258675 549690402 581836287 599548000 601269572 634559520 644125612 664886338 696848845 727175663 780204606 824782218 877505451 907832269
157102943 233128148 252139367 259022133 328164572 335047338 339392261 345310873 422481508 423372598 434428685 440347297 441311451 447230063 450873770 453160561 497036964 498506713 518409022 525291788 526898975 548196985 555079751 573062169 604770826 610689438 633163088 639081700 679326282 685244894 688751163 717143425 718539126 746931388 763306619 793094582
67679762 109192315 130962288 172474841 196454962 237967515 297959403 339471956 343375087 344482501 352356529 393869082 406657613 407765027 448916602 472150287 473257701 482447102 510707768 512199128 523959655 573654728 573990294 574762142 577691802 628051854 629159268 639482968 679196243 733593369 740987409 758142427 759249841 795384535 863683942 925475108
124421852 161686476 163823226 201087850 203778475 204613550 241043099 244014924 277533734 283970173 316935108 356890357 373649230 413050604 438747801 453005853 463732627 476012425 481622503 500997251 518887127 518939499 528019225 543924325 561814201 567420599 591859683 607375848 616844509 634734385 687975179 712960005 730849881 842345174 867330000 885219876
122075414 146263967 146465240 169965487 194154040 194355313 198958667 223147220 223348493 240541955 259210780 264658009 278158487 281665306 283399333 283600606 288432028 302347040 302548313 305853859 306055132 312548082 317425208 341541262 368230967 377677321 396625028 400131847 401793375 416121040 420741082 424247901 445114220 505366333 524314040 527820859
42871909 91569017 118036337 157272571 166733445 205969679 271613576 282866549 306273288 346778004 354970396 358030977 386014238 397267211 411377084 460074192 462848095 499600506 532077656 535014955 538012523 546267928 548297614 577248757 607242084 640118751 646478318 651371724 726249474 728342173 739595146 795479035 831353270 900582831 919576692 988806253
170861653 173155542 181564077 183857966 198832352 209534776 224041498 226335387 252012197 357709900 368412324 377754668 380048557 405725367 410889745 421763932 432466356 474943777 505639864 507933753 533610563 552899081 562105374 563601505 564399263 564602915 590076073 606078926 628656947 692488111 748953621 756542143 759792096 813007653 887677292 944142802
