100
205503189 310838132 344813001 351139036 398542039 408751381 419943091 442757354 451438573 456473979 490448848 503876982 514086324 537851851 548061193 548092297 556773516 564929305 565578938 582067166 586983077 590748385 612981941 623191283 657197256 665878475 710565152 732618924 757968155 768177497 780021927 790231269 802183470 810864689 824237242 832918461
306501103 335269327 379049100 387188309 402858587 415956533 459736306 483545793 488610064 514340140 543108364 546080234 569297270 574848458 575023443 586888137 588568990 591213204 603791667 610697624 617337214 618628231 642437718 647571440 661116987 671380927 671900410 684926474 696449101 728189195 757132404 770677951 799052241 830792335 859735544 873281091
164515258 187142669 220558248 296447337 356006380 378633791 412049370 463673069 474759083 487938459 523353231 531275238 545980642 553902649 579396221 587318228 645348779 646332287 655164191 655285310 663207317 666250205 667976190 668959698 701391769 702375277 777280858 778264366 822511042 830433049 833597056 841519063 944506590 945490098 955592604 956576111
30858201 56985732 63028464 76312767 134592960 140963278 160720491 164557590 166763223 167090809 173133541 180047526 186417844 190685121 196727853 210012156 248496521 274624052 277974678 280666784 293951087 356999085 381709437 384090802 388079755 410218333 411674067 416261065 429545368 460733844 467104162 490698474 495612998 574637405 631207279 710231686
216603682 274344403 275913097 294122631 333653818 348783223 351863352 406523944 418899690 418913150 476653871 478209105 480345282 496418639 512619422 513081300 525128277 539654697 551079231 557864231 570360143 572390715 584437692 590600249 602647226 612524823 621209158 645260841 657307818 682654750 714915430 715390768 727437745 776361022 809097040 821144016
124706093 131502742 182777466 217746138 332027412 338824061 383634163 390098785 390430812 404733818 411136197 411530467 425067457 428629683 441705536 462805191 464310334 471106983 476674208 497773863 522381707 557350379 614010217 618457516 620806866 635951002 670064267 672081590 687557753 691163922 707050262 708657408 750740438 768233924 900440321 917933807
103469023 113562445 196745823 199253368 221939297 294448672 304542094 309893886 361092739 371186161 387725472 390233017 407004355 412918946 417097777 454369539 456877084 471496272 479563013 481589694 500281155 500873535 501825342 502788700 511918764 525474629 564773072 567280617 567517602 589966546 595102142 597609687 613429218 620295616 677921135 708250205
321652879 370211834 388046988 397812439 427226910 436605943 446371394 462126455 463423333 485756029 493621019 503386470 511982288 512562205 515299823 528520564 534314984 538286015 561121160 567269298 568997364 581693932 591330060 591459383 603896909 618136236 626229605 633663407 643428858 653035781 657070277 679402973 706209149 709039752 731372448 758178623
96927159 131453017 149383626 183909484 191560925 221172502 244017392 247231262 255698360 275272266 281757120 309798124 315806268 341865028 344989928 369906032 378038139 397446395 417572288 430494606 452098146 469235271 495294031 502283482 512206054 523335035 528342242 556383246 586294790 638751257 665635057 698683268 710540133 736598893 764639897 906939919
119036880 132071312 164056612 177091044 230474039 248376246 275493771 293395978 382738303 395772735 406149557 419183989 432664244 445698676 463065032 485117185 494175462 508084764 512077669 517586716 530136917 535488923 544101403 551519026 562003610 564553458 662956185 680858392 726766455 748818608 750177709 772229862 776692396 798744549 895547178 917599331
192699534 227552299 250282922 254259596 270997962 289112361 301242778 311842984 332558024 336095543 358826166 373264270 375560990 379541206 397652190 408117035 410413755 425272404 430847658 433144378 451562698 453859418 459212252 486832466 506195434 533815648 535469932 570322697 578216926 580513646 593053320 605837140 608133860 613768360 740422588 768042802
443840200 466612168 469273751 522790236 529425236 539696493 545562204 548223787 551779473 562468461 565130044 574551441 577213024 582572943 587808847 608375272 625281529 637364509 661522979 666758883 678429236 683665140 690512216 695748120 731032836 733341086 753804804 756113054 756466387 758774637 816617872 818926122 869765579 872073829 875001483 877309733
402966752 434371042 460666172 507041980 523391127 524497348 536910039 538446270 554795417 561189397 564741400 568314329 581090547 581170842 594609459 627508233 628572576 644921723 658440635 658912523 665264625 681613772 685207653 685246070 692409358 695132684 701595217 715114129 723813648 749038829 750108778 785730878 805712323 813939954 850632003 870613447
4 4 5 5 6 6 6 6 7 7 7 7 8 8 8 8 9 9 10 10 136945799 136945799 136945801 136945801 222706671 222706671 222706672 222706672 222706673 222706673 222706674 222706674 222706675 222706675 359652466 359652466
179077971 276271919 279700704 288826369 302223266 302610605 335776726 353257101 399417214 399804553 402845999 403233338 411971664 412359003 432970674 436399459 445525124 457241633 476402396 476789735 504331033 509955856 580386928 580774267 583125361 601524981 604953766 613940388 614079431 678510163 680319309 683748094 692873759 757304491 782494695 861289023
3 4 4 5 5 6 6 7 7 7 8 8 8 8 9 9 10 10 11 12 265553859 265553860 265553861 265553863 381942715 381942715 381942716 381942716 381942718 381942718 381942719 381942719 381942720 381942720 647496570 647496571
2 2 3 5 5 5 6 6 6 6 7 7 7 8 8 9 9 10 10 11 46089013 46089013 46089013 46089013 46089014 46089014 46089016 46089016 46089017 46089017 68202556 68202559 68202560 68202561 114291566 114291567
92407968 96607751 104212757 108412540 126277929 130477712 173163278 184968067 207033239 287534344 288756538 292956321 299339133 321404305 350261919 354461702 369511848 374631810 386436599 407583651 408501771 411783434 431017229 483882914 488338961 545388295 570980380 572600717 584405506 602710027 606470678 632485761 689807493 768949287 830454668 887776400
220436725 251011859 295181151 325756285 345840786 376415920 396157326 412899823 443474957 470901752 509860438 521561387 540435572 542305478 555969394 587940051 588620424 605662534 617049904 630713820 636237668 662684477 667709539 681373455 685581039 713344112 734768576 748432492 780403149 781383135 831729191 845393107 877363764 927531287 941195203 973165860
76120127 134577804 141675890 143645483 184638483 189472400 200133567 202103160 211390700 240969764 250194246 252163839 255028163 256997756 276946463 278916056 306525527 308495120 359568160 359939531 399189524 418025837 418397208 457647201 468086516 468457887 472920433 473291804 494838733 495210104 507707880 512541797 524417797 524789168 534460097 564039161
2 3 3 4 5 5 5 5 6 6 6 7 7 8 8 8 8 9 10 11 141109809 141109809 141109810 141109810 141109810 141109810 141109812 141109812 141109813 141109813 437909310 437909312 437909313 437909315 579019117 579019117
73491957 109172486 182967408 208909249 221305888 244589778 256986417 312764684 316656895 318384700 330781339 348445213 352337424 408199020 422186318 422240135 426132346 481883079 517563608 543616312 546564773 556012951 557603610 570000249 591358530 647471747 651363958 661459045 665351256 681982065 694378704 785837500 789729711 816590142 830577440 954955894
2 2 2 2 3 3 3 3 4 4 5 5 6 6 6 6 7 7 7 8 104064645 104064645 104064645 104064645 104064646 104064646 104064646 104064646 104064647 104064647 378161746 378161746 378161749 378161750 482226389 482226389
56168575 68939254 219655907 231325049 232426586 239357179 306536089 319306768 322765463 369424590 382195269 383954604 394812381 402844511 421113475 433884154 452818534 465589213 481692563 486252795 489724693 544581064 547441936 552613194 573132977 596269949 604302079 627975008 634322118 636007138 636021478 687710363 697210619 719415422 748899504 780604563
224808703 284371668 359838723 382646578 388065910 395069525 418336479 419401688 441008706 442209543 450460518 477899444 510023483 523095930 530099545 533662880 545903785 552907400 576038726 581593686 586714633 588597301 598846581 613717725 620721340 634536482 646277598 666660521 668692900 691500755 727190656 749971840 756975455 759314695 802914636 895568810
383599159 393176120 425298250 503818664 525428677 530777226 540354187 552014917 561591878 572476317 583087673 593714008 626933442 636510403 650996731 668632533 672234422 672606744 693844435 695259221 704836182 730265740 736958312 747152947 751503431 768762960 780622072 790199033 815478726 822321163 826421956 837088739 894747735 900841577 922451590 980110586
245457242 277347670 325468777 350234874 374117731 382125302 393458551 400865723 425348979 430246409 461356196 473470086 478895363 493246624 505643355 516952319 522119040 541367731 548867032 590016685 616764677 621729951 653746794 664953628 681599546 685637222 713489974 732851273 733758329 761611081 782407283 809155275 810260035 837008027 925241871 953094623
216309833 249796018 317865414 351351599 381684272 393142820 427657478 434553274 461143663 473703672 476502305 483239853 494698401 504287457 507189857 509988490 515458500 536108855 548944685 593031917 604490465 605843038 639078111 641876744 645900919 650536659 653335292 680832939 691947113 692291487 694745746 715635102 733701941 761681296 764479929 803436124
4 4 4 6 6 6 6 7 8 9 9 9 9 9 9 9 11 11 12 12 55546064 55546064 55546064 55546064 55546064 55546064 55546066 55546066 55546067 55546067 268162078 268162080 268162083 268162083 323708138 323708138
234702469 295679216 332783053 422647705 426382338 448846564 464125577 487359085 524462922 614327574 625898794 640526433 655805446 674576673 676678540 686875541 688230965 723979378 735553420 737655287 749207712 772657257 774759124 786311549 813844030 840042889 855321902 862521909 864623776 876176201 888720768 890822635 902375060 903999781 906101648 917654073
6 7 7 7 7 8 8 8 8 8 8 9 9 9 9 9 10 10 10 11 9060759 9060760 9060760 9060761 12476968 12476968 12476969 12476969 12476969 12476969 12476970 12476970 12476971 12476971 21537721 21537721
57626589 225856471 250967573 272974008 393837701 412951656 417198392 430885679 442315320 486459727 492399975 581181538 585428274 599115561 606292640 610539376 624226663 628299075 632545811 646233098 654689609 660629857 679800711 685740959 701807146 707747394 749162768 753409504 767096791 797640387 801887123 815574410 822670839 828611087 871148458 877088705
107998487 114703208 120608665 127313386 201119193 213729371 217197932 223902653 259011188 271621366 286260242 298870420 310318638 357730771 364435492 368210633 395459687 411829371 424439549 450851477 506206116 508743472 512910837 521028816 528384577 535089298 535992526 599326822 621505283 657218817 661561655 679397278 684467871 706646332 810037000 832215461
126382758 156194918 274937137 301530012 325921092 343162925 355733252 372975085 384925111 414737271 445685750 474475471 486429788 491717304 501068346 516241948 518310179 533479490 543499411 547882796 560072365 573311571 634984167 645224084 661577042 662465917 692053790 704228103 718646665 747421130 764662963 805732780 806425149 862802403 907929826 964999449
109390747 138740792 147314653 200435819 208727605 212377018 229785864 238359725 260997852 283127416 286760513 290347897 298921758 299772677 303422090 311075399 316110558 324684419 340425444 348999305 360334710 363984123 374172488 386097371 389746784 410412257 414061670 434734521 460497182 484812068 514372421 543722466 552296327 613709279 617358692 688109090
69230004 109409295 160514444 175684309 200693735 215863600 253549077 264487107 266143600 286110353 288111229 293728368 304666398 308537768 357428040 372597905 377394793 379395669 392564658 394565534 399822208 414992073 450462673 454354589 461400703 470429426 472430302 481367456 483368332 492856841 494533880 503794871 651268185 671234938 673235814 693662352
25819131 44782038 66632695 199916996 221374701 223605879 242568786 264419443 271150728 290113635 305603874 311964292 362851193 381814100 397703744 403664757 419161449 432005928 445248593 450968835 466706298 472819492 497033031 503390622 515995938 536949058 537846595 550935471 558406763 606103793 627561498 642635936 671130896 692588601 711790671 776817774
153834926 298742871 375417313 449873494 454398637 463960766 489274469 497489197 504423287 507944967 591417652 594781439 642397142 649331232 652852912 671455881 719071584 726005674 729527354 736325597 750437205 759999334 785313037 798052908 804986998 807615037 808508678 813000039 814549127 818070807 832928740 839862830 843384510 891981363 901543492 926857194
102157499 110602539 132462118 241995555 250440595 272300174 335607759 341016771 344052799 365201008 365912378 430934061 439379101 461238680 475304669 480854827 495351988 503797028 505039064 515640712 524085752 525656607 545945331 574467031 598651268 615142725 669793333 693977570 708754929 734211260 754499984 758395497 778684221 804081231 868499158 888787882
3 3 4 4 5 5 5 5 5 6 6 6 7 7 7 7 8 8 8 8 194712453 194712453 194712453 194712453 194712455 194712455 194712456 194712456 194712456 194712456 348516093 348516094 348516095 348516095 543228543 543228543
5734499 51926174 56560564 94320624 102752239 145146689 192023254 238214929 280609379 281017305 327208980 332582742 369603430 378774417 397030906 404328436 421168867 443222581 451437111 455154501 485617031 493002977 502263176 543829042 590617191 637725866 679291732 679611242 726719917 731176679 768285783 778285354 795624843 819851220 842733518 884299383
9856376 121516469 131195290 163480714 275140807 284819628 370864192 384769725 409898647 453790761 469498994 475057231 482524285 483265666 492203106 496429818 506108639 563522985 581159087 590837908 594925759 604604580 607415099 628681569 770906463 784811996 814798577 828704110 836065047 849970580 869541265 883307937 913433379 927200051 934699849 948466521
321090804 350480220 421441425 443633717 450830841 458941306 488330722 489344712 503829633 520540263 543984338 549929679 576433093 581484219 589695333 604180254 606008344 617758501 627195214 635397760 641680135 643083176 647147917 676783714 688794171 703279092 714283595 728551257 740301414 774262252 775882552 786012409 788747173 800497330 861350633 873100790
88895358 99957995 115873487 126936124 127331837 130155382 141218019 148472074 154309966 159534711 168591861 186908553 296339597 307402234 309300017 320362654 322035255 334776076 347736496 349013384 358206498 363295279 381611971 385184627 399466522 416171109 417783214 443149238 457431133 475747825 529479494 542439914 565650737 578611157 623615348 636575768
148953405 178552601 185236067 190641448 204846180 214835263 220240644 241128842 246534223 260359736 286103919 289958932 316252511 322386581 327791962 397510250 399716927 425694929 429316123 455609702 461977591 467382972 480878472 517161134 522566515 536867441 537101260 576997489 592284803 606596685 632890264 676458451 714148003 731641994 853739013 908922556
219738818 272175706 326269649 371499935 378706537 396312493 433884805 448749381 478030766 510757916 531007379 540415636 545503680 548073610 549053259 563194804 597940568 601490147 610458480 619846110 637538210 662519033 697264797 700814376 707581054 724903903 726376941 759649667 763199246 796419785 822026477 856772241 860321820 910865208 945610972 949160551
64788390 107120404 126601073 148177159 165887686 168933087 208219700 209989842 229628930 249276455 254940880 256308435 258400619 291441613 300732633 316753563 318121118 330728226 341789388 356040176 357407731 423241159 448553109 449920664 472158091 504315204 514490105 546647218 555546860 587703973 636998631 662310581 663678136 669155744 694467694 695835248
101908984 137780331 183378363 202950176 214872989 219249710 240310519 250744336 276181866 284212403 284419555 315914181 318050420 320083750 341351711 385253595 399519799 430571714 431014425 456451955 490142353 500353839 512041093 526013700 533163630 543535719 568973249 591183545 612875133 614633009 646127635 671565165 706283789 715467049 818805083 921396999
168239099 199296570 216902909 223839923 227459788 249957276 254897394 272503733 280183487 281014747 283060612 298621086 299482993 309177965 311240958 328847297 339404176 355083817 381201170 388586979 400266667 411427381 419644450 431324138 437250789 447807668 448930477 459487356 519830873 531510561 596427797 652028621 678145974 708372185 816775677 828455365
124939341 133140596 188241507 196442762 272008376 280209631 376581345 388066896 397042261 430011179 438212434 439883511 442874357 451075612 451369062 460344427 470822782 479024037 494890794 523650380 535135931 544111296 558192960 641959829 681653183 693138734 694516361 702114099 706001912 714977277 722464786 733950337 742925702 799962632 812825810 840774235
215857216 315395643 336655328 349498332 395448613 436193755 445695104 449036759 450633170 494987040 521982242 526082224 545233531 565646597 567590784 571431282 584274286 621520669 630224567 646880336 659723340 680471058 686444709 688388896 699287713 701231900 705673621 745237994 747182181 755920112 756758196 795484485 797428672 832207250 871771623 873715810
29211450 184833806 189582168 238566091 255060378 339409963 345204524 358154826 358341478 394188447 415431096 437147560 460934234 464415019 491382426 495032319 513963834 518525544 565258891 567509467 584190406 597518278 621304952 646502201 647004782 668353339 670288875 687284854 717231354 747346073 766277588 771132747 790064262 820325802 899318536 923105209
202221749 215518734 241561251 241606057 305167744 318464729 344507246 344552052 392594261 405891246 423753093 431933763 431978569 460490656 466437352 479734337 504814480 505776854 505821660 518111465 526699088 544153982 544198788 563436651 606202777 614125605 619499762 645542279 645587085 650863168 687968696 724706259 726345824 763083387 827734121 864471684
62107695 65464842 117901982 140913930 144271077 152999525 168692125 196708217 231805760 247498360 285402183 288759330 341196470 344421486 354451466 357808613 376294013 391986613 410245753 423227721 445343296 461035896 506226238 508355665 509583385 511712812 562020525 564149952 567715974 597118068 599247495 612810668 614940095 636765257 788540029 790669456
291886965 330970727 358935481 395774977 409749480 421882147 434858739 458434176 460965909 462823493 488930663 491753831 497517938 497583429 513637492 525482692 536667191 539744662 564631945 576296691 588729979 595641843 615445944 621749013 658301042 664631740 692617991 697450295 703715502 718725161 731680256 755277190 782494255 794426443 864498606 961474754
171955844 222193589 239304681 276752621 311043662 326990366 344101458 353303676 403541421 415840439 420652513 428747000 430488350 480726095 492391494 497837187 503322973 505026939 533543777 553560718 555264684 569576168 570671810 572375776 601690625 610094832 642410791 644114757 687279506 706487402 760114129 761818095 783038457 860223131 933057754 934761720
59743370 96856764 171249724 208363118 228268047 260530354 297643748 298174689 301063855 318562022 338177249 339774401 409681043 429055031 429772810 430068376 449963788 469588532 473358017 487077182 498961673 510471411 519349006 539495174 541279164 559882507 618488465 630559794 641882694 671093295 688395107 708782440 711789336 732176669 819993228 843387457
321087761 357298245 417391342 483416568 483642882 498737209 616132876 642115849 652343360 668124093 678326333 704334577 712436457 719078290 738419430 755288774 764427674 769330589 778461683 778687997 793782324 804444656 804670970 805541073 815381871 819765297 830452900 830679214 845773541 865634170 881407097 881633411 896727738 931659396 931885710 946980037
396393905 402220123 452197725 474797466 485055161 485902707 490881379 504185153 538782017 540858981 544608235 546274581 552100799 563458722 574563963 592846409 594585837 602078401 617185578 624678142 628290819 635783383 646573265 654065829 677111357 682937575 732915177 755514918 758627306 764453524 766620159 784902605 814431126 837030867 848136108 866418554
258451478 308692395 318721540 333594918 368962457 383835835 404052075 419732570 437768105 454015179 455546018 464322137 469973487 479195515 488009022 514285241 515816080 529158619 530689458 536675257 565333167 583368702 586916174 615296271 616827110 633331806 634862645 682275854 699763624 732238958 733769797 760033686 774907064 861044716 879080251 977987403
3 4 4 5 5 6 7 7 7 8 8 8 8 9 9 9 11 11 12 12 144978732 144978732 144978733 144978733 144978734 144978734 144978736 144978736 144978737 144978737 483440937 483440938 483440941 483440941 628419666 628419666
2 2 2 2 2 2 3 3 3 5 5 5 6 6 7 7 7 7 9 11 228406573 228406573 228406573 228406577 408369924 408369924 408369924 408369924 408369925 408369925 408369927 408369927 408369929 408369929 636776495 636776495
193648568 263591117 294177581 303041024 326050364 372983573 395992913 403570037 424769836 426579377 432555017 440415715 446116341 494712385 525298849 541947473 549808171 555508797 564956813 572817511 578518137 596648845 600727633 663676285 666591394 670670182 671536983 677237609 697177858 701256646 835555294 839634082 843415992 847494780 849116618 853195406
176883600 177195371 246292503 246604274 360023902 425299746 425611517 429432805 494498152 494809923 515311642 524510512 524822283 531005837 532992636 533304407 542716661 584720545 600414740 608440048 612125564 677638454 707650814 716132938 763727788 779421983 791132807 832926194 848620389 860331213 862938554 871420678 878632749 887114873 890343573 898825696
183472539 197294685 199010655 212832801 245645810 259467956 280411623 294233769 435993258 449815404 460901390 472765526 476439506 478577619 488303642 494115735 496507087 512045203 523074661 534938797 540750890 557840474 558680358 569704610 575516703 593446171 593989323 607811469 713422109 725286245 731098338 749027806 871418174 883282310 889094403 907023871
2 2 3 3 4 4 5 5 5 6 6 7 7 7 8 8 8 9 9 10 331058970 331058971 331058972 331058973 404694589 404694589 404694589 404694589 404694592 404694592 404694593 404694593 404694594 404694594 735753557 735753557
106373565 131995008 324877226 339122203 342163612 350498669 355594900 357674480 364743646 367785055 378446770 381216343 383295923 416358866 426973298 455637066 596950431 611195408 614236817 627668105 629747685 634862527 645476959 649107504 652148913 659721936 662763345 665580201 667659781 674140727 676194633 678274213 688385704 691427113 704858401 706937981
106999330 150474854 153175575 235160916 274131990 315453745 317607514 320308235 356575808 358929269 361629990 365988163 402293576 425026105 429246071 443615331 468501629 471202350 472721595 475422316 523708468 533120823 552586007 553187691 557407657 565030223 574442578 596061531 598762252 674602583 678822549 680747593 684014938 688234904 802162485 811574840
155728737 271904315 288771164 308574308 311150239 346996665 424749886 441616735 450212658 463995810 476388647 481098552 490704421 499842236 542933649 566388236 583255085 592564225 605634160 606879999 609431074 623746848 631810149 633944123 641480586 646125923 659109227 667656575 675976076 681972349 698355151 734201577 775582473 801758462 816074236 868303463
3 3 6 6 6 7 7 7 7 8 8 9 10 10 11 11 12 12 12 12 80587549 80587549 80587549 80587549 80587552 80587552 80587554 80587554 80587554 80587554 168824462 168824465 168824466 168824466 249412008 249412008
103783622 208916403 266125828 311155546 336407053 342869489 371258609 416288327 423705809 479976977 498749259 505211695 528838590 535651840 537020229 539192580 543778977 550241413 585109758 642153010 656329240 662791676 697994046 701534786 712600408 719062844 743023764 746564504 769643660 776106096 855574027 859114767 911845195 915385935 968888447 972429187
56479202 63103858 80566258 87190914 88630483 112717539 219339938 225964594 251491219 265209092 289296148 347743732 354368388 360202375 366827031 379895013 392353656 428069828 454612217 457048478 463673134 478699273 478946328 489199759 503033384 556473622 568932265 617472953 641807064 665778368 745876747 758335390 770210858 782669501 855181493 879515603
216609968 223763934 272712156 308104916 315258882 346057257 353211223 363079736 364207104 370233702 379817257 402159445 419181924 471312205 472461642 491570601 509264546 526287025 563951031 563956590 571104997 583065549 601908931 618931410 620053219 621017890 636416079 638040369 643570045 692518267 727158320 799623368 819802705 838911664 892267753 911376712
23740964 71050566 87601929 104651708 201724562 228676616 249034164 252442849 265585527 275986218 282635306 292537581 309587360 357702129 363037243 405011731 410346845 421563094 423197719 426898208 430426447 438612873 443947987 450295013 457378501 470507321 487058684 504108463 586404014 591739128 628278611 651899604 655230665 784256178 789591292 849751767
109722708 201836549 223273642 230253506 274090853 280367747 292031895 306800466 315387483 322367347 328321095 366204694 384145736 393918681 400898545 420351400 420434936 427331264 443928949 444735892 462676934 471168611 489109653 498966134 505324965 525398853 557479883 564459747 608297094 618875899 625855763 626238136 662527336 669693110 687634152 723923352
184774541 308516268 346753772 364410173 378589715 378621041 424713362 470495499 475285761 482607126 502331442 526389404 528621307 540600272 558225347 568119757 572436215 586692593 599027488 618528536 644586357 652363034 654921393 669132261 676422300 691861484 708256939 715224582 722467807 747755389 761966257 768560128 773118346 808058578 826453892 865952342
192640241 413382640 440918781 458244318 462067334 464163355 465602044 473595861 489848415 574833152 633771878 661661180 678986717 682809733 684905754 710590814 713880584 721874401 731206121 735029137 737125158 739199938 743022954 745118975 762810218 770804035 823111692 840437229 844260245 846356266 872041326 882050418 899375955 903198971 905294992 930980051
89468955 259232182 260866052 272442536 276821528 282764578 308704602 370311708 384800005 442205763 443839633 452527805 454161675 459795109 470117151 478467829 480101699 492369748 496057175 547610173 553285289 554563232 556197102 563607331 572152578 589547355 665642758 675343329 685665371 711605395 717373400 719007270 734962746 787700798 828452926 950510966
104286309 111980314 253372610 261066615 266438903 280330206 288024211 294256797 314385808 322079813 333256582 382280751 389974756 415525204 420122429 442482800 443343098 470300694 476538402 482342883 504356296 509300479 533266015 540960020 543356081 544433345 569208730 572251239 596166326 611251024 630221928 695418609 698116871 723236503 762236288 849102135
53218463 70404481 136406829 159441027 176627045 227231775 242629393 244417793 291356082 310420141 397578646 421413572 438599590 465369394 478723609 498111614 504601938 513899146 516293121 531085164 533479139 584946173 597087512 599481487 604334178 652736921 659551191 672124926 752036765 754430740 846918718 866306723 939404292 941798267 958792297 961186272
183630215 212717370 265069147 277449105 290259326 294156302 358888037 371698258 420449772 425855135 442491747 449536927 454942290 496190125 514268662 519674025 523930679 525277280 527078883 532484246 554846811 583933966 590009015 591184247 602819236 648665701 661475922 672623179 679311304 684716667 755051657 813708343 828003804 833409167 903744157 962400842
77368439 116701354 220848091 260181006 346885823 351908825 352174062 377210703 386218738 387464433 391241740 391506977 397874057 416543618 460362596 477700910 530944085 541353709 603842248 621180562 656981817 662004819 662270056 667391441 672414443 672679680 687306697 697716321 729879980 734902982 735168219 747218294 752241296 752506533 760204860 777543174
113341221 168363171 185138634 188185870 243207820 254488666 259983283 329333315 388494161 428658851 443516111 460291574 483680801 500456264 517401459 520271160 525313093 529641606 534259819 569806296 572423409 580335043 589198872 595115809 597110506 609104468 658548904 666460538 795424100 809412759 835588790 849577449 924331398 932243032 938320057 946231691
90070584 174300533 192267209 246474730 248100110 326136905 330704679 332330059 348671355 350296735 364224770 427084748 438941915 448454719 457457193 466421395 482541051 484166431 523171864 541138540 541687142 559114460 559653818 583488894 585114274 600291091 675008236 693523514 701238934 715518606 717143986 775956079 794471357 833268646 907985791 926501069
173469049 183519007 234600406 239255028 249304986 265750813 300386385 331536792 400810272 410860230 459477658 461941629 488722703 493092036 498772661 500885110 525263637 549854060 566671089 581004467 595121895 605171853 627401841 637451799 656253252 686818881 687403659 688533198 719683605 728226333 774731312 816138764 881130504 913410450 922537956 954817901
116537445 135309547 154043602 159926190 214033409 245459744 271567345 290339447 309073502 314956090 344672112 360610268 363444214 369063309 379382370 382178269 388060857 395904223 398116425 400489644 403999013 414676325 433410380 439292968 442168076 458106232 473594411 489532567 493400187 524826522 558182933 576955035 595689090 601571678 655678897 687105232
3 4 4 4 4 5 5 5 6 6 7 7 7 7 7 7 7 8 10 10 49670144 49670145 49670147 49670147 266384374 266384374 266384375 266384375 266384375 266384375 266384375 266384375 266384378 266384378 316054515 316054515
145184190 220936181 233500772 236808074 313180593 351834457 368124572 373996649 388932584 393371662 401497175 404804477 427586448 435194824 437449687 440151039 443458341 449748640 462313231 465620533 469123653 481688244 484995546 513201678 525766269 529073571 536120975 574774839 596937031 603191227 616312044 641845091 660390069 664007283 683382296 727460321
4 4 4 4 5 5 5 5 6 6 6 6 6 6 6 7 7 7 8 8 213294555 213294555 213294555 213294555 213294556 213294556 213294557 213294557 213294557 213294557 453535170 453535170 453535171 453535172 666829720 666829721
4 5 7 7 7 7 8 8 8 8 8 10 10 10 11 11 11 11 11 11 1194979 1194979 1194980 1194980 1194982 1194982 1194983 1194983 1194983 1194983 244406834 244406837 244406837 244406837 245601809 245601809
2 3 3 4 4 5 5 5 6 6 6 6 7 7 7 8 8 8 9 9 18330444 18330444 18330445 18330445 18330447 18330447 18330448 18330448 18330448 18330448 111474021 111474022 111474023 111474024 129804463 129804463
134933396 272250136 318480813 328629036 347570935 389947764 425285076 466474478 469213447 484887675 512832409 531118352 541266575 577057227 602585303 603791218 606530187 637922615 650021895 650149149 652760864 660170118 662909087 696379826 706528049 714373967 721488846 724227815 756826158 759565127 760604644 767846777 770752867 803184089 832071595 867408906
3 3 4 4 4 4 5 6 6 7 7 7 7 8 8 8 8 9 11 11 109662220 109662220 109662220 109662220 109662222 109662222 109662224 109662224 109662224 109662224 185380613 185380614 185380614 185380617 295042830 295042830
101105733 144399918 217942313 219346691 220149926 262640876 263444111 336183271 336986506 371632075 389817653 399564924 414926260 427235207 433111838 470529392 487931277 488468655 506654233 517805882 518609117 527894464 544071787 606172235 606975470 646135422 646938657 670091266 688276844 725694398 758457619 776643197 798420806 814060751 816606384 854023938
98799873 104408974 153104594 155424193 161033294 209728914 224121500 229730601 278426221 314238256 319847357 320328391 361370483 366979584 368542977 376952711 415675204 436568114 442177215 445650018 490872835 492192577 535766774 547773489 548816897 582899001 604397809 617514204 658096632 673095116 707630960 754763187 763211872 810344099 829960818 885541730
290496197 359639517 398288198 493935688 508362536 511916053 523077543 563079008 577172107 581059373 601727689 602784089 612861514 619708054 671927409 682004834 683432923 710576090 711802027 720653515 726517034 729782392 744497399 752576243 780611598 791224924 798591963 820650428 830727853 835365435 845442860 889459999 899537424 901299262 916014269 970108833
4 6 6 6 6 7 7 8 8 8 8 9 9 9 9 9 10 11 11 12 124395722 124395724 124395724 124395725 415266304 415266304 415266306 415266306 415266306 415266306 415266307 415266307 415266309 415266309 539662022 539662022
200188826 205845574 256368965 259816271 265473019 309633045 315996410 342294601 369260490 401922046 420914719 426571467 476110804 477094858 513786267 519443015 530358938 535738249 563020494 563180655 568837403 569966406 605300747 610957495 619360794 623230486 655892042 661480886 672624874 696836697 705286430 714744966 747406522 789708245 839102633 881222725
88031504 135278363 147109391 194356250 218567194 258619778 277645081 300670175 305866637 359748062 369969059 382911805 389155468 392201654 405554995 417215918 441989692 451279541 452801854 471258449 500504749 531188997 536090685 553500079 562789928 578435856 582607730 618193666 661724687 664849360 674139209 700435296 709725145 743827668 826069298 835359147
281319723 283307324 335084944 344011230 345998831 375597076 376308262 378295863 397776451 430073483 432882859 434870460 438288583 449138921 459052844 469649926 470585615 471637527 486648080 511830428 521744351 523415147 527160212 544127460 554041383 563927279 600702057 610615980 637469124 647383047 673420347 675407948 727185568 767697700 841239545 851153468
