100
3 4 5 5 5 6 6 6 7 7 7 7 8 8 9 9 9 10 10 12 142522910 142522911 142522912 142522914 439387747 439387747 439387749 439387749 439387749 439387749 439387750 439387750 439387752 439387752 581910653 581910654
194132891 202113653 328838458 416476703 450734056 481172541 489153303 490267120 556588946 561202808 564569708 569183570 582680957 590661719 597351253 605332015 615878108 691294513 695908375 703516353 717386524 732056820 737773706 777306770 778932758 783546620 805024769 813190111 817803973 819695065 839282122 852723175 853952418 857337037 878815186 893485482
224071298 330277626 381820852 410261417 440410019 459608649 464876470 488027180 491425005 499707757 565814977 567965836 568010971 571082798 598159573 605315667 645798768 649174559 651066589 657457311 674172164 675947370 681215191 711521995 726962356 732230177 735245108 740512929 754155955 784304557 791505786 821654388 835319543 843602295 872669374 880952126
61311346 131620003 164784726 215779849 271295350 286088506 290867111 313744260 319253229 341604007 361175768 374768730 384052917 394340491 417217640 422603422 478402727 513692078 516162769 577071925 586471426 619636149 632587426 632871230 652159187 668160581 675036336 688386731 707958492 723676082 730835641 743247843 766124992 877454845 933254150 968543501
44492174 47446146 73377337 132655875 135609847 138842795 154045624 161541038 227006496 242209325 265249903 268203875 276804249 276891524 279758221 279845496 289720467 292674439 294135066 305689412 305776687 318605630 343388461 359600524 371154870 371242145 374803353 384071088 386357699 386444974 399273917 431552162 564146190 575700536 575787811 588616754
168602399 220039624 263813278 279143350 280112671 293015148 315250503 321648587 330580575 375323550 388226027 390653622 403556099 416859466 432189538 433233070 450710572 452536188 502147797 503973413 528443949 543774021 560542090 562220844 564046460 575123321 576948937 603756760 605582376 611979315 672052362 684954839 713588278 715341243 717166859 825172761
6 6 7 7 8 8 8 8 8 9 9 9 10 10 10 10 10 12 12 12 72145209 72145210 72145211 72145213 286520947 286520947 286520947 286520947 286520949 286520949 286520949 286520949 286520949 286520949 358666150 358666150
127445087 187921710 188046348 213801610 343206415 379228323 403683038 403807676 408912268 429562938 439704946 439829584 452010728 465584846 478993638 526860077 536532047 539470261 539594899 565350161 587336700 587461338 597008670 597133308 613216600 622888570 624673596 660695504 667772056 703793964 760460819 803559279 808327258 817999228 851425718 861097688
92605231 147854133 200319505 204352341 247087443 255568407 260203800 280191543 283156370 302336345 306528995 312066615 315452702 358834553 369662141 371950910 387905817 390870644 414243269 424911043 434673755 437638582 447790112 450754939 461011207 474127564 481409251 518006277 557248453 560213280 573255179 583585905 629753387 705592589 708557416 731930041
29034776 146212553 148340141 265517918 298299284 299612150 331036726 356065504 367805425 410984231 416789927 417604649 419695234 450342091 475370869 484983202 492063006 528162008 536873011 568876658 601614100 611368371 626642878 637069933 669807375 680248739 688959742 694836153 712986181 721697184 738014959 746725962 762640380 830833655 874012461 882723464
126759585 191849656 205323141 250031595 270413212 298551268 319428872 322111124 328595151 377114824 384518943 387201195 389216998 398160006 442700882 445383134 454307069 476723562 488498575 491220555 493902807 512489008 553588646 561008681 590673917 590829293 593511545 611770585 660290258 660617419 669237473 759898996 783343204 786025456 853131330 952412907
2 3 3 4 4 5 5 5 6 6 6 6 7 7 7 7 8 8 8 9 68702350 68702350 68702352 68702352 68702353 68702353 68702354 68702354 68702355 68702355 178708908 178708909 178708909 178708910 247411255 247411256
4 4 5 5 5 5 5 5 6 6 7 8 8 8 9 9 10 10 10 11 182087337 182087337 182087340 182087342 207351488 207351488 207351489 207351489 207351489 207351489 207351489 207351489 207351490 207351490 389438821 389438821
158906722 180537192 229898501 343424606 378702158 394669826 416300296 465661605 536971821 551752576 568197975 573383046 577377026 579187710 589828445 591450933 599007496 613081403 614465262 622744355 639189754 648368805 662442712 736270460 752715859 761894910 771548012 772734925 775968817 787993411 797172462 811246369 929817675 946263074 955442125 969516031
85134163 93552138 117075566 125493541 144738079 176679482 313343446 321761421 356171331 370782417 372947362 388112734 402723820 419705638 445247827 451647041 453665802 497663621 504851743 506081596 557267537 567754666 576172641 584380614 598991700 627358582 647914921 716284995 730896081 768700789 779819302 783311875 832235096 838791834 853402920 902326141
2 2 3 3 4 4 5 5 6 6 6 6 6 7 7 7 8 9 9 10 175506630 175506631 175506632 175506634 276419061 276419061 276419061 276419061 276419064 276419064 276419064 276419064 276419065 276419065 451925689 451925689
140561104 204514812 247542092 250234130 304155028 304631775 311495800 322610515 357215118 362426221 368108736 372298253 386564223 411612763 413828054 426379929 432283541 436251961 468225699 472099247 481971279 486681186 526496892 528032550 536368924 557994547 635013538 664975535 691626474 710081961 721588471 740043958 749897667 759769699 779859664 789731696
165947428 172756224 225272816 225398950 232207746 284724338 316752931 323561727 376078319 381186109 389618482 422940226 429749022 440637631 444482208 449070004 482265614 503933730 531991612 535754902 539974869 540423985 542563698 546783665 595080290 595287711 599300257 638178907 646611280 701475006 750993583 755213550 759425956 763645923 814289682 818509649
144976283 174394952 182886137 212304806 248150313 277568982 305122016 312539410 341958079 343031870 369723296 385594611 390294237 407633150 408296046 419712906 423504465 472685143 472897326 475059056 488768641 499897155 512968910 529315824 537286423 550439970 553157738 578233086 615041250 630912565 642622183 660042888 720377010 724644168 740515483 829979928
105626934 114515196 140732448 143974545 149620710 174833680 179080059 209939194 217317362 226205624 255664973 286524108 334573579 369679093 380937724 395626251 404514513 416043238 433973862 446264007 464832997 492628152 541328499 550216761 567618815 576507077 579676110 605966426 610535245 624572896 636825561 670937041 770275144 796565460 816639289 842929605
89434077 132645798 150667920 156025436 169477237 193879641 199237157 230711080 236068596 317911597 330611410 361123318 373823131 381268392 388293633 397954757 410654570 424480113 427278216 449527476 454884992 461311552 484177662 488512059 493869575 545411505 550769021 616771153 629470966 655755736 668455549 680127948 712655182 719112531 725354995 776011977
138448438 155988019 192807015 210346596 345012648 376373370 376810038 399371225 418447964 430731947 431168615 436469062 454008643 472806541 505182435 522722016 596327480 612232352 613867061 629771933 643033272 674393994 674830662 711746645 716468588 743107367 743544035 785181961 802891690 818796562 834252412 834689080 850157284 850593952 876327006 892231877
99471394 116717904 145098908 177786121 195032631 223413635 228272209 306586936 425552589 442799099 464169986 471180103 499512005 507860998 516758515 533737980 542484713 545139519 550984490 554353404 579365494 580800928 586175725 598047438 626428442 628312820 662538795 709601743 790251181 833942193 864210597 898436572 907901609 942127584 945499520 989190532
282679624 317020725 398063338 432404439 522622580 555478827 556963681 562378434 592294824 596719535 617351496 620903785 626635925 646399654 650370108 655244886 670862541 732735210 761783368 765753822 795421783 835177637 857294452 865094027 886342610 890313064 893702988 897050306 926098464 926966696 930068918 955575657 956014854 959985308 984623815 988594269
5 5 6 6 6 6 7 7 7 8 8 8 9 9 9 9 9 10 11 12 23112842 23112842 23112844 23112845 225396570 225396570 225396571 225396571 225396571 225396571 225396572 225396572 225396574 225396574 248509407 248509407
237464911 263983161 313840492 340358742 372406358 398924608 470590651 494944669 519703262 523156087 539587041 543577605 546966232 549674337 566105291 571320250 586097272 596078843 605532098 612615522 619953186 629886116 654644709 678519052 756281827 772712781 780635845 797066799 805394438 819223012 821825392 829268781 843577030 845699735 868335623 892209966
168628539 194076620 209961648 212923373 216021527 229939733 238371454 254256482 260316361 263778258 274234567 289226339 305111367 311171246 325089452 349455775 368966521 374903856 390788884 394414602 396848763 410299630 410766969 416359509 430277715 525294956 550743037 566628065 572687944 580099567 586606150 624394401 675249286 760926803 780437549 936765984
2 5 5 5 6 6 7 7 8 8 9 9 9 9 10 10 11 11 11 11 259419583 259419583 259419586 259419586 259419586 259419586 259419588 259419588 259419588 259419588 315194738 315194741 315194742 315194742 574614318 574614319
3 4 4 5 6 6 7 7 7 8 8 8 9 9 10 10 11 11 11 11 76676760 76676761 76676763 76676763 256843971 256843971 256843972 256843972 256843975 256843975 256843976 256843976 256843976 256843976 333520727 333520728
69046429 81268258 147150117 159371946 167331168 245434856 283698114 285993667 298215496 361801802 384278406 387117084 399338913 425837831 438059660 474835139 485401823 500243288 500645352 502875463 515097292 524122570 552938827 578346976 601160202 601768769 640489516 691782377 717190526 717527148 792905794 818313943 831626541 857034690 908664173 934072322
75653104 119086404 184972320 188824761 228405620 298143977 373332835 402440516 411756154 420359534 421063223 443795615 455189454 464496523 482652051 487228915 488844960 511759732 524927811 529678750 532278260 534234880 556967272 602016617 709435885 718742954 738543566 741475346 747850635 756462584 765769653 770583027 786524691 788502045 815632372 833551389
75074959 89964721 309558065 330831377 335486835 345721139 381322328 409256428 424146190 459161677 474051439 493990130 504776044 519665806 525938365 540828127 565314483 591243253 637078746 643739534 669668304 693644783 715503797 719573553 739259150 749746548 760421471 765187920 765409046 786350241 811023413 828171599 832185734 878076848 923691215 944853536
3 3 3 5 5 5 5 5 5 6 6 6 6 8 8 8 9 10 10 11 191656562 191656564 191656564 191656565 233886430 233886430 233886430 233886430 233886430 233886430 233886433 233886433 233886435 233886435 425542988 425542989
155219772 181792975 252007640 261040913 265396994 266604281 278580843 283035539 289210140 293177484 313064379 339637582 357828781 362184862 372425422 376781503 379823407 385998008 394420048 400594649 418885520 423241601 440880146 447054747 468789618 495362821 571253600 574610759 578966840 596605385 597826803 602779986 677074741 681430822 699069367 705243968
146773116 283469859 318914042 322885104 329616680 334301806 384110157 417418506 423583676 438255869 485815633 520806900 554115249 556251083 560222145 560280419 566953721 571638847 574952612 589559432 593530494 595724602 599695664 600262070 604947196 606427240 610396795 611112366 614367857 621099433 622512376 625784559 657956559 661927621 668659197 673344323
143150441 171259766 215650000 243759325 320894666 334954600 348831582 352179604 367163497 380288929 393394225 395272822 407454159 421331141 437719008 461544712 465828333 489654037 489857628 529923829 543983763 544907722 557860745 558967656 562357187 572844638 615463233 629523167 639288937 643400149 653348871 667225853 698886791 713870684 784426195 808251899
3 3 4 4 5 5 5 5 5 6 7 7 7 7 8 8 9 9 9 9 52685959 52685959 52685959 52685959 52685961 52685961 52685963 52685963 52685963 52685963 62553617 62553618 62553619 62553619 115239573 115239573
41291922 49158295 56692529 75851118 83717491 91251725 97951093 98865435 105817466 106731808 113351700 114266042 199192596 233751792 252585967 255851767 256766109 260452340 267986574 311269692 345828888 361396581 367928863 368843205 369262954 369297475 376797188 403856671 410486641 425956646 426870988 519297255 522563737 580591520 631374351 689402134
41609539 118510138 121654472 154772669 198555071 200028294 227922051 231673268 256031372 280073227 304822650 313191424 321700976 332931971 386340806 401745909 406239962 414450127 429213636 434864106 483140561 503361388 508013488 509258569 536122809 542376766 564658717 583406321 615526148 616524518 643635469 686331399 689673900 717783221 793844059 867991811
73419186 148207266 250985321 326668636 334340707 342324684 377823476 388538239 401456716 402961734 452611556 452988423 463326319 493814371 504234771 527776503 555389611 566104374 568602451 587590157 595574134 630554558 638744997 646728974 649459760 656211184 657443737 671380506 707366024 713909944 718080787 721893921 754735892 762719869 782530971 823356919
82299119 124353299 144788740 151223692 193277872 213713313 229547902 235874465 245577501 258312994 271602082 287631681 292037523 294779934 304799038 308067122 309243574 327237567 351297754 363704507 371733195 383123248 399152847 405561777 421591376 442028717 458058316 462818920 485257449 516220761 521724389 558274941 578710382 669796107 692234636 728701576
50060288 55010413 156846884 161797009 231536998 250225211 255175336 263838918 268789043 275591686 280541811 338323594 418053484 431701921 445315628 457068396 468831455 479584834 508572467 513522592 524840080 575618051 586371430 618218407 631832114 643584882 668996378 679749757 682610085 690049177 693363464 694362853 705116232 876565663 927343634 938097012
41511376 52520639 63164104 64479316 74173367 86132044 87179000 108831728 118340718 129349981 141308658 152777696 164008342 174430424 229607038 279875618 290884881 302288702 302843558 313297965 325256642 325543242 347956326 391141938 413555022 426439920 437449183 446542805 449407860 468195533 472107544 523372147 537706240 684907047 707320131 831471349
111551988 180099897 182773750 251321659 253236934 286544139 300752829 324458696 336661046 357765901 369300738 389720201 407882808 411271794 442437775 460941963 475744980 479819703 487759425 525861887 547828001 552956740 556307334 578921042 586263945 616375910 629444371 636380852 662751576 689440007 689512947 712868483 722820152 765927638 772937059 825996214
87264766 125254029 180258741 192223381 216861783 222775642 230212644 240036015 247970851 278025278 285217356 321820398 322859264 327734257 333029990 350418673 352929466 360848527 365067519 369633032 375546891 388407936 400742100 403056782 415853239 443412648 452456281 458061494 458370140 480015690 483565349 485929549 494664536 500578395 511124758 525773604
172344086 217359945 237673280 256491041 263184032 272103598 301506900 317119457 321820235 337432792 347330987 362943544 363181542 408197401 428510736 432616736 454021488 471938758 477632595 497945930 516954617 523456682 537267952 555241348 562778704 624668360 639388303 655000860 708815315 724427872 746078804 815505816 815513998 854836020 884941010 924263031
55512141 133130885 146809235 224427979 238692740 252331761 304071842 316311484 343628855 380998741 383875197 395368936 399837666 435512360 455376392 458617485 461493941 470926426 477456410 487252441 546673486 562223520 577818361 580694817 596657286 629558442 632434898 638556991 648397367 654107025 780862992 783739448 796413026 799289482 799701917 815251950
69247990 106162030 109706098 112998060 156179555 193093595 196637663 199929625 369024302 396513285 405938342 409482410 412774372 483444850 486340086 504595952 523254126 523448193 526798194 530090156 535456450 560362233 563906301 567198263 572370490 575914558 579206520 591527517 696289597 804372264 813605381 850713488 862721745 921688048 958796155 970804412
171877561 174551656 253774149 256448244 298116379 299905625 300790474 302579720 319222162 352604259 355278354 401118750 411028343 412017703 414691798 445460980 447250226 492924931 499948860 537267161 539056407 555943314 559362304 562817449 591755041 637839902 644714037 651168485 682182132 683971378 689056267 690845513 736670012 743544147 796083456 802957591
142618525 153861359 157871062 216594047 226487986 227836881 231846584 237730820 241740523 275310585 278600076 286553419 289842910 290174092 290563122 293852613 301416926 305426629 358920357 372941750 432895879 442789818 444790975 446917272 456811211 491612417 494901908 505633810 506475924 508923301 518766497 520497317 528660436 577483035 580772526 592346541
257105650 274873707 290729916 308499442 315945836 326267499 333713893 342123708 342451283 349570102 370163201 387931258 393845075 401291469 403787467 409658248 427426305 443282514 455508834 488222185 495003881 505990242 521846451 542393962 573567818 588743517 593787754 601234148 640137309 647583703 655451513 694946560 701801068 741296115 773510497 819860052
96961661 118377217 262774888 306464038 327879594 342837708 365154990 367904885 386570546 387690820 387816328 389320441 472277265 530968217 533718112 538141976 552340085 559557532 564380988 585796544 597193197 597318705 611031037 613780932 655884149 656009657 658634044 658759552 703955203 730194215 784018023 810257035 828871135 828996643 855110147 855235655
188399463 207447262 240728248 258375352 343626995 388649290 395150154 414197953 430308842 447478939 449356641 465126043 482637627 491058932 500284731 510106731 543387717 550377686 561034821 585536374 595399981 613665936 626173526 630558669 632713735 645221325 646286464 665994721 678502311 683641825 691308759 696149415 768893468 781401058 813915763 826423353
143274254 206363052 290630349 297687966 303741803 353719147 360776764 370118928 421641432 433207726 447644470 451097898 458155515 468125500 509529376 510733268 515733411 530586477 568997527 572618174 576055144 608112019 615481595 622539212 648486106 663089506 669996925 670147123 694970174 726011648 742578085 772495716 787896554 820103627 834380622 881988532
94193878 172636393 182993015 191841184 236513876 254906673 261435530 270283699 295612339 325313013 333349188 334161182 384411476 389245316 393259645 397226671 454962365 456325134 467687831 499987269 531565314 533404880 546790574 588786406 590663777 597282363 597634575 635589711 644437880 656380826 660700064 707503369 795038707 841842012 860755756 907559061
35775815 68041984 71299702 92637169 116138616 119632898 124903338 128161056 148404785 151662503 151899067 155156785 163663782 206049816 220525136 244026583 247520865 262911170 286412617 289906899 390729861 422996030 426253748 436573133 456220967 468839302 472097020 513082321 518617828 536583768 540078050 561003862 564461100 606847134 811175013 857018285
10550443 132514037 217377085 240262767 289973728 328020998 334875208 347414913 411937322 421243778 456838802 457727900 484464032 496800370 519686052 541701850 543207372 564587532 579691494 606427626 607444283 626838198 628070420 650956102 652345763 664554542 671739678 687440224 691290674 714176356 738714333 758108248 775198455 794592370 801934587 821328501
3 4 4 5 5 5 6 6 6 7 7 7 8 8 9 9 9 9 10 10 164256839 164256839 164256840 164256840 164256841 164256841 164256841 164256841 164256842 164256842 474461173 474461174 474461177 474461177 638718009 638718009
109861730 120199055 186091277 221677813 232015138 237023122 247360447 284276976 285829573 294614301 297907360 313252669 360506523 397645656 412990965 460244819 469932472 472941040 480269797 483278365 546162019 549170587 578963122 586365262 645900315 648908883 690779205 698181345 706124514 713526654 753378368 760780508 939033864 942042432 946436004 949444572
70091908 78711667 96372470 179441164 204585168 213204927 218784402 230865730 239640197 248259956 265920759 313934424 348989453 351219834 353277662 362084432 370704191 388332691 388364994 443234389 451854148 469514951 471433688 485713094 510776926 520768123 528826386 537446145 552583645 555106948 591926883 638175642 643212358 677518880 724362315 809954312
90442264 96375603 98224597 111707729 117641068 119490062 126310765 147576230 210965660 232231125 252582982 258516321 260365315 288451483 347352730 353286069 355135063 373106378 383221231 388138995 395240950 401174289 403023283 409404460 431109451 467876126 476975826 482909165 484758159 512844327 515764346 550279713 597499222 645049461 692937681 774672556
236598605 273933548 296825778 340294254 377629197 400521427 422460423 426174639 450979082 459795366 474284787 482687596 488314025 490624726 496188356 511206255 527959669 529870288 533523299 550851899 556415529 577980436 612036457 640555116 660146605 670448812 680200760 685764390 688665264 728310908 733874538 774144461 856310630 884829289 924474933 930038563
58359447 113075055 117506349 118024749 172221957 177171651 205827524 229060532 260543132 265492826 283776140 288725834 343297949 402444851 404060697 405071663 463207599 464218565 475190852 490766026 513999034 522029648 529906460 534856154 551528774 552539740 574761782 575772748 576745256 581694950 760129354 806968150 820892102 821903068 867730898 868741864
3 3 4 4 5 5 5 5 5 6 6 6 7 7 7 8 8 10 10 10 42621773 42621774 42621775 42621778 346992256 346992256 346992256 346992256 346992258 346992258 346992258 346992258 346992258 346992258 389614026 389614026
161441739 162274787 172658160 226621911 227454959 237838332 293453861 299923948 355657168 356490216 358634033 365104120 366873589 471623006 472456054 482839427 487669290 491691189 494139377 552895711 553728759 556871361 564112132 603635128 610105215 624220133 625053181 635436554 684907833 685906618 691377920 756232255 762702342 801872456 883145161 954469582
110386225 122950614 128105153 140669542 188945626 206664554 266198130 283917058 306276137 318840526 349339911 361098327 361904300 378817255 384835538 417896038 427899312 430248675 430460427 447967603 462088042 496455439 505151816 523227770 535792159 556988239 573707943 600052013 601787171 626138587 668608140 669202361 679039675 737758488 773939872 843090219
108610299 138375138 287334001 297638014 317098840 325294550 327402853 355059389 374535052 486027662 490735871 503637667 515792501 533402506 540017571 553258754 563562767 568884946 591219303 669459573 679763586 707420122 718741273 729045286 747608648 751952415 756701822 757912661 769562420 785569197 868153234 885763239 917434934 935044939 946302309 963912314
102034596 112214638 135500379 216939805 231160471 236433702 241340513 264626254 265254181 275434223 298719964 300597598 310777640 334063381 346065680 347339549 357519591 365559577 380159390 380805332 399653287 415502807 428772757 434996704 462244758 481738655 528094564 538274606 557898632 561560347 591992342 627335759 642999773 662493670 674077710 854832725
363899921 366054647 384772710 386927436 396189799 398344525 401604365 403759091 409107235 410677958 412832684 416672269 417469289 419624015 429980024 437545058 441397113 446811679 448962147 454376713 455885272 462676603 463450306 470241637 556389178 577261967 588679056 594093622 603167215 609958546 676793386 697666175 709083264 714497830 723571423 730362754
50316707 114268045 125561958 128115913 192067251 203361164 225273412 226550825 289224750 290502163 300518663 301796076 340156529 350815522 404107867 415401780 428614728 444163473 464910882 482193213 508114811 519408724 525772227 527049640 542710088 559992419 639867587 640655344 641145000 657149918 658427331 744662288 754750704 772033035 858757648 876039979
94362812 139735720 220164876 238657805 284030713 310246093 355619001 357754614 364459869 436048157 439096162 439219876 442059016 448038320 484592784 493411228 502049607 514893224 560266132 565021940 573637895 573840384 583391155 586354009 640695288 654979443 657942297 702611678 711430122 778285026 783953226 786916080 792771670 795734524 859626574 862589428
41462047 140440965 155190254 189016725 274235884 287995643 302744932 337597005 373131618 410534469 421790562 436575923 451325212 479205529 479283997 504286484 509513387 520686296 524262676 570370842 578184447 592933736 603265402 618014691 626838675 643308306 669266576 711979366 737060321 742204040 775418955 810875100 835956055 848356419 917027479 942108434
121705098 136424172 168289305 183008379 265602949 280322023 291164129 305311832 305883203 308978101 333170414 343930215 347889488 351896039 355562308 358649289 365956168 400968040 412540375 447552247 449209683 452875952 474770863 478437132 509854019 516777148 520443417 527536949 531203218 535415199 544865891 570427071 577421484 588181285 612433356 623193156
76231354 116474481 117748526 130634071 170877198 172151243 216662161 256905288 258179333 264047598 304290725 305564770 392971132 397954685 425933179 433214259 434488304 452357402 466176306 467450351 484763446 489490228 538385492 539166163 543892945 585770929 625194253 629921035 672579690 677306472 714694463 747656510 801503224 806230006 834465271 839192053
265316006 361201908 384957346 402068381 476588109 478961856 480843248 491948059 497954283 513151258 565010937 572474011 598603196 609037160 611589399 615714231 628700434 630652862 654692526 660896839 690233959 703220162 726797108 739783311 750294202 767405237 774333866 778656787 791444901 791642990 841924965 865964629 878488114 902527778 930347793 954387456
4 5 5 5 5 6 6 6 6 6 7 7 7 7 8 8 8 8 9 10 153104583 153104584 153104584 153104586 392382765 392382765 392382766 392382766 392382766 392382766 392382767 392382767 392382768 392382768 545487344 545487344
142262247 174509118 183168843 212814401 218887864 245061272 253720997 274824423 289440018 307071294 315731019 332874732 351450040 365121603 373781328 409500349 429979079 445662242 462225950 470885675 506604696 516214396 522554995 527312515 554801866 563461591 578224418 597864669 599180612 636274727 659874691 717925000 733379074 815029347 825954990 907605263
33442331 51434942 54444776 242351215 260343826 263353660 275198467 293191078 296200912 302360112 398293097 401533470 407981933 416285708 419295542 419526081 422535915 441316104 476005063 493997674 497007508 511268996 544116248 616890817 649738069 650224988 667210878 670451251 683072240 744922844 772832699 776073072 806166870 809407243 850544665 883878836
349395784 418964595 428904996 473092779 525267850 534169053 540594270 542661590 550608359 552601991 594836661 596017829 597675873 603737864 604777062 608034001 613678265 664291265 665586640 674305354 675527041 677602812 687543213 716466336 721372868 725367539 726480425 735381628 773547939 782449142 787216315 797230404 799232487 809246576 844297918 856314090
82000632 101039024 215824603 234862995 259288744 270983163 290021555 327298666 341023939 360062331 377089154 393112715 428703413 429479769 447741805 448271275 456026377 461122637 475064769 510913125 516281197 518312051 563303740 566071685 586321973 605991525 618462300 633314489 636112461 674001447 688503076 701324411 723791935 751114899 776182550 803505513
95081072 162878768 204346713 219510261 243239237 252466254 255253772 272144409 298245197 311036933 316504098 328775902 361731895 364519413 367668426 384301794 400624419 403411937 407510838 440933287 446403362 473889280 476676798 519668223 545719860 579226018 613517556 647023714 670149049 703105042 703655207 705892560 736611200 739398718 748883985 782390143
214623597 280280892 280921575 300977452 389560991 429235073 455218286 455858969 475914846 494892368 495533051 508908753 515588928 548165137 569687948 574566048 575206731 577477941 595262608 613822432 614463115 628918406 634518992 635345243 635985926 656041803 752415335 792089417 803855800 843529882 871763097 911019481 923203562 932542292 962459946 983982757
3 4 4 4 5 5 5 6 6 6 7 7 7 8 8 8 8 8 10 10 137357358 137357358 137357359 137357359 137357360 137357360 137357362 137357362 137357362 137357362 376842052 376842053 376842053 376842055 514199407 514199407
260112155 301679577 338885479 347515451 380452901 381384518 389082873 452081296 460157842 465363246 468787814 473526541 493648718 500374464 505786655 515093963 525553986 544136570 552766542 567121408 573353659 579147788 584559979 587777760 593189951 594798904 646826349 657332387 678777632 692343605 697755796 713788850 719201041 730805077 765816295 771228486
153631490 192662179 217835915 244921544 256866604 266566854 283952233 330771279 331603647 357856908 370634336 379301129 418331818 431495564 444539011 455473167 473773485 492236493 495699989 497251428 512804174 519677592 522785618 546763221 561455853 586708849 588541482 609467721 633445324 657165203 675223585 681142806 722921067 751637559 775615162 817393423
266357881 354301372 458058230 545759661 546001721 559807577 576109696 584416626 586957562 594077823 601949133 608084017 633703152 647751068 674901053 689892624 767810045 776116975 785778172 799784366 855511476 863818406 869559392 873479603 877866322 887485797 887527519 896709377 901533713 905016307 911700948 914677504 920007878 928683698 929669075 943675268
117095996 163026665 310149574 319429443 347316687 355929575 365360112 393247356 401860244 472982465 479404476 488771532 512483021 518913134 522164104 534702201 540370265 548983153 571721867 666036043 681737923 681825110 709625167 718238055 724497551 752384795 760997683 774055314 801942558 810555446 835290945 851080012 878050573 893839640 927608336 943397403
169248406 188292182 314539701 376474673 395518449 396513413 430668363 473017950 474642299 491181640 491975064 492061726 510225416 511018840 521765968 580620323 599664099 603739680 618309245 636472935 637266359 637894630 681868566 700282957 718446647 719240071 725911618 734437907 752601597 753395021 778411843 796575533 797368957 807885330 842040280 886014216
4 4 5 5 6 7 7 7 7 7 8 8 8 8 9 10 10 10 11 11 172887409 172887410 172887412 172887413 380213954 380213954 380213954 380213954 380213956 380213956 380213957 380213957 380213957 380213957 553101359 553101359
4 4 4 5 5 5 5 6 6 6 6 7 7 7 7 7 7 7 8 8 149524218 149524218 149524219 149524219 149524220 149524220 149524221 149524221 149524221 149524221 446437320 446437320 446437320 446437321 595961534 595961534
3 4 5 5 5 6 6 7 7 7 8 8 8 9 9 9 10 10 10 11 181520315 181520317 181520319 181520320 227752800 227752800 227752801 227752801 227752802 227752802 227752802 227752802 227752803 227752803 409273112 409273112
182169143 186867389 201224640 219934704 272689979 277388225 291745476 307985305 310455540 312683551 327040802 334155624 340045025 344743271 345750866 359100522 377810586 424676460 459971786 470397009 492031506 560917845 580164238 584862484 586700631 591398877 596213171 599219735 605756128 617929799 624466192 628272891 732150719 738687112 868392104 874928496
78959287 149563012 153543895 224147620 225121158 267932694 275995157 299705766 316761388 327507684 342517302 346598882 359265831 387365113 402092292 409301312 422157028 429869556 454888830 462923259 464968564 483885920 505427702 505734795 524543554 525492555 548239238 565309785 601050701 606337182 607814228 643862237 647103413 689607856 703437227 785230855
233995012 307725597 406116780 431930115 435218390 437289059 508948975 519421917 596405442 607340158 621282721 622863486 633153493 638512437 640773449 670136027 695013306 696594071 714504034 720645295 768527210 793404489 794340545 794985254 799699489 812895217 819217824 820798589 824576768 826157533 838708552 844067496 881832347 906709626 908290391 926200354
103709322 136310476 229528017 262129171 278229968 293014858 325616012 330782719 348445327 371270791 373144602 381046481 387079130 404048663 419680284 456601414 467535504 497089486 498963297 520088255 522965973 524513104 557114258 560576327 561599776 562450138 575518724 614152527 616006796 617880607 654640599 656514410 699033750 751586501 792074573 793948384
2 3 4 5 5 7 7 7 7 7 8 8 8 9 10 10 10 12 12 12 113225799 113225799 113225801 113225801 113225804 113225804 113225804 113225804 113225804 113225804 349221385 349221386 349221388 349221390 462447181 462447182
68550366 117527331 167475915 196193618 216452880 245170583 249213263 254803837 298190228 327894267 353729386 357893047 382447089 410955481 426819816 435466734 454886213 455537519 456818596 459932446 485536299 508557164 516011977 538555944 553811762 564988942 582529465 597208952 635549110 670299382 700298162 702265448 775355878 797291328 805354658 902347824
132351828 164071744 233415990 241647915 284966697 315352615 347072531 361011539 392731455 416416777 424648702 462075701 467967484 470307626 502124400 506179649 508818391 510673930 513626408 533844316 537899565 540538307 603188562 607243811 609882553 611420487 615475736 618114478 654739269 658794518 661433260 693674717 739333641 880446502 884501751 887140493
200528468 216696737 238751652 254919921 287610143 325833327 373540549 388598093 400209090 404766362 411763733 420873953 438432274 456600151 459097137 472768420 475679768 537635641 543681826 553803910 561610174 588278715 608943578 624717316 629612232 656280773 656878141 673046410 676945636 710647722 737316263 743959816 757981126 829890222 856558763 877223626
262414569 282785146 292559255 312929832 333342407 351007572 359916798 363487093 371378149 376271948 390061484 406119687 406416634 421935410 426490264 448509801 464864951 477047525 486550963 503621916 506921540 519977066 542792855 557478801 572937541 584053192 600408342 631385858 643423573 663794150 686497973 714351411 740925802 757280952 766929249 923801859
