100
92091687 98598047 105941629 112447989 143295891 157145833 160087410 173937352 193487665 199994025 215456701 229306643 244691869 261483388 277015940 279383405 283522300 293233347 316852679 328220144 345011663 373610883 380117243 380779383 400380954 424815087 441606606 464307658 496975897 560902601 569160554 575666914 620364758 637156277 692525568 756452272
226769548 291172872 346563387 409905851 410966711 429102329 435559729 471329564 480128341 501540041 504349507 529699690 535732888 544531665 548896168 555353568 565943365 624143346 654082223 654465867 663264644 673662345 680119745 682461122 684676344 688918522 703872822 710330222 718485547 748909523 757708300 779120000 837218526 856415004 862872404 931662182
2 2 3 4 5 5 5 5 6 6 6 6 6 6 7 7 7 7 8 8 317307364 317307364 317307367 317307367 317307367 317307367 317307368 317307368 317307368 317307368 374796705 374796705 374796706 374796707 692104067 692104067
47907643 62401621 127199344 234710764 249204742 257841142 314002465 346820263 366277544 375452553 380771522 444644263 445569245 460006247 474500225 486207591 486872895 500701569 501366873 533623384 539297948 562255674 565499292 566164596 576211043 665190164 669939746 693822454 696141090 696806394 758918867 785120211 785785515 787551157 813752501 814417805
4 4 5 5 5 5 7 7 8 8 8 8 8 8 9 9 11 11 12 12 5888145 5888145 5888148 5888148 212334526 212334526 212334527 212334527 212334527 212334527 212334530 212334530 212334531 212334531 218222667 218222667
77932530 89813438 104407691 260634052 272514960 287109213 292286607 374295540 396768380 408649288 423243541 430571452 442452360 457046613 474988129 494399289 518004786 529031152 529885694 540912060 544479947 555506313 556997062 611122457 644925529 677100811 693131390 726934462 732358863 743385229 813235139 814367796 825394162 847038211 934471545 945497911
183228278 209138194 225741502 303321891 397810748 428201606 430605137 438941406 454111522 456515053 470714830 473118361 496194731 522104647 538707955 548295219 550698750 582408800 608318716 616288344 624922024 631322196 642784076 645187607 657232112 673835420 683914734 686318265 702502413 710777201 751415809 751907859 796991270 838121928 845904666 887035323
4 4 4 6 6 6 7 7 7 7 8 8 8 8 9 10 10 11 11 12 451553221 451553221 451553221 451553221 451553221 451553221 451553224 451553224 451553225 451553225 458717502 458717504 458717505 458717506 910270718 910270719
275916294 347617261 360159111 453214842 470317798 488488245 508621749 524915809 537457659 604689401 631964618 647616346 665786793 676390368 682414046 685684544 685920297 688932218 703665585 716207435 754115013 757385511 766656863 769927361 799090905 817261352 826366122 837394856 844536569 864670073 876815550 880086048 894985997 898256495 915119501 918389999
3 4 4 4 4 5 5 5 5 6 7 7 8 8 8 8 8 8 9 9 433806690 433806691 433806694 433806694 474983035 474983035 474983036 474983036 474983036 474983036 474983036 474983036 474983037 474983037 908789722 908789722
145845446 171389498 182673786 287350885 312894937 324179225 347296016 348761120 372840068 374305172 384124356 385589460 430333807 455877859 467162147 470043687 523376612 542364396 548920664 560204952 560921170 611549126 671494257 672959361 683869835 702426609 743814966 745280070 754532048 762371740 763836844 826852757 845409531 847574853 919895562 938452336
218673988 230243578 270294775 271440080 281864365 286990480 287003649 298573239 314030963 323060867 325600553 338611267 339769741 347927612 355320141 359497202 366797055 382347455 400693704 416102639 416244104 467723426 484432300 511459614 541879431 545356263 553449021 575937654 594645523 610195923 627558441 644267315 671294629 705191278 739308082 899143097
153146352 155017361 165867331 167738340 192741827 205462806 255818702 268539681 279119141 291840120 312858607 314729616 321250291 333971270 352454082 415530957 438482374 438831396 440353383 478077849 480962546 503715293 505586302 506890991 508762000 541154724 543310768 546486466 564455163 606387643 606586313 609563341 629688082 632863780 671819232 674994929
487640371 501747289 609213213 629234332 632023126 646130044 671482400 683840609 685589318 686395965 688452581 691744107 700502883 702559499 705851025 725833987 753595968 773617087 793055242 807968807 810025423 813076361 813316949 827989926 828223364 830046542 833338068 867682638 870216742 882596203 884652819 887944345 909676016 924589581 926646197 929937723
2 4 4 4 5 5 6 6 6 6 7 7 7 8 8 8 8 8 9 9 6805137 6805137 6805139 6805139 6805140 6805140 6805141 6805141 6805141 6805141 451988956 451988958 451988958 451988959 458794091 458794091
282990521 295991063 302636291 330178755 343483836 369763599 404730546 417731088 418086915 419823903 424376316 431087457 432824445 437732685 439469673 451918780 459010833 465223861 465275149 467012137 467041877 472011375 478580230 478656603 480042419 480317218 486687647 491503624 504859993 506199067 506596981 514230111 519504148 527535192 545783911 553814955
37308120 62893708 75675968 198941261 216486813 222906982 242072401 248492570 254854661 255319074 261274830 261331739 286917327 299699587 361960076 378119954 384540123 387317461 387545664 400327924 412903049 422964880 425685309 434497767 440917936 479342693 492162502 523593217 548950602 579971030 605328415 671341195 677761364 716186121 816814458 842171843
173518834 316225196 358296826 385393616 429005566 450288188 486220012 486535920 488077262 502758762 528099978 570171608 571711928 575215855 592994550 613783558 629242282 635066180 645465124 671313912 687536754 698094794 699952044 741706744 743563994 762989366 764846616 787090637 799237098 801094348 815459940 817317190 830702587 851985209 888232941 904455783
2 3 4 5 5 6 6 7 7 7 7 8 8 9 9 10 10 11 11 12 166992304 166992304 166992305 166992305 166992307 166992307 166992308 166992308 166992309 166992309 452599749 452599751 452599753 452599754 619592050 619592051
83684943 92612225 101474950 119803053 128730335 137357326 137593060 146284608 155147333 227026273 235953555 244816280 412421673 448539783 466094056 480788377 489715659 493814223 496014867 498578384 504942149 513804874 529932333 540496767 547486606 555763003 576614877 594169150 637155553 683838097 809525107 824751597 890917657 906144147 937600201 952826691
201892402 261704186 275455276 279817216 297586121 299426914 327694165 335267060 353380090 357397905 359238698 360171464 375510935 377351728 401257039 419983248 423387884 425228677 432281520 438096278 463740125 485973227 498742961 505844394 523551909 527975239 529816032 541664939 572305835 589541888 590560582 594436680 596277473 657022023 694129243 760590684
213215392 266701743 274086259 321181303 347022944 357001295 374667654 382052170 400509295 407893811 464967206 469455237 490808847 491694951 492271782 522941588 530326104 534787412 545758133 553142649 558819025 599660862 612305376 613241140 619689892 625502503 636057685 642753323 668594964 702604928 747934796 770751341 791027257 813843802 837298584 880391045
3 4 4 5 5 5 6 6 7 7 7 8 8 8 9 9 9 10 11 12 384480115 384480115 384480116 384480116 384480117 384480117 384480119 384480119 384480120 384480120 404203777 404203778 404203779 404203781 788683889 788683889
381020504 382931549 389982438 432486183 478091398 532858126 607240318 609151363 613750527 615661572 616202252 622712461 658705997 665216206 704311212 710821421 716182744 718093789 725144678 728997031 730908076 737958965 747845649 749756694 756807583 759077940 765588149 767648423 780462710 799311328 813253638 826067925 844916543 868020366 880834653 899683271
2 2 3 3 3 3 3 4 4 4 4 4 5 5 5 6 6 6 7 8 184339825 184339825 184339826 184339827 351619307 351619307 351619308 351619308 351619308 351619308 351619309 351619309 351619311 351619311 535959130 535959130
111288981 123338042 192195393 193507409 199770543 205556470 274413821 281988971 416469883 428518944 429779996 468321906 497376295 500743590 501891277 504951445 510097143 511998424 512792651 513940338 522146204 550540334 581650002 582797689 589225152 590372839 591003555 598578705 734960898 773502808 819234605 820382292 828588158 857776515 858924202 867130068
45908140 91934626 137121843 183148329 205787878 251814364 388942077 415365824 425570341 434968563 455196012 471596827 488399090 494117136 506579527 533207611 546409715 575245562 579234097 579612793 585330839 615075750 648278828 653996874 758399761 795028025 798229949 831433027 834858213 837151073 868061291 873779337 902665295 942495483 975698561 981416607
4 5 6 6 6 7 7 7 7 8 8 8 9 9 9 9 10 11 11 12 372563701 372563701 372563702 372563702 372563703 372563703 372563704 372563704 372563706 372563706 388628311 388628313 388628313 388628314 761192008 761192008
2 2 3 4 5 5 6 6 6 6 6 7 7 7 7 8 8 10 11 11 11910867 11910870 11910871 11910871 384328230 384328230 384328230 384328230 384328231 384328231 384328232 384328232 384328235 384328235 396239095 396239095
2 3 4 4 5 5 6 7 7 7 8 8 8 8 9 9 11 11 12 12 202956191 202956192 202956195 202956196 231878088 231878088 231878090 231878090 231878090 231878090 231878093 231878093 231878093 231878093 434834276 434834277
176193432 184124963 324501943 332433474 352429843 432409192 437496489 482647825 484611041 490579356 492066763 492542572 500738354 564199138 572130669 580717703 585805000 629274409 637205940 640375274 658884236 660847452 738863585 740435549 740826801 743950882 745914098 798521156 800484372 805510820 820414898 825502195 880072469 885490169 890577466 945147740
113462594 119262298 181238942 217912462 223712166 275058071 280857775 285154477 285688810 290954181 342834419 348189242 352930825 353988946 385697128 391496832 400662177 415965590 431660110 453473476 454686296 505112045 536109978 559136164 562257654 572354060 593255587 603351993 616281773 626378179 635388825 666386758 672896711 689412944 703894644 726920829
141063092 240377514 240890620 384262529 405527786 465609975 470343436 504842208 504987882 505355314 505356146 564924397 565437503 569657858 570170964 577165076 604302304 604670568 604815410 605183674 620557826 648727223 708809412 713542873 748187319 748555583 841629770 885022520 901711959 906445420 941089866 941458130 945104709 949838170 984482616 984850880
83711527 95510160 136278617 164146261 175944894 216713351 257997705 269796338 293112131 304910764 310564795 315932706 318046062 327731339 329844695 334414242 345679221 368499796 370613152 414848976 416177866 469514911 496612600 508700420 543814846 549949645 566635421 568748777 590464044 625578470 643801089 648399045 650512401 678915515 701736090 703849445
181790428 184523823 249033460 251766855 275429266 278162661 285988164 299282630 353231196 366525662 379627002 392921468 411705774 414306590 414439169 481549622 499129350 501862745 506901389 507945428 509634784 515903510 529197976 564033317 603327086 611099125 616621552 624393591 631276349 644221936 657672155 731645512 739417551 793948663 881372239 889144278
205078376 208787167 241586288 245295079 340757001 343990496 358987546 362696337 363491370 367200161 377264913 380498408 387192895 390901686 441349695 445819192 451807869 455516660 477857607 482327104 494666171 497899666 499169995 502403490 522871520 526105015 587486494 590719989 595258865 599728362 599762689 604232186 623464214 627933711 688079188 692548684
249147739 264316622 274707480 301192992 306097354 319272794 334441677 344832535 364709210 371318047 376222409 379878093 390268951 416754463 421658825 548356390 615001540 618481445 630170423 636772663 640561281 641416292 651941546 656585175 662332404 663917861 666976033 667046793 671951155 688817916 693461545 693722278 698365907 914210191 935981314 940624943
3 3 5 5 6 6 6 6 7 7 7 7 8 8 8 8 9 9 9 9 104905606 104905606 104905609 104905609 104905609 104905609 104905610 104905610 104905610 104905610 324403714 324403714 324403716 324403716 429309317 429309317
5 5 5 5 7 7 7 7 7 7 7 7 7 7 9 9 9 9 9 9 97284554 97284554 97284556 97284556 391980322 391980322 391980322 391980322 391980324 391980324 391980324 391980324 391980324 391980324 489264871 489264871
5 6 6 7 7 7 7 8 8 8 8 9 9 9 9 10 10 10 11 11 321687547 321687547 321687548 321687548 321687549 321687549 321687550 321687550 321687551 321687551 387109506 387109507 387109508 387109508 708797047 708797048
146158919 166852975 179825316 182331118 200519372 215997515 217758805 238452861 253931004 316109483 336803539 352281682 367157609 387851665 388383041 403329808 405432197 422049438 439098594 459982927 477032083 483183793 516850190 546958290 554783679 558333605 567652346 575382761 583130489 609381731 626430887 653134357 704182483 789182412 806231568 883983163
4 4 4 6 7 7 7 8 8 8 9 9 9 9 9 9 9 10 11 11 300940725 300940725 300940728 300940728 300940729 300940729 300940730 300940730 300940730 300940730 419445585 419445585 419445585 419445587 720386305 720386306
3 4 4 5 5 6 7 7 7 8 8 8 8 9 9 9 9 12 12 12 14157743 14157743 14157744 14157744 14157747 14157747 14157747 14157747 14157747 14157747 458714408 458714409 458714410 458714413 472872147 472872148
160441792 187660832 263369883 265869466 284728532 290588923 304889924 332108964 368797557 373383886 387656623 405824446 410317598 423212452 429176664 450431492 476311977 480848909 508067949 508752537 517832018 528640126 530568091 547499192 550272578 557787131 586276583 605135649 635995765 636154546 654854831 668595106 693791003 726231563 743510185 775950744
2 3 4 4 5 5 6 6 6 7 7 7 8 8 9 9 9 10 11 12 324947541 324947541 324947542 324947542 324947543 324947543 324947545 324947545 324947546 324947546 365758590 365758592 365758593 365758595 690706129 690706129
70773825 76069139 234941746 240237060 266119748 271415062 275895713 305149835 405639502 428627496 433922810 440063634 441682951 446978265 469317756 470307154 471241636 472110801 475602468 500495758 569807423 600985425 633749384 636278722 646804839 663003506 667456724 675429042 676058961 704683164 763493173 776548628 805172831 829964472 843019927 871644129
217719466 242935041 267491096 269490078 292693205 307718354 317908780 325553935 332933929 342464835 343937882 344463817 357489984 359488966 400527674 415552823 418911621 422933863 433936770 448149438 472705493 474704475 530768332 549152279 594207870 619423445 624387493 643979500 645978482 649603068 674159123 676158105 702042339 720426286 732221962 750605909
173575230 377090767 401060025 404617602 450769199 470701910 473843194 484220699 537783374 552126386 571045865 604575562 632102397 677358731 678253994 687736236 698186705 704885566 715263071 751037163 755641923 761414668 765268169 770969874 774561402 781347379 783168758 802088237 829320355 838051338 848239834 848428843 849253066 868172545 916334530 935254009
250032156 256330689 262407794 268706327 331812980 344188618 368621413 374919946 379856306 392231944 414818602 427194240 431845183 438143716 450402237 476261139 482559672 498445563 504123111 513626007 516498749 533407859 558041963 561669333 596631629 597703937 604002470 606085289 622712368 641047585 679484761 685936138 727528087 730352094 762490383 851794892
117515680 125224242 148335678 153036490 157764360 160745052 183856488 193285170 301216544 320020130 327728692 336737354 350840128 360268810 389069010 396777572 419889008 429317690 483305641 491039374 498747936 499055246 503720994 506763808 518826451 521859372 529875244 531288054 539303926 572769874 674740238 682756110 685810091 754858971 856829335 864845207
104553800 111115174 135819757 142381131 195956703 212742653 227222660 244008610 310354066 316915440 378478705 384362080 390923454 401756969 409744662 418542919 434798874 441360248 451145251 475764983 482411208 492550933 516549151 523110525 526201777 542987727 584278971 607952054 624738004 656945517 658286985 708723779 730953531 781390325 790474056 863140602
135308410 187389028 257053406 281578888 309134024 333659506 377756673 379782911 390006269 423470953 475551571 480338898 490127248 499501669 501527907 511751265 524027151 526053389 532419516 536276747 593415517 611872244 636397726 645496135 665919216 667945454 678168812 722787161 724813399 735036757 778289791 835157736 835863780 837890018 848113376 948234354
160253181 181414997 232877358 254039174 327110817 343937707 347597378 352338016 356771506 377933322 399734994 416561884 420221555 424962193 435023537 456185353 519173299 523629142 540335115 540456032 544115703 548856341 591816710 601881173 612978526 618708063 622367734 627108372 686030935 702857825 706517496 711258134 758674346 775501236 779160907 783901545
106791307 124307177 231155224 273985510 287026389 291501380 298543528 304542259 316059398 347246109 356675750 359866754 398349427 411390306 421343611 422907445 438859481 461829042 479344912 514440312 523869953 527060957 527481191 536910832 538998330 540101836 545707528 548427971 551618975 586192959 661798413 671228054 674419058 702283844 711713485 714904489
3 4 5 6 6 7 7 7 7 8 8 8 9 9 9 10 10 10 11 11 399467287 399467287 399467288 399467288 399467289 399467289 399467290 399467290 399467291 399467291 481793937 481793940 481793941 481793941 881261220 881261221
61937310 86796135 189559875 194632234 214084034 214418700 238942859 289682940 312185283 314541765 319640780 322254799 331540901 346778958 379083484 403942309 422377864 439807848 447263345 459163466 464332007 471787504 483687625 511778408 539930913 546340208 547386410 559286531 571199033 629331457 636786954 648687075 679035132 796588181 804043678 815943799
58312166 105378101 109515375 122716864 129288164 156581310 173920073 176354099 193692862 227994863 265520285 269418370 279198072 298970861 310207213 312586220 320621579 329924983 340394368 357273148 374611911 419777377 435202982 464499788 466843312 476626489 479889910 484182075 515702997 521313417 535475786 589460074 630883581 671707907 716394835 825964999
216224147 230940713 233206112 236333760 247922678 251050326 292456871 300156412 307173437 314872978 359038507 373755073 531889787 533105608 548871752 550087573 551999400 553215221 608122511 609338332 615822052 617037873 617456298 634438263 637565911 674704147 675919968 685916613 693689022 701388563 702898578 706026226 760270658 762149337 769848878 828730972
136992886 138537574 199502089 210289509 211834197 234261872 272798712 273976447 280107638 281652326 307558495 321155051 322699739 342616841 347273070 348654630 377376624 383664254 417091199 418424037 421951253 458138612 491769382 532816795 566708664 567782868 568253352 569327556 629217867 630292071 663977650 665051854 703692225 704766429 778370408 779444612
127435052 207560031 224331520 252595717 304456499 349492185 446050664 447441083 452030338 470591324 502751016 520833440 532155317 535817381 542947132 544337551 550716303 577191003 582875995 595751989 615942360 617729908 627911681 660978046 770645950 772036369 789206936 790597355 821366628 822757047 845428726 854432993 855823412 863989712 896149404 929215769
22140279 114981517 140012989 155725353 191515916 194375085 232854227 248566591 284357154 288552674 312247795 327960159 339323999 363750722 381393912 434742481 457196709 459780645 460787480 472909073 481060668 508699636 552615191 568327555 573901906 577653355 593365719 604118118 605736394 629156282 653295474 701154876 726193040 798244388 893662870 918701033
132012902 180140007 272221718 288043009 320348823 322894889 333891465 335720552 336170114 371021994 377946603 383847657 458532549 474100281 489921572 506659654 518155419 524773452 533976710 537599115 537950953 557932220 568828590 581654253 660411112 678159769 693981060 698141036 704466250 713962327 728832940 741658603 748814207 761639870 864470600 884451867
294268723 359227049 368460838 374675129 422615699 433419164 439633455 440264046 476974211 486207956 493058993 496807814 503022105 505222372 541932537 555933609 560400071 566614362 567251108 568611022 573465399 605321187 620891935 632203279 639054316 668913444 675764481 683528693 684280585 747872842 754723879 757720808 763935099 829524016 866234181 945193578
170201915 185996705 203263813 289771691 304370547 305566481 320165337 321445005 322833589 337239795 337432445 354506903 363172384 375820294 391615084 408882192 450618259 482742160 496050381 497341016 509319568 514415474 525114358 542381466 568790763 570188035 584786891 601861349 615620157 630219013 647293471 656236638 701668760 702290037 789735912 835168034
4 4 4 5 5 5 5 6 6 6 6 7 7 7 7 8 8 8 8 9 23096500 23096500 23096500 23096501 205324894 205324894 205324895 205324895 205324896 205324896 205324897 205324897 205324898 205324898 228421390 228421390
255403163 280565525 335172119 369487043 373961206 381581802 394649405 399123568 409439732 410555913 435718275 449255999 453730162 481254927 490324869 495665682 500139845 523523612 527997775 536734552 564592482 567434063 578424293 592596425 595338807 599812970 603586655 636407677 647203019 658193249 693612702 704602932 721470632 732460862 793285827 804276057
75425514 129147363 154474560 190677777 191742010 244399626 245463859 250323075 269726823 270791056 276732351 304044924 329372121 367685075 379440648 391984614 393048847 421406924 434866300 446734121 451629912 460768581 488588149 494692911 495757144 513915346 554338209 568991912 576020844 577085077 635666142 636173137 671700209 738881434 753028142 820209366
29242610 37723792 57586806 66067988 173523937 182005119 228137092 256481288 302005606 330349802 370348928 372418419 373653091 382134273 388948331 398693124 417292527 446286933 448448296 456929478 471816474 480297656 514630255 533229658 572547573 646416087 647342778 670710956 714759409 721211292 733358812 744579470 789554614 808154017 812922792 831522194
95145664 95965225 132707847 133527408 169421745 170241306 178836376 216398559 240813780 241633341 253112457 279545443 280365004 324504492 363236155 420599460 432740979 458161643 470303162 494875541 507017060 525576335 526395896 548960372 566267576 578409095 586522555 604999239 609267047 617140758 623236453 694628488 733360151 851030131 863171650 979391042
125409004 139249345 146924768 160765109 215301033 236816797 258709559 272549900 291548320 313064084 328844839 348601588 350360603 424848875 462145394 503837542 517677883 522518080 532873665 544033844 546714006 593729571 599986255 613826596 622765694 655818635 669976858 689878284 699012981 707273377 736309500 766125571 803422090 900946618 929982741 997095331
3 3 4 4 5 6 6 7 7 7 7 8 8 8 8 8 9 9 9 10 129958287 129958290 129958291 129958292 347985097 347985097 347985097 347985097 347985098 347985098 347985098 347985098 347985099 347985099 477943381 477943381
62747467 110353856 121889949 233045484 251233942 257260337 280384532 298840331 304866726 310376424 316402819 376132359 390338933 421531959 423738748 427558354 435274841 468871007 469027139 474897402 481334371 516633528 528169621 528940760 540476853 546430376 578825408 584851803 593769424 639325156 651632388 686664204 698971436 703723825 796618605 808925837
196513651 196633657 198206008 198326014 317581137 319273494 473346505 473466511 473728005 473848011 480940167 481060173 487850109 487970115 514335886 516028243 547662011 549354368 594413991 594795491 602007653 603858409 605550766 608917595 791168740 791550240 798762402 805672344 824494865 824876365 832088527 838998469 880691263 881072763 888284925 895194867
5 5 5 5 5 5 6 6 6 6 6 6 6 7 7 8 8 8 9 9 181971917 181971917 181971918 181971920 400452664 400452664 400452664 400452664 400452664 400452664 400452665 400452665 400452665 400452665 582424575 582424576
5 6 6 6 6 7 7 7 7 8 8 8 9 9 9 9 9 9 10 10 244320051 244320051 244320052 244320052 244320052 244320052 244320052 244320052 244320053 244320053 412322437 412322438 412322440 412322440 656642483 656642483
73051011 189373087 194665473 204972139 212547055 295498638 301454753 310987549 326586601 328869131 330039651 344100688 344468183 408934352 410643957 411820714 417776829 427419766 433375881 451654113 465715150 469535695 483596732 525256428 532258419 540855480 550140001 552487278 558443393 566548315 572504430 633091584 639047699 665922992 679984029 746527298
3 4 5 6 6 6 7 7 7 8 8 8 9 9 9 10 10 11 11 12 121302082 121302083 121302085 121302086 132139223 132139223 132139225 132139225 132139226 132139226 132139227 132139227 132139228 132139228 253441301 253441302
249399150 267901197 344446626 360466359 378968406 402236967 416866569 432812981 451315028 455513835 510150029 513304176 527860457 527933778 585650798 593062034 600280400 611564081 621217238 628238317 646740364 666979675 685481722 688109510 693563860 723285793 745899851 760529453 762027151 781076134 795705736 819817492 834447094 853812913 888989196 927730554
122425809 201185375 334927441 361282179 366176627 378556185 433396094 440041745 441356125 457315751 462880534 482127446 520115691 541640100 560887012 563287172 573783811 591057817 605032997 622307003 653857757 672252464 675382166 685106943 689526470 694629078 706631352 725878264 752326410 773850819 793097731 802143542 819417548 882217488 903741897 922988809
16181073 73461633 245308325 278194595 302588885 303056214 309409151 315867681 324010299 335475155 367656941 373148241 385473548 424937501 430486404 442754108 532183466 538536403 553137551 565069736 571422673 586023821 602742822 609095759 623696907 654532082 659613656 660885019 672348689 675486167 678701626 692499926 693302774 730173012 781962272 799778878
136445829 198518534 231043762 234294324 296367029 297596368 328892257 329187191 375782400 383276556 391259896 395444863 423785124 431273443 434906203 445349261 473630895 477874489 490337730 496978908 529121938 529504136 544427095 551586179 568523762 596056742 613658884 622613127 624014805 646184112 674242774 678104170 712736718 729733817 790922750 846413793
34378132 258059446 294697818 365704111 375467480 385388008 385616132 390259310 412237313 425518407 429533433 609069322 609297446 613940624 635918627 645707694 645935818 649199721 650578996 672556999 685838093 716713987 716942111 721585289 726477356 726705480 731348658 743563292 753326661 756844386 766607755 780543309 780771433 785414611 807392614 820673707
150117609 199149781 283359112 294972756 332391284 337344057 344004928 367905309 402758243 416937481 470585560 482199204 482683617 511433294 521568227 530627111 535999746 547613390 555131757 560465466 570600399 615925120 620545943 627538764 663868614 675482258 698659742 700471317 708794675 748414811 764073928 774208861 843999302 854134235 891942796 902077729
6 7 7 7 9 9 10 10 10 10 10 10 10 11 11 11 11 12 12 12 213741169 213741169 213741172 213741172 213741172 213741172 213741173 213741173 213741174 213741174 329377922 329377923 329377923 329377923 543119085 543119085
2 3 3 3 4 4 5 5 6 6 6 6 6 7 7 7 8 9 9 10 275881887 275881887 275881888 275881888 275881888 275881888 275881890 275881890 275881891 275881891 368930980 368930981 368930983 368930984 644812865 644812865
278921289 291938560 346403791 359421062 416551030 429568301 447234594 463915878 475265713 476933149 514717096 532265845 540977797 541199461 542748215 553995068 584864335 599748347 608681963 612895454 632229183 647818316 660260302 660835587 669895586 678829202 709291102 717260434 726194050 737322221 794322353 803255969 816131621 844162740 901162872 910096488
7 7 7 7 7 7 8 8 8 8 8 8 8 8 9 9 11 11 11 12 61968915 61968915 61968915 61968915 61968916 61968916 61968916 61968916 61968919 61968919 155053026 155053026 155053026 155053027 217021934 217021934
229307890 249041967 286494297 306228374 318193147 375379554 383066462 440252869 451136882 456880619 470870959 476614696 514878016 534199047 534612093 540022139 545765876 553933124 564589835 603763273 604895454 607604222 610639191 621776242 623084304 664790629 668636588 687957619 786418827 792162564 829433214 835176951 850159961 869480992 893174348 912495378
116086196 248496420 251360424 256204927 257723403 350554058 350827596 371058824 384801072 388615151 391479155 397842134 433236877 460048972 482964282 483237820 485828286 486101824 492191265 492464803 511177555 524919803 565647101 568511105 574874084 592459196 595323200 601686179 605526686 605800224 619268934 619542472 688209505 701951753 715021600 728763848
78740774 89861795 107002500 118123521 137739638 144810344 148860659 173072070 197892688 203809208 209013709 253027970 256646508 263515677 263962258 267767529 281289696 291777403 312026834 322514541 322716078 372179884 377031415 382667591 405293141 430933704 436030279 441421411 473831874 484952895 496183329 539901444 554937149 648119070 658606777 772122515
134029115 136813855 161407176 211507377 223132513 269383266 349817266 352602006 377195327 427295528 438920664 448379494 451164234 472135520 474920260 475757555 478697777 481482517 485171417 499513581 506075838 525059982 525857756 527844722 537482892 549613782 552438043 556176039 561238918 567801175 583733645 602538244 607489671 614051928 614163380 660414133
126608958 172317340 197600719 220517320 234048194 243309101 245323509 279756576 291031891 291509081 327956556 331227435 339231871 402219196 416581526 438666671 449941986 456253920 462289908 501962302 504296773 510489888 549837646 550162282 575288534 611736009 620829407 621200003 623011324 657276882 660872397 668552197 794269341 833941735 839810214 879482608
186279373 190571252 240715651 245007530 261529836 265821715 362588295 374787738 379079617 415531439 417024573 437838758 469967717 472669502 476961381 490781902 501638184 505930063 540042341 551096660 587426992 594478619 604039804 615292804 641863270 648978424 662677455 677947106 701921568 728550706 730890250 775935357 826432470 855401152 873817121 902785802
113018000 117901268 172222408 172912612 182174025 187057293 207230879 212114147 241378433 242068637 260694529 266435287 267125491 267309896 291261768 296145036 329850554 336465921 350466176 351156380 354907408 361522775 401523192 406406460 426052968 430936236 438938297 445553664 460727600 461417804 485257376 485947580 549199721 555815088 573729497 580344863
192068318 232538217 382883784 409056602 423353683 443560419 447120300 462844987 473413072 497038683 503314886 537508582 562168715 598190232 599872068 602638614 634375885 637935766 638660131 664228538 679833271 714026967 714337088 717896969 744189741 748530784 752090665 778383437 779156999 813660816 815178516 817220697 843513469 849682333 853242214 879534986
213416253 220465816 242573931 247465861 254515424 276623539 310117947 317167510 339275625 362070119 381553834 388603397 396119727 410711512 431471160 438520723 458771813 460628838 475951800 483001363 505109478 512762727 530207700 546812335 569231387 580125026 603280995 609464421 624605666 665933081 680900308 730817634 737368968 775298274 787286294 831766934
51220385 146146608 244583503 269204829 339509726 364306680 401685693 438365596 440354719 462567947 463242100 463682218 480814230 533291819 535280942 557669798 558608441 575740453 595048811 656350040 656605218 658339163 681666662 698798674 751451891 753441014 776768513 788830904 790820027 793900525 814147526 831279538 850387311 852376434 875703933 892835944
163328955 197339958 253146198 289908118 323919121 379725361 401356991 435367994 452745634 473233151 491174234 500557654 515843856 549854859 552213747 579324797 586224750 599812314 605661099 627136817 642030990 656557800 690568803 690773670 711261187 738585690 746375043 805260535 825748052 841630426 853072555 862117943 889442446 945974479 966461996 993786499
185197859 238148744 266912113 273122806 296611580 319862998 354837060 370849091 378325834 393318676 423799976 435492069 446269561 454956717 458774038 481243623 482262812 504732397 517206323 536670971 621143301 636191942 640607949 643612886 663077534 673616071 689142827 724116889 726566956 747605663 761541018 785029792 886486152 905950800 923910281 943374929
225171007 250454518 267841935 293125446 350600722 358520524 375884233 398553338 401191452 422094091 423836849 464765019 475911632 483887504 483950239 501195143 526558432 531902855 547523806 550073768 575357279 595476422 609261149 609317219 612136239 654807167 657269835 672834716 683423285 734628129 737565954 746996852 785518570 808790265 862876864 937039000
