10
234237141 236695317 246891329 334192391 336650567 346846579 369696178 372154354 382350366 387118927 389540820 391998996 402195008 431837040 487074177 503775509 506233685 514426131 516429697 516884307 522577964 527080319 531792290 542422606 567296077 587140719 656657295 667307917 671092726 701375408 712026030 771047976 806551763 826396405 940631094 951281715
49488450 135318026 166426990 229941294 241813052 259452625 260499129 290192783 292584537 345282201 346328705 376022359 376391165 377437669 378414113 407131323 409523077 423785585 439905469 440951973 451777227 452823731 470645627 473037381 482517385 484909139 495072967 580902543 612011507 633749760 634796264 664489918 666881672 675525811 687397569 869370101
79478550 94590118 237674516 252786084 281070251 376468800 385003146 391580368 400114714 430956985 439266217 452148852 467260420 492439318 507550886 536965582 574088143 578060501 586594847 589152951 653740553 694031019 695161548 727947235 732284109 736481581 803627287 833955832 842490178 843917753 871078393 879612739 909635884 946758445 949926350 987048910
3 3 4 4 5 5 5 5 5 5 6 7 8 8 8 8 9 10 10 10 124515363 124515363 124515364 124515364 124515365 124515365 124515365 124515365 124515365 124515365 261143078 261143078 261143081 261143083 385658437 385658438
138527557 140340380 155406522 205046625 240033786 241846609 256912751 264511870 306552854 334876023 336688846 351754988 366018099 396193378 401395091 460860336 497699607 537116724 538929547 553995689 589404843 591217666 592541844 594527396 596340219 603635792 606283808 611406361 655923911 661046464 663101037 715389156 720511709 794782545 847070664 852193216
113896077 125494762 144284736 155883421 226933087 235382976 257321746 265771635 315533833 327132518 388192049 399790734 406755696 421344443 428570843 432943128 437020732 437144355 467815094 479413779 501229059 509678948 534381453 542831342 569075836 580852104 589301993 599464495 608393452 681051668 714204062 760674713 770713592 843371808 876524202 922994852
100382293 175647559 199699881 212992758 277732281 337599754 352997547 358368569 377049869 383791626 390342746 398897206 412865020 427021683 431851892 436917342 450210219 459056892 474162472 483109214 496402091 498214794 502286949 511507671 526339271 535718557 539632148 595586030 609201880 641777902 656883482 669069353 685007959 715261225 730366805 758491281
147823395 180112411 232066968 287612593 303866366 304971004 307096459 337260020 339385475 345968020 378257036 387738458 389214577 391340032 420027474 430211593 444760202 446885657 461013975 463139430 471982031 485757218 502010991 527527656 534636697 543781429 556892196 566925713 618880270 674425895 690679668 714039805 716165260 755036821 796807259 943705497
2 2 3 3 3 3 4 5 5 5 5 6 6 7 7 8 8 8 10 11 290328208 290328208 290328210 290328213 368540316 368540316 368540317 368540317 368540317 368540317 368540319 368540319 368540320 368540320 658868521 658868522
234440027 264271723 294255691 304858895 324087387 364674559 413324346 473140010 473710820 484510562 514342258 514901610 533526484 554929430 574717274 580579696 610411392 650998564 663394881 688311179 716689487 718142875 723781355 746521183 758730047 759464015 764972145 787108355 819850489 861041279 867195498 895573806 927581972 955960280 968772762 997151069
