1
159 482 1
49 104
67 112
127 4
133 93
61 143
91 128
98 70
123 131
96 41
54 108
37 11
98 10
10 80
61 43
43 52
133 83
83 102
37 131
131 22
98 144
144 102
37 130
130 22
54 60
60 52
67 111
111 102
37 75
75 22
133 104
104 22
49 58
58 22
37 45
45 22
37 79
79 22
133 86
86 52
91 121
121 22
127 18
18 52
91 3
3 22
123 88
88 52
67 126
126 76
96 21
21 102
54 154
154 76
54 25
25 76
123 36
36 52
133 41
41 52
98 87
87 76
123 4
4 52
96 65
65 52
61 77
77 52
61 28
28 76
91 105
105 52
67 40
40 76
98 125
125 52
127 30
30 80
91 85
85 80
61 139
139 102
67 56
56 22
37 32
32 102
96 150
150 76
98 147
147 102
123 15
15 52
67 97
97 80
133 74
74 76
61 140
140 102
67 124
124 52
98 57
57 76
54 26
26 80
133 39
39 80
91 17
17 102
91 81
81 80
67 113
113 80
98 27
27 80
98 68
68 76
127 11
11 22
133 12
12 76
123 117
117 22
91 1
1 102
128 22
61 29
29 76
49 109
109 80
49 48
48 52
133 6
6 76
61 89
89 80
91 24
24 52
37 115
115 102
127 23
23 80
61 142
142 22
61 90
90 76
96 156
156 102
127 2
2 80
127 100
100 52
61 103
103 102
61 8
8 80
127 119
119 76
91 42
42 102
61 99
99 102
98 151
151 80
127 112
112 80
37 143
143 80
61 132
132 22
96 93
93 80
61 141
141 102
127 107
107 76
91 69
69 102
49 129
129 76
91 149
149 80
91 53
53 80
37 62
62 76
67 9
9 52
54 120
120 102
61 155
155 52
67 35
35 76
54 47
47 102
127 118
118 52
37 135
135 52
133 59
59 102
133 13
13 52
96 46
46 52
49 72
72 80
127 101
101 80
91 122
122 76
49 31
31 102
127 116
116 52
54 34
34 80
54 16
16 22
123 114
114 102
49 7
7 22
96 82
82 76
67 63
63 76
37 50
50 80
133 64
64 22
96 134
134 102
54 5
5 52
98 14
14 52
49 108
108 22
67 95
95 80
98 138
138 102
67 106
106 80
96 19
19 52
123 38
38 22
98 146
146 102
61 152
152 102
123 145
145 102
96 44
44 80
37 157
157 102
61 73
73 80
133 20
20 76
96 78
78 80
54 55
55 102
133 51
51 52
37 71
71 22
91 94
94 22
133 136
136 52
67 66
66 52
37 153
153 52
133 70
70 52
37 137
137 102
49 148
148 52
123 84
84 102
133 33
33 22
127 110
110 22
98 92
92 102
40 80
147 22
64 76
97 52
100 102
95 137
112 136
61 69
125 115
4 122
107 63
11 1
8 95
130 15
10 135
58 26
23 95
60 14
3 15
10 51
88 112
143 102
151 101
18 40
124 12
54 45
39 143
8 70
91 154
11 110
141 47
121 64
39 108
30 81
79 50
64 5
115 157
6 138
93 152
111 31
41 70
83 93
98 28
26 116
68 9
124 119
87 82
113 143
29 107
79 27
74 82
10 60
120 14
49 139
138 145
98 77
24 38
86 25
79 148
88 20
26 66
15 9
105 24
109 114
2 71
17 31
79 14
127 69
36 64
18 65
85 26
118 34
89 66
6 82
56 113
68 92
139 44
23 82
133 72
86 62
121 93
23 78
23 22
10 9
103 59
18 94
119 101
67 140
112 5
43 148
25 65
86 135
58 89
121 6
144 114
104 149
74 90
49 131
87 38
45 7
65 59
48 72
41 14
133 88
32 100
152 80
48 157
54 157
5 20
8 112
21 70
79 2
32 148
121 110
111 152
156 44
12 66
147 110
117 52
149 153
101 22
121 140
105 7
39 149
14 137
41 53
13 157
57 108
29 63
29 69
89 99
140 82
9 136
18 50
60 143
10 32
75 136
124 101
79 125
26 107
39 73
123 77
93 38
70 110
123 156
30 110
72 110
28 73
30 136
100 94
41 103
116 152
131 48
96 130
132 13
59 46
41 145
15 19
34 146
39 35
81 153
77 94
30 100
150 135
144 27
154 51
126 148
58 150
56 106
152 70
1 52
21 47
144 56
130 111
158 37
158 49
158 54
158 61
158 67
158 91
158 96
158 98
158 123
158 127
158 133
22 159
52 159
76 159
80 159
102 159
