514
6139
4388898
84806015
7003129
752738
60748
1299720
9180
98564
767
23592
101319782
487019052
670
200897
10020995
39
487281305
230205004
33666
54634212
698037582
1293201
78688499
2149230
16452
328334002
28263977
45952
69
354850014
11
0
582130
90586745
822228
8889248
12125
3056306
11575001
822922278
347066
172
6341056
361420807
48093
37749362
729009
1602
354091431
99
748087
457499
5860713
9122033
3641071
85232306
36595802
616122
57388920
4612434
1
23780510
5574881
251484
799607577
88045725
1190630983
81
529
44
869781
46797171
0
365407126
426078
1496
6320804
992194
929230
69634
832586709
3344459
13779699
666744600
2026
2249898
8254
4088837
27906294
330
8116
5901
58520048
4
8276
278780
56425780
593021641
