5
943 1970 868
397 927
156 776
862 2
546 711
237 764
282 365
763 32
241 446
603 54
271 262
830 303
751 682
659 447
494 420
379 250
453 385
25 375
162 749
63 695
748 105
226 605
479 258
818 211
31 100
476 13
613 647
246 446
524 337
857 198
557 505
314 783
108 553
855 591
82 936
639 630
842 356
762 629
652 427
41 350
825 45
473 701
288 674
187 588
460 259
575 387
710 611
805 78
89 724
85 636
720 43
293 912
838 568
615 482
628 100
924 99
345 100
351 12
763 742
742 207
546 757
757 285
460 174
174 285
479 832
832 163
830 633
633 377
226 341
341 593
85 191
191 872
628 577
577 441
397 586
586 441
271 773
773 712
524 867
867 766
379 868
868 593
615 97
97 599
345 670
670 599
748 415
415 163
546 437
437 152
31 135
135 872
857 642
642 377
108 534
534 766
41 581
581 599
751 240
240 872
862 182
182 377
476 786
786 207
494 738
738 319
857 803
803 599
31 876
876 499
314 61
61 872
25 446
446 163
41 464
464 26
613 323
323 766
862 221
221 441
397 155
155 207
351 934
934 195
855 623
623 285
89 157
157 26
473 313
313 872
763 883
883 377
82 239
239 435
351 735
735 319
805 780
780 285
494 91
91 441
748 675
675 26
397 741
741 207
652 113
113 593
830 681
681 499
473 168
168 686
857 77
77 285
397 11
11 377
31 754
754 163
241 447
447 163
818 372
372 319
615 532
532 499
25 701
701 285
314 508
508 499
351 243
243 599
282 638
638 319
825 743
743 152
557 8
8 435
89 536
536 152
82 363
363 195
314 149
149 377
818 650
650 593
494 821
821 26
31 170
170 599
108 573
573 872
762 147
147 499
288 394
394 872
226 422
422 285
473 414
414 435
476 585
585 285
751 118
118 319
615 815
815 377
397 439
439 163
345 272
272 26
345 268
268 872
246 902
902 207
241 877
877 686
603 566
566 435
82 556
556 593
271 94
94 207
82 368
368 712
314 448
448 712
862 355
355 499
41 679
679 499
31 126
126 319
628 651
651 377
710 141
141 26
271 83
83 207
314 275
275 686
351 860
860 152
85 255
255 377
473 798
798 26
494 391
391 285
818 250
250 499
473 487
487 599
41 592
592 686
379 318
318 599
613 673
673 766
659 64
64 285
479 418
418 285
89 903
903 686
473 376
376 441
89 488
488 599
282 224
224 686
288 873
873 163
314 216
216 285
237 790
790 26
652 725
725 163
762 430
430 152
524 14
14 686
473 849
849 499
762 858
858 686
271 399
399 195
805 54
54 152
659 630
630 195
855 477
477 686
720 594
594 686
246 263
263 599
82 276
276 686
473 257
257 163
85 463
463 163
830 897
897 207
187 75
75 599
379 750
750 599
748 540
540 152
241 13
13 319
615 87
87 163
82 661
661 26
282 887
887 152
85 717
717 593
31 4
4 152
751 680
680 26
288 56
56 26
293 822
822 163
857 423
423 163
924 660
660 207
575 199
199 377
830 930
930 441
241 689
689 593
613 662
662 599
351 298
298 686
613 260
260 195
25 767
767 195
838 267
267 686
842 547
547 285
226 186
186 686
85 572
572 163
494 564
564 435
830 484
484 163
89 938
938 377
751 69
69 207
615 154
154 593
720 119
119 195
639 249
249 686
628 584
584 499
838 918
918 319
187 942
942 686
825 560
560 26
479 728
728 599
763 299
299 285
805 693
693 872
379 794
794 163
825 504
504 499
31 791
791 712
479 48
48 872
288 202
202 152
108 804
804 441
246 7
7 163
710 475
475 712
89 444
444 195
710 937
937 26
314 909
909 686
397 587
587 712
156 12
12 377
575 690
690 152
524 516
516 599
187 529
529 163
351 779
779 163
751 612
612 441
271 939
939 207
25 164
164 163
857 907
907 593
494 47
47 195
524 711
711 26
460 205
205 599
314 104
104 152
460 933
933 599
720 481
481 599
615 96
96 499
85 889
889 163
805 356
356 599
524 913
913 435
397 315
315 766
479 691
691 163
751 718
718 26
639 264
264 377
345 73
73 377
282 289
289 599
345 262
262 163
546 44
44 686
857 703
703 499
63 919
919 207
659 702
702 377
187 390
390 377
613 545
545 195
246 17
17 712
237 549
549 872
89 23
23 441
762 905
905 26
862 371
371 686
924 76
76 441
720 543
543 441
524 242
242 285
479 304
304 152
246 506
506 599
282 206
206 377
751 193
193 499
710 389
389 163
108 772
772 686
615 906
906 26
557 300
300 152
720 864
864 599
857 899
899 435
460 765
765 207
830 431
431 163
479 768
768 319
805 853
853 152
805 469
469 152
187 342
342 686
293 176
176 377
575 727
727 207
838 19
19 712
603 582
582 285
241 392
392 163
246 845
845 163
187 595
595 319
842 696
696 766
575 561
561 285
63 167
167 712
652 635
635 207
857 870
870 195
805 678
678 195
473 117
117 441
762 756
756 593
546 510
510 712
494 685
685 26
805 917
917 712
628 452
452 441
473 358
358 26
63 109
109 26
460 36
36 435
557 120
120 593
762 483
483 441
710 788
788 435
855 770
770 377
494 713
713 163
805 731
731 152
31 124
124 163
473 160
160 441
603 400
400 441
862 898
898 152
237 28
28 163
63 51
51 435
25 101
101 195
855 232
232 766
652 219
219 435
476 646
646 441
639 434
434 377
710 505
505 712
226 495
495 207
842 143
143 593
751 383
383 441
862 531
531 319
226 81
81 207
751 125
125 599
659 218
218 499
226 730
730 712
838 338
338 377
762 490
490 712
830 520
520 435
855 840
840 499
241 35
35 499
628 230
230 377
842 284
284 207
82 214
214 872
838 507
507 593
246 406
406 686
628 256
256 152
524 52
52 285
271 922
922 377
108 203
203 163
830 398
398 599
156 346
346 319
830 491
491 285
720 835
835 195
288 535
535 195
838 222
222 377
156 384
384 435
557 654
654 712
397 771
771 26
842 21
21 319
830 79
79 872
89 861
861 377
838 208
208 319
628 810
810 441
825 753
753 599
557 161
161 26
241 70
70 686
818 380
380 26
293 396
396 26
546 482
482 766
805 442
442 319
862 198
198 377
842 663
663 686
748 128
128 319
830 841
841 195
628 179
179 593
494 590
590 593
241 458
458 26
246 687
687 195
156 608
608 195
818 509
509 285
818 904
904 872
476 139
139 686
494 382
382 441
271 474
474 593
818 456
456 499
855 200
200 195
818 254
254 441
575 555
555 152
156 683
683 163
226 896
896 163
82 523
523 435
763 863
863 319
763 166
166 207
271 705
705 686
557 784
784 285
63 348
348 435
652 455
455 377
476 707
707 319
89 591
591 593
862 893
893 435
524 183
183 285
187 334
334 435
652 940
940 195
397 674
674 26
63 265
265 285
237 335
335 26
603 114
114 686
237 324
324 872
89 530
530 207
237 449
449 599
314 653
653 766
397 67
67 593
524 258
258 26
557 365
365 26
751 721
721 26
628 327
327 599
25 116
116 441
162 130
130 207
293 426
426 163
89 180
180 285
575 235
235 26
453 440
440 441
345 16
16 599
862 843
843 441
108 931
931 712
763 274
274 599
924 330
330 163
818 554
554 872
476 676
676 441
156 212
212 686
379 286
286 195
639 936
936 207
379 357
357 377
379 559
559 712
63 236
236 593
838 709
709 163
479 807
807 26
830 809
809 441
659 541
541 26
345 58
58 319
628 450
450 163
825 142
142 499
924 137
137 599
762 189
189 499
156 729
729 285
652 736
736 207
282 734
734 377
89 178
178 207
237 90
90 163
187 715
715 319
293 704
704 441
237 209
209 872
162 869
869 285
282 697
697 599
557 625
625 377
855 565
565 872
89 99
99 207
613 552
552 195
751 27
27 499
524 850
850 686
345 785
785 599
818 716
716 26
652 746
746 377
751 605
605 441
830 181
181 435
825 668
668 163
557 92
92 441
85 579
579 285
628 618
618 285
720 329
329 872
494 98
98 599
603 672
672 435
82 480
480 377
615 498
498 163
639 511
511 872
473 443
443 285
763 59
59 26
575 526
526 319
241 403
403 872
830 769
769 26
226 39
39 441
63 374
374 195
924 253
253 499
345 225
225 435
862 844
844 499
830 558
558 599
818 424
424 377
473 695
695 593
351 213
213 152
751 40
40 195
751 310
310 435
603 777
777 441
453 665
665 377
351 542
542 319
842 622
622 499
628 22
22 599
628 752
752 435
85 281
281 872
108 901
901 499
25 331
331 686
108 312
312 319
494 649
649 872
226 493
493 377
805 819
819 207
838 468
468 599
524 322
322 441
241 576
576 686
187 30
30 152
108 279
279 712
246 892
892 377
862 86
86 195
288 150
150 152
628 349
349 26
237 834
834 599
748 518
518 686
652 553
553 152
603 874
874 435
557 812
812 377
237 783
783 593
613 136
136 499
63 548
548 163
652 522
522 319
639 18
18 377
830 185
185 163
460 344
344 285
615 252
252 599
838 366
366 285
862 280
280 872
473 706
706 593
351 914
914 593
41 928
928 593
460 333
333 195
805 589
589 195
108 813
813 285
108 2
2 599
924 55
55 872
41 336
336 26
156 461
461 435
288 215
215 377
453 375
375 285
720 648
648 872
603 724
724 26
345 294
294 26
108 776
776 195
82 778
778 499
862 744
744 593
524 223
223 26
855 24
24 163
460 251
251 441
41 926
926 499
241 352
352 766
271 57
57 207
379 619
619 686
226 68
68 599
524 451
451 599
460 851
851 712
546 158
158 599
187 171
171 152
351 645
645 163
460 528
528 435
546 911
911 599
237 833
833 435
453 811
811 435
575 489
489 686
288 884
884 26
156 607
607 377
41 943
943 499
89 210
210 599
226 470
470 593
557 871
871 712
108 411
411 207
85 112
112 163
460 614
614 499
613 602
602 599
838 664
664 599
162 296
296 319
546 361
361 712
857 144
144 319
293 177
177 872
748 37
37 319
379 127
127 599
237 569
569 285
82 370
370 712
748 103
103 686
720 196
196 766
830 66
66 686
720 503
503 285
575 386
386 686
460 637
637 441
710 900
900 593
476 824
824 377
613 920
920 195
41 100
100 26
857 699
699 441
659 722
722 319
379 865
865 441
557 880
880 593
830 879
879 152
31 231
231 195
162 875
875 195
628 290
290 435
557 307
307 435
82 852
852 285
479 421
421 599
108 42
42 285
830 764
764 499
293 658
658 686
639 115
115 599
857 891
891 152
379 796
796 593
762 910
910 599
288 726
726 435
479 277
277 441
187 629
629 195
557 5
5 441
615 53
53 152
271 72
72 441
288 856
856 872
162 882
882 319
546 733
733 441
575 129
129 872
557 438
438 593
271 343
343 499
830 929
929 152
838 326
326 435
603 839
839 686
82 610
610 766
862 428
428 207
603 655
655 207
351 789
789 207
314 886
886 435
85 140
140 285
345 50
50 441
613 472
472 319
818 173
173 163
825 515
515 686
639 145
145 207
924 692
692 319
82 537
537 441
855 302
302 686
659 190
190 435
246 33
33 207
31 247
247 377
345 95
95 152
345 500
500 285
603 925
925 163
288 148
148 686
89 20
20 435
825 325
325 599
453 9
9 712
288 878
878 163
720 570
570 152
314 412
412 766
751 854
854 163
162 829
829 435
825 317
317 599
615 245
245 319
246 782
782 285
351 781
781 163
108 551
551 872
575 823
823 26
818 644
644 593
748 244
244 377
479 847
847 499
652 201
201 766
479 634
634 377
524 32
32 872
855 359
359 441
557 429
429 712
156 107
107 435
652 571
571 499
751 740
740 285
379 467
467 377
397 373
373 26
762 533
533 441
639 894
894 152
603 465
465 435
838 806
806 766
862 457
457 766
460 567
567 599
659 146
146 195
476 647
647 766
63 562
562 599
187 538
538 377
271 760
760 499
453 700
700 285
748 846
846 593
460 436
436 499
838 88
88 152
615 62
62 163
271 303
303 712
652 385
385 499
271 65
65 163
271 337
337 435
659 732
732 499
818 165
165 766
476 688
688 593
628 393
393 599
557 462
462 599
628 197
197 195
763 527
527 499
314 671
671 152
453 291
291 441
453 169
169 712
763 409
409 499
31 378
378 195
557 927
927 712
108 694
694 593
613 513
513 285
857 640
640 441
639 885
885 152
652 159
159 163
246 544
544 593
63 287
287 435
546 485
485 441
379 407
407 712
282 43
43 599
226 427
427 712
162 367
367 163
652 632
632 593
282 46
46 766
282 641
641 712
85 597
597 599
818 204
204 599
557 890
890 593
89 820
820 766
805 131
131 377
63 34
34 163
659 801
801 599
615 134
134 195
187 799
799 207
763 340
340 207
639 353
353 441
924 306
306 686
830 332
332 599
763 278
278 26
89 604
604 435
237 787
787 712
162 194
194 872
288 425
425 195
710 220
220 686
82 71
71 593
652 792
792 435
246 596
596 766
288 381
381 599
345 935
935 872
473 514
514 163
108 797
797 872
710 471
471 195
628 600
600 441
855 420
420 319
720 347
347 319
546 568
568 593
805 643
643 435
397 497
497 207
825 859
859 285
63 419
419 872
379 621
621 599
763 192
192 26
473 617
617 195
271 238
238 163
345 3
3 872
628 578
578 441
546 292
292 441
473 229
229 285
397 496
496 26
271 6
6 872
460 627
627 152
379 915
915 195
314 563
563 207
862 416
416 152
805 266
266 207
379 395
395 712
476 759
759 499
476 478
478 766
603 387
387 26
838 755
755 285
25 620
620 712
89 814
814 26
479 539
539 163
628 259
259 499
25 666
666 499
85 78
78 766
379 29
29 207
453 408
408 285
473 138
138 285
226 308
308 195
748 624
624 766
818 866
866 152
453 761
761 712
546 10
10 499
288 405
405 152
246 188
188 593
524 354
354 195
473 459
459 712
557 793
793 593
639 588
588 377
575 305
305 872
293 826
826 26
818 888
888 712
842 105
105 441
575 719
719 435
453 758
758 872
857 401
401 712
652 895
895 163
479 682
682 285
762 402
402 285
345 60
60 712
575 912
912 435
825 921
921 152
494 656
656 593
628 517
517 686
63 273
273 441
63 521
521 435
762 132
132 285
473 606
606 599
524 774
774 26
857 616
616 207
751 309
309 435
546 248
248 207
379 84
84 195
345 133
133 766
282 311
311 766
659 574
574 712
838 360
360 207
351 512
512 195
241 598
598 26
89 669
669 686
659 486
486 499
187 175
175 766
830 320
320 163
825 261
261 163
857 454
454 152
615 151
151 499
187 837
837 152
862 923
923 441
156 122
122 435
246 110
110 712
282 301
301 163
710 737
737 712
710 410
410 441
494 228
228 285
473 172
172 435
293 745
745 499
603 631
631 207
494 102
102 319
108 364
364 686
546 404
404 152
557 827
827 207
842 316
316 593
162 601
601 163
857 388
388 686
615 339
339 435
830 153
153 207
862 808
808 435
659 626
626 499
246 831
831 593
476 295
295 207
838 723
723 686
473 747
747 593
241 362
362 712
282 636
636 686
82 708
708 872
855 15
15 435
615 739
739 872
639 269
269 195
397 795
795 195
842 908
908 712
108 297
297 319
762 580
580 593
763 233
233 712
397 328
328 872
639 583
583 377
246 816
816 712
108 525
525 195
857 38
38 593
603 502
502 152
63 611
611 163
818 657
657 163
862 609
609 377
805 433
433 712
720 45
45 26
818 217
217 441
476 550
550 872
818 667
667 207
246 413
413 319
546 466
466 195
293 519
519 319
397 111
111 872
108 432
432 207
226 932
932 441
862 350
350 599
187 848
848 599
241 49
49 163
187 828
828 712
397 417
417 499
639 677
677 712
187 684
684 599
108 714
714 435
924 321
321 766
524 749
749 195
25 445
445 195
855 369
369 712
288 74
74 285
379 123
123 712
720 775
775 152
453 881
881 26
476 1
1 26
842 802
802 712
453 501
501 152
603 106
106 207
85 492
492 686
25 80
80 441
63 916
916 441
351 234
234 712
762 836
836 377
830 817
817 435
613 121
121 163
855 698
698 152
314 93
93 26
314 283
283 441
862 184
184 593
85 941
941 435
659 227
227 441
226 800
800 499
924 270
270 26
453 211
211 163
527 195
493 712
124 285
778 207
501 766
810 593
813 499
847 599
745 377
650 686
384 319
657 441
240 26
171 872
267 163
346 435
821 152
247 6
20 207
240 834
22 563
240 446
515 499
137 512
556 688
731 542
701 820
608 329
171 823
553 294
879 188
460 617
250 930
930 124
459 677
86 112
236 301
216 142
790 204
869 647
232 922
178 502
494 783
379 206
572 209
120 416
665 620
423 184
933 35
72 340
572 350
313 638
481 810
834 500
430 167
69 784
851 878
548 537
840 213
455 648
288 400
174 167
704 912
230 319
183 433
367 121
295 362
803 703
812 301
407 941
334 138
812 548
830 259
823 261
193 295
898 200
288 487
444 593
917 753
925 684
253 381
97 804
567 671
812 375
625 795
456 465
647 688
652 532
168 140
539 719
388 234
372 363
849 400
210 227
520 375
101 328
135 385
39 115
572 678
540 515
634 71
314 590
31 463
504 336
864 39
25 654
148 317
860 279
157 306
39 600
720 126
676 159
117 872
692 688
897 234
391 435
79 620
508 814
389 153
670 579
746 261
697 39
925 631
743 941
174 732
243 272
78 195
334 353
693 114
262 781
587 579
243 342
415 209
186 654
767 67
818 876
543 525
742 333
14 301
21 740
924 912
298 33
298 693
472 666
200 137
670 127
89 248
284 734
128 865
899 605
482 416
135 448
554 277
125 808
299 277
135 170
255 707
614 45
208 236
125 792
135 883
428 872
126 896
222 309
59 80
56 227
559 847
337 686
659 6
543 259
752 647
453 591
155 228
529 222
924 368
935 1986 821
846 105
827 313
8 523
920 400
525 918
236 25
244 410
405 474
10 469
338 764
370 915
111 495
237 556
166 789
308 367
651 74
730 374
96 186
387 580
271 267
608 5
117 140
65 486
383 916
43 810
77 828
740 553
652 611
742 842
285 400
427 679
724 916
591 843
798 270
926 594
532 690
173 834
369 714
202 465
786 401
715 37
485 601
618 509
372 253
402 645
935 632
389 648
126 242
519 398
573 710
571 924
836 75
252 458
814 494
347 625
430 811
738 640
713 929
32 169
676 55
892 359
661 668
928 856
750 626
124 438
353 235
883 186
874 140
30 932
13 334
454 240
712 872
80 522
871 800
692 277
23 908
667 425
923 596
31 395
595 180
869 837
499 790
751 386
639 581
22 544
10 114
114 590
618 819
819 116
405 212
212 886
750 857
857 479
285 438
438 217
750 326
326 456
271 213
213 142
883 620
620 784
742 350
350 247
676 557
557 762
751 419
419 849
202 70
70 784
571 150
150 849
111 121
121 496
10 506
506 677
124 534
534 205
31 731
731 335
236 449
449 205
77 605
605 521
652 450
450 456
23 581
581 103
651 84
84 205
485 613
613 719
742 105
105 116
32 696
696 142
111 725
725 521
738 902
902 260
23 788
788 762
454 587
587 442
874 816
816 442
692 379
379 142
22 728
728 103
285 755
755 260
43 374
374 849
271 107
107 502
387 327
327 335
883 44
44 442
485 89
89 456
244 736
736 784
8 679
679 217
869 691
691 116
65 701
701 496
738 390
390 116
427 791
791 103
43 752
752 784
80 194
194 784
591 685
685 719
639 294
294 217
166 593
593 719
573 108
108 521
252 178
178 590
692 259
259 479
715 16
16 442
402 518
518 773
740 574
574 456
402 706
706 643
427 146
146 205
639 932
932 142
751 91
91 784
8 739
739 479
353 228
228 335
595 167
167 502
751 246
246 260
271 636
636 496
370 630
630 290
926 490
490 762
920 393
393 205
22 723
723 247
285 628
628 849
285 171
171 290
667 339
339 290
712 641
641 838
926 256
256 307
935 254
254 290
742 649
649 590
405 397
397 290
77 560
560 838
22 153
153 260
595 905
905 456
405 317
317 762
65 143
143 456
252 216
216 456
23 407
407 773
651 469
469 590
244 659
659 103
405 118
118 290
111 179
179 496
338 807
807 886
454 276
276 773
525 911
911 290
667 337
337 442
786 292
292 456
730 231
231 838
740 293
293 521
661 169
169 335
827 460
460 521
430 699
699 677
519 365
365 773
117 505
505 590
244 765
765 643
43 161
161 521
244 245
245 142
751 206
206 784
369 776
776 886
117 297
297 719
712 404
404 115
639 140
140 784
923 278
278 115
676 698
698 566
730 177
177 115
387 523
523 307
608 41
41 115
369 917
917 677
23 795
795 247
271 806
806 521
237 354
354 260
285 362
362 142
874 484
484 566
869 473
473 290
798 563
563 247
252 18
18 205
244 139
139 762
383 416
416 479
65 468
468 773
661 424
424 849
23 718
718 521
173 631
631 247
8 79
79 217
742 208
208 142
730 315
315 719
883 303
303 502
525 585
585 115
724 820
820 773
31 743
743 217
499 135
135 719
571 224
224 442
338 497
497 566
846 607
607 290
80 272
272 142
519 37
37 496
402 384
384 719
285 69
69 442
237 71
71 247
124 466
466 142
427 881
881 590
77 817
817 116
814 880
880 307
618 51
51 496
883 666
666 205
651 547
547 442
926 165
165 142
65 625
625 260
814 163
163 247
892 261
261 456
920 779
779 442
43 570
570 260
8 642
642 103
923 548
548 838
13 477
477 496
124 879
879 886
874 223
223 566
347 922
922 456
244 395
395 217
8 494
494 217
117 837
837 496
750 344
344 115
65 6
6 886
166 188
188 773
652 733
733 784
608 507
507 260
8 597
597 566
836 812
812 719
724 759
759 456
338 480
480 566
166 133
133 762
724 443
443 142
715 565
565 290
338 805
805 502
31 770
770 502
935 239
239 677
383 241
241 290
369 650
650 886
525 673
673 142
43 682
682 762
871 855
855 290
285 859
859 886
43 530
530 307
30 627
627 677
923 409
409 205
639 191
191 142
80 702
702 335
827 284
284 886
338 527
527 719
595 152
152 116
353 87
87 307
30 710
710 773
485 398
398 784
126 686
686 590
874 322
322 335
32 2
2 335
387 501
501 566
202 415
415 307
236 655
655 335
430 25
25 496
738 141
141 849
871 475
475 290
846 440
440 456
712 876
876 849
874 727
727 719
871 575
575 784
869 195
195 217
427 564
564 290
65 375
375 566
730 840
840 307
111 42
42 479
387 422
422 849
730 40
40 496
676 790
790 886
920 439
439 247
80 78
78 307
111 771
771 677
111 434
434 479
124 304
304 116
111 345
345 762
571 289
289 784
713 863
863 784
236 930
930 335
387 349
349 142
652 925
925 142
117 588
588 116
639 529
529 335
798 226
226 886
836 447
447 442
65 330
330 260
730 12
12 719
77 778
778 719
667 34
34 521
8 777
777 247
485 461
461 566
532 45
45 103
236 328
328 762
730 904
904 521
525 332
332 719
23 463
463 762
750 318
318 677
369 306
306 566
347 545
545 886
608 898
898 335
111 346
346 849
10 864
864 719
402 357
357 566
786 282
282 442
869 57
57 521
383 596
596 205
454 804
804 115
237 792
792 521
402 312
312 335
869 61
61 115
43 377
377 142
430 63
63 643
370 514
514 442
591 672
672 335
430 54
54 290
454 681
681 496
750 741
741 762
117 561
561 502
387 508
508 838
13 193
193 677
202 885
885 886
923 749
749 773
353 249
249 849
271 170
170 456
846 46
46 773
126 67
67 142
920 120
120 479
750 207
207 103
525 584
584 521
608 263
263 247
652 99
99 442
846 612
612 719
571 474
474 307
928 848
848 205
32 459
459 116
742 569
569 116
236 609
609 677
738 181
181 496
715 445
445 849
285 418
418 142
713 60
60 773
372 889
889 849
244 174
174 502
173 711
711 521
573 882
882 205
525 924
924 762
126 811
811 521
236 222
222 849
237 878
878 719
387 610
610 290
202 555
555 116
661 144
144 762
892 368
368 502
117 164
164 643
827 401
401 103
595 531
531 247
244 616
616 643
651 678
678 116
126 148
148 677
485 520
520 590
126 647
647 290
31 516
516 590
573 802
802 442
923 82
82 773
814 603
603 677
8 543
543 719
667 396
396 307
353 644
644 590
252 172
172 103
869 753
753 677
639 101
101 479
430 381
381 784
117 221
221 886
676 915
915 643
173 211
211 290
387 331
331 456
237 112
112 217
347 49
49 290
846 576
576 217
928 147
147 719
724 851
851 260
869 471
471 335
652 110
110 521
454 125
125 456
499 578
578 456
166 240
240 502
661 888
888 247
846 352
352 290
730 158
158 886
715 325
325 260
661 887
887 456
237 803
803 142
571 492
492 502
252 444
444 442
338 683
683 784
252 909
909 773
405 912
912 456
661 433
433 784
751 109
109 260
846 20
20 335
883 478
478 496
353 927
927 217
786 274
274 290
31 242
242 590
117 598
598 719
652 253
253 838
573 908
908 335
836 280
280 590
237 553
553 142
661 361
361 849
405 364
364 442
595 360
360 643
124 907
907 643
618 24
24 784
405 542
542 217
369 309
309 205
608 435
435 677
387 296
296 838
742 371
371 502
724 420
420 773
712 680
680 838
639 867
867 762
798 159
159 456
738 88
88 247
935 556
556 260
871 36
36 643
96 200
200 502
271 645
645 335
639 86
86 784
31 700
700 260
285 425
425 762
236 498
498 784
96 323
323 590
383 281
281 838
111 732
732 677
667 705
705 762
661 62
62 260
22 154
154 719
935 562
562 521
814 793
793 643
652 901
901 103
117 366
366 205
126 196
196 116
43 842
842 247
387 841
841 677
166 843
843 115
608 787
787 677
786 829
829 496
80 319
319 142
402 826
826 442
532 403
403 502
724 868
868 217
713 476
476 456
798 933
933 290
499 264
264 479
595 138
138 643
571 640
640 521
427 538
538 677
308 421
421 502
308 458
458 784
30 257
257 247
74 247
10 850
850 521
651 129
129 643
383 900
900 103
874 156
156 205
252 660
660 521
454 412
412 103
80 300
300 886
715 774
774 590
926 599
599 290
126 168
168 442
639 768
768 260
661 772
772 456
338 906
906 502
338 265
265 566
427 316
316 205
928 189
189 479
519 577
577 496
65 623
623 784
499 470
470 773
827 832
832 566
237 481
481 442
387 248
248 838
65 635
635 590
117 321
321 566
402 745
745 719
715 818
818 838
65 262
262 479
715 488
488 590
117 149
149 456
31 235
235 849
244 394
394 886
117 373
373 643
798 834
834 116
65 198
198 590
22 93
93 784
77 716
716 521
387 413
413 784
712 515
515 456
883 182
182 886
389 695
695 335
31 487
487 479
730 761
761 142
485 559
559 784
389 128
128 849
869 503
503 838
244 854
854 479
77 426
426 290
8 704
704 496
166 452
452 479
595 648
648 762
608 47
47 290
31 406
406 773
427 558
558 260
661 423
423 103
639 541
541 886
126 600
600 762
77 448
448 290
244 870
870 116
827 862
862 247
389 15
15 260
786 4
4 115
10 85
85 479
96 5
5 307
814 119
119 205
32 877
877 116
405 835
835 307
713 197
197 762
370 56
56 103
571 291
291 502
836 313
313 849
173 690
690 103
532 73
73 773
117 801
801 335
730 657
657 521
96 467
467 886
692 684
684 496
661 758
758 205
252 302
302 496
519 414
414 838
32 663
663 142
383 287
287 103
814 861
861 496
786 833
833 643
525 268
268 115
591 491
491 103
387 903
903 502
892 504
504 456
236 7
7 590
712 735
735 247
77 462
462 479
639 626
626 456
430 533
533 643
573 400
400 762
712 509
509 566
928 763
763 116
730 305
305 838
525 513
513 849
836 295
295 205
30 186
186 456
389 775
775 502
30 580
580 643
369 408
408 784
10 214
214 762
499 286
286 217
715 76
76 442
667 722
722 590
347 19
19 103
920 726
726 566
454 270
270 290
30 273
273 521
499 343
343 762
661 21
21 719
124 760
760 643
798 687
687 307
126 830
830 217
892 391
391 521
454 220
220 719
532 75
75 442
372 431
431 566
692 185
185 103
715 348
348 335
652 865
865 496
271 766
766 773
285 536
536 762
23 665
665 496
883 493
493 142
405 465
465 643
402 1
1 762
525 934
934 719
750 664
664 773
846 399
399 677
96 104
104 502
13 517
517 247
883 209
209 590
372 693
693 677
712 897
897 442
13 781
781 762
405 669
669 116
237 549
549 521
285 689
689 142
883 277
277 590
532 734
734 442
30 624
624 217
285 204
204 719
65 638
638 260
519 378
378 116
338 175
175 762
740 656
656 838
928 102
102 442
935 380
380 479
402 157
157 247
285 821
821 456
166 340
340 290
13 858
858 335
883 320
320 260
80 184
184 849
661 411
411 260
370 717
717 260
126 123
123 677
827 757
757 849
639 17
17 103
32 586
586 784
22 872
872 502
676 634
634 116
730 662
662 643
202 510
510 643
308 746
746 849
740 592
592 456
571 823
823 142
618 122
122 496
285 552
552 496
65 386
386 260
712 744
744 886
595 113
113 566
387 611
611 719
926 453
453 247
692 227
227 496
573 90
90 784
173 50
50 247
712 428
428 502
31 839
839 247
519 540
540 773
764 260
96 913
913 762
308 333
333 773
65 376
376 115
31 52
52 456
271 341
341 456
715 210
210 290
667 653
653 479
651 721
721 566
32 524
524 116
740 782
782 442
738 269
269 217
639 432
432 116
347 130
130 247
926 311
311 719
8 225
225 590
96 14
14 307
751 238
238 260
485 457
457 247
926 895
895 849
532 388
388 838
712 800
800 260
827 218
218 784
10 884
884 217
661 709
709 590
712 464
464 566
798 822
822 115
892 729
729 116
43 918
918 886
715 589
589 762
31 512
512 762
874 670
670 502
338 528
528 335
571 233
233 643
80 94
94 335
751 875
875 773
308 544
544 442
667 9
9 886
713 334
334 590
591 483
483 496
370 619
619 719
499 737
737 849
308 436
436 479
519 582
582 849
117 614
614 677
202 356
356 217
713 579
579 643
236 808
808 849
724 896
896 838
96 633
633 307
347 824
824 502
65 145
145 479
252 646
646 521
730 151
151 677
525 359
359 290
80 769
769 142
639 28
28 290
370 472
472 260
846 785
785 335
846 92
92 521
389 853
853 677
712 283
283 115
31 266
266 502
928 180
180 290
30 33
33 335
923 192
192 456
31 155
155 590
271 255
255 719
591 64
64 205
608 852
852 784
591 526
526 784
920 606
606 521
871 72
72 442
96 355
355 290
750 629
629 886
923 367
367 590
742 637
637 719
347 324
324 677
883 675
675 307
126 136
136 290
730 632
632 719
786 455
455 849
30 489
489 590
308 190
190 456
430 134
134 643
126 622
622 762
715 809
809 719
111 845
845 521
874 894
894 307
618 825
825 886
166 310
310 442
525 537
537 116
525 767
767 456
871 55
55 521
389 546
546 762
252 26
26 217
712 707
707 142
676 554
554 496
427 83
83 217
692 385
385 307
499 68
68 773
22 229
229 773
402 314
314 217
65 654
654 290
383 697
697 456
237 748
748 290
923 511
511 838
935 201
201 442
874 860
860 677
285 604
604 442
427 567
567 521
571 329
329 838
846 847
847 456
740 299
299 496
202 708
708 784
740 535
535 260
814 572
572 260
928 550
550 566
869 602
602 205
485 796
796 677
651 417
417 260
892 137
137 260
871 410
410 217
923 429
429 886
692 720
720 260
920 48
48 247
652 232
232 677
173 756
756 784
454 59
59 307
389 451
451 142
338 288
288 260
651 899
899 116
166 250
250 335
836 789
789 103
532 53
53 142
244 351
351 142
798 929
929 205
798 267
267 442
519 714
714 784
871 482
482 719
77 810
810 116
13 183
183 521
618 621
621 307
77 35
35 116
347 601
601 773
237 358
358 260
652 58
58 103
740 258
258 784
676 594
594 217
117 891
891 205
117 799
799 205
827 783
783 456
387 234
234 762
338 495
495 247
920 106
106 205
252 754
754 566
32 844
844 886
252 81
81 496
96 251
251 590
369 568
568 290
715 215
215 103
389 11
11 886
712 66
66 116
724 921
921 205
652 828
828 116
573 813
813 496
65 658
658 838
874 890
890 886
751 893
893 456
798 199
199 886
667 39
39 103
430 382
382 442
798 100
100 886
32 866
866 103
124 617
617 307
96 446
446 479
869 551
551 784
96 794
794 773
869 931
931 456
402 363
363 247
751 873
873 335
814 127
127 479
402 797
797 590
124 815
815 643
32 187
187 115
750 910
910 838
22 279
279 290
244 160
160 762
892 583
583 643
353 437
437 886
173 688
688 217
31 914
914 643
31 275
275 521
43 831
831 719
798 500
500 456
126 98
98 260
651 703
703 217
372 856
856 290
285 615
615 442
661 342
342 773
639 95
95 260
652 29
29 335
920 97
97 116
571 747
747 566
117 203
203 784
712 441
441 217
667 780
780 838
712 298
298 115
271 243
243 590
111 162
162 784
389 539
539 205
713 671
671 719
31 916
916 115
639 694
694 247
43 38
38 677
532 176
176 886
926 674
674 643
430 219
219 103
405 131
131 719
715 486
486 521
22 230
230 247
661 132
132 442
8 27
27 335
30 301
301 849
525 668
668 205
846 336
336 205
874 3
3 762
836 392
392 762
43 919
919 849
454 522
522 590
211 335
670 142
339 479
832 773
668 719
463 442
698 115
300 677
7 849
164 886
139 566
843 103
294 838
630 784
898 205
360 502
586 496
361 762
589 307
533 456
102 247
506 260
501 643
276 116
735 521
192 290
53 590
122 217
869 435
70 530
547 839
40 277
724 491
385 794
814 287
649 164
904 705
450 768
1 175
126 801
463 826
666 580
723 318
150 701
669 694
204 217
16 893
447 853
403 431
758 893
805 452
484 448
572 931
330 711
197 511
743 648
99 878
1 744
233 891
679 797
587 113
519 563
328 825
12 934
571 266
753 215
344 133
538 900
303 878
734 298
303 409
901 95
792 566
2 456
842 291
811 758
760 893
725 358
822 58
372 916
753 558
407 231
548 312
120 255
326 516
188 654
292 889
751 812
652 698
749 884
117 135
356 602
634 187
334 100
300 747
733 264
642 826
490 192
149 75
126 855
79 113
873 307
263 291
477 543
616 689
231 45
308 282
435 154
871 582
194 235
312 626
296 825
585 568
819 211
740 793
830 528
278 919
712 533
888 524
124 25
340 762
593 850
86 151
158 716
182 541
355 537
117 612
829 831
322 536
55 27
450 391
367 796
693 219
206 68
239 291
748 838
922 873
695 541
903 606
804 586
420 592
931 677
105 690
634 68
104 579
50 437
231 540
124 209
575 275
37 453
144 280
415 521
848 462
883 637
23 84
111 266
581 630
24 182
409 420
885 64
816 747
40 722
152 425
531 431
221 694
37 261
305 611
499 467
422 783
764 279
575 549
449 254
595 320
426 104
125 893
42 196
172 619
933 74
928 184
438 859
256 585
902 758
337 650
460 703
792 873
308 864
376 567
384 535
736 860
728 42
229 486
927 309
852 83
882 267
855 856
771 757
246 569
753 290
897 382
326 653
473 817
405 34
165 110
304 112
238 392
583 831
161 72
353 915
5 884
177 768
529 878
840 28
318 162
211 7
447 360
128 137
241 482
386 160
524 784
571 689
854 583
523 275
802 258
67 211
77 764
419 40
789 279
352 155
169 57
21 104
109 227
634 132
460 86
450 151
821 512
825 234
829 257
685 456
670 590
655 33
692 437
126 443
923 630
304 757
824 39
642 94
173 232
278 253
575 151
897 500
402 932
817 815
768 4
925 218
933 343
705 198
396 671
770 657
211 737
982 1977 906
119 710
105 627
249 590
598 612
977 712
250 600
950 314
744 753
465 40
434 161
539 602
638 31
287 253
497 230
48 187
620 210
554 163
243 656
313 103
176 865
320 774
188 851
379 481
376 898
152 44
524 170
604 523
744 167
167 423
524 8
8 692
539 73
73 775
434 590
590 173
604 391
391 466
950 185
185 471
554 407
407 547
620 422
422 775
250 421
421 116
243 702
702 144
376 138
138 34
105 881
881 116
249 58
58 156
249 844
844 464
539 288
288 349
638 493
493 853
188 781
781 466
379 587
587 884
119 100
100 214
48 236
236 670
152 893
893 471
744 691
691 670
48 51
51 644
465 608
608 116
176 819
819 464
313 679
679 116
313 484
484 853
243 78
78 281
744 511
511 775
497 711
711 595
287 557
557 918
152 687
687 513
119 352
352 945
48 425
425 121
376 970
970 403
539 635
635 402
105 49
49 173
638 203
203 403
119 828
828 722
379 832
832 916
950 522
522 212
188 903
903 471
497 274
274 805
950 839
839 471
620 713
713 513
320 626
626 116
977 68
68 763
48 318
318 617
465 362
362 918
287 368
368 423
48 688
688 339
598 829
829 156
524 868
868 350
524 283
283 214
105 165
165 220
287 388
388 471
243 142
142 403
977 263
263 763
188 5
5 805
152 266
266 351
620 127
127 144
243 149
149 617
105 560
560 775
539 282
282 144
250 570
570 945
554 613
613 349
497 146
146 349
524 400
400 913
188 486
486 722
320 826
826 853
105 79
79 718
320 64
64 351
188 745
745 402
320 140
140 402
152 217
217 464
249 883
883 670
249 568
568 513
620 120
120 339
744 370
370 10
379 310
310 377
48 429
429 763
524 567
567 458
524 482
482 121
465 332
332 339
524 961
961 173
950 59
59 116
604 954
954 116
638 19
19 916
313 348
348 403
152 738
738 773
176 405
405 402
152 197
197 356
250 946
946 805
313 145
145 913
320 419
419 884
620 136
136 805
524 770
770 173
119 752
752 10
119 681
681 722
604 761
761 945
434 734
734 471
977 445
445 356
152 357
357 349
598 561
561 403
320 812
812 143
176 758
758 173
598 290
290 805
434 672
672 535
379 716
716 10
320 736
736 377
497 783
783 209
539 304
304 350
434 76
76 884
249 381
381 692
376 131
131 547
119 277
277 913
598 228
228 144
524 45
45 595
977 323
323 402
176 166
166 471
249 859
859 884
176 98
98 173
598 302
302 918
434 47
47 403
188 870
870 535
379 964
964 212
313 791
791 547
250 305
305 945
604 811
811 775
250 563
563 82
105 609
609 644
598 804
804 377
119 262
262 644
434 904
904 356
539 665
665 356
249 935
935 116
434 875
875 464
744 746
746 853
744 637
637 464
950 353
353 173
250 255
255 466
620 94
94 547
465 538
538 143
638 95
95 913
105 512
512 718
524 40
40 214
524 748
748 884
105 540
540 913
977 619
619 351
604 273
273 339
287 827
827 916
638 319
319 775
152 953
953 722
598 451
451 212
524 871
871 464
744 3
3 763
176 957
957 464
638 271
271 722
313 66
66 350
524 456
456 143
250 631
631 209
249 614
614 471
604 941
941 143
188 802
802 617
119 269
269 173
152 655
655 34
287 13
13 595
379 774
774 143
620 443
443 144
105 797
797 458
152 440
440 356
554 586
586 10
376 398
398 212
524 878
878 547
320 292
292 34
376 415
415 350
376 544
544 945
465 163
163 34
598 982
982 916
250 463
463 179
539 600
600 403
320 413
413 349
176 196
196 670
313 218
218 121
119 401
401 356
950 533
533 763
524 968
968 143
249 766
766 913
620 225
225 644
524 725
725 853
744 75
75 143
249 854
854 670
539 254
254 513
539 951
951 356
152 33
33 351
604 776
776 763
379 187
187 466
598 861
861 179
188 756
756 718
604 558
558 156
744 150
150 350
620 606
606 143
287 11
11 179
753 281
598 503
503 458
524 285
285 718
620 38
38 718
313 393
393 913
950 909
909 595
119 885
885 466
249 112
112 173
539 837
837 763
434 122
122 156
539 866
866 212
950 491
491 805
176 147
147 173
313 929
929 351
598 762
762 423
105 315
315 121
379 610
610 377
243 899
899 547
950 177
177 143
554 810
810 853
320 70
70 377
497 499
499 34
434 727
727 350
598 555
555 763
287 449
449 143
379 468
468 617
434 333
333 458
376 500
500 617
320 651
651 212
250 652
652 535
497 890
890 349
287 520
520 773
465 924
924 356
465 88
88 718
313 733
733 853
188 534
534 617
434 675
675 884
977 222
222 403
497 159
159 853
376 392
392 595
188 28
28 945
598 306
306 773
188 792
792 722
376 113
113 595
950 867
867 913
434 779
779 350
105 717
717 918
554 345
345 722
176 235
235 173
188 855
855 670
313 211
211 214
434 825
825 82
119 89
89 913
119 930
930 116
539 65
65 116
188 682
682 595
977 373
373 173
465 461
461 212
465 517
517 535
249 695
695 10
539 545
545 209
176 280
280 773
105 424
424 351
188 161
161 423
434 678
678 423
620 50
50 220
744 25
25 617
176 886
886 402
604 814
814 351
620 712
712 644
977 488
488 547
119 200
200 403
744 615
615 173
465 645
645 356
554 6
6 214
48 623
623 356
48 780
780 805
950 37
37 281
152 7
7 617
48 818
818 547
539 730
730 209
604 799
799 403
638 639
639 144
152 955
955 644
638 325
325 350
176 661
661 535
598 575
575 853
539 170
170 281
638 52
52 377
620 641
641 144
465 897
897 179
539 856
856 403
497 202
202 423
287 62
62 350
598 823
823 464
554 963
963 116
598 41
41 173
152 602
602 805
977 894
894 763
524 704
704 377
152 337
337 173
250 896
896 471
744 572
572 351
539 821
821 179
48 926
926 220
243 239
239 718
320 322
322 351
119 303
303 377
620 778
778 121
465 616
616 853
434 240
240 617
188 157
157 763
554 383
383 477
152 27
27 377
598 286
286 423
950 81
81 884
539 505
505 173
950 426
426 692
434 321
321 722
598 901
901 402
638 462
462 209
188 632
632 916
620 261
261 351
287 300
300 644
977 395
395 595
638 450
450 144
539 671
671 121
152 892
892 471
188 257
257 356
434 956
956 547
539 939
939 82
105 201
201 356
313 629
629 402
320 278
278 513
524 760
760 220
287 630
630 763
243 724
724 220
497 708
708 945
313 863
863 945
950 298
298 535
497 84
84 513
48 457
457 156
249 448
448 82
524 975
975 773
638 256
256 458
105 852
852 209
105 543
543 466
539 355
355 644
434 97
97 471
188 168
168 209
188 785
785 918
497 622
622 471
465 268
268 477
524 483
483 884
176 755
755 220
376 912
912 220
524 384
384 34
554 444
444 853
638 93
93 775
598 347
347 477
539 588
588 121
539 289
289 350
287 183
183 471
604 751
751 34
554 270
270 116
554 978
978 339
152 754
754 670
48 36
36 281
176 117
117 350
950 621
621 763
188 769
769 339
287 581
581 617
604 847
847 10
379 420
420 10
434 108
108 916
977 928
928 547
250 2
2 763
604 155
155 913
744 676
676 644
434 478
478 692
188 596
596 349
598 599
599 34
313 747
747 477
379 378
378 212
176 947
947 156
524 181
181 535
524 389
389 718
320 515
515 722
497 516
516 156
434 24
24 403
604 481
481 220
320 923
923 281
598 959
959 402
497 18
18 775
434 601
601 351
950 358
358 617
434 864
864 10
250 192
192 692
119 976
976 214
250 888
888 10
250 921
921 692
497 882
882 853
744 29
29 464
119 573
573 763
188 43
43 423
598 706
706 377
119 223
223 121
539 233
233 116
119 541
541 209
977 367
367 773
313 578
578 464
313 365
365 763
287 275
275 722
176 696
696 209
287 514
514 214
105 26
26 458
250 589
589 377
638 346
346 513
497 759
759 617
152 731
731 692
744 110
110 763
524 198
198 471
250 53
53 918
950 958
958 805
524 296
296 281
977 658
658 179
539 342
342 477
434 707
707 945
604 962
962 458
287 410
410 853
313 831
831 173
105 848
848 918
48 386
386 214
119 174
174 805
434 648
648 281
524 412
412 350
176 267
267 692
744 205
205 121
105 459
459 535
950 790
790 913
497 213
213 156
977 876
876 356
465 709
709 281
176 102
102 945
434 432
432 466
524 230
230 913
249 697
697 377
152 580
580 458
977 874
874 718
376 803
803 214
434 551
551 423
313 743
743 179
638 647
647 595
379 895
895 595
497 1
1 82
287 279
279 595
524 338
338 423
554 124
124 535
105 973
973 349
249 363
363 916
950 336
336 477
539 252
252 945
243 404
404 670
465 190
190 121
638 548
548 179
119 63
63 144
977 605
605 471
105 453
453 477
539 597
597 644
379 582
582 349
249 932
932 884
604 160
160 402
638 153
153 471
620 104
104 349
744 768
768 339
434 917
917 670
977 474
474 179
287 646
646 116
176 299
299 356
604 360
360 423
379 813
813 356
539 817
817 377
287 772
772 644
598 245
245 402
604 193
193 464
638 311
311 692
950 728
728 82
497 31
31 173
287 757
757 513
48 475
475 458
434 900
900 853
604 191
191 644
287 341
341 547
313 507
507 350
524 683
683 212
524 99
99 350
376 979
979 471
977 569
569 722
554 417
417 82
320 891
891 212
465 840
840 464
152 532
532 351
539 408
408 805
119 971
971 377
744 612
612 513
524 949
949 464
376 438
438 121
287 910
910 617
249 530
530 617
744 294
294 281
977 106
106 173
379 737
737 617
376 504
504 513
620 830
830 403
539 789
789 595
313 552
552 513
250 331
331 945
604 195
195 377
379 938
938 350
105 521
521 423
744 905
905 116
48 519
519 156
744 476
476 121
313 931
931 349
598 585
585 805
598 664
664 471
434 171
171 918
249 660
660 173
243 833
833 945
604 253
253 281
250 485
485 884
313 129
129 513
977 796
796 718
620 869
869 10
48 284
284 513
497 55
55 209
287 835
835 209
497 842
842 670
287 72
72 916
620 677
677 477
188 80
80 595
620 411
411 351
152 206
206 402
497 314
314 595
539 469
469 916
977 793
793 670
977 703
703 464
524 224
224 403
379 820
820 281
188 965
965 143
119 502
502 644
249 698
698 617
152 416
416 423
598 57
57 179
554 301
301 945
620 537
537 356
744 259
259 377
524 699
699 775
48 960
960 34
604 85
85 156
313 887
887 144
554 247
247 423
465 186
186 464
287 139
139 458
188 431
431 466
287 574
574 156
105 508
508 458
744 693
693 214
638 925
925 945
105 71
71 916
554 69
69 466
604 858
858 349
379 39
39 214
539 536
536 763
119 577
577 173
434 343
343 547
249 241
241 763
320 260
260 351
977 633
633 853
598 550
550 763
105 685
685 916
524 172
172 10
152 340
340 209
105 742
742 402
638 390
390 356
105 607
607 913
465 326
326 10
620 480
480 173
604 936
936 281
604 527
527 945
950 618
618 535
977 628
628 214
598 128
128 773
620 437
437 403
379 473
473 458
620 237
237 339
620 808
808 722
620 487
487 402
598 111
111 718
977 701
701 595
119 834
834 144
497 158
158 82
313 470
470 10
376 656
656 775
604 583
583 945
176 739
739 918
497 914
914 916
620 740
740 377
320 364
364 173
465 710
710 402
243 749
749 471
176 788
788 402
152 74
74 423
320 657
657 547
379 786
786 116
152 860
860 214
119 86
86 763
379 67
67 403
105 662
662 402
604 334
334 356
243 396
396 718
524 908
908 916
598 232
232 595
434 330
330 722
119 199
199 423
598 9
9 143
977 816
816 377
638 435
435 535
604 371
371 173
604 705
705 143
497 784
784 775
598 242
242 884
176 906
906 121
250 972
972 121
744 841
841 884
497 981
981 670
313 251
251 773
287 21
21 644
320 309
309 10
598 898
898 121
638 880
880 214
379 4
4 351
744 455
455 471
119 231
231 34
434 344
344 535
243 134
134 547
604 248
248 670
598 806
806 10
188 726
726 349
250 227
227 670
287 879
879 423
320 565
565 464
638 850
850 644
48 125
125 595
287 308
308 722
243 591
591 458
620 845
845 945
554 154
154 82
465 327
327 775
250 372
372 121
119 650
650 513
48 20
20 179
434 531
531 763
465 60
60 718
598 948
948 377
250 933
933 339
434 494
494 82
176 801
801 339
497 920
920 82
598 741
741 179
313 12
12 156
539 490
490 945
287 798
798 212
313 133
133 402
105 418
418 349
376 328
328 349
152 714
714 722
465 611
611 722
243 77
77 535
119 409
409 775
977 15
15 214
379 312
312 916
434 335
335 763
638 849
849 349
598 374
374 805
105 553
553 209
539 175
175 763
176 307
307 692
434 414
414 595
188 594
594 173
638 667
667 805
620 32
32 214
287 184
184 916
638 663
663 945
313 680
680 763
620 735
735 617
977 674
674 350
313 506
506 617
638 584
584 349
638 14
14 423
105 907
907 220
465 495
495 644
313 862
862 617
977 207
207 377
434 385
385 913
320 454
454 513
152 782
782 547
604 329
329 644
598 399
399 763
188 135
135 402
249 244
244 339
539 22
22 916
434 460
460 722
313 229
229 595
320 114
114 156
379 873
873 377
379 528
528 349
598 525
525 916
176 627
627 884
243 777
777 718
176 148
148 945
465 579
579 143
249 61
61 143
176 980
980 403
188 272
272 10
48 940
940 535
152 92
92 351
287 436
436 763
604 640
640 144
950 369
369 356
465 669
669 179
950 430
430 718
524 387
387 918
320 258
258 34
287 44
44 547
243 700
700 143
176 526
526 156
620 291
291 773
243 571
571 670
554 889
889 805
48 764
764 692
243 492
492 351
320 479
479 351
119 666
666 34
250 723
723 718
243 872
872 351
977 366
366 773
465 137
137 477
598 795
795 775
497 382
382 144
152 902
902 350
598 234
234 220
950 944
944 143
524 180
180 722
152 204
204 916
977 562
562 477
465 529
529 82
977 807
807 805
320 576
576 144
604 132
132 535
604 559
559 670
598 846
846 34
376 911
911 144
598 276
276 350
539 141
141 458
620 489
489 477
313 178
178 644
313 518
518 402
249 732
732 339
539 967
967 916
638 549
549 179
313 54
54 349
554 690
690 692
313 719
719 179
119 293
293 116
744 164
164 350
434 566
566 513
376 915
915 913
465 221
221 351
620 16
16 464
243 375
375 156
243 109
109 402
320 23
23 82
48 361
361 339
48 151
151 212
320 498
498 644
105 501
501 916
554 767
767 10
250 380
380 10
434 593
593 403
950 636
636 173
604 428
428 423
243 118
118 471
497 216
216 351
434 634
634 918
434 447
447 82
620 359
359 209
176 694
694 156
554 194
194 377
119 625
625 718
524 439
439 356
620 523
523 214
320 771
771 209
249 836
836 143
105 974
974 722
313 210
210 464
379 101
101 464
638 406
406 763
243 686
686 220
105 316
316 34
977 496
496 402
119 787
787 377
539 354
354 718
620 934
934 402
744 542
542 82
105 130
130 156
250 642
642 10
497 297
297 692
434 668
668 116
376 441
441 423
604 643
643 10
243 653
653 220
376 942
942 535
539 729
729 212
434 162
162 471
539 556
556 466
620 90
90 116
243 126
126 916
744 452
452 884
554 226
226 350
524 684
684 617
465 46
46 853
188 215
215 644
188 238
238 173
379 721
721 350
320 715
715 477
176 966
966 156
119 838
838 173
977 264
264 349
554 815
815 913
119 107
107 918
620 509
509 34
554 219
219 718
604 546
546 884
465 564
564 220
250 865
865 722
465 822
822 805
48 17
17 477
620 208
208 471
554 472
472 763
977 123
123 351
250 794
794 471
604 922
922 775
105 265
265 179
977 467
467 116
598 603
603 144
604 189
189 402
598 510
510 458
620 115
115 805
119 91
91 916
465 317
317 670
188 87
87 156
48 919
919 692
176 809
809 722
465 765
765 121
249 649
649 722
287 659
659 281
188 394
394 10
250 324
324 692
604 42
42 34
554 969
969 670
188 295
295 763
598 96
96 350
105 433
433 617
744 30
30 722
434 427
427 477
465 35
35 82
465 182
182 220
497 750
750 464
313 943
943 513
524 103
103 179
250 56
56 617
977 169
169 212
250 824
824 458
105 246
246 351
524 442
442 763
554 689
689 339
249 397
397 356
539 937
937 763
638 927
927 351
744 720
720 853
250 952
952 471
249 592
592 617
152 877
877 466
604 654
654 34
250 673
673 209
379 857
857 466
249 624
624 356
152 843
843 535
152 851
851 805
620 446
446 214
176 800
800 339
950 83
83 377
419 403
175 143
740 722
832 617
427 913
75 464
851 214
856 535
177 144
505 692
768 209
6 173
639 349
102 547
807 884
868 179
612 945
369 458
928 763
216 350
702 805
543 82
516 773
915 670
753 212
324 377
293 10
683 477
405 513
198 121
500 220
813 466
551 718
637 644
876 34
948 156
455 775
557 351
674 356
646 918
198 281
937 116
813 471
808 339
833 402
873 853
628 423
852 595
554 929
314 528
370 132
819 767
929 763
146 664
372 414
439 297
600 685
912 35
946 677
417 965
581 808
395 842
541 416
296 432
572 129
596 877
160 397
957 334
803 248
928 873
573 334
744 215
444 295
799 134
363 54
159 29
146 790
867 212
688 887
498 324
576 670
651 809
638 85
514 649
521 107
249 569
888 172
70 551
239 133
405 911
521 69
870 951
665 723
200 820
497 934
560 563
75 885
766 82
526 966
451 334
826 147
388 132
631 276
957 55
942 246
37 671
641 581
745 319
415 603
600 204
555 232
290 555
576 937
963 504
886 264
567 196
378 139
251 164
177 640
168 16
400 915
2 579
603 644
161 569
478 559
261 248
851 173
770 85
120 818
117 659
796 423
185 122
392 887
658 403
900 207
903 649
596 207
282 384
553 523
938 1807 842
206 476
396 321
716 441
697 315
330 802
456 334
233 16
232 209
215 99
843 158
647 130
406 199
649 101
594 673
757 712
299 440
518 166
173 846
836 5
59 538
501 184
331 134
154 753
752 470
781 374
676 400
270 37
142 642
652 227
314 702
792 833
332 728
759 38
397 925
554 101
152 58
502 768
122 597
178 422
60 356
128 846
571 818
30 623
839 711
565 822
383 252
808 667
814 503
325 359
54 882
266 797
277 626
865 337
589 665
340 591
293 414
97 391
488 443
69 386
6 94
395 327
355 366
156 141
889 418
584 39
793 167
118 98
410 11
301 888
596 657
863 514
121 111
117 96
938 324
836 316
316 849
843 421
421 876
314 308
308 771
554 685
685 437
649 637
637 813
97 430
430 474
647 829
829 898
293 597
597 592
325 583
583 364
97 171
171 145
152 680
680 364
565 448
448 484
814 906
906 474
716 461
461 762
233 203
203 914
6 856
856 849
652 900
900 769
565 555
555 876
122 466
466 914
808 862
862 762
757 272
272 351
759 650
650 351
752 379
379 437
676 257
257 762
314 600
600 290
54 627
627 474
781 213
213 771
836 115
115 579
330 349
349 145
206 603
603 914
863 924
924 813
518 264
264 145
396 724
724 769
792 168
168 290
325 576
576 484
456 61
61 437
332 425
425 364
488 276
276 29
565 570
570 592
266 896
896 29
938 8
8 903
647 389
389 622
406 358
358 145
293 202
202 474
314 636
636 360
30 840
840 484
502 409
409 437
554 751
751 351
781 614
614 622
156 684
684 762
594 742
742 849
314 882
882 622
156 902
902 29
6 562
562 622
410 3
3 622
488 549
549 579
716 13
13 474
314 416
416 364
518 789
789 240
938 224
224 351
152 27
27 29
121 151
151 290
395 172
172 290
395 601
601 813
330 493
493 914
752 447
447 813
488 77
77 240
565 815
815 592
889 754
754 579
410 736
736 484
97 713
713 290
697 526
526 240
122 821
821 484
716 451
451 484
60 212
212 622
863 334
334 360
584 133
133 364
839 21
21 769
340 786
786 240
759 907
907 290
836 427
427 437
299 246
246 876
759 931
931 579
121 186
186 351
836 194
194 290
501 23
23 813
716 357
357 364
314 874
874 903
122 56
56 914
752 621
621 762
889 809
809 592
781 753
753 360
122 692
692 903
395 616
616 364
59 732
732 769
122 398
398 903
792 795
795 351
571 920
920 474
518 778
778 914
697 556
556 437
839 919
919 762
314 536
536 484
69 43
43 876
232 135
135 437
565 486
486 360
584 78
78 364
501 247
247 592
355 770
770 474
759 585
585 364
697 452
452 29
331 58
58 622
554 211
211 762
233 776
776 914
676 575
575 622
142 885
885 898
299 832
832 849
59 648
648 769
781 363
363 240
502 113
113 592
293 883
883 240
277 79
79 876
383 506
506 145
232 317
317 579
233 353
353 914
757 28
28 592
647 674
674 903
178 105
105 360
325 842
842 592
584 485
485 240
502 45
45 474
173 287
287 914
6 499
499 351
518 42
42 364
554 817
817 849
173 545
545 579
325 297
297 437
325 764
764 769
518 95
95 579
456 384
384 622
518 747
747 240
501 643
643 364
118 220
220 474
232 701
701 849
836 930
930 145
584 393
393 360
233 300
300 240
154 104
104 903
502 2
2 240
118 588
588 903
843 5
5 240
206 708
708 484
502 828
828 813
565 198
198 360
30 12
12 579
652 404
404 813
173 780
780 360
863 169
169 622
410 319
319 903
266 174
174 145
60 280
280 364
781 929
929 474
596 268
268 351
299 260
260 290
154 99
99 813
395 183
183 914
594 537
537 592
59 380
380 914
97 624
624 351
836 760
760 769
173 481
481 622
299 664
664 364
808 33
33 290
649 52
52 474
331 837
837 240
299 552
552 351
232 599
599 240
122 394
394 364
839 405
405 771
6 130
130 474
456 324
324 592
266 613
613 903
156 16
16 876
54 897
897 914
456 679
679 849
814 347
347 898
54 402
402 437
814 469
469 849
206 841
841 592
152 440
440 592
152 444
444 484
456 644
644 813
716 294
294 622
676 915
915 762
594 774
774 771
69 184
184 622
232 74
74 762
178 741
741 474
277 418
418 364
863 593
593 622
314 698
698 240
54 258
258 364
293 305
305 592
456 717
717 903
752 86
86 903
299 718
718 579
215 217
217 579
793 586
586 813
54 483
483 437
863 181
181 484
596 214
214 876
554 871
871 762
410 801
801 762
808 141
141 898
118 271
271 592
488 916
916 351
843 550
550 351
331 646
646 769
396 559
559 145
501 794
794 579
589 89
89 914
355 101
101 351
152 134
134 437
596 740
740 579
781 540
540 592
128 569
569 813
6 782
782 876
30 875
875 622
889 176
176 622
649 157
157 360
571 767
767 145
6 890
890 914
142 899
899 29
410 746
746 364
54 854
854 813
565 399
399 903
863 766
766 579
232 66
66 145
330 144
144 579
488 68
68 898
839 204
204 876
60 414
414 771
396 368
368 622
118 853
853 145
647 761
761 351
589 904
904 813
59 48
48 364
488 403
403 474
299 573
573 474
792 1
1 290
299 432
432 240
518 50
50 484
118 179
179 474
759 494
494 240
410 39
39 437
331 431
431 240
154 513
513 762
843 719
719 903
759 768
768 351
270 500
500 849
383 779
779 474
178 480
480 771
122 388
388 437
154 608
608 145
676 70
70 813
502 798
798 592
836 71
71 903
410 528
528 771
594 665
665 437
233 735
735 360
843 441
441 484
383 558
558 813
584 323
323 437
6 640
640 145
406 595
595 29
584 491
491 364
395 443
443 474
752 283
283 364
277 307
307 484
266 704
704 876
117 143
143 914
863 98
98 762
142 236
236 145
30 429
429 762
410 641
641 145
676 227
227 145
118 722
722 903
383 344
344 898
396 880
880 579
589 273
273 474
410 84
84 876
178 619
619 622
301 376
376 769
596 343
343 579
589 455
455 813
594 241
241 437
488 527
527 769
594 428
428 876
716 620
620 29
383 439
439 290
156 155
155 364
325 580
580 898
865 82
82 903
649 577
577 876
697 772
772 849
759 542
542 762
270 530
530 622
293 111
111 437
397 243
243 579
215 4
4 145
406 149
149 903
97 231
231 771
299 267
267 351
122 864
864 290
331 878
878 769
518 490
490 914
293 209
209 898
793 479
479 849
752 369
369 290
863 805
805 914
215 348
348 484
502 629
629 762
589 100
100 914
759 626
626 769
488 654
654 622
325 192
192 771
396 342
342 592
808 7
7 622
584 200
200 474
565 226
226 898
121 731
731 592
676 606
606 364
836 522
522 484
649 659
659 914
488 165
165 813
697 140
140 351
865 563
563 437
396 83
83 771
596 108
108 898
59 131
131 364
152 544
544 240
173 475
475 592
759 881
881 351
571 672
672 579
808 487
487 769
863 250
250 484
233 371
371 351
6 495
495 29
397 361
361 29
215 835
835 240
836 306
306 29
518 366
366 876
299 520
520 813
142 532
532 145
554 313
313 813
501 618
618 579
752 738
738 364
121 609
609 903
233 459
459 914
584 123
123 849
889 690
690 762
488 658
658 29
383 296
296 579
154 492
492 771
173 784
784 290
266 612
612 903
781 937
937 876
314 917
917 898
117 590
590 813
397 826
826 29
501 163
163 903
6 739
739 474
752 10
10 849
340 932
932 592
938 473
473 579
501 263
263 29
117 88
88 360
293 655
655 364
697 514
514 437
383 426
426 876
865 694
694 898
808 46
46 771
889 359
359 876
502 925
925 903
596 345
345 364
502 116
116 592
501 189
189 145
301 714
714 898
299 34
34 351
781 289
289 876
331 887
887 592
232 791
791 592
121 109
109 769
793 57
57 351
596 546
546 351
152 434
434 762
325 859
859 474
759 800
800 849
565 534
534 437
501 251
251 898
410 436
436 622
781 162
162 145
676 256
256 771
863 662
662 876
293 387
387 762
121 386
386 290
781 218
218 437
156 477
477 903
270 139
139 769
594 699
699 579
270 894
894 290
589 777
777 360
596 872
872 145
716 877
877 903
596 730
730 903
30 255
255 813
277 354
354 364
488 35
35 592
232 581
581 592
757 686
686 360
232 166
166 29
206 566
566 622
173 291
291 290
752 519
519 351
173 851
851 771
647 193
193 240
128 844
844 29
571 661
661 762
233 560
560 813
501 36
36 592
206 356
356 145
757 76
76 876
649 159
159 364
836 87
87 29
59 195
195 351
266 146
146 364
843 433
433 592
649 557
557 813
589 274
274 474
647 249
249 813
697 14
14 769
396 449
449 769
406 373
373 769
233 709
709 351
156 512
512 762
843 365
365 849
206 450
450 769
325 242
242 592
752 538
538 474
232 895
895 290
752 285
285 364
757 413
413 771
173 336
336 762
59 631
631 290
121 508
508 437
154 67
67 579
502 824
824 769
647 196
196 813
716 234
234 622
206 339
339 849
596 489
489 290
596 879
879 579
716 137
137 898
697 868
868 290
301 119
119 474
395 668
668 813
596 803
803 849
97 773
773 914
397 535
535 351
456 167
167 771
299 24
24 360
178 625
625 145
314 933
933 474
156 229
229 762
863 710
710 29
759 804
804 240
325 712
712 898
60 219
219 914
406 335
335 622
277 292
292 592
652 505
505 762
331 38
38 437
154 688
688 622
502 812
812 898
332 755
755 914
938 696
696 474
121 908
908 849
233 669
669 592
554 748
748 914
232 302
302 813
501 312
312 290
6 811
811 437
697 19
19 437
752 138
138 762
839 110
110 813
355 136
136 849
814 65
65 771
142 408
408 437
814 639
639 903
596 187
187 762
397 905
905 360
122 22
22 579
649 509
509 762
863 918
918 437
759 515
515 898
456 749
749 849
233 298
298 771
299 470
470 360
142 873
873 898
142 758
758 474
792 689
689 849
232 367
367 290
410 158
158 360
355 935
935 351
697 633
633 592
395 295
295 579
154 412
412 813
270 623
623 849
839 102
102 849
355 205
205 145
843 197
197 849
865 385
385 622
596 922
922 290
206 666
666 145
752 744
744 769
889 199
199 437
589 106
106 771
118 911
911 898
676 329
329 240
325 591
591 360
215 94
94 769
571 700
700 579
652 806
806 240
6 642
642 360
121 525
525 903
152 695
695 903
325 238
238 813
59 438
438 29
60 378
378 437
757 235
235 240
30 715
715 876
54 847
847 769
118 252
252 579
938 553
553 769
30 860
860 360
69 423
423 876
759 64
64 592
97 372
372 771
277 93
93 622
69 90
90 876
142 551
551 762
863 132
132 290
397 819
819 903
270 468
468 437
154 831
831 360
839 578
578 898
565 15
15 474
118 182
182 876
410 352
352 360
299 510
510 592
584 422
422 771
865 415
415 437
232 663
663 484
406 702
702 762
589 728
728 771
397 788
788 240
270 707
707 351
277 497
497 240
501 208
208 360
142 848
848 360
410 653
653 849
142 315
315 849
69 602
602 622
340 927
927 437
397 820
820 622
808 471
471 364
865 476
476 240
314 18
18 762
293 901
901 484
759 419
419 240
759 75
75 351
206 628
628 579
792 180
180 813
142 328
328 592
156 125
125 876
697 31
31 29
843 615
615 145
332 424
424 813
232 568
568 903
266 855
855 849
327 903
589 161
161 771
30 44
44 484
122 175
175 622
397 96
96 474
314 617
617 29
97 107
107 903
501 225
225 474
331 51
51 762
565 253
253 364
117 465
465 484
596 611
611 290
792 725
725 437
215 703
703 622
215 799
799 914
97 262
262 876
215 516
516 898
456 417
417 771
330 188
188 351
596 671
671 360
156 460
460 484
752 120
120 903
676 265
265 914
652 678
678 290
117 582
582 364
330 852
852 290
863 326
326 876
314 529
529 876
206 228
228 360
314 893
893 769
270 177
177 474
60 320
320 622
647 411
411 484
128 362
362 771
173 726
726 903
59 561
561 849
594 124
124 592
676 248
248 762
142 114
114 484
314 498
498 898
270 40
40 145
232 630
630 290
502 830
830 769
266 547
547 437
215 81
81 437
330 496
496 914
340 656
656 351
325 667
667 437
554 858
858 360
397 834
834 876
488 790
790 592
340 818
818 437
206 191
191 876
233 392
392 351
266 721
721 360
215 49
49 484
332 785
785 240
752 150
150 771
340 567
567 351
676 572
572 437
488 541
541 622
340 912
912 29
97 677
677 360
270 833
833 437
178 160
160 351
793 867
867 290
697 37
37 29
54 727
727 622
395 322
322 876
152 445
445 903
6 261
261 437
301 127
127 240
233 681
681 813
60 453
453 914
697 216
216 240
793 53
53 360
301 478
478 240
332 201
201 29
843 693
693 771
396 435
435 876
793 85
85 813
142 62
62 364
589 333
333 29
501 797
797 364
554 91
91 29
340 705
705 351
314 237
237 240
330 928
928 360
173 55
55 813
456 275
275 437
232 279
279 813
266 564
564 771
406 723
723 898
121 41
41 876
863 103
103 484
565 472
472 762
584 533
533 592
565 126
126 437
518 531
531 898
156 457
457 813
178 888
888 145
781 936
936 898
456 610
610 813
757 737
737 437
396 521
521 364
781 909
909 360
154 517
517 240
647 604
604 484
178 810
810 290
814 401
401 360
128 482
482 351
340 720
720 771
6 17
17 903
59 207
207 290
152 687
687 914
355 711
711 898
938 539
539 876
565 309
309 579
752 787
787 240
518 304
304 145
54 462
462 898
314 374
374 903
839 657
657 622
406 147
147 762
584 750
750 579
152 745
745 914
781 72
72 849
652 507
507 474
69 807
807 290
406 375
375 240
757 823
823 145
792 729
729 622
554 783
783 437
843 845
845 240
6 442
442 769
793 222
222 351
518 148
148 474
589 80
80 145
488 32
32 592
781 866
866 769
406 346
346 360
518 26
26 474
299 886
886 622
647 923
923 592
594 310
310 849
178 846
846 876
332 467
467 769
128 548
548 622
759 112
112 898
54 934
934 351
757 223
223 351
152 311
311 579
178 796
796 351
571 743
743 145
355 913
913 769
488 239
239 771
649 706
706 290
584 420
420 145
752 20
20 484
676 282
282 364
792 683
683 813
596 645
645 484
325 926
926 290
122 303
303 364
178 25
25 290
142 632
632 364
406 63
63 240
299 321
321 360
594 605
605 240
156 691
691 364
565 463
463 474
518 92
92 364
60 861
861 437
397 511
511 145
781 870
870 914
277 775
775 474
652 638
638 762
54 763
763 622
173 73
73 592
488 318
318 474
325 857
857 903
293 288
288 903
122 284
284 849
938 281
281 484
59 682
682 769
589 407
407 622
97 587
587 762
331 635
635 360
501 190
190 484
584 446
446 360
781 286
286 903
59 278
278 622
6 170
170 592
266 765
765 29
118 598
598 474
781 869
869 903
154 245
245 771
69 230
230 903
6 524
524 240
584 337
337 592
584 543
543 364
173 129
129 351
395 756
756 771
752 185
185 903
156 850
850 240
233 47
47 351
331 458
458 762
647 341
341 484
889 523
523 290
889 259
259 849
759 802
802 813
843 503
503 903
152 892
892 813
266 816
816 849
301 400
400 29
121 734
734 771
863 670
670 769
501 827
827 290
293 675
675 914
792 153
153 876
752 221
221 898
865 651
651 360
792 454
454 914
301 910
910 360
793 825
825 876
277 884
884 769
330 244
244 898
594 9
9 474
757 254
254 622
178 269
269 762
54 350
350 484
215 164
164 813
406 391
391 903
128 381
381 437
596 370
370 771
752 607
607 351
270 733
733 579
396 838
838 903
396 822
822 771
410 891
891 437
314 673
673 762
839 210
210 592
383 464
464 622
122 574
574 474
863 634
634 474
584 377
377 364
301 660
660 240
142 921
921 813
406 11
11 240
232 504
504 849
128 382
382 849
676 338
338 903
863 390
390 474
673 592
242 364
497 145
459 484
532 813
773 351
381 579
696 914
339 622
684 849
376 437
583 360
507 29
203 898
894 876
244 762
213 903
316 771
708 290
35 474
35 240
130 535
331 179
571 921
545 700
215 219
56 539
937 489
797 687
280 672
191 796
408 645
361 775
109 642
388 598
138 205
469 864
597 828
890 476
906 442
725 73
466 381
367 392
104 539
608 4
601 370
412 666
71 428
331 75
808 255
928 1928 887
920 373
726 800
555 646
799 436
922 171
236 512
288 244
239 776
503 725
286 65
922 293
293 528
799 465
465 805
503 925
925 628
239 890
890 93
239 229
229 893
286 478
478 528
799 759
759 846
920 910
910 893
239 574
574 528
726 830
830 846
239 489
489 846
236 92
92 477
236 450
450 632
920 607
607 105
726 779
779 666
799 507
507 131
726 839
839 289
286 174
174 457
726 55
55 359
799 765
765 93
503 224
224 804
503 284
284 805
236 896
896 289
920 823
823 45
239 905
905 891
799 672
672 473
239 821
821 274
239 462
462 47
726 512
512 131
288 363
363 628
236 339
339 150
920 814
814 150
726 518
518 71
799 260
260 528
286 714
714 608
726 410
410 528
555 452
452 693
726 8
8 322
799 144
144 528
239 197
197 834
555 566
566 893
920 701
701 909
236 184
184 632
555 576
576 804
555 396
396 891
286 163
163 804
726 818
818 528
555 253
253 693
503 828
828 805
799 456
456 608
288 431
431 632
922 656
656 105
555 895
895 131
288 483
483 477
922 506
506 804
920 787
787 666
239 235
235 909
726 346
346 45
286 118
118 608
555 24
24 805
286 715
715 834
920 525
525 322
726 423
423 608
503 724
724 289
922 614
614 47
239 629
629 274
288 77
77 834
236 558
558 359
239 836
836 322
920 389
389 289
799 797
797 608
286 40
40 909
799 644
644 45
239 894
894 457
555 85
85 473
555 379
379 718
236 877
877 105
236 763
763 289
555 249
249 477
555 87
87 909
503 863
863 93
236 750
750 322
236 172
172 47
726 671
671 909
920 308
308 150
288 649
649 14
555 309
309 47
503 190
190 693
236 50
50 628
922 838
838 628
236 675
675 131
920 440
440 846
555 873
873 834
286 382
382 666
555 148
148 628
236 125
125 93
555 171
171 718
920 327
327 457
799 687
687 473
920 902
902 359
236 653
653 131
288 751
751 846
726 817
817 150
288 243
243 289
922 808
808 804
726 889
889 693
799 699
699 131
239 627
627 528
799 36
36 834
286 860
860 477
726 900
900 718
503 381
381 473
286 18
18 805
239 907
907 93
799 837
837 628
726 52
52 289
920 636
636 846
236 102
102 131
922 353
353 457
286 79
79 834
922 160
160 477
922 557
557 632
236 280
280 131
920 287
287 105
286 727
727 718
920 106
106 834
286 189
189 131
239 283
283 893
503 796
796 150
726 748
748 457
236 648
648 14
288 498
498 608
922 844
844 628
286 728
728 608
236 300
300 457
555 237
237 632
236 536
536 846
555 278
278 834
799 318
318 457
799 215
215 93
920 511
511 893
236 897
897 834
236 562
562 805
286 584
584 457
922 370
370 473
236 782
782 289
239 269
269 93
922 792
792 693
555 692
692 274
503 178
178 632
288 730
730 528
799 585
585 804
799 677
677 47
799 369
369 131
799 865
865 105
239 75
75 322
799 182
182 909
503 927
927 47
922 358
358 632
799 210
210 834
555 443
443 150
503 857
857 105
920 448
448 693
286 259
259 322
920 464
464 893
503 267
267 457
799 331
331 909
922 460
460 718
286 218
218 420
286 27
27 804
920 99
99 834
239 590
590 804
920 70
70 457
726 752
752 693
920 115
115 274
922 743
743 693
799 575
575 804
922 755
755 473
922 770
770 131
776 105
555 625
625 473
799 856
856 150
236 815
815 693
920 140
140 693
799 594
594 105
922 311
311 71
726 220
220 891
236 291
291 93
555 195
195 47
726 373
373 47
799 313
313 846
239 875
875 14
920 789
789 93
503 28
28 846
799 691
691 528
286 332
332 891
726 272
272 909
555 912
912 93
922 588
588 846
288 385
385 834
286 811
811 289
726 639
639 457
236 740
740 14
239 266
266 289
239 908
908 473
799 471
471 359
503 401
401 693
239 37
37 359
239 203
203 322
239 129
129 45
922 103
103 528
288 343
343 846
239 446
446 93
503 612
612 834
286 832
832 420
920 785
785 632
920 88
88 93
236 193
193 891
503 906
906 528
555 556
556 105
922 15
15 477
236 386
386 14
922 374
374 632
555 12
12 105
286 696
696 93
799 372
372 457
286 766
766 131
288 95
95 477
286 829
829 632
555 341
341 45
922 697
697 804
726 414
414 805
555 112
112 846
920 570
570 891
920 100
100 718
920 475
475 131
286 425
425 14
503 784
784 105
286 198
198 420
236 615
615 131
503 733
733 628
503 694
694 528
726 831
831 150
239 605
605 628
726 122
122 45
920 500
500 893
555 774
774 14
555 816
816 289
920 517
517 718
288 33
33 909
726 2
2 909
236 720
720 274
799 53
53 891
239 397
397 71
288 786
786 359
920 74
74 632
239 924
924 666
922 640
640 846
922 681
681 693
286 152
152 608
799 113
113 93
286 393
393 477
503 416
416 45
799 25
25 14
288 436
436 891
288 513
513 718
288 13
13 150
799 205
205 14
503 124
124 666
236 602
602 666
922 441
441 14
239 282
282 628
920 624
624 666
503 310
310 608
799 340
340 477
236 121
121 718
239 887
887 608
239 273
273 834
922 795
795 289
236 852
852 891
799 563
563 718
503 530
530 718
555 747
747 150
239 491
491 71
799 317
317 846
503 519
519 359
288 898
898 150
726 771
771 289
286 316
316 834
920 845
845 131
236 256
256 628
288 855
855 891
286 711
711 359
922 320
320 420
726 505
505 274
236 772
772 666
555 132
132 322
920 719
719 322
503 793
793 693
922 375
375 804
288 514
514 71
239 58
58 804
239 268
268 893
726 527
527 47
236 737
737 608
286 664
664 666
920 916
916 322
920 619
619 322
288 34
34 131
799 147
147 150
799 651
651 289
288 486
486 834
920 270
270 893
503 191
191 834
286 128
128 834
726 134
134 47
922 458
458 718
288 257
257 131
922 168
168 834
288 662
662 45
236 383
383 457
288 51
51 804
920 655
655 131
922 676
676 608
288 281
281 131
288 554
554 909
799 211
211 14
799 704
704 71
288 251
251 322
555 768
768 909
503 149
149 893
236 620
620 131
799 377
377 105
920 731
731 274
920 745
745 45
286 872
872 473
286 841
841 420
503 378
378 45
922 569
569 457
236 96
96 14
239 355
355 718
239 840
840 289
555 333
333 628
922 217
217 891
236 364
364 93
726 926
926 846
288 307
307 909
799 10
10 477
503 853
853 473
555 643
643 93
286 494
494 528
288 638
638 45
922 582
582 632
920 754
754 608
922 245
245 528
555 469
469 14
555 240
240 693
286 773
773 105
920 166
166 804
236 155
155 693
799 65
65 477
288 21
21 105
239 634
634 420
726 683
683 150
288 621
621 891
239 35
35 457
799 635
635 693
236 484
484 71
920 764
764 274
288 123
123 909
239 361
361 289
922 4
4 420
288 91
91 131
236 183
183 893
239 376
376 909
503 433
433 322
922 159
159 608
922 110
110 71
922 803
803 805
726 496
496 45
239 48
48 805
288 466
466 105
555 810
810 457
555 199
199 420
288 447
447 528
288 226
226 718
239 888
888 477
922 599
599 274
920 580
580 718
555 809
809 909
503 7
7 804
799 495
495 893
286 746
746 457
922 136
136 628
236 238
238 718
922 429
429 632
555 403
403 473
922 732
732 528
799 176
176 14
288 192
192 150
236 348
348 420
288 654
654 693
286 219
219 71
920 848
848 628
920 827
827 131
236 917
917 457
239 141
141 528
503 842
842 359
799 454
454 359
920 46
46 274
726 439
439 528
920 851
851 846
555 882
882 893
503 207
207 105
236 11
11 477
920 885
885 846
288 571
571 608
922 246
246 477
286 455
455 359
503 98
98 804
799 928
928 893
726 541
541 47
503 871
871 131
288 295
295 274
555 543
543 666
922 524
524 608
920 252
252 420
726 83
83 45
799 388
388 105
503 756
756 457
726 680
680 608
922 223
223 804
503 603
603 528
799 833
833 45
288 435
435 359
288 418
418 105
555 684
684 150
799 54
54 14
236 244
244 45
236 529
529 909
503 228
228 150
288 688
688 804
799 213
213 477
726 328
328 150
286 904
904 608
239 716
716 477
503 539
539 274
286 488
488 47
555 5
5 359
236 669
669 893
726 227
227 420
503 734
734 359
920 767
767 131
726 23
23 93
799 589
589 71
726 271
271 528
799 442
442 846
726 430
430 473
922 130
130 628
503 721
721 891
922 84
84 891
236 876
876 909
726 76
76 528
555 41
41 45
286 470
470 359
555 233
233 473
920 886
886 834
920 480
480 473
922 802
802 105
726 301
301 274
503 788
788 528
236 3
3 909
555 760
760 846
239 214
214 632
288 735
735 457
726 175
175 457
555 914
914 289
920 1
1 846
239 323
323 150
726 337
337 274
236 31
31 93
922 657
657 834
555 247
247 608
288 305
305 891
239 485
485 805
288 862
862 457
555 262
262 322
920 550
550 473
726 424
424 893
503 613
613 528
922 101
101 473
236 90
90 477
239 911
911 477
286 463
463 846
239 380
380 150
239 791
791 718
920 707
707 891
236 849
849 14
286 502
502 477
726 405
405 528
286 775
775 846
503 650
650 47
286 564
564 834
922 537
537 45
286 261
261 274
236 825
825 891
288 438
438 804
288 532
532 359
920 762
762 93
922 781
781 420
555 725
725 274
920 736
736 105
503 780
780 804
239 225
225 693
726 138
138 14
288 133
133 289
239 352
352 131
555 360
360 14
286 59
59 477
555 104
104 457
555 858
858 420
286 29
29 131
503 601
601 891
503 521
521 909
236 708
708 804
503 319
319 804
236 467
467 528
920 117
117 632
922 422
422 457
503 901
901 893
799 19
19 718
236 739
739 528
726 616
616 834
726 157
157 274
799 230
230 420
286 526
526 274
555 878
878 632
236 534
534 718
288 62
62 628
799 658
658 804
799 365
365 457
236 915
915 608
922 80
80 693
922 561
561 834
503 44
44 105
920 334
334 47
288 135
135 131
236 461
461 632
922 630
630 359
288 277
277 322
799 474
474 846
799 357
357 666
555 706
706 150
236 618
618 71
288 61
61 105
726 631
631 322
555 366
366 14
799 722
722 289
555 596
596 846
236 404
404 322
239 242
242 47
286 646
646 804
726 206
206 47
239 347
347 71
555 398
398 632
920 137
137 891
503 806
806 909
239 609
609 47
288 392
392 274
555 642
642 131
922 321
321 71
555 43
43 608
503 20
20 891
236 881
881 718
286 689
689 105
236 499
499 289
555 165
165 805
922 800
800 628
239 713
713 909
288 234
234 893
726 194
194 477
922 678
678 150
239 179
179 473
236 127
127 893
922 547
547 718
799 142
142 322
555 107
107 718
922 667
667 71
288 798
798 71
236 428
428 289
726 703
703 834
922 826
826 718
503 573
573 891
726 64
64 289
799 69
69 718
236 349
349 909
286 303
303 909
236 854
854 909
236 402
402 289
239 362
362 632
726 459
459 71
799 819
819 805
239 641
641 909
288 769
769 14
286 170
170 805
503 611
611 274
239 723
723 93
726 312
312 608
286 670
670 47
555 577
577 473
503 177
177 105
286 432
432 632
236 212
212 909
726 391
391 150
726 560
560 909
236 753
753 666
726 597
597 628
555 116
116 71
920 290
290 718
555 314
314 14
236 173
173 893
920 38
38 105
555 633
633 477
503 674
674 420
922 111
111 909
286 660
660 359
503 546
546 477
555 449
449 93
920 6
6 274
799 298
298 457
288 156
156 274
503 686
686 893
288 338
338 628
288 72
72 420
920 508
508 891
288 533
533 150
920 17
17 805
922 167
167 93
920 68
68 274
726 390
390 274
922 345
345 909
288 783
783 131
239 568
568 93
236 86
86 718
555 187
187 846
726 578
578 608
286 444
444 804
555 200
200 105
726 329
329 150
286 265
265 718
799 600
600 105
922 30
30 473
239 255
255 718
726 652
652 608
239 302
302 628
288 151
151 274
503 659
659 893
236 427
427 359
920 222
222 322
503 231
231 846
286 78
78 804
236 623
623 528
726 515
515 666
922 73
73 45
286 451
451 105
799 201
201 528
239 487
487 477
555 586
586 45
726 919
919 14
503 824
824 477
922 330
330 105
922 209
209 93
239 204
204 632
555 682
682 608
503 548
548 359
922 522
522 473
922 583
583 909
288 279
279 131
288 109
109 457
503 757
757 71
236 504
504 804
799 185
185 893
236 903
903 718
922 356
356 105
236 813
813 528
503 413
413 666
288 89
89 47
236 188
188 666
799 592
592 47
239 801
801 14
799 744
744 322
555 63
63 891
239 324
324 628
286 850
850 93
286 777
777 893
236 559
559 804
922 304
304 45
726 258
258 322
236 565
565 71
236 371
371 105
239 180
180 893
920 306
306 473
503 315
315 891
799 645
645 693
726 479
479 420
555 216
216 477
726 794
794 608
239 351
351 477
555 892
892 359
288 729
729 718
555 647
647 131
286 336
336 608
503 859
859 805
726 710
710 834
799 67
67 420
239 387
387 45
286 169
169 528
239 610
610 608
236 394
394 718
236 758
758 150
555 472
472 804
503 119
119 608
236 22
22 274
236 709
709 628
799 426
426 909
503 292
292 45
799 196
196 628
922 685
685 718
236 551
551 14
922 593
593 71
239 32
32 477
503 790
790 718
286 606
606 71
503 275
275 804
236 617
617 131
799 39
39 322
920 490
490 718
503 326
326 804
922 49
49 528
726 531
531 891
236 717
717 805
239 164
164 47
503 567
567 891
726 145
145 274
239 94
94 457
239 509
509 47
920 482
482 891
555 867
867 718
288 899
899 632
288 9
9 846
286 285
285 47
555 42
42 834
920 883
883 105
503 254
254 528
236 870
870 805
799 153
153 804
555 445
445 528
799 572
572 289
236 812
812 628
239 476
476 528
236 761
761 322
286 354
354 628
920 60
60 71
726 409
409 105
920 481
481 693
236 344
344 893
239 861
861 105
922 879
879 893
288 26
26 718
239 296
296 47
726 520
520 274
799 778
778 105
555 880
880 131
286 705
705 632
236 884
884 150
920 297
297 71
286 158
158 359
286 368
368 834
922 221
221 666
920 181
181 693
286 415
415 834
799 419
419 93
286 741
741 891
239 108
108 528
555 604
604 891
288 679
679 834
920 843
843 805
555 700
700 666
920 868
868 473
555 497
497 718
799 421
421 628
922 264
264 804
236 542
542 45
288 544
544 150
920 120
120 71
286 56
56 693
239 918
918 804
726 384
384 909
236 587
587 909
799 742
742 473
555 847
847 608
726 549
549 628
799 702
702 473
920 399
399 93
239 923
923 477
239 412
412 150
922 921
921 666
920 395
395 14
726 367
367 628
286 408
408 477
922 299
299 150
920 598
598 805
555 538
538 93
922 126
126 14
239 139
139 105
920 665
665 528
286 407
407 71
922 822
822 131
555 335
335 805
503 16
16 718
555 866
866 289
555 874
874 477
799 523
523 891
799 202
202 93
236 162
162 359
503 553
553 47
288 579
579 805
286 411
411 322
726 241
241 457
239 208
208 71
503 595
595 608
236 668
668 289
922 626
626 477
920 540
540 150
503 622
622 628
286 501
501 14
726 57
57 71
288 434
434 891
286 493
493 150
236 406
406 891
288 325
325 457
726 114
114 93
799 146
146 93
922 400
400 45
236 510
510 47
236 698
698 693
239 552
552 71
920 66
66 47
555 437
437 274
288 492
492 632
239 807
807 893
922 453
453 289
239 835
835 71
239 350
350 457
922 248
248 150
239 161
161 47
286 82
82 47
239 637
637 891
239 581
581 846
286 250
250 274
236 468
468 693
286 232
232 473
922 738
738 909
503 276
276 105
920 864
864 628
288 695
695 718
555 294
294 47
555 869
869 150
288 820
820 45
799 663
663 131
236 263
263 628
920 154
154 804
726 516
516 274
288 342
342 289
286 186
186 131
799 712
712 846
286 97
97 718
503 673
673 457
286 143
143 909
239 913
913 420
236 81
81 834
236 749
749 891
555 690
690 289
286 661
661 420
236 535
535 666
726 545
545 47
799 591
591 93
236 417
417 274
8 893
409 289
176 457
816 71
906 846
203 528
282 805
665 93
246 693
435 834
896 608
266 632
87 420
52 718
627 274
135 14
694 891
712 47
810 150
433 359
509 909
10 473
200 45
37 804
50 322
59 666
914 131
803 105
452 628
800 399
658 63
494 732
70 252
727 914
1 22
672 602
450 380
396 508
905 297
106 178
671 243
223 427
284 587
771 439
460 72
20 434
840 405
23 595
617 666
927 659
429 285
768 455
498 121
839 718
454 668
832 88
430 265
857 97
596 153
655 78
634 499
91 387
122 734
447 669
316 392
284 892
128 438
646 89
828 912
87 338
827 394
450 491
765 447
502 231
386 432
152 265
140 19
7 153
863 565
313 553
308 401
671 563
633 583
569 221
719 164
856 708
530 98
672 321
831 708
701 269
500 626
260 619
452 701
730 191
199 395
599 402
512 807
346 694
152 628
706 516
102 242
397 698
622 552
763 882
363 903
397 145
238 201
621 732
657 843
876 678
245 356
566 601
590 638
214 623
68 336
296 186
910 224
895 134
331 21
920 783
907 492
511 883
452 552
215 285
424 322
256 686
634 330
12 754
556 924
887 98
195 923
403 718
578 30
643 226
818 336
762 533
925 165
151 758
58 367
147 689
260 735
369 733
374 492
