1
4575 9001 4050
1244 4218
3528 374
1047 4101
1259 2771
1942 3585
1281 4165
2452 1576
2770 3389
227 680
997 1776
2712 1808
2262 502
542 28
4467 3152
962 995
4146 750
13 869
4547 364
2583 1233
2348 1280
2137 1906
4191 2272
294 1165
584 3845
3599 3954
4475 1505
3016 4173
996 2169
3200 2850
4124 3879
2544 588
4261 4326
4168 441
2919 2211
3778 2025
706 2651
3221 1858
4431 1205
4133 3463
2541 1884
2020 2590
3567 2777
4363 3027
3551 4201
3111 1274
2866 4421
215 2877
2513 3287
3536 2019
3390 2708
386 4353
165 605
4328 687
858 734
2787 1048
686 2043
2096 1090
3465 2346
3612 1306
2328 1822
246 1775
692 1994
2628 137
3046 497
472 609
252 4186
1057 1458
296 1854
237 1283
1684 2394
2589 335
2130 3440
1221 610
2519 3796
719 641
2086 3892
1046 384
498 2251
4470 1222
2187 3239
1212 403
2876 935
2597 2574
3442 1040
1317 3579
3310 2115
151 460
2525 3323
4551 887
1166 3154
44 1875
3020 3003
2936 4557
31 1300
3987 4491
913 4274
3705 3296
830 4219
3179 672
725 2066
3449 114
3910 1363
523 1231
1933 756
3410 4425
1949 4508
3177 242
1122 1270
1719 1543
72 4208
3791 1036
3210 940
2723 4331
1450 1541
1440 838
103 2700
4046 1006
3144 4559
39 3968
4426 1820
3282 1291
1299 3531
4049 1291
4264 2465
1459 2017
2249 4414
3654 506
3462 3527
3524 1594
2242 3958
1313 1448
2687 379
1163 3384
329 2481
4440 2204
1608 1896
1150 973
3197 788
3130 2039
4539 873
3441 4006
1223 2570
446 2592
3354 2421
2084 3258
2264 2204
1342 2538
4007 3860
912 2197
132 4199
4492 1222
2381 1249
2849 14
877 4295
3511 288
1624 141
3062 660
1683 4278
168 1403
602 2188
2940 4265
3488 3038
2170 947
158 2906
7 214
1109 3320
4023 3095
4552 3825
3140 3108
1462 1654
2820 1874
3870 2334
2864 2415
1098 3719
2815 711
4162 3188
2064 3158
1035 1606
40 1430
3139 1633
1739 3263
923 2536
618 1795
857 1230
1121 1487
1764 102
3236 2952
2626 3550
3639 3119
262 2756
2459 3587
557 3848
3216 1602
3482 3035
1678 674
4367 4287
3000 628
2857 3772
1665 3414
3433 1463
1574 3112
4010 3968
318 1991
3167 2963
894 1010
643 1777
3120 493
3764 4108
250 2128
895 579
2719 1479
1705 1977
50 4405
2083 3813
1486 84
1918 1374
2336 3904
1823 4065
4565 2092
2005 2785
1452 3090
282 3493
477 183
2360 2286
627 1181
332 3884
2530 2826
2163 4216
2924 4322
4247 1544
1376 2902
2655 2168
1133 2930
4136 2691
148 2880
1616 2794
73 1785
1810 4289
490 3635
4070 3888
1056 1232
3569 3246
3240 766
574 4292
421 1222
1939 2727
1124 468
3783 219
2948 1280
171 4291
911 1153
1638 70
3718 2294
2800 2217
3869 3361
2400 4232
2626 2877
2877 2890
2137 2439
2439 2899
1486 1062
1062 728
4426 2511
2511 1586
3987 827
827 3397
151 3587
3587 3750
2020 980
980 952
2541 1771
1771 290
2083 4542
4542 2055
3390 955
955 4041
3511 2617
2617 1682
4261 3669
3669 2576
2919 631
631 263
2849 3787
3787 1621
4023 1579
1579 408
912 3211
3211 818
282 3512
3512 3142
3240 274
274 1346
1638 3850
3850 746
1163 1822
1822 2694
1678 392
392 4488
1056 4338
4338 1043
148 355
355 1978
446 1503
1503 575
44 3773
3773 3123
3216 59
59 3337
3551 4290
4290 2842
13 902
902 949
1624 2631
2631 1050
2787 4239
4239 3674
686 1698
1698 2202
4475 3660
3660 4080
2519 1330
1330 800
2866 1971
1971 3602
1939 747
747 1188
2020 496
496 775
3778 1643
1643 283
3016 838
838 3018
1122 1880
1880 2244
1313 4153
4153 2788
3511 3547
3547 3007
3046 3464
3464 3081
1376 429
429 3123
294 2434
2434 3750
3020 2346
2346 1188
2005 2606
2606 1586
227 1732
1732 3602
574 3480
3480 712
1459 3034
3034 4042
2381 110
110 4097
3390 2469
2469 4488
1764 4107
4107 1107
584 2593
2593 2180
858 376
376 3959
1281 2813
2813 4061
1810 1761
1761 4285
923 3907
3907 1856
1166 2701
2701 1878
3441 1740
1740 603
40 2250
2250 3172
3442 835
835 3260
1163 2921
2921 3189
1244 2577
2577 1586
318 4078
4078 603
2005 6
6 1394
1317 1380
1380 758
4124 1381
1381 4253
2800 646
646 1485
2381 3943
3943 4030
3000 2330
2330 3496
3612 3648
3648 3353
3016 231
231 2474
2589 3952
3952 4061
282 4477
4477 648
252 2861
2861 2192
962 658
658 2549
1057 2143
2143 3808
1299 4033
4033 101
1047 3311
3311 1407
2519 566
566 3364
3482 4036
4036 2344
3130 2354
2354 2728
3216 1748
1748 3530
3718 3434
3434 2889
2589 3686
3686 3530
2137 1794
1794 2106
4328 3206
3206 3123
4261 4024
4024 3424
3551 2399
2399 3424
1121 2152
2152 2180
2187 637
637 1453
1299 3731
3731 1925
262 1490
1490 1043
2459 1474
1474 957
1683 2996
2996 1265
4247 4155
4155 2564
923 3386
3386 4253
421 899
899 3642
3240 1155
1155 648
2544 4527
4527 1915
2719 2608
2608 3241
1056 2420
2420 1682
1317 2016
2016 2295
3139 21
21 3176
3197 689
689 758
1035 1613
1613 3189
1739 4021
4021 2549
2348 2850
2850 2180
4168 4123
4123 4009
3020 202
202 3012
282 4122
4122 2271
3910 3608
3608 1138
2096 3175
3175 3360
1459 4564
4564 3124
3046 3699
3699 603
923 713
713 714
2242 2818
2818 1615
1450 4200
4200 3102
168 297
297 3975
3062 2007
2007 3797
4492 1751
1751 2935
4547 1009
1009 38
3482 1610
1610 136
2348 845
845 2935
4133 3768
3768 2271
2687 1570
1570 1043
3705 1479
1479 603
1942 4065
4065 3673
692 2718
2718 2198
2336 369
369 781
3016 399
399 3606
2519 2480
2480 1727
1150 3521
3521 3545
1823 221
221 2198
3488 3744
3744 1095
3718 4494
4494 1978
4367 2111
2111 3226
725 2660
2660 105
329 2132
2132 3123
3910 442
442 3975
4261 1686
1686 3602
2800 3085
3085 2788
1608 1003
1003 1095
1133 4197
4197 1862
4046 2700
2700 3214
3221 3864
3864 1279
2936 1697
1697 3397
318 756
756 1956
215 451
451 408
523 1282
1282 3476
31 3517
3517 155
386 3623
3623 270
2544 4268
4268 4423
2719 3159
3159 156
237 2438
2438 2198
627 2634
2634 775
2544 1641
1641 2576
1223 2108
2108 1727
2242 1897
1897 648
4010 4100
4100 3830
2336 2875
2875 155
31 634
634 4072
2687 3911
3911 257
262 929
929 3012
3016 2659
2659 758
1122 4391
4391 4345
158 1631
1631 3371
2086 2472
2472 4020
1122 946
946 4310
3433 674
674 3337
2170 3784
3784 2549
1684 3335
3335 4447
574 3070
3070 3018
997 1738
1738 3368
3764 717
717 3371
296 254
254 257
3441 2473
2473 1646
2170 2221
2221 1642
4023 2782
2782 198
2723 2447
2447 3476
1313 2246
2246 2973
3488 2521
2521 198
2589 3865
3865 3614
857 2150
2150 3114
1574 2208
2208 2890
894 15
15 1681
1459 660
660 1107
421 3326
3326 2576
3488 3903
3903 818
2360 1208
1208 668
2626 3073
3073 1279
1942 4416
4416 3124
4046 4151
4151 4041
2086 2482
2482 3397
1124 3286
3286 1469
2163 1672
1672 4240
996 1535
1535 3226
1810 3935
3935 2975
542 3946
3946 3369
1166 2045
2045 3750
1313 700
700 2265
1342 3515
3515 3007
472 2326
2326 1453
4367 1970
1970 957
3488 2372
2372 4345
1223 3891
3891 2890
1166 1709
1709 3123
857 222
222 2295
2459 868
868 1147
4470 4487
4487 1095
132 1424
1424 3205
3482 3047
3047 3619
250 374
374 575
2626 3604
3604 2192
1109 3560
3560 3124
2948 494
494 1485
2064 963
963 4285
132 2816
2816 3714
2864 280
280 3114
3791 2442
2442 38
4467 1419
1419 3007
2083 2962
2962 1586
215 1094
1094 4226
3390 3756
3756 1147
1317 587
587 1757
3390 2014
2014 4423
158 3207
3207 2564
1574 1331
1331 1107
2348 4398
4398 3360
4133 377
377 890
2519 3724
3724 4447
215 918
918 2663
3462 1458
1458 2566
1035 3527
3527 2192
3442 2578
2578 2614
4367 4526
4526 3369
692 1392
1392 4009
3987 3681
3681 1978
477 3781
3781 890
1616 2675
2675 4310
4431 1659
1659 2614
2687 2667
2667 3371
911 849
849 3241
1486 1004
1004 1345
2924 2733
2733 283
2787 1153
1153 1107
4046 1667
1667 3297
2348 834
834 257
72 1556
1556 1154
4551 3467
3467 3830
2815 3398
3398 3830
1719 649
649 4080
4049 2717
2717 3476
3569 3455
3455 4041
151 2748
2748 4447
894 2670
2670 3545
2137 2078
2078 3172
1299 2245
2245 2568
996 4005
4005 1469
3869 4433
4433 1154
1450 4452
4452 1586
3221 483
483 1279
3111 3564
3564 1432
913 2741
2741 1621
996 1005
1005 781
2857 2646
2646 324
1462 4192
4192 994
1150 3912
3912 3750
3111 2595
2595 3847
2857 1805
1805 358
2864 2972
2972 2564
4440 3845
3845 3830
1462 3422
3422 1682
1450 2303
2303 809
2328 1919
1919 4061
1150 3106
3106 1138
3987 1325
1325 1915
1121 3994
3994 2566
2242 2920
2920 3808
4475 2286
2286 290
1244 2191
2191 1872
1638 1585
1585 781
3511 4414
4414 3673
4168 2945
2945 404
446 3341
3341 2202
686 1071
1071 3007
40 924
924 3114
1684 3268
3268 3012
2262 3366
3366 4345
3910 910
910 1369
1223 2283
2283 3642
2360 2077
2077 3364
3524 3915
3915 1834
3449 2516
2516 10
1823 2764
2764 3619
523 1159
1159 1453
4467 3998
3998 2180
4467 3346
3346 4003
3511 2829
2829 415
3987 3155
3155 3368
4168 882
882 3673
2096 2104
2104 3018
1281 2976
2976 809
3062 3827
3827 3959
1705 2871
2871 2140
962 1304
1304 3887
3197 2161
2161 1646
2530 1301
1301 1727
2249 1629
1629 3629
3482 417
417 714
2589 1382
1382 4253
4191 3702
3702 2663
158 188
188 3619
252 1707
1707 155
602 1211
1211 4030
250 3294
3294 2218
262 650
650 4042
1933 3108
3108 728
2583 1137
1137 283
2170 2273
2273 3580
3236 1596
1596 2244
103 189
189 3674
1221 1990
1990 2899
2687 612
612 4102
574 3595
3595 3260
2948 138
138 957
1933 4422
4422 140
2597 2987
2987 2135
4261 732
732 1615
472 102
102 2889
165 4172
4172 38
1212 1695
1695 4321
329 2103
2103 4310
246 2398
2398 4226
227 3110
3110 714
4162 2742
2742 2663
4539 1509
1509 2568
1299 4235
4235 4003
3987 2737
2737 4310
1047 4331
4331 2114
2086 2824
2824 3614
1313 1549
1549 714
1616 41
41 3081
3130 3579
3579 4009
4440 3228
3228 2218
3236 2903
2903 1784
2815 2778
2778 2614
237 1670
1670 3285
1299 3134
3134 38
1342 4554
4554 2975
2924 4336
4336 357
3144 3230
3230 198
2800 1582
1582 4054
3000 3485
3485 1872
3764 3739
3739 2975
3111 4251
4251 3360
962 4337
4337 1878
50 1036
1036 3171
4049 613
613 2899
2628 4286
4286 2198
165 2714
2714 3176
4247 2144
2144 4110
2249 3011
3011 136
1047 2553
2553 4310
329 396
396 4031
3016 2314
2314 3101
4070 1285
1285 3368
4146 3518
3518 3614
4049 4513
4513 263
1810 2832
2832 3847
3705 2853
2853 4003
1223 284
284 746
4440 3253
3253 3123
2530 1186
1186 3285
2360 4086
4086 3214
227 1273
1273 1978
168 3359
3359 290
1098 2060
2060 415
2924 2074
2074 3887
4191 18
18 1341
4363 4051
4051 2180
2083 64
64 3878
332 3209
3209 1394
332 2654
2654 575
3016 2169
2169 3808
4547 4472
4472 2889
3240 1921
1921 512
1281 273
273 1139
2452 439
439 4054
2163 562
562 2159
2170 3971
3971 2198
40 3162
3162 2218
3062 873
873 1525
1281 4313
4313 3172
3705 3308
3308 4285
158 2605
2605 2564
1098 1612
1612 1229
2328 4385
4385 1407
2086 58
58 3360
1342 3471
3471 2788
3465 4567
4567 4111
996 478
478 751
3441 1442
1442 800
4136 450
450 2799
602 3105
3105 4211
4191 86
86 2564
282 2898
2898 3262
602 3064
3064 775
1616 1742
1742 952
3870 4089
4089 3142
3000 3825
3825 2799
50 1487
1487 2055
4010 3557
3557 1646
296 1980
1980 2967
1109 4573
4573 4030
13 3271
3271 2344
4146 1588
1588 3369
282 2350
2350 1345
171 1253
1253 2694
3764 1510
1510 117
1122 1338
1338 1646
2163 2145
2145 3619
830 123
123 4226
1739 3613
3613 4054
1221 517
517 3424
2187 4263
4263 1743
2096 1602
1602 2899
3354 1449
1449 2099
3410 1264
1264 1925
1616 1997
1997 2967
2249 2026
2026 4345
1638 3349
3349 3568
132 2302
2302 3556
3177 2841
2841 2694
2513 3192
3192 1735
2381 3450
3450 4054
4046 3355
3355 1138
151 271
271 1085
39 1252
1252 1872
4046 82
82 2135
318 4362
4362 758
3179 1567
1567 3191
3536 1260
1260 2202
2328 1478
1478 3990
490 4358
4358 1978
895 143
143 263
2020 3447
3447 3808
2723 133
133 4423
1452 3283
3283 2889
3488 2441
2441 101
3599 3147
3147 2180
4146 2734
2734 155
3612 4510
4510 4488
725 3071
3071 1469
3410 959
959 4097
4162 1412
1412 1185
3282 589
589 4506
1150 2918
2918 3115
3197 1242
1242 695
3139 3314
3314 380
215 1902
1902 2055
2459 3151
3151 3614
4023 3757
3757 2085
165 2609
2609 1586
997 767
767 2180
643 905
905 3124
168 3506
3506 432
3528 1393
1393 2663
3390 4161
4161 2890
894 2912
2912 3226
250 1651
1651 2099
542 4463
4463 408
3020 3858
3858 2614
3200 3181
3181 1834
719 1064
1064 2198
706 2823
2823 1295
1057 2467
2467 2694
4264 3795
3795 195
1608 474
474 1642
158 536
536 130
877 4008
4008 3176
3654 180
180 3690
1259 2805
2805 746
2820 1363
1363 1369
2723 471
471 3476
294 3805
3805 1453
1678 3688
3688 1247
3524 4570
4570 105
1035 3769
3769 775
2519 2789
2789 3830
3528 4244
4244 1856
2513 362
362 2099
490 2102
2102 1956
227 2268
2268 2099
1046 2699
2699 1154
4146 3299
3299 2614
296 1984
1984 130
2020 1055
1055 800
3144 3819
3819 3018
4470 1512
1512 1369
1056 801
801 3990
3705 3610
3610 3878
1317 487
487 2890
830 2377
2377 4488
294 1010
1010 575
4007 1052
1052 324
498 3038
3038 198
3197 3922
3922 4223
3210 1726
1726 3360
3410 2528
2528 1757
50 2041
2041 4054
1739 1258
1258 3545
542 3379
3379 2614
4440 862
862 1862
1109 1320
1320 3191
3869 1435
1435 238
2163 2340
2340 3214
2170 174
174 3606
3177 473
473 3969
4070 303
303 2140
2787 1302
1302 1229
3130 1563
1563 809
446 500
500 818
1281 1428
1428 4031
3599 2073
2073 3887
4168 2886
2886 3530
1313 764
764 324
1150 4512
4512 415
4070 4233
4233 3830
911 3826
3826 4054
2864 2091
2091 4368
1574 4292
4292 2715
3210 2308
2308 1279
3441 1713
1713 195
2130 2643
2643 818
3551 2571
2571 2889
3441 2353
2353 1856
4191 1184
1184 4020
557 935
935 2889
1705 3684
3684 1469
1035 3877
3877 81
1459 2834
2834 2599
3167 1666
1666 315
1452 2324
2324 773
4049 2613
2613 1646
2187 3023
3023 315
3778 340
340 2788
2020 1889
1889 746
2262 3802
3802 695
2712 3895
3895 4031
3870 4000
4000 3176
3111 3691
3691 1265
1376 1136
1136 1188
3482 3076
3076 3876
686 2989
2989 257
3433 3679
3679 1525
1163 528
528 4031
44 1668
1668 2099
4247 4169
4169 3123
3120 750
750 1681
2864 3089
3089 1956
1342 3559
3559 2458
1098 871
871 3397
4363 3961
3961 2599
165 232
232 2493
1376 4484
4484 2099
490 2025
2025 4226
4023 2610
2610 4506
725 2731
2731 177
3528 4299
4299 2711
2381 2124
2124 2265
2264 3593
3593 2711
4552 3042
3042 2265
44 3655
3655 1915
2924 3430
3430 3371
50 2961
2961 1407
2924 4035
4035 884
2187 1501
1501 238
477 4225
4225 2140
4136 974
974 3205
2020 3019
3019 3690
3567 561
561 4111
31 3882
3882 2967
962 825
825 603
1124 765
765 3975
2948 4071
4071 4488
3599 3715
3715 728
4010 1891
1891 2599
3200 3342
3342 4226
3599 1314
1314 3124
4426 1521
1521 3690
3705 48
48 695
2936 1205
1205 890
3221 1844
1844 3102
962 3198
3198 3629
1486 2248
2248 3124
4539 1086
1086 1345
2020 2704
2704 3364
725 2423
2423 3353
1440 1932
1932 3364
73 702
702 2788
39 1076
1076 994
1462 1131
1131 38
2815 3505
3505 263
4124 196
196 758
997 1129
1129 2192
2452 1587
1587 833
2348 3861
3861 3214
858 808
808 261
2163 1045
1045 2085
296 3954
3954 1757
1459 248
248 1434
250 886
886 1139
4264 1527
1527 3367
1342 2644
2644 3545
151 4351
4351 1265
2020 1433
1433 2458
1665 2367
2367 3642
3441 3540
3540 746
4162 365
365 3191
4363 107
107 1948
2876 3118
3118 1784
2360 1083
1083 117
2712 867
867 4111
1376 4303
4303 3830
73 4473
4473 3226
1450 1508
1508 3673
2513 4016
4016 1784
911 3372
3372 4043
40 2193
2193 2566
4547 1903
1903 1915
3528 2950
2950 3364
2948 124
124 1345
894 3401
3401 156
2541 314
314 2159
3764 3572
3572 2455
1098 1175
1175 1085
2924 4448
4448 695
2020 933
933 957
3140 4430
4430 101
557 2833
2833 2975
2381 527
527 1925
3910 995
995 4061
1166 4380
4380 4321
31 3293
3293 3642
686 213
213 3368
4010 3436
3436 140
2525 2164
2164 198
4136 2639
2639 2180
2137 1173
1173 4031
1624 4103
4103 3123
3870 1209
1209 833
4539 3232
3232 1346
4261 3923
3923 2935
246 2484
2484 1265
4010 2379
2379 2568
2924 2551
2551 1469
3236 2619
2619 4423
2866 4361
4361 2899
3511 2476
2476 1394
4470 3362
3362 4540
2940 217
217 1586
2770 4222
4222 3969
2264 85
85 2576
3987 3278
3278 2935
72 2565
2565 751
3130 2777
2777 1800
1719 921
921 512
1574 3161
3161 1856
4136 3583
3583 270
2137 4064
4064 3274
962 4468
4468 3285
3167 3440
3440 432
523 1377
1377 2271
3179 3953
3953 2576
1057 3224
3224 1743
4124 346
346 957
2820 269
269 746
3783 736
736 3990
132 3166
3166 3619
1933 4249
4249 4072
472 1352
1352 3172
2170 2101
2101 3909
2242 1830
1830 1303
2948 819
819 4080
1121 2427
2427 95
895 2468
2468 2549
1608 2445
2445 1138
2328 4091
4091 1586
1122 2254
2254 4072
1918 3775
3775 155
2589 2860
2860 195
2719 3345
3345 3337
477 2305
2305 140
830 1957
1957 3353
1608 2205
2205 1434
2530 46
46 3101
490 4114
4114 2202
2400 1416
1416 1080
158 2825
2825 1525
3197 2313
2313 1621
2264 3334
3334 3629
2400 4001
4001 3909
2597 4283
4283 1350
1212 2022
2022 746
2687 541
541 1646
72 639
639 3448
1624 3500
3500 884
3599 3777
3777 4253
332 1797
1797 668
227 4099
4099 3081
2086 3696
3696 3176
3987 1096
1096 1085
332 3331
3331 10
4264 3804
3804 576
1150 826
826 156
4133 476
476 1621
1810 2809
2809 576
3433 1943
1943 130
1764 2489
2489 4061
2597 70
70 3975
3020 3799
3799 728
3569 774
774 2458
523 3563
3563 2159
1459 4293
4293 1727
2924 407
407 4009
250 1745
1745 890
2163 2763
2763 1154
103 4257
4257 3830
2086 3399
3399 2106
3465 2507
2507 2455
3462 301
301 1095
725 2662
2662 4055
4264 1749
1749 2799
246 2339
2339 3018
2459 3021
3021 3614
3167 1515
1515 518
1684 2698
2698 818
1047 68
68 2192
386 3460
3460 1948
4247 3094
3094 4043
227 1865
1865 2935
4539 4105
4105 38
151 4130
4130 117
3210 3475
3475 3353
3221 4156
4156 10
1056 3622
3622 4041
2719 3292
3292 3448
686 2269
2269 4110
2084 1120
1120 3353
4475 383
383 4110
1223 447
447 3123
2163 4390
4390 1085
3020 3040
3040 415
858 1802
1802 270
4023 839
839 117
2924 3217
3217 3205
2083 233
233 2180
686 3510
3510 2694
168 3315
3315 2192
1616 4027
4027 809
2866 4118
4118 2663
2940 2835
2835 2106
4367 2636
2636 833
4264 2909
2909 2842
1739 1669
1669 130
3240 67
67 4240
3465 4546
4546 270
2770 3239
3239 3878
1574 1389
1389 890
1109 3258
3258 1878
3236 733
733 1295
2130 1306
1306 2055
3200 2949
2949 758
643 3131
3131 1485
2770 3279
3279 4211
3910 3519
3519 2202
2866 4018
4018 2817
2857 828
828 4488
3718 2594
2594 714
3599 4533
4533 3191
1098 543
543 3476
2541 364
364 3260
1450 193
193 1188
1212 585
585 3809
3221 182
182 2135
3240 2997
2997 2493
227 2651
2651 2295
4007 2462
2462 3297
1616 3962
3962 2568
1705 4274
4274 833
4431 1199
1199 2271
1462 4517
4517 1727
4426 3957
3957 81
3000 1332
1332 283
1212 4230
4230 3142
250 4081
4081 1080
1124 1696
1696 1915
2940 636
636 2576
4261 1894
1894 1345
3390 1146
1146 195
706 4152
4152 3123
1281 4461
4461 4111
2400 730
730 890
3282 1177
1177 1453
584 3036
3036 3172
1459 2751
2751 198
2084 2908
2908 408
2544 2572
2572 257
4191 3740
3740 240
2626 1848
1848 4072
3167 4298
4298 263
643 3860
3860 3353
3791 2232
2232 432
1223 2981
2981 2975
2452 3116
3116 404
4247 3577
3577 1834
3567 20
20 1681
4070 2922
2922 1956
4049 3405
3405 261
7 3043
3043 775
2130 1991
1991 4009
158 3522
3522 2694
857 1517
1517 4211
618 2726
2726 1485
557 3072
3072 651
151 2409
2409 38
332 3431
3431 81
103 3951
3951 3750
2770 144
144 3690
1684 666
666 1341
421 187
187 648
3778 2247
2247 283
1719 2744
2744 177
3139 4381
4381 668
2249 823
823 4285
1486 2901
2901 3172
3783 3866
3866 3172
3869 4357
4357 3606
2800 3017
3017 994
2626 2456
2456 2159
3441 1772
1772 758
542 4469
4469 357
1452 3958
3958 809
857 3836
3836 2140
923 2716
2716 1229
4367 3900
3900 3887
237 2542
2542 2099
2170 4528
4528 3809
421 720
720 3142
643 4069
4069 2085
4467 588
588 1265
294 4489
4489 3081
4191 145
145 746
3390 2537
2537 357
2597 373
373 957
2940 3032
3032 4042
1638 3409
3409 4447
894 647
647 1586
3390 4236
4236 746
2800 2650
2650 315
4431 4424
4424 833
1046 792
792 800
2815 3358
3358 3673
1259 734
734 2198
73 621
621 2711
3216 2272
2272 4061
2360 4295
4295 1862
2787 2526
2526 1188
1056 1261
1261 290
237 1814
1814 2890
3987 142
142 1279
3449 1547
1547 3205
1624 4032
4032 3476
73 1270
1270 4240
4247 2869
2869 1085
4261 3779
3779 4003
1638 2906
2906 3367
31 1546
1546 1245
1299 1276
1276 994
2084 1816
1816 1525
1810 4202
4202 3602
1683 2158
2158 4321
3569 2679
2679 177
3639 515
515 324
3240 742
742 2455
3764 1711
1711 1394
4551 1815
1815 512
1299 604
604 3297
643 4544
4544 2107
3612 787
787 4310
1810 4280
4280 512
1823 3992
3992 2599
2530 2373
2373 2694
725 3246
3246 3975
584 328
328 3007
602 3492
3492 357
3167 1952
1952 712
4168 2964
2964 1303
4328 1266
1266 3364
246 3872
3872 4041
4264 1737
1737 3580
148 3973
3973 156
1684 930
930 2576
2452 4516
4516 2935
1376 1838
1838 1095
4426 1215
1215 1346
2857 4339
4339 3959
1259 3874
3874 1295
3465 1230
1230 380
2719 4126
4126 1229
3200 863
863 1345
4440 656
656 949
1683 3001
3001 1727
602 4034
4034 432
2249 4495
4495 952
3567 2126
2126 3750
3111 1821
1821 1107
4440 3822
3822 4055
227 2691
2691 2899
3177 2415
2415 2975
2020 1886
1886 648
1684 865
865 3368
4023 2596
2596 2107
2530 4373
4373 3007
132 309
309 3969
1574 4371
4371 3545
171 334
334 3102
1918 3601
3601 2244
1124 741
741 101
692 2811
2811 1615
318 2266
2266 1800
1244 2668
2668 1407
3210 245
245 261
2083 53
53 1727
40 731
731 1369
4475 2637
2637 3797
4010 4175
4175 3007
3200 3717
3717 3368
2170 3435
3435 3364
2519 1650
1650 2549
911 3680
3680 380
1933 2540
2540 1834
1440 1540
1540 4240
168 1562
1562 4020
4049 3381
3381 1279
227 1307
1307 648
168 2695
2695 1925
262 3902
3902 2455
296 2255
2255 3959
2820 4074
4074 1050
472 2358
2358 1856
472 1923
1923 1915
3551 1213
1213 1043
498 2280
2280 3496
2787 2243
2243 2817
3465 638
638 3142
4010 3421
3421 380
3599 2931
2931 2967
2589 3526
3526 3830
4552 757
757 2973
3442 2942
2942 2180
2857 1718
1718 466
2130 558
558 4080
2948 3677
3677 2715
2948 2385
2385 2055
997 1704
1704 773
4049 2011
2011 2135
294 3384
3384 3360
2084 1014
1014 2114
3236 4382
4382 290
477 33
33 3619
3869 2341
2341 4072
2064 3051
3051 3297
3020 4164
4164 2202
542 2087
2087 3123
1638 2514
2514 4031
2525 3112
3112 3337
2459 1524
1524 1682
3197 3653
3653 2549
2924 3650
3650 4043
4565 4296
4296 4211
2348 495
495 675
3791 3921
3921 1856
1739 341
341 3614
3567 2426
2426 105
4146 2882
2882 3606
4136 1619
1619 1050
4467 998
998 2107
2597 266
266 1247
2541 2870
2870 4054
1949 1420
1420 4061
1212 740
740 2817
1450 2088
2088 3673
1764 410
410 2218
498 2004
2004 3424
4431 2384
2384 2430
2541 1611
1611 518
3236 1840
1840 3368
1810 300
300 1279
2849 4491
4491 1856
3240 1090
1090 3969
3705 1372
1372 3606
3310 1671
1671 2493
4363 3406
3406 4321
3282 531
531 2694
2541 3565
3565 2493
386 3859
3859 1469
2876 1292
1292 1295
4046 449
449 1834
2187 805
805 324
237 926
926 4043
151 3382
3382 1956
3200 1373
1373 714
1244 3438
3438 1485
1046 3762
3762 177
4492 1236
1236 3985
2336 430
430 1050
472 4437
4437 1646
1462 3272
3272 3580
4136 2285
2285 957
31 2673
2673 3909
1450 4534
4534 3012
895 937
937 3124
4539 3548
3548 1925
2242 437
437 3580
2948 988
988 177
332 1765
1765 2711
3705 1920
1920 1735
627 3928
3928 3353
3177 1287
1287 3124
1221 1633
1633 818
4470 1074
1074 263
2723 3301
3301 4102
1739 795
795 3262
4070 2579
2579 1139
3000 2828
2828 2663
1313 2621
2621 2614
1638 1887
1887 4009
1047 4315
4315 1925
2005 1300
1300 2159
857 560
560 2474
3528 251
251 3081
2919 1196
1196 3189
4124 718
718 3368
2723 2969
2969 2568
557 4204
4204 3189
627 936
936 2140
4046 1125
1125 904
912 3487
3487 4061
719 3983
3983 728
2712 898
898 101
4247 2843
2843 518
1342 1072
1072 408
2084 1809
1809 4030
2597 2406
2406 4226
3462 3426
3426 3007
1810 4465
4465 1925
168 1319
1319 648
2815 230
230 195
151 1511
1511 195
523 1446
1446 949
3465 184
184 1265
1678 3846
3846 3602
3433 4273
4273 4041
4431 2543
2543 101
50 3180
3180 1188
2348 564
564 2099
3210 1048
1048 4223
4191 4409
4409 3285
3482 4004
4004 3101
4539 3625
3625 1784
877 4561
4561 1646
2020 4413
4413 3360
72 2260
2260 3371
1452 3005
3005 773
1244 4301
4301 3690
996 2342
2342 2271
3120 2956
2956 2295
627 3202
3202 136
4552 409
409 3990
3140 3251
3251 833
557 2380
2380 2180
2597 1193
1193 2564
2064 2290
2290 357
2820 2806
2806 3007
4431 3356
3356 1043
4264 563
563 408
618 2267
2267 2344
44 1455
1455 2889
3216 4443
4443 3673
1638 1296
1296 2614
1764 2686
2686 3397
2948 2363
2363 3101
2628 3813
3813 1303
3870 2633
2633 283
1574 55
55 1341
2787 2863
2863 38
246 169
169 1394
3020 4231
4231 1185
692 4369
4369 1147
4191 3929
3929 1948
1823 2854
2854 904
103 3989
3989 1925
3910 304
304 3012
151 4553
4553 2788
3167 4403
4403 466
2086 2128
2128 728
996 4277
4277 101
1810 134
134 3115
151 3980
3980 904
3654 4219
4219 3114
692 2257
2257 324
2084 4019
4019 3241
31 578
578 1682
31 2602
2602 1350
3167 1792
1792 3172
3130 4406
4406 1925
830 2227
2227 1586
2086 2035
2035 1646
332 850
850 800
2064 3305
3305 2455
4124 3979
3979 432
3410 98
98 2159
3783 1256
1256 989
857 1183
1183 315
4547 3509
3509 2099
151 4173
4173 1485
2519 1089
1089 140
3718 3425
3425 994
1624 796
796 2159
2187 1197
1197 603
858 4556
4556 603
542 2220
2220 3123
332 2171
2171 3285
3511 62
62 904
2626 3291
3291 3274
2381 108
108 2975
2083 2672
2672 512
3139 1687
1687 2614
2876 1693
1693 603
2452 2914
2914 1872
39 569
569 2295
3441 1864
1864 1681
1683 1550
1550 2474
4168 620
620 3797
165 3307
3307 3007
252 203
203 3115
3441 154
154 3226
2083 3373
3373 3556
3410 1507
1507 1394
3167 2883
2883 1188
31 1321
1321 1147
542 1964
1964 4043
472 1234
1234 4003
1810 2010
2010 3975
996 1924
1924 1346
1665 3873
3873 518
618 1231
1231 884
962 2897
2897 1735
3177 4557
4557 105
3139 220
220 3809
1109 3645
3645 3114
2815 4076
4076 4447
1109 277
277 2106
1098 856
856 3606
3441 16
16 2973
3130 1294
1294 4506
332 1741
1741 2344
1244 2175
2175 1303
3140 4354
4354 4226
252 4350
4350 890
472 1981
1981 884
1133 1557
1557 2106
1056 680
680 1341
2857 147
147 3876
857 1819
1819 3297
490 3428
3428 2198
643 272
272 1646
877 3701
3701 2788
2820 2154
2154 575
877 1278
1278 3371
329 3035
3035 2566
894 3416
3416 3975
3599 4186
4186 1350
1150 987
987 3171
2064 2449
2449 2244
2628 1366
1366 3606
3764 2952
2952 140
1823 3408
3408 1245
40 4067
4067 1095
913 4022
4022 3360
2360 2838
2838 4321
830 3493
3493 651
2655 363
363 1621
4162 2209
2209 3368
3599 3893
3893 4447
3179 1728
1728 3101
574 3920
3920 3568
1574 4529
4529 2842
50 3803
3803 1050
3441 4165
4165 4041
2583 4441
4441 1154
262 3132
3132 1978
2876 1015
1015 2192
2064 1077
1077 2728
2849 69
69 3975
557 253
253 3959
1574 29
29 952
132 654
654 714
4124 1626
1626 904
2687 967
967 1185
3442 3208
3208 2694
3599 2624
2624 2180
2452 1290
1290 648
4023 4159
4159 3750
1221 2203
2203 2055
1244 27
27 751
1223 4201
4201 890
2541 1935
1935 2568
4023 4142
4142 3990
1221 855
855 781
282 1572
1572 994
31 3627
3627 3260
3654 2201
2201 2899
490 1879
1879 3545
421 3056
3056 833
911 2397
2397 1862
3718 4137
4137 155
246 1151
1151 1434
13 3529
3529 1265
1683 514
514 1346
3599 3459
3459 136
4264 1383
1383 358
3354 4104
4104 3371
227 1537
1537 2899
386 200
200 177
31 3050
3050 3371
1764 1222
1222 2140
252 2580
2580 1279
2849 1972
1972 3448
50 420
420 4054
3140 3588
3588 781
2541 776
776 3369
1574 1730
1730 3012
1313 3374
3374 2198
2381 1243
1243 3369
2170 79
79 4054
3567 4462
4462 576
2360 1001
1001 1735
627 3187
3187 957
262 1863
1863 773
2876 42
42 3714
911 2046
2046 3260
4264 1360
1360 3619
2589 925
925 1862
1259 1233
1233 2344
3551 4115
4115 4041
2919 3248
3248 2975
1608 1901
1901 2663
2712 4119
4119 2799
421 1561
1561 2842
3354 3183
3183 1229
3705 2865
2865 4211
1150 3531
3531 3012
1616 505
505 2576
4264 3703
3703 1800
446 3829
3829 2265
171 3365
3365 1757
3488 1876
1876 3262
252 3516
3516 1107
148 3754
3754 1147
1212 630
630 3115
498 2846
2846 4321
246 2215
2215 1346
1939 4092
4092 156
2084 4
4 1681
4363 3080
3080 283
44 2419
2419 1834
262 3193
3193 270
3177 4017
4017 4223
1719 131
131 140
168 3484
3484 1682
1035 4429
4429 3714
44 3454
3454 177
3654 2332
2332 3887
3210 966
966 3191
1486 4252
4252 3081
3783 2696
2696 2549
3791 1861
1861 315
1823 4056
4056 3360
3221 3148
3148 261
3179 532
532 1978
44 2900
2900 1139
3390 3999
3999 1139
542 609
609 2694
250 2611
2611 1303
1739 4179
4179 2715
643 4334
4334 3990
1450 3837
3837 603
2876 479
479 1341
911 3414
3414 2295
1918 3792
3792 3674
490 391
391 800
618 4574
4574 4030
40 3820
3820 575
1098 4045
4045 1878
3449 1977
1977 4031
3310 1884
1884 3172
3144 4569
4569 775
706 2887
2887 466
2723 96
96 1646
262 2932
2932 3114
997 1415
1415 4223
103 3755
3755 2265
3177 2503
2503 1245
3612 2657
2657 1682
1259 4212
4212 1085
542 1753
1753 591
332 1116
1116 3830
2924 2559
2559 1432
2687 2584
2584 3101
1764 1444
1444 2159
2712 4519
4519 3007
1317 469
469 518
4467 2915
2915 1341
2513 3707
3707 2889
3282 4317
4317 2711
1098 1605
1605 1185
477 3897
3897 989
1486 3656
3656 380
282 1008
1008 3337
1452 4450
4450 3397
3140 1618
1618 2614
1608 2396
2396 324
3870 1498
1498 3172
171 4084
4084 1646
2687 1622
1622 156
2328 56
56 3285
1244 22
22 781
3177 2957
2957 3337
1486 2296
2296 1956
171 2939
2939 2890
2020 1493
1493 1407
2655 4147
4147 3496
44 2235
2235 1586
2328 2214
2214 408
2163 2926
2926 818
3354 879
879 263
2541 347
347 380
1056 3330
3330 3476
2849 1334
1334 81
4492 3332
3332 3629
2249 1873
1873 261
3569 4348
4348 957
895 1203
1203 3297
3144 3184
3184 2890
2940 606
606 3619
1056 3670
3670 3189
1486 2129
2129 3114
602 1601
1601 1245
151 293
293 4054
2452 460
460 3262
158 3611
3611 2799
3524 1715
1715 4345
4440 379
379 2975
2020 3839
3839 195
3139 1470
1470 1085
523 3523
3523 1043
1166 4454
4454 3081
4552 2775
2775 3797
4264 3842
3842 3123
3210 1929
1929 3081
1678 3247
3247 198
1459 2951
2951 130
2459 3995
3995 3226
490 698
698 751
3410 4256
4256 3602
1259 157
157 2202
2936 3982
3982 4423
2348 885
885 3102
151 2031
2031 1646
1440 310
310 1978
3778 4372
4372 3081
2170 3932
3932 751
1121 4439
4439 1346
2249 2488
2488 518
165 4145
4145 4285
3120 2134
2134 952
3200 225
225 4043
3179 1899
1899 3205
3111 586
586 1350
2770 2179
2179 3614
4547 2880
2880 1857
2849 279
279 2711
3764 1494
1494 3690
2787 3658
3658 2967
498 2497
2497 2192
3000 723
723 1956
3236 555
555 3115
1608 3640
3640 728
215 3742
3742 1107
2137 3652
3652 781
2876 1983
1983 4488
3390 438
438 1915
3705 2632
2632 1681
3462 2827
2827 3367
3783 3044
3044 3274
2597 1703
1703 4540
282 941
941 4061
3200 2745
2745 358
1486 3851
3851 3614
2687 4408
4408 2817
2626 1542
1542 3476
1678 3324
3324 105
421 1760
1760 575
4247 2100
2100 1485
1665 2873
2873 3876
165 3879
3879 4540
72 3581
3581 4072
2866 470
470 105
2544 2505
2505 4072
294 448
448 1346
2264 4129
4129 38
3705 807
807 195
627 3095
3095 4506
3046 3083
3083 466
3020 191
191 3887
1057 413
413 3101
1459 3074
3074 2202
2262 2779
2779 2788
725 3501
3501 3424
3240 3815
3815 195
3599 2874
2874 3007
3282 3626
3626 1394
2541 3376
3376 2715
2264 3296
3296 3876
1259 1733
1733 324
4046 1156
1156 714
329 286
286 1432
3987 3302
3302 1265
2849 3385
3385 4223
858 2225
2225 3797
1616 4498
4498 4226
3310 4214
4214 3797
171 3901
3901 3262
3410 509
509 2576
1221 2656
2656 603
3120 2913
2913 2173
3139 2708
2708 283
3197 1890
1890 4043
2849 403
403 2549
1166 2979
2979 3018
706 4085
4085 4345
3144 3662
3662 358
2242 1165
1165 4031
1223 2498
2498 2202
1440 2661
2661 4020
472 1445
1445 3262
1121 2707
2707 512
1244 1973
1973 781
911 4281
4281 3176
1616 2206
2206 1800
7 2762
2762 1586
1121 3765
3765 1107
2800 2123
2123 1147
50 864
864 2244
3569 2251
2251 3364
4440 1277
1277 3530
282 1284
1284 3985
3130 1169
1169 648
3354 337
337 4226
2187 2587
2587 2218
1764 942
942 712
557 2653
2653 2344
1939 1639
1639 884
50 316
316 1586
2936 1845
1845 3985
2544 1959
1959 2549
3465 1913
1913 2889
73 3053
3053 2935
923 4530
4530 117
1166 1182
1182 380
2719 327
327 261
3177 2127
2127 1956
329 2761
2761 4285
1046 307
307 1107
3240 1648
1648 952
237 3194
3194 2114
3705 2291
2291 1095
4475 3843
3843 833
2940 2721
2721 2180
3764 1591
1591 3878
4070 2454
2454 4447
1133 4014
4014 1369
262 2582
2582 809
1057 4040
4040 177
2719 2722
2722 3226
4010 1569
1569 380
1035 3892
3892 3556
2857 170
170 3642
2948 2928
2928 3115
4264 944
944 994
1317 401
401 773
3465 4148
4148 949
962 4267
4267 1154
1624 770
770 2430
542 14
14 140
894 2376
2376 2458
4023 236
236 1485
2723 3026
3026 315
4492 1019
1019 3176
1098 372
372 1345
997 814
814 2728
50 2570
2570 1394
2242 3086
3086 2295
618 2278
2278 3602
4010 1701
1701 518
2525 3347
3347 3171
386 1239
1239 1925
3016 3383
3383 1139
557 2601
2601 3018
2336 1250
1250 1646
7 590
590 3690
602 4271
4271 2180
1035 2774
2774 3360
830 4425
4425 3476
1608 2641
2641 1743
557 1883
1883 257
4565 1210
1210 4080
2820 2331
2331 1681
2163 2732
2732 3448
2687 4255
4255 591
3488 928
928 4054
1342 2451
2451 4368
4467 1644
1644 3101
1313 1312
1312 952
1459 1298
1298 3887
3482 3222
3222 3172
2249 152
152 1043
574 4445
4445 2899
3569 4393
4393 117
1376 499
499 4285
2589 3942
3942 105
3441 4485
4485 2817
574 617
617 3797
498 690
690 2114
3433 1336
1336 3018
3599 3461
3461 3602
4426 2219
2219 4043
2787 2361
2361 2975
4136 2895
2895 130
542 3930
3930 3830
3551 228
228 1757
1823 3898
3898 3674
498 3694
3694 3360
1244 2282
2282 1485
2242 2781
2781 290
1683 3196
3196 4061
1281 3284
3284 2614
877 1994
1994 3101
923 3732
3732 4321
618 2692
2692 3397
31 2550
2550 38
2130 4374
4374 695
386 2310
2310 890
1121 743
743 4211
725 1414
1414 2890
2864 2388
2388 3101
1313 1158
1158 2967
2264 2852
2852 2173
4467 2649
2649 1862
895 375
375 3580
2005 4341
4341 2967
477 3329
3329 324
3442 3832
3832 603
602 2674
2674 675
877 216
216 4102
1638 2312
2312 2202
237 3821
3821 4054
40 1180
1180 3602
4124 1545
1545 257
3783 3801
3801 781
2719 2343
2343 2218
50 2079
2079 1295
618 4514
4514 3101
1624 755
755 818
1942 2837
2837 3214
171 1181
1181 4061
3511 2392
2392 1154
3569 4106
4106 4055
913 1103
1103 2192
584 3786
3786 140
4467 3780
3780 2890
1046 2808
2808 3297
542 406
406 1050
3654 1084
1084 2711
2086 3504
3504 4240
2800 3939
3939 4110
2849 968
968 3371
2005 3249
3249 4080
3020 2095
2095 3448
3441 711
711 4080
4539 777
777 2271
2096 1464
1464 1265
3442 388
388 4030
2249 441
441 3371
2137 4044
4044 4055
3441 2891
2891 3007
3441 4571
4571 1978
1122 3160
3160 2694
44 4190
4190 1956
1057 759
759 270
250 667
667 2493
1121 4562
4562 2935
2712 3525
3525 3448
2583 3993
3993 3101
2163 4294
4294 4310
1046 1801
1801 1279
1624 2115
2115 2455
4475 663
663 3878
2381 2146
2146 3337
895 4499
4499 3673
7 549
549 1407
923 2465
2465 2728
3410 2349
2349 10
3111 976
976 3619
2163 4068
4068 3448
894 87
87 2715
2264 459
459 3337
3111 520
520 3975
2130 1361
1361 695
618 2980
2980 1485
3870 1059
1059 2566
1942 3445
3445 263
3177 3698
3698 3985
490 681
681 3990
1035 2502
2502 1642
895 2664
2664 3878
2163 2120
2120 324
2513 703
703 3878
4539 4073
4073 1872
997 1297
1297 2568
1665 2822
2822 4423
3390 2999
2999 3297
2919 4059
4059 2055
3764 2345
2345 3369
296 3944
3944 1095
1450 3389
3389 1915
73 2771
2771 1369
2096 1454
1454 155
2712 2230
2230 1485
2544 661
661 4310
2381 4184
4184 2198
2400 3889
3889 1872
858 2648
2648 2192
557 4410
4410 2244
1764 851
851 1485
3167 267
267 1095
3511 4496
4496 3226
3310 4559
4559 603
446 1079
1079 2106
237 2065
2065 3629
1678 3022
3022 2493
3465 1492
1492 290
2626 3649
3649 3007
103 11
11 3750
2005 2927
2927 2344
151 1916
1916 3360
3599 971
971 3809
3567 2301
2301 3018
1122 1917
1917 257
4046 4266
4266 1245
3612 2780
2780 3878
3120 2682
2682 4488
3869 2801
2801 1279
3046 3711
3711 3371
1299 546
546 728
2084 128
128 989
4049 616
616 3909
3718 1940
1940 3876
1678 2558
2558 2935
2005 2012
2012 3214
2655 2279
2279 1407
318 3163
3163 1784
1376 173
173 1247
4133 1219
1219 576
3528 1457
1457 2455
1933 762
762 3191
3551 3156
3156 989
4124 3630
3630 2568
1342 694
694 3847
3764 2413
2413 315
2936 4216
4216 283
73 4379
4379 315
13 52
52 1095
719 1271
1271 4054
1057 3857
3857 668
1683 2211
2211 105
1317 511
511 2265
3179 4189
4189 3297
2360 4052
4052 4097
627 2176
2176 3364
3511 2155
2155 155
692 2261
2261 2715
4261 938
938 3369
3216 3751
3751 1743
215 760
760 758
1608 424
424 2099
3778 2575
2575 1682
2589 1114
1114 3750
2452 847
847 3176
132 4183
4183 2180
171 1571
1571 2614
2655 1620
1620 2265
168 4150
4150 1265
3869 3182
3182 3115
4470 876
876 1107
40 842
842 3007
4475 1752
1752 1646
1046 2627
2627 1407
2712 3919
3919 1245
4007 3964
3964 3364
4426 1756
1756 432
1665 3103
3103 3876
3000 1999
1999 1469
40 3061
3061 751
962 629
629 2817
318 125
125 3142
332 2182
2182 1872
1918 4394
4394 714
2348 1645
1645 3101
1121 1020
1020 773
3310 3807
3807 3142
3987 61
61 3285
1047 4203
4203 1834
3120 1598
1598 1434
2525 2196
2196 603
3654 4418
4418 2728
1459 3078
3078 800
692 1206
1206 380
2857 1214
1214 2967
3216 3348
3348 3674
1313 1604
1604 4253
4007 4308
4308 3285
1109 366
366 2493
3599 2851
2851 1834
2130 1401
1401 712
2815 4471
4471 3975
3310 2933
2933 315
2866 1502
1502 1369
3870 1421
1421 140
3599 798
798 1138
894 1961
1961 177
1933 1581
1581 775
894 3838
3838 884
40 3508
3508 10
2815 3546
3546 358
296 2172
2172 1615
2876 2545
2545 358
2130 1141
1141 3368
4136 3586
3586 3496
2005 321
321 4345
602 3220
3220 1621
2249 2573
2573 1080
1376 965
965 1147
3442 2622
2622 3496
912 1227
1227 651
2360 3138
3138 1432
3511 883
883 3990
2687 1993
1993 3360
2719 1105
1105 3007
4070 4112
4112 2140
1638 1529
1529 1095
2187 1926
1926 1682
13 185
185 4223
3216 812
812 2180
2170 2929
2929 3274
3020 2052
2052 2728
1163 3380
3380 1394
4547 3429
3429 4506
4492 2453
2453 3115
830 3229
3229 415
3111 2735
2735 257
4440 480
480 1265
2948 3855
3855 3580
3221 2383
2383 1948
1035 2994
2994 257
1764 1289
1289 3260
3705 2207
2207 3750
1035 3303
3303 4310
2940 3981
3981 4041
4247 2167
2167 2967
1133 2028
2028 2728
3567 2425
2425 1147
1486 2724
2724 2715
4049 1305
1305 4226
2864 1554
1554 2140
4046 3950
3950 2967
830 1910
1910 1469
3764 780
780 4009
2919 462
462 2295
4124 3905
3905 404
2940 25
25 3959
3536 4511
4511 257
472 1614
1614 1743
490 192
192 1245
895 626
626 1453
446 1354
1354 3367
2170 45
45 3959
1823 434
434 404
2381 3152
3152 3878
602 771
771 3226
2936 2000
2000 2244
4023 2729
2729 1642
4440 3306
3306 3750
2919 970
970 238
7 353
353 2218
1046 657
657 2295
4049 861
861 3975
3528 4109
4109 3191
692 2105
2105 2218
2381 99
99 3101
962 3015
3015 1485
165 3585
3585 3602
4470 2720
2720 1085
1462 1078
1078 1247
1810 4349
4349 240
4551 3578
3578 651
3240 1504
1504 2576
2525 2925
2925 2180
3130 359
359 3176
1719 3745
3745 3909
1212 3339
3339 518
296 4502
4502 101
4070 302
302 1350
3177 3276
3276 3556
523 454
454 904
3120 4170
4170 1800
2163 164
164 117
4023 3478
3478 957
2864 3549
3549 575
725 2538
2538 4111
3511 4188
4188 3424
1638 2603
2603 2973
542 2555
2555 648
618 4474
4474 261
996 4125
4125 2173
3020 2481
2481 1369
4136 4262
4262 4055
4475 1235
1235 668
1665 3692
3692 2728
2687 3628
3628 3808
2348 1195
1195 1834
215 4466
4466 4061
282 1106
1106 800
2170 3977
3977 818
4470 3818
3818 3878
72 1877
1877 1948
3449 2536
2536 3545
282 2
2 1188
2940 2001
2001 952
4046 2337
2337 1080
692 1000
1000 2055
997 3006
3006 1956
706 2404
2404 518
386 1067
1067 1085
1259 1995
1995 818
2519 4400
4400 3985
3177 2574
2574 4321
1056 2070
2070 3369
282 2359
2359 1147
4551 4318
4318 3476
3144 953
953 1872
3130 565
565 758
2083 1677
1677 3424
1163 2471
2471 95
3167 1900
1900 3191
1462 804
804 3337
3870 1118
1118 3568
3569 1202
1202 117
2130 4087
4087 4020
1450 1422
1422 2967
1574 2075
2075 1139
2940 1543
1543 3114
3639 218
218 4211
2544 3914
3914 195
3139 3868
3868 4226
1462 3618
3618 3397
3139 3387
3387 651
3551 2965
2965 3985
2655 162
162 3241
7 2056
2056 4423
4247 370
370 1834
3612 3634
3634 408
584 258
258 3556
2948 2357
2357 2430
3111 3598
3598 3274
237 501
501 603
227 3729
3729 591
1624 3940
3940 4072
262 3164
3164 2599
2857 4392
4392 1872
1244 1162
1162 38
1163 3967
3967 1800
618 394
394 1948
2381 3370
3370 3241
1574 869
869 432
2719 3494
3494 1743
1684 1187
1187 3629
4363 2275
2275 2564
3910 841
841 2576
2264 35
35 4042
2626 1998
1998 1642
2249 815
815 1154
4467 1246
1246 2799
3599 2277
2277 3337
421 559
559 290
3718 593
593 4423
830 4182
4182 2055
3167 3328
3328 4540
3236 2623
2623 2140
4046 696
696 1834
725 2567
2567 1862
692 1720
1720 3115
237 1262
1262 2899
719 979
979 2694
2719 2030
2030 3297
2084 1466
1466 283
3111 2894
2894 3674
1450 1564
1564 3830
4539 2416
2416 1139
294 3790
3790 4102
3442 806
806 3205
2519 1409
1409 591
3718 2486
2486 4031
44 671
671 800
3551 414
414 3124
490 992
992 4055
2770 1689
1689 576
706 727
727 4211
4328 4520
4520 117
168 1484
1484 3448
3120 1021
1021 3124
1166 4079
4079 3124
2924 708
708 2295
2452 635
635 2099
4492 513
513 1138
1918 1855
1855 1279
2262 2790
2790 2265
602 4278
4278 3629
3442 36
36 3602
877 3030
3030 773
318 1174
1174 1369
3488 2364
2364 746
643 2151
2151 1978
3390 1533
1533 3448
3144 1251
1251 3123
2459 209
209 2568
3179 4134
4134 3367
3783 866
866 105
1764 431
431 2564
3536 2944
2944 1948
1939 2421
2421 989
3462 2236
2236 1050
4168 852
852 324
1942 4132
4132 3619
1124 3028
3028 2842
2130 788
788 2099
44 2429
2429 1245
3718 3404
3404 3101
2626 3963
3963 3018
1121 2437
2437 2099
4007 3219
3219 2458
895 445
445 2135
4492 3538
3538 4211
1452 1796
1796 3274
4492 92
92 3750
2064 3289
3289 695
1939 1652
1652 3580
50 3451
3451 758
3177 547
547 4080
1939 4508
4508 3172
3310 582
582 101
2924 2652
2652 466
4539 3638
3638 290
237 3828
3828 2967
3442 2998
2998 728
1719 4340
4340 3674
3869 4185
4185 3274
39 1310
1310 3123
913 83
83 3642
252 4248
4248 3360
2719 205
205 2180
1440 1640
1640 1743
2583 3753
3753 2159
2096 2355
2355 890
1313 697
697 3369
1166 2117
2117 952
706 1808
1808 1139
1098 1992
1992 3102
446 3672
3672 2663
1281 4227
4227 198
2525 2475
2475 3476
3705 2133
2133 576
3020 3327
3327 1295
2687 2253
2253 957
1918 204
204 2106
3488 4121
4121 3114
2628 1438
1438 263
2163 2884
2884 257
31 3976
3976 3580
3236 3972
3972 3369
1486 76
76 3012
3310 2500
2500 1784
894 4101
4101 949
3020 2685
2685 4055
3987 3767
3767 81
3140 4353
4353 809
262 4434
4434 3214
1057 3388
3388 261
1450 3758
3758 2817
296 1824
1824 1834
1949 2417
2417 95
3410 2678
2678 3081
2712 4238
4238 2192
2655 615
615 2614
3240 342
342 4030
1638 1869
1869 2099
3462 3931
3931 1432
103 3852
3852 2271
3167 3391
3391 3990
1764 2436
2436 3673
1705 3620
3620 2085
3778 2872
2872 2889
4261 2194
2194 1586
2187 1875
1875 1188
3778 3146
3146 4080
996 331
331 1872
2719 3561
3561 4042
3236 2620
2620 3274
151 2069
2069 1925
627 506
506 3176
2083 1288
1288 2564
523 4419
4419 1757
542 508
508 949
3599 3676
3676 140
2096 3490
3490 198
1212 1979
1979 3260
627 2784
2784 2244
2064 964
964 1247
2020 3941
3941 2715
719 4199
4199 3496
1163 4205
4205 3007
2137 1694
1694 1956
2544 1941
1941 1085
4426 2862
2862 4043
2876 1189
1189 2599
3987 3824
3824 1295
4467 1568
1568 3614
2084 2586
2586 1434
318 3052
3052 4321
3528 699
699 2973
4492 1657
1657 1834
3433 2027
2027 800
627 1406
1406 156
618 573
573 3580
2020 1975
1975 2663
1739 3185
3185 3205
2544 2352
2352 4042
3791 3542
3542 3530
421 2131
2131 800
2719 1804
1804 2140
542 2165
2165 603
3282 522
522 3878
3870 4515
4515 3172
1259 2063
2063 105
332 3068
3068 2799
3410 3849
3849 2889
3869 1555
1555 2265
3020 1378
1378 3368
2940 2590
2590 270
2687 2665
2665 4226
997 1483
1483 1345
3282 716
716 1586
1608 2156
2156 3368
4133 2588
2588 512
73 1168
1168 1800
912 2547
2547 1872
329 3721
3721 3545
2187 4276
4276 257
1933 3719
3719 4285
171 860
860 3602
3236 2470
2470 1862
151 3685
3685 1800
2597 2297
2297 728
706 4174
4174 4226
2820 1520
1520 2107
1459 3747
3747 1681
2005 3716
3716 2599
4136 2911
2911 4540
1608 47
47 3556
2864 3960
3960 3619
4010 2984
2984 10
2626 783
783 3081
1163 3632
3632 1303
4070 2374
2374 2935
103 1200
1200 2576
4261 1685
1685 2173
2242 1692
1692 3674
2381 2369
2369 2192
246 2968
2968 1434
1244 816
816 695
3179 104
104 358
2628 1841
1841 432
72 2991
2991 1485
3177 1335
1335 1080
1122 985
985 4031
4467 2037
2037 3969
3179 1791
1791 3081
3524 916
916 3714
31 1241
1241 4321
2264 554
554 1341
3120 3333
3333 130
2857 2311
2311 2817
151 2284
2284 1295
3511 1365
1365 3642
3442 2401
2401 1800
215 526
526 3629
1665 2036
2036 117
4431 1799
1799 4345
584 4259
4259 357
1212 1960
1960 3545
1939 3025
3025 2458
1608 768
768 3556
1739 2635
2635 2099
296 1190
1190 781
3567 4505
4505 156
1046 4389
4389 3353
2787 4480
4480 800
3551 3678
3678 3959
1942 491
491 904
1624 3996
3996 3673
1163 1874
1874 775
2597 3710
3710 4097
1459 1065
1065 3018
1450 4521
4521 2474
1810 3295
3295 155
2687 3693
3693 2295
2924 3037
3037 1345
2948 785
785 1453
73 1963
1963 2973
2864 2460
2460 3530
4023 4116
4116 357
2530 2839
2839 3142
1665 552
552 758
3177 3483
3483 3673
2787 350
350 3368
4191 2552
2552 1095
1244 3949
3949 177
3612 2531
2531 270
2936 642
642 324
4565 390
390 3214
4547 614
614 3476
1486 3746
3746 3172
44 1417
1417 2568
1047 1827
1827 2568
2360 3956
3956 315
421 3245
3245 1350
2459 2676
2676 518
3130 2955
2955 952
3599 1280
1280 3530
1624 4415
4415 746
2086 1628
1628 3808
3870 1013
1013 3496
2083 729
729 3887
725 4128
4128 4110
4426 4243
4243 3876
3654 3495
3495 591
3569 1322
1322 2566
858 3537
3537 1394
215 3233
3233 2889
2381 1499
1499 156
3482 4088
4088 4423
1121 3776
3776 38
913 1843
1843 1138
4124 3244
3244 1682
103 2072
2072 1862
215 3532
3532 240
3197 1430
1430 432
1057 2755
2755 3673
1056 2736
2736 198
1317 3708
3708 989
3310 4435
4435 2728
997 581
581 1185
3599 3417
3417 4211
1933 772
772 1681
2187 4246
4246 3260
4551 2034
2034 4042
1376 1702
1702 1080
1166 3361
3361 3172
1223 3947
3947 4030
3354 821
821 1856
584 3004
3004 3285
3111 619
619 4110
1281 2836
2836 240
3536 3143
3143 3360
1259 1254
1254 1856
168 1558
1558 2202
7 457
457 270
557 2408
2408 3191
3120 1032
1032 884
4049 3811
3811 1834
1121 3045
3045 358
1918 769
769 3124
3016 468
468 2244
1313 32
32 3176
4539 387
387 4368
250 1333
1333 1800
3870 3227
3227 3959
4367 4346
4346 3629
3987 3713
3713 1872
2687 1944
1944 1856
1684 1723
1723 3191
3354 1238
1238 2549
252 3008
3008 4054
3449 2307
2307 3012
318 150
150 3371
3718 2710
2710 3876
2866 1769
1769 2599
1223 794
794 4240
3791 529
529 1525
4363 139
139 3830
3718 3097
3097 4031
1057 672
672 1303
1739 1370
1370 2106
3221 1024
1024 3285
4552 2270
2270 404
1122 4405
4405 136
3200 3938
3938 3556
3441 3452
3452 1080
1459 1818
1818 1757
4328 1082
1082 3364
4168 870
870 2564
262 2524
2524 3367
282 645
645 1469
706 1578
1578 1369
2096 2315
2315 2114
151 1385
1385 4223
4261 3934
3934 1085
3144 2389
2389 2055
1705 440
440 1621
4367 2210
2210 4223
7 2368
2368 3191
4247 2563
2563 466
3569 1592
1592 3285
3130 4541
4541 270
1056 1343
1343 2973
3524 361
361 1743
477 335
335 575
3536 1495
1495 518
7 3344
3344 358
3567 544
544 1915
1705 2153
2153 81
3062 4438
4438 3189
2541 4322
4322 1050
3705 1826
1826 1642
1933 608
608 3360
1764 1565
1565 2889
2626 4050
4050 4097
4046 2561
2561 3360
4467 1937
1937 1434
4261 135
135 3568
1047 71
71 1154
602 726
726 404
3987 4444
4444 2899
50 673
673 195
1823 3479
3479 1432
3046 1833
1833 290
246 3661
3661 263
294 917
917 324
3282 1617
1617 2599
421 3697
3697 1147
1046 623
623 4055
1459 3844
3844 4003
1057 3060
3060 2568
1317 2879
2879 2935
1122 1357
1357 3545
1616 3077
3077 404
911 1049
1049 1279
719 1475
1475 261
2948 4144
4144 3674
3210 1654
1654 1800
40 3427
3427 512
618 4545
4545 668
1823 2970
2970 1681
2815 3351
3351 1727
215 1531
1531 1956
1057 1031
1031 512
4470 4063
4063 957
923 1946
1946 2890
1259 3513
3513 2614
3139 3273
3273 3959
2723 3541
3541 3191
912 1950
1950 2564
4010 1374
1374 957
2187 37
37 1154
3140 908
908 4506
252 2003
2003 3353
4046 3316
3316 2663
1616 268
268 2566
2864 2934
2934 4110
3221 3088
3088 380
3764 1070
1070 3260
3599 1634
1634 3690
3433 4158
4158 261
1459 1339
1339 2055
3705 1928
1928 3690
3639 4245
4245 949
686 115
115 2474
1705 9
9 105
1608 504
504 1394
1035 2178
2178 3619
2687 3149
3149 1453
3062 3254
3254 3214
1163 436
436 1245
421 1134
1134 3674
3718 3854
3854 890
2381 2017
2017 3176
2530 1491
1491 1139
2866 2168
2168 1453
858 4326
4326 283
1705 782
782 1615
2948 735
735 3969
4070 292
292 4368
3179 2508
2508 1295
1705 349
349 136
3216 2021
2021 4042
237 4478
4478 3909
2137 1367
1367 3424
4440 2038
2038 3847
2687 1790
1790 2975
2096 1530
1530 809
4247 481
481 3448
1462 1308
1308 3191
3046 1328
1328 3959
4264 3136
3136 4030
857 2534
2534 4030
1764 2523
2523 2173
3144 2560
2560 3371
1574 2450
2450 3226
3210 405
405 4540
1719 3566
3566 675
1317 1390
1390 238
171 1548
1548 3018
923 4342
4342 2173
2815 2062
2062 2159
171 49
49 3368
2770 1269
1269 1735
523 2993
2993 2889
2597 3122
3122 2576
3000 2888
2888 3367
1705 3761
3761 3530
542 4160
4160 4009
2264 779
779 4285
4162 550
550 818
3111 419
419 3642
4010 2768
2768 1469
3433 2043
2043 4042
165 1895
1895 4020
3144 1463
1463 257
318 351
351 4447
13 1767
1767 3568
2064 4387
4387 1350
1122 4490
4490 1453
3410 1436
1436 4345
584 111
111 512
2924 1191
1191 2107
1163 2769
2769 1784
1823 28
28 3809
4261 2759
2759 1154
2452 2786
2786 3690
4146 2630
2630 155
4551 1143
1143 728
3536 784
784 1915
3441 179
179 1586
477 4157
4157 324
50 295
295 2549
1313 1712
1712 3397
1259 3945
3945 2218
1486 2772
2772 1138
3718 4324
4324 2614
3705 178
178 4030
1764 343
343 4054
3216 1780
1780 989
3511 2689
2689 651
3465 2600
2600 4540
542 1028
1028 358
602 3174
3174 3847
1823 2645
2645 3690
2328 3597
3597 1878
1098 4360
4360 576
3016 3338
3338 904
1896 3397
168 84
84 3809
1665 219
219 949
3177 1700
1700 3214
1122 3318
3318 1394
1166 1396
1396 4540
2096 3150
3150 2549
3764 4143
4143 3808
2360 3313
3313 2455
3551 1779
1779 4102
4136 3735
3735 2711
923 4458
4458 3102
40 323
323 3808
1313 2765
2765 3274
1223 3154
3154 1727
3197 3491
3491 4321
4264 4232
4232 3496
3139 1016
1016 3568
2936 669
669 3750
386 1087
1087 4061
1684 624
624 3297
1259 2483
2483 1085
2597 597
597 712
962 65
65 2140
1949 2390
2390 2202
151 2252
2252 2566
282 2752
2752 2566
2459 4482
4482 1043
1121 793
793 1394
692 3091
3091 1043
962 2529
2529 3214
168 166
166 3629
2544 4258
4258 1469
4010 2548
2548 263
3016 4176
4176 195
1608 3617
3617 324
3783 247
247 3530
857 896
896 884
4264 1820
1820 2614
2687 88
88 4223
421 1762
1762 3241
912 121
121 404
2513 3225
3225 3642
706 1226
1226 4097
3449 1881
1881 4055
1150 1232
1232 3975
3488 1220
1220 240
103 3796
3796 1085
1299 3304
3304 1188
2083 940
940 1346
3449 3104
3104 3530
103 3137
3137 3750
4247 395
395 2173
3870 722
722 156
4070 2338
2338 117
2800 2414
2414 773
3639 214
214 2973
3705 3591
3591 818
2530 2411
2411 994
3139 3933
3933 2967
2866 1609
1609 668
725 878
878 3606
996 4297
4297 2842
1150 2226
2226 4540
3441 2190
2190 4031
4023 2730
2730 4043
1683 2785
2785 2202
1939 3453
3453 1872
3140 3499
3499 2967
2083 2607
2607 4488
523 397
397 1295
2712 682
682 2568
3390 4388
4388 270
2787 2197
2197 315
3221 4194
4194 2975
3612 119
119 3337
4328 4237
4237 3012
1574 1532
1532 695
2381 1007
1007 3750
3144 1022
1022 2899
3783 348
348 1681
3111 389
389 2295
1949 210
210 4447
1376 1989
1989 177
296 3633
3633 3990
4162 3323
3323 105
602 3507
3507 4031
2513 2233
2233 751
1450 4279
4279 2566
1121 572
572 1915
1259 3575
3575 3176
3310 4082
4082 3887
132 2855
2855 3580
3910 2325
2325 3530
2924 640
640 3297
1047 693
693 3274
13 378
378 3629
1342 3552
3552 1978
3410 1337
1337 518
2800 4365
4365 884
1450 2517
2517 651
895 2562
2562 3142
2541 2333
2333 3580
692 2440
2440 1621
282 3544
3544 2085
1047 2947
2947 2180
2020 535
535 4368
472 4002
4002 3808
692 4566
4566 695
3197 3352
3352 4043
7 4066
4066 2265
3144 4420
4420 3448
31 319
319 3580
923 4234
4234 3809
3016 3277
3277 2295
3433 345
345 651
3524 3238
3238 1247
2328 275
275 3226
1739 1798
1798 1757
830 3267
3267 4285
3764 1729
1729 2202
996 2407
2407 3808
4367 381
381 4061
2626 3840
3840 3101
490 278
278 3714
4565 961
961 1245
912 443
443 257
3441 463
463 1878
3354 1117
1117 2711
386 2395
2395 3690
1450 2881
2881 1188
1299 428
428 117
1057 1327
1327 4506
584 1736
1736 270
2187 2658
2658 3809
332 4500
4500 949
3528 17
17 177
923 1688
1688 4061
3210 1906
1906 4041
168 676
676 1138
1244 3099
3099 818
472 2068
2068 198
2849 836
836 1948
706 3014
3014 3568
1574 3817
3817 1138
1299 2847
2847 3448
3511 4359
4359 358
3433 2067
2067 3189
523 595
595 2099
3111 3340
3340 3214
294 3325
3325 1095
262 313
313 3214
3569 1160
1160 117
2864 3377
3377 2458
2084 4075
4075 2458
3599 2082
2082 591
227 1673
1673 3642
1739 2229
2229 518
4552 4378
4378 101
4191 1402
1402 1154
2723 2428
2428 1369
329 129
129 195
72 4327
4327 1185
1212 2893
2893 4031
72 1324
1324 2967
997 2982
2982 4041
3511 3055
3055 4041
3528 797
797 2728
2589 137
137 4072
4146 4501
4501 1095
215 2642
2642 2114
4049 1011
1011 156
165 2598
2598 3556
4565 1747
1747 1727
4431 3800
3800 3876
158 360
360 1862
1035 1655
1655 3101
1166 3647
3647 3369
40 1315
1315 3189
1450 3986
3986 1862
643 1207
1207 4226
3062 90
90 3205
895 831
831 728
2084 77
77 263
1608 2138
2138 4055
3783 1803
1803 3367
2857 3730
3730 3797
1624 486
486 994
1342 3027
3027 240
1056 2826
2826 1229
2064 2492
2492 2140
4440 599
599 1681
2820 4167
4167 4061
3511 4154
4154 2549
3441 3472
3472 2107
2948 3237
3237 3496
39 2830
2830 3205
4191 455
455 904
103 548
548 2085
894 2375
2375 2817
1452 791
791 3371
627 3789
3789 240
3236 4486
4486 1525
3120 2238
2238 1229
1056 2259
2259 315
1221 1908
1908 3629
1486 2112
2112 117
4136 208
208 3614
3000 3201
3201 2295
2820 2322
2322 2564
4467 4314
4314 1485
2452 2032
2032 3123
4467 659
659 3830
1121 1347
1347 3397
2525 1699
1699 177
4467 3109
3109 3909
2583 2506
2506 4226
877 3899
3899 884
895 709
709 3959
3197 2403
2403 3367
3390 984
984 1621
2262 1663
1663 2568
3910 1
1 2202
2815 641
641 1925
2137 1126
1126 2344
3130 4138
4138 1147
1949 1101
1101 1080
4264 1589
1589 95
72 4509
4509 3545
4426 4525
4525 3364
2541 2422
2422 4506
2242 524
524 1784
4367 2294
2294 4097
3442 977
977 1229
148 2867
2867 1188
282 1418
1418 4447
72 4344
4344 3189
4261 3535
3535 2135
1299 109
109 3274
895 426
426 2455
1823 1081
1081 3367
1616 3766
3766 994
2360 190
190 117
1281 3002
3002 1948
3140 1623
1623 380
1150 3497
3497 989
627 803
803 3969
7 2556
2556 1621
2381 1907
1907 1138
103 2329
2329 3226
4023 1775
1775 1834
2626 3763
3763 1878
2249 306
306 130
923 197
197 4110
1933 3010
3010 2107
39 1006
1006 833
895 1110
1110 3397
1109 4568
4568 1735
1462 1123
1123 3241
2940 2985
2985 315
2525 625
625 2344
1942 2189
2189 3114
894 2263
2263 3556
132 2048
2048 2614
686 1905
1905 2694
725 950
950 3364
2513 872
872 1735
3236 1513
1513 177
2513 982
982 3476
3410 2195
2195 3797
227 91
91 1615
2083 3444
3444 4097
3310 1958
1958 775
1121 3423
3423 3690
2519 3067
3067 957
3111 4139
4139 3878
1244 1391
1391 3018
1133 3675
3675 3448
2005 1275
1275 290
39 3553
3553 2890
1057 461
461 4223
602 4053
4053 3297
4565 3
3 3367
2264 3823
3823 315
3167 4282
4282 3123
2452 1974
1974 833
1376 2974
2974 3606
3599 2464
2464 270
1450 2754
2754 2099
2687 1395
1395 3887
3449 1063
1063 4110
1121 456
456 1303
1942 118
118 2159
3482 683
683 1956
913 2963
2963 4003
3910 482
482 261
3433 551
551 3115
1462 4272
4272 3101
523 3573
3573 2599
542 1037
1037 4042
2336 3261
3261 240
3410 3439
3439 4540
3167 622
622 3353
2864 285
285 4110
151 3075
3075 2218
1166 3720
3720 591
2020 1987
1987 3985
2589 1167
1167 2566
3488 1171
1171 1080
3177 2539
2539 1978
332 485
485 714
725 226
226 1434
151 3682
3682 818
2170 2941
2941 1872
3167 688
688 4240
3236 1560
1560 1485
3910 817
817 3262
250 1758
1758 324
1739 3533
3533 4020
3167 3456
3456 4423
3167 2916
2916 4061
3130 848
848 290
2525 167
167 105
158 1706
1706 238
7 1774
1774 746
3310 687
687 695
1949 1680
1680 1432
3144 1599
1599 3115
4162 2216
2216 2218
3236 3594
3594 3673
2187 1976
1976 1085
262 2747
2747 2493
3524 2071
2071 380
1035 3880
3880 818
1705 4352
4352 270
3000 287
287 4253
3482 1272
1272 3191
31 1573
1573 3580
3870 425
425 290
3140 1607
1607 3369
1933 1437
1437 1432
1764 922
922 1856
3869 223
223 4345
1918 502
502 81
1109 2740
2740 884
1046 3810
3810 3114
858 4555
4555 4043
3441 3093
3093 3985
4023 4090
4090 1915
3139 3257
3257 263
3783 1149
1149 1872
3390 3242
3242 2935
2264 239
239 3364
4492 2615
2615 3007
962 991
991 3750
4247 2858
2858 2799
72 422
422 1784
3236 1785
1785 3496
2936 1127
1127 3545
3410 951
951 1050
1918 3725
3725 156
332 113
113 1107
4551 2581
2581 3750
1342 2418
2418 1138
3200 1938
1938 3364
1624 3904
3904 2271
3654 3168
3168 380
1281 4332
4332 1453
725 26
26 2663
3449 127
127 949
962 2878
2878 105
2597 1750
1750 3750
4133 1268
1268 728
1057 4507
4507 1303
1046 1157
1157 675
4247 183
183 1245
2583 2515
2515 1245
1574 2807
2807 3476
151 2240
2240 2055
3062 3520
3520 3214
3524 3319
3319 2265
282 880
880 3115
3465 3636
3636 1834
4328 4213
4213 1784
498 721
721 1878
1121 1708
1708 4020
72 2802
2802 4072
3020 2794
2794 1925
4551 3065
3065 1245
2163 1763
1763 3847
132 2812
2812 4009
3551 2501
2501 3262
2064 986
986 3606
3654 4098
4098 3959
584 1597
1597 818
31 2713
2713 994
2924 521
521 4031
1299 1040
1040 4061
103 915
915 2576
2948 122
122 3714
2519 2859
2859 3642
282 2971
2971 1295
1683 1192
1192 198
39 2053
2053 240
1035 677
677 833
490 503
503 4043
237 256
256 1681
4168 423
423 1394
4440 3098
3098 695
3567 1590
1590 575
1046 452
452 1681
1616 322
322 2890
3216 598
598 3809
3130 1788
1788 3975
4328 3092
3092 2099
3111 276
276 3674
1684 4300
4300 957
1665 4479
4479 1407
3282 1717
1717 2576
329 3862
3862 3556
4264 3978
3978 3602
574 467
467 4447
3465 2300
2300 3274
2815 435
435 3629
4565 338
338 3690
2589 23
23 1646
3551 679
679 890
618 1852
1852 3476
3139 3457
3457 3285
1259 2094
2094 2140
2948 1860
1860 3619
4070 1111
1111 1346
830 1962
1962 1369
2242 1311
1311 1469
3167 1777
1777 3018
1223 4518
4518 3580
1739 2188
2188 4020
386 1477
1477 603
3433 3117
3117 1925
3441 628
628 1878
2719 4535
4535 3476
171 1770
1770 2159
1705 2978
2978 3830
1719 3469
3469 2107
1317 678
678 3226
911 4077
4077 358
2800 3157
3157 809
103 3186
3186 2140
296 2821
2821 1978
3144 2008
2008 890
252 1662
1662 648
858 51
51 1265
318 1255
1255 4226
913 1218
1218 1188
1056 161
161 4110
421 2520
2520 140
3524 2814
2814 3830
3442 4058
4058 1080
215 1410
1410 1856
4162 4207
4207 4003
2086 2116
2116 3262
2020 3888
3888 2564
2589 1627
1627 2055
1624 1468
1468 101
3870 3395
3395 10
4492 1904
1904 380
1098 1481
1481 1085
1259 4493
4493 263
2787 4572
4572 4111
4046 3816
3816 270
2242 4384
4384 4310
2820 2804
2804 781
1166 2371
2371 3360
3536 4370
4370 1147
3240 3664
3664 3337
2628 3502
3502 10
3240 1465
1465 4054
523 2402
2402 3830
3390 3466
3466 2140
3111 1176
1176 1735
2336 4536
4536 2975
4467 2394
2394 3274
3167 78
78 3274
1223 3212
3212 2715
3177 3574
3574 2788
2452 3589
3589 833
1719 4291
4291 1341
584 3113
3113 1800
171 874
874 4226
3140 2738
2738 2085
2787 2142
2142 415
2770 484
484 695
158 2702
2702 156
3778 2018
2018 603
1317 3350
3350 4285
282 1831
1831 1407
4475 1936
1936 2114
2525 1091
1091 1369
2459 739
739 4223
2360 2351
2351 3171
3139 655
655 3602
2249 4377
4377 4447
50 4025
4025 432
4426 684
684 1978
165 670
670 3102
1683 3937
3937 884
4007 1500
1500 3797
4539 1551
1551 4321
2083 1966
1966 3360
31 1044
1044 3424
1823 3736
3736 81
2086 1128
1128 3876
857 1755
1755 2159
3569 1224
1224 283
237 510
510 3397
2849 943
943 1346
3449 594
594 155
294 2750
2750 3226
3120 2557
2557 140
3167 3534
3534 1138
329 402
402 1341
3791 3031
3031 263
1281 1140
1140 3496
895 3290
3290 4043
3046 4229
4229 1857
3140 2618
2618 1925
719 4481
4481 1915
2866 3141
3141 4540
477 1931
1931 3007
2544 3571
3571 2085
912 4549
4549 3750
2628 3924
3924 1265
4136 1132
1132 3189
227 2019
2019 2271
2459 400
400 1139
3462 1953
1953 432
894 1580
1580 101
1121 3312
3312 518
4470 3287
3287 728
2712 939
939 466
3599 2327
2327 2218
1462 2320
2320 2192
2864 3668
3668 1872
2137 802
802 1646
3200 3683
3683 2549
1124 2217
2217 4043
294 2213
2213 4310
73 281
281 4111
913 2546
2546 668
252 1411
1411 2344
13 3129
3129 4488
3524 3039
3039 4054
3528 4187
4187 3808
4007 3704
3704 2728
1122 1092
1092 95
13 3489
3489 1138
3528 3760
3760 380
171 2224
2224 1682
4133 820
820 3619
4191 2527
2527 3171
168 1423
1423 3124
1035 3955
3955 3619
1823 1225
1225 3101
830 1018
1018 1878
1244 1806
1806 38
3354 1858
1858 3241
3282 1721
1721 1407
3567 4399
4399 3629
3551 3748
3748 2566
3354 2937
2937 238
498 1017
1017 4042
4007 1795
1795 1346
3310 2443
2443 1862
3718 2954
2954 257
1221 1593
1593 4540
44 2753
2753 1188
165 2647
2647 3081
4007 3733
3733 130
1486 1353
1353 1095
237 691
691 949
446 715
715 2271
2096 705
705 240
4440 3539
3539 712
3139 2058
2058 1188
4367 1911
1911 4285
2866 1069
1069 156
3536 3706
3706 3274
2876 2024
2024 2549
1450 2522
2522 3285
3612 4523
4523 949
830 2057
2057 2599
3167 2029
2029 3809
4168 1228
1228 2975
2348 1426
1426 3018
1035 2050
2050 2244
912 54
54 957
962 3281
3281 3809
13 2431
2431 3629
2381 288
288 2192
227 4117
4117 2568
2687 4127
4127 1469
2849 3793
3793 1857
2400 2044
2044 1735
4133 507
507 758
3528 2457
2457 2135
1376 3256
3256 2430
3282 3772
3772 1341
3240 2739
2739 238
1121 1061
1061 3969
73 2323
2323 81
3144 243
243 4447
2187 1326
1326 2271
2948 3794
3794 3975
1462 3671
3671 952
1046 1053
1053 3241
1678 1559
1559 2715
1942 312
312 2576
3120 1914
1914 3448
1452 2509
2509 3619
3167 3948
3948 380
2541 1594
1594 136
3240 2776
2776 1345
4023 4305
4305 591
250 344
344 3448
1616 3474
3474 4540
1823 2491
2491 3830
4146 4113
4113 290
2249 3863
3863 3012
1719 4037
4037 261
1719 4181
4181 3018
2589 4177
4177 4110
151 1368
1368 3367
3167 60
60 952
923 1793
1793 3690
3046 384
384 3124
3179 264
264 1925
2655 3378
3378 3448
3111 2293
2293 1432
3210 1027
1027 358
857 2479
2479 2218
3120 4039
4039 884
2583 1576
1576 2114
4426 3125
3125 3809
2712 1885
1885 1050
3221 2554
2554 1485
2770 1538
1538 890
3764 2040
2040 2055
997 1892
1892 1279
4440 1041
1041 4240
2597 3621
3621 1485
4133 2160
2160 117
1098 1496
1496 290
2086 2499
2499 4226
4124 1217
1217 712
1608 1112
1112 1862
2712 1930
1930 3990
165 4195
4195 952
1212 2831
2831 2159
3870 1473
1473 3081
158 3235
3235 3241
4168 371
371 800
3442 2904
2904 1095
246 112
112 3629
523 1161
1161 1107
2800 3554
3554 3114
329 844
844 2889
2170 3486
3486 1485
2541 2347
2347 3241
73 260
260 695
3016 1130
1130 2265
1244 519
519 2430
4539 4149
4149 3337
3179 1023
1023 1834
725 3393
3393 712
2130 1170
1170 1682
830 4428
4428 1050
4070 3970
3970 2140
165 2405
2405 1621
2400 2966
2966 2271
2264 799
799 3887
3567 2512
2512 257
44 2533
2533 3353
3144 3363
3363 290
1221 1544
1544 2244
2459 1734
1734 773
2948 579
579 3909
3612 1691
1691 3262
498 3570
3570 4540
2919 1051
1051 1295
1342 749
749 3985
2544 175
175 3007
1122 3411
3411 884
282 973
973 2889
4363 4558
4558 1857
3016 465
465 668
1299 2798
2798 81
132 3968
3968 1646
1810 3394
3394 3226
1098 3918
3918 4020
3612 172
172 3142
4010 516
516 2715
2866 1204
1204 4061
2948 211
211 3241
3197 3916
3916 1948
3130 3392
3392 38
1313 3741
3741 136
1212 1291
1291 3018
877 398
398 1857
4440 3615
3615 4253
168 3213
3213 2975
3221 3831
3831 380
3869 1497
1497 1735
1949 3058
3058 2967
4426 3057
3057 1265
50 2119
2119 2135
627 3498
3498 3101
3654 889
889 3568
1939 3917
3917 651
3111 2640
2640 3568
923 981
981 2973
2712 2749
2749 81
4049 900
900 2140
2381 1658
1658 3367
1616 4483
4483 1050
3197 3785
3785 728
1705 934
934 957
2936 1786
1786 4020
4124 114
114 358
31 2946
2946 773
2086 298
298 3496
1933 4453
4453 4447
1440 4215
4215 512
4247 3079
3079 4110
2820 2047
2047 261
4547 596
596 3606
4539 1100
1100 2140
3062 4288
4288 140
294 1967
1967 2344
4547 4093
4093 4111
3179 1448
1448 4345
3390 4543
4543 432
584 4029
4029 380
3654 1397
1397 4003
168 2783
2783 518
446 1825
1825 2458
3016 199
199 591
215 336
336 1080
1683 2983
2983 3367
618 1518
1518 2711
103 2791
2791 4110
3020 2382
2382 3887
3783 412
412 2099
498 2709
2709 4368
523 1968
1968 4226
1665 3925
3925 3530
2336 1456
1456 3750
3462 1679
1679 3007
3390 1388
1388 408
3569 453
453 1432
2936 3173
3173 3012
2513 63
63 4043
1665 3178
3178 668
913 1539
1539 4253
151 1836
1836 1080
3910 3188
3188 1345
246 3723
3723 4061
2849 291
291 3580
3240 3806
3806 3990
1440 2148
2148 3876
3869 1033
1033 3115
2459 1384
1384 800
923 1068
1068 1185
3599 2819
2819 4506
2712 4335
4335 3364
1342 2006
2006 4310
1764 176
176 3876
1810 892
892 809
3354 3322
3322 261
3390 2089
2089 2711
584 3605
3605 1107
2005 2444
2444 1341
4328 4427
4427 2455
3236 4206
4206 466
1057 1351
1351 3337
168 4563
4563 2973
3354 2688
2688 3397
2020 4228
4228 3847
3536 1850
1850 2599
2924 600
600 3878
215 2015
2015 3012
3654 1746
1746 2799
725 1595
1595 3878
3046 2756
2756 3364
2400 2625
2625 575
1942 3759
3759 3364
1221 3913
3913 1229
2096 4241
4241 1878
2242 983
983 1432
490 1986
1986 3545
1665 1460
1460 2106
282 2093
2093 3673
1918 4131
4131 3081
1046 1054
1054 4226
3511 1888
1888 2842
1459 1829
1829 3568
2519 752
752 3012
3987 2174
2174 3448
2936 3835
3835 2271
1678 3437
3437 3371
3282 2461
2461 117
171 4270
4270 1341
39 1817
1817 1095
1121 1871
1871 358
3179 4532
4532 2180
643 3415
3415 957
2137 3195
3195 3424
477 418
418 3614
4440 1198
1198 1050
1163 893
893 1956
1121 577
577 3847
2249 1066
1066 603
1166 3402
3402 2967
1212 3965
3965 2173
2242 2184
2184 1757
3462 3798
3798 2935
643 3199
3199 3580
2800 2239
2239 3424
4539 2990
2990 2344
1221 1026
1026 4031
3870 2292
2292 1080
4049 2810
2810 2566
3524 837
837 1138
4440 3013
3013 1642
1459 4386
4386 95
1124 4460
4460 2295
4124 2039
2039 1856
4049 3607
3607 10
498 3443
3443 1646
72 4325
4325 3205
171 3771
3771 1453
4070 2684
2684 3369
2348 1249
1249 1080
3870 1552
1552 3171
252 2435
2435 3545
1638 1637
1637 1862
2820 1248
1248 1050
3482 2366
2366 1050
4136 1534
1534 591
1281 3066
3066 3545
4551 1947
1947 2576
857 2448
2448 957
3120 1356
1356 2430
132 3470
3470 1279
4191 3432
3432 591
4023 3063
3063 1862
2163 3728
3728 4080
2626 2287
2287 3887
4124 4524
4524 1453
2083 1922
1922 4043
2800 1912
1912 4423
3062 1194
1194 1878
3718 2059
2059 3614
2360 1731
1731 758
3179 534
534 3969
1933 34
34 357
72 1778
1778 1303
2519 610
610 1682
1918 1398
1398 283
2020 3400
3400 3629
3705 2917
2917 809
2336 4120
4120 1345
3482 545
545 3123
3200 1566
1566 890
1459 1340
1340 4020
912 100
100 4003
706 4302
4302 1681
1299 8
8 818
73 701
701 156
2328 4048
4048 1800
1244 1954
1954 3226
2170 1789
1789 2344
2264 2629
2629 4072
2655 4250
4250 117
4367 229
229 1925
2360 1274
1274 2576
246 1783
1783 290
227 3926
3926 3674
3020 4323
4323 3226
4261 1985
1985 2817
2626 3119
3119 177
912 4096
4096 4226
2328 2051
2051 1925
3216 2760
2760 575
151 89
89 1147
997 632
632 3750
421 3883
3883 130
1678 311
311 1080
1223 2274
2274 2799
332 1584
1584 117
386 2466
2466 3353
2628 4531
4531 3189
3783 1506
1506 3602
1705 1625
1625 3285
1678 1034
1034 3797
2770 3128
3128 1525
2242 2066
2066 3629
3130 4026
4026 380
40 761
761 1245
4261 2680
2680 2935
4191 4446
4446 1095
4146 4221
4221 818
2820 1002
1002 3530
151 3041
3041 1369
2876 242
242 1862
215 2433
2433 3337
997 3126
3126 3262
627 786
786 4368
1259 2097
2097 2430
2940 3543
3543 263
386 1716
1716 3496
2170 74
74 1043
282 3885
3885 1346
3449 3514
3514 3809
2083 1400
1400 3580
3441 2892
2892 1862
3569 2992
2992 1878
1440 2118
2118 3205
1949 2276
2276 952
3462 3413
3413 994
877 2186
2186 3714
1163 1467
1467 3189
1459 1846
1846 324
165 2424
2424 240
1035 333
333 2099
2187 4383
4383 4223
2170 1355
1355 117
2096 1144
1144 1862
3567 1632
1632 2430
2249 1344
1344 2728
227 458
458 2295
1823 4242
4242 3424
895 93
93 712
282 1263
1263 3990
1683 2496
2496 1350
3140 1201
1201 4240
574 530
530 2967
830 2995
2995 1682
2849 153
153 3260
148 553
553 2576
2328 3280
3280 1862
643 3641
3641 4054
858 3834
3834 884
472 3264
3264 2842
4162 2009
2009 3876
2800 66
66 4043
3046 4319
4319 4055
2242 4166
4166 4031
1939 330
330 1043
3449 3343
3343 2140
4440 2410
2410 2694
1705 4343
4343 261
2452 3596
3596 136
252 4404
4404 668
3612 1759
1759 3673
3111 1030
1030 1956
4261 1675
1675 3878
3764 1142
1142 140
1608 1653
1653 775
3778 3752
3752 2114
1462 969
969 818
923 1766
1766 95
4133 2960
2960 4368
4470 3298
3298 728
1683 3774
3774 3580
2687 3107
3107 38
1450 3252
3252 3018
2544 1528
1528 2566
4492 3853
3853 952
252 753
753 3007
692 4095
4095 4447
3718 30
30 2564
2064 444
444 2975
2381 3726
3726 989
1684 1807
1807 283
2589 3204
3204 603
3599 2177
2177 518
3197 1690
1690 177
2787 888
888 3205
446 2223
2223 1948
296 3300
3300 3424
294 4108
4108 2135
421 3812
3812 994
1221 919
919 512
3511 1782
1782 2728
643 1523
1523 818
2530 212
212 257
557 2042
2042 833
2137 3722
3722 4003
4133 1996
1996 3556
1133 2061
2061 2975
1212 3635
3635 3189
73 2241
2241 1407
3639 1661
1661 2099
3197 2162
2162 3642
4070 580
580 3124
3778 592
592 2788
165 3234
3234 758
4551 3991
3991 1743
894 255
255 2694
4264 2746
2746 781
1342 4304
4304 4226
1450 3896
3896 3808
2628 2792
2792 283
2820 3770
3770 1185
3987 1714
1714 1856
2242 1812
1812 3369
2687 993
993 4043
1440 2288
2288 4003
2626 2204
2204 3114
3449 4417
4417 3115
2005 4436
4436 3368
3282 4193
4193 101
3197 1859
1859 3353
557 1635
1635 3018
3870 2049
2049 415
2800 1152
1152 3674
3569 1375
1375 4003
2328 4451
4451 2663
227 3473
3473 2159
2360 4459
4459 2715
3020 1309
1309 1107
1450 1955
1955 3367
1942 810
810 2140
1933 4307
4307 884
2924 2885
2885 1107
490 393
393 2135
857 1403
1403 4110
294 537
537 994
3282 4356
4356 4072
3569 2910
2910 1345
1035 2033
2033 1642
1574 339
339 800
3870 4284
4284 3369
2800 4210
4210 2890
4168 2959
2959 518
2096 956
956 3297
490 2905
2905 957
3718 3709
3709 1085
1166 1364
1364 2202
2770 2743
2743 198
4010 2139
2139 890
2020 1135
1135 3191
1823 1724
1724 2549
2800 811
811 4020
3197 416
416 1139
2919 1178
1178 3985
4136 568
568 315
3465 1408
1408 1394
4440 354
354 140
2513 3418
3418 380
1133 2727
2727 890
3783 2671
2671 4003
4539 2080
2080 4223
3783 3266
3266 2711
3511 2136
2136 952
3569 5
5 2135
2866 556
556 1469
1259 2378
2378 1346
1918 305
305 1139
686 3550
3550 1862
3139 1577
1577 4368
1684 2953
2953 1485
3140 3875
3875 2218
643 3357
3357 3176
2940 1318
1318 1303
1056 3054
3054 3714
282 1240
1240 3360
3465 707
707 675
830 2289
2289 3241
3441 2490
2490 952
4426 289
289 2599
1317 2795
2795 2198
2005 146
146 136
686 3667
3667 3364
4328 1480
1480 2564
1221 4057
4057 3274
4431 1744
1744 2192
3200 2231
2231 1369
3449 2638
2638 1727
4547 1075
1075 3018
3062 1867
1867 1107
165 1553
1553 4042
4539 1413
1413 952
1739 24
24 3545
1918 3974
3974 4253
3528 2092
2092 809
2096 4364
4364 2265
2723 927
927 575
725 1636
1636 2159
4551 975
975 3124
574 1519
1519 1681
542 259
259 775
1450 3231
3231 2173
894 2757
2757 2889
1133 2495
2495 3847
1810 2767
2767 4368
1163 2930
2930 1369
877 3458
3458 3176
2084 1257
1257 3114
2242 3087
3087 800
3016 2147
2147 746
2712 4407
4407 3424
3870 3158
3158 3102
1608 4062
4062 2890
158 427
427 2244
1313 1837
1837 1080
2876 2362
2362 1147
2381 1148
1148 3619
1942 1649
1649 2566
3869 2477
2477 3847
2583 4316
4316 3690
584 4006
4006 714
39 3135
3135 989
2083 1060
1060 2935
3062 3263
3263 315
2948 2844
2844 1247
44 299
299 177
3791 3407
3407 3397
1124 464
464 952
3524 3024
3024 3285
3000 662
662 4102
158 960
960 3673
3465 1516
1516 775
3390 201
201 3545
1124 2335
2335 775
1665 3631
3631 2576
4168 2681
2681 2663
2083 97
97 3012
2815 1404
1404 1407
246 2693
2693 2099
3511 2222
2222 2890
3062 4094
4094 4226
1035 1097
1097 833
2005 3420
3420 1743
4261 1088
1088 4061
1121 3270
3270 1485
4492 2386
2386 1107
2687 1145
1145 140
3221 235
235 3990
3910 4449
4449 3123
4168 4265
4265 4031
4168 2725
2725 4488
923 4260
4260 3847
962 326
326 105
2719 822
822 3969
3488 3734
3734 2271
2583 3321
3321 751
39 931
931 2890
3433 583
583 315
627 2356
2356 591
318 2758
2758 575
2264 3644
3644 3018
262 1451
1451 3580
2866 737
737 3556
2849 2054
2054 1453
2626 2923
2923 4061
3210 3894
3894 2817
4046 3856
3856 4042
877 3477
3477 2694
2459 2183
2183 2173
618 853
853 1735
1486 4411
4411 800
1665 2306
2306 3226
2924 3659
3659 4310
294 265
265 1784
4475 497
497 3876
4007 4375
4375 2271
706 3737
3737 140
282 3170
3170 512
3179 2485
2485 261
168 3169
3169 4030
2381 1660
1660 651
1121 4012
4012 4506
4010 3145
3145 2085
2086 2592
2592 2975
31 3555
3555 1857
4467 1853
1853 1369
3240 1647
1647 3274
1638 829
829 4009
4470 4560
4560 257
1150 685
685 1485
2064 1386
1386 1642
4049 3336
3336 775
3130 4011
4011 357
4162 3984
3984 695
2597 914
914 1432
584 3582
3582 4080
2876 2856
2856 2493
1933 159
159 4042
3639 906
906 4055
296 1443
1443 3081
3130 4196
4196 4253
627 2907
2907 1147
4046 846
846 575
3177 1042
1042 675
4363 605
605 1432
4168 978
978 2085
1638 854
854 833
2770 763
763 3081
3410 3288
3288 1080
3020 4366
4366 2114
3144 4060
4060 2344
168 840
840 2218
3354 571
571 177
4124 1893
1893 3690
2084 4135
4135 1948
1684 3603
3603 1147
4023 3743
3743 2817
4023 1868
1868 2135
894 1472
1472 3274
490 2803
2803 1586
3654 887
887 1872
3551 3727
3727 949
13 4548
4548 130
858 2081
2081 404
13 1489
1489 4345
2948 2090
2090 2899
2655 1583
1583 3205
73 1371
1371 2566
1098 234
234 809
4046 3562
3562 3959
557 126
126 357
39 3003
3003 3887
3016 2281
2281 3887
1122 1828
1828 3214
1056 1934
1934 2967
4168 1358
1358 130
4261 356
356 4253
215 385
385 2599
2519 1348
1348 1485
1133 1600
1600 3750
39 1676
1676 4447
2130 3481
3481 3226
1281 3871
3871 3629
498 704
704 4285
3987 1776
1776 2265
2787 3592
3592 283
1450 2298
2298 2899
1939 652
652 4102
913 3265
3265 4111
2919 4140
4140 1485
2083 3468
3468 4506
2655 12
12 2107
3870 4320
4320 415
4146 3584
3584 773
858 2432
2432 773
830 411
411 2967
3310 3848
3848 1050
3216 533
533 3424
3536 2237
2237 4285
1299 4503
4503 1407
4023 754
754 1369
158 644
644 3602
3567 1988
1988 263
1459 1866
1866 1925
2857 1099
1099 3260
4261 665
665 1485
4547 2304
2304 1956
3210 2958
2958 1757
1939 1488
1488 3262
132 2902
2902 3568
1035 4550
4550 3274
911 3243
3243 1856
3612 3886
3886 2788
719 488
488 1586
1124 1969
1969 1727
2459 2896
2896 1350
2770 3687
3687 3142
421 1427
1427 156
31 909
909 95
4124 4538
4538 2842
1109 94
94 2265
1764 999
999 257
2919 3100
3100 81
2083 3059
3059 3172
602 382
382 1279
3442 1773
1773 1956
296 3069
3069 1345
158 1522
1522 3714
2086 224
224 404
2137 945
945 3368
296 3609
3609 3081
2163 3616
3616 1525
1665 3884
3884 2107
1823 633
633 2549
151 948
948 904
2525 4333
4333 3975
2800 540
540 1341
877 2181
2181 3690
1281 4522
4522 775
3551 206
206 1857
421 116
116 1350
1212 1781
1781 3990
2849 1847
1847 1682
996 3712
3712 4240
1281 80
80 1279
215 4575
4575 818
4547 1058
1058 1434
250 766
766 1107
50 4208
4208 4055
3528 367
367 746
3197 4180
4180 1642
1810 2122
2122 380
557 1664
1664 809
2084 3637
3637 4223
618 1725
1725 3018
386 2258
2258 2728
1638 824
824 404
4010 4537
4537 283
4547 2365
2365 3545
913 2706
2706 263
2262 241
241 2244
1616 3009
3009 3545
2687 3096
3096 1735
3200 3309
3309 4042
2719 1505
1505 283
1665 653
653 1856
4431 3082
3082 1615
4264 3643
3643 2099
132 2234
2234 238
132 4504
4504 1434
1133 1813
1813 3260
2530 2683
2683 38
2924 3997
3997 2202
4046 2977
2977 2106
3354 724
724 136
2628 1237
1237 3606
2655 1104
1104 3878
1450 1283
1283 1525
4261 3090
3090 4043
3718 2797
2797 1925
3179 4329
4329 714
3144 3695
3695 1682
3764 1835
1835 3797
2064 3275
3275 4540
472 3048
3048 818
1486 3412
3412 2564
3528 4287
4287 3690
4475 1293
1293 1346
3236 4178
4178 994
3718 1656
1656 714
1933 4198
4198 380
1486 2504
2504 3545
3167 1172
1172 1147
2530 1722
1722 1857
4046 3624
3624 2967
1133 2157
2157 2935
2400 3446
3446 576
557 492
492 781
3778 3988
3988 4054
912 4312
4312 2899
250 1870
1870 2458
2866 3966
3966 751
1047 789
789 3241
3433 4217
4217 1229
2328 4220
4220 1800
3569 4395
4395 2493
4328 2125
2125 3081
1462 2532
2532 3367
2544 163
163 2576
1486 2585
2585 1346
1462 2121
2121 3018
1462 1811
1811 2493
1764 4306
4306 2474
912 3665
3665 3673
1056 3317
3317 380
1450 2796
2796 4447
895 4141
4141 1265
3536 1842
1842 3205
72 3590
3590 2159
2381 897
897 1432
252 1710
1710 1878
4136 75
75 1185
4046 1447
1447 1862
706 1093
1093 2218
2770 1029
1029 1727
857 4397
4397 4030
3000 2705
2705 4345
3442 570
570 800
2336 1362
1362 3476
3200 1425
1425 4506
4440 1898
1898 3808
2815 1982
1982 3878
446 1405
1405 2198
4328 3749
3749 4368
4565 4254
4254 3887
2655 4456
4456 3123
3167 1316
1316 1453
3000 1286
1286 1279
997 4464
4464 4447
2719 2677
2677 4003
830 3165
3165 746
4046 2228
2228 3674
913 4047
4047 3808
1440 186
186 1043
3536 3833
3833 3371
1376 2212
2212 3673
3390 3084
3084 949
421 57
57 3191
3528 3223
3223 2890
523 2463
2463 2599
1739 2703
2703 4285
2628 493
493 4111
2589 1039
1039 1345
911 3503
3503 576
4440 4457
4457 1978
2170 1854
1854 1834
1313 1216
1216 2344
3612 4163
4163 3887
446 4396
4396 4253
1166 3250
3250 4072
2849 4376
4376 2493
72 1379
1379 3602
2249 1754
1754 884
618 2166
2166 712
2626 2256
2256 4488
2940 907
907 1621
477 1882
1882 1857
877 2141
2141 2173
3783 4218
4218 1407
2583 881
881 38
830 2113
2113 4310
1121 194
194 2106
3705 958
958 177
2940 2518
2518 1434
3482 317
317 3176
3718 2697
2697 415
2083 4209
4209 2107
894 954
954 1185
498 1526
1526 3629
1342 832
832 3171
2519 1541
1541 101
706 1965
1965 3602
2712 3029
3029 3260
4261 1025
1025 2890
1450 2569
2569 2106
4539 1536
1536 952
523 3788
3788 4226
132 990
990 2711
446 2334
2334 4345
3177 4275
4275 3297
1616 2986
2986 2218
4168 1927
1927 3959
171 932
932 4540
2924 2446
2446 3081
250 2612
2612 1345
1121 710
710 3809
4162 4171
4171 1735
2924 3215
3215 3673
3869 1441
1441 1346
3200 1768
1768 2599
3390 2393
2393 198
2242 3867
3867 2218
725 607
607 3360
2084 1323
1323 3353
3130 308
308 1621
158 4401
4401 1185
472 1038
1038 1139
2459 2098
2098 1346
4367 3190
3190 1925
2857 2149
2149 3142
4539 2487
2487 1050
2513 4028
4028 1188
7 4402
4402 3142
877 3881
3881 2474
1683 160
160 4110
2876 2316
2316 4020
2264 181
181 818
3111 2110
2110 101
1244 2391
2391 4097
1450 1471
1471 3476
215 149
149 4211
296 2023
2023 4240
2328 3600
3600 3476
1638 3396
3396 3878
165 3133
3133 648
3511 3127
3127 2973
294 3906
3906 198
1098 3927
3927 1915
148 19
19 3018
4007 1349
1349 2568
3465 2321
2321 800
3910 2412
2412 3007
4363 1429
1429 4423
3551 4455
4455 3367
2723 4015
4015 1681
1462 567
567 4310
3449 2318
2318 1800
2005 1630
1630 2173
1317 2370
2370 3364
4467 843
843 3205
912 1387
1387 4030
3310 3689
3689 1350
2360 2510
2510 2566
7 4309
4309 1265
1163 745
745 1350
2857 2840
2840 3371
2530 3651
3651 1043
627 903
903 1080
3442 207
207 2202
2936 120
120 2935
3599 3666
3666 3397
3139 4038
4038 2935
44 2773
2773 2663
962 3700
3700 177
627 3259
3259 1453
1665 2200
2200 890
2005 368
368 714
4539 1674
1674 3124
4552 920
920 4003
1035 538
538 2140
2130 1482
1482 2135
294 3738
3738 2566
2770 2604
2604 3364
4328 1113
1113 1925
2857 4412
4412 198
498 813
813 1525
421 1267
1267 4110
4070 2199
2199 1295
13 244
244 1646
2459 3033
3033 2192
911 790
790 240
3020 2766
2766 949
1719 3890
3890 518
2815 611
611 2055
2005 2943
2943 1394
329 3663
3663 4310
1035 1603
1603 3018
3111 4476
4476 3975
3200 1606
1606 315
542 4289
4289 2935
2849 744
744 3205
2866 1012
1012 2218
4133 4224
4224 2967
584 3375
3375 651
4551 3908
3908 712
1124 1359
1359 3448
2170 1164
1164 3171
1376 3218
3218 2694
2262 891
891 105
2655 2494
2494 2099
2262 141
141 2099
3639 3558
3558 1394
498 1119
1119 1434
1223 3841
3841 1681
1221 2666
2666 1956
1683 1431
1431 3260
2086 489
489 1956
3046 249
249 3176
3654 2591
2591 957
997 1787
1787 1856
4247 1514
1514 1800
1047 2319
2319 1586
2348 972
972 3969
3046 1329
1329 1050
1683 2109
2109 1303
2800 2938
2938 3102
1376 3269
3269 2549
13 1399
1399 1856
3200 4421
4421 1080
2459 1108
1108 101
103 3657
3657 2159
148 43
43 4506
446 3814
3814 2106
4467 1575
1575 1878
3354 1439
1439 466
1608 3936
3936 2973
1678 3646
3646 101
602 901
901 3809
557 320
320 290
3551 3153
3153 775
4023 2478
2478 2085
3216 475
475 1346
3910 4083
4083 4240
1705 4347
4347 1925
2866 2988
2988 2085
3140 738
738 758
3654 2669
2669 3614
252 1851
1851 2493
472 1461
1461 576
3536 325
325 1345
3511 664
664 2890
3236 433
433 2566
73 3782
3782 3012
4070 3255
3255 3556
1166 1839
1839 1185
2940 4432
4432 2192
996 4311
4311 315
3449 3049
3049 781
2544 1951
1951 3371
1098 2002
2002 3115
3449 1115
1115 1834
4363 1476
1476 240
3462 2690
2690 263
3612 525
525 890
296 1102
1102 130
3910 2535
2535 1345
3783 947
947 3337
1223 859
859 2493
2866 4355
4355 714
4070 539
539 2099
2519 106
106 2975
2655 601
601 1646
1918 3576
3576 3226
3869 2013
2013 1862
857 4497
4497 1743
3511 2848
2848 3556
2530 2309
2309 714
3511 1073
1073 1247
4475 1945
1945 3876
542 2317
2317 2192
3354 4269
4269 3102
386 2185
2185 4054
574 3320
3320 576
237 3121
3121 3959
158 2868
2868 3337
2170 748
748 2430
3764 2387
2387 3878
2336 3403
3403 1043
2820 2793
2793 518
2360 3203
3203 3205
4136 352
352 575
2459 1909
1909 81
1223 1179
1179 3878
4136 778
778 2576
2459 2299
2299 2135
498 4013
4013 3337
2242 2616
2616 2055
3410 1832
1832 324
2137 1849
1849 2192
13 3463
3463 4447
4162 2076
2076 1856
148 875
875 105
3551 3419
3419 3369
318 2845
2845 2817
3216 4442
4442 818
3139 4330
4330 989
3487 2202
2738 2055
3701 3124
1405 1646
3104 1621
4409 1147
2445 3887
3760 957
1468 668
3805 1878
642 758
2616 2180
742 1857
1671 3353
2261 1185
1744 10
167 1757
709 81
1371 2099
3495 4240
2460 1154
2725 884
594 591
3573 2663
2877 4030
3736 3545
4148 3262
4468 2599
3549 2549
3082 2728
4121 904
1463 2455
1855 3878
1517 3285
2879 357
620 4506
1224 1407
364 3274
475 4226
1654 1295
1026 695
1816 238
3295 3214
1601 2140
808 4072
4299 1245
1840 1915
2956 3260
469 800
4181 4310
4465 2817
4101 3606
145 2295
538 2114
2527 105
4213 3241
3060 283
4358 3012
1730 2694
4148 3226
1348 3337
705 1956
4044 1085
2037 3830
1822 324
1946 1138
2798 136
3846 1369
3863 728
1250 1050
3744 2614
2698 3360
1506 2173
2090 1948
1811 408
3245 4080
1074 518
1844 1247
3542 140
3048 3750
2044 2458
4258 1303
1697 1682
2636 3808
652 648
2010 4423
760 2107
1781 3969
70 3424
2790 315
1037 775
4185 2135
2853 466
2317 4061
3480 4009
2894 3364
4079 603
456 809
2072 1727
4017 1642
3941 3448
3859 177
1626 3205
3757 4253
4213 952
3206 1872
2898 3619
1425 257
973 3959
448 576
1447 1346
3525 1139
2748 3985
3201 818
4155 4031
2802 3114
4504 1862
2073 1434
450 3018
1671 1681
2772 1341
3401 2889
1330 3081
3655 4102
628 4042
3908 3568
2883 358
268 3580
677 1525
1472 1485
2587 3602
721 651
1337 1229
3148 3171
545 2715
1644 117
1973 2244
942 3990
4268 2474
3884 3142
159 4003
2592 2085
3089 1743
3950 3007
3116 155
4351 3876
1569 2106
3003 3642
1548 4211
1664 512
4502 3123
3208 1080
4375 1784
2977 2568
2234 1469
1614 3397
929 156
3288 130
3588 3674
4178 4447
1068 1394
4480 2566
3372 575
192 3614
598 1279
2414 4540
2447 4321
1409 1350
1321 38
2630 1834
4123 3629
4374 833
399 4020
707 989
3553 3530
3035 712
2372 1925
3660 1345
4209 4055
3770 290
1215 4054
808 3191
2938 432
2306 2975
3107 4345
936 751
2980 4111
4402 675
254 380
2710 2967
2537 3371
2920 1856
3193 4285
321 2192
797 781
4508 1453
1588 3909
1704 4368
2678 2265
2639 1800
1284 3172
3759 415
1287 2788
2183 994
126 240
534 4223
2010 1188
4486 4097
1226 3714
1233 3690
2149 3115
1610 4043
664 3368
1081 2711
1952 404
608 1095
3640 3476
3475 101
3681 2344
4444 3189
4419 4110
4458 3297
4378 949
2128 1265
546 3673
66 3367
847 3847
1051 3556
3620 4488
1289 3809
2113 2935
1354 3797
2725 2576
3010 1735
2611 2890
311 3496
3484 1043
2330 1615
4045 746
4109 2493
1337 270
1351 3369
308 195
2886 1107
4192 4041
2962 3176
735 714
243 2198
1879 2842
2920 263
1853 2973
551 2159
2837 1978
3480 2799
2536 2564
1489 2271
907 2430
3800 261
2861 3101
2689 2218
1528 3975
4516 3102
2136 890
3334 2899
793 773
3451 1432
3269 1586
426 95
441 3337
3238 880
3091 172
1689 4026
3559 2040
2113 2690
4339 307
1022 1807
1796 875
2931 1860
2453 3363
280 1905
2643 740
3249 60
4480 4307
1395 2298
1949 1044
4272 3457
3962 1888
3478 3320
2659 3666
1481 3545
2952 1875
4416 2081
4074 3749
1134 4320
1802 2736
1738 3356
178 3213
1921 1225
3111 209
4330 2114
3455 2732
4431 1968
3256 2910
4276 3174
785 2317
2853 4491
3874 2755
2620 2711
2112 3619
1330 3172
2639 3362
396 1017
805 3214
2482 794
3053 1262
187 2407
2358 4523
2792 3886
3995 1725
1168 4521
3579 2010
614 2975
1383 4120
698 2992
124 3755
2814 1240
280 440
1122 3486
182 1603
2454 445
3484 1636
2939 256
2206 3570
1981 3284
2222 404
1670 2722
2381 4406
1732 3326
765 2313
1657 3584
2272 3874
2718 1263
3073 3323
376 9
1354 2165
780 2173
1322 982
1796 728
3967 2375
1217 2157
3605 3503
1163 3129
3233 2697
2351 4113
2627 3637
1570 2702
3972 3364
174 2620
1579 565
1994 1427
2440 1778
2124 1795
3795 2614
687 4384
934 2258
2837 4052
1502 3452
2909 951
1698 3400
3108 208
3217 1191
3957 1164
3761 1750
4574 1849
917 2378
1732 891
3643 3262
4272 1691
1957 3090
1456 4304
4562 2068
3173 2797
3390 4344
4100 972
1162 1054
4503 3124
3597 1754
1796 3747
2884 1934
1256 610
4070 4460
1009 1102
4274 2435
828 1375
1049 2614
3197 3083
3529 1288
2502 4205
3294 788
4135 2817
4053 601
3266 4060
4288 3592
1749 1106
2384 484
962 2882
3112 509
304 2520
2007 3725
1125 1998
930 2491
1709 380
2368 4237
706 4535
2587 3749
3314 1373
2987 3995
1364 890
3895 3121
858 3843
2514 2424
2764 273
3986 3287
853 290
3828 1190
984 3059
2045 3031
1522 3412
2088 3821
3486 1148
2835 539
1738 236
2381 138
561 2301
2266 2422
2632 2710
2273 1402
4517 3347
1212 3996
515 3818
1980 3080
4186 508
2392 695
280 2423
4405 2845
4175 1679
1704 3824
2469 359
3477 773
1392 2123
946 2371
4258 3544
862 3886
2502 3771
1098 3232
1953 2463
1585 1533
841 665
1939 2714
1196 3643
1628 3041
1491 264
1923 3729
3407 2585
732 1267
1360 3706
2735 1468
1805 462
856 904
3072 1775
509 622
4339 1615
2352 3602
1806 2905
1103 2182
3691 336
1161 1985
4273 3990
1141 2040
4019 4166
276 1350
3228 3451
3938 3257
542 2558
4139 1835
218 2592
2374 1346
379 4211
250 1067
417 3658
4251 3321
1651 2115
3588 695
2212 3814
1869 435
3529 755
4128 1770
1146 1042
3659 2856
4425 2424
61 2710
138 3246
569 2580
2816 3982
4273 4446
277 1526
3711 1343
73 3582
2698 2390
1904 3706
3417 257
470 3229
2507 2158
2152 1826
2514 1598
339 492
1304 3692
2341 1564
4543 3029
250 1470
2675 1871
2781 4213
3183 1692
4318 872
3650 3854
966 2575
3858 2147
375 1926
3633 3226
4064 3704
2712 1606
286 2943
3522 976
1121 3109
1770 1965
2421 1082
698 1147
4570 2308
1082 1201
1391 3908
3873 4217
4010 93
1150 1649
3978 101
4472 1514
2169 3357
3716 4490
1 2814
3459 1144
2859 4436
3181 2573
15 4028
1643 197
3034 1268
4178 1743
2484 106
1877 1655
183 1722
1903 1694
1479 4447
4168 1475
1748 4027
3159 1324
2864 4271
2452 2516
369 3983
1972 2754
2582 401
3578 794
1307 3993
2701 4414
3980 4275
942 1318
2808 3218
3921 1966
747 4216
3803 2322
301 3279
1571 4135
306 1904
3071 1956
4482 3817
213 300
578 3817
300 1069
2590 2039
2654 491
2172 3576
3711 1853
2764 576
345 2334
4346 1407
2219 2000
3548 4189
3912 2167
663 1855
21 2458
1015 616
2867 1734
4135 4072
1923 2574
3286 3681
2046 672
4381 3090
3658 4182
2928 3256
1253 1143
3416 4520
3569 1720
239 404
387 1218
374 3121
2232 1095
86 4457
2654 4282
2610 43
1558 263
4293 2382
4169 1972
1699 1958
4100 702
844 10
4251 1491
2086 2303
681 712
3120 3013
41 1975
2870 119
3429 1329
71 1198
1504 2241
1083 677
2884 1755
3445 411
633 156
2284 1663
469 3304
609 4317
52 1734
1385 3629
1798 2180
2151 969
3591 2118
3139 3564
4117 10
3741 1735
