5
916 1803 851
794 703
800 70
84 147
618 673
287 402
276 192
881 191
721 236
605 172
745 878
880 414
462 238
454 525
538 207
118 820
527 96
657 805
463 779
188 155
507 837
584 411
730 178
694 135
339 206
710 828
755 577
749 80
835 395
392 901
209 531
529 350
507 770
770 555
454 571
571 213
794 285
285 559
730 404
404 22
657 430
430 348
657 558
558 92
209 814
814 687
118 72
72 460
209 767
767 177
118 351
351 829
721 659
659 687
463 478
478 348
118 10
10 52
209 483
483 555
584 495
495 348
538 410
410 543
657 516
516 167
454 269
269 406
463 239
239 258
721 846
846 113
392 126
126 348
618 161
161 113
84 34
34 213
721 99
99 246
529 41
41 644
276 310
310 751
392 62
62 829
276 218
218 292
881 607
607 388
392 914
914 167
749 399
399 535
710 900
900 797
538 849
849 368
454 815
815 388
584 792
792 265
454 313
313 141
749 854
854 559
276 508
508 644
527 665
665 265
392 870
870 555
527 622
622 916
527 515
515 167
730 485
485 460
880 534
534 167
749 647
647 797
694 684
684 330
507 314
314 265
710 238
238 330
794 322
322 655
463 582
582 655
749 804
804 916
188 645
645 21
188 587
587 258
463 334
334 644
800 637
637 535
507 908
908 113
188 544
544 292
287 152
152 52
538 498
498 535
794 635
635 92
749 325
325 167
749 570
570 258
84 518
518 655
730 787
787 535
276 851
851 388
749 429
429 829
462 413
413 916
529 57
57 449
463 890
890 284
835 858
858 113
209 393
393 246
454 664
664 559
538 422
422 133
507 282
282 388
881 819
819 460
276 68
68 133
745 397
397 213
605 499
499 829
880 467
467 535
188 590
590 829
749 108
108 141
749 398
398 52
529 296
296 368
507 441
441 644
881 717
717 22
287 156
156 284
835 301
301 460
118 484
484 292
507 865
865 113
880 859
859 92
209 563
563 829
287 585
585 22
529 344
344 406
694 87
87 92
881 365
365 460
881 224
224 258
527 601
601 460
721 837
837 829
755 374
374 797
529 44
44 449
454 18
18 916
462 146
146 460
392 122
122 449
794 102
102 265
462 321
321 113
694 64
64 92
287 832
832 644
880 316
316 133
276 408
408 535
118 304
304 284
463 58
58 292
584 796
796 52
538 76
76 388
276 847
847 348
287 652
652 559
287 719
719 348
463 510
510 449
463 581
581 555
755 38
38 21
463 180
180 751
800 716
716 348
618 624
624 213
462 672
672 265
880 288
288 348
694 836
836 133
339 481
481 644
287 262
262 246
339 842
842 141
392 396
396 258
657 85
85 330
392 259
259 113
507 359
359 330
835 366
366 388
730 89
89 449
745 628
628 368
287 599
599 22
188 305
305 406
188 887
887 348
835 879
879 258
84 86
86 284
749 327
327 177
657 769
769 543
881 706
706 292
463 492
492 177
694 107
107 258
881 562
562 213
118 274
274 655
188 898
898 644
881 841
841 535
730 303
303 644
881 552
552 292
730 369
369 330
749 295
295 141
529 648
648 246
880 420
420 213
710 573
573 284
188 778
778 265
755 163
163 449
721 874
874 133
721 273
273 141
710 196
196 829
881 501
501 348
287 452
452 258
527 801
801 406
529 502
502 167
118 263
263 449
236 265
84 437
437 388
794 387
387 555
276 426
426 406
507 783
783 330
794 871
871 52
755 807
807 460
462 840
840 829
835 459
459 92
529 764
764 167
463 910
910 265
209 734
734 258
657 283
283 21
618 435
435 460
730 640
640 406
618 762
762 555
710 572
572 52
755 758
758 258
800 145
145 555
463 588
588 388
188 690
690 258
694 578
578 177
209 848
848 543
618 737
737 113
462 123
123 687
209 547
547 141
454 886
886 644
392 855
855 449
880 90
90 797
605 682
682 644
287 150
150 177
618 341
341 246
694 14
14 543
881 33
33 348
605 59
59 751
463 81
81 21
618 818
818 559
710 707
707 177
529 524
524 406
462 583
583 22
118 308
308 829
529 675
675 535
694 756
756 246
118 604
604 655
694 625
625 655
529 191
191 543
584 45
45 687
188 586
586 113
454 182
182 555
800 634
634 258
730 164
164 113
118 889
889 388
745 355
355 92
529 186
186 460
657 799
799 330
339 752
752 460
730 214
214 644
188 718
718 213
835 225
225 348
454 461
461 133
881 614
614 644
454 414
414 113
507 771
771 460
730 202
202 258
749 561
561 133
507 377
377 52
188 425
425 368
657 216
216 92
835 826
826 449
392 479
479 258
527 825
825 258
881 566
566 133
454 731
731 258
287 615
615 406
721 277
277 751
800 913
913 406
881 431
431 449
209 519
519 348
392 726
726 916
694 537
537 22
605 266
266 52
84 915
915 167
800 670
670 916
657 168
168 167
605 320
320 535
392 4
4 113
794 261
261 829
881 69
69 52
84 503
503 330
276 610
610 92
694 891
891 555
730 97
97 406
209 349
349 177
287 699
699 655
730 132
132 265
287 250
250 21
721 650
650 177
209 693
693 559
881 531
531 258
745 154
154 292
710 157
157 133
209 114
114 644
529 174
174 284
584 26
26 829
188 709
709 113
463 124
124 388
835 147
147 555
287 16
16 284
462 580
580 284
657 5
5 916
462 781
781 559
730 550
550 22
657 343
343 22
209 362
362 177
881 60
60 177
527 138
138 751
209 896
896 655
462 556
556 265
84 765
765 751
84 185
185 644
463 489
489 92
730 676
676 460
188 708
708 284
84 215
215 292
794 245
245 555
462 105
105 460
745 324
324 916
618 384
384 265
745 696
696 655
584 148
148 797
118 619
619 751
618 513
513 213
721 317
317 330
507 53
53 797
880 867
867 21
745 872
872 543
745 822
822 141
730 416
416 535
730 448
448 22
755 497
497 265
84 494
494 330
749 159
159 449
527 30
30 167
755 15
15 22
188 616
616 246
730 723
723 916
749 211
211 177
463 352
352 555
507 817
817 555
462 36
36 265
454 175
175 388
721 390
390 368
287 701
701 258
618 389
389 21
188 487
487 751
463 839
839 22
527 271
271 133
835 482
482 265
507 28
28 687
507 843
843 559
694 894
894 751
880 784
784 246
339 244
244 141
584 226
226 829
507 235
235 460
392 229
229 258
339 678
678 92
276 620
620 177
794 31
31 246
584 93
93 543
618 679
679 535
755 332
332 113
584 23
23 92
710 480
480 916
462 638
638 348
721 383
383 460
276 560
560 797
755 831
831 258
657 231
231 167
881 205
205 133
605 74
74 292
84 158
158 644
339 423
423 644
118 823
823 133
657 240
240 797
755 548
548 535
881 260
260 113
339 144
144 292
507 811
811 113
287 228
228 330
618 532
532 167
463 636
636 22
339 135
135 348
618 722
722 141
463 677
677 916
835 128
128 555
694 651
651 113
800 785
785 292
118 189
189 555
118 567
567 449
800 106
106 535
755 378
378 113
794 443
443 388
721 856
856 246
880 833
833 829
800 892
892 751
538 591
591 213
188 117
117 535
84 315
315 655
694 403
403 167
276 649
649 292
276 198
198 449
584 453
453 797
618 857
857 687
84 243
243 916
730 541
541 388
618 613
613 460
529 663
663 797
392 456
456 555
835 626
626 368
529 253
253 388
84 197
197 555
657 883
883 655
880 806
806 133
538 204
204 92
710 468
468 559
339 363
363 265
527 80
80 555
710 103
103 177
835 853
853 543
745 505
505 644
538 732
732 213
730 907
907 916
745 522
522 21
188 744
744 330
392 77
77 330
721 402
402 167
605 290
290 330
800 739
739 555
529 130
130 133
287 96
96 543
463 666
666 246
287 888
888 460
454 844
844 284
209 13
13 213
745 129
129 167
721 594
594 21
881 385
385 460
118 445
445 52
710 768
768 751
84 120
120 113
657 876
876 655
605 793
793 246
454 759
759 330
710 808
808 559
835 125
125 21
749 866
866 687
618 474
474 348
584 241
241 292
529 233
233 368
454 729
729 284
538 357
357 460
463 142
142 449
694 574
574 797
605 346
346 141
730 695
695 213
880 549
549 644
584 789
789 258
745 715
715 655
463 342
342 406
881 11
11 687
463 733
733 460
745 523
523 177
881 264
264 829
287 139
139 292
339 728
728 797
84 375
375 543
527 190
190 751
794 608
608 535
84 603
603 213
730 577
577 406
618 63
63 829
454 539
539 644
881 698
698 133
584 6
6 21
730 810
810 406
538 554
554 213
694 597
597 543
527 230
230 535
880 12
12 21
209 46
46 213
462 621
621 916
276 24
24 246
276 606
606 797
276 878
878 449
721 683
683 330
881 777
777 21
584 9
9 330
188 100
100 284
730 486
486 22
755 795
795 829
209 697
697 284
287 743
743 916
392 904
904 388
188 73
73 21
84 775
775 52
529 464
464 22
721 595
595 559
339 609
609 133
454 127
127 460
462 782
782 535
339 746
746 655
605 691
691 113
794 477
477 555
710 671
671 559
835 850
850 177
188 564
564 265
755 227
227 797
618 868
868 797
694 667
667 655
276 170
170 449
745 820
820 113
188 433
433 555
755 500
500 555
755 598
598 555
749 774
774 829
584 247
247 916
454 660
660 330
462 371
371 406
694 673
673 330
209 20
20 330
730 372
372 655
721 661
661 797
618 899
899 916
276 735
735 797
392 386
386 246
721 1
1 751
657 912
912 167
880 418
418 133
881 631
631 644
339 813
813 92
835 199
199 246
118 379
379 133
881 8
8 687
118 776
776 687
749 297
297 916
794 830
830 368
507 834
834 388
392 65
65 655
794 172
172 246
462 217
217 449
188 160
160 644
84 600
600 21
880 328
328 52
880 153
153 406
881 754
754 348
276 242
242 348
462 812
812 406
84 639
639 460
392 506
506 246
287 181
181 52
454 79
79 167
880 149
149 916
710 514
514 751
462 757
757 284
880 405
405 644
339 326
326 555
339 417
417 213
794 533
533 22
730 869
869 555
84 633
633 141
745 491
491 330
462 646
646 133
800 312
312 829
755 55
55 21
694 183
183 555
392 685
685 330
749 761
761 797
745 19
19 246
618 178
178 167
657 653
653 535
463 48
48 916
454 750
750 265
605 658
658 559
462 873
873 368
880 319
319 167
800 187
187 21
755 337
337 258
605 340
340 460
880 824
824 829
880 805
805 751
584 893
893 284
657 884
884 829
881 219
219 644
745 169
169 258
618 356
356 52
209 864
864 751
880 212
212 22
730 885
885 21
339 741
741 916
835 251
251 141
462 206
206 368
745 391
391 644
276 208
208 133
209 852
852 644
527 593
593 265
605 905
905 406
392 2
2 52
529 257
257 167
339 720
720 543
881 632
632 52
538 742
742 388
287 281
281 52
339 458
458 829
794 50
50 246
835 27
27 92
276 419
419 655
835 40
40 449
339 136
136 535
462 711
711 460
835 381
381 348
454 465
465 177
881 119
119 213
835 714
714 559
618 82
82 177
276 294
294 133
881 37
37 21
118 727
727 92
276 83
83 655
880 472
472 460
276 791
791 543
800 298
298 284
721 897
897 555
209 526
526 113
454 447
447 141
880 568
568 265
880 293
293 258
84 291
291 555
618 520
520 330
881 300
300 797
710 545
545 655
880 803
803 916
529 162
162 167
454 438
438 92
287 234
234 751
794 493
493 655
84 906
906 449
84 270
270 644
507 88
88 292
880 345
345 460
276 116
116 141
339 179
179 348
745 17
17 113
880 335
335 449
392 780
780 21
730 551
551 460
339 827
827 21
339 680
680 543
880 367
367 258
339 530
530 559
118 151
151 113
118 779
779 687
276 557
557 555
287 47
47 141
694 895
895 751
529 256
256 406
507 902
902 167
527 32
32 368
721 109
109 916
755 207
207 348
527 451
451 92
880 302
302 555
538 434
434 687
880 318
318 916
188 629
629 829
755 210
210 460
454 725
725 258
694 370
370 348
454 444
444 348
118 681
681 449
800 66
66 330
276 306
306 258
749 279
279 113
880 331
331 348
880 713
713 133
745 724
724 368
730 521
521 543
730 692
692 265
605 415
415 644
721 203
203 655
794 473
473 348
339 802
802 449
287 140
140 284
538 909
909 535
538 863
863 52
287 428
428 167
881 252
252 330
454 546
546 92
745 221
221 687
749 289
289 348
730 121
121 258
287 104
104 368
507 509
509 167
462 394
394 829
209 299
299 388
730 101
101 687
694 166
166 460
529 427
427 52
794 249
249 449
538 255
255 368
657 25
25 92
745 528
528 258
755 222
222 348
538 845
845 133
605 565
565 133
463 882
882 555
749 407
407 559
710 421
421 368
209 760
760 543
538 143
143 460
276 35
35 330
339 748
748 92
527 877
877 177
287 542
542 916
529 278
278 559
188 176
176 330
880 641
641 449
800 75
75 406
605 307
307 22
749 488
488 543
800 875
875 292
276 232
232 559
657 347
347 258
276 654
654 655
462 689
689 829
118 569
569 177
730 95
95 92
276 382
382 92
657 272
272 21
755 61
61 543
507 3
3 246
209 364
364 829
835 112
112 535
745 401
401 284
881 753
753 829
618 358
358 535
463 901
901 265
794 504
504 330
392 766
766 655
794 490
490 133
657 738
738 52
507 860
860 330
507 195
195 797
287 668
668 388
276 596
596 330
454 49
49 751
529 329
329 265
605 656
656 555
529 773
773 449
463 466
466 348
755 373
373 113
881 131
131 22
710 192
192 141
287 623
623 133
209 674
674 368
694 511
511 406
618 336
336 141
287 643
643 406
287 579
579 655
209 200
200 265
749 455
455 348
694 350
350 751
584 400
400 449
800 630
630 284
527 669
669 22
745 237
237 460
527 29
29 655
392 333
333 535
209 602
602 284
118 56
56 797
276 409
409 829
745 432
432 555
209 838
838 368
462 91
91 177
749 703
703 167
209 772
772 265
462 51
51 751
276 740
740 543
507 747
747 92
749 457
457 167
527 809
809 916
835 861
861 113
507 412
412 535
881 471
471 330
800 686
686 449
755 171
171 292
881 42
42 213
276 115
115 292
755 736
736 52
507 450
450 655
657 712
712 460
605 220
220 265
463 194
194 644
618 903
903 559
881 98
98 348
755 816
816 460
755 360
360 292
721 475
475 555
835 442
442 555
881 223
223 644
462 280
280 797
392 589
589 213
454 470
470 460
730 411
411 797
287 476
476 535
339 627
627 330
794 311
311 21
538 184
184 644
188 576
576 133
188 592
592 543
745 39
39 284
584 248
248 22
538 43
43 292
749 704
704 284
880 67
67 829
118 70
70 829
276 512
512 292
118 165
165 292
745 536
536 644
880 575
575 22
800 268
268 406
538 134
134 655
529 440
440 829
339 254
254 330
835 201
201 644
881 78
78 368
710 155
155 133
209 286
286 559
276 380
380 284
527 94
94 292
710 617
617 22
710 376
376 258
507 110
110 21
605 798
798 133
462 267
267 449
710 788
788 559
694 173
173 559
794 705
705 368
454 446
446 406
188 395
395 284
657 424
424 167
84 786
786 246
749 496
496 167
339 790
790 687
529 525
525 535
209 193
193 348
538 275
275 177
463 611
611 535
507 439
439 330
657 828
828 92
463 323
323 52
730 540
540 292
745 700
700 559
881 361
361 21
800 763
763 559
463 338
338 292
605 353
353 348
118 821
821 916
694 862
862 246
584 612
612 460
84 111
111 449
118 436
436 330
730 7
7 368
605 517
517 644
529 911
911 113
276 54
54 141
276 642
642 460
605 71
71 265
462 688
688 829
454 702
702 559
276 469
469 388
392 309
309 797
881 662
662 52
538 137
137 368
462 553
553 113
84 354
354 113
670 559
187 246
889 22
777 449
534 141
187 535
493 292
887 21
495 167
298 258
187 265
578 92
540 113
354 388
902 460
58 330
362 213
497 655
731 797
849 177
217 133
237 916
767 543
661 52
864 644
20 348
401 751
404 829
134 555
480 284
502 687
225 406
530 222
523 803
59 167
233 415
118 311
614 548
72 719
557 457
724 766
719 646
803 195
685 275
152 120
442 388
20 884
480 309
786 292
261 144
396 556
825 37
701 748
745 904
781 205
62 81
74 418
160 333
242 79
891 713
226 895
76 330
107 547
301 387
343 129
433 289
665 355
168 823
76 887
941 1936 907
234 417
818 494
583 61
286 827
583 756
756 18
583 394
394 105
286 581
581 718
234 503
503 743
234 775
775 484
583 614
614 284
583 733
733 107
234 919
919 251
234 403
403 69
286 457
457 453
286 668
668 715
234 312
312 792
818 507
507 109
583 489
489 932
286 241
241 590
818 675
675 284
234 485
485 453
583 97
97 743
583 513
513 792
286 474
474 599
234 541
541 105
234 900
900 913
818 915
915 251
286 808
808 95
286 494
494 95
583 874
874 538
286 643
643 284
286 250
250 913
583 685
685 913
818 445
445 462
583 593
593 715
234 724
724 718
583 613
613 718
583 778
778 4
818 725
725 715
234 239
239 4
286 525
525 95
286 58
58 730
583 514
514 251
234 782
782 95
234 321
321 188
583 329
329 109
286 422
422 678
583 490
490 453
234 92
92 18
818 902
902 651
583 73
73 599
234 370
370 730
286 708
708 590
286 662
662 107
818 85
85 4
234 43
43 462
818 256
256 932
818 840
840 916
234 600
600 188
234 631
631 743
234 697
697 453
234 656
656 730
234 137
137 284
286 418
418 590
234 372
372 251
818 262
262 743
818 214
214 109
583 478
478 454
286 269
269 42
286 341
341 284
818 358
358 18
583 741
741 730
818 343
343 538
583 131
131 95
818 57
57 251
286 21
21 730
234 879
879 251
583 31
31 42
583 197
197 730
286 450
450 105
818 160
160 913
234 111
111 760
583 275
275 454
234 102
102 932
583 688
688 484
234 807
807 538
286 894
894 792
234 289
289 743
818 853
853 932
583 268
268 95
286 859
859 453
583 30
30 4
234 230
230 4
234 65
65 913
818 576
576 42
286 499
499 743
583 670
670 590
234 254
254 109
818 267
267 109
818 686
686 792
583 420
420 916
286 516
516 188
234 401
401 42
583 302
302 651
286 625
625 715
818 362
362 730
583 412
412 18
583 918
918 538
286 396
396 760
583 398
398 913
818 649
649 913
234 190
190 4
286 650
650 462
234 495
495 715
818 714
714 590
234 106
106 42
234 903
903 95
234 384
384 4
234 766
766 743
286 532
532 916
818 444
444 932
286 7
7 916
818 628
628 715
286 70
70 718
286 51
51 599
234 624
624 916
818 884
884 453
61 42
583 149
149 590
234 178
178 4
286 572
572 188
818 829
829 916
583 242
242 715
583 575
575 932
286 381
381 718
583 46
46 792
818 517
517 453
818 371
371 251
286 183
183 538
286 83
83 913
286 732
732 4
286 392
392 4
286 654
654 454
583 11
11 718
583 304
304 484
286 826
826 42
234 621
621 718
286 125
125 4
234 237
237 462
286 735
735 69
583 382
382 251
286 679
679 42
286 347
347 678
583 737
737 42
286 101
101 284
234 37
37 590
583 834
834 715
286 566
566 4
234 390
390 651
583 33
33 678
583 702
702 792
234 926
926 913
286 498
498 792
583 226
226 743
286 227
227 4
286 113
113 792
234 118
118 105
234 847
847 913
818 93
93 715
234 119
119 251
234 298
298 932
286 521
521 916
286 691
691 462
583 482
482 651
818 29
29 42
583 562
562 916
583 339
339 95
234 492
492 251
583 707
707 95
583 863
863 462
583 506
506 188
583 397
397 599
818 360
360 760
286 606
606 599
234 255
255 730
286 116
116 743
583 393
393 4
234 925
925 95
818 366
366 251
818 165
165 743
286 757
757 284
234 295
295 188
286 391
391 188
234 49
49 4
286 608
608 651
583 537
537 932
818 728
728 462
234 653
653 760
818 352
352 916
286 825
825 95
286 19
19 284
818 620
620 105
234 350
350 599
234 842
842 284
818 674
674 105
818 434
434 678
818 911
911 718
286 839
839 454
583 81
81 718
818 150
150 107
583 556
556 453
286 110
110 916
583 177
177 18
818 561
561 4
583 187
187 916
234 917
917 792
286 632
632 760
583 930
930 284
286 99
99 760
234 781
781 453
583 696
696 590
818 475
475 678
234 233
233 599
234 898
898 599
234 170
170 916
234 389
389 538
583 585
585 932
818 169
169 284
234 108
108 599
286 270
270 454
818 677
677 932
583 376
376 251
583 636
636 453
234 215
215 599
583 588
588 453
583 486
486 109
286 770
770 792
583 326
326 932
234 210
210 251
818 607
607 18
234 534
534 462
234 189
189 743
583 591
591 69
286 626
626 792
286 405
405 462
818 646
646 4
234 665
665 599
286 553
553 718
583 523
523 718
286 338
338 4
234 921
921 109
286 738
738 453
234 351
351 678
286 77
77 4
286 448
448 760
583 273
273 538
234 385
385 715
286 821
821 95
583 560
560 760
234 246
246 715
286 411
411 730
286 941
941 932
234 811
811 538
234 311
311 792
234 785
785 718
818 491
491 453
583 549
549 715
583 822
822 188
583 67
67 760
818 147
147 69
818 148
148 69
286 907
907 109
583 605
605 18
818 440
440 932
583 573
573 18
234 14
14 453
286 476
476 718
234 252
252 69
583 359
359 453
286 171
171 454
286 729
729 284
234 481
481 599
234 133
133 932
234 10
10 251
286 630
630 932
234 1
1 678
583 667
667 462
234 694
694 18
234 127
127 4
818 928
928 760
286 682
682 743
818 862
862 538
286 290
290 792
234 317
317 599
583 681
681 913
818 578
578 715
286 652
652 484
286 497
497 69
286 660
660 916
234 461
461 4
818 767
767 107
234 369
369 715
234 26
26 4
234 52
52 454
818 294
294 718
234 820
820 715
583 299
299 18
286 629
629 743
818 407
407 42
818 240
240 599
818 386
386 95
818 213
213 69
583 45
45 792
583 518
518 18
583 658
658 107
234 278
278 715
286 929
929 538
583 28
28 18
234 153
153 69
583 446
446 251
286 693
693 651
583 348
348 69
286 876
876 4
286 129
129 284
286 602
602 188
234 823
823 932
583 332
332 105
286 71
71 4
818 346
346 913
583 689
689 932
818 123
123 932
583 893
893 105
583 798
798 792
583 647
647 484
583 569
569 18
286 669
669 599
234 695
695 760
286 790
790 453
818 567
567 95
234 642
642 916
818 833
833 730
583 609
609 743
818 155
155 599
583 873
873 69
234 229
229 42
286 883
883 18
583 356
356 484
286 470
470 188
818 378
378 932
286 54
54 18
286 334
334 678
583 704
704 107
583 383
383 743
818 531
531 760
234 112
112 42
583 755
755 18
234 787
787 715
286 858
858 590
583 432
432 107
286 800
800 454
818 158
158 42
583 319
319 69
583 35
35 651
234 232
232 251
234 274
274 454
818 94
94 109
234 60
60 251
234 330
330 760
286 424
424 95
818 638
638 590
234 493
493 453
286 205
205 599
234 586
586 715
286 388
388 18
286 666
666 590
818 265
265 913
286 936
936 105
234 805
805 760
583 443
443 760
818 266
266 678
286 603
603 715
818 263
263 599
818 417
417 715
818 855
855 718
286 592
592 69
286 452
452 109
286 749
749 251
286 528
528 715
583 132
132 743
818 410
410 109
286 66
66 109
234 899
899 916
818 768
768 109
818 622
622 792
286 868
868 188
583 280
280 715
286 456
456 599
818 380
380 95
234 208
208 107
286 100
100 715
234 96
96 188
818 138
138 251
818 540
540 932
583 672
672 718
818 409
409 715
818 832
832 69
583 564
564 599
818 594
594 251
583 744
744 678
818 307
307 454
583 236
236 107
818 438
438 715
234 130
130 651
818 871
871 651
234 612
612 18
286 610
610 107
234 425
425 590
583 50
50 538
818 815
815 792
286 663
663 107
583 906
906 916
583 53
53 453
286 722
722 599
286 850
850 916
818 300
300 109
286 483
483 538
234 551
551 651
234 867
867 454
234 145
145 462
286 912
912 760
234 224
224 590
286 530
530 462
286 843
843 718
286 924
924 651
234 406
406 462
286 115
115 599
234 282
282 599
234 193
193 916
286 597
597 760
234 206
206 913
583 897
897 109
234 316
316 284
234 589
589 651
818 64
64 916
286 249
249 251
286 817
817 107
583 201
201 188
234 126
126 792
286 736
736 95
583 611
611 792
583 168
168 760
286 20
20 916
286 327
327 932
234 216
216 916
286 161
161 730
286 580
580 188
286 56
56 284
583 196
196 932
583 794
794 484
286 23
23 913
818 762
762 284
818 357
357 453
286 181
181 18
286 451
451 538
286 209
209 484
818 746
746 730
286 248
248 69
583 542
542 284
234 318
318 188
234 838
838 107
818 655
655 95
234 6
6 792
818 281
281 718
818 934
934 4
234 705
705 599
234 337
337 715
818 120
120 42
286 836
836 105
583 719
719 462
234 789
789 188
818 723
723 453
286 297
297 715
234 595
595 730
286 76
76 792
583 570
570 453
286 38
38 730
286 604
604 715
286 3
3 188
583 866
866 599
583 135
135 743
583 783
783 188
234 908
908 715
583 533
533 730
286 180
180 4
286 2
2 109
583 435
435 284
286 198
198 743
286 657
657 538
234 465
465 916
286 881
881 718
818 36
36 95
818 827
827 251
583 703
703 932
286 211
211 913
234 748
748 105
286 505
505 678
234 194
194 760
818 797
797 932
234 375
375 462
583 175
175 913
286 142
142 251
818 712
712 462
234 520
520 109
286 780
780 599
286 260
260 107
286 336
336 18
583 431
431 792
286 710
710 484
818 582
582 18
286 500
500 760
818 880
880 718
818 395
395 913
818 761
761 18
583 146
146 251
583 579
579 107
583 176
176 678
818 878
878 69
583 459
459 743
234 324
324 453
234 920
920 678
286 480
480 484
818 163
163 730
286 27
27 42
818 245
245 760
234 325
325 730
583 849
849 718
818 635
635 42
583 436
436 4
583 522
522 453
234 41
41 538
583 296
296 730
818 526
526 792
583 824
824 105
583 796
796 188
583 449
449 462
286 361
361 678
583 645
645 678
286 287
287 792
818 310
310 42
583 203
203 453
286 856
856 599
583 758
758 188
818 754
754 105
818 308
308 95
234 139
139 462
583 235
235 109
286 740
740 251
234 640
640 454
286 88
88 590
818 831
831 916
818 627
627 913
583 427
427 678
234 467
467 95
583 882
882 105
818 185
185 188
583 909
909 454
234 773
773 715
286 379
379 916
818 313
313 484
286 182
182 718
818 283
283 760
286 935
935 484
818 544
544 599
234 814
814 453
234 648
648 932
234 747
747 42
583 469
469 916
234 306
306 599
818 701
701 95
286 331
331 718
818 217
217 484
286 819
819 932
286 98
98 453
818 618
618 913
818 243
243 913
583 745
745 932
818 192
192 538
286 140
140 760
234 872
872 109
234 5
5 251
818 75
75 188
234 812
812 462
234 261
261 188
234 63
63 913
818 345
345 462
234 225
225 913
583 157
157 730
818 711
711 484
583 117
117 590
818 852
852 538
286 709
709 42
286 795
795 590
818 716
716 590
286 47
47 718
286 753
753 651
234 713
713 18
234 659
659 718
583 671
671 188
286 464
464 730
286 164
164 95
818 877
877 251
583 121
121 599
234 529
529 69
583 813
813 678
818 568
568 678
286 247
247 188
286 156
156 251
234 402
402 284
583 550
550 454
583 387
387 932
583 8
8 743
818 779
779 42
818 717
717 4
234 414
414 109
234 885
885 462
234 700
700 69
286 676
676 284
234 12
12 718
583 89
89 932
234 199
199 188
234 419
419 69
583 806
806 251
583 848
848 284
583 166
166 792
234 922
922 730
286 487
487 454
234 891
891 107
583 763
763 715
583 698
698 715
286 690
690 718
818 154
154 913
286 828
828 599
818 536
536 107
286 305
305 651
583 793
793 792
234 258
258 484
818 207
207 18
286 72
72 599
286 616
616 538
286 875
875 454
234 545
545 599
583 937
937 109
234 231
231 760
583 430
430 651
583 455
455 4
583 886
886 678
818 179
179 18
818 103
103 678
286 363
363 792
583 367
367 590
818 86
86 792
583 404
404 453
286 228
228 453
234 571
571 760
818 104
104 107
234 24
24 760
234 644
644 538
583 68
68 105
234 601
601 932
583 940
940 105
818 587
587 651
286 463
463 69
583 279
279 69
286 927
927 916
583 473
473 678
583 44
44 599
818 40
40 251
818 509
509 916
286 727
727 251
286 687
687 42
818 136
136 4
286 78
78 18
583 501
501 932
818 734
734 913
234 726
726 743
286 504
504 913
286 830
830 188
583 683
683 743
583 15
15 913
234 349
349 916
234 333
333 18
818 184
184 251
234 87
87 916
818 539
539 462
286 543
543 462
818 496
496 251
583 272
272 932
286 152
152 590
818 167
167 453
234 574
574 916
583 680
680 916
286 253
253 251
286 479
479 454
583 221
221 18
234 846
846 484
818 468
468 916
583 293
293 18
583 151
151 916
583 512
512 730
583 692
692 4
234 634
634 760
818 488
488 18
818 74
74 4
234 751
751 651
234 508
508 105
286 892
892 95
286 511
511 538
818 584
584 188
583 408
408 95
234 810
810 105
583 841
841 678
286 869
869 715
234 16
16 792
583 423
423 107
583 442
442 932
234 931
931 538
286 857
857 105
286 437
437 42
234 84
84 932
234 25
25 538
234 458
458 913
234 619
619 715
818 244
244 453
286 889
889 538
286 641
641 718
234 374
374 651
818 441
441 109
818 639
639 4
286 684
684 109
234 699
699 188
234 563
563 792
234 301
301 599
234 673
673 484
286 79
79 718
818 845
845 453
286 55
55 188
818 335
335 69
583 368
368 188
286 34
34 251
234 259
259 188
583 122
122 730
818 799
799 42
583 721
721 651
286 62
62 916
818 13
13 484
286 510
510 105
234 557
557 538
818 905
905 913
234 285
285 913
583 896
896 599
583 865
865 932
286 264
264 453
818 565
565 913
583 223
223 715
583 615
615 109
234 222
222 107
234 195
195 95
583 373
373 913
286 415
415 590
818 742
742 916
286 752
752 453
583 460
460 107
286 764
764 42
818 870
870 107
818 342
342 718
234 809
809 718
234 864
864 743
234 519
519 453
583 558
558 188
818 428
428 932
818 577
577 453
234 923
923 284
583 291
291 590
234 257
257 651
234 288
288 484
234 776
776 916
818 344
344 453
286 706
706 743
286 477
477 95
286 212
212 105
818 933
933 730
234 186
186 715
583 750
750 95
286 844
844 599
583 447
447 251
286 559
559 760
583 802
802 484
583 939
939 760
583 777
777 651
818 786
786 453
234 788
788 69
234 59
59 188
234 340
340 107
818 219
219 105
234 200
200 462
286 17
17 105
818 314
314 4
818 851
851 284
818 173
173 453
818 238
238 109
234 861
861 590
234 204
204 718
234 439
439 251
818 426
426 599
818 174
174 538
583 554
554 678
286 22
22 599
583 803
803 95
286 471
471 538
818 860
860 188
583 617
617 284
583 816
816 4
583 322
322 454
286 771
771 453
583 731
731 678
286 365
365 42
286 80
80 453
286 271
271 792
234 315
315 916
583 9
9 453
583 309
309 18
583 596
596 462
583 791
791 715
818 220
220 454
286 303
303 462
818 48
48 453
234 114
114 109
234 134
134 760
818 191
191 105
234 82
82 678
286 429
429 792
583 895
895 599
286 769
769 188
286 91
91 42
234 546
546 95
286 524
524 590
818 472
472 484
818 804
804 718
583 890
890 538
818 914
914 678
234 502
502 792
818 354
354 251
583 413
413 454
286 364
364 590
286 141
141 718
286 421
421 454
234 276
276 188
583 739
739 760
818 416
416 743
583 888
888 453
583 664
664 590
234 904
904 462
583 837
837 4
234 720
720 715
583 323
323 760
286 144
144 743
234 159
159 4
583 854
854 590
286 598
598 42
234 637
637 743
286 353
353 4
286 887
887 284
818 759
759 590
583 466
466 916
286 555
555 284
286 172
172 18
234 162
162 453
818 527
527 251
583 938
938 538
818 124
124 678
583 661
661 913
583 515
515 916
583 784
784 453
234 218
218 18
583 128
128 538
234 399
399 453
234 355
355 678
286 633
633 462
286 39
39 678
234 801
801 95
583 32
32 18
583 548
548 913
286 552
552 718
286 774
774 715
818 320
320 42
234 90
90 743
286 623
623 730
583 328
328 916
583 547
547 718
286 910
910 453
583 765
765 109
818 377
377 651
286 292
292 743
234 535
535 715
818 143
143 95
286 772
772 284
234 433
433 4
583 202
202 730
583 835
835 454
286 400
400 743
818 901
901 188
286 277
277 743
146 916
585 462
341 4
322 188
55 454
628 718
901 251
489 18
584 760
918 484
5 284
581 932
386 107
295 678
162 743
357 651
623 913
227 590
308 792
794 599
862 42
751 95
805 109
789 730
909 538
597 105
243 715
601 69
747 468
116 340
84 301
101 151
644 69
606 202
767 535
505 449
155 676
903 333
409 700
741 674
321 462
83 151
213 96
381 939
560 42
850 181
83 246
388 539
158 426
854 759
432 157
424 452
551 487
163 759
31 122
168 466
306 200
250 600
239 765
161 6
92 73
409 931
918 850
613 456
226 534
556 719
489 844
578 602
644 680
221 202
683 599
392 100
719 68
556 932
379 442
362 928
817 287
252 683
311 206
798 633
780 742
937 623
906 74
172 462
823 699
478 317
450 537
657 627
523 225
625 432
338 487
915 809
562 925
199 173
350 791
640 742
533 845
298 684
508 244
371 194
928 784
762 146
161 98
438 349
343 558
907 610
311 8
856 55
498 770
803 910
60 462
59 599
861 791
908 439
83 557
606 78
692 144
942 1831 890
596 389
98 644
380 360
769 590
676 76
273 799
377 448
773 709
415 423
617 784
479 136
494 705
374 303
583 885
447 614
358 368
761 365
142 379
841 245
128 254
79 907
656 203
682 54
212 250
319 879
15 578
429 436
410 613
628 171
282 698
380 610
610 204
676 563
563 523
494 28
28 718
380 458
458 609
628 666
666 914
447 632
632 523
841 141
141 718
282 691
691 204
374 127
127 523
583 507
507 721
761 765
765 609
377 288
288 523
628 793
793 511
617 256
256 757
410 365
365 718
682 734
734 339
377 275
275 157
358 74
74 913
479 749
749 473
319 641
641 609
79 589
589 710
479 512
512 710
15 665
665 609
494 510
510 645
682 36
36 473
15 933
933 157
374 268
268 126
79 345
345 645
415 348
348 710
128 684
684 609
761 341
341 718
494 274
274 159
617 754
754 913
358 102
102 718
494 169
169 914
656 574
574 473
479 232
232 757
429 307
307 718
628 886
886 339
79 270
270 721
410 76
76 204
656 56
56 710
583 576
576 204
656 767
767 645
676 110
110 710
429 760
760 339
494 27
27 764
142 383
383 339
841 930
930 645
479 93
93 764
128 822
822 764
682 544
544 511
596 331
331 126
841 527
527 718
479 267
267 292
761 881
881 721
596 17
17 913
583 376
376 159
583 78
78 659
583 819
819 126
773 937
937 204
273 650
650 159
773 235
235 609
769 906
906 914
410 207
207 764
142 165
165 126
479 686
686 609
380 878
878 913
841 932
932 157
377 612
612 523
15 382
382 869
377 552
552 511
676 299
299 914
273 835
835 523
358 808
808 710
319 62
62 869
494 313
313 511
583 501
501 869
410 394
394 473
447 857
857 292
374 150
150 609
628 810
810 718
429 85
85 710
479 271
271 32
212 844
844 511
415 162
162 721
841 624
624 869
142 559
559 913
142 462
462 659
841 49
49 157
617 45
45 634
410 745
745 710
769 805
805 757
410 183
183 292
377 699
699 292
676 461
461 913
380 579
579 292
596 221
221 126
128 529
529 292
15 904
904 204
377 317
317 757
761 540
540 710
841 885
885 634
583 492
492 126
761 488
488 634
282 330
330 157
410 545
545 757
98 770
770 764
319 484
484 292
415 503
503 645
358 688
688 292
380 69
69 757
380 2
2 718
128 418
418 511
769 336
336 32
212 419
419 126
380 750
750 757
596 739
739 126
676 796
796 869
282 203
203 157
142 29
29 32
415 301
301 718
128 58
58 721
676 347
347 32
656 823
823 204
676 148
148 764
841 672
672 159
374 692
692 634
98 373
373 609
479 661
661 634
682 873
873 710
410 915
915 473
212 755
755 204
415 747
747 913
761 241
241 157
273 811
811 159
319 14
14 204
656 519
519 757
380 116
116 914
628 72
72 764
212 247
247 204
273 865
865 710
447 553
553 913
415 678
678 609
761 891
891 292
415 24
24 757
380 163
163 710
15 712
712 292
773 683
683 159
128 188
188 634
212 430
430 511
128 542
542 645
374 846
846 634
596 276
276 339
410 100
100 914
429 290
290 659
773 522
522 204
98 648
648 609
682 775
775 710
769 160
160 126
429 594
594 710
142 349
349 523
773 108
108 511
374 305
305 32
15 355
355 126
377 781
781 634
15 828
828 157
479 818
818 609
682 738
738 659
380 424
424 609
494 827
827 645
374 802
802 721
773 192
192 292
676 850
850 609
212 586
586 609
410 486
486 126
494 284
284 157
415 871
871 32
447 487
487 609
583 893
893 159
15 558
558 913
761 279
279 869
377 253
253 764
682 759
759 473
358 868
868 157
273 198
198 126
628 403
403 292
628 801
801 157
212 723
723 764
380 571
571 157
479 790
790 157
410 762
762 764
410 50
50 634
319 524
524 292
358 453
453 645
380 858
858 157
319 736
736 339
479 606
606 159
128 390
390 157
429 577
577 914
841 367
367 710
617 228
228 914
761 667
667 523
273 780
780 523
773 713
713 159
617 469
469 292
15 194
194 126
682 101
101 523
380 902
902 718
273 291
291 32
380 372
372 659
410 714
714 609
769 779
779 204
583 92
92 609
142 344
344 126
429 86
86 757
761 217
217 523
79 615
615 718
761 7
7 913
374 680
680 721
15 213
213 645
377 88
88 204
479 264
264 32
628 697
697 721
410 493
493 339
769 64
64 32
358 329
329 523
447 772
772 869
273 444
444 645
656 592
592 523
79 604
604 764
380 387
387 473
429 412
412 718
769 324
324 914
98 541
541 609
773 378
378 204
479 472
472 764
212 614
614 159
596 39
39 718
656 605
605 721
583 257
257 634
773 66
66 914
377 239
239 32
773 900
900 718
841 679
679 757
676 178
178 721
319 826
826 126
319 52
52 757
682 728
728 511
841 40
40 634
583 817
817 126
682 285
285 764
769 863
863 473
15 832
832 710
596 859
859 710
128 91
91 32
494 443
443 869
380 152
152 757
479 575
575 634
773 433
433 659
142 942
942 659
617 677
677 659
79 310
310 204
319 197
197 292
596 449
449 159
15 149
149 721
494 260
260 718
596 491
491 204
841 508
508 339
377 357
357 157
479 625
625 710
358 147
147 157
128 910
910 159
98 309
309 609
142 10
10 659
282 500
500 710
676 585
585 204
761 526
526 159
494 81
81 32
676 265
265 204
415 716
716 339
682 528
528 913
377 564
564 126
380 73
73 609
142 44
44 721
374 619
619 914
773 570
570 126
583 733
733 292
628 136
136 609
429 114
114 764
769 230
230 659
410 450
450 659
596 927
927 914
676 616
616 126
374 533
533 645
628 425
425 645
358 413
413 645
142 9
9 609
98 251
251 609
479 456
456 718
479 384
384 764
415 441
441 764
769 43
43 718
656 170
170 721
374 833
833 32
773 315
315 914
773 229
229 718
128 671
671 757
447 694
694 32
415 919
919 157
628 432
432 914
282 318
318 126
761 139
139 339
583 404
404 204
79 120
120 869
415 675
675 609
769 622
622 913
628 717
717 157
319 836
836 645
319 199
199 914
410 94
94 914
15 704
704 523
479 106
106 764
128 295
295 645
377 940
940 869
761 12
12 710
429 218
218 659
415 611
611 757
273 179
179 659
212 814
814 718
447 446
446 634
380 226
226 764
676 121
121 634
79 60
60 645
380 363
363 721
676 96
96 157
98 87
87 292
415 222
222 721
282 440
440 32
15 602
602 473
128 635
635 126
769 34
34 511
479 48
48 609
841 673
673 710
617 77
77 204
415 874
874 913
374 166
166 523
676 82
82 511
583 246
246 721
415 476
476 511
617 467
467 511
761 470
470 511
282 249
249 710
769 631
631 645
617 314
314 204
583 807
807 126
377 918
918 718
617 546
546 757
98 567
567 757
380 560
560 157
841 838
838 634
628 97
97 292
380 556
556 721
429 359
359 721
319 300
300 523
374 815
815 710
358 674
674 609
98 875
875 659
656 766
766 473
128 550
550 609
380 876
876 645
841 206
206 757
377 700
700 126
656 123
123 292
79 776
776 126
761 84
84 757
773 554
554 764
617 842
842 339
128 936
936 757
656 839
839 721
617 782
782 339
429 830
830 523
429 800
800 710
15 90
90 292
682 436
436 609
319 538
538 659
769 272
272 32
374 771
771 126
374 402
402 710
98 788
788 523
15 465
465 511
15 406
406 159
494 261
261 157
358 861
861 32
617 603
603 757
98 792
792 757
282 825
825 157
79 395
395 764
142 214
214 292
773 399
399 764
380 426
426 634
380 311
311 634
79 626
626 710
769 75
75 204
415 551
551 710
79 243
243 764
479 931
931 914
596 726
726 721
319 725
725 914
479 748
748 634
377 939
939 721
656 375
375 721
628 640
640 869
494 894
894 914
682 848
848 204
15 531
531 473
374 200
200 511
676 530
530 609
142 853
853 523
479 59
59 292
273 19
19 32
319 668
668 914
769 568
568 609
415 799
799 339
447 328
328 634
212 466
466 710
15 898
898 718
358 448
448 634
319 855
855 292
380 795
795 292
15 184
184 609
583 941
941 634
273 582
582 913
374 287
287 157
377 497
497 511
319 180
180 292
410 224
224 523
682 38
38 757
282 877
877 645
656 921
921 473
128 794
794 764
410 483
483 292
447 407
407 869
447 53
53 659
358 584
584 914
676 514
514 204
142 607
607 913
494 209
209 764
761 701
701 473
596 325
325 645
773 555
555 634
596 929
929 32
319 517
517 126
410 30
30 32
212 125
125 645
98 935
935 764
773 903
903 721
479 37
37 645
628 263
263 645
98 687
687 339
628 481
481 634
358 703
703 757
128 724
724 913
429 923
923 157
429 401
401 126
769 643
643 32
596 698
698 204
583 1
1 869
676 916
916 721
841 820
820 645
410 561
561 634
494 746
746 609
596 61
61 645
374 423
423 126
79 255
255 157
447 250
250 869
98 445
445 869
410 883
883 126
628 21
21 511
596 202
202 710
628 663
663 523
479 144
144 32
273 804
804 511
377 651
651 757
212 11
11 710
617 323
323 634
358 242
242 339
583 4
4 718
761 515
515 204
273 905
905 32
494 237
237 204
380 731
731 523
656 240
240 204
212 797
797 32
142 68
68 869
773 254
254 645
447 840
840 710
79 236
236 157
380 322
322 721
380 396
396 126
358 708
708 511
15 866
866 764
212 539
539 718
15 259
259 645
374 597
597 473
410 161
161 869
494 227
227 710
319 215
215 473
410 908
908 511
682 379
379 32
494 693
693 645
98 926
926 710
628 896
896 764
479 312
312 721
628 321
321 159
128 173
173 157
282 326
326 32
841 657
657 718
656 888
888 473
596 495
495 523
656 482
482 634
479 408
408 757
841 457
457 126
212 471
471 710
494 509
509 757
773 518
518 523
380 901
901 159
494 791
791 609
15 912
912 659
628 105
105 645
380 660
660 473
128 70
70 869
79 370
370 869
98 55
55 126
841 337
337 159
98 134
134 157
761 789
789 204
79 646
646 757
583 177
177 659
447 892
892 764
769 618
618 511
494 389
389 645
494 350
350 721
319 922
922 523
273 911
911 126
676 71
71 718
773 63
63 204
447 278
278 609
494 167
167 721
273 420
420 721
773 95
95 32
377 109
109 764
358 477
477 523
628 360
360 159
617 924
924 204
79 732
732 126
98 438
438 764
319 664
664 126
358 35
35 157
769 821
821 659
447 248
248 757
656 573
573 609
628 332
332 523
410 342
342 523
273 917
917 126
494 262
262 523
596 13
13 204
282 196
196 159
282 480
480 157
628 33
33 523
447 784
784 721
682 427
427 757
682 485
485 32
682 351
351 473
596 535
535 204
682 189
189 292
15 829
829 609
494 702
702 204
628 26
26 339
142 459
459 204
98 920
920 764
212 475
475 609
617 388
388 914
410 298
298 721
676 581
581 634
377 303
303 645
98 135
135 511
142 115
115 609
494 25
25 473
769 740
740 645
79 234
234 757
410 593
593 659
410 245
245 721
377 569
569 204
380 689
689 634
377 393
393 710
358 277
277 32
841 31
31 511
682 223
223 913
98 356
356 473
682 753
753 157
628 187
187 126
377 777
777 157
212 595
595 634
358 852
852 523
282 786
786 473
769 925
925 721
15 774
774 157
583 621
621 32
410 302
302 609
15 474
474 659
319 834
834 159
79 669
669 757
628 785
785 710
583 655
655 157
596 293
293 157
212 343
343 292
769 587
587 634
319 598
598 292
628 294
294 523
596 928
928 473
142 411
411 609
682 478
478 645
656 3
3 126
447 118
118 126
358 205
205 913
282 464
464 757
656 397
397 634
377 417
417 645
447 690
690 710
282 369
369 523
479 437
437 757
128 18
18 473
273 647
647 157
98 543
543 710
374 371
371 473
494 289
289 764
769 867
867 159
319 630
630 634
494 422
422 710
479 185
185 634
494 623
623 473
319 104
104 609
676 644
644 32
429 729
729 645
656 103
103 659
682 756
756 869
212 847
847 634
79 705
705 126
410 654
654 292
377 296
296 32
761 763
763 710
15 565
565 204
128 633
633 473
656 851
851 645
841 860
860 869
682 752
752 757
494 856
856 473
494 504
504 914
15 513
513 645
596 880
880 764
212 907
907 869
15 506
506 204
15 649
649 913
380 385
385 159
656 516
516 913
374 353
353 126
628 439
439 204
319 498
498 757
656 629
629 757
583 186
186 914
596 670
670 721
841 143
143 645
628 346
346 339
415 715
715 609
273 889
889 292
358 620
620 710
447 131
131 523
656 22
22 634
447 520
520 634
447 809
809 126
773 601
601 914
617 578
578 659
374 195
195 523
583 460
460 126
841 521
521 292
410 580
580 913
128 211
211 609
479 719
719 473
628 151
151 764
358 890
890 764
15 735
735 292
841 562
562 710
282 454
454 339
98 499
499 710
273 225
225 764
769 308
308 126
98 137
137 157
447 174
174 721
773 47
47 645
583 431
431 204
583 20
20 659
761 132
132 645
212 638
638 292
358 899
899 511
212 608
608 339
761 751
751 869
282 16
16 764
358 364
364 645
142 269
269 913
358 742
742 32
769 557
557 869
79 887
887 659
761 879
879 869
415 496
496 718
282 352
352 718
447 171
171 609
841 862
862 659
410 711
711 913
841 787
787 710
447 304
304 473
128 451
451 159
494 812
812 32
676 175
175 159
15 392
392 869
98 566
566 913
656 909
909 32
380 505
505 721
98 80
80 634
282 233
233 710
676 231
231 913
682 843
843 718
377 727
727 645
676 685
685 757
377 334
334 718
656 8
8 292
98 168
168 721
358 806
806 339
447 778
778 718
617 452
452 869
841 129
129 757
841 362
362 869
841 145
145 339
628 798
798 659
358 588
588 473
358 722
722 645
676 845
845 157
429 824
824 913
79 813
813 869
128 525
525 659
596 637
637 913
98 220
220 913
676 758
758 718
841 5
5 609
617 816
816 721
212 658
658 721
410 681
681 757
682 146
146 292
273 130
130 659
15 502
502 473
773 65
65 718
769 252
252 32
380 572
572 914
358 783
783 659
273 340
340 659
319 421
421 511
479 741
741 473
429 854
854 914
494 46
46 710
596 281
281 157
773 398
398 159
358 870
870 339
773 89
89 157
494 258
258 473
841 54
54 659
273 872
872 609
374 882
882 609
79 111
111 757
410 99
99 710
142 730
730 511
596 696
696 914
282 138
138 718
761 831
831 523
319 386
386 339
773 720
720 721
415 639
639 634
596 244
244 157
761 67
67 869
841 590
590 32
676 743
743 32
377 744
744 523
494 849
849 32
494 490
490 511
358 548
548 718
282 537
537 659
596 42
42 159
761 695
695 473
377 405
405 645
212 280
280 523
142 153
153 718
656 216
216 721
415 381
381 157
494 435
435 157
682 837
837 869
447 122
122 523
429 653
653 913
773 532
532 645
429 416
416 126
374 83
83 645
628 536
536 157
142 636
636 869
479 124
124 757
212 41
41 757
676 320
320 718
358 366
366 634
273 414
414 159
128 455
455 32
429 283
283 609
479 176
176 339
479 591
591 339
682 938
938 634
617 57
57 914
617 113
113 292
583 706
706 764
128 158
158 292
676 333
333 126
128 409
409 869
479 400
400 757
656 895
895 757
761 140
140 339
682 164
164 718
769 434
434 634
79 549
549 913
79 468
468 511
583 119
119 718
769 191
191 32
583 156
156 710
656 737
737 339
380 107
107 159
761 338
338 914
479 428
428 764
374 600
600 645
319 154
154 764
415 23
23 473
415 155
155 473
282 297
297 511
319 286
286 159
273 361
361 721
628 709
709 764
377 864
864 339
761 181
181 511
761 803
803 339
769 599
599 126
79 534
534 710
596 391
391 204
617 463
463 126
676 442
442 511
761 238
238 659
319 172
172 157
128 642
642 339
617 182
182 292
358 266
266 869
682 112
112 634
15 627
627 339
358 768
768 32
374 219
219 634
15 613
613 757
319 897
897 634
429 210
210 292
773 6
6 645
377 489
489 869
769 117
117 473
142 547
547 914
682 193
193 721
682 662
662 913
374 327
327 292
769 51
51 473
358 306
306 292
410 368
368 339
142 201
201 32
761 884
884 204
617 707
707 204
212 934
934 757
319 652
652 339
15 190
190 126
380 354
354 473
617 208
208 339
319 316
316 757
273 133
133 204
617 335
335 204
87 914
712 634
685 511
205 764
369 869
806 204
368 292
465 159
474 523
762 721
836 659
134 339
45 645
36 157
694 718
595 473
19 710
182 913
373 32
110 609
695 757
903 1953 806
790 541
265 777
870 798
418 44
717 208
520 299
562 501
575 499
75 159
435 715
30 676
897 250
257 666
206 325
107 53
862 417
43 883
73 389
534 39
739 106
652 286
270 757
719 606
243 763
555 361
329 459
543 727
582 309
571 344
120 481
834 539
692 892
803 179
14 172
863 634
371 749
215 478
617 580
764 88
588 701
382 400
526 715
775 486
508 745
787 185
335 47
667 442
817 268
599 858
14 280
280 890
534 342
342 142
571 466
466 354
520 212
212 110
335 675
675 890
534 477
477 383
215 886
886 593
863 693
693 733
435 881
881 420
75 714
714 793
265 891
891 859
739 203
203 837
775 8
8 593
120 585
585 681
870 794
794 733
834 637
637 523
692 726
726 463
75 899
899 195
897 819
819 247
257 279
279 375
717 159
159 657
107 133
133 135
790 17
17 681
692 647
647 837
382 774
774 110
329 40
40 67
562 544
544 876
73 346
346 264
719 484
484 869
107 39
39 65
435 289
289 420
335 474
474 135
739 697
697 292
418 64
64 809
14 409
409 540
14 510
510 521
775 482
482 110
817 415
415 869
543 629
629 876
508 70
70 876
562 148
148 379
435 756
756 241
520 640
640 809
243 651
651 195
329 250
250 135
764 189
189 809
206 225
225 523
73 310
310 264
555 231
231 354
571 710
710 893
870 284
284 593
43 654
654 573
243 836
836 816
719 650
650 195
526 427
427 521
717 536
536 67
787 763
763 733
382 303
303 375
787 217
217 837
787 369
369 893
43 598
598 573
775 434
434 90
120 642
642 354
575 483
483 593
575 569
569 420
739 186
186 135
75 412
412 363
717 294
294 521
243 106
106 67
265 228
228 241
14 429
429 110
371 847
847 837
382 317
317 823
617 143
143 816
43 411
411 793
787 330
330 241
739 738
738 135
526 169
169 521
870 590
590 370
215 425
425 859
534 456
456 307
817 708
708 109
543 751
751 383
30 653
653 67
787 835
835 416
371 23
23 195
257 769
769 823
243 744
744 375
575 530
530 890
30 761
761 292
120 772
772 375
206 172
172 540
571 374
374 137
575 608
608 681
803 293
293 241
575 678
678 90
73 19
19 523
520 211
211 307
243 666
666 521
562 584
584 517
30 576
576 823
575 358
358 241
14 124
124 436
870 762
762 399
652 682
682 523
215 86
86 241
243 444
444 241
206 146
146 142
582 747
747 399
43 849
849 416
73 722
722 135
575 755
755 379
817 31
31 540
335 181
181 416
215 164
164 793
257 457
457 264
582 563
563 383
14 577
577 837
617 490
490 657
335 592
592 816
73 750
750 370
257 227
227 363
526 298
298 816
508 366
366 137
862 233
233 882
520 758
758 869
206 901
901 809
555 244
244 241
107 583
583 90
43 150
150 247
652 381
381 523
14 10
10 517
803 865
865 416
575 518
518 90
206 479
479 733
692 655
655 681
862 807
807 420
107 87
87 869
571 669
669 593
520 162
162 109
43 784
784 521
435 311
311 67
817 855
855 420
599 533
533 135
382 240
240 657
582 503
503 142
588 487
487 110
817 868
868 90
206 355
355 416
30 127
127 241
790 38
38 593
790 13
13 573
897 547
547 816
371 472
472 540
215 269
269 379
371 500
500 375
30 460
460 540
14 347
347 809
555 114
114 109
508 516
516 363
243 433
433 517
520 60
60 420
739 131
131 593
265 306
306 523
617 202
202 110
790 68
68 436
265 471
471 882
719 572
572 859
418 200
200 893
803 684
684 135
617 395
395 463
418 841
841 135
120 403
403 292
739 731
731 823
120 192
192 593
834 96
96 890
803 639
639 890
764 566
566 517
418 344
344 135
206 602
602 65
107 631
631 90
73 446
446 882
863 56
56 379
508 565
565 379
243 506
506 540
120 889
889 733
382 557
557 463
14 860
860 307
73 880
880 521
764 236
236 109
787 711
711 593
520 392
392 307
692 827
827 540
863 702
702 90
775 245
245 521
418 601
601 195
667 207
207 416
599 795
795 135
520 105
105 370
206 611
611 241
562 686
686 573
270 773
773 517
717 239
239 142
30 603
603 696
526 15
15 517
599 430
430 67
652 174
174 625
667 720
720 869
575 829
829 625
582 453
453 247
14 532
532 110
834 486
486 733
243 546
546 625
790 283
283 109
30 630
630 307
335 221
221 420
575 492
492 876
257 34
34 110
120 187
187 247
764 672
672 657
73 524
524 363
562 879
879 67
418 465
465 859
692 98
98 837
582 423
423 890
817 362
362 517
764 385
385 90
418 251
251 523
329 24
24 354
520 352
352 809
582 842
842 370
206 179
179 65
575 538
538 681
652 805
805 354
329 512
512 137
270 157
157 890
588 874
874 109
243 49
49 517
575 541
541 593
803 643
643 379
764 578
578 135
555 808
808 142
329 140
140 436
382 884
884 823
206 314
314 882
526 473
473 110
692 736
736 67
775 846
846 67
329 147
147 195
667 51
51 869
265 116
116 882
120 7
7 521
834 838
838 573
526 781
781 370
243 281
281 859
652 737
737 241
206 204
204 264
418 426
426 110
371 478
478 809
588 345
345 882
435 341
341 573
617 514
514 247
571 398
398 893
719 635
635 399
435 349
349 809
897 191
191 657
739 144
144 436
435 581
581 436
719 694
694 354
667 32
32 399
555 551
551 247
206 596
596 142
543 464
464 420
14 413
413 109
897 113
113 241
543 699
699 463
534 786
786 363
571 397
397 241
575 234
234 354
582 716
716 521
817 475
475 142
107 54
54 375
534 806
806 869
739 791
791 307
75 867
867 420
30 278
278 809
418 95
95 110
617 297
297 247
270 700
700 823
382 282
282 869
764 77
77 882
599 782
782 375
534 799
799 876
534 130
130 379
43 804
804 463
14 688
688 420
526 830
830 521
508 831
831 657
834 367
367 142
329 337
337 890
14 52
52 109
575 405
405 733
571 528
528 657
667 338
338 307
215 263
263 109
588 749
749 292
243 126
126 517
739 634
634 292
617 468
468 893
834 780
780 540
787 291
291 375
764 496
496 247
739 439
439 681
265 519
519 379
652 627
627 241
73 365
365 816
588 198
198 521
787 721
721 383
775 48
48 109
43 149
149 399
817 715
715 379
739 579
579 383
257 145
145 657
817 400
400 354
790 79
79 67
270 301
301 816
382 445
445 137
30 495
495 383
575 332
332 420
692 266
266 379
14 525
525 823
371 621
621 135
582 163
163 399
739 319
319 363
562 84
84 869
508 356
356 859
14 394
394 893
555 272
272 420
692 368
368 573
543 118
118 142
863 746
746 882
508 728
728 517
107 610
610 593
215 760
760 837
215 591
591 195
739 288
288 370
435 313
313 876
520 232
232 859
667 646
646 436
719 196
196 90
206 290
290 681
14 903
903 837
30 683
683 809
817 18
18 383
329 97
97 876
335 391
391 463
435 246
246 420
588 814
814 463
543 813
813 521
43 343
343 436
717 452
452 89
897 548
548 363
215 201
201 307
817 210
210 625
418 770
770 793
588 515
515 793
692 401
401 307
739 325
325 307
787 168
168 65
265 324
324 823
534 661
661 593
30 707
707 420
435 470
470 517
270 176
176 90
652 404
404 837
764 888
888 523
617 139
139 67
562 360
360 893
329 698
698 307
73 638
638 463
834 438
438 264
575 626
626 135
870 208
208 882
30 222
222 370
862 558
558 264
817 260
260 816
575 287
287 657
371 789
789 436
775 796
796 837
562 703
703 379
692 47
47 142
599 209
209 247
787 103
103 89
667 326
326 793
575 574
574 823
588 323
323 399
764 718
718 463
30 690
690 110
562 864
864 517
75 261
261 882
870 902
902 90
435 134
134 809
862 556
556 657
107 357
357 837
75 36
36 370
599 614
614 517
418 361
361 859
717 462
462 67
265 443
443 436
834 180
180 681
520 674
674 399
43 121
121 383
717 788
788 416
863 454
454 399
107 680
680 67
335 856
856 890
30 875
875 859
257 407
407 292
617 491
491 793
215 437
437 379
30 262
262 573
435 511
511 247
215 493
493 625
803 467
467 793
667 644
644 436
803 504
504 593
335 108
108 416
862 388
388 837
588 71
71 307
534 390
390 436
787 387
387 110
120 85
85 379
588 873
873 292
265 91
91 137
243 59
59 625
588 199
199 593
508 531
531 137
575 552
552 521
14 785
785 823
739 309
309 67
382 615
615 109
30 854
854 67
243 402
402 241
73 190
190 354
775 848
848 809
652 372
372 142
582 501
501 420
14 296
296 137
719 665
665 89
75 440
440 463
418 315
315 420
667 267
267 521
555 188
188 307
739 727
727 370
787 125
125 869
206 887
887 292
717 115
115 109
571 348
348 882
243 898
898 241
588 57
57 517
790 28
28 463
265 432
432 816
555 408
408 67
562 892
892 292
329 6
6 593
30 832
832 90
863 414
414 809
897 802
802 869
107 872
872 383
120 459
459 264
30 393
393 241
418 184
184 90
863 677
677 307
73 353
353 416
435 705
705 696
371 609
609 809
371 441
441 65
555 3
3 67
120 826
826 420
834 66
66 67
534 742
742 523
418 216
216 90
206 331
331 869
371 600
600 247
575 729
729 523
534 220
220 65
717 580
580 869
582 275
275 89
862 328
328 354
719 182
182 593
617 377
377 733
371 896
896 793
73 156
156 521
435 757
757 733
562 861
861 573
418 839
839 657
667 72
72 247
382 679
679 876
265 527
527 375
862 732
732 517
863 295
295 89
14 633
633 859
582 695
695 869
382 82
82 869
764 754
754 882
435 274
274 890
719 676
676 354
43 798
798 67
863 389
389 573
803 417
417 109
692 431
431 625
667 229
229 195
73 668
668 696
652 304
304 195
599 197
197 383
863 549
549 264
418 509
509 375
739 69
69 379
329 160
160 292
43 851
851 292
30 624
624 696
834 300
300 733
667 820
820 383
599 141
141 90
803 542
542 354
73 753
753 354
418 513
513 890
575 111
111 625
692 502
502 593
692 741
741 383
692 76
76 110
534 20
20 370
335 378
378 523
692 101
101 109
692 81
81 540
575 302
302 195
652 213
213 110
717 128
128 142
817 701
701 370
717 178
178 90
526 895
895 876
588 242
242 890
790 554
554 793
692 359
359 292
834 271
271 890
863 410
410 416
834 350
350 195
75 663
663 241
617 276
276 110
508 117
117 681
543 505
505 363
667 450
450 823
371 165
165 893
543 752
752 195
520 104
104 657
382 485
485 540
862 845
845 67
617 768
768 65
14 45
45 823
575 671
671 859
43 522
522 135
571 498
498 696
526 44
44 375
870 766
766 869
870 424
424 882
30 138
138 521
588 249
249 436
862 256
256 137
571 151
151 696
790 553
553 696
107 58
58 869
257 648
648 354
717 745
745 420
719 853
853 420
30 589
589 264
265 691
691 823
30 595
595 893
692 171
171 625
692 458
458 89
335 255
255 681
652 730
730 657
652 268
268 67
582 488
488 90
265 277
277 370
526 214
214 837
562 824
824 869
543 153
153 195
667 170
170 247
206 421
421 657
329 62
62 90
719 226
226 89
43 539
539 816
526 537
537 816
617 810
810 837
75 5
5 247
270 237
237 657
692 844
844 420
75 1
1 370
692 327
327 681
243 564
564 463
329 88
88 517
14 481
481 696
897 704
704 135
73 623
623 733
897 94
94 292
817 632
632 195
775 449
449 370
257 568
568 247
599 883
883 882
817 605
605 109
775 570
570 247
73 285
285 89
571 801
801 837
717 339
339 681
73 656
656 696
243 364
364 540
508 885
885 379
14 33
33 247
371 384
384 137
862 26
26 65
435 812
812 375
717 550
550 142
206 852
852 416
30 619
619 90
692 406
406 893
588 777
777 876
790 894
894 137
243 735
735 816
543 123
123 363
575 613
613 195
107 166
166 809
667 218
218 521
526 448
448 733
371 4
4 264
897 41
41 363
14 659
659 142
534 92
92 292
371 616
616 363
775 53
53 890
562 312
312 809
30 529
529 859
790 461
461 370
520 102
102 436
764 63
63 142
652 743
743 436
692 152
152 809
534 871
871 696
571 815
815 882
257 618
618 292
775 336
336 893
790 759
759 869
329 122
122 195
243 2
2 67
555 779
779 436
265 455
455 823
588 193
193 625
418 499
499 195
692 559
559 135
43 604
604 436
107 673
673 463
520 61
61 264
75 620
620 876
652 866
866 793
543 724
724 307
335 428
428 816
270 37
37 625
243 316
316 67
257 612
612 110
329 219
219 416
739 494
494 517
215 594
594 110
265 535
535 657
265 469
469 110
787 822
822 809
418 561
561 876
775 238
238 517
787 765
765 890
534 376
376 363
120 380
380 264
43 606
606 823
265 16
16 890
571 489
489 436
787 587
587 876
575 713
713 383
107 194
194 733
75 132
132 89
120 93
93 517
582 419
419 523
30 877
877 593
435 99
99 593
575 136
136 523
692 689
689 375
206 373
373 247
418 476
476 521
897 687
687 264
265 797
797 521
382 662
662 399
764 658
658 370
14 175
175 696
897 783
783 67
562 308
308 809
534 22
22 135
257 878
878 247
526 660
660 67
371 112
112 383
719 480
480 247
834 35
35 399
692 767
767 859
329 771
771 517
555 734
734 399
717 778
778 363
652 205
205 354
107 100
100 733
787 833
833 876
803 155
155 110
588 129
129 869
243 158
158 809
571 396
396 241
382 74
74 809
30 641
641 375
787 320
320 696
107 252
252 893
588 792
792 137
508 858
858 370
562 723
723 135
575 318
318 573
335 333
333 89
265 422
422 90
526 597
597 823
667 183
183 657
775 29
29 816
717 50
50 195
30 334
334 416
215 340
340 292
719 27
27 837
43 248
248 696
803 560
560 370
120 545
545 247
817 42
42 890
870 55
55 890
582 299
299 593
692 497
497 816
897 740
740 593
257 321
321 379
435 900
900 869
897 258
258 816
215 451
451 436
543 9
9 354
764 230
230 681
520 167
167 436
520 712
712 247
562 12
12 90
555 253
253 363
582 78
78 890
520 664
664 696
520 776
776 869
329 622
622 436
870 670
670 521
215 442
442 523
265 235
235 876
73 685
685 67
897 507
507 876
652 254
254 837
435 840
840 593
14 11
11 241
790 223
223 65
435 386
386 521
617 21
21 436
120 636
636 517
739 322
322 517
739 273
273 893
526 800
800 142
599 80
80 89
520 748
748 135
764 161
161 241
43 825
825 517
870 821
821 89
215 725
725 436
265 828
828 89
543 607
607 521
215 224
224 370
575 649
649 89
719 447
447 540
764 628
628 363
803 25
25 890
862 185
185 681
667 811
811 859
243 843
843 521
775 706
706 90
543 154
154 109
588 259
259 264
335 709
709 517
508 173
173 876
790 645
645 247
617 567
567 416
335 850
850 264
534 305
305 416
243 46
46 292
43 119
119 523
588 586
586 399
418 351
351 809
107 286
286 463
599 818
818 264
265 857
857 859
667 83
83 436
265 177
177 517
539 573
640 264
474 681
124 416
33 137
888 399
774 859
407 142
539 90
81 816
651 823
37 696
173 292
563 89
227 893
762 876
842 195
406 793
751 67
338 370
403 420
387 383
778 521
694 110
614 809
50 869
269 593
818 379
79 375
126 882
734 463
23 890
179 363
685 135
452 657
705 523
108 109
698 354
789 540
88 65
39 733
839 307
462 247
518 517
887 436
628 625
297 138
221 733
901 90
116 537
450 560
432 597
256 327
534 710
197 50
548 732
568 376
803 169
79 402
892 752
425 772
588 17
191 454
402 136
145 103
344 223
2 9
352 383
474 27
732 410
730 564
543 283
236 540
106 2
207 748
584 813
720 591
285 41
276 307
97 376
624 567
337 295
661 353
480 78
262 214
692 558
15 623
834 314
888 9
196 676
133 121
225 642
561 194
236 216
668 153
766 840
524 431
348 499
186 830
637 602
762 130
714 531
592 390
834 240
325 554
87 275
189 422
108 733
50 893
184 844
787 901
12 696
885 247
458 765
107 421
457 903
180 613
344 663
289 799
755 846
42 821
652 457
881 478
413 724
637 202
459 271
439 4
868 136
402 734
473 178
621 194
255 616
284 542
667 496
415 393
835 154
873 537
123 137
563 348
278 877
462 521
243 6
752 63
362 559
362 356
46 90
450 664
795 580
747 237
673 878
174 661
8 197
335 355
462 659
258 436
169 793
726 99
198 820
200 281
565 644
284 812
817 154
555 177
684 334
599 165
519 607
769 391
215 261
666 99
623 545
784 892
841 61
445 35
747 21
557 285
852 383
300 448
732 152
505 612
781 780
346 230
805 168
181 200
669 184
289 365
335 513
156 768
390 417
716 363
219 318
608 2
310 405
643 828
211 802
387 122
94 312
806 634
337 517
171 122
886 855
874 864
87 277
207 680
39 464
414 50
479 296
225 711
415 242
439 163
672 57
691 90
134 175
555 88
342 748
148 200
180 663
819 647
699 184
684 320
731 24
144 656
353 833
693 708
201 110
894 334
352 27
233 118
24 634
362 176
313 29
391 91
24 494
336 673
549 167
362 163
534 170
472 712
425 529
756 799
70 71
231 677
675 356
279 665
826 69
179 729
790 660
411 123
121 421
60 413
337 760
104 448
555 212
427 100
207 730
648 321
621 71
169 314
213 67
835 393
829 301
289 183
531 25
139 322
675 476
532 517
806 712
789 165
261 665
349 523
203 245
45 890
452 878
553 102
181 144
730 567
738 760
171 185
311 776
214 123
229 276
147 797
433 423
562 611
28 893
806 553
221 72
159 531
176 50
888 351
519 149
758 408
352 413
985 1949 924
646 578
286 113
286 807
807 277
646 522
522 464
646 65
65 927
646 48
48 404
286 938
938 346
286 511
511 683
646 537
537 740
286 423
423 302
286 957
957 59
646 804
804 836
646 16
16 302
286 493
493 608
286 819
819 372
286 963
963 414
646 774
774 346
646 958
958 470
646 981
981 654
286 446
446 404
646 11
11 908
286 662
662 302
646 727
727 617
646 684
684 404
646 591
591 404
646 94
94 122
286 180
180 927
286 175
175 389
646 386
386 122
286 15
15 341
286 475
475 67
286 268
268 500
286 518
518 683
646 909
909 152
646 225
225 943
286 202
202 372
286 243
243 702
646 885
885 943
286 77
77 302
646 365
365 294
646 151
151 780
646 517
517 562
286 376
376 277
646 248
248 490
646 21
21 943
646 668
668 404
646 98
98 470
646 703
703 908
646 561
561 608
646 761
761 836
646 155
155 464
646 930
930 389
646 901
901 414
286 707
707 500
286 607
607 572
286 870
870 389
286 355
355 919
646 102
102 943
646 449
449 238
286 107
107 572
646 853
853 513
646 167
167 927
646 479
479 710
286 79
79 654
286 206
206 122
286 93
93 341
286 695
695 706
286 866
866 470
286 108
108 908
646 187
187 912
286 803
803 302
286 714
714 67
646 748
748 152
286 301
301 324
286 8
8 544
286 459
459 622
646 680
680 302
646 270
270 564
286 437
437 617
286 635
635 562
646 58
58 706
646 297
297 572
286 508
508 608
646 969
969 912
286 164
164 927
286 407
407 688
286 104
104 572
646 514
514 513
646 719
719 912
286 288
288 759
286 882
882 564
286 499
499 908
286 364
364 67
646 403
403 780
646 35
35 878
286 338
338 372
286 887
887 622
286 600
600 414
646 170
170 654
286 137
137 622
286 855
855 464
286 60
60 711
646 357
357 654
286 349
349 622
286 911
911 943
646 793
793 513
646 628
628 414
286 211
211 497
646 253
253 221
646 516
516 324
286 447
447 368
286 351
351 780
286 772
772 414
646 236
236 414
646 176
176 562
286 565
565 372
646 406
406 470
286 126
126 836
646 586
586 389
286 945
945 341
286 274
274 725
646 271
271 497
646 636
636 608
646 281
281 74
286 53
53 513
286 971
971 346
646 177
177 585
646 972
972 152
646 402
402 912
286 630
630 881
286 76
76 688
646 87
87 617
646 72
72 500
286 66
66 389
646 397
397 706
646 448
448 683
286 874
874 740
646 512
512 500
286 310
310 608
646 229
229 372
646 905
905 302
286 555
555 419
286 580
580 943
646 124
124 67
646 81
81 507
286 261
261 585
646 795
795 139
646 679
679 490
646 967
967 122
286 38
38 683
646 669
669 490
286 51
51 464
286 120
120 608
646 306
306 216
646 854
854 500
646 781
781 324
286 474
474 216
286 681
681 520
646 724
724 277
646 867
867 912
286 860
860 908
646 611
611 617
286 160
160 608
286 426
426 836
646 546
546 711
646 941
941 608
646 745
745 221
646 84
84 464
286 933
933 497
646 939
939 198
286 547
547 759
286 974
974 238
286 420
420 419
646 485
485 572
286 732
732 927
286 434
434 346
646 829
829 139
286 480
480 470
286 319
319 706
286 409
409 706
646 879
879 520
646 616
616 919
286 374
374 513
646 263
263 404
646 450
450 198
286 472
472 881
286 743
743 688
646 169
169 368
286 392
392 943
646 530
530 725
286 417
417 490
646 776
776 238
646 391
391 372
286 388
388 572
646 64
64 654
286 637
637 706
286 260
260 216
286 813
813 389
646 824
824 470
286 754
754 908
646 340
340 74
286 316
316 564
286 723
723 490
646 463
463 710
286 478
478 404
286 857
857 216
646 266
266 277
646 694
694 346
646 931
931 608
646 826
826 152
286 280
280 372
286 642
642 497
286 609
609 710
286 247
247 702
646 650
650 500
646 484
484 943
286 570
570 725
286 249
249 654
646 440
440 564
286 712
712 740
286 782
782 740
113 836
646 413
413 562
646 350
350 780
286 158
158 59
646 920
920 389
646 473
473 198
286 883
883 927
646 553
553 497
286 505
505 617
286 320
320 500
646 543
543 912
286 783
783 372
646 322
322 238
286 401
401 500
286 757
757 881
646 36
36 513
646 936
936 520
286 385
385 622
646 534
534 464
646 82
82 878
286 656
656 780
286 631
631 544
646 97
97 389
286 614
614 725
646 672
672 368
646 551
551 564
646 571
571 470
286 435
435 622
646 168
168 372
646 549
549 585
646 61
61 562
286 789
789 74
646 773
773 67
646 769
769 139
646 342
342 500
646 596
596 500
286 382
382 490
646 659
659 341
286 538
538 919
286 356
356 702
646 361
361 608
646 894
894 490
646 665
665 324
646 966
966 544
646 192
192 346
286 671
671 654
286 452
452 513
286 396
396 368
286 655
655 414
646 583
583 152
646 627
627 520
646 947
947 497
646 833
833 877
646 980
980 919
286 295
295 404
286 208
208 507
646 39
39 368
286 832
832 683
286 872
872 74
646 907
907 490
286 542
542 725
286 240
240 608
286 940
940 877
286 182
182 341
286 865
865 688
286 43
43 513
646 926
926 759
286 44
44 912
646 232
232 881
286 937
937 706
646 427
427 324
286 519
519 389
646 384
384 877
286 199
199 324
286 492
492 683
286 71
71 572
286 704
704 562
286 626
626 562
286 24
24 59
286 770
770 414
286 595
595 139
646 399
399 152
286 86
86 881
286 189
189 122
286 147
147 507
286 864
864 706
646 303
303 710
646 408
408 572
286 779
779 943
286 390
390 302
286 888
888 464
646 436
436 414
286 49
49 622
646 143
143 139
286 590
590 562
646 541
541 470
286 13
13 654
646 259
259 706
286 619
619 608
286 574
574 878
286 581
581 878
646 606
606 564
646 203
203 688
286 156
156 711
286 157
157 759
286 204
204 608
646 728
728 464
646 254
254 585
286 110
110 470
646 228
228 302
646 954
954 617
286 559
559 372
646 166
166 654
646 648
648 74
286 154
154 622
286 664
664 725
646 456
456 414
646 809
809 74
286 300
300 927
646 370
370 572
286 29
29 67
646 78
78 122
646 649
649 216
646 808
808 881
286 439
439 67
646 892
892 341
286 214
214 943
646 161
161 59
646 45
45 927
646 85
85 654
646 787
787 368
646 676
676 562
646 861
861 881
286 639
639 152
646 845
845 725
286 802
802 617
286 527
527 389
646 764
764 122
646 179
179 881
646 620
620 617
646 381
381 497
286 858
858 513
646 99
99 544
646 467
467 372
646 535
535 59
646 768
768 562
646 2
2 513
286 185
185 404
646 573
573 346
646 903
903 414
286 63
63 881
286 282
282 919
646 285
285 216
646 651
651 507
646 914
914 881
286 563
563 622
646 438
438 780
286 604
604 238
286 603
603 702
286 323
323 688
646 818
818 688
646 970
970 881
646 184
184 836
646 466
466 198
646 227
227 302
286 696
696 710
286 742
742 507
646 428
428 513
286 906
906 908
286 873
873 877
286 566
566 221
646 127
127 513
286 721
721 341
646 533
533 341
646 325
325 389
646 641
641 341
286 196
196 302
286 130
130 927
646 305
305 372
286 956
956 59
646 613
613 564
286 125
125 389
646 831
831 414
286 550
550 464
286 700
700 490
646 129
129 622
646 899
899 572
286 20
20 544
286 673
673 277
286 678
678 943
646 212
212 608
646 335
335 711
646 827
827 564
286 575
575 372
646 717
717 622
286 112
112 881
646 471
471 877
646 256
256 59
286 503
503 725
286 32
32 919
646 233
233 294
646 201
201 513
286 373
373 585
286 755
755 622
286 245
245 654
286 812
812 490
286 55
55 139
646 713
713 139
286 457
457 706
286 383
383 711
646 777
777 59
646 101
101 389
286 734
734 277
286 932
932 878
646 916
916 711
646 353
353 836
286 814
814 414
286 62
62 221
286 242
242 152
646 279
279 277
646 876
876 59
646 682
682 702
286 347
347 725
286 488
488 122
286 880
880 572
646 378
378 238
646 577
577 277
286 455
455 881
646 132
132 497
286 114
114 302
286 828
828 490
646 621
621 221
286 869
869 878
646 640
640 881
286 560
560 564
286 262
262 414
286 477
477 564
646 687
687 877
646 453
453 216
646 766
766 277
286 835
835 617
646 953
953 683
286 250
250 59
286 816
816 497
646 27
27 654
646 430
430 277
646 444
444 919
286 601
601 544
286 847
847 683
286 445
445 585
286 34
34 198
286 693
693 943
646 359
359 389
286 506
506 562
286 207
207 419
646 961
961 710
646 293
293 59
286 852
852 622
286 103
103 490
646 405
405 836
286 329
329 513
286 343
343 572
286 918
918 497
286 540
540 572
286 19
19 122
646 944
944 122
286 69
69 927
646 289
289 683
286 658
658 152
646 843
843 152
646 476
476 544
646 257
257 414
646 468
468 878
646 337
337 324
646 643
643 585
286 395
395 74
646 422
422 122
646 317
317 139
646 849
849 238
646 393
393 836
286 837
837 198
286 509
509 927
286 890
890 836
286 299
299 836
286 424
424 908
286 955
955 324
646 123
123 564
286 336
336 740
286 851
851 608
646 491
491 470
286 730
730 943
286 801
801 881
646 498
498 122
286 985
985 404
646 982
982 464
286 548
548 277
646 339
339 919
286 276
276 912
646 862
862 216
286 458
458 711
286 33
33 617
646 273
273 346
286 443
443 302
286 312
312 341
286 394
394 740
646 200
200 562
646 799
799 912
286 296
296 324
286 109
109 470
286 800
800 520
646 369
369 122
286 863
863 919
646 328
328 372
646 731
731 836
286 219
219 198
646 951
951 419
286 412
412 702
646 224
224 198
646 119
119 544
286 117
117 572
286 195
195 414
286 652
652 683
286 344
344 617
646 183
183 490
286 42
42 943
646 823
823 878
646 525
525 562
646 825
825 122
646 556
556 341
646 186
186 152
646 720
720 654
646 822
822 572
286 304
304 216
286 592
592 836
578 294
286 677
677 198
646 697
697 520
646 26
26 238
646 775
775 368
286 56
56 562
646 689
689 419
286 334
334 564
646 558
558 152
646 978
978 414
646 461
461 507
286 762
762 198
646 840
840 464
286 790
790 221
646 416
416 507
286 842
842 617
646 354
354 372
286 726
726 759
646 733
733 702
646 612
612 780
286 716
716 564
646 465
465 419
646 521
521 59
646 326
326 564
646 510
510 912
286 481
481 470
286 504
504 341
646 557
557 346
646 897
897 759
646 805
805 725
646 810
810 683
286 778
778 688
286 952
952 152
646 411
411 139
646 191
191 654
646 136
136 67
286 983
983 368
646 348
348 507
286 751
751 497
646 118
118 919
286 217
217 238
286 318
318 372
286 792
792 67
646 128
128 152
646 7
7 122
286 949
949 198
286 30
30 908
286 856
856 544
646 150
150 572
286 629
629 324
646 645
645 221
286 371
371 238
646 135
135 544
286 663
663 513
646 913
913 324
646 269
269 562
286 686
686 702
646 235
235 759
286 610
610 221
286 308
308 702
286 875
875 122
286 10
10 585
286 96
96 238
646 791
791 544
286 18
18 740
646 942
942 585
646 661
661 702
286 162
162 490
646 741
741 706
646 848
848 520
646 925
925 346
646 4
4 238
286 258
258 302
646 140
140 139
286 165
165 372
646 40
40 302
646 190
190 500
286 660
660 368
286 68
68 238
286 131
131 419
286 421
421 908
646 298
298 221
286 576
576 404
646 115
115 74
286 105
105 912
646 95
95 346
646 738
738 780
286 898
898 877
286 886
886 654
286 252
252 520
646 148
148 544
646 25
25 404
286 922
922 404
646 545
545 836
646 746
746 725
286 489
489 877
286 605
605 372
646 292
292 544
646 100
100 710
286 948
948 513
286 889
889 710
286 375
375 617
286 960
960 617
646 6
6 562
646 352
352 513
646 327
327 943
286 749
749 341
286 758
758 59
646 910
910 740
646 23
23 702
646 968
968 688
286 634
634 725
286 753
753 564
286 568
568 908
286 884
884 500
646 786
786 711
646 495
495 878
646 278
278 324
646 230
230 562
286 567
567 368
286 47
47 702
286 379
379 277
646 976
976 139
646 138
138 710
646 222
222 294
646 979
979 372
286 674
674 513
646 451
451 608
286 57
57 927
286 820
820 404
286 623
623 683
646 602
602 564
286 50
50 221
646 9
9 470
646 218
218 490
646 209
209 725
646 747
747 389
286 921
921 836
646 188
188 59
286 283
283 683
286 523
523 404
286 552
552 122
646 220
220 881
286 584
584 683
646 950
950 585
286 433
433 198
646 142
142 688
286 111
111 294
646 705
705 927
286 494
494 216
286 226
226 464
286 314
314 221
646 3
3 302
286 89
89 608
646 644
644 59
646 752
752 419
646 181
181 122
646 597
597 404
286 902
902 919
646 625
625 198
286 5
5 520
646 429
429 780
286 928
928 617
646 73
73 497
286 841
841 490
646 744
744 464
286 210
210 216
286 599
599 277
646 806
806 368
646 469
469 198
646 935
935 470
286 691
691 688
286 92
92 881
286 632
632 572
286 794
794 507
646 685
685 497
646 307
307 608
646 515
515 216
286 524
524 878
286 598
598 683
646 315
315 564
286 321
321 927
646 797
797 881
286 106
106 74
646 90
90 572
286 133
133 294
286 311
311 302
646 539
539 943
286 785
785 564
286 163
163 740
286 410
410 389
286 891
891 238
646 737
737 277
646 708
708 688
646 239
239 654
646 532
532 622
286 618
618 497
646 821
821 277
286 234
234 389
646 593
593 572
646 441
441 908
646 834
834 683
646 380
380 780
286 715
715 572
286 859
859 470
646 528
528 122
286 487
487 881
286 917
917 836
286 22
22 688
646 345
345 688
646 896
896 139
646 28
28 702
286 223
223 683
646 237
237 562
646 460
460 368
646 144
144 389
646 771
771 74
646 729
729 341
286 838
838 216
646 454
454 919
646 52
52 470
286 284
284 585
646 70
70 585
286 496
496 702
286 893
893 404
646 415
415 404
286 722
722 122
646 193
193 507
286 178
178 464
646 159
159 346
646 923
923 943
646 442
442 836
646 633
633 277
646 91
91 341
286 811
811 404
646 594
594 544
286 934
934 346
646 624
624 740
646 735
735 346
646 531
531 908
646 653
653 881
646 924
924 654
646 330
330 67
646 675
675 507
646 41
41 617
286 666
666 544
646 194
194 836
646 331
331 500
646 17
17 507
646 37
37 759
286 482
482 490
286 844
844 152
646 255
255 725
646 699
699 507
646 763
763 464
286 290
290 654
646 83
83 294
286 134
134 389
646 197
197 414
646 267
267 608
646 529
529 881
286 670
670 294
286 149
149 740
286 332
332 919
286 174
174 470
286 246
246 908
286 501
501 881
286 172
172 943
286 486
486 683
646 146
146 490
646 536
536 654
646 358
358 710
646 798
798 419
646 647
647 368
646 153
153 836
646 868
868 414
646 579
579 216
286 483
483 585
286 929
929 544
646 815
815 490
646 333
333 513
646 362
362 706
646 171
171 490
286 750
750 562
286 241
241 706
646 313
313 711
646 973
973 608
646 141
141 912
646 915
915 544
286 231
231 544
286 387
387 513
646 615
615 585
646 275
275 877
286 12
12 139
646 213
213 919
286 14
14 464
286 418
418 419
646 121
121 346
286 946
946 927
646 116
116 725
286 80
80 59
646 839
839 912
286 871
871 544
286 756
756 122
286 582
582 608
646 964
964 59
646 309
309 74
646 367
367 152
286 962
962 139
646 904
904 702
286 895
895 341
646 587
587 122
646 425
425 216
286 846
846 507
286 900
900 919
286 400
400 59
286 690
690 500
286 588
588 139
646 462
462 238
286 431
431 414
286 709
709 389
286 638
638 608
646 589
589 759
646 977
977 740
646 975
975 302
286 657
657 500
646 526
526 419
286 850
850 238
646 667
667 221
646 205
205 562
646 287
287 464
646 46
46 564
286 54
54 122
286 788
788 59
286 377
377 780
286 244
244 302
646 398
398 683
646 360
360 622
286 796
796 683
646 830
830 683
286 760
760 881
286 784
784 877
286 272
272 702
646 291
291 368
646 75
75 564
646 251
251 562
286 363
363 759
286 31
31 67
286 215
215 878
646 959
959 927
286 718
718 470
646 432
432 562
646 173
173 710
286 502
502 706
646 265
265 294
286 554
554 585
646 692
692 414
646 817
817 238
646 965
965 759
646 984
984 878
646 765
765 464
646 767
767 389
646 739
739 67
646 145
145 585
646 569
569 513
646 1
1 943
286 264
264 608
646 366
366 324
286 736
736 780
646 88
88 419
286 701
701 706
286 698
698 912
330 572
410 688
893 702
271 470
932 507
837 608
62 419
378 617
593 562
157 122
248 544
488 711
377 520
696 585
486 564
355 912
915 152
705 67
188 341
875 277
387 368
285 74
547 216
448 877
408 710
698 908
471 500
696 139
906 683
817 414
704 221
96 404
254 725
489 622
730 346
101 919
293 324
358 490
29 654
96 740
744 198
673 759
220 238
223 389
479 372
898 59
966 881
440 513
947 927
969 497
543 302
136 464
866 294
25 780
109 706
956 878
552 836
307 943
115 960
825 37
600 143
310 603
752 387
357 113
474 295
820 708
573 424
111 91
297 825
312 629
452 501
930 802
789 217
371 562
27 498
165 291
670 122
930 247
424 265
601 141
382 578
266 106
24 239
382 173
407 99
103 414
376 229
35 396
15 216
956 823
726 372
281 811
911 567
809 226
247 154
157 256
624 502
646 770
42 331
