1
391 767 1
200 301
34 135
348 7
231 352
20 109
33 215
62 185
16 270
323 36
217 105
210 381
298 112
382 276
231 234
234 318
20 135
135 380
62 96
96 161
323 147
147 43
16 155
155 214
323 57
57 157
217 211
211 43
210 107
107 63
33 182
182 318
200 351
351 157
323 222
222 120
348 109
109 157
33 260
260 120
231 154
154 157
20 11
11 214
16 251
251 214
348 228
228 204
200 344
344 161
200 263
263 204
298 203
203 283
217 221
221 318
231 36
36 43
33 266
266 283
20 232
232 63
231 81
81 161
323 385
385 43
210 321
321 157
231 104
104 380
231 112
112 43
210 24
24 283
200 355
355 161
20 297
297 318
382 121
121 318
217 77
77 380
16 79
79 43
33 287
287 283
20 39
39 108
231 46
46 120
231 5
5 108
20 152
152 318
298 215
215 380
34 314
314 204
200 341
341 161
217 194
194 204
200 369
369 204
210 168
168 283
231 294
294 120
382 191
191 63
382 89
89 43
62 309
309 380
298 219
219 120
33 312
312 63
382 352
352 204
210 265
265 63
298 261
261 318
16 331
331 157
20 51
51 283
20 183
183 108
382 252
252 283
217 368
368 120
217 386
386 214
348 4
4 43
217 30
30 120
62 274
274 157
231 305
305 318
323 72
72 43
20 273
273 318
298 229
229 157
323 82
82 214
231 9
9 161
323 54
54 204
16 286
286 380
20 311
311 157
34 98
98 120
217 134
134 161
16 52
52 63
16 37
37 161
382 23
23 120
298 196
196 157
382 262
262 108
16 220
220 161
298 132
132 108
231 17
17 214
20 270
270 318
382 44
44 204
323 207
207 63
62 156
156 157
231 137
137 43
231 326
326 63
348 276
276 380
348 269
269 161
231 92
92 161
33 289
289 283
382 306
306 161
16 354
354 157
16 237
237 63
298 365
365 43
231 325
325 283
16 359
359 380
62 347
347 43
16 76
76 214
34 315
315 63
231 94
94 161
200 32
32 108
34 357
357 161
62 187
187 120
298 53
53 161
231 292
292 380
382 8
8 283
16 165
165 108
33 268
268 318
20 106
106 204
210 129
129 380
20 384
384 380
34 329
329 214
382 56
56 108
382 103
103 204
34 322
322 318
348 356
356 157
298 375
375 204
7 380
210 144
144 318
323 301
301 157
210 105
105 108
20 310
310 43
200 366
366 43
298 327
327 120
217 335
335 43
34 250
250 318
200 80
80 380
16 336
336 108
20 199
199 157
20 324
324 318
20 267
267 63
217 295
295 318
217 27
27 63
382 254
254 157
298 162
162 157
34 339
339 43
62 78
78 43
217 307
307 63
20 243
243 63
62 345
345 204
62 66
66 120
200 334
334 318
200 1
1 204
323 225
225 204
200 316
316 63
210 2
2 157
298 381
381 108
210 379
379 318
298 346
346 283
298 47
47 161
16 100
100 214
217 239
239 204
217 173
173 283
323 259
259 120
16 202
202 120
348 73
73 318
200 49
49 120
348 71
71 108
62 127
127 283
16 28
28 283
200 360
360 214
200 142
142 318
200 190
190 380
298 223
223 380
34 372
372 204
298 185
185 161
348 174
174 43
231 213
213 120
34 99
99 214
155 380
134 63
5 120
273 214
37 318
80 283
286 204
321 43
355 199
379 49
274 301
334 185
39 261
77 322
144 267
325 80
301 283
107 259
36 305
384 120
64 186
3 279
55 158
248 118
371 151
145 88
290 87
75 102
205 19
91 163
60 281
248 166
166 242
205 90
90 242
64 177
177 257
64 383
383 153
75 328
328 41
290 122
122 153
248 238
238 153
248 68
68 83
290 26
26 242
55 171
171 84
64 241
241 41
55 391
391 41
75 69
69 41
205 167
167 41
91 350
350 84
55 189
189 84
91 25
25 242
290 362
362 41
290 275
275 257
290 300
300 153
3 186
186 153
248 390
390 83
60 15
15 84
371 10
10 153
205 175
175 41
75 193
193 282
91 291
291 84
55 244
244 257
55 45
45 83
91 353
353 282
205 58
58 257
371 48
48 242
3 40
40 41
75 233
233 83
205 29
29 84
290 317
317 153
55 143
143 41
205 140
140 84
145 136
136 84
55 111
111 257
55 247
247 282
145 114
114 84
290 97
97 257
60 150
150 282
91 138
138 84
3 332
332 257
248 249
249 41
60 21
21 257
55 374
374 282
205 388
388 257
205 124
124 83
91 101
101 153
205 281
281 84
91 87
87 153
3 284
284 257
91 280
280 153
248 363
363 257
290 125
125 282
205 67
67 153
371 176
176 84
3 378
378 282
91 195
195 257
205 14
14 153
290 296
296 257
75 164
164 84
205 50
50 242
75 65
65 282
64 303
303 153
64 172
172 282
205 330
330 41
60 272
272 41
205 313
313 84
145 19
19 257
290 85
85 282
60 118
118 282
371 337
337 242
64 206
206 41
55 236
236 282
205 373
373 153
145 285
285 282
248 279
279 153
60 70
70 257
64 320
320 282
75 126
126 257
75 181
181 153
55 86
86 242
248 159
159 83
75 59
59 83
75 343
343 242
91 22
22 83
3 146
146 282
205 258
258 84
248 184
184 41
145 170
170 282
88 257
371 178
178 257
145 188
188 153
55 116
116 83
75 192
192 242
248 31
31 242
75 6
6 83
91 302
302 153
60 148
148 83
205 130
130 84
205 169
169 282
290 128
128 84
55 367
367 84
60 227
227 84
371 308
308 242
290 235
235 242
290 38
38 257
64 299
299 282
91 201
201 153
3 278
278 84
55 226
226 153
371 304
304 41
55 271
271 242
91 158
158 41
248 212
212 153
248 387
387 242
290 35
35 242
248 264
264 257
248 255
255 41
64 139
139 257
371 12
12 257
248 18
18 282
3 208
208 242
205 246
246 83
55 361
361 84
64 74
74 282
55 149
149 83
145 245
245 282
145 198
198 282
64 370
370 282
91 110
110 242
371 180
180 242
248 179
179 83
205 288
288 41
248 253
253 41
145 376
376 41
205 216
216 41
60 163
163 282
205 340
340 242
205 277
277 83
64 131
131 41
91 230
230 41
60 13
13 83
91 115
115 242
75 160
160 242
371 113
113 41
64 117
117 257
290 119
119 83
248 349
349 83
205 42
42 84
145 133
133 41
60 293
293 153
248 197
197 242
145 338
338 257
145 389
389 84
60 224
224 242
205 256
256 83
371 218
218 257
205 333
333 83
55 319
319 153
371 364
364 83
248 141
141 153
60 358
358 41
371 102
102 242
55 209
209 282
248 342
342 153
145 123
123 242
248 61
61 257
290 240
240 84
290 93
93 84
75 95
95 83
91 151
151 153
12 83
50 282
198 41
245 242
236 153
18 257
238 111
380 377
63 377
120 377
283 377
214 377
318 377
108 377
157 377
43 377
161 377
204 377
377 371
377 60
377 55
377 205
377 64
377 145
377 3
377 248
377 91
377 290
377 75
