1
4705 9375 4330
1108 227
950 2263
1549 4507
2512 4470
1331 4640
953 470
1666 633
173 4057
1967 1344
175 3995
4429 667
2420 2488
4082 2241
4133 3812
3450 2200
313 998
1690 713
1390 579
1359 4174
2018 3366
4489 941
1405 3827
3007 673
1882 2791
1478 2383
1789 4194
1888 2101
3435 3980
3398 2652
2986 489
202 3660
615 35
1064 454
2216 4087
4559 3216
4081 4498
3842 915
1519 1469
4564 2054
2192 2415
281 1865
113 2445
210 3984
1377 1017
2106 3081
1778 2078
2384 1928
4660 1712
4123 3706
3152 3688
4621 3921
194 3985
2724 2158
4349 2911
868 3999
3796 4618
2020 72
1637 2462
4094 859
3275 4070
2353 2991
3936 490
619 3531
1702 327
3491 2795
1012 2893
865 1491
1097 3338
1286 3147
1425 3526
2450 1126
3136 1080
4555 4474
386 3182
3734 3984
2525 1283
1241 1051
962 1386
1000 1586
1615 798
1197 4577
2220 1730
193 117
2203 3292
1183 3700
3262 857
174 3230
4516 1899
1455 2885
4354 387
3533 271
1267 141
2916 2408
4572 1082
258 759
1671 1776
2473 1794
4700 3597
4654 310
4294 1962
348 4624
1166 1521
1526 3362
4116 3702
3452 1662
2821 2869
1013 2365
4509 158
1116 4498
3897 2775
506 1159
2733 3087
4036 3498
413 253
3068 2826
1648 4096
4442 620
3446 2334
3505 2848
2083 356
4593 621
3751 4324
75 839
2247 2475
1808 1123
49 2691
3918 3980
1665 3081
1032 1783
3143 3570
2715 4009
3266 1111
1147 694
3833 3088
2818 1223
2566 182
3711 1985
717 3890
605 253
840 4266
2487 2543
1217 3375
1631 1786
3186 4504
3235 3933
3574 350
760 2428
4309 2271
3511 2603
3249 1589
802 4582
1457 3559
3915 3846
2457 3522
1885 4306
3227 1371
4173 2402
775 627
4460 3767
4262 491
4483 1141
1042 259
1385 4517
54 453
2910 3983
662 255
2708 2359
3207 1621
1184 1481
611 849
2238 1761
4403 1838
1874 3858
4604 1234
2131 4096
4647 3118
1207 2893
831 2703
1532 1280
4538 2652
3537 3725
3828 385
3447 295
2629 1123
4101 3204
2699 581
4286 229
3516 3990
1723 275
3458 3261
2649 1912
4083 3937
154 722
1514 2857
28 1265
935 2658
2496 2507
3685 1215
3835 3116
3974 579
3236 1162
4045 1017
4420 4452
4291 4385
1204 4176
1397 1857
1741 3474
773 1429
602 525
407 3178
3459 3322
4493 1735
1736 711
1337 2204
2804 3548
1329 2682
1205 1466
3303 2381
318 2151
2685 2805
1382 2744
2899 678
792 1175
3039 4204
2806 4635
2425 814
2150 4613
805 749
3914 300
4111 3494
1307 2677
4032 574
2788 406
1165 2113
3910 2394
2863 409
1889 4095
3062 1535
3184 2377
1253 3333
4414 429
4677 3033
807 4013
3016 1209
480 2527
4207 1106
4025 2557
2585 4532
4581 4308
3141 3033
1729 633
1672 3426
4388 4021
2085 980
1014 2940
3655 3527
3013 4113
4020 4623
4268 1593
4641 833
1511 4035
604 4200
1710 3114
2324 1461
616 895
4496 873
3966 4678
3355 896
2378 2841
1942 495
2388 3382
3708 3836
4475 784
4580 1024
3493 4210
333 4575
1340 1574
4027 1387
958 787
3434 1304
2797 221
2674 1821
2336 3861
1256 3418
769 990
92 1996
2927 2652
1860 4056
1547 2094
1984 3673
986 1581
457 456
330 387
3155 1711
4659 2337
2970 2259
1647 3320
2597 367
4673 1062
1190 39
2545 1178
2292 64
2695 410
2021 3456
762 93
4221 1054
3667 4152
374 1614
4106 503
3501 2531
996 169
254 4064
380 2194
2276 808
4530 20
3159 704
4417 908
3103 1338
4649 4068
3132 1373
614 1440
1663 1255
1833 2568
739 3381
1750 3462
1277 268
781 4361
3624 4139
3457 3153
3246 4105
4344 4290
1441 404
1298 3115
1151 3647
2565 394
2506 3770
3323 40
3710 4597
1345 1110
906 2913
2449 952
3596 1489
3032 414
1404 3522
205 2398
1596 4540
3560 1275
1727 1225
1830 3792
3991 2867
3651 2006
2075 3898
3998 1842
1452 4523
2725 127
1107 4413
4335 4609
301 2923
3042 3324
4234 125
439 1254
4502 912
369 2650
53 3893
4154 3279
1035 620
417 1489
3050 3127
4562 2213
4081 3630
3630 4425
3501 2233
2233 975
386 211
211 2464
3596 1980
1980 142
254 2034
2034 142
3560 3956
3956 4425
4133 4512
4512 4425
4493 3173
3173 142
2566 3742
3742 4050
2457 1891
1891 4425
1345 2815
2815 991
4621 302
302 4425
4083 3497
3497 4425
2899 1351
1351 4050
2425 4041
4041 975
1340 1369
1369 991
2725 3919
3919 975
28 4122
4122 4050
3447 163
163 4425
92 564
564 142
2021 77
77 2464
1042 2047
2047 975
4581 1198
1198 991
3910 1965
1965 991
1514 422
422 142
4420 557
557 4425
1874 64
64 975
4559 406
406 2464
1885 1154
1154 975
1107 3127
3127 4425
439 3525
3525 142
281 1913
1913 975
906 297
297 975
3667 1201
1201 991
2986 3676
3676 991
53 4428
4428 991
173 2550
2550 975
4082 3294
3294 975
2821 2901
2901 975
1217 440
440 142
4604 757
757 4425
4309 4464
4464 991
1666 1911
1911 4425
868 3985
3985 975
906 511
511 4050
935 461
461 975
4559 3195
3195 4425
3710 4699
4699 4425
1532 4314
4314 2464
3186 1713
1713 142
2021 926
926 4050
2565 4510
4510 4425
3918 32
32 142
1888 3400
3400 991
3833 1365
1365 2464
1204 2093
2093 975
4286 2723
2723 4425
348 490
490 975
2566 4682
4682 991
254 3870
3870 991
254 306
306 142
2797 471
471 4050
2708 541
541 4050
1671 3962
3962 2464
2695 3365
3365 975
773 2687
2687 975
3452 3377
3377 991
3574 3801
3801 4050
3323 3768
3768 4050
4516 2730
2730 991
417 1072
1072 4425
3262 3340
3340 4425
2818 4372
4372 142
3828 4643
4643 4050
4094 3658
3658 142
369 3416
3416 991
2685 4006
4006 4050
1885 3593
3593 4050
4344 627
627 991
4344 660
660 142
1778 581
581 991
3398 4410
4410 991
3103 159
159 975
760 3342
3342 4050
3207 1491
1491 2464
3262 4521
4521 975
480 1081
1081 4425
1184 3498
3498 4050
4027 2274
2274 142
1672 3810
3810 4050
602 2261
2261 975
4647 4319
4319 4050
1452 736
736 4425
1723 4211
4211 142
1267 1817
1817 975
4538 2252
2252 975
318 88
88 4050
3249 1282
1282 2464
4417 646
646 991
2674 2853
2853 2464
1064 2062
2062 975
2916 2933
2933 4425
1615 545
545 4050
53 964
964 975
1750 3441
3441 991
3493 2172
2172 991
4509 3312
3312 2464
3447 812
812 4425
802 2907
2907 4050
1382 754
754 975
1012 3073
3073 991
1457 2869
2869 142
374 834
834 991
4123 1568
1568 142
4081 1417
1417 975
1108 1928
1928 4425
4483 1599
1599 2464
4659 3538
3538 975
3103 415
415 991
4133 2732
2732 4425
1165 4023
4023 991
4562 4701
4701 142
3991 3357
3357 4425
380 4431
4431 4050
3533 1864
1864 991
4673 3023
3023 975
2378 853
853 975
3560 2690
2690 975
2699 3037
3037 4425
4268 4439
4439 4050
2525 966
966 4425
4509 1592
1592 991
4509 804
804 142
3708 854
854 142
1337 2225
2225 991
417 3230
3230 991
4502 2135
2135 4425
1207 645
645 4050
1631 2503
2503 2464
2085 4130
4130 4425
4641 3955
3955 2464
1452 1623
1623 142
950 694
694 991
3491 4554
4554 975
1108 2151
2151 991
193 2090
2090 991
210 262
262 4050
831 3370
3370 142
1519 2742
2742 975
1165 3930
3930 975
2018 4367
4367 4425
506 3253
3253 991
1116 3943
3943 4425
4388 4298
4298 991
614 3709
3709 142
3624 786
786 2464
1710 3387
3387 2464
1441 2700
2700 975
281 1273
1273 975
4094 575
575 4050
1298 467
467 142
4106 4135
4135 2464
4154 4478
4478 975
3734 2587
2587 4425
1690 4193
4193 991
1097 4108
4108 4425
4291 366
366 4425
4647 1506
1506 2464
3685 391
391 4425
4234 308
308 2464
1514 1220
1220 991
2733 4330
4330 4050
3136 1438
1438 4050
258 734
734 975
605 389
389 975
3596 1153
1153 2464
616 3001
3001 4050
1671 838
838 4050
1778 2856
2856 2464
3184 1266
1266 4050
4116 1279
1279 4425
113 2264
2264 2464
3457 1541
1541 2464
2021 985
985 142
75 2888
2888 975
3991 542
542 991
1882 1683
1683 142
480 1051
1051 4425
906 2406
2406 4425
2106 3329
3329 975
760 3465
3465 142
1874 115
115 2464
4649 4321
4321 2464
1425 3825
3825 4425
1207 2576
2576 4050
2457 2218
2218 142
3068 1520
1520 4425
1441 2330
2330 142
865 903
903 142
1064 1621
1621 975
2725 2319
2319 975
1013 24
24 975
1405 3515
3515 991
4082 1189
1189 142
840 1442
1442 4050
28 1638
1638 4050
4234 3263
3263 991
2818 3071
3071 4425
1014 1875
1875 2464
92 4251
4251 2464
2629 2601
2601 991
840 4558
4558 4425
2806 1654
1654 2464
4562 1709
1709 991
1014 2337
2337 4050
1478 2941
2941 2464
4291 578
578 2464
1116 3878
3878 4425
1184 2786
2786 4050
1331 2458
2458 4425
4649 328
328 991
1331 1101
1101 991
1549 1227
1227 2464
4493 2031
2031 4425
4420 2412
2412 142
4268 1349
1349 142
2725 2103
2103 4050
4082 4151
4151 991
205 2355
2355 975
2216 1002
1002 142
935 4592
4592 142
1165 3279
3279 4425
2020 3109
3109 142
3651 1315
1315 142
4036 2013
2013 4050
2585 742
742 4050
3835 3442
3442 4425
1329 1484
1484 2464
2276 4078
4078 4425
1277 219
219 991
865 1264
1264 991
380 3542
3542 2464
4291 2072
2072 4050
4641 3812
3812 4050
2821 1192
1192 4050
1457 1228
1228 142
1035 902
902 975
2083 3390
3390 142
506 876
876 2464
792 1993
1993 991
457 1096
1096 142
407 2383
2383 975
2863 1563
1563 975
2203 4595
4595 4425
4388 2060
2060 142
2545 1721
1721 4425
1672 507
507 4425
3132 1677
1677 2464
4207 489
489 4425
92 1554
1554 4050
1345 1845
1845 2464
3914 3979
3979 4050
3152 1182
1182 991
3914 2460
2460 142
2715 1594
1594 142
3710 4614
4614 142
1511 1746
1746 975
3511 1144
1144 975
4414 3101
3101 4425
3184 1797
1797 975
2566 2599
2599 975
1702 2509
2509 991
3828 3404
3404 142
3833 1324
1324 991
3624 4519
4519 991
1710 4271
4271 2464
3266 4055
4055 2464
1205 117
117 4050
1204 20
20 975
3511 3126
3126 4050
1184 4625
4625 142
1298 3311
3311 991
717 706
706 4425
3159 2874
2874 2464
1526 4099
4099 4425
2585 1659
1659 142
2487 277
277 991
3998 2968
2968 2464
1267 4570
4570 4050
1631 2750
2750 991
865 4343
4343 4050
3141 828
828 991
3266 4153
4153 975
1404 3875
3875 142
2899 2551
2551 4425
3537 1883
1883 4050
4133 3347
3347 142
958 2005
2005 142
3505 2993
2993 991
3398 855
855 4050
3842 4017
4017 4050
3207 3223
3223 4050
614 1534
1534 975
1197 2538
2538 4050
4604 2095
2095 4425
506 1708
1708 991
4354 3278
3278 4425
374 2720
2720 2464
3624 52
52 4050
2725 1923
1923 142
4294 1134
1134 4425
4580 2025
2025 4425
2388 1375
1375 975
769 3779
3779 4050
348 4573
4573 142
4496 1257
1257 142
348 872
872 2464
2708 927
927 142
3458 3391
3391 142
4460 1528
1528 4425
1013 2596
2596 975
1337 1916
1916 975
3227 3888
3888 4050
611 3382
3382 142
1035 696
696 142
3152 1738
1738 4050
1307 182
182 2464
348 3834
3834 4050
202 379
379 2464
953 4462
4462 4425
1526 971
971 142
313 2358
2358 2464
3596 3805
3805 4425
4483 1646
1646 975
333 1389
1389 142
868 2940
2940 975
3491 1490
1490 2464
2420 371
371 991
1064 3360
3360 2464
2699 874
874 4425
4555 1840
1840 975
4580 761
761 142
4572 3662
3662 2464
4564 343
343 991
2075 2812
2812 4050
4291 303
303 2464
3143 3218
3218 4425
2106 1982
1982 991
3227 2890
2890 4425
113 2091
2091 991
3966 3216
3216 4050
3910 2832
2832 142
605 3135
3135 4050
3323 2563
2563 975
1532 4430
4430 991
4027 4569
4569 991
2649 1641
1641 142
3236 3632
3632 142
2473 4471
4471 2464
2378 4310
4310 142
3574 1213
1213 4050
2708 2752
2752 142
1727 973
973 142
3655 3558
3558 991
1727 3913
3913 975
1340 2580
2580 2464
2986 4401
4401 4050
3184 4638
4638 975
2863 1102
1102 142
3493 2967
2967 991
4173 3258
3258 991
2986 423
423 4425
3062 1922
1922 2464
739 4011
4011 4050
1736 885
885 4050
4593 803
803 4425
3435 1685
1685 991
3141 460
460 991
2512 2622
2622 991
2018 3906
3906 991
2545 4244
4244 4425
4173 4497
4497 2464
4649 1715
1715 142
4234 2698
2698 4425
1672 3019
3019 975
3435 1557
1557 2464
3751 896
896 4050
950 104
104 4425
318 2256
2256 991
380 3074
3074 142
3155 2915
2915 975
3842 947
947 4050
3991 4557
4557 4425
3184 3520
3520 4050
348 1055
1055 142
2525 1559
1559 4050
2804 1580
1580 2464
1286 3243
3243 142
3655 1429
1429 2464
3708 3017
3017 4425
1097 4601
4601 142
1204 4346
4346 4425
1014 4048
4048 142
1710 2870
2870 975
4641 4258
4258 4050
2818 1799
1799 2464
374 1185
1185 975
1013 2354
2354 4425
1151 4446
4446 2464
1253 1510
1510 4050
3533 2366
2366 142
4268 2141
2141 4050
4294 418
418 142
1197 1934
1934 142
2545 1606
1606 991
2863 1030
1030 975
92 4016
4016 4050
4572 3193
3193 4050
1549 3530
3530 975
2597 3654
3654 975
3493 697
697 4425
3918 1550
1550 4050
1032 2003
2003 4425
2674 3865
3865 4050
3062 165
165 975
2384 1482
1482 4425
2247 135
135 991
4581 228
228 2464
611 3976
3976 4050
174 3165
3165 2464
3910 3476
3476 975
3323 1682
1682 991
4106 3072
3072 2464
950 426
426 4425
906 2045
2045 2464
2970 4264
4264 4050
4025 1518
1518 975
760 1566
1566 4425
3505 598
598 2464
2699 1503
1503 991
3159 2526
2526 4425
1723 3640
3640 4050
2821 1283
1283 991
2910 1026
1026 975
2674 2928
2928 975
3136 1262
1262 4050
614 4030
4030 2464
3711 3567
3567 2464
3007 1652
1652 4050
3068 700
700 142
369 2675
2675 975
3685 1276
1276 2464
1478 2935
2935 975
1647 2997
2997 2464
439 3326
3326 2464
3493 718
718 4425
1190 978
978 991
1942 1658
1658 4425
3435 2753
2753 4050
3032 1562
1562 142
1340 1587
1587 991
4221 4203
4203 991
2863 1348
1348 2464
4027 960
960 4050
769 145
145 975
3398 2236
2236 142
2192 1155
1155 4425
4262 924
924 975
4045 1854
1854 975
2685 4107
4107 975
2420 3403
3403 975
1042 359
359 142
417 3425
3425 4425
2075 1224
1224 142
2674 631
631 4050
2487 470
470 991
1337 2670
2670 2464
2699 4637
4637 975
2020 3649
3649 991
2733 2058
2058 4425
1457 1926
1926 991
3136 3008
3008 4050
175 4435
4435 2464
4509 3861
3861 2464
958 813
813 142
805 4413
4413 975
3710 246
246 142
3184 2729
2729 991
3511 4411
4411 4050
1340 4409
4409 4425
1204 4336
4336 2464
1197 1815
1815 991
4572 2479
2479 4425
1648 4374
4374 975
2986 4206
4206 4425
611 2904
2904 991
1478 3087
3087 975
1596 401
401 142
380 4243
4243 142
2496 4021
4021 2464
2699 4276
4276 4050
3007 4632
4632 975
3457 1020
1020 991
3915 4004
4004 142
1253 2194
2194 975
4673 2822
2822 4050
254 1065
1065 2464
3355 2868
2868 4050
1190 153
153 991
3667 2719
2719 4425
3796 4340
4340 2464
4309 4463
4463 2464
1035 496
496 2464
2378 1158
1158 975
2565 2588
2588 4050
2450 1447
1447 142
457 1278
1278 142
2899 372
372 4425
2970 752
752 142
4403 1237
1237 975
1789 1763
1763 4425
1690 2540
2540 2464
4572 244
244 142
3103 1346
1346 4050
4133 2714
2714 4050
348 2035
2035 4425
1615 336
336 975
4309 83
83 2464
2150 2280
2280 975
1000 2315
2315 4050
2566 2828
2828 2464
3493 2848
2848 4425
2238 4437
4437 4425
4581 1243
1243 2464
3533 4064
4064 4425
3918 2602
2602 4050
318 3922
3922 4425
4032 1031
1031 4425
1741 3214
3214 4050
2629 4523
4523 142
330 2198
2198 4050
4604 3527
3527 142
3457 640
640 142
1217 282
282 975
3710 3301
3301 991
1307 4208
4208 2464
1032 1246
1246 4050
210 1352
1352 991
2238 8
8 4050
1097 745
745 975
2724 3830
3830 2464
1241 710
710 975
49 4661
4661 4425
1014 2114
2114 2464
194 58
58 4425
3398 1887
1887 2464
2378 3961
3961 2464
3897 1878
1878 2464
3355 2494
2494 2464
4475 1827
1827 142
1329 1837
1837 991
807 4202
4202 975
1241 4283
4283 4050
1241 3517
3517 142
1184 866
866 991
4291 4681
4681 2464
611 1924
1924 142
1615 2747
2747 975
4032 2146
2146 2464
3249 3597
3597 975
3016 533
533 4050
3132 260
260 4425
174 850
850 4425
4559 2246
2246 975
2674 2254
2254 4050
781 2829
2829 4050
506 2476
2476 2464
2216 763
763 4425
2106 3880
3880 975
3143 3908
3908 142
2512 3741
3741 4050
831 2836
2836 142
1967 934
934 2464
407 648
648 4425
1789 1071
1071 2464
4344 19
19 142
1331 338
338 4425
1648 2689
2689 4050
4083 1387
1387 2464
950 1175
1175 4425
2384 1912
1912 4425
193 2772
2772 2464
3796 4453
4453 991
4286 4292
4292 142
4335 3513
3513 142
4291 3353
3353 975
1035 2079
2079 991
1690 1765
1765 142
1511 1734
1734 4050
1702 4213
4213 142
2216 1258
1258 991
154 4318
4318 991
1385 2142
2142 4050
1547 4513
4513 2464
2192 2430
2430 2464
3007 1221
1221 2464
193 2683
2683 4425
1377 3378
3378 4050
3751 1688
1688 4050
1514 1176
1176 2464
1108 4585
4585 142
4460 679
679 4050
2425 2437
2437 4425
3050 1242
1242 4425
258 4434
4434 975
3459 1744
1744 991
3711 1553
1553 975
1390 3848
3848 4050
3323 1432
1432 4050
2220 4376
4376 991
2473 1785
1785 2464
4580 1436
1436 975
769 430
430 142
1014 713
713 2464
3262 2421
2421 4050
3266 3706
3706 142
49 3604
3604 4425
3974 3677
3677 4425
807 237
237 4050
4268 3350
3350 991
3711 3921
3921 991
3103 2069
2069 4425
202 3492
3492 4050
154 351
351 975
3132 2434
2434 4425
1014 1935
1935 4425
1331 4313
4313 4425
619 1462
1462 2464
3828 665
665 2464
935 599
599 975
3533 4582
4582 142
1702 483
483 991
3560 4524
4524 2464
3491 822
822 4425
3833 3429
3429 2464
1736 27
27 142
1197 3333
3333 4050
3452 1136
1136 991
1452 570
570 142
3501 3552
3552 2464
4403 4364
4364 142
2353 3755
3755 2464
2457 80
80 991
1631 180
180 991
4025 3289
3289 975
2075 2019
2019 2464
1888 2009
2009 2464
3842 250
250 991
3910 1907
1907 4050
4641 4192
4192 991
3998 3611
3611 4425
369 1515
1515 4050
3651 2931
2931 2464
54 2553
2553 4425
2083 4035
4035 4425
4032 4199
4199 4050
2863 3811
3811 975
417 1862
1862 975
1789 3977
3977 4425
4580 2070
2070 2464
3447 1302
1302 142
3936 1957
1957 4425
4509 3128
3128 142
1382 4544
4544 2464
1241 1143
1143 142
3227 2949
2949 2464
1298 4288
4288 4050
2203 3841
3841 991
1750 291
291 142
958 3584
3584 2464
3710 2571
2571 4425
3447 2352
2352 2464
457 688
688 4050
1672 1872
1872 142
1596 1898
1898 2464
205 723
723 4050
4417 1133
1133 991
2818 276
276 975
1457 1467
1467 2464
3446 3257
3257 4050
1107 815
815 4425
1441 4436
4436 991
4700 2299
2299 975
2220 131
131 4425
3842 3443
3443 975
3303 2896
2896 4050
3450 3041
3041 975
3966 908
908 4050
2699 214
214 975
1750 888
888 142
1064 2240
2240 142
1478 626
626 4425
4027 1793
1793 4425
3505 1627
1627 975
3574 4104
4104 4425
1519 2876
2876 991
3505 1486
1486 991
1885 1203
1203 142
1397 4525
4525 975
865 68
68 4050
3828 4118
4118 991
1672 2387
2387 975
4483 3748
3748 991
2725 327
327 991
950 3439
3439 142
953 3884
3884 4425
611 4671
4671 2464
1885 2748
2748 975
1000 827
827 2464
3974 1024
1024 4425
4173 2898
2898 975
1984 4455
4455 4425
3262 2064
2064 4050
4116 799
799 4425
4641 1050
1050 975
4572 2390
2390 142
4673 2983
2983 991
2336 582
582 2464
3042 1400
1400 4425
962 3824
3824 4425
3828 2265
2265 142
1151 2016
2016 2464
210 1328
1328 4050
369 464
464 4050
4673 4180
4180 4050
4025 914
914 4050
380 3959
3959 4050
1750 897
897 4050
1382 637
637 4425
4207 3508
3508 2464
480 2400
2400 975
413 3916
3916 2464
604 3044
3044 142
1184 272
272 2464
3458 3605
3605 2464
604 3430
3430 142
3355 1678
1678 991
1404 2097
2097 2464
3050 427
427 4425
4420 1284
1284 2464
1256 3592
3592 2464
2525 4096
4096 975
4538 674
674 4050
3227 1196
1196 4425
4154 4485
4485 142
4647 4115
4115 4050
3235 727
727 4050
4483 82
82 4425
348 4350
4350 142
906 2929
2929 2464
4101 1689
1689 142
2733 2783
2783 975
1596 561
561 4050
1197 1326
1326 991
4489 1730
1730 142
2715 2861
2861 2464
1207 1332
1332 142
3835 3949
3949 4050
868 4549
4549 2464
3039 1556
1556 2464
3491 3499
3499 142
4083 1694
1694 2464
3914 1489
1489 4425
3835 4148
4148 4425
3796 1481
1481 2464
614 1280
1280 975
2292 4119
4119 991
3398 2134
2134 991
3143 2067
2067 142
619 3200
3200 975
202 2121
2121 991
3155 3125
3125 2464
1637 4253
4253 991
2150 358
358 2464
3227 1632
1632 991
2487 2041
2041 2464
1729 3798
3798 2464
739 2952
2952 4425
1337 3076
3076 4050
2916 4690
4690 142
1882 4219
4219 991
3751 3738
3738 991
2450 2578
2578 4425
1452 2613
2613 4050
1615 189
189 2464
1615 108
108 991
2685 3674
3674 975
1404 1783
1783 975
3897 1636
1636 142
1166 4617
4617 975
2324 3545
3545 975
1860 2873
2873 142
2695 3226
3226 142
1404 4468
4468 975
769 299
299 4050
3050 3988
3988 4425
953 4386
4386 2464
2788 3421
3421 142
2512 399
399 4425
3132 1086
1086 4425
1013 3095
3095 2464
769 2120
2120 2464
194 4443
4443 142
3013 2906
2906 991
4562 3070
3070 4050
2220 3206
3206 991
480 3615
3615 975
3685 2451
2451 975
2597 2443
2443 975
1425 3121
3121 142
3828 2149
2149 4050
1478 3532
3532 4425
2378 4287
4287 4425
616 3656
3656 2464
4516 4495
4495 975
194 3051
3051 2464
1397 4132
4132 142
369 3851
3851 142
3493 1366
1366 975
4221 3420
3420 991
2804 4655
4655 142
2336 3203
3203 142
2649 365
365 991
1808 1120
1120 142
2674 213
213 4050
2192 2961
2961 975
4388 4054
4054 991
4572 2955
2955 4425
3136 1265
1265 4425
2085 922
922 142
953 4433
4433 4050
3434 235
235 4050
1256 839
839 4425
3262 3644
3644 991
4349 2395
2395 4050
4020 239
239 2464
3450 1560
1560 4050
3751 2287
2287 991
2220 4317
4317 975
413 1297
1297 2464
3152 893
893 991
1671 3336
3336 2464
1727 1577
1577 975
1889 2158
2158 975
3936 3867
3867 2464
1665 139
139 4050
3574 4127
4127 4425
254 191
191 975
1359 4666
4666 975
1672 468
468 142
717 778
778 4050
1750 4005
4005 991
2203 628
628 4050
1382 1617
1617 4425
1665 1939
1939 142
4388 4360
4360 975
4286 2312
2312 4050
1217 2191
2191 975
1425 2867
2867 142
1984 2260
2260 142
4354 1159
1159 991
3516 1523
1523 991
1397 4093
4093 4050
1672 4301
4301 142
868 4587
4587 991
2818 2823
2823 4050
2649 3302
3302 991
986 362
362 4050
2725 2370
2370 142
762 2113
2113 142
3796 1914
1914 975
175 164
164 4050
4262 3802
3802 4425
4604 209
209 4050
2457 3999
3999 4050
1035 3693
3693 991
480 2244
2244 991
113 2957
2957 4425
1984 2027
2027 2464
1241 1223
1223 991
3537 2162
2162 991
2457 3426
3426 4425
3459 3115
3115 991
3062 2480
2480 991
1885 198
198 142
3991 2918
2918 142
1830 2934
2934 142
4101 184
184 4425
2821 3335
3335 975
348 1416
1416 991
3842 3953
3953 2464
2916 1208
1208 4050
3186 3260
3260 142
3007 2157
2157 4050
3936 2617
2617 2464
2821 2584
2584 4425
4649 4348
4348 142
3039 1054
1054 991
3450 1313
1313 4050
413 268
268 4425
615 2122
2122 4050
1359 3577
3577 991
281 952
952 991
254 2892
2892 991
775 1844
1844 4425
1549 2454
2454 975
4082 2973
2973 4050
1441 1717
1717 4425
2525 678
678 991
1455 2502
2502 991
1190 4400
4400 991
4032 190
190 975
3435 945
945 991
2425 99
99 2464
1808 1841
1841 2464
2150 4333
4333 4425
2075 1161
1161 975
802 3196
3196 991
3132 3158
3158 991
4572 624
624 975
417 3648
3648 975
205 2936
2936 991
4530 339
339 142
4555 3904
3904 4050
2085 4381
4381 2464
807 3085
3085 4050
1217 2651
2651 2464
760 3341
3341 975
407 2647
2647 2464
953 3927
3927 4050
1478 4322
4322 2464
2585 3077
3077 4050
3050 479
479 142
1064 1598
1598 991
1166 43
43 142
380 3795
3795 142
3152 4543
4543 991
4509 2966
2966 991
3050 3163
3163 991
4020 3852
3852 991
2916 3758
3758 975
1331 1948
1948 991
4173 1992
1992 2464
4649 4567
4567 975
3667 1753
1753 142
4442 789
789 2464
1723 3053
3053 142
313 1426
1426 4050
1405 3583
3583 4050
1377 2492
2492 991
1789 3182
3182 991
4641 498
498 2464
1217 4695
4695 4050
2565 2694
2694 991
4032 4490
4490 142
3141 2635
2635 975
769 2586
2586 2464
2192 309
309 975
4335 396
396 142
1532 686
686 4050
614 899
899 4050
4475 2872
2872 142
2927 1964
1964 975
4516 385
385 4425
3434 1767
1767 991
4020 4588
4588 142
1165 4373
4373 991
3457 3083
3083 4050
2388 505
505 991
986 3396
3396 4050
3235 1251
1251 142
54 2341
2341 4050
348 1255
1255 2464
1147 3482
3482 142
2899 3572
3572 991
3910 1769
1769 4425
4111 3194
3194 975
3062 1173
1173 4425
4414 1776
1776 4425
3186 3603
3603 975
3355 2982
2982 2464
4116 2589
2589 2464
1665 2190
2190 991
193 3140
3140 991
1165 3995
3995 4425
2512 2794
2794 991
1808 2536
2536 975
717 1034
1034 991
739 4009
4009 4425
3236 1969
1969 975
3446 3379
3379 991
2566 1275
1275 142
605 2223
2223 4050
380 4380
4380 991
1647 3239
3239 142
3159 2774
2774 4425
4572 607
607 2464
3068 4266
4266 4050
3275 4591
4591 991
2420 4670
4670 991
781 884
884 4425
2788 764
764 4425
3655 1038
1038 142
760 2100
2100 4425
4660 124
124 142
3974 4479
4479 2464
2450 835
835 4425
173 2189
2189 4425
3651 3376
3376 2464
616 3720
3720 2464
258 248
248 991
4647 2228
2228 4425
2192 2880
2880 4050
2353 3713
3713 2464
1277 2381
2381 4050
2566 1698
1698 4425
3655 1774
1774 2464
1741 2877
2877 991
1526 2711
2711 4425
4641 137
137 2464
202 4419
4419 4425
1377 3449
3449 991
3833 895
895 975
1549 2486
2486 975
1425 1048
1048 975
54 3814
3814 975
4291 1344
1344 975
4593 539
539 975
1967 3020
3020 2464
2378 2522
2522 2464
380 4692
4692 142
950 1537
1537 991
4660 1567
1567 142
1000 3373
3373 975
2715 1761
1761 991
616 2197
2197 4425
3236 4228
4228 2464
1217 2036
2036 4425
769 245
245 4425
1457 4070
4070 142
1217 4678
4678 142
457 3645
3645 991
996 2956
2956 975
374 548
548 991
1116 3250
3250 975
2512 2224
2224 2464
2863 4629
4629 4425
2106 264
264 142
3355 2087
2087 4050
2336 1202
1202 2464
1882 2616
2616 2464
3136 66
66 4425
1729 4416
4416 142
1942 918
918 991
2916 3345
3345 4425
615 2833
2833 2464
1452 2704
2704 142
2336 3790
3790 142
2449 3111
3111 4050
831 1800
1800 4425
4593 2186
2186 4050
175 1434
1434 2464
417 1099
1099 991
868 1936
1936 142
2075 2838
2838 4425
3155 3858
3858 991
781 3108
3108 4050
1637 4312
4312 142
4621 2226
2226 4050
4649 3153
3153 2464
1267 669
669 991
3016 2603
2603 975
4173 316
316 142
3155 2579
2579 2464
205 3316
3316 4425
92 719
719 4425
1511 3209
3209 2464
831 1977
1977 4425
1359 776
776 2464
2473 1148
1148 4425
3457 403
403 142
2899 2331
2331 4050
4101 2636
2636 991
3136 1945
1945 991
4116 499
499 4050
4649 3201
3201 4050
2804 1451
1451 4425
2018 712
712 975
281 2886
2886 142
1690 987
987 4050
4475 2301
2301 142
1452 3883
3883 975
2292 1019
1019 142
4262 1420
1420 4050
1648 651
651 4425
4403 98
98 2464
1014 172
172 142
3452 726
726 142
3842 4299
4299 991
3155 911
911 2464
4420 1195
1195 4050
2220 1123
1123 4425
2276 1855
1855 4425
2021 97
97 991
2457 2977
2977 4050
1478 4261
4261 975
4460 293
293 142
1267 974
974 4050
3457 280
280 975
962 1287
1287 142
3974 2466
2466 4425
1596 4170
4170 991
4106 1610
1610 142
374 1978
1978 2464
1789 1748
1748 142
4580 2824
2824 4425
3493 1474
1474 991
3457 3295
3295 142
2725 994
994 975
3143 3723
3723 142
4083 1215
1215 4050
1307 6
6 4050
281 3944
3944 2464
1190 1787
1787 991
318 3129
3129 4050
2018 954
954 4050
1000 2174
2174 991
4032 2663
2663 2464
2806 138
138 991
4475 3057
3057 2464
313 393
393 991
3207 1625
1625 2464
3842 1946
1946 4425
3667 4458
4458 2464
2020 2124
2124 4425
935 1620
1620 4425
2916 1707
1707 975
3323 177
177 142
2220 3067
3067 142
4025 121
121 975
3533 2356
2356 142
3708 3602
3602 975
75 2710
2710 2464
4081 4444
4444 991
3262 4194
4194 2464
3458 1725
1725 142
802 1115
1115 975
4083 288
288 991
4309 474
474 975
3398 368
368 4050
4564 1440
1440 142
1532 1782
1782 142
4414 186
186 4050
1860 3879
3879 2464
1166 2032
2032 975
1032 2017
2017 2464
2131 1999
1999 142
865 1608
1608 142
4106 724
724 975
330 2304
2304 4425
2725 1820
1820 4050
3537 3900
3900 975
1511 3569
3569 4050
1307 298
298 4050
950 1896
1896 975
4106 1960
1960 142
611 3730
3730 4050
2247 1431
1431 142
380 116
116 991
1165 170
170 4050
210 387
387 4425
4442 836
836 975
49 1954
1954 4425
1830 2456
2456 142
614 692
692 4425
2863 4324
4324 2464
2496 2849
2849 991
1277 579
579 4425
4403 3885
3885 142
611 1573
1573 2464
762 1609
1609 4425
3236 3169
3169 142
1631 1929
1929 4050
3136 1001
1001 975
1382 1171
1171 2464
205 1667
1667 975
3491 1795
1795 991
173 2734
2734 2464
4555 1036
1036 991
1984 3905
3905 4050
2378 2598
2598 4050
1286 3794
3794 4425
281 2810
2810 975
4123 1361
1361 975
380 452
452 4425
1514 1464
1464 2464
3537 1651
1651 4425
4111 1516
1516 975
3143 1987
1987 4050
2804 2327
2327 142
4604 2002
2002 4050
1307 1775
1775 4425
1526 2709
2709 4050
1337 1626
1626 2464
318 2068
2068 4425
602 3234
3234 2464
1874 57
57 975
3458 356
356 2464
962 481
481 975
1889 3362
3362 4050
4111 4205
4205 975
2715 2446
2446 142
1637 3468
3468 2464
3103 1021
1021 2464
604 782
782 991
1197 410
410 4050
2457 2958
2958 975
3227 3448
3448 2464
4509 166
166 2464
2818 122
122 4425
3537 4603
4603 142
4154 243
243 4425
1256 2938
2938 4425
1397 2591
2591 2464
3966 2796
2796 991
2927 3417
3417 975
3446 3005
3005 4425
175 1819
1819 975
2525 2523
2523 975
2788 3321
3321 975
3434 3557
3557 975
4036 3413
3413 975
762 4089
4089 991
1340 585
585 2464
4621 4080
4080 4050
3452 2619
2619 991
4106 2250
2250 142
760 463
463 2464
413 2974
2974 4425
3159 259
259 2464
4106 2435
2435 975
831 992
992 975
2506 78
78 142
3966 3726
3726 2464
1637 968
968 2464
2085 453
453 2464
2473 119
119 4425
1710 930
930 4050
1736 4252
4252 991
1377 873
873 991
3062 2043
2043 4425
3446 1091
1091 991
3710 1925
1925 975
1671 2375
2375 4050
1663 13
13 991
386 234
234 4425
3833 1413
1413 4050
1397 3689
3689 4425
2715 2676
2676 4050
1151 663
663 2464
75 673
673 142
4154 2234
2234 991
2512 1796
1796 2464
1207 2842
2842 4425
3016 2219
2219 991
4094 770
770 991
3511 4341
4341 142
1637 647
647 4425
1729 4600
4600 991
4081 3180
3180 142
3998 342
342 4050
1190 40
40 991
2425 2847
2847 142
775 3313
3313 4425
4045 1575
1575 975
3574 4658
4658 142
831 750
750 975
3450 3626
3626 4425
1478 2340
2340 991
662 305
305 4050
3651 3100
3100 991
4641 1456
1456 2464
1729 3529
3529 975
4081 466
466 4050
413 4532
4532 2464
760 149
149 991
3039 990
990 142
3152 1751
1751 2464
1329 1772
1772 975
3493 4631
4631 4425
2708 2768
2768 4425
4388 546
546 2464
2863 2759
2759 4050
2699 1880
1880 2464
49 4633
4633 991
906 3769
3769 2464
75 382
382 2464
3186 4535
4535 991
2818 2778
2778 142
348 1407
1407 991
953 3664
3664 2464
3246 596
596 2464
3796 4220
4220 991
3897 2074
2074 142
2203 4449
4449 2464
760 2235
2235 975
1665 3105
3105 2464
374 1937
1937 975
1888 687
687 142
333 1836
1836 4425
4027 623
623 991
3032 1290
1290 2464
2021 4235
4235 4425
4660 4145
4145 142
2216 1463
1463 4425
4025 337
337 2464
1331 1435
1435 975
4354 3853
3853 975
3685 3750
3750 2464
1151 1821
1821 4050
3685 1902
1902 975
1860 523
523 991
4564 794
794 991
1147 1600
1600 975
2674 808
808 142
831 2182
2182 975
4673 2639
2639 4425
4106 3634
3634 4425
506 4357
4357 4425
1723 2164
2164 975
3016 3740
3740 2464
611 300
300 142
4483 3288
3288 4050
4291 3205
3205 4050
2708 146
146 2464
3458 3330
3330 991
2018 3714
3714 4425
1514 1613
1613 2464
2674 4518
4518 142
506 3386
3386 142
1727 4426
4426 975
3447 858
858 4050
3711 4675
4675 975
4133 3297
3297 4425
1888 3210
3210 4050
1723 285
285 4425
4509 1469
1469 142
1385 618
618 142
1455 801
801 4050
4414 199
199 975
1205 3754
3754 4425
1455 2277
2277 975
602 4280
4280 4425
2450 1979
1979 991
840 1743
1743 991
2649 1493
1493 991
1340 1781
1781 4425
769 3889
3889 4425
4020 737
737 4425
4562 3562
3562 2464
506 609
609 4050
258 409
409 991
2806 2423
2423 4050
2085 1814
1814 4050
330 4137
4137 142
1727 1892
1892 142
333 4646
4646 4050
2150 3242
3242 142
380 9
9 4425
2487 649
649 4050
2545 1339
1339 4050
4496 3054
3054 142
4516 1633
1633 142
1097 286
286 4050
3910 2251
2251 4050
1207 4143
4143 4050
3511 2718
2718 4050
1874 4015
4015 4050
4641 4597
4597 4050
28 2530
2530 142
1519 1353
1353 142
3042 3325
3325 4050
258 2684
2684 991
1882 2262
2262 142
3434 1138
1138 142
4442 842
842 2464
2425 249
249 142
1405 3099
3099 991
53 1590
1590 975
3833 3315
3315 2464
1205 2407
2407 4050
4420 1639
1639 991
4489 2862
2862 142
1885 894
894 991
739 1843
1843 2464
2131 2294
2294 4050
4530 2857
2857 4050
953 332
332 4050
2353 2611
2611 4050
3446 4345
4345 991
3751 55
55 2464
2986 613
613 4425
2292 1149
1149 4050
3016 2965
2965 4050
2388 3629
3629 4425
3068 3277
3277 2464
4083 345
345 142
3355 2637
2637 975
369 881
881 991
2420 2662
2662 4050
1165 547
547 2464
962 1410
1410 991
4538 1367
1367 2464
3991 3031
3031 975
1631 4293
4293 4050
4442 3217
3217 4050
4649 3139
3139 975
4460 3963
3963 975
3143 1697
1697 2464
2085 3933
3933 142
3936 1068
1068 975
1190 2010
2010 2464
2496 1876
1876 991
1596 525
525 2464
1665 1959
1959 4425
1882 3996
3996 4425
1205 4185
4185 142
3516 1445
1445 2464
1345 3144
3144 4425
762 4196
4196 142
374 1294
1294 991
92 4126
4126 4425
805 1017
1017 2464
3651 766
766 2464
4083 2163
2163 975
1184 3872
3872 975
3452 2368
2368 991
330 2414
2414 4050
4294 1740
1740 2464
1405 3092
3092 4050
1441 1424
1424 4050
1151 2179
2179 142
3459 4574
4574 4425
4559 621
621 4425
3236 3120
3120 2464
4133 3157
3157 4425
3068 2754
2754 975
3501 340
340 4425
1165 4607
4607 4425
775 344
344 2464
1197 3177
3177 975
3398 2528
2528 2464
3796 2317
2317 991
3434 1804
1804 4050
953 3575
3575 4425
2216 3816
3816 4050
2649 4355
4355 975
4116 3028
3028 4050
1307 3932
3932 142
1166 445
445 4050
4083 487
487 4050
1671 4445
4445 4050
1190 1524
1524 4425
4572 4040
4040 2464
807 2206
2206 991
1596 3444
3444 975
4106 595
595 142
1097 4624
4624 991
1340 2722
2722 991
2487 2537
2537 4425
2649 898
898 975
4045 577
577 991
4234 788
788 142
1671 128
128 4050
868 3291
3291 991
3560 3641
3641 4050
3236 529
529 4050
3897 3466
3466 975
4032 2183
2183 991
1340 1301
1301 991
2512 2895
2895 4050
865 3663
3663 975
4572 2784
2784 991
2733 2517
2517 4050
4388 4696
4696 975
1727 1247
1247 4050
4538 2438
2438 991
1942 160
160 4050
1359 3990
3990 4050
4496 3546
3546 2464
769 4028
4028 4050
2131 4427
4427 4050
3235 4095
4095 4425
4593 1458
1458 4425
4564 1167
1167 142
1165 3608
3608 975
3323 1921
1921 4425
313 844
844 4425
3184 187
187 4425
4483 3760
3760 142
1727 3423
3423 142
417 3817
3817 4425
1778 2628
2628 975
2506 1193
1193 4425
2916 2557
2557 975
4621 2984
2984 975
2378 3030
3030 142
4581 4092
4092 2464
3050 375
375 142
3032 2489
2489 2464
3897 3151
3151 975
3708 2136
2136 142
2238 4596
4596 142
1741 4586
4586 4425
717 2268
2268 4050
1526 3948
3948 975
1665 2180
2180 142
906 3405
3405 4050
1359 3219
3219 4425
1256 1125
1125 4425
1184 253
253 991
2649 3212
3212 975
4489 793
793 975
2106 2837
2837 4425
2797 988
988 991
202 1675
1675 4050
2106 2531
2531 142
4700 4227
4227 142
2910 3343
3343 975
1663 1739
1739 991
1217 3929
3929 4050
3227 4568
4568 4050
2629 4187
4187 2464
4673 644
644 4425
173 3600
3600 975
2336 1569
1569 975
53 756
756 4425
2238 2044
2044 4050
1511 3022
3022 4425
1014 3045
3045 991
2699 2098
2098 975
4116 1829
1829 4425
3039 3778
3778 991
3624 2361
2361 4050
1207 63
63 4425
1729 2854
2854 2464
4641 1334
1334 2464
281 1060
1060 4050
1397 2989
2989 975
3249 1230
1230 991
3155 725
725 4425
4509 3063
3063 4050
417 482
482 4050
1514 2735
2735 142
3266 543
543 4425
2384 1357
1357 991
3068 2757
2757 4050
1385 3871
3871 991
205 1299
1299 142
3275 1380
1380 4050
2276 2112
2112 142
439 2318
2318 2464
1329 152
152 2464
4083 1551
1551 991
3685 62
62 4425
1729 1849
1849 4050
1741 1363
1363 2464
2220 2339
2339 4050
1889 532
532 142
1116 1905
1905 991
962 3864
3864 4050
3511 617
617 4050
3355 2755
2755 991
1615 2125
2125 142
3050 1089
1089 4050
2597 2401
2401 142
2724 3807
3807 142
1267 3585
3585 991
154 4278
4278 4050
3842 1007
1007 975
2018 1968
1968 975
2525 2825
2825 975
1663 3819
3819 991
3016 2442
2442 142
1108 2335
2335 991
210 3895
3895 991
3458 1642
1642 975
3141 2391
2391 4050
2899 677
677 4425
3458 4068
4068 4050
2597 448
448 991
3624 373
373 991
4111 3422
3422 4050
1385 3937
3937 4050
1671 1955
1955 991
1729 3231
3231 4425
2506 1495
1495 4050
1631 972
972 4425
1337 4533
4533 2464
1298 4356
4356 991
1184 653
653 991
210 3474
3474 991
4294 4693
4693 4050
4649 2608
2608 991
2629 112
112 142
615 1640
1640 2464
3897 900
900 4050
2247 2985
2985 991
762 2171
2171 142
3450 3946
3946 991
4621 2858
2858 4425
3533 1673
1673 4050
4641 454
454 4425
1789 1047
1047 975
773 411
411 991
3537 634
634 2464
3132 3356
3356 975
3032 2497
2497 4425
2797 3433
3433 4425
2788 2439
2439 4425
3501 3972
3972 2464
301 425
425 975
333 2581
2581 975
2083 959
959 142
1359 830
830 2464
3796 3635
3635 142
2216 594
594 991
1723 4687
4687 142
3897 845
845 4425
2324 889
889 142
1385 3046
3046 4425
1778 4072
4072 2464
4660 4155
4155 142
792 1958
1958 4425
4020 7
7 4050
4354 2024
2024 4425
3275 690
690 142
3914 3131
3131 142
1064 3130
3130 2464
3246 155
155 4425
4335 3911
3911 991
4032 698
698 975
1830 381
381 2464
950 3145
3145 4425
611 3462
3462 2464
3711 2991
2991 975
3667 1917
1917 4050
3897 4232
4232 4425
3457 1271
1271 4050
950 3272
3272 2464
1984 1497
1497 991
1217 3551
3551 4050
4649 4635
4635 991
1032 3753
3753 142
4221 1624
1624 142
4083 4667
4667 4425
1789 4311
4311 991
4154 133
133 975
762 743
743 991
301 2249
2249 4425
2506 1043
1043 4425
615 4141
4141 975
1329 148
148 2464
2487 2996
2996 991
1702 1117
1117 975
210 3034
3034 4425
802 709
709 4050
1035 2015
2015 142
1298 4134
4134 2464
1885 17
17 4050
1184 2859
2859 142
2420 1460
1460 4425
2708 1027
1027 142
4025 1790
1790 4050
3266 4290
4290 991
154 2156
2156 991
4654 3620
3620 991
953 2056
2056 975
4221 314
314 4050
92 2739
2739 142
28 352
352 991
4045 3040
3040 2464
4294 1252
1252 975
1184 3687
3687 4050
1064 501
501 991
2247 680
680 142
2021 837
837 975
1340 3598
3598 142
2597 370
370 4425
2725 2462
2462 142
1097 4598
4598 4050
313 1009
1009 142
807 513
513 991
4700 4326
4326 4050
4309 2664
2664 2464
1874 2706
2706 4050
1547 3411
3411 4050
3710 1234
1234 991
3184 2222
2222 142
2203 1565
1565 2464
4291 2293
2293 142
2699 949
949 4050
2788 1186
1186 975
4101 1063
1063 2464
4101 2889
2889 975
4081 1861
1861 2464
1710 3650
3650 2464
1207 1726
1726 2464
1663 2445
2445 4050
762 4125
4125 4425
1727 3941
3941 4050
1710 1848
1848 991
3991 2379
2379 4425
2927 2776
2776 142
3323 630
630 991
1267 4210
4210 975
1549 3225
3225 142
4262 1378
1378 2464
986 35
35 142
1778 1338
1338 4050
2150 3454
3454 2464
1672 4651
4651 4050
3533 2177
2177 4050
1108 1386
1386 4425
1337 2510
2510 142
254 2926
2926 142
4659 2498
2498 142
2238 1956
1956 2464
2150 1810
1810 4050
3323 1989
1989 142
2353 2012
2012 975
3910 3065
3065 975
4262 4039
4039 142
380 2394
2394 991
831 1067
1067 991
996 90
90 991
3505 4060
4060 4050
1207 4304
4304 991
1860 2477
2477 4050
1382 1722
1722 975
2733 3247
3247 4050
2821 1773
1773 142
3207 2921
2921 2464
2899 3728
3728 4050
3398 901
901 4050
2449 4541
4541 142
2724 4514
4514 975
1377 2213
2213 991
4483 3445
3445 142
258 3033
3033 975
3275 1792
1792 975
1789 2447
2447 991
2020 1259
1259 4050
4700 1973
1973 4050
1889 3683
3683 142
1165 4480
4480 4050
3974 4172
4172 975
4344 4176
4176 4050
369 3761
3761 991
1064 2006
2006 975
1441 4529
4529 4425
805 641
641 142
2788 2762
2762 4425
3207 967
967 142
1307 39
39 991
2821 4255
4255 2464
386 2347
2347 991
330 1866
1866 142
802 2866
2866 4050
3624 4217
4217 4050
605 3282
3282 975
1183 2741
2741 4425
3914 780
780 4050
1455 1308
1308 4425
4094 2556
2556 2464
4673 1317
1317 2464
281 3528
3528 2464
2695 3480
3480 4050
2629 451
451 142
2724 3372
3372 975
3651 3857
3857 4050
2629 1886
1886 142
2203 3692
3692 142
3262 2995
2995 2464
2150 4393
4393 975
1889 4377
4377 4425
3007 4526
4526 142
4133 353
353 975
4493 3809
3809 991
4417 3951
3951 2464
2512 3660
3660 4050
2083 3903
3903 4425
1596 1471
1471 4050
1984 2086
2086 991
935 2860
2860 991
1514 3909
3909 975
330 3725
3725 142
1184 1408
1408 975
1190 2483
2483 991
2018 79
79 2464
2238 2939
2939 142
3141 774
774 4425
2525 4256
4256 4425
4101 4061
4061 2464
1404 3146
3146 4425
3624 824
824 142
3249 3496
3496 4050
2566 2078
2078 991
205 3744
3744 975
1165 279
279 4425
769 2444
2444 142
4538 1325
1325 4425
3159 3628
3628 991
210 2660
2660 975
4654 102
102 142
3651 432
432 142
3207 4466
4466 991
4082 2302
2302 975
2083 3344
3344 991
417 4124
4124 4425
4207 2673
2673 4425
2821 1759
1759 142
506 1766
1766 975
374 1488
1488 4425
805 178
178 4425
3323 1135
1135 142
1514 1975
1975 4425
154 2942
2942 975
3159 3401
3401 142
154 2154
2154 2464
380 810
810 4425
3574 1570
1570 142
194 1022
1022 142
2585 3772
3772 2464
3152 4515
4515 142
1736 3240
3240 142
333 4223
4223 975
1382 3559
3559 142
4032 1169
1169 4050
3155 3697
3697 991
2512 558
558 142
1830 2665
2665 4425
4420 3470
3470 975
4559 263
263 142
3936 226
226 142
4335 3987
3987 4425
1750 4329
4329 4050
4123 1779
1779 2464
1942 3643
3643 142
380 376
376 4425
2916 693
693 142
3227 4620
4620 2464
4045 4138
4138 2464
4234 537
537 4050
986 3804
3804 4425
174 3167
3167 4050
1116 3836
3836 2464
1808 3494
3494 4425
1329 3245
3245 975
4309 1453
1453 2464
301 1972
1972 142
4502 1444
1444 4425
4649 4415
4415 2464
3828 3267
3267 2464
1549 2717
2717 991
2150 196
196 4425
4509 1494
1494 2464
313 1321
1321 991
1967 2484
2484 142
3751 324
324 4425
1631 2296
2296 975
4530 549
549 975
154 2139
2139 2464
3262 3968
3968 975
1727 346
346 2464
3132 1318
1318 2464
1889 1059
1059 975
2545 1521
1521 975
4116 746
746 142
1860 825
825 4050
1671 1177
1177 975
1702 3192
3192 4050
614 3729
3729 4050
3246 3705
3705 2464
1984 2992
2992 991
906 4571
4571 2464
2276 3255
3255 975
1267 4672
4672 2464
4581 1571
1571 4425
3236 3078
3078 975
2733 3337
3337 975
1042 2615
2615 975
3493 1747
1747 2464
953 797
797 975
2821 2736
2736 2464
4516 2215
2215 975
4417 4691
4691 991
3323 3274
3274 4425
1377 1548
1548 975
3184 1890
1890 2464
4420 1376
1376 991
4649 4295
4295 991
1397 1953
1953 991
2083 4158
4158 4425
996 3064
3064 4050
2525 1127
1127 4425
3007 4195
4195 991
154 3049
3049 975
807 981
981 142
4604 4161
4161 4425
2512 870
870 4050
1205 1292
1292 975
3667 1409
1409 2464
254 3176
3176 142
2203 2039
2039 4050
4106 3283
3283 975
4154 1661
1661 991
1789 3352
3352 991
1277 31
31 2464
1874 3431
3431 991
4460 1614
1614 2464
2797 2515
2515 4050
1984 2903
2903 142
1108 2200
2200 2464
4641 2288
2288 2464
4417 1028
1028 975
3655 4033
4033 4050
4530 321
321 4050
1526 3770
3770 142
4489 3541
3541 142
3398 642
642 2464
2018 3388
3388 975
1888 1080
1080 2464
2336 3368
3368 975
417 932
932 4050
210 722
722 2464
1165 247
247 975
2496 4008
4008 142
1165 252
252 4050
2585 1040
1040 991
4101 3997
3997 2464
1151 1920
1920 4425
3266 933
933 991
1331 2740
2740 991
1405 2568
2568 2464
4659 2271
2271 991
1390 2839
2839 4050
1549 103
103 991
1526 1430
1430 4425
4032 2507
2507 142
202 4077
4077 991
4082 1033
1033 991
1665 2130
2130 991
1615 504
504 975
4020 1018
1018 2464
2106 15
15 4050
2353 1692
1692 4050
3501 29
29 142
348 1991
1991 4050
2496 2325
2325 2464
1672 2166
2166 142
3511 571
571 4050
3007 3992
3992 142
1166 18
18 4425
1204 869
869 975
4083 14
14 2464
4106 1660
1660 975
4700 1501
1501 2464
2733 185
185 2464
301 3808
3808 142
1207 534
534 4425
1042 2535
2535 975
805 4066
4066 4425
3132 1383
1383 991
2986 1112
1112 142
3974 728
728 142
2585 4120
4120 975
2075 3782
3782 991
1478 3898
3898 991
769 1498
1498 2464
1256 42
42 991
4025 3490
3490 4050
2597 583
583 142
3184 3361
3361 142
1702 2655
2655 4425
4045 3035
3035 2464
4493 120
120 975
4036 1211
1211 975
604 650
650 2464
4221 965
965 2464
1331 323
323 2464
2695 1938
1938 2464
1833 2050
2050 4050
1425 890
890 2464
3398 2465
2465 4050
4420 200
200 142
2292 4648
4648 2464
4354 3252
3252 2464
1547 4273
4273 975
1107 3168
3168 975
3155 2270
2270 142
3685 1531
1531 4050
4538 3876
3876 4050
1455 1483
1483 4425
1184 913
913 991
1441 1443
1443 4050
2220 1461
1461 975
3596 861
861 2464
4654 2165
2165 991
3007 2393
2393 991
1286 4257
4257 2464
4604 1932
1932 142
4027 3066
3066 142
1298 1522
1522 991
604 2686
2686 4425
4154 877
877 991
2899 218
218 2464
3505 2367
2367 975
868 4683
4683 975
4496 2472
2472 4425
28 1323
1323 975
3910 3971
3971 991
3452 3473
3473 975
3207 2912
2912 2464
739 1235
1235 991
3516 1634
1634 4425
1404 2129
2129 975
739 4338
4338 142
3491 212
212 2464
1253 1314
1314 2464
369 1927
1927 142
3491 4183
4183 2464
4572 4461
4461 2464
4106 2756
2756 4050
4025 4550
4550 991
205 1818
1818 4425
2085 1056
1056 4425
4081 3682
3682 2464
407 1179
1179 975
1665 1512
1512 142
92 1485
1485 4050
4344 859
859 4050
1241 1894
1894 142
1750 526
526 4425
506 2471
2471 2464
2449 3320
3320 4050
2192 606
606 4425
1205 2374
2374 991
3155 2028
2028 2464
1267 1343
1343 991
1452 1384
1384 4425
1519 4160
4160 2464
2457 3675
3675 4425
2506 3271
3271 2464
2496 3566
3566 4050
1702 4528
4528 4425
1256 1335
1335 991
3323 493
493 142
4082 2102
2102 142
480 1327
1327 991
4429 2059
2059 975
2525 1970
1970 975
4083 4117
4117 4425
4483 3090
3090 142
2216 4242
4242 2464
2378 1109
1109 142
3493 970
970 4050
4081 819
819 4050
739 517
517 2464
1729 2022
2022 991
3936 4404
4404 975
2450 2511
2511 4050
1690 2932
2932 4425
2821 1944
1944 142
3651 23
23 991
3186 1576
1576 142
1457 3059
3059 975
602 4177
4177 4050
1511 1210
1210 991
1514 2371
2371 2464
4268 4606
4606 975
1204 3548
3548 4050
2216 4486
4486 142
3136 1130
1130 142
3710 1871
1871 142
2685 2133
2133 991
2629 3047
3047 142
1035 3800
3800 975
4621 4395
4395 991
1147 3479
3479 4425
3651 3947
3947 975
333 3986
3986 4425
3655 1676
1676 975
1741 207
207 4425
1478 1372
1372 142
805 1025
1025 4050
4604 4553
4553 142
313 4421
4421 4425
1723 3003
3003 2464
1967 3797
3797 991
2450 2410
2410 4050
1298 1342
1342 991
2725 589
589 991
1253 2728
2728 4050
3398 1835
1835 4425
760 4551
4551 4050
4593 2432
2432 4050
1833 3500
3500 991
2425 3374
3374 4050
1702 923
923 4050
1672 929
929 975
1860 3000
3000 975
775 540
540 4425
3159 576
576 142
1647 355
355 2464
1377 1850
1850 2464
4559 3079
3079 142
781 2143
2143 4425
840 1005
1005 4050
1184 3280
3280 991
3457 3348
3348 2464
1204 2110
2110 2464
3833 1966
1966 975
3143 2253
2253 2464
1298 1669
1669 4050
175 3570
3570 142
407 3912
3912 975
3447 4044
4044 2464
506 3701
3701 2464
3032 2562
2562 975
1729 3293
3293 2464
173 86
86 991
3155 3504
3504 4050
1014 1859
1859 2464
3434 4590
4590 142
2075 1263
1263 142
4483 1449
1449 975
2378 4602
4602 4425
3186 3113
3113 991
2496 1468
1468 975
1307 857
857 4425
1710 1508
1508 4425
480 2448
2448 2464
1830 378
378 4425
4559 2884
2884 975
4020 2322
2322 2464
313 2267
2267 4425
2565 2123
2123 2464
369 1105
1105 142
3796 941
941 4425
2565 3859
3859 975
4442 2320
2320 2464
1647 3764
3764 975
3398 462
462 2464
3303 3691
3691 991
2192 2959
2959 4425
4082 1706
1706 2464
3842 2255
2255 142
3624 519
519 2464
2247 1525
1525 4050
4045 2140
2140 4050
2629 1163
1163 2464
4564 3215
3215 975
4660 4412
4412 975
1750 2590
2590 975
1637 600
600 4050
4559 3625
3625 2464
4294 2659
2659 975
3186 2671
2671 991
1097 3666
3666 4050
3493 473
473 142
4659 3317
3317 4425
4654 3029
3029 4050
605 476
476 2464
2986 3461
3461 2464
4106 2417
2417 975
3143 1513
1513 4050
1000 3052
3052 2464
3184 2643
2643 4050
4173 1877
1877 975
2150 771
771 2464
4291 2
2 142
3103 2343
2343 991
1547 4487
4487 2464
1888 2702
2702 991
3007 2349
2349 991
1425 1356
1356 142
2970 2648
2648 991
1204 3463
3463 975
194 2000
2000 991
3501 1087
1087 975
4593 4285
4285 142
3457 983
983 975
4036 1293
1293 4050
2106 1798
1798 991
4581 1852
1852 4425
2821 2491
2491 975
4262 3296
3296 991
4460 969
969 991
3516 4003
4003 142
1455 3148
3148 2464
3991 2835
2835 4425
3042 4159
4159 975
1097 2321
2321 4425
3893 142
807 4026
4026 991
2216 2780
2780 991
775 4447
4447 975
3262 3204
3204 4050
831 3018
3018 991
2970 748
748 4425
4036 3759
3759 991
4020 3471
3471 975
3914 4432
4432 991
1519 560
560 991
386 562
562 142
3936 274
274 142
1637 1777
1777 991
1385 4270
4270 2464
3966 2239
2239 2464
2565 3259
3259 4425
3143 3298
3298 4050
1631 2316
2316 4050
2496 3069
3069 975
3103 2481
2481 975
2020 3270
3270 4425
3991 478
478 142
3842 3843
3843 4425
1116 223
223 2464
4509 4010
4010 2464
4496 3775
3775 991
175 809
809 991
773 847
847 991
2388 4254
4254 975
4094 3571
3571 975
2986 2682
2682 4425
1808 1918
1918 142
2986 2758
2758 991
4580 47
47 975
3262 2801
2801 142
1478 3097
3097 991
4502 4272
4272 975
2597 4259
4259 4050
2797 4547
4547 4050
1615 206
206 2464
2085 50
50 4425
2203 275
275 4425
2425 1156
1156 142
173 3745
3745 975
92 4204
4204 4050
611 4184
4184 975
4493 3767
3767 975
1727 2701
2701 2464
413 2990
2990 2464
3833 2633
2633 975
318 2570
2570 975
313 1755
1755 991
1032 3211
3211 4425
1874 144
144 2464
802 3777
3777 4050
3936 4506
4506 2464
4509 402
402 142
4344 4370
4370 975
4677 1448
1448 991
1217 2678
2678 4425
3186 843
843 2464
3062 4043
4043 2464
2725 2834
2834 4050
2525 364
364 975
1452 1701
1701 4050
2018 587
587 975
4354 320
320 991
1404 944
944 4050
3143 4639
4639 142
2695 2771
2771 991
2292 2846
2846 4050
3434 2760
2760 2464
3007 1908
1908 4425
3708 1141
1141 142
3184 2096
2096 4050
3050 2775
2775 991
3266 269
269 142
1000 4662
4662 991
1253 3276
3276 975
3493 183
183 991
1256 3678
3678 2464
175 2300
2300 4425
194 1680
1680 4050
1519 2680
2680 991
4116 2950
2950 2464
3533 862
862 2464
3062 2411
2411 975
3685 101
101 991
3711 3346
3346 4425
1729 1269
1269 142
4659 995
995 142
1147 3332
3332 142
4083 4494
4494 4425
616 2108
2108 991
1190 3773
3773 975
2388 4169
4169 975
1014 251
251 4050
2629 2666
2666 142
4460 2207
2207 142
3457 3699
3699 991
3974 2882
2882 975
1390 2544
2544 4050
154 221
221 2464
175 2188
2188 142
4309 882
882 142
3262 70
70 2464
3249 833
833 4425
4659 1006
1006 975
4564 553
553 142
1514 292
292 142
1032 4371
4371 991
3458 1604
1604 142
4154 2307
2307 2464
4555 1951
1951 975
2585 3839
3839 991
2238 329
329 4425
2566 768
768 4050
1789 1990
1990 975
194 1157
1157 4425
3708 48
48 4425
4621 2117
2117 2464
3711 2463
2463 4050
2821 1004
1004 4050
3141 1805
1805 975
2384 4576
4576 142
1532 3882
3882 4050
1729 1853
1853 142
4530 2713
2713 991
3493 3198
3198 4050
1690 1711
1711 142
2804 1533
1533 991
4502 134
134 975
762 1603
1603 2464
175 733
733 4050
4673 114
114 142
1830 852
852 142
2724 1591
1591 4050
3915 2945
2945 4425
769 192
192 4425
318 2549
2549 2464
154 791
791 991
1736 294
294 4050
615 636
636 4425
2715 3680
3680 975
210 4704
4704 4050
2725 2419
2419 2464
1107 3917
3917 142
1519 2427
2427 991
2203 1574
1574 2464
3833 16
16 4425
173 1943
1943 991
1672 573
573 142
4020 711
711 142
2083 3119
3119 4425
773 3486
3486 142
1637 4342
4342 4050
3624 3617
3617 991
4493 4448
4448 4050
4268 2094
2094 142
1340 1904
1904 142
4555 3058
3058 975
4111 3324
3324 142
4123 1296
1296 991
950 3015
3015 975
4489 444
444 991
3667 4300
4300 2464
1307 3792
3792 975
4555 3549
3549 991
3537 2777
2777 142
605 3304
3304 2464
4475 3456
3456 4425
1631 2073
2073 2464
717 494
494 4425
2388 584
584 2464
28 2409
2409 975
1729 4316
4316 4425
1064 3935
3935 4050
2449 1618
1618 4050
2378 632
632 975
1441 1454
1454 4425
3186 3284
3284 4050
2708 3107
3107 4050
3207 3965
3965 991
602 3061
3061 142
1165 2831
2831 991
1197 2638
2638 4050
3710 3183
3183 991
4349 2692
2692 4050
1204 4517
4517 4050
4388 3138
3138 4425
4493 2426
2426 991
1778 4507
4507 4050
2192 4611
4611 142
2545 878
878 991
2585 1362
1362 991
2506 326
326 142
1217 195
195 991
3062 176
176 4050
662 3224
3224 975
1637 4472
4472 975
4581 1542
1542 4425
1032 2485
2485 4425
3491 2800
2800 142
1337 796
796 142
1478 4152
4152 991
3974 4181
4181 975
374 714
714 975
868 851
851 975
4234 572
572 142
3068 4492
4492 4425
4673 2693
2693 991
1789 136
136 991
3842 4686
4686 4050
4101 3822
3822 4050
3537 278
278 991
1042 3251
3251 2464
2496 2145
2145 991
2512 886
886 142
4420 4085
4085 4050
1690 2875
2875 4425
2724 3544
3544 142
762 2283
2283 975
1789 2716
2716 4425
1151 4396
4396 4425
3459 2738
2738 991
1514 157
157 975
3624 2567
2567 4425
614 4263
4263 4050
2818 4441
4441 991
3516 400
400 991
1457 2657
2657 4425
2715 3722
3722 2464
1359 2864
2864 142
3446 4156
4156 142
1967 2924
2924 4050
1860 3846
3846 975
3796 2569
2569 4050
2276 3637
3637 4050
281 2766
2766 975
3155 4408
4408 991
3246 3844
3844 975
4344 4613
4613 2464
4442 4042
4042 4425
2685 4378
4378 2464
3450 1061
1061 4050
3275 3237
3237 975
28 3489
3489 142
1166 811
811 991
950 957
957 2464
1359 1381
1381 991
4349 787
787 4050
4420 2452
2452 4050
3141 1487
1487 4050
330 150
150 975
2496 2632
2632 4050
330 2052
2052 142
194 1078
1078 4425
3235 1612
1612 142
1882 4352
4352 4050
380 4166
4166 2464
1514 2431
2431 4425
4349 1306
1306 975
439 2816
2816 4425
2597 518
518 4425
1340 508
508 991
202 3208
3208 2464
1331 3657
3657 975
2916 2363
2363 991
175 4012
4012 4425
739 3519
3519 991
4604 335
335 142
1889 1847
1847 142
4564 1806
1806 4050
1967 4626
4626 975
1151 544
544 991
605 1684
1684 4425
762 71
71 142
3516 1857
1857 142
1329 1504
1504 2464
3450 979
979 975
762 1527
1527 142
1723 708
708 2464
1808 4491
4491 991
1648 2524
2524 142
54 4577
4577 991
3141 4013
4013 142
2629 3359
3359 991
4581 4537
4537 4425
2473 659
659 142
4429 1770
1770 991
619 3563
3563 142
4032 3601
3601 991
3505 2500
2500 975
2910 3690
3690 991
604 4163
4163 991
4572 3765
3765 142
1514 2305
2305 2464
3266 4007
4007 4425
4660 230
230 2464
3132 4470
4470 2464
3016 3981
3981 2464
3207 1062
1062 142
193 4353
4353 991
611 925
925 975
3068 2415
2415 975
950 841
841 975
1736 892
892 4050
2020 431
431 4050
1107 4465
4465 2464
2804 747
747 142
4621 2972
2972 4050
3184 685
685 991
4475 3739
3739 142
1478 3553
3553 975
4677 4191
4191 975
2450 3712
3712 2464
3998 4168
4168 2464
1967 1705
1705 4050
1385 1076
1076 991
3323 1947
1947 4050
4291 2181
2181 142
739 1976
1976 4425
602 4109
4109 4050
4604 4653
4653 975
3624 428
428 4425
4641 2385
2385 975
2353 1187
1187 4050
4173 304
304 142
2629 3942
3942 4050
4496 4245
4245 4050
1736 2656
2656 975
254 1364
1364 975
2150 551
551 4050
1666 4594
4594 4425
1359 1517
1517 991
4700 4379
4379 4425
2075 1150
1150 4425
2708 3719
3719 4425
1710 65
65 4050
2450 2397
2397 4050
4349 1757
1757 2464
1532 3950
3950 975
3835 4063
4063 4050
2863 3080
3080 975
1549 322
322 142
3991 538
538 991
1889 530
530 991
4420 3367
3367 991
1452 3286
3286 4425
407 3952
3952 975
1666 491
491 4050
2699 3438
3438 4425
1385 3383
3383 4050
4116 156
156 4425
3998 999
999 975
386 3639
3639 142
3207 675
675 975
2899 2919
2919 4425
1405 4136
4136 991
611 3328
3328 975
4349 1244
1244 4050
2916 2845
2845 991
4621 3877
3877 4425
4555 1446
1446 2464
3511 295
295 975
4344 555
555 975
4106 3488
3488 4425
1404 350
350 991
1183 2951
2951 975
3505 2785
2785 975
3207 3907
3907 142
1241 961
961 142
4221 4212
4212 975
4604 3787
3787 142
1184 3114
3114 991
3068 1695
1695 4425
1519 2282
2282 2464
2336 3469
3469 975
1064 1272
1272 4425
3459 1218
1218 4425
3159 1093
1093 975
4335 3506
3506 2464
717 625
625 4425
205 4481
4481 975
1425 652
652 991
3303 1084
1084 4050
3991 3521
3521 991
3574 1437
1437 991
1165 492
492 142
1277 2204
2204 975
1671 4051
4051 4425
1190 2077
2077 4425
28 2202
2202 991
3450 2560
2560 975
3685 3698
3698 975
3452 905
905 4050
3751 4522
4522 975
3516 319
319 975
3450 1670
1670 4050
3910 4583
4583 991
2384 4578
4578 2464
4221 1044
1044 4425
3246 1023
1023 975
1830 2033
2033 991
986 4609
4609 991
313 4091
4091 4050
1532 3238
3238 4050
2597 4002
4002 4425
3447 943
943 975
3227 849
849 4425
3501 818
818 975
374 4689
4689 4050
3734 4424
4424 4425
3246 4389
4389 142
173 2795
2795 142
3132 1421
1421 975
4530 289
289 4050
480 3509
3509 4050
1151 2564
2564 991
4538 1986
1986 2464
3398 41
41 142
4111 3831
3831 991
3159 521
521 975
1736 4610
4610 4050
3835 4131
4131 975
1729 105
105 4050
1286 3418
3418 4050
2512 556
556 991
3708 1893
1893 4050
3734 4369
4369 4425
3516 4534
4534 2464
4538 4503
4503 4050
3050 3718
3718 2464
1596 1868
1868 991
480 4306
4306 975
173 867
867 142
3842 2532
2532 975
4032 1079
1079 2464
2674 2827
2827 142
662 3619
3619 4050
1710 2943
2943 4050
986 36
36 4425
281 3727
3727 975
3966 2111
2111 4425
935 1069
1069 991
3711 315
315 4425
2021 982
982 991
1013 4024
4024 2464
3842 2554
2554 4425
1882 2309
2309 991
2247 1941
1941 142
2797 2519
2519 991
3275 2461
2461 975
4502 4618
4618 142
4673 1274
1274 4050
2450 3228
3228 4425
1519 455
455 142
762 1303
1303 975
3915 2053
2053 975
1207 1129
1129 142
3835 360
360 2464
4388 2418
2418 4425
3457 2688
2688 975
4654 639
639 4050
380 4014
4014 2464
28 3038
3038 975
53 3327
3327 2464
1035 1119
1119 4050
202 2593
2593 142
3184 4684
4684 975
3833 4121
4121 991
958 450
450 991
3651 670
670 2464
1631 1229
1229 4050
1397 3202
3202 142
2276 4327
4327 142
3560 4057
4057 142
950 188
188 142
4094 361
361 2464
611 4579
4579 2464
2336 751
751 4425
3323 73
73 975
1874 4001
4001 4050
1723 3292
3292 4425
3710 2159
2159 142
807 3366
3366 975
4555 1232
1232 2464
3184 2814
2814 991
3711 2138
2138 142
1147 3122
3122 4425
3249 2813
2813 4050
4286 2376
2376 4425
1345 2453
2453 975
3651 1771
1771 2464
1882 4174
4174 4050
4559 4563
4563 4425
1147 559
559 991
2075 2620
2620 991
1888 2574
2574 4425
611 1433
1433 991
4417 2428
2428 142
4154 2227
2227 975
1151 1010
1010 142
953 4440
4440 4050
2106 2865
2865 975
318 4157
4157 975
54 4545
4545 4425
3918 2745
2745 2464
4659 3091
3091 142
205 2126
2126 2464
4123 4488
4488 2464
2203 3684
3684 2464
2629 1802
1802 142
1013 2654
2654 2464
3032 3688
3688 4050
3711 522
522 991
4414 2749
2749 975
840 3104
3104 2464
3235 3673
3673 991
205 4197
4197 975
2863 3793
3793 4050
2457 2026
2026 142
1833 3402
3402 991
1665 2029
2029 4425
3914 1238
1238 142
1631 3300
3300 2464
611 38
38 142
2378 2905
2905 142
49 4296
4296 991
480 1919
1919 142
202 3780
3780 142
4581 1139
1139 991
3452 1588
1588 4050
2425 1106
1106 975
3039 2840
2840 4425
3624 2559
2559 975
4509 1320
1320 991
75 2291
2291 991
2450 1174
1174 4050
3998 3075
3075 2464
1000 846
846 2464
3560 100
100 975
3708 4102
4102 4050
2106 3012
3012 2464
2425 354
354 4425
1514 2809
2809 991
1014 495
495 975
4133 1930
1930 4425
4559 4269
4269 991
2715 4599
4599 991
4116 1915
1915 4050
3655 1643
1643 975
802 3410
3410 991
1526 3610
3610 4425
1032 3573
3573 4425
4509 2046
2046 975
1345 2241
2241 991
4621 741
741 4425
2806 4640
4640 4050
480 4149
4149 4425
4555 1401
1401 2464
1151 1132
1132 991
2715 4476
4476 2464
313 3290
3290 975
2450 3659
3659 975
1207 1499
1499 991
3596 3886
3886 4050
2733 4406
4406 991
480 1842
1842 142
792 3702
3702 2464
3152 3189
3189 4050
4659 4363
4363 4050
1359 4167
4167 4050
258 1681
1681 2464
1984 3354
3354 4050
3511 3409
3409 2464
1723 2998
2998 142
1637 1931
1931 2464
49 1037
1037 991
1390 3451
3451 991
2788 106
106 975
4555 2082
2082 4050
4420 536
536 975
407 4628
4628 991
3323 4482
4482 991
413 2909
2909 2464
2292 574
574 4050
49 1812
1812 975
1207 3086
3086 2464
2916 4164
4164 4050
2018 3175
3175 991
2863 3582
3582 4050
717 1505
1505 142
506 1011
1011 991
1166 1909
1909 2464
3491 1492
1492 991
906 2099
2099 2464
2715 2275
2275 142
3013 3746
3746 4425
762 132
132 975
1165 434
434 142
1147 408
408 4425
210 3564
3564 2464
2450 3896
3896 4050
3459 4303
4303 975
3655 612
612 4425
2724 1104
1104 975
1256 3618
3618 142
1286 856
856 4050
4516 3829
3829 2464
3828 3299
3299 991
3032 2561
2561 991
2220 238
238 991
4460 1813
1813 4425
1165 3437
3437 4050
1197 1687
1687 4425
3452 4047
4047 142
2916 1981
1981 142
4082 3179
3179 991
1298 928
928 142
2420 4383
4383 4050
953 3339
3339 4050
3491 4069
4069 4050
1874 227
227 991
840 2653
2653 4050
2695 4634
4634 2464
1452 307
307 975
3708 1295
1295 991
3459 3589
3589 4425
792 1128
1128 975
906 502
502 142
1710 2081
2081 4425
2021 2167
2167 2464
4604 1995
1995 4050
3155 910
910 991
4234 2677
2677 4050
3143 3631
3631 991
2821 1572
1572 4425
1514 601
601 991
2970 25
25 991
4286 3481
3481 2464
1107 4418
4418 4050
4654 2008
2008 4050
3227 2403
2403 975
4291 1465
1465 975
1727 1974
1974 4425
3275 2595
2595 991
1190 3647
3647 975
3459 2433
2433 991
3159 95
95 4425
602 2273
2273 4050
3450 4575
4575 975
1385 2731
2731 975
3266 3268
3268 2464
4106 3665
3665 4050
2487 1656
1656 142
1663 3309
3309 991
2512 920
920 4425
75 4067
4067 142
2216 2429
2429 4050
1441 181
181 975
1207 3440
3440 4050
194 1288
1288 4425
4173 3752
3752 991
1452 3380
3380 975
3266 1222
1222 4425
1205 167
167 142
3493 443
443 991
3159 2359
2359 4050
4234 500
500 142
2806 2917
2917 4050
2247 1655
1655 4425
318 2634
2634 4050
1405 2495
2495 975
4659 1476
1476 4050
3651 4239
4239 975
3459 1664
1664 975
4133 1095
1095 2464
4094 3960
3960 142
906 2881
2881 2464
2216 421
421 2464
1340 30
30 4425
2292 4267
4267 2464
53 4222
4222 142
1390 216
216 991
3266 2539
2539 4050
1035 224
224 2464
4475 1098
1098 2464
3897 588
588 4425
1151 4233
4233 991
1967 2482
2482 4050
4530 3613
3613 4425
3835 2169
2169 975
1151 691
691 2464
2788 1473
1473 142
4106 3623
3623 2464
4604 1546
1546 4425
760 4438
4438 4050
2685 4362
4362 4425
1385 2066
2066 991
374 2196
2196 142
4027 4146
4146 975
1307 4636
4636 991
1042 4384
4384 2464
4429 2001
2001 975
2545 3821
3821 2464
3910 4282
4282 975
1404 2441
2441 142
4045 4477
4477 142
1648 2703
2703 991
1750 3595
3595 4425
202 3891
3891 4425
3915 171
171 4050
194 4694
4694 4425
4562 3244
3244 991
3667 3281
3281 4425
1727 1240
1240 991
3457 1900
1900 975
1013 4226
4226 991
3910 2787
2787 142
3262 2281
2281 142
175 1077
1077 975
1207 919
919 142
1888 1330
1330 4050
3042 1700
1700 991
4207 936
936 991
4286 287
287 4050
3796 1803
1803 142
2970 2976
2976 4425
2806 1178
1178 4050
4309 1200
1200 4050
2685 2964
2964 2464
4417 4218
4218 4425
4538 729
729 4425
1750 1354
1354 4425
3501 814
814 991
2220 241
241 975
4123 956
956 142
831 1
1 975
2863 531
531 142
4581 4451
4451 142
4509 3307
3307 2464
175 4098
4098 4050
2336 658
658 991
3435 3427
3427 142
1514 4038
4038 991
3842 635
635 975
1217 2396
2396 142
3685 2211
2211 975
611 4387
4387 142
49 3081
3081 142
3266 1686
1686 4425
54 4162
4162 2464
996 1719
1719 2464
4489 1041
1041 4425
1165 993
993 991
1526 671
671 142
1382 1629
1629 142
2804 3616
3616 4425
1183 1718
1718 4050
1441 777
777 142
3007 2697
2697 975
2699 3523
3523 2464
1256 1333
1333 142
4294 2237
2237 142
3991 4250
4250 4050
868 85
85 142
1390 875
875 991
1385 1466
1466 2464
2506 1145
1145 142
953 2504
2504 975
3533 2037
2037 991
2420 3784
3784 975
3032 4022
4022 2464
2597 707
707 142
4234 1164
1164 142
3708 2954
2954 4425
3152 682
682 4425
3446 940
940 991
4133 1873
1873 142
760 449
449 142
762 1724
1724 991
3918 3686
3686 4425
953 4113
4113 4050
333 1585
1585 2464
330 2023
2023 4050
1690 515
515 991
807 2646
2646 975
1329 201
201 2464
1032 657
657 4425
4388 907
907 142
4516 1170
1170 975
1808 208
208 142
996 3407
3407 142
1404 3392
3392 142
3446 3978
3978 4050
614 2499
2499 4425
1190 800
800 975
3186 1049
1049 991
4414 3055
3055 142
1107 3487
3487 991
2487 2178
2178 142
4621 1114
1114 975
1382 915
915 142
2695 3134
3134 4050
2220 1674
1674 991
3897 3178
3178 142
4291 3269
3269 975
4659 3547
3547 4050
1329 459
459 2464
2247 3579
3579 4050
2715 1236
1236 4425
2506 4097
4097 142
605 4644
4644 4050
792 89
89 4050
2336 4053
4053 4050
2388 2011
2011 4425
4417 4663
4663 4425
49 2830
2830 4425
4106 1085
1085 975
3897 2920
2920 4050
4173 1895
1895 975
3991 2490
2490 975
4036 2185
2185 2464
3491 3233
3233 142
3013 312
312 975
4581 2408
2408 975
615 3855
3855 4050
1690 4110
4110 991
3685 586
586 4050
769 1219
1219 4050
2699 4029
4029 975
1241 3414
3414 975
194 2038
2038 4425
348 4392
4392 142
3159 33
33 4050
4344 2061
2061 4050
614 3319
3319 991
4262 2199
2199 975
4493 3477
3477 142
1064 767
767 2464
935 4241
4241 2464
605 2826
2826 975
2512 4165
4165 991
439 2975
2975 2464
2203 4129
4129 2464
2075 1668
1668 991
3266 2761
2761 142
1253 806
806 142
1672 4049
4049 142
2797 4589
4589 4425
4460 4189
4189 4425
3914 2229
2229 2464
865 1379
1379 991
2150 1406
1406 4425
174 3464
3464 2464
2806 3096
3096 975
2566 3736
3736 4050
4354 4231
4231 4425
3323 2344
2344 975
1097 3164
3164 4050
604 3984
3984 2464
1690 1475
1475 991
3505 3561
3561 142
3262 4246
4246 142
4641 3331
3331 4050
2788 3716
3716 4050
2674 56
56 4050
602 2765
2765 4050
1377 1092
1092 4050
3450 3614
3614 991
2450 2351
2351 975
4335 4188
4188 2464
4173 1644
1644 991
2353 111
111 4425
4344 1764
1764 4050
1889 3892
3892 4425
4101 2210
2210 142
3458 4249
4249 4425
4581 3840
3840 4050
615 2668
2668 975
2353 4018
4018 142
3910 4289
4289 4425
1637 2610
2610 142
480 3514
3514 142
1967 643
643 975
1727 4150
4150 4425
4420 917
917 991
4027 3672
3672 4050
3596 2767
2767 2464
348 458
458 142
4572 1628
1628 991
3184 2516
2516 975
2986 1846
1846 4050
4420 1336
1336 991
49 233
233 2464
3842 2362
2362 2464
792 2057
2057 142
4420 3707
3707 142
1359 1395
1395 142
3152 3094
3094 975
1690 3938
3938 975
2247 2763
2763 2464
3998 3869
3869 975
3459 2592
2592 2464
4349 2298
2298 4425
439 2338
2338 991
28 1823
1823 142
3184 3826
3826 975
1455 3587
3587 4050
154 2248
2248 975
258 4422
4422 142
3355 2217
2217 4425
1340 721
721 991
1727 2076
2076 991
281 566
566 975
3511 1181
1181 991
1108 3160
3160 142
2788 4140
4140 2464
4036 1865
1865 2464
4268 1111
1111 991
2525 414
414 142
1789 3338
3338 975
2724 3704
3704 4050
1808 1869
1869 4050
619 1398
1398 975
407 3265
3265 975
1014 3502
3502 4425
313 568
568 142
1108 1046
1046 4425
1012 1231
1231 142
4483 4128
4128 4425
604 4504
4504 142
4106 256
256 2464
4309 1579
1579 4050
3103 2764
2764 2464
4475 3531
3531 142
4604 4142
4142 2464
2695 1016
1016 2464
4082 3862
3862 975
1672 2221
2221 4050
4154 2297
2297 142
4538 3958
3958 2464
1702 826
826 4050
2353 2187
2187 2464
1874 1103
1103 4425
1647 3526
3526 4425
1727 3983
3983 4425
3511 1983
1983 4050
1151 3256
3256 142
2806 3850
3850 4425
1190 395
395 142
154 667
667 975
3910 3002
3002 4425
1256 2245
2245 2464
4173 357
357 2464
4344 3432
3432 142
457 1053
1053 975
3184 1906
1906 4425
4083 151
151 142
1596 2744
2744 4050
1359 4469
4469 4425
2788 3229
3229 4425
2420 2893
2893 975
330 1561
1561 4050
1833 2493
2493 975
1723 3483
3483 142
1526 681
681 2464
4509 4546
4546 4050
3501 758
758 975
3042 2258
2258 975
4388 1897
1897 991
4403 2624
2624 975
1064 2263
2263 975
1874 3305
3305 4425
2695 2548
2548 991
1307 3970
3970 4425
605 2805
2805 2464
2733 4351
4351 4425
3708 2953
2953 2464
54 4505
4505 991
2715 4498
4498 975
2075 273
273 991
1032 2922
2922 975
2788 1439
1439 2464
2192 2944
2944 4050
1750 3415
3415 991
619 937
937 975
1631 3973
3973 4050
4388 2350
2350 975
1190 1899
1899 142
4082 593
593 991
3236 1403
1403 991
4647 4674
4674 975
1165 622
622 975
3533 420
420 2464
4572 317
317 2464
616 779
779 4425
1833 424
424 2464
4555 325
325 4425
301 2521
2521 4425
1404 2184
2184 142
4496 2626
2626 991
4101 610
610 2464
1205 3394
3394 991
386 4229
4229 4050
2324 1749
1749 142
1888 1581
1581 4050
4335 3923
3923 975
3184 1388
1388 2464
3007 1311
1311 4425
28 497
497 4425
3596 3975
3975 975
3013 2007
2007 4050
3450 4037
4037 142
831 3638
3638 991
1741 1172
1172 991
4354 4385
4385 142
1647 1538
1538 4050
3651 1427
1427 142
1532 81
81 142
1241 3586
3586 4050
3186 3803
3803 4425
3016 4398
4398 4050
205 3106
3106 991
4659 2152
2152 4050
3998 4307
4307 2464
2910 2652
2652 142
2708 2195
2195 975
4094 1225
1225 142
4493 4201
4201 991
1184 2960
2960 4050
1241 2089
2089 2464
4580 1113
1113 2464
1241 997
997 142
4562 4000
4000 4425
2699 4669
4669 991
4045 2546
2546 4425
3068 633
633 4425
1519 437
437 2464
3936 1399
1399 991
174 2328
2328 142
3710 4019
4019 4425
1359 1316
1316 142
2085 567
567 975
4700 2386
2386 2464
1204 3495
3495 4425
3459 1657
1657 991
3624 2971
2971 991
417 1233
1233 2464
1727 4457
4457 142
3007 465
465 2464
3050 4186
4186 975
3915 1988
1988 4050
4677 4407
4407 2464
1012 4178
4178 4425
417 3671
3671 975
3596 998
998 4050
4493 2242
2242 991
4673 2326
2326 2464
986 2691
2691 2464
611 3117
3117 2464
2545 2175
2175 991
3842 765
765 2464
1425 76
76 4425
3711 3670
3670 2464
1532 2311
2311 2464
1204 891
891 4425
4483 3395
3395 142
1267 4484
4484 975
54 2770
2770 2464
2699 2290
2290 991
4291 3565
3565 2464
762 3510
3510 975
614 3133
3133 4425
1741 3957
3957 4050
3560 4368
4368 2464
2018 2572
2572 2464
3227 416
416 142
3303 3060
3060 4050
3141 4328
4328 991
2203 419
419 991
962 1126
1126 4050
113 1118
1118 142
1256 3273
3273 991
950 2168
2168 991
1298 2049
2049 4425
3833 222
222 4425
3991 1502
1502 4425
2388 3669
3669 2464
3711 3774
3774 991
1663 4382
4382 142
3068 1586
1586 2464
1382 1605
1605 2464
2512 3837
3837 975
2916 123
123 975
173 1996
1996 4425
2324 4657
4657 2464
1549 2625
2625 975
4309 3408
3408 991
2708 2751
2751 975
3236 4511
4511 991
2685 2306
2306 142
3266 2520
2520 991
3835 3642
3642 4425
4032 1539
1539 4425
1207 1691
1691 4050
3842 3568
3568 4425
1860 2201
2201 142
2597 2209
2209 4425
174 4112
4112 991
1337 3838
3838 991
1729 1052
1052 4425
258 4144
4144 2464
3103 3172
3172 142
775 349
349 142
3450 4499
4499 991
113 3436
3436 975
2545 261
261 975
4654 4645
4645 975
4429 821
821 991
3596 1142
1142 975
2910 2144
2144 4050
1615 1090
1090 4425
3655 67
67 4425
3991 3147
3147 991
49 4323
4323 991
3493 3110
3110 2464
1277 2257
2257 4050
1671 1415
1415 991
1377 3556
3556 4050
4460 270
270 4425
2797 1419
1419 2464
4502 2552
2552 2464
4420 3428
3428 4425
1830 4531
4531 2464
1549 4088
4088 975
1147 2947
2947 975
1397 879
879 975
4081 699
699 2464
4516 2413
2413 2464
3457 405
405 991
1452 3743
3743 975
4572 367
367 2464
3459 469
469 142
2020 1714
1714 975
1340 2746
2746 4050
413 1997
1997 991
1042 1535
1535 142
4403 2004
2004 142
1064 2883
2883 4425
2863 784
784 142
1596 3890
3890 4050
2075 3590
3590 4050
1690 2614
2614 975
313 1589
1589 4050
4538 456
456 4425
4036 2844
2844 4050
3710 1008
1008 4425
4654 1884
1884 991
2150 3455
3455 2464
2457 4347
4347 4050
2986 1952
1952 4050
53 563
563 991
1647 2987
2987 975
775 3856
3856 4425
2192 4540
4540 4425
4286 749
749 991
1340 3535
3535 2464
2916 3213
3213 991
3574 1699
1699 4050
775 527
527 975
2106 2769
2769 4425
480 1270
1270 2464
1329 2116
2116 991
1967 3550
3550 4425
254 2606
2606 142
3323 1971
1971 4425
1702 3694
3694 4050
49 1679
1679 2464
1108 109
109 142
386 2792
2792 142
760 4688
4688 4425
3828 197
197 991
1425 3818
3818 975
1404 1110
1110 975
1750 4630
4630 991
2075 1824
1824 991
1514 1039
1039 4050
254 3783
3783 142
3447 904
904 142
2695 4031
4031 991
4027 1543
1543 4050
4111 2455
2455 4050
4020 3197
3197 975
3039 2392
2392 4425
4677 2594
2594 142
3833 4399
4399 4050
1207 4405
4405 4050
4677 4034
4034 2464
53 705
705 975
1833 4391
4391 4425
3186 512
512 142
1750 909
909 975
4442 3791
3791 4425
1032 759
759 4050
1345 1822
1822 975
4388 4079
4079 2464
2512 1901
1901 991
1032 1168
1168 142
53 4059
4059 4050
2629 10
10 2464
4262 597
597 991
3505 2946
2946 4425
2487 3931
3931 991
1329 755
755 4425
3710 3043
3043 991
4106 46
46 975
760 1045
1045 991
4700 942
942 4425
417 4615
4615 991
1405 1285
1285 142
762 3786
3786 4050
3262 4459
4459 142
4291 2279
2279 991
3501 2820
2820 2464
4111 2119
2119 975
4516 4103
4103 4050
4414 580
580 975
54 829
829 2464
1329 3576
3576 991
480 1029
1029 142
53 143
143 142
3596 1754
1754 142
1390 2791
2791 991
2083 1162
1162 2464
2910 3920
3920 991
4414 2529
2529 991
1205 125
125 142
1359 162
162 4050
2085 1073
1073 991
3516 2048
2048 991
805 3781
3781 142
348 3375
3375 2464
717 242
242 975
1727 2014
2014 991
1267 3609
3609 2464
1833 2080
2080 142
3141 1961
1961 991
2018 1693
1693 4050
2450 3934
3934 4050
4700 2555
2555 4425
1710 472
472 2464
3711 661
661 4050
1405 798
798 991
1666 2173
2173 2464
4641 1650
1650 991
2457 1124
1124 975
1151 3543
3543 142
3915 2541
2541 4050
805 1838
1838 4425
1425 2543
2543 991
1190 2051
2051 142
3039 2573
2573 975
154 4697
4697 2464
4417 1015
1015 991
3452 2894
2894 4050
3450 4337
4337 991
2425 3102
3102 2464
1665 820
820 991
773 1933
1933 2464
1385 3924
3924 2464
1452 2900
2900 4050
3303 3150
3150 991
614 240
240 975
205 179
179 4050
3152 608
608 4425
1547 1731
1731 975
1405 3475
3475 991
1984 225
225 2464
2487 2115
2115 975
1286 3310
3310 2464
2970 4698
4698 142
2685 4238
4238 4050
1455 1583
1583 975
3842 3009
3009 4425
1064 2478
2478 2464
506 1985
1985 991
2075 883
883 975
4593 1418
1418 2464
3685 4358
4358 4425
3275 3385
3385 991
2545 2440
2440 975
1690 2295
2295 975
3068 3873
3873 991
1205 790
790 991
3710 2980
2980 4425
2733 3717
3717 975
906 1368
1368 142
2708 4087
4087 2464
662 817
817 975
2733 753
753 2464
1441 2642
2642 4425
2420 3460
3460 2464
2192 948
948 142
313 1879
1879 975
1984 4361
4361 991
2276 4075
4075 975
717 2372
2372 975
173 1578
1578 4425
2075 1450
1450 991
3711 4402
4402 2464
1833 441
441 2464
1197 3112
3112 4425
4268 3771
3771 4050
602 2707
2707 975
1778 3749
3749 2464
2585 1188
1188 142
1549 2803
2803 142
2378 832
832 142
506 3606
3606 4050
3974 2071
2071 975
2674 484
484 991
760 2679
2679 975
865 3187
3187 4050
4133 2398
2398 142
313 1146
1146 142
1874 4650
4650 142
1648 1801
1801 142
1874 1619
1619 2464
4262 4612
4612 4050
2425 2908
2908 4425
4032 4423
4423 2464
4032 485
485 975
1736 4679
4679 975
935 1094
1094 4425
3533 4680
4680 4050
3574 1611
1611 991
1013 1199
1199 2464
3398 2436
2436 2464
386 2790
2790 975
986 290
290 975
3186 4560
4560 142
717 1209
1209 975
1404 3478
3478 142
2649 3156
3156 142
986 1350
1350 4425
1885 2105
2105 991
202 3181
3181 142
330 4623
4623 4425
2496 1312
1312 975
1671 2468
2468 142
318 668
668 975
2018 3349
3349 4050
1967 4247
4247 991
996 520
520 142
1519 1863
1863 991
3491 2380
2380 975
2629 334
334 975
805 3788
3788 2464
4509 3369
3369 4425
4496 140
140 4050
1860 4139
4139 142
205 2604
2604 4050
604 939
939 2464
805 2681
2681 142
1885 87
87 2464
4133 3419
3419 2464
769 442
442 4425
1190 2272
2272 2464
3235 2705
2705 142
1750 738
738 142
717 3453
3453 142
3711 429
429 142
2986 3098
3098 991
2292 620
620 975
769 590
590 4425
1547 488
488 142
4268 4058
4058 2464
4460 1649
1649 4425
202 1428
1428 142
1340 2789
2789 975
4101 2155
2155 991
4580 3093
3093 4425
1205 2542
2542 975
3501 236
236 4050
4496 3221
3221 4425
4420 887
887 142
1596 1310
1310 991
4234 3868
3868 142
439 2902
2902 975
1647 1137
1137 4050
1107 2345
2345 975
1808 3980
3980 4425
3434 2501
2501 142
4647 3199
3199 4050
1889 2269
2269 142
2916 1760
1760 4050
4111 2978
2978 975
3186 3308
3308 4050
3493 3512
3512 975
739 4302
4302 991
2473 1735
1735 991
2986 2357
2357 975
616 1728
1728 991
4659 3142
3142 4425
1452 3766
3766 991
439 2721
2721 975
4335 3006
3006 142
4564 94
94 2464
602 4308
4308 142
1331 4073
4073 975
2910 2798
2798 991
1108 3149
3149 142
2292 1355
1355 4050
3458 2284
2284 975
1750 4702
4702 4425
1452 1411
1411 2464
2597 147
147 975
953 3901
3901 4425
4581 3661
3661 4425
4027 3866
3866 2464
1286 21
21 991
1631 1794
1794 142
3007 3306
3306 2464
792 535
535 2464
2674 1248
1248 991
2566 3518
3518 991
2797 2913
2913 975
775 2231
2231 975
3007 3241
3241 991
2685 3612
3612 975
2450 257
257 2464
1340 3588
3588 142
4516 446
446 991
2018 4240
4240 142
4101 4561
4561 4050
1404 2389
2389 991
4083 1304
1304 4050
2699 4198
4198 142
1942 2132
2132 4425
1000 1582
1582 975
3262 4536
4536 4425
1190 735
735 991
2192 1826
1826 991
1337 2817
2817 4425
1729 1791
1791 991
2708 3363
3363 4425
4403 1268
1268 991
3275 1607
1607 4050
1452 3467
3467 142
113 1544
1544 4425
4417 4359
4359 142
3050 1602
1602 991
1637 2841
2841 142
4291 4394
4394 2464
4673 2727
2727 4050
210 1500
1500 142
3435 1082
1082 975
3537 3607
3607 991
4082 514
514 4050
53 412
412 2464
3141 2999
2999 142
4354 744
744 142
3132 1816
1816 975
1457 4454
4454 142
506 2641
2641 4425
3711 3507
3507 142
4562 955
955 975
4496 2640
2640 4050
3032 2065
2065 975
2021 656
656 4050
480 1496
1496 4425
1647 1347
1347 4050
4207 1949
1949 4050
2496 921
921 4425
662 2369
2369 2464
807 45
45 2464
4483 37
37 2464
4309 2518
2518 4050
2506 1003
1003 4050
2725 1414
1414 2464
802 1601
1601 2464
1702 795
795 4425
2457 3264
3264 991
333 2645
2645 2464
717 2855
2855 2464
1833 126
126 4050
3450 84
84 975
1729 1704
1704 142
4530 4565
4565 991
3910 1762
1762 2464
3991 390
390 991
1014 296
296 2464
4442 4281
4281 4050
953 1809
1809 975
4502 672
672 2464
3828 93
93 4425
604 22
22 991
2131 3539
3539 2464
4475 2779
2779 4425
3355 231
231 4050
417 398
398 2464
4654 3011
3011 142
2021 1630
1630 142
4106 3
3 142
4403 4260
4260 4425
1331 1867
1867 4050
2821 4619
4619 975
4234 4200
4200 4050
615 2230
2230 142
3013 912
912 991
1107 3894
3894 142
2565 347
347 142
3235 4090
4090 4050
1277 980
980 975
202 2607
2607 4425
4641 2514
2514 2464
2899 2618
2618 2464
1637 4325
4325 2464
49 1832
1832 142
1729 2897
2897 4050
3062 4236
4236 975
4493 4365
4365 975
1013 3703
3703 991
3459 404
404 4050
3236 3116
3116 4425
3323 3827
3827 142
3235 2470
2470 4050
950 265
265 991
2708 1291
1291 2464
2353 3371
3371 142
1690 3646
3646 4425
3835 569
569 975
2449 3024
3024 4425
3434 169
169 4050
3303 4527
4527 4425
4564 2988
2988 975
1013 217
217 4425
4621 2193
2193 4425
3751 61
61 991
4354 2107
2107 991
1359 2402
2402 975
3537 1140
1140 142
950 4175
4175 991
739 3964
3964 4050
2085 1477
1477 2464
4262 1733
1733 2464
3184 1856
1856 4050
2425 732
732 142
4475 3756
3756 975
1885 215
215 4050
1277 110
110 4425
1984 3261
3261 142
2733 2843
2843 975
258 3747
3747 975
4493 4065
4065 4425
1298 3599
3599 4425
2986 984
984 4425
2021 695
695 142
614 1391
1391 2464
1457 2405
2405 4425
3275 2416
2416 4050
4133 2243
2243 975
3275 524
524 142
1830 1858
1858 4050
4429 3982
3982 975
369 4665
4665 2464
4094 3681
3681 975
1549 267
267 142
254 3503
3503 975
2788 2661
2661 142
3458 2811
2811 2464
1385 3220
3220 991
950 3082
3082 4050
619 2488
2488 2464
1885 1963
1963 142
2353 2911
2911 975
4420 2170
2170 2464
2018 161
161 991
4564 1121
1121 4425
4460 2819
2819 4425
2863 3412
3412 991
4020 1470
1470 991
4489 72
72 4050
4621 3555
3555 975
2806 528
528 975
4388 1552
1552 4050
2473 3731
3731 2464
3835 232
232 142
4641 3668
3668 4425
3355 2259
2259 975
3262 3939
3939 2464
1532 4616
4616 4425
4580 3763
3763 975
4207 2424
2424 991
3458 1088
1088 4425
4572 2799
2799 991
3537 1249
1249 4425
2685 2422
2422 4425
1736 864
864 991
1035 4334
4334 4425
2804 863
863 2464
2545 130
130 991
3991 3925
3925 142
739 3004
3004 4050
2384 1622
1622 142
1860 2323
2323 4425
805 2600
2600 4050
2806 2176
2176 4050
3446 3799
3799 4425
1672 4279
4279 991
3050 3534
3534 142
1778 3994
3994 4425
4581 4237
4237 2464
1532 2513
2513 4425
2916 1828
1828 2464
1329 3696
3696 4425
1253 447
447 2464
3501 4305
4305 991
3918 1472
1472 4050
1888 3089
3089 991
348 816
816 4425
2699 1851
1851 4425
1014 1597
1597 2464
3533 4366
4366 975
1547 397
397 975
3068 2575
2575 4425
1672 4703
4703 4425
3491 1998
1998 4425
4032 2534
2534 4425
3915 4656
4656 991
760 3485
3485 991
3246 74
74 2464
3711 4225
4225 4425
1425 1075
1075 4425
3667 284
284 4050
2203 3287
3287 4425
2695 1584
1584 2464
1165 3254
3254 4425
996 1940
1940 142
1035 664
664 991
3458 2887
2887 991
1147 4274
4274 4050
4417 2667
2667 4425
3560 1950
1950 2464
2733 4552
4552 142
3013 1509
1509 4425
3050 550
550 142
3998 1212
1212 2464
4417 3025
3025 4050
1452 1261
1261 975
615 977
977 975
3262 880
880 2464
2496 1825
1825 4425
2292 3737
3737 4425
3915 2303
2303 4050
2512 2850
2850 991
717 3627
3627 2464
3275 1834
1834 991
3596 2153
2153 991
2699 4214
4214 142
2724 3026
3026 4425
602 2948
2948 975
386 3679
3679 142
1404 3653
3653 991
4475 2459
2459 4425
1727 554
554 975
4580 2205
2205 975
1151 1226
1226 2464
1967 3578
3578 4050
4647 1962
1962 2464
3796 1545
1545 4425
3207 377
377 142
3062 1758
1758 975
1165 2630
2630 2464
154 3314
3314 975
4621 26
26 142
4673 2623
2623 142
1190 860
860 2464
4027 2807
2807 4050
3184 3285
3285 991
1702 477
477 4425
2353 2310
2310 2464
4083 3222
3222 4425
1511 2583
2583 975
2384 1870
1870 4425
2378 1281
1281 991
1205 4456
4456 142
1190 684
684 142
1183 1057
1057 991
2724 3248
3248 2464
1108 2644
2644 4050
4083 3940
3940 991
769 676
676 975
1665 701
701 991
1690 141
141 142
602 4215
4215 4050
1967 2963
2963 4050
3143 1396
1396 4425
210 3021
3021 991
2085 4508
4508 4425
4388 311
311 4050
1648 2137
2137 4425
4262 3048
3048 975
1197 3633
3633 4050
602 2925
2925 142
4580 3594
3594 2464
4291 3732
3732 4425
4081 1595
1595 975
2525 2404
2404 142
1860 938
938 142
28 2042
2042 142
4460 1206
1206 2464
380 1066
1066 2464
1197 3399
3399 991
2018 740
740 4425
3016 3969
3969 975
662 4467
4467 4425
986 716
716 2464
54 946
946 4425
2685 1540
1540 4050
3655 1194
1194 4425
2324 1558
1558 4050
781 3540
3540 142
1108 2658
2658 991
1596 4548
4548 991
4659 1807
1807 142
4673 1131
1131 4425
4349 3424
3424 975
2715 592
592 142
439 2793
2793 142
1241 2979
2979 4425
1107 2289
2289 975
614 1100
1100 991
1307 4566
4566 4425
775 51
51 4425
4621 2360
2360 4050
3457 1720
1720 2464
2695 2871
2871 2464
2020 4339
4339 4425
805 1191
1191 142
75 60
60 991
173 3700
3700 4425
2457 823
823 142
2075 2055
2055 142
3039 2333
2333 991
4673 2505
2505 991
2804 438
438 4425
4502 2914
2914 975
1478 4248
4248 975
4538 203
203 2464
4414 3088
3088 142
3452 2063
2063 991
717 11
11 2464
4562 916
916 975
1217 3170
3170 4425
1727 384
384 4425
4621 1780
1780 975
1165 1788
1788 975
318 1341
1341 4050
2699 3881
3881 2464
2131 4676
4676 975
1205 4608
4608 2464
173 3123
3123 4425
4294 3735
3735 142
3050 3899
3899 991
3143 3124
3124 975
773 2808
2808 142
4036 394
394 2464
4555 2212
2212 975
4154 730
730 4425
1452 3954
3954 4425
4641 3137
3137 4425
4659 2467
2467 4425
2788 565
565 975
1166 2737
2737 4425
2685 2669
2669 4425
3458 1768
1768 142
3897 2147
2147 4425
1514 4275
4275 142
1042 848
848 4050
1165 4230
4230 4425
1882 2474
2474 142
4530 3232
3232 2464
1256 1250
1250 991
4700 4375
4375 975
2021 3084
3084 2464
4094 1122
1122 4425
3141 951
951 4425
386 1742
1742 2464
75 69
69 991
1116 283
283 4050
2450 1394
1394 4425
4538 2030
2030 142
1666 3902
3902 142
1166 4397
4397 975
1107 4190
4190 4425
1967 4076
4076 975
3246 2475
2475 2464
996 1752
1752 975
1452 1422
1422 4050
3155 2278
2278 2464
1666 4277
4277 2464
781 1360
1360 991
1013 4100
4100 142
54 1459
1459 4425
1723 1530
1530 991
1457 2469
2469 975
3207 503
503 4425
1183 2266
2266 2464
3155 4668
4668 4425
1165 1881
1881 2464
2565 363
363 4425
3452 2781
2781 2464
210 1703
1703 4425
1397 5
5 2464
3447 2773
2773 4050
3446 3724
3724 991
4173 2605
2605 142
3236 383
383 4425
953 2160
2160 142
1860 785
785 991
4268 2923
2923 991
3050 3536
3536 142
769 3351
3351 4050
3842 3863
3863 2464
2797 3785
3785 4425
3708 2285
2285 991
53 127
127 142
1329 3191
3191 975
2106 510
510 991
3013 1322
1322 2464
2506 2878
2878 4425
2585 638
638 142
1648 1737
1737 4425
3915 2214
2214 975
2378 96
96 4425
2927 4685
4685 142
1184 3652
3652 975
2910 931
931 2464
3458 2342
2342 142
1205 2527
2527 2464
4081 4520
4520 4425
3266 3733
3733 142
4677 1536
1536 4425
4027 2161
2161 4050
1671 1319
1319 4050
1441 12
12 4425
258 3174
3174 991
4262 4556
4556 142
1382 1289
1289 2464
773 44
44 142
4593 3384
3384 991
3450 1371
1371 975
4388 4642
4642 4425
413 2650
2650 991
413 91
91 4050
4483 3484
3484 4050
4496 3928
3928 142
4388 715
715 2464
1830 1423
1423 975
1032 2313
2313 991
205 1160
1160 4425
950 3845
3845 991
604 3621
3621 991
2715 4705
4705 991
4559 2054
2054 2464
605 4209
4209 991
3624 2930
2930 2464
792 2577
2577 4425
3511 1645
1645 975
3974 1216
1216 2464
4559 4539
4539 975
369 1811
1811 4425
3155 1245
1245 975
4496 310
310 991
2203 1305
1305 142
380 2128
2128 4425
4641 2332
2332 2464
2804 1374
1374 142
996 3887
3887 991
4559 871
871 991
4036 3581
3581 4425
3734 3854
3854 142
2506 1358
1358 975
1750 3322
3322 975
614 4224
4224 2464
1345 3318
3318 4425
619 731
731 4425
2018 4086
4086 2464
413 509
509 4050
2247 3823
3823 991
3398 2962
2962 2464
1452 4331
4331 4425
194 3695
3695 975
1241 392
392 975
3016 2088
2088 991
254 4182
4182 991
1329 2348
2348 4425
2083 266
266 2464
2910 129
129 4425
760 3185
3185 4050
3227 3820
3820 991
611 2851
2851 2464
4106 3945
3945 4050
1631 4052
4052 975
4581 2981
2981 4425
2525 3591
3591 4425
3186 689
689 4425
1882 2696
2696 2464
3143 1254
1254 975
4564 3815
3815 991
3042 2969
2969 4425
3685 2334
2334 975
2220 4320
4320 4425
3459 2232
2232 4425
210 1393
1393 975
4555 3874
3874 4050
4502 4452
4452 975
3323 4
4 4425
2220 4216
4216 142
3186 2286
2286 991
4673 1412
1412 142
3491 1074
1074 991
175 2148
2148 991
3918 1300
1300 4425
781 1831
1831 991
3032 2118
2118 142
1097 255
255 975
2192 2879
2879 975
3323 2399
2399 991
194 435
435 975
3974 2101
2101 975
1359 4664
4664 991
4516 486
486 142
2733 704
704 975
2085 1058
1058 142
1532 2533
2533 142
1723 3188
3188 975
906 2891
2891 991
1723 3472
3472 142
3236 1507
1507 142
4502 4473
4473 142
1547 4105
4105 142
1014 703
703 4050
386 1653
1653 4425
1778 4450
4450 991
1741 1910
1910 4050
480 1564
1564 991
1014 1402
1402 2464
113 2127
2127 4050
2804 3161
3161 4050
3458 2508
2508 4050
1596 2782
2782 991
2699 4315
4315 2464
604 1903
1903 975
615 666
666 4425
2220 1839
1839 4425
75 4265
4265 2464
2203 4474
4474 4050
4123 3190
3190 991
380 2084
2084 991
1778 341
341 4050
3446 4074
4074 4425
3505 3056
3056 991
3235 1616
1616 142
2496 4284
4284 975
407 3860
3860 142
2685 4500
4500 4050
4106 3334
3334 4425
4106 2092
2092 4425
4116 2365
2365 975
3708 4332
4332 991
775 2104
2104 4050
3914 3154
3154 4425
374 1716
1716 2464
4475 3166
3166 4050
28 4062
4062 2464
2806 591
591 975
1830 2329
2329 975
1382 3389
3389 4050
2336 2109
2109 142
3667 59
59 142
1108 4627
4627 975
54 3381
3381 991
2715 2672
2672 2464
602 4390
4390 2464
301 3522
3522 2464
3458 2885
2885 975
313 2582
2582 2464
1377 3993
3993 991
2724 3118
3118 4050
2216 1786
1786 975
417 2364
2364 4425
1014 3813
3813 4425
333 3967
3967 142
4094 2852
2852 4425
202 3554
3554 975
2378 3010
3010 4050
1441 3580
3580 4425
616 3806
3806 975
3207 3715
3715 4050
301 783
783 2464
1690 3027
3027 2464
1514 3524
3524 4425
3236 552
552 4425
2473 655
655 142
4116 1635
1635 4050
2821 1260
1260 2464
4286 1309
1309 142
1452 3622
3622 142
3434 475
475 142
4509 3393
3393 991
506 2627
2627 975
662 720
720 975
506 2743
2743 4425
113 2712
2712 4425
2818 1392
1392 991
1441 2994
2994 142
205 1479
1479 2464
802 702
702 142
1672 1662
1662 142
3560 204
204 142
3624 654
654 4425
4094 1180
1180 991
4045 2802
2802 991
4173 3162
3162 2464
254 34
34 991
1455 118
118 2464
3262 4179
4179 991
4654 2558
2558 4425
4094 220
220 142
1596 4046
4046 975
1042 1994
1994 142
3355 3036
3036 975
1547 2346
2346 142
807 683
683 4425
3013 4084
4084 4425
1547 2040
2040 142
611 4147
4147 975
1702 2631
2631 4425
3050 4542
4542 4050
1307 3636
3636 975
4036 2373
2373 2464
3016 3358
3358 2464
1256 2208
2208 4425
3516 1696
1696 991
1710 2547
2547 991
2336 603
603 991
1166 4171
4171 4050
1808 331
331 975
614 2314
2314 142
1197 3757
3757 991
4101 3832
3832 4050
1108 1529
1529 991
3842 2609
2609 2464
1532 2726
2726 142
1889 3926
3926 4050
3505 4297
4297 4050
3751 436
436 2464
3918 3789
3789 4425
781 388
388 4425
4562 2612
2612 991
1808 1239
1239 4425
2545 3989
3989 4050
4530 4652
4652 4050
1942 271
271 975
258 3721
3721 2464
3262 4056
4056 2464
1183 2377
2377 4050
4036 3849
3849 142
28 1555
1555 4425
3516 158
158 2464
1286 2308
2308 991
3751 1784
1784 975
2699 4605
4605 142
1457 1070
1070 991
254 1593
1593 4050
3132 1732
1732 4050
1241 229
229 991
2545 4622
4622 4425
2018 4114
4114 4050
4516 1480
1480 4425
4123 1373
1373 142
3560 1370
1370 4425
254 4071
4071 142
3708 107
107 2464
1183 1745
1745 975
662 3171
3171 4050
1277 516
516 142
1789 3847
3847 991
3103 1083
1083 2464
986 168
168 142
92 2621
2621 142
1549 2937
2937 975
4654 1152
1152 991
1532 963
963 2464
611 3364
3364 142
2566 989
989 142
1331 976
976 142
2487 4501
4501 991
457 772
772 991
193 629
629 4050
4173 3406
3406 2464
1184 433
433 142
1404 1214
1214 142
2238 4584
4584 4425
1729 1712
1712 991
4025 3762
3762 2464
4094 3014
3014 975
3207 1756
1756 142
1648 2382
2382 2464
3457 3776
3776 4050
1397 3397
3397 4425
2678 991
3573 975
3690 4050
1728 2464
559 4425
1621 4684
2922 2424
2719 2645
1911 1094
474 2738
1274 767
782 155
471 2442
2991 3934
1251 2178
30 2546
372 405
1600 402
3235 4039
1264 2624
88 1689
1054 620
259 3804
3199 4084
2651 1966
3095 1463
1462 3061
3446 2290
1112 1552
3598 2351
4258 2028
4429 18
4482 1439
3126 2240
2990 4425
1125 2417
2481 2555
82 3352
1210 3286
3830 620
1491 3072
4547 1611
4400 1662
2233 3665
4130 2199
1345 23
1734 96
2223 4566
2340 2981
1108 1677
638 4320
3559 2089
2835 3786
2884 1863
3810 753
2638 937
1698 4236
1968 195
4701 4704
492 2534
1064 2493
2651 2082
1740 3175
2003 2800
498 3997
2248 1824
2742 1245
4631 1090
2916 2923
2375 3495
1221 341
483 3018
3915 1986
558 552
3446 2225
75 4356
3983 2084
3459 4278
1951 4281
4580 597
3558 2166
1340 4448
3793 3928
3511 1711
407 398
3848 2074
4140 2913
2968 491
3254 1595
3712 4467
2388 827
412 37
2041 36
741 1231
1197 2264
3430 2490
2816 667
926 3636
994 4274
3879 2660
4651 3473
4403 4405
320 2640
2890 2988
1098 2001
1455 1174
880 3849
4118 1356
844 1260
762 1326
1928 2638
77 3077
1458 1098
754 2555
288 1057
4695 4196
1258 4482
2099 3881
3557 1529
3390 2641
1982 3425
426 4166
3909 4320
401 3811
1541 2845
2016 3753
4611 821
259 3541
3041 360
4481 265
296 1784
4202 4361
936 591
3020 1281
3537 1030
1365 1561
4119 466
2724 976
2420 4585
3529 3338
594 1403
3227 3564
2895 768
3941 4384
205 3386
182 3105
4631 2024
148 94
1880 3093
2822 4260
1876 4639
3634 143
3814 3757
4543 2922
3676 3944
1387 3569
3800 2159
293 4138
3080 2981
330 3855
2613 567
1025 2521
1284 716
3623 3856
3651 51
1013 239
3919 4089
2453 2547
847 136
401 2447
1128 3055
1638 2212
1764 3514
3143 2369
2191 2428
2984 1726
4434 1236
2187 3901
2157 1611
1215 3899
2971 1289
1698 2489
810 622
4220 2372
4458 2686
3645 375
2186 453
234 4456
1673 1791
40 2326
1171 4164
2709 1167
4688 1910
1278 2615
890 3237
1349 2958
1612 1477
1090 4630
1025 3280
4404 2811
333 2165
2863 2898
13 1642
2056 3164
2143 3518
1827 1692
395 514
698 2014
4439 2697
871 1616
2224 972
1197 483
3272 204
4661 245
3685 3252
3780 2369
2041 3407
3354 4615
3238 2440
286 2110
4531 3536
3368 3418
2078 3451
600 3014
3236 352
2451 1697
3491 159
417 1897
1761 1905
223 4657
2965 793
201 4505
3885 3863
1659 3206
1329 4553
2847 1938
4271 3223
1938 4157
4700 4413
2179 2701
4309 4404
3988 2094
1505 1997
520 3161
482 2023
2245 4664
1317 3617
4150 147
3922 2810
1498 3248
4658 4522
1343 1355
1275 1712
1463 1863
3195 4189
3550 2295
4207 1972
3290 3786
2216 3034
94 2963
3995 2959
3594 3162
931 2852
165 3548
4618 1611
1482 2894
3097 1901
3593 4016
2748 4602
2421 1560
637 4421
1639 3829
3165 3949
452 1818
1 4679
1937 3272
4468 2572
4237 592
3110 1300
3593 1086
799 931
4696 144
1407 133
2378 1542
950 2721
4379 3892
725 136
961 2493
172 4423
1197 84
2601 3190
434 4
624 1212
1030 2124
3900 207
4227 714
2710 768
1937 4200
746 4114
3515 253
3952 4323
2355 2765
4193 3260
1086 2706
4045 2142
2565 523
2077 3749
3889 2542
430 3862
4370 875
2007 3860
2390 171
2815 3157
2142 3601
2607 2558
798 516
4125 1010
1899 2369
616 2903
4008 2548
2225 776
1345 139
3223 1960
646 270
1953 1733
4049 4561
401 2081
1463 1813
4219 938
3351 1994
1542 2214
2561 3056
3589 4201
3582 4697
2848 3791
3825 459
2213 797
3252 294
4294 563
382 965
2309 2469
3877 1285
3390 2373
1594 470
2901 1470
425 3745
693 3587
