5
957 1896 884
145 840
138 74
485 901
109 46
431 588
743 209
509 630
560 767
904 102
924 612
23 634
701 314
114 608
206 434
565 361
214 159
570 628
846 508
266 297
407 79
125 834
552 16
756 11
869 175
284 494
417 118
104 319
817 755
255 335
554 779
424 781
745 53
669 784
219 907
626 242
533 872
108 779
397 765
649 449
408 727
892 499
9 650
424 948
948 783
701 22
22 425
869 124
124 44
114 351
351 447
417 832
832 624
756 460
460 770
552 838
838 770
125 54
54 905
570 613
613 935
408 579
579 181
138 863
863 464
138 617
617 447
743 405
405 624
9 290
290 263
138 335
335 768
206 828
828 476
846 400
400 263
109 249
249 461
570 338
338 287
108 908
908 447
701 936
936 855
570 242
242 476
138 346
346 44
924 280
280 801
407 432
432 263
701 605
605 855
104 731
731 263
745 10
10 287
892 913
913 539
626 221
221 864
669 818
818 423
565 548
548 447
206 18
18 401
743 916
916 263
417 718
718 441
266 132
132 44
109 671
671 423
9 860
860 461
114 355
355 447
904 239
239 464
109 183
183 864
125 692
692 425
284 583
583 425
431 796
796 801
892 751
751 905
417 672
672 287
570 82
82 133
745 633
633 181
109 922
922 263
9 427
427 864
554 831
831 50
206 265
265 50
424 484
484 223
924 842
842 263
145 200
200 441
407 710
710 624
408 32
32 783
109 270
270 133
108 645
645 26
219 171
171 287
9 75
75 855
104 85
85 423
756 714
714 539
701 385
385 181
397 344
344 768
138 462
462 26
138 2
2 476
397 530
530 801
255 439
439 425
533 253
253 783
255 149
149 539
626 53
53 864
214 606
606 801
284 643
643 181
817 207
207 935
424 254
254 905
554 135
135 447
701 233
233 768
125 475
475 99
23 730
730 44
408 953
953 864
560 956
956 223
904 748
748 648
669 197
197 768
924 763
763 864
284 722
722 401
904 775
775 384
669 457
457 50
552 866
866 855
565 120
120 425
23 950
950 864
560 835
835 801
649 246
246 425
255 638
638 768
533 364
364 287
743 7
7 99
485 275
275 133
417 281
281 401
509 607
607 181
756 513
513 384
869 276
276 770
560 761
761 539
743 681
681 99
424 764
764 44
108 816
816 133
145 119
119 905
138 933
933 287
125 218
218 62
114 659
659 401
407 146
146 401
649 116
116 423
560 332
332 44
284 942
942 935
109 946
946 461
125 593
593 801
266 957
957 783
9 256
256 50
924 305
305 99
23 782
782 441
108 73
73 801
554 153
153 287
533 711
711 26
570 849
849 464
649 802
802 401
266 658
658 223
407 858
858 62
417 941
941 905
219 738
738 447
397 750
750 464
284 684
684 263
138 762
762 423
145 499
499 935
219 345
345 935
554 522
522 44
424 16
16 476
565 610
610 935
284 456
456 425
533 262
262 384
219 66
66 905
108 660
660 905
554 589
589 476
485 209
209 223
626 252
252 50
266 833
833 263
669 694
694 441
554 600
600 99
417 799
799 768
552 367
367 99
206 51
51 181
284 8
8 905
9 677
677 223
255 652
652 539
554 929
929 99
892 759
759 476
397 943
943 783
266 240
240 539
904 794
794 447
431 651
651 461
626 342
342 801
745 900
900 801
565 883
883 648
669 506
506 905
869 844
844 464
846 696
696 223
554 573
573 648
214 46
46 539
485 196
196 401
509 790
790 181
846 29
29 935
284 387
387 26
669 376
376 384
219 931
931 447
892 112
112 464
565 878
878 62
109 141
141 99
904 834
834 384
560 363
363 287
817 158
158 864
626 396
396 263
417 301
301 855
145 174
174 99
565 446
446 770
206 494
494 287
701 130
130 50
407 792
792 50
125 59
59 62
509 339
339 770
846 612
612 44
431 172
172 905
114 122
122 425
266 517
517 768
417 477
477 648
255 98
98 223
509 547
547 423
408 614
614 855
626 518
518 905
869 285
285 425
407 510
510 263
9 912
912 62
104 203
203 768
108 235
235 133
869 813
813 801
125 204
204 864
565 449
449 423
23 274
274 801
104 563
563 801
745 574
574 447
219 819
819 624
554 478
478 263
669 502
502 864
509 237
237 447
206 689
689 539
114 481
481 401
626 314
314 50
9 621
621 384
570 106
106 905
219 725
725 447
869 580
580 26
424 331
331 770
219 531
531 425
138 848
848 624
817 587
587 99
109 516
516 801
138 865
865 99
533 709
709 905
397 829
829 648
649 310
310 401
904 521
521 181
255 585
585 441
846 14
14 423
408 91
91 783
206 495
495 770
669 450
450 855
125 20
20 461
114 127
127 935
408 793
793 447
104 451
451 461
219 853
853 50
565 195
195 181
743 64
64 384
214 582
582 441
219 182
182 223
114 837
837 464
9 147
147 461
552 639
639 476
701 501
501 855
284 618
618 624
509 744
744 648
206 628
628 447
756 906
906 384
565 309
309 935
846 839
839 768
407 328
328 864
565 740
740 801
533 812
812 263
560 596
596 423
145 757
757 62
509 691
691 801
424 189
189 133
206 486
486 783
206 213
213 441
669 359
359 425
560 121
121 50
431 727
727 26
284 590
590 447
219 360
360 464
565 881
881 99
145 847
847 864
924 296
296 464
114 791
791 768
924 716
716 461
892 774
774 447
485 497
497 801
560 886
886 223
552 489
489 768
219 77
77 62
206 498
498 223
565 868
868 133
669 474
474 62
214 95
95 864
649 777
777 287
560 321
321 768
408 772
772 648
407 419
419 181
219 192
192 62
108 244
244 26
417 113
113 223
138 623
623 44
424 438
438 476
565 231
231 648
626 277
277 384
219 483
483 864
104 907
907 648
924 845
845 935
114 63
63 423
255 492
492 783
869 805
805 464
626 129
129 287
552 137
137 447
266 444
444 287
846 767
767 464
560 586
586 50
649 42
42 768
431 87
87 62
846 227
227 26
485 823
823 539
554 683
683 384
570 644
644 905
533 927
927 26
485 377
377 50
214 840
840 855
109 175
175 62
424 225
225 447
417 190
190 223
145 567
567 855
554 24
24 287
552 248
248 384
219 595
595 855
817 329
329 181
108 472
472 783
554 68
68 441
745 719
719 648
266 707
707 624
397 216
216 425
145 511
511 461
284 84
84 935
424 160
160 770
924 105
105 44
145 34
34 133
554 236
236 384
108 808
808 263
533 251
251 441
206 558
558 263
904 103
103 181
533 901
901 425
649 947
947 425
560 890
890 99
284 893
893 99
214 202
202 783
533 717
717 539
570 433
433 801
424 155
155 770
214 162
162 464
145 110
110 461
509 566
566 461
560 404
404 905
701 786
786 44
424 300
300 770
23 157
157 783
408 443
443 26
109 12
12 864
219 186
186 26
255 101
101 44
846 928
928 935
565 185
185 44
509 25
25 935
108 615
615 223
869 674
674 181
266 920
920 539
219 726
726 768
255 161
161 464
560 634
634 770
509 65
65 461
560 288
288 50
626 179
179 441
431 142
142 783
869 144
144 864
669 737
737 935
701 470
470 441
284 388
388 935
745 393
393 648
108 170
170 770
206 479
479 783
255 766
766 624
745 468
468 425
904 306
306 905
509 188
188 384
904 899
899 384
214 6
6 223
846 836
836 384
756 92
92 624
701 267
267 539
104 164
164 539
560 72
72 905
565 357
357 624
206 325
325 263
407 827
827 855
424 111
111 133
552 140
140 770
904 312
312 44
9 452
452 783
509 650
650 62
108 742
742 133
924 193
193 384
125 381
381 423
565 187
187 423
509 382
382 423
554 666
666 864
743 199
199 864
206 350
350 425
125 298
298 461
407 885
885 223
266 601
601 62
552 821
821 384
255 40
40 50
284 732
732 783
924 205
205 864
408 488
488 768
417 394
394 425
924 642
642 783
417 515
515 464
743 48
48 539
869 559
559 181
509 592
592 401
756 166
166 44
756 721
721 50
206 430
430 783
554 712
712 801
869 228
228 441
817 702
702 223
114 96
96 539
669 420
420 855
104 713
713 624
424 682
682 935
869 159
159 223
904 38
38 401
407 421
421 50
407 230
230 648
266 576
576 770
846 229
229 770
417 173
173 783
255 390
390 624
214 348
348 461
756 810
810 263
125 667
667 770
560 375
375 783
424 543
543 26
701 283
283 624
114 71
71 287
743 232
232 783
669 663
663 44
869 549
549 181
904 336
336 26
533 354
354 287
552 911
911 464
701 688
688 44
23 403
403 181
745 150
150 223
408 56
56 783
125 4
4 905
817 532
532 44
846 168
168 768
114 500
500 423
109 201
201 905
554 611
611 864
701 803
803 425
109 303
303 539
214 459
459 287
869 806
806 401
743 557
557 783
255 520
520 935
554 685
685 50
649 378
378 287
701 261
261 401
745 952
952 423
669 631
631 783
817 526
526 461
552 949
949 425
817 362
362 263
485 371
371 50
138 599
599 99
756 402
402 801
892 33
33 401
565 569
569 50
145 536
536 905
145 11
11 263
846 556
556 181
407 391
391 50
9 340
340 935
417 551
551 425
892 656
656 464
407 482
482 768
266 944
944 384
552 463
463 384
743 917
917 476
23 347
347 181
407 487
487 99
297 935
9 739
739 133
817 90
90 99
626 178
178 905
397 324
324 50
565 841
841 26
869 857
857 539
756 870
870 447
408 584
584 801
554 824
824 464
701 771
771 783
554 317
317 476
284 705
705 133
108 882
882 44
745 31
31 770
745 577
577 50
745 437
437 44
869 921
921 181
206 81
81 423
892 735
735 26
743 152
152 62
745 67
67 423
138 39
39 770
669 264
264 263
114 3
3 423
266 706
706 461
756 80
80 461
626 273
273 905
431 562
562 50
570 5
5 50
145 664
664 770
417 365
365 624
649 458
458 801
125 491
491 464
206 352
352 223
626 875
875 423
560 148
148 461
509 466
466 423
552 937
937 401
745 469
469 401
255 938
938 44
109 257
257 50
924 695
695 181
745 440
440 624
743 370
370 624
104 636
636 133
125 954
954 425
206 250
250 768
109 167
167 26
145 134
134 401
869 58
58 44
255 662
662 263
509 724
724 263
108 708
708 62
743 117
117 624
104 299
299 905
266 406
406 423
114 259
259 423
745 553
553 801
756 295
295 62
701 88
88 425
565 811
811 461
756 57
57 181
669 434
434 223
533 465
465 50
266 368
368 99
408 330
330 935
552 61
61 768
756 564
564 26
23 854
854 401
869 746
746 263
109 243
243 425
407 258
258 770
756 797
797 476
565 123
123 905
485 926
926 624
565 594
594 441
533 630
630 133
756 136
136 441
756 879
879 62
817 568
568 384
284 115
115 401
509 30
30 447
408 208
208 423
904 241
241 44
284 292
292 423
904 156
156 855
219 286
286 62
114 422
422 441
560 222
222 864
756 334
334 44
570 647
647 287
9 874
874 783
509 620
620 425
266 753
753 223
114 673
673 263
509 629
629 935
145 535
535 539
701 176
176 62
892 455
455 384
554 19
19 770
846 415
415 768
560 896
896 263
108 508
508 935
108 107
107 447
626 861
861 770
869 386
386 801
255 787
787 181
649 83
83 287
554 471
471 384
869 704
704 99
206 294
294 263
626 760
760 223
9 598
598 905
756 619
619 855
145 800
800 50
817 955
955 801
869 945
945 50
669 723
723 401
924 914
914 461
9 454
454 801
892 825
825 770
869 930
930 133
266 184
184 287
552 852
852 464
846 224
224 44
431 880
880 384
892 690
690 648
424 856
856 768
214 640
640 648
219 703
703 768
397 327
327 447
904 637
637 461
649 180
180 425
756 211
211 905
108 661
661 855
904 527
527 401
255 561
561 768
533 687
687 476
219 897
897 464
533 102
102 783
114 410
410 441
255 316
316 384
255 919
919 783
23 418
418 50
9 534
534 770
565 627
627 864
109 910
910 26
214 392
392 476
904 804
804 447
924 28
28 768
869 473
473 50
669 89
89 855
397 741
741 905
509 480
480 223
284 765
765 99
145 291
291 44
756 217
217 401
109 35
35 770
743 820
820 425
485 414
414 539
266 909
909 783
108 720
720 50
745 657
657 855
145 728
728 476
552 198
198 539
669 504
504 770
626 822
822 864
745 308
308 768
266 490
490 624
104 269
269 539
649 315
315 768
138 313
313 864
266 426
426 263
669 493
493 26
108 655
655 783
554 326
326 441
846 260
260 905
552 540
540 539
206 523
523 44
255 413
413 425
756 940
940 62
554 21
21 287
533 815
815 181
649 807
807 783
104 604
604 287
756 496
496 425
9 785
785 624
109 356
356 648
924 773
773 935
485 680
680 864
424 537
537 181
109 366
366 425
649 918
918 133
145 776
776 263
424 78
78 801
743 341
341 223
745 581
581 263
892 700
700 461
284 282
282 648
669 752
752 223
701 311
311 464
408 245
245 44
138 442
442 648
869 733
733 287
9 512
512 425
284 304
304 935
485 372
372 263
108 859
859 50
869 884
884 864
431 76
76 624
206 555
555 263
743 891
891 223
397 698
698 447
9 686
686 801
565 210
210 44
266 867
867 476
109 894
894 133
138 693
693 263
431 448
448 181
509 538
538 425
924 758
758 768
219 215
215 935
570 27
27 801
745 435
435 423
109 70
70 855
284 653
653 133
114 877
877 263
669 902
902 425
869 234
234 99
214 293
293 624
104 781
781 133
104 654
654 287
554 131
131 384
397 13
13 476
214 755
755 464
23 789
789 539
108 668
668 624
570 126
126 770
114 939
939 864
756 903
903 648
846 826
826 441
9 380
380 401
554 399
399 476
407 528
528 62
485 895
895 539
408 546
546 425
431 343
343 624
533 128
128 62
565 572
572 624
284 278
278 223
23 646
646 905
743 798
798 464
669 353
353 855
109 889
889 476
817 428
428 62
125 830
830 181
649 529
529 425
284 575
575 783
424 307
307 26
266 151
151 44
552 779
779 855
109 163
163 905
284 873
873 770
408 925
925 133
424 86
86 133
745 79
79 539
904 43
43 99
485 52
52 263
104 915
915 62
846 635
635 648
756 934
934 26
701 323
323 62
104 411
411 44
533 226
226 62
23 349
349 855
485 445
445 223
104 333
333 423
408 625
625 423
408 247
247 624
407 36
36 464
570 279
279 447
846 591
591 783
552 843
843 423
669 409
409 864
284 514
514 423
407 45
45 133
565 143
143 50
745 541
541 783
626 699
699 935
219 337
337 425
417 778
778 441
669 632
632 476
407 780
780 62
669 374
374 441
104 814
814 133
745 238
238 476
869 524
524 539
756 923
923 801
407 588
588 770
892 665
665 855
206 41
41 539
554 302
302 425
626 734
734 801
509 871
871 223
817 369
369 181
431 165
165 44
255 289
289 181
560 177
177 905
397 542
542 648
846 416
416 464
138 94
94 447
743 676
676 648
701 670
670 768
266 398
398 425
255 729
729 181
9 319
319 855
219 550
550 50
565 862
862 44
756 467
467 263
219 769
769 770
509 1
1 801
214 754
754 223
892 545
545 423
485 678
678 648
509 876
876 26
743 888
888 26
104 318
318 905
817 951
951 423
125 93
93 447
701 697
697 905
114 118
118 181
397 784
784 26
533 578
578 384
560 69
69 801
206 851
851 624
214 809
809 26
554 679
679 287
743 361
361 464
756 932
932 461
756 898
898 905
266 268
268 26
417 872
872 223
214 358
358 287
924 616
616 864
924 747
747 461
743 60
60 855
485 383
383 476
570 507
507 905
904 191
191 864
214 675
675 441
431 715
715 624
649 505
505 133
745 519
519 476
817 641
641 770
565 154
154 855
743 622
622 99
397 395
395 464
924 749
749 62
743 788
788 464
104 74
74 464
554 37
37 768
565 525
525 441
214 602
602 770
552 100
100 287
109 139
139 133
9 571
571 539
924 55
55 263
266 453
453 864
108 436
436 441
756 850
850 44
533 194
194 905
743 220
220 624
745 429
429 62
9 544
544 447
817 322
322 801
145 272
272 801
214 212
212 425
846 412
412 624
745 795
795 287
266 503
503 539
255 389
389 476
397 603
603 99
266 608
608 425
554 169
169 935
560 271
271 801
397 320
320 26
817 15
15 855
266 609
609 461
145 887
887 864
284 49
49 770
108 379
379 62
417 736
736 770
255 97
97 461
397 597
597 461
417 17
17 864
104 373
373 223
431 47
47 855
257 935
60 44
915 441
43 425
365 464
95 50
389 648
852 223
385 864
733 447
925 783
144 181
123 855
241 905
46 461
527 384
612 801
899 62
366 401
861 133
286 624
404 99
739 768
375 287
762 26
163 770
629 423
550 263
567 476
66 578
798 925
239 656
310 889
297 448
357 165
748 521
799 508
155 826
514 678
46 597
946 848
836 629
457 642
190 411
806 735
499 476
478 428
206 21
813 501
832 65
847 41
82 939
443 466
683 766
614 189
19 918
716 620
386 752
739 647
626 160
218 940
919 625
56 440
119 515
908 126
740 806
147 277
911 234
491 469
786 67
402 17
482 177
662 294
730 199
185 111
904 79
572 541
813 317
364 928
75 457
844 115
509 503
23 818
16 300
577 163
984 1868 884
583 670
91 412
148 670
590 193
881 4
205 949
245 941
82 255
654 695
743 356
424 161
190 977
222 714
825 647
819 629
738 628
498 31
2 649
767 958
919 209
480 49
612 12
104 509
286 836
125 300
691 260
561 540
471 390
673 493
758 58
383 483
930 587
30 704
126 76
187 427
757 400
93 754
706 477
360 290
916 33
141 602
403 507
609 788
310 207
793 555
105 324
798 710
705 194
350 600
516 755
313 361
428 279
154 505
78 972
99 790
512 46
687 751
268 644
913 540
386 398
435 275
619 942
470 567
601 840
347 600
145 501
668 298
968 451
180 346
178 852
251 83
984 447
287 409
945 545
163 861
200 369
934 659
860 861
570 776
315 928
632 944
208 538
285 704
578 957
702 207
954 575
347 536
536 86
187 101
101 807
601 856
856 34
819 270
270 86
619 520
520 34
913 84
84 572
2 75
75 807
860 577
577 887
860 864
864 915
705 845
845 489
30 103
103 8
609 235
235 8
126 672
672 337
590 712
712 506
154 804
804 86
561 364
364 887
913 656
656 8
190 981
981 794
386 944
944 337
148 500
500 572
285 781
781 807
968 539
539 489
180 252
252 915
78 27
27 276
673 620
620 565
285 250
250 489
178 70
70 276
757 564
564 276
743 888
888 506
705 894
894 337
860 346
346 276
758 393
393 506
913 847
847 86
208 234
234 337
403 822
822 565
881 359
359 565
632 607
607 506
208 605
605 506
668 524
524 34
82 155
155 887
706 886
886 506
315 744
744 915
125 602
602 506
190 127
127 276
347 327
327 572
222 40
40 506
200 527
527 794
78 716
716 915
757 659
659 337
691 865
865 8
561 340
340 807
825 771
771 807
516 778
778 489
705 707
707 565
913 51
51 915
945 808
808 807
702 411
411 276
470 292
292 86
310 733
733 887
609 445
445 807
471 563
563 489
702 685
685 506
78 221
221 807
702 533
533 807
793 509
509 915
793 230
230 34
245 580
580 276
819 90
90 489
583 983
983 887
428 701
701 337
578 113
113 276
583 779
779 506
825 169
169 887
913 556
556 489
516 460
460 887
825 947
947 8
934 384
384 807
945 594
594 807
601 123
123 572
934 363
363 8
916 674
674 8
428 519
519 489
919 432
432 276
285 279
279 276
99 17
17 915
738 425
425 794
930 671
671 565
590 399
399 276
691 119
119 337
945 116
116 34
383 835
835 337
245 385
385 572
916 402
402 489
881 438
438 489
310 618
618 276
512 147
147 794
673 380
380 8
350 829
829 489
498 547
547 34
205 849
849 276
78 423
423 506
945 271
271 565
470 413
413 807
268 965
965 887
30 301
301 276
347 724
724 506
471 396
396 807
105 719
719 887
350 842
842 794
609 28
28 8
470 247
247 807
590 505
505 794
187 850
850 572
743 873
873 506
984 83
83 337
285 534
534 794
125 242
242 276
315 576
576 489
612 821
821 807
819 111
111 794
435 309
309 34
673 630
630 34
222 467
467 34
180 302
302 565
738 923
923 337
916 529
529 276
313 369
369 915
350 66
66 8
691 46
46 794
208 365
365 337
561 306
306 34
798 643
643 794
583 730
730 489
178 542
542 86
825 626
626 565
860 504
504 887
125 820
820 572
687 796
796 34
757 443
443 489
141 97
97 915
180 925
925 794
91 854
854 572
738 912
912 915
285 63
63 86
187 216
216 337
757 749
749 794
819 721
721 794
435 806
806 887
498 902
902 572
386 670
670 807
609 406
406 887
757 160
160 337
347 909
909 337
601 55
55 794
30 207
207 489
386 18
18 807
154 26
26 572
383 431
431 337
163 370
370 276
93 448
448 794
154 136
136 794
930 72
72 807
705 683
683 572
654 495
495 506
767 76
76 34
435 667
667 915
913 783
783 8
163 869
869 807
654 459
459 807
145 198
198 86
968 193
193 807
706 229
229 276
881 477
477 794
126 728
728 8
706 69
69 807
913 175
175 807
180 41
41 915
578 784
784 506
954 976
976 506
350 846
846 915
691 658
658 8
154 889
889 506
190 762
762 807
825 645
645 276
180 567
567 794
619 694
694 794
285 518
518 337
268 720
720 506
561 776
776 572
287 298
298 572
860 690
690 86
154 588
588 887
148 957
957 565
245 339
339 337
251 253
253 887
424 911
911 887
767 496
496 506
968 638
638 915
702 263
263 276
145 537
537 572
687 437
437 794
702 149
149 506
498 291
291 794
180 269
269 807
673 343
343 572
668 60
60 807
590 323
323 337
82 13
13 565
590 372
372 86
163 802
802 337
968 394
394 489
654 264
264 572
819 866
866 794
208 475
475 794
180 201
201 337
154 85
85 337
286 74
74 489
702 759
759 8
105 31
31 506
347 810
810 794
860 391
391 276
428 331
331 276
386 61
61 489
251 318
318 565
798 120
120 489
612 585
585 915
286 312
312 337
913 737
737 276
428 124
124 794
145 300
300 86
913 265
265 572
691 610
610 276
403 20
20 887
2 325
325 489
251 928
928 506
187 571
571 489
205 826
826 276
516 171
171 506
148 68
68 34
350 736
736 276
516 943
943 489
93 106
106 34
860 684
684 887
945 139
139 8
251 666
666 34
702 693
693 794
705 678
678 34
78 375
375 8
498 971
971 8
738 589
589 489
632 843
843 337
673 499
499 572
930 463
463 794
480 938
938 794
205 356
356 86
245 355
355 8
30 338
338 794
881 88
88 572
222 430
430 807
743 377
377 34
313 973
973 34
654 768
768 887
30 949
949 276
154 212
212 8
200 568
568 337
757 623
623 86
360 182
182 337
687 521
521 337
313 765
765 565
798 680
680 489
141 732
732 34
934 357
357 794
512 907
907 565
105 342
342 915
738 173
173 276
984 361
361 34
347 258
258 887
205 662
662 506
590 978
978 506
187 336
336 34
245 974
974 8
435 248
248 915
315 162
162 887
945 427
427 887
512 158
158 565
82 851
851 86
141 117
117 915
612 98
98 34
383 43
43 807
632 960
960 807
916 859
859 276
578 503
503 337
673 191
191 86
268 466
466 337
930 112
112 572
512 936
936 506
2 152
152 807
516 592
592 794
702 814
814 276
141 197
197 34
984 16
16 565
310 754
754 86
601 669
669 8
105 910
910 34
793 574
574 8
881 220
220 276
286 917
917 86
180 651
651 86
104 374
374 489
286 636
636 506
386 641
641 8
313 750
750 489
126 734
734 887
632 379
379 807
91 557
557 276
612 639
639 506
178 980
980 794
758 631
631 489
954 210
210 506
105 635
635 887
126 696
696 794
386 255
255 86
360 320
320 8
386 813
813 8
706 531
531 489
934 368
368 86
200 77
77 506
954 449
449 794
205 397
397 807
285 192
192 8
82 920
920 506
403 405
405 276
268 629
629 565
632 604
604 565
126 756
756 915
471 96
96 887
793 633
633 276
825 12
12 276
512 817
817 915
251 552
552 565
154 897
897 565
512 421
421 572
738 367
367 565
881 294
294 34
687 809
809 506
403 652
652 915
687 789
789 34
30 961
961 572
583 7
7 34
93 648
648 489
612 729
729 86
705 879
879 86
154 3
3 506
583 703
703 86
126 168
168 34
609 581
581 34
767 831
831 276
578 940
940 86
383 903
903 915
148 875
875 572
619 25
25 8
148 433
433 807
163 219
219 276
145 295
295 565
2 508
508 8
612 14
14 276
758 543
543 337
471 213
213 489
268 278
278 794
347 458
458 572
403 420
420 276
913 257
257 489
590 569
569 807
743 970
970 565
310 727
727 489
654 185
185 86
706 254
254 337
148 441
441 794
798 538
538 887
471 416
416 572
163 284
284 915
125 232
232 572
386 530
530 489
285 836
836 915
78 595
595 276
954 857
857 572
632 80
80 34
825 400
400 915
705 647
647 489
619 616
616 565
190 150
150 337
30 770
770 337
798 143
143 337
200 872
872 794
30 297
297 794
104 773
773 807
268 780
780 807
347 868
868 489
105 322
322 794
743 157
157 337
860 94
94 489
126 763
763 887
154 899
899 337
498 908
908 506
285 751
751 807
428 33
33 565
105 237
237 794
200 544
544 337
619 67
67 34
738 554
554 887
705 227
227 86
251 676
676 86
148 901
901 572
860 711
711 489
141 204
204 34
205 53
53 489
934 450
450 489
570 132
132 276
743 600
600 794
205 239
239 489
105 183
183 276
706 731
731 8
200 307
307 337
934 935
935 794
200 515
515 506
706 439
439 915
916 482
482 489
30 723
723 794
738 686
686 276
163 218
218 337
222 513
513 887
860 184
184 794
516 932
932 276
163 795
795 337
386 597
597 86
480 650
650 572
403 963
963 565
145 440
440 34
654 358
358 807
251 23
23 887
758 893
893 489
78 351
351 276
360 596
596 794
916 366
366 506
471 929
929 506
125 228
228 572
913 414
414 337
104 390
390 489
347 549
549 86
860 165
165 794
287 833
833 887
126 37
37 915
743 260
260 276
793 511
511 572
702 225
225 565
705 871
871 337
793 409
409 8
285 895
895 794
141 625
625 807
126 442
442 915
403 805
805 887
954 628
628 794
310 852
852 489
673 223
223 34
919 488
488 8
347 964
964 572
315 48
48 506
91 761
761 506
360 73
73 8
78 675
675 8
251 791
791 887
691 452
452 915
347 274
274 276
383 587
587 915
180 140
140 86
578 267
267 489
470 714
714 8
286 617
617 337
471 766
766 794
702 637
637 337
913 224
224 8
819 464
464 887
200 114
114 337
691 483
483 8
702 593
593 794
913 742
742 794
383 559
559 915
428 823
823 34
30 599
599 276
251 233
233 572
178 259
259 489
350 896
896 794
743 665
665 506
705 800
800 807
601 81
81 8
93 966
966 887
435 753
753 86
706 62
62 915
125 726
726 565
984 689
689 807
819 272
272 8
178 699
699 887
945 551
551 276
285 661
661 915
516 830
830 86
619 418
418 86
78 188
188 794
126 181
181 8
208 465
465 86
424 22
22 565
347 698
698 86
743 217
217 34
738 709
709 337
471 273
273 807
512 238
238 34
609 948
948 489
141 166
166 807
30 332
332 915
313 4
4 489
919 215
215 794
860 52
52 887
386 708
708 337
313 487
487 34
315 924
924 8
350 137
137 276
570 535
535 565
268 146
146 86
516 296
296 572
383 760
760 337
570 262
262 887
480 151
151 86
673 591
591 572
612 746
746 565
251 497
497 86
178 883
883 794
471 718
718 794
767 486
486 86
251 389
389 8
82 490
490 276
913 304
304 794
561 528
528 489
126 972
972 807
205 646
646 506
691 376
376 276
590 59
59 572
428 326
326 337
668 803
803 565
945 492
492 572
205 19
19 34
738 244
244 506
668 362
362 8
424 38
38 489
187 622
622 887
268 870
870 34
126 474
474 489
601 900
900 565
470 1
1 489
208 839
839 276
654 502
502 807
654 122
122 887
104 546
546 506
200 885
885 887
148 275
275 794
757 128
128 489
968 815
815 572
516 816
816 337
583 801
801 276
702 704
704 807
612 461
461 8
601 56
56 8
968 861
861 276
793 541
541 86
105 249
249 489
163 828
828 489
673 775
775 572
498 663
663 794
208 194
194 34
350 330
330 86
954 381
381 34
208 927
927 489
310 335
335 8
825 176
176 337
691 772
772 34
881 206
206 8
383 456
456 572
498 395
395 572
386 792
792 86
104 447
447 887
480 717
717 489
916 24
24 489
148 700
700 572
435 170
170 276
286 314
314 337
190 36
36 915
470 586
586 572
793 387
387 276
251 344
344 572
916 261
261 489
612 926
926 489
222 560
560 34
702 867
867 565
104 203
203 794
360 955
955 887
285 777
777 489
190 79
79 506
78 876
876 34
798 812
812 915
125 681
681 86
881 613
613 337
916 472
472 807
561 858
858 8
881 523
523 276
145 410
410 915
705 316
316 8
205 142
142 276
104 855
855 572
860 408
408 572
984 44
44 807
619 951
951 572
512 553
553 86
767 319
319 34
798 790
790 506
954 715
715 565
310 49
49 276
516 58
58 794
609 202
202 887
30 967
967 887
825 615
615 506
310 740
740 489
190 107
107 506
315 186
186 8
609 584
584 8
512 317
317 794
916 138
138 807
825 6
6 794
187 102
102 506
758 891
891 506
178 311
311 337
145 931
931 34
125 975
975 887
954 969
969 8
285 782
782 489
758 582
582 86
578 348
348 794
145 634
634 8
632 469
469 565
251 419
419 807
78 649
649 34
968 558
558 794
190 39
39 489
561 550
550 506
578 392
392 337
287 118
118 794
860 468
468 337
286 64
64 794
793 481
481 86
619 277
277 86
403 289
289 565
145 189
189 337
578 457
457 807
180 354
354 572
632 752
752 887
570 303
303 489
145 473
473 807
141 710
710 8
91 598
598 506
435 611
611 506
668 167
167 34
285 65
65 887
860 195
195 506
82 329
329 887
154 153
153 794
619 109
109 86
285 573
573 86
141 493
493 86
930 545
545 887
178 606
606 572
578 177
177 86
984 837
837 887
934 92
92 276
913 401
401 794
154 834
834 34
99 660
660 565
881 426
426 915
706 5
5 337
424 256
256 8
386 874
874 887
743 174
174 807
148 373
373 506
30 922
922 489
612 404
404 807
386 199
199 887
180 507
507 572
435 722
722 915
673 832
832 489
619 956
956 887
954 159
159 794
178 407
407 337
205 378
378 794
767 653
653 276
222 979
979 86
154 904
904 915
793 21
21 337
705 838
838 489
825 937
937 34
934 388
388 276
934 824
824 34
105 288
288 506
609 415
415 506
590 892
892 86
205 161
161 807
93 494
494 86
913 522
522 489
285 627
627 8
2 353
353 572
758 608
608 8
145 959
959 489
315 566
566 565
919 692
692 565
145 614
614 337
163 164
164 506
919 144
144 276
706 818
818 34
930 382
382 34
654 412
412 276
945 35
35 34
105 848
848 506
403 446
446 86
383 952
952 807
285 841
841 565
916 236
236 887
767 774
774 276
145 697
697 506
435 241
241 506
512 226
226 887
350 950
950 794
347 548
548 34
310 769
769 337
435 451
451 915
601 333
333 887
125 371
371 915
954 454
454 794
793 349
349 8
954 905
905 337
668 417
417 506
612 898
898 8
860 341
341 565
471 321
321 915
654 657
657 337
154 398
398 572
435 89
89 506
738 71
71 276
913 877
877 915
968 958
958 794
632 918
918 8
706 878
878 34
386 121
121 807
200 429
429 86
743 914
914 887
798 345
345 565
268 679
679 506
919 725
725 887
825 211
211 887
190 735
735 8
313 100
100 807
516 50
50 34
687 713
713 565
668 209
209 506
190 514
514 565
386 129
129 915
561 283
283 489
285 9
9 506
470 982
982 506
561 293
293 794
934 644
644 276
702 677
677 337
145 352
352 887
601 655
655 572
141 246
246 34
516 308
308 572
251 811
811 915
654 444
444 572
347 57
57 807
687 45
45 915
205 642
642 337
82 880
880 572
691 695
695 276
687 739
739 276
350 179
179 565
350 532
532 887
968 624
624 506
428 755
755 34
125 47
47 572
654 946
946 887
930 87
87 565
798 281
281 915
860 32
32 572
793 941
941 8
687 785
785 807
654 501
501 506
205 748
748 794
601 555
555 506
205 455
455 572
222 491
491 506
825 797
797 276
819 214
214 34
767 853
853 794
145 977
977 8
99 10
10 807
91 890
890 794
315 131
131 915
350 741
741 8
913 282
282 565
583 745
745 915
313 133
133 489
930 517
517 34
590 863
863 915
570 921
921 86
916 540
540 8
471 231
231 572
315 29
29 572
757 786
786 887
428 621
621 489
435 11
11 565
767 525
525 506
702 95
95 794
860 135
135 794
968 840
840 86
383 799
799 34
702 939
939 915
435 54
54 506
516 906
906 506
916 510
510 506
93 110
110 8
82 579
579 794
154 942
942 489
632 478
478 887
99 562
562 572
470 156
156 489
860 827
827 86
286 788
788 572
190 640
640 489
612 299
299 807
287 476
476 915
578 884
884 489
315 334
334 8
881 305
305 337
205 130
130 86
590 462
462 489
208 453
453 8
163 603
603 887
383 688
688 915
609 108
108 34
141 747
747 337
954 324
324 915
819 243
243 887
148 422
422 489
968 962
962 565
386 484
484 276
187 240
240 572
798 862
862 572
945 15
15 276
78 664
664 506
287 479
479 8
141 196
196 86
268 328
328 915
163 933
933 337
315 115
115 34
154 172
172 572
428 764
764 489
350 485
485 8
913 953
953 86
403 280
280 34
512 575
575 807
286 42
42 794
180 434
434 489
82 787
787 887
632 682
682 915
798 844
844 572
668 134
134 794
673 266
266 337
145 290
290 337
512 526
526 276
222 436
436 276
968 882
882 807
74 337
71 794
179 807
60 8
155 572
829 276
364 86
907 506
172 34
645 915
207 565
466 489
958 1951 883
60 659
655 606
861 956
241 81
392 598
421 642
868 454
641 9
311 818
614 809
719 691
381 288
179 44
865 685
213 447
281 624
430 234
591 506
567 14
768 792
469 252
74 749
189 670
73 473
874 205
171 454
705 918
144 484
904 866
451 331
636 212
210 628
921 274
5 140
364 658
223 680
608 681
448 820
258 433
947 9
897 105
42 605
637 423
706 347
622 717
617 157
645 661
535 357
445 625
674 177
525 65
58 602
609 938
339 26
179 844
844 863
42 439
439 813
281 759
759 873
339 373
373 696
535 506
506 782
213 62
62 161
430 755
755 245
430 805
805 782
768 665
665 245
311 24
24 245
60 770
770 629
281 872
872 428
241 925
925 863
241 465
465 863
674 838
838 161
74 934
934 356
608 118
118 570
381 917
917 130
451 859
859 686
421 765
765 570
719 54
54 686
430 532
532 161
5 369
369 428
364 803
803 890
364 761
761 428
42 460
460 356
861 18
18 161
223 631
631 633
179 326
326 782
608 849
849 886
768 700
700 782
241 877
877 928
655 232
232 500
861 177
177 890
622 545
545 500
617 470
470 356
74 235
235 230
636 294
294 130
58 909
909 928
430 264
264 928
567 752
752 428
768 8
8 570
719 330
330 633
213 99
99 886
609 580
580 696
614 70
70 245
258 93
93 863
947 40
40 696
60 519
519 629
645 109
109 873
706 611
611 378
861 729
729 890
591 447
447 873
210 833
833 378
897 224
224 686
868 48
48 130
213 604
604 161
311 152
152 629
609 670
670 686
73 420
420 230
674 836
836 633
469 415
415 686
897 466
466 245
339 572
572 886
535 34
34 161
525 616
616 356
897 573
573 633
144 198
198 869
719 723
723 782
58 193
193 161
213 955
955 230
535 257
257 356
719 27
27 130
58 175
175 245
865 802
802 890
567 135
135 378
609 741
741 500
58 164
164 686
339 895
895 230
281 288
288 378
189 77
77 869
535 526
526 230
614 160
160 813
430 732
732 570
258 153
153 161
591 25
25 928
637 46
46 782
865 935
935 869
381 271
271 428
719 80
80 863
874 181
181 245
223 113
113 928
339 837
837 686
60 667
667 928
364 851
851 813
241 446
446 230
535 388
388 696
58 574
574 378
179 57
57 928
861 474
474 863
144 566
566 869
42 728
728 130
73 548
548 696
213 98
98 686
392 549
549 356
448 207
207 500
144 32
32 863
591 425
425 633
865 12
12 696
281 801
801 633
706 883
883 873
189 827
827 782
719 581
581 161
921 798
798 696
311 843
843 696
364 829
829 633
223 951
951 696
525 134
134 161
641 185
185 428
861 582
582 873
655 816
816 428
719 239
239 890
645 143
143 863
258 228
228 890
469 771
771 686
58 329
329 928
73 36
36 378
591 95
95 696
445 244
244 873
904 654
654 378
451 280
280 428
865 758
758 130
719 804
804 378
451 610
610 928
622 467
467 686
189 41
41 500
213 61
61 500
58 927
927 428
445 563
563 873
144 209
209 863
445 683
683 230
591 666
666 928
469 384
384 869
421 900
900 813
189 398
398 633
179 192
192 230
392 408
408 428
381 90
90 890
311 267
267 686
364 891
891 356
861 191
191 873
42 269
269 863
392 809
809 629
223 612
612 928
241 898
898 161
904 163
163 869
144 747
747 813
74 848
848 629
617 100
100 130
705 190
190 629
364 489
489 813
567 556
556 863
861 557
557 428
445 626
626 500
897 589
589 873
874 396
396 686
641 243
243 886
645 320
320 629
42 377
377 696
311 884
884 869
897 361
361 928
421 464
464 782
645 546
546 886
210 360
360 378
144 114
114 869
171 355
355 873
381 170
170 869
637 442
442 633
768 287
287 633
339 653
653 782
622 363
363 500
609 386
386 686
641 929
929 500
535 497
497 696
213 562
562 500
241 590
590 130
74 743
743 686
392 773
773 886
445 701
701 245
719 53
53 130
645 225
225 928
609 387
387 869
719 253
253 686
60 644
644 782
874 854
854 230
706 862
862 161
622 730
730 696
645 263
263 886
641 136
136 161
535 494
494 782
874 954
954 890
768 789
789 500
381 901
901 130
430 354
354 629
865 501
501 696
567 295
295 696
861 949
949 428
445 91
91 863
5 403
403 686
706 878
878 886
241 13
13 686
448 194
194 686
144 766
766 696
609 23
23 813
451 931
931 161
144 507
507 782
144 550
550 378
622 218
218 928
392 33
33 130
947 350
350 356
655 56
56 686
719 119
119 378
74 764
764 356
421 584
584 869
637 699
699 428
451 39
39 890
904 936
936 130
5 391
391 245
897 234
234 245
637 401
401 633
258 905
905 928
897 551
551 928
535 418
418 629
381 6
6 869
60 216
216 161
768 318
318 428
645 375
375 886
706 226
226 813
448 410
410 782
392 138
138 500
189 251
251 633
617 279
279 873
73 757
757 633
241 753
753 813
179 380
380 782
339 780
780 570
525 104
104 813
210 906
906 863
364 7
7 629
705 606
606 686
768 490
490 570
641 129
129 686
364 438
438 130
525 402
402 890
921 690
690 890
617 744
744 230
921 26
26 890
525 450
450 428
609 362
362 863
58 850
850 873
705 941
941 378
609 800
800 890
448 831
831 245
311 352
352 629
768 359
359 696
258 214
214 886
645 440
440 161
58 88
88 886
213 712
712 130
535 9
9 890
469 78
78 686
5 600
600 378
705 277
277 686
381 649
649 230
608 11
11 245
60 725
725 782
60 124
124 863
645 806
806 782
392 340
340 130
210 379
379 633
421 84
84 886
73 511
511 928
74 319
319 570
58 338
338 782
5 681
681 633
223 678
678 890
42 552
552 428
42 117
117 633
706 924
924 890
189 268
268 863
947 183
183 633
339 2
2 161
706 688
688 686
535 671
671 863
874 911
911 686
865 956
956 356
171 290
290 633
144 259
259 633
258 575
575 886
719 322
322 863
381 148
148 161
567 413
413 782
865 233
233 356
60 515
515 886
865 623
623 873
641 307
307 161
645 842
842 890
421 627
627 130
904 404
404 928
591 714
714 873
213 679
679 161
213 399
399 869
445 349
349 928
430 618
618 869
42 596
596 230
281 564
564 886
144 453
453 230
339 383
383 869
861 411
411 686
591 536
536 696
421 368
368 873
223 660
660 782
73 952
952 863
921 817
817 633
171 211
211 813
617 50
50 130
719 101
101 428
768 845
845 245
42 742
742 428
179 820
820 633
179 120
120 633
868 826
826 245
622 486
486 161
5 346
346 813
469 772
772 428
525 483
483 570
768 867
867 869
641 184
184 570
874 309
309 782
241 3
3 570
645 930
930 782
58 407
407 813
874 409
409 813
223 157
157 629
868 260
260 570
567 202
202 428
904 44
44 873
655 186
186 629
445 807
807 500
430 920
920 696
451 390
390 230
189 908
908 886
897 799
799 686
339 923
923 378
645 939
939 356
904 502
502 886
241 948
948 130
339 310
310 500
535 205
205 245
241 847
847 696
60 173
173 886
144 824
824 686
947 266
266 782
637 159
159 130
258 651
651 378
339 353
353 130
5 395
395 869
637 672
672 378
567 676
676 161
179 397
397 500
5 724
724 161
469 456
456 873
591 374
374 869
636 821
821 782
60 284
284 378
674 475
475 928
897 788
788 633
921 763
763 886
622 317
317 230
73 481
481 928
897 302
302 428
58 531
531 686
241 238
238 813
364 832
832 570
74 305
305 686
706 203
203 869
617 97
97 161
171 496
496 863
622 405
405 782
213 64
64 161
381 96
96 813
655 746
746 869
179 776
776 863
645 599
599 428
861 166
166 570
281 30
30 890
171 127
127 629
179 92
92 130
73 625
625 245
421 943
943 161
655 726
726 863
609 692
692 686
617 888
888 813
364 240
240 696
60 499
499 696
535 946
946 570
421 663
663 500
622 435
435 782
865 553
553 378
897 707
707 890
641 840
840 873
868 227
227 863
311 254
254 378
947 389
389 161
179 47
47 161
213 94
94 863
448 4
4 130
921 907
907 696
609 71
71 428
535 167
167 928
339 19
19 873
339 834
834 130
705 306
306 629
213 835
835 428
144 529
529 245
614 787
787 356
567 933
933 928
614 510
510 863
637 767
767 686
281 196
196 245
258 656
656 161
865 376
376 813
258 727
727 428
381 292
292 500
904 864
864 869
614 565
565 869
213 473
473 570
42 433
433 378
364 797
797 813
311 123
123 428
311 314
314 633
421 358
358 873
641 876
876 633
655 270
270 500
617 172
172 633
921 559
559 696
904 938
938 873
705 505
505 869
897 313
313 633
874 204
204 869
448 400
400 782
421 416
416 873
706 321
321 869
73 382
382 629
223 657
657 161
897 459
459 696
705 853
853 813
258 229
229 928
636 541
541 696
430 569
569 633
874 105
105 629
641 262
262 245
609 29
29 813
591 530
530 813
58 702
702 782
719 151
151 873
60 427
427 633
144 613
613 873
897 880
880 686
535 875
875 696
179 38
38 633
189 537
537 696
706 478
478 890
609 367
367 629
339 720
720 686
609 762
762 378
5 201
201 629
897 278
278 686
768 154
154 230
73 662
662 161
258 540
540 500
339 89
89 928
535 87
87 500
897 539
539 873
451 568
568 782
921 738
738 378
636 893
893 161
637 601
601 696
706 443
443 686
622 82
82 869
179 577
577 130
719 509
509 886
179 504
504 873
381 83
83 873
567 586
586 869
73 751
751 428
535 325
325 696
60 10
10 230
364 926
926 928
223 769
769 570
674 423
423 886
179 916
916 161
451 1
1 696
469 370
370 886
637 915
915 890
645 669
669 813
674 703
703 886
213 684
684 863
364 902
902 890
241 522
522 886
364 737
737 782
617 708
708 890
451 334
334 161
210 814
814 696
921 855
855 873
60 246
246 873
706 512
512 696
636 304
304 686
719 795
795 686
281 585
585 130
904 857
857 428
451 578
578 686
947 222
222 863
171 518
518 863
339 488
488 873
947 419
419 863
865 219
219 629
311 542
542 378
861 711
711 873
364 818
818 356
636 422
422 633
645 870
870 130
258 912
912 570
636 132
132 813
73 781
781 928
705 155
155 428
451 866
866 130
58 691
691 130
241 583
583 886
469 942
942 696
60 710
710 245
42 520
520 570
74 630
630 570
73 796
796 500
868 333
333 378
609 750
750 782
339 265
265 245
636 301
301 570
311 472
472 500
179 28
28 863
339 704
704 230
861 958
958 378
617 300
300 500
897 463
463 696
617 178
178 869
617 493
493 500
719 68
68 130
448 412
412 782
645 791
791 863
445 879
879 428
171 697
697 161
874 282
282 873
705 21
21 570
58 950
950 782
74 477
477 686
636 454
454 873
339 291
291 161
364 594
594 863
655 341
341 869
768 698
698 633
74 59
59 356
445 554
554 869
448 208
208 570
525 162
162 813
73 716
716 863
339 689
689 356
641 919
919 890
525 121
121 696
655 125
125 813
645 111
111 130
74 889
889 928
868 247
247 782
535 115
115 378
768 828
828 873
865 20
20 782
622 673
673 570
179 146
146 782
5 643
643 873
706 182
182 356
874 22
22 886
636 250
250 161
868 328
328 428
430 215
215 863
213 237
237 629
609 810
810 928
430 168
168 245
448 597
597 928
364 638
638 356
861 437
437 378
445 286
286 500
591 452
452 813
868 297
297 245
614 839
839 886
622 137
137 161
706 45
45 570
339 140
140 890
719 555
555 696
525 165
165 782
637 513
513 782
614 815
815 378
144 436
436 873
706 67
67 928
448 528
528 629
525 283
283 633
921 503
503 813
60 108
108 633
868 242
242 696
641 937
937 245
281 740
740 245
535 860
860 378
421 639
639 633
874 561
561 696
311 188
188 500
768 86
86 500
535 116
116 633
430 308
308 782
364 693
693 570
637 786
786 500
674 830
830 686
5 324
324 928
645 646
646 230
921 487
487 245
947 296
296 890
947 558
558 696
241 289
289 869
189 495
495 890
617 538
538 230
5 619
619 570
674 158
158 686
861 516
516 928
921 249
249 428
617 414
414 230
430 792
792 130
674 72
72 378
609 748
748 928
144 922
922 230
874 544
544 873
617 534
534 356
921 953
953 890
189 52
52 873
719 206
206 428
705 17
17 378
258 285
285 629
189 43
43 782
58 195
195 813
614 432
432 161
189 37
37 886
339 102
102 161
5 910
910 686
535 35
35 686
705 332
332 356
210 783
783 130
58 293
293 629
223 303
303 813
921 220
220 869
281 713
713 500
614 482
482 890
339 106
106 633
241 957
957 356
609 255
255 813
213 749
749 428
311 327
327 161
617 517
517 813
874 217
217 886
74 896
896 428
469 485
485 869
614 756
756 686
258 16
16 356
445 110
110 873
58 819
819 873
608 775
775 890
189 385
385 886
591 455
455 428
73 694
694 130
567 272
272 696
868 252
252 886
5 592
592 813
364 480
480 356
223 147
147 928
445 675
675 130
189 856
856 500
719 944
944 890
868 139
139 428
904 940
940 230
451 256
256 863
535 231
231 428
897 523
523 686
311 793
793 570
768 628
628 633
5 754
754 570
768 811
811 686
281 426
426 230
904 547
547 873
719 444
444 570
469 434
434 230
861 406
406 570
655 366
366 863
645 932
932 570
281 128
128 696
861 632
632 230
339 521
521 928
445 441
441 378
364 718
718 928
868 588
588 863
897 372
372 245
947 543
543 428
525 107
107 378
445 337
337 928
42 677
677 813
641 75
75 886
622 461
461 928
445 394
394 686
614 650
650 813
223 777
777 130
144 65
65 863
430 913
913 869
171 624
624 500
5 275
275 890
189 357
357 928
189 784
784 869
241 457
457 686
430 335
335 356
608 682
682 230
861 323
323 245
947 774
774 378
451 635
635 928
189 31
31 890
469 733
733 378
74 779
779 890
451 593
593 890
641 221
221 863
179 424
424 356
241 527
527 928
609 336
336 378
210 680
680 356
144 417
417 633
73 731
731 633
674 721
721 813
258 200
200 245
58 176
176 928
241 122
122 873
339 149
149 863
213 479
479 130
567 576
576 928
614 533
533 500
74 273
273 886
874 825
825 782
144 668
668 813
210 620
620 130
535 615
615 629
58 722
722 356
281 126
126 863
430 142
142 629
430 571
571 130
144 899
899 813
74 605
605 686
636 76
76 813
617 79
79 686
637 145
145 873
861 51
51 161
179 484
484 500
947 348
348 886
865 918
918 686
60 174
174 130
469 841
841 782
622 347
347 356
73 344
344 869
210 141
141 500
448 298
298 863
868 331
331 869
241 621
621 928
874 607
607 378
861 312
312 245
567 808
808 378
947 685
685 356
445 846
846 500
469 887
887 633
535 81
81 230
608 812
812 696
904 603
603 869
74 468
468 696
609 180
180 863
189 491
491 378
947 187
187 869
339 715
715 161
144 345
345 633
144 15
15 356
645 112
112 161
705 299
299 782
311 595
595 633
609 14
14 230
636 66
66 633
74 914
914 245
258 871
871 230
430 476
476 428
381 687
687 633
637 471
471 130
868 261
261 890
73 735
735 886
42 197
197 130
525 642
642 886
74 785
785 813
5 351
351 629
705 648
648 130
947 429
429 570
921 894
894 378
171 131
131 428
223 709
709 428
223 736
736 928
591 640
640 863
364 69
69 782
421 508
508 130
637 739
739 686
73 885
885 500
591 790
790 245
719 903
903 813
258 514
514 633
535 156
156 570
768 598
598 686
469 659
659 633
567 881
881 873
189 560
560 356
591 945
945 686
614 55
55 863
874 248
248 161
430 462
462 890
655 150
150 863
641 852
852 886
241 794
794 633
469 342
342 633
865 587
587 161
213 169
169 130
381 212
212 869
60 658
658 863
179 892
892 928
947 664
664 378
60 236
236 633
381 365
365 928
874 49
49 161
58 579
579 863
897 276
276 629
868 695
695 356
608 449
449 633
448 734
734 428
189 524
524 629
904 652
652 500
381 63
63 500
448 85
85 629
179 822
822 378
144 492
492 378
567 458
458 782
179 858
858 428
868 745
745 570
609 371
371 130
281 647
647 428
469 661
661 869
223 315
315 500
897 316
316 863
674 778
778 428
42 431
431 863
144 717
717 928
904 343
343 378
364 634
634 130
617 274
274 629
641 602
602 356
868 103
103 428
311 882
882 629
525 133
133 686
874 823
823 686
525 393
393 696
904 199
199 863
210 498
498 696
622 760
760 863
453 245
303 629
427 873
359 230
507 813
460 696
791 570
830 130
715 428
184 890
517 928
526 782
707 356
821 633
84 863
556 869
496 500
285 378
291 886
652 161
259 686
472 182
630 331
40 111
707 579
862 96
847 154
53 957
234 870
88 115
641 773
354 300
7 928
842 312
132 594
671 937
625 10
908 568
639 176
691 603
920 672
804 172
953 650
18 36
705 302
163 547
442 638
207 513
805 707
310 543
106 142
904 924
36 83
160 158
223 188
951 205
80 558
257 886
888 523
200 248
560 886
691 620
577 910
71 212
186 779
831 524
363 731
260 735
402 808
338 155
486 270
762 43
831 409
671 564
795 716
4 518
198 764
804 72
253 214
80 348
895 406
541 76
780 621
679 656
677 736
839 180
617 240
32 119
917 188
557 96
674 667
571 484
200 735
887 928
194 310
931 348
440 565
937 633
532 548
474 606
153 458
346 822
539 903
603 813
521 774
402 502
54 892
46 143
91 246
361 39
601 208
421 598
154 316
160 113
45 126
148 358
747 678
424 629
539 698
837 792
386 534
678 366
807 832
288 412
955 245
373 581
726 150
425 298
373 88
253 708
151 140
927 1911 801
82 40
504 692
356 771
590 662
71 68
297 761
669 475
50 643
540 655
794 190
279 306
492 522
745 907
752 456
369 650
672 7
184 348
780 122
829 350
597 496
163 244
228 760
651 375
523 324
115 853
38 265
926 229
54 692
404 832
376 400
200 913
857 309
509 125
410 913
99 420
637 729
778 763
481 476
240 341
312 605
308 274
821 831
717 159
566 257
625 714
710 188
332 835
336 219
463 20
345 154
238 161
530 14
736 770
285 236
186 365
390 635
550 755
520 488
791 435
814 538
195 306
98 571
684 372
17 160
610 547
720 700
927 21
299 191
110 508
334 309
838 604
47 659
783 452
737 14
410 459
459 5
200 724
724 656
778 775
775 859
481 387
387 142
38 136
136 428
390 235
235 850
186 856
856 731
332 800
800 367
520 521
521 366
184 243
243 5
184 551
551 5
345 689
689 142
299 264
264 880
523 144
144 286
509 511
511 23
312 448
448 85
82 227
227 840
794 13
13 5
82 37
37 209
829 271
271 656
376 156
156 5
492 350
350 447
71 358
358 575
752 618
618 359
669 733
733 225
710 4
4 278
684 341
341 428
791 716
716 85
492 847
847 367
47 465
465 389
814 342
342 168
597 786
786 23
669 552
552 656
857 475
475 112
308 541
541 286
348 359
200 171
171 389
509 753
753 5
590 383
383 181
195 532
532 203
186 169
169 249
285 596
596 575
376 166
166 366
509 789
789 898
345 772
772 575
783 602
602 286
38 101
101 483
279 743
743 776
492 604
604 900
778 619
619 366
736 916
916 225
115 528
528 428
195 95
95 62
651 869
869 447
857 61
61 686
717 709
709 731
520 806
806 686
791 796
796 880
17 718
718 766
463 882
882 203
163 571
571 85
163 875
875 413
829 472
472 62
710 674
674 359
312 534
534 114
240 704
704 495
651 256
256 181
778 461
461 840
672 199
199 731
780 293
293 581
672 598
598 168
540 56
56 581
590 1
1 126
821 802
802 909
369 903
903 181
780 431
431 537
390 554
554 880
610 58
58 766
492 205
205 278
71 529
529 151
540 48
48 531
336 296
296 859
780 319
319 686
780 849
849 74
838 615
615 701
838 594
594 177
523 609
609 278
566 372
372 181
17 650
650 114
299 750
750 209
297 26
26 900
791 535
535 62
752 655
655 151
238 488
488 168
651 242
242 209
492 491
491 249
481 693
693 225
717 553
553 225
672 818
818 114
504 146
146 272
82 7
7 686
720 762
762 731
927 765
765 203
857 621
621 447
17 636
636 749
404 846
846 203
821 6
6 151
334 253
253 495
186 187
187 74
794 268
268 900
717 837
837 286
200 719
719 656
390 137
137 5
710 417
417 656
720 122
122 428
279 626
626 62
184 473
473 840
82 135
135 483
279 740
740 766
279 911
911 23
794 213
213 909
50 661
661 209
99 28
28 225
684 587
587 531
200 559
559 413
523 493
493 840
566 322
322 249
745 330
330 249
332 185
185 898
814 573
573 23
238 878
878 85
821 486
486 74
610 357
357 29
356 339
339 909
481 432
432 29
334 768
768 249
710 194
194 209
463 267
267 29
710 430
430 225
610 799
799 126
610 666
666 572
829 89
89 209
54 304
304 909
672 2
2 29
509 49
49 5
926 398
398 766
720 314
314 776
720 809
809 531
410 436
436 181
285 725
725 898
752 384
384 428
186 477
477 181
390 343
343 366
736 388
388 181
523 382
382 909
717 817
817 114
590 467
467 359
492 102
102 495
297 891
891 776
509 311
311 495
228 912
912 155
927 236
236 413
791 797
797 203
334 183
183 62
47 234
234 278
637 67
67 359
838 580
580 859
926 694
694 850
530 121
121 225
82 629
629 428
110 897
897 225
550 131
131 766
38 140
140 776
308 230
230 249
376 111
111 537
356 705
705 776
717 879
879 537
238 889
889 85
783 381
381 572
530 422
422 859
336 601
601 575
597 663
663 581
736 824
824 272
345 773
773 29
376 439
439 909
240 173
173 74
523 831
831 572
279 822
822 151
285 501
501 5
240 202
202 126
597 658
658 731
195 340
340 286
38 513
513 428
200 241
241 5
115 344
344 896
184 25
25 225
651 22
22 168
184 143
143 85
336 692
692 686
597 682
682 203
481 474
474 840
857 318
318 114
200 815
815 483
404 165
165 900
238 438
438 177
195 644
644 74
838 139
139 413
492 872
872 896
717 396
396 840
390 864
864 203
540 44
44 495
47 415
415 531
200 435
435 85
597 88
88 177
463 510
510 896
345 443
443 766
410 702
702 62
520 145
145 537
38 706
706 278
336 281
281 85
279 774
774 572
566 244
244 840
838 313
313 731
669 405
405 249
312 870
870 497
926 34
34 181
504 808
808 114
186 69
69 766
184 715
715 749
927 556
556 367
110 368
368 29
410 659
659 497
163 118
118 203
791 460
460 537
857 589
589 286
492 630
630 29
794 871
871 428
345 207
207 155
17 851
851 749
356 266
266 581
523 374
374 880
717 713
713 74
312 401
401 701
814 457
457 731
736 68
68 896
540 407
407 896
651 120
120 575
369 696
696 85
752 595
595 898
745 735
735 74
334 744
744 151
717 517
517 278
590 79
79 359
50 557
557 686
299 676
676 23
523 303
303 581
540 211
211 898
200 687
687 531
240 901
901 731
312 703
703 880
54 178
178 896
550 3
3 112
530 834
834 656
783 569
569 896
637 105
105 749
720 779
779 366
610 798
798 272
279 826
826 896
110 84
84 5
672 754
754 209
520 352
352 909
50 671
671 177
780 751
751 366
312 237
237 181
927 564
564 389
200 527
527 177
285 261
261 249
356 712
712 531
404 46
46 23
279 274
274 168
240 215
215 209
720 10
10 74
504 498
498 898
794 738
738 181
590 833
833 126
625 739
739 62
778 162
162 880
54 395
395 898
520 524
524 428
717 691
691 74
297 726
726 23
752 908
908 428
390 337
337 537
163 728
728 766
184 444
444 23
99 924
924 537
50 346
346 366
99 148
148 62
550 129
129 483
110 920
920 537
492 157
157 731
752 757
757 766
200 777
777 5
369 620
620 181
530 104
104 859
404 867
867 428
345 36
36 209
651 469
469 366
637 159
159 29
279 391
391 776
737 362
362 896
184 30
30 203
780 239
239 483
791 172
172 359
710 324
324 278
82 499
499 497
780 841
841 142
523 741
741 114
279 161
161 749
814 217
217 766
71 591
591 880
200 218
218 278
404 729
729 74
312 836
836 272
82 646
646 656
509 108
108 249
312 9
9 495
463 220
220 286
376 160
160 701
492 282
282 428
186 490
490 531
47 191
191 249
927 640
640 900
110 73
73 23
463 788
788 168
745 406
406 225
509 881
881 151
669 392
392 537
410 643
643 896
228 697
697 900
736 420
420 209
669 508
508 701
71 449
449 168
410 600
600 497
566 785
785 366
717 505
505 428
838 634
634 114
336 378
378 367
540 445
445 23
98 612
612 575
336 424
424 537
791 648
648 581
838 894
894 126
238 141
141 114
17 522
522 531
783 683
683 126
672 462
462 731
752 812
812 367
926 418
418 840
509 599
599 749
115 289
289 537
195 668
668 126
669 454
454 272
17 216
216 278
163 393
393 413
312 134
134 367
550 421
421 731
492 476
476 428
38 426
426 177
299 402
402 447
550 922
922 531
838 316
316 126
50 365
365 686
684 86
86 896
504 57
57 447
684 353
353 531
780 825
825 575
297 182
182 749
345 201
201 898
332 905
905 389
791 892
892 389
829 803
803 114
50 329
329 168
610 816
816 29
82 862
862 909
38 917
917 896
184 103
103 776
240 722
722 909
195 132
132 909
637 823
823 880
481 855
855 850
672 845
845 537
98 827
827 766
857 873
873 497
99 94
94 909
481 526
526 840
228 592
592 74
509 309
309 203
240 588
588 497
651 468
468 686
509 567
567 483
17 72
72 209
200 133
133 155
540 403
403 859
672 755
755 85
195 730
730 278
926 547
547 29
737 301
301 114
312 804
804 278
684 611
611 112
410 639
639 731
200 51
51 249
651 197
197 537
38 453
453 155
356 179
179 581
332 327
327 5
186 852
852 495
597 623
623 272
550 32
32 731
540 835
835 209
50 565
565 656
186 734
734 572
369 52
52 155
550 355
355 840
200 614
614 896
829 433
433 572
669 904
904 900
308 412
412 62
481 442
442 483
285 154
154 225
927 35
35 181
17 617
617 909
163 707
707 701
625 790
790 572
550 87
87 656
336 106
106 850
669 512
512 686
299 83
83 850
610 331
331 531
492 487
487 74
82 452
452 749
308 204
204 766
308 756
756 880
238 784
784 575
345 63
63 731
279 425
425 225
530 761
761 272
38 858
858 151
780 902
902 701
410 544
544 572
410 690
690 749
637 259
259 656
780 627
627 155
312 482
482 366
814 117
117 840
376 548
548 389
110 519
519 497
279 489
489 155
736 555
555 483
857 714
714 151
228 660
660 5
710 306
306 168
240 763
763 62
530 792
792 366
308 16
16 749
17 124
124 896
651 662
662 572
540 149
149 389
463 222
222 367
312 906
906 701
312 363
363 766
184 545
545 850
710 568
568 366
566 174
174 366
332 360
360 249
47 90
90 428
390 193
193 731
821 843
843 181
184 494
494 495
47 561
561 656
838 252
252 85
778 59
59 278
637 371
371 367
312 781
781 85
530 546
546 896
814 678
678 85
308 76
76 731
720 419
419 389
390 582
582 575
390 543
543 776
717 427
427 840
240 24
24 859
717 409
409 203
99 246
246 701
369 907
907 5
625 500
500 389
509 645
645 900
50 291
291 749
240 97
97 389
720 866
866 776
47 810
810 686
523 373
373 367
752 577
577 74
672 198
198 581
308 437
437 151
625 542
542 749
737 53
53 62
285 479
479 23
530 549
549 900
672 20
20 483
791 458
458 114
720 632
632 272
504 605
605 366
404 42
42 701
838 760
760 497
17 679
679 896
926 747
747 114
838 914
914 142
17 226
226 900
821 853
853 840
838 502
502 389
590 451
451 850
780 665
665 203
38 21
21 776
50 525
525 766
481 884
884 142
669 910
910 209
115 338
338 428
240 732
732 428
312 394
394 575
186 883
883 112
390 811
811 85
829 31
31 272
590 81
81 126
279 15
15 898
597 558
558 909
625 206
206 686
82 333
333 413
780 269
269 142
821 675
675 29
821 603
603 272
481 219
219 74
783 533
533 249
184 416
416 225
814 899
899 29
550 305
305 112
163 19
19 85
312 886
886 898
410 287
287 249
390 263
263 581
336 893
893 62
312 302
302 898
163 229
229 155
736 801
801 272
312 411
411 656
780 189
189 209
285 190
190 203
829 888
888 62
410 455
455 29
481 43
43 850
285 41
41 74
780 480
480 389
637 518
518 840
794 361
361 776
783 918
918 359
82 642
642 85
115 516
516 447
791 116
116 581
336 379
379 168
345 75
75 177
814 414
414 581
369 265
265 896
279 721
721 686
857 370
370 572
238 275
275 181
390 255
255 168
336 742
742 898
163 283
283 701
376 593
593 896
195 606
606 656
110 727
727 62
308 583
583 155
238 212
212 859
71 109
109 850
54 680
680 766
530 233
233 428
783 276
276 62
492 769
769 537
669 130
130 880
332 441
441 151
509 456
456 359
737 919
919 575
184 507
507 62
17 805
805 278
200 245
245 686
390 584
584 898
404 770
770 366
312 767
767 177
390 257
257 225
780 214
214 497
369 258
258 278
814 579
579 686
597 127
127 686
334 40
40 286
71 820
820 181
838 300
300 900
186 746
746 367
651 164
164 581
530 196
196 495
492 539
539 898
345 321
321 840
195 832
832 531
752 466
466 112
336 638
638 74
926 153
153 909
778 64
64 62
669 538
538 74
783 128
128 142
504 326
326 181
297 484
484 898
509 254
254 859
530 328
328 142
530 685
685 776
285 759
759 483
332 55
55 447
927 700
700 483
332 60
60 495
404 758
758 909
238 70
70 766
838 399
399 572
927 380
380 225
110 828
828 367
717 386
386 155
814 819
819 225
297 515
515 142
927 496
496 497
38 607
607 413
332 80
80 177
926 876
876 29
98 93
93 249
200 677
677 447
82 77
77 909
550 192
192 495
404 223
223 142
38 652
652 151
369 624
624 900
410 231
231 272
504 470
470 731
857 664
664 766
672 860
860 909
492 39
39 142
463 307
307 766
50 364
364 359
669 807
807 142
195 310
310 483
238 654
654 686
228 647
647 413
312 277
277 168
336 708
708 850
780 723
723 23
404 839
839 900
717 649
649 531
814 915
915 114
82 471
471 572
637 315
315 880
115 670
670 859
523 576
576 701
791 695
695 572
47 563
563 413
297 863
863 112
390 251
251 572
669 180
180 359
410 250
250 168
566 91
91 177
504 574
574 114
736 464
464 840
195 100
100 126
838 586
586 366
285 868
868 896
376 585
585 286
50 608
608 447
794 748
748 5
717 854
854 447
17 628
628 896
745 8
8 656
927 771
771 686
530 560
560 497
530 397
397 447
637 830
830 859
115 210
210 114
200 848
848 126
590 787
787 581
814 613
613 497
737 375
375 483
50 657
657 155
926 793
793 447
115 323
323 850
279 33
33 359
794 92
92 880
780 844
844 23
312 354
354 286
99 667
667 575
356 764
764 272
299 158
158 575
783 681
681 114
54 208
208 112
481 699
699 151
82 434
434 859
38 450
450 731
684 485
485 151
530 290
290 126
610 317
317 656
672 688
688 114
745 440
440 537
47 288
288 272
334 562
562 367
71 232
232 572
390 262
262 249
783 711
711 181
54 280
280 168
50 641
641 537
530 653
653 29
838 119
119 112
610 320
320 776
838 221
221 428
637 921
921 776
410 150
150 126
752 861
861 896
752 294
294 497
390 273
273 900
71 514
514 749
38 925
925 74
737 503
503 686
625 188
188 900
720 890
890 495
710 325
325 126
745 478
478 181
200 224
224 29
752 842
842 900
829 698
698 859
98 782
782 278
523 295
295 900
200 175
175 896
492 147
147 686
737 12
12 181
369 170
170 225
720 349
349 575
38 123
123 85
356 96
96 731
279 107
107 151
791 270
270 909
523 865
865 909
684 506
506 225
238 673
673 181
240 385
385 203
50 248
248 413
47 347
347 278
410 284
284 359
404 813
813 575
184 125
125 203
504 65
65 286
404 913
913 5
195 423
423 278
390 429
429 181
184 923
923 389
780 298
298 776
186 578
578 225
308 885
885 5
610 113
113 286
163 446
446 898
200 887
887 898
332 14
14 413
410 622
622 909
390 570
570 859
794 167
167 447
625 66
66 168
821 631
631 776
540 351
351 112
814 18
18 776
82 247
247 896
780 633
633 177
520 874
874 909
50 795
795 225
308 895
895 168
334 176
176 531
530 377
377 29
509 138
138 74
98 616
616 181
82 45
45 74
737 11
11 74
54 292
292 840
838 408
408 413
98 152
152 840
504 877
877 880
17 27
27 168
684 335
335 177
637 78
78 898
356 260
260 359
334 635
635 776
509 536
536 497
38 400
400 62
400 909
715 74
919 142
15 701
694 447
221 155
136 656
387 286
732 23
254 686
388 272
194 776
116 850
194 151
793 766
320 497
77 428
771 898
809 278
716 181
244 177
165 581
87 168
816 126
132 495
491 359
558 840
107 366
688 225
866 5
391 896
482 575
641 749
426 367
667 537
655 112
647 209
117 483
490 85
257 29
632 731
501 389
309 249
479 900
795 62
149 531
496 572
470 880
914 114
890 859
852 203
253 467
561 65
802 570
693 427
171 588
643 14
602 70
565 677
502 5
145 915
687 265
108 923
166 845
449 425
718 352
257 366
791 385
346 302
587 413
195 726
145 206
387 261
282 468
660 549
724 458
476 174
809 892
431 562
737 295
620 841
425 854
735 648
883 471
341 113
16 142
717 259
244 310
171 698
16 913
344 850
681 701
772 288
246 586
339 86
54 427
108 160
312 846
243 122
266 681
19 377
432 464
649 495
655 109
20 656
809 627
40 223
795 408
187 539
267 223
894 204
104 35
87 537
426 632
184 626
814 173
439 614
847 645
706 860
269 152
322 55
756 761
666 803
235 660
392 43
191 614
416 153
775 291
108 97
96 155
13 863
212 876
186 53
358 919
415 306
383 825
693 426
817 460
433 219
34 444
227 53
382 399
121 885
326 471
791 22
388 419
705 536
736 416
104 572
552 395
386 364
698 62
636 69
309 588
820 670
84 413
580 538
721 657
171 444
460 810
595 32
34 393
115 392
122 850
783 324
458 408
708 766
702 392
243 19
760 747
608 485
879 816
58 863
336 245
308 496
763 53
602 9
702 313
308 146
76 801
93 913
379 440
117 801
501 392
590 818
901 805
814 738
157 859
200 268
55 531
772 59
304 726
297 635
42 455
725 699
542 333
910 328
46 793
847 455
716 898
404 355
259 624
771 177
710 402
139 429
95 889
722 807
445 416
215 300
523 214
322 34
432 302
892 909
160 365
304 487
191 547
344 873
756 147
683 732
240 88
610 12
362 142
186 273
720 231
503 366
473 74
584 844
519 657
237 149
313 751
821 264
619 121
227 576
526 577
381 100
338 896
955 1898 948
851 238
181 14
234 873
918 305
112 783
112 3
3 497
851 898
898 401
234 88
88 497
918 674
674 497
918 447
447 497
234 868
868 497
112 835
835 497
112 894
894 401
181 547
547 401
112 228
228 497
112 715
715 497
181 533
533 401
181 586
586 497
112 769
769 401
918 427
427 497
234 587
587 497
234 561
561 401
112 562
562 497
112 350
350 497
181 836
836 401
851 236
236 401
181 208
208 497
234 58
58 401
112 907
907 497
234 345
345 401
181 639
639 497
851 468
468 497
181 262
262 497
181 394
394 401
918 102
102 497
112 430
430 497
112 676
676 401
851 929
929 497
112 936
936 497
234 217
217 401
112 118
118 497
918 615
615 497
181 291
291 401
234 806
806 401
112 131
131 497
112 611
611 401
112 895
895 401
918 595
595 497
851 383
383 401
851 316
316 401
918 440
440 497
112 794
794 497
181 86
86 401
918 103
103 497
181 672
672 401
918 104
104 401
181 64
64 401
234 225
225 401
112 543
543 497
234 798
798 497
181 400
400 497
851 242
242 401
918 909
909 497
851 253
253 401
112 455
455 401
234 1
1 497
234 850
850 401
234 653
653 497
112 87
87 401
234 813
813 401
181 552
552 497
918 780
780 401
181 353
353 401
918 396
396 401
112 842
842 401
181 20
20 401
234 229
229 401
112 932
932 401
234 475
475 401
181 644
644 401
918 227
227 401
234 84
84 497
918 570
570 401
851 144
144 497
181 28
28 401
851 922
922 401
851 265
265 497
918 381
381 401
918 602
602 497
851 571
571 401
234 263
263 497
851 801
801 401
181 169
169 497
181 436
436 497
918 921
921 497
918 950
950 401
851 300
300 401
112 99
99 401
918 940
940 497
918 150
150 401
181 700
700 401
851 332
332 401
851 716
716 497
112 55
55 401
181 24
24 401
181 905
905 401
234 213
213 401
112 251
251 401
112 256
256 497
181 108
108 401
918 819
819 497
112 581
581 497
181 85
85 497
918 398
398 497
918 550
550 401
112 8
8 401
181 891
891 401
112 354
354 401
918 334
334 497
918 142
142 401
918 422
422 497
918 826
826 497
851 830
830 497
918 948
948 497
918 651
651 401
112 645
645 401
181 237
237 401
851 896
896 401
181 781
781 497
112 412
412 401
234 223
223 401
181 340
340 497
181 120
120 497
234 79
79 497
851 855
855 401
181 62
62 401
181 600
600 401
181 257
257 497
851 301
301 497
851 331
331 401
112 914
914 401
918 73
73 497
181 15
15 401
234 13
13 497
851 397
397 497
181 30
30 497
181 934
934 497
181 179
179 497
181 908
908 401
112 122
122 497
181 598
598 497
112 377
377 401
234 483
483 497
181 635
635 401
181 509
509 401
112 4
4 401
851 720
720 401
112 442
442 497
181 296
296 497
181 218
218 401
918 941
941 497
851 368
368 401
234 675
675 401
181 294
294 497
918 163
163 401
234 824
824 401
234 33
33 401
234 352
352 401
234 641
641 401
234 315
315 497
918 820
820 497
305 401
918 736
736 401
918 809
809 497
181 56
56 497
112 786
786 401
851 955
955 497
112 205
205 497
234 304
304 497
918 854
854 401
112 339
339 401
234 925
925 401
181 620
620 497
181 408
408 401
234 67
67 401
181 728
728 401
181 890
890 401
851 250
250 497
112 822
822 497
918 684
684 497
851 426
426 401
181 431
431 497
112 170
170 497
851 608
608 497
918 788
788 401
918 872
872 497
918 526
526 401
918 858
858 497
918 865
865 401
918 336
336 401
851 888
888 497
112 438
438 401
181 650
650 401
181 373
373 401
234 772
772 497
918 551
551 401
181 359
359 497
112 209
209 401
234 441
441 497
112 592
592 497
234 606
606 401
181 578
578 497
918 76
76 401
918 134
134 401
181 446
446 401
234 938
938 497
234 335
335 401
181 389
389 497
112 596
596 497
851 845
845 497
234 654
654 497
181 282
282 497
181 657
657 497
851 480
480 497
918 5
5 401
181 708
708 497
918 199
199 401
851 816
816 497
918 619
619 497
181 451
451 497
181 183
183 401
918 172
172 497
234 322
322 401
181 564
564 497
918 145
145 497
918 128
128 497
181 274
274 497
112 233
233 401
181 753
753 497
234 25
25 401
112 531
531 497
112 363
363 497
918 445
445 497
851 138
138 497
851 624
624 401
181 638
638 401
234 303
303 497
918 939
939 401
851 920
920 401
918 72
72 497
918 747
747 401
234 124
124 401
851 162
162 497
234 623
623 497
234 945
945 401
234 349
349 401
234 174
174 497
112 515
515 497
851 694
694 497
181 487
487 401
181 38
38 401
234 243
243 497
234 416
416 401
181 796
796 401
918 714
714 401
918 226
226 401
918 718
718 497
112 628
628 401
181 536
536 401
181 931
931 497
851 906
906 497
234 493
493 401
851 612
612 497
851 338
338 401
851 864
864 401
234 664
664 497
112 839
839 401
918 696
696 497
918 660
660 401
112 733
733 401
918 729
729 497
112 321
321 401
918 630
630 401
112 273
273 497
234 617
617 497
234 605
605 497
918 35
35 401
851 97
97 497
851 511
511 401
181 393
393 401
918 203
203 497
851 464
464 401
234 269
269 401
851 889
889 497
112 66
66 497
234 95
95 497
234 805
805 497
918 328
328 401
918 490
490 497
181 943
943 497
234 947
947 401
918 784
784 497
181 443
443 497
851 127
127 497
234 631
631 497
918 621
621 497
181 348
348 401
851 746
746 401
851 48
48 497
851 240
240 401
181 111
111 497
112 585
585 401
918 919
919 401
181 952
952 497
181 435
435 497
234 555
555 401
234 590
590 401
112 184
184 401
234 346
346 497
234 856
856 497
918 556
556 497
851 775
775 497
918 341
341 401
234 275
275 401
234 609
609 401
112 698
698 497
112 709
709 497
181 843
843 401
181 192
192 497
918 797
797 497
181 949
949 401
918 317
317 497
234 45
45 401
112 196
196 497
181 900
900 401
181 727
727 497
181 529
529 497
234 68
68 497
112 484
484 401
234 462
462 497
234 219
219 497
234 198
198 401
181 523
523 401
181 424
424 497
851 319
319 497
112 326
326 401
851 665
665 497
234 887
887 497
851 937
937 401
851 853
853 497
851 591
591 497
851 94
94 401
851 539
539 401
234 953
953 401
918 414
414 401
112 395
395 497
851 649
649 497
234 838
838 497
851 402
402 401
918 287
287 401
181 221
221 497
112 166
166 497
181 277
277 497
918 176
176 497
851 679
679 497
181 699
699 497
112 589
589 401
234 194
194 401
851 366
366 401
181 107
107 401
112 465
465 401
851 683
683 401
181 119
119 497
181 689
689 401
181 180
180 401
851 379
379 497
112 190
190 497
851 39
39 497
851 392
392 497
851 852
852 497
918 625
625 401
234 116
116 401
234 711
711 497
918 384
384 401
918 739
739 497
851 11
11 401
181 668
668 497
112 504
504 497
112 582
582 497
181 306
306 497
112 323
323 497
851 2
2 497
234 572
572 401
112 201
201 497
112 915
915 497
851 478
478 401
181 325
325 401
112 807
807 401
918 390
390 497
181 344
344 401
112 513
513 401
918 601
601 497
234 369
369 401
918 688
688 497
112 409
409 401
234 522
522 401
112 261
261 497
918 200
200 401
851 399
399 497
181 101
101 497
181 461
461 497
918 717
717 497
918 136
136 497
234 789
789 401
112 584
584 497
918 681
681 401
851 143
143 497
234 643
643 497
112 457
457 497
851 12
12 401
112 92
92 401
234 881
881 497
234 186
186 401
851 740
740 401
112 486
486 401
112 680
680 401
851 146
146 497
918 137
137 401
918 821
821 497
851 812
812 401
234 756
756 497
918 496
496 401
851 71
71 497
234 706
706 401
112 823
823 497
112 83
83 401
234 51
51 401
181 534
534 497
234 565
565 401
918 697
697 497
851 924
924 497
112 501
501 497
181 776
776 401
181 773
773 401
234 380
380 497
181 232
232 401
234 942
942 401
112 795
795 401
851 799
799 497
181 272
272 497
112 89
89 401
234 230
230 401
112 96
96 497
918 661
661 401
851 423
423 497
112 355
355 401
112 247
247 497
851 583
583 401
234 433
433 401
918 878
878 497
918 279
279 497
851 49
49 497
112 189
189 401
234 177
177 401
181 762
762 497
851 165
165 401
181 610
610 497
918 927
927 401
851 378
378 401
181 337
337 401
234 724
724 497
112 542
542 497
851 704
704 401
112 831
831 497
234 514
514 401
181 246
246 401
918 206
206 497
918 860
860 401
112 857
857 497
234 500
500 401
918 844
844 401
112 23
23 497
181 387
387 497
918 212
212 401
112 818
818 401
234 667
667 497
851 421
421 401
234 768
768 497
181 802
802 497
234 57
57 401
112 16
16 401
181 489
489 497
234 160
160 401
918 450
450 497
851 510
510 401
181 518
518 401
234 171
171 401
918 879
879 401
112 875
875 401
181 757
757 401
851 744
744 497
181 885
885 497
234 135
135 401
181 297
297 401
918 283
283 401
181 787
787 401
181 923
923 497
918 750
750 497
851 893
893 401
234 671
671 497
234 43
43 497
181 540
540 401
112 473
473 401
112 766
766 401
851 725
725 497
112 333
333 401
238 401
112 499
499 497
234 902
902 401
181 114
114 497
234 382
382 497
851 154
154 401
112 834
834 401
234 703
703 401
918 314
314 497
181 187
187 497
112 847
847 497
234 286
286 497
234 376
376 401
112 372
372 497
851 185
185 401
234 374
374 401
851 884
884 497
112 10
10 497
112 34
34 401
112 307
307 497
112 91
91 497
181 636
636 497
112 224
224 497
181 302
302 401
234 403
403 497
112 912
912 401
851 90
90 401
112 105
105 497
181 164
164 497
181 833
833 497
234 351
351 497
918 732
732 401
851 904
904 497
918 375
375 497
851 869
869 401
918 861
861 497
181 800
800 497
181 701
701 497
851 61
61 401
234 817
817 497
181 862
862 401
851 632
632 497
112 687
687 497
234 70
70 401
851 828
828 497
112 662
662 497
112 32
32 497
851 453
453 497
112 52
52 497
918 371
371 401
851 155
155 401
112 474
474 497
851 125
125 497
181 492
492 401
181 470
470 497
851 309
309 401
181 59
59 401
918 911
911 497
234 897
897 497
112 327
327 401
234 342
342 401
112 758
758 401
851 75
75 401
851 310
310 401
234 849
849 401
234 132
132 497
181 343
343 497
918 360
360 401
851 324
324 497
234 115
115 401
851 167
167 497
918 880
880 497
918 439
439 497
181 686
686 497
234 627
627 497
234 467
467 401
851 449
449 497
234 917
917 401
234 666
666 497
112 810
810 497
181 258
258 401
112 191
191 401
851 722
722 401
234 367
367 401
181 648
648 497
918 785
785 497
112 404
404 497
234 593
593 497
851 642
642 497
851 193
193 497
234 712
712 401
234 761
761 497
234 197
197 401
851 254
254 497
918 614
614 401
234 311
311 401
234 479
479 497
851 290
290 497
918 429
429 497
918 659
659 401
234 420
420 497
181 731
731 401
112 117
117 401
112 476
476 401
112 815
815 497
851 471
471 401
851 175
175 497
234 783
783 497
112 123
123 497
851 434
434 497
234 347
347 497
112 782
782 401
234 448
448 401
181 546
546 401
112 814
814 401
181 358
358 497
918 222
222 497
851 866
866 401
851 647
647 497
112 313
313 401
234 557
557 401
918 517
517 497
851 365
365 401
112 871
871 497
918 469
469 401
112 417
417 401
234 216
216 497
234 78
78 401
181 710
710 401
112 873
873 497
851 734
734 497
851 284
284 401
234 276
276 497
181 173
173 401
918 356
356 401
181 579
579 497
918 892
892 401
181 210
210 401
918 512
512 401
234 691
691 401
181 98
98 401
234 121
121 401
851 751
751 497
112 754
754 401
851 559
559 401
181 690
690 497
851 840
840 497
918 616
616 401
234 677
677 497
851 320
320 497
851 266
266 497
234 82
82 497
112 599
599 497
112 6
6 497
918 525
525 401
112 418
418 497
918 951
951 497
112 771
771 401
181 248
248 401
112 532
532 401
181 682
682 497
112 318
318 401
918 22
22 401
851 69
69 401
234 74
74 497
181 502
502 401
112 207
207 497
851 19
19 401
918 867
867 401
112 825
825 401
181 634
634 497
918 713
713 401
851 281
281 401
112 841
841 497
181 151
151 497
918 519
519 497
918 7
7 401
234 50
50 401
112 459
459 497
918 113
113 401
918 637
637 497
112 109
109 401
112 466
466 401
851 156
156 401
918 569
569 401
234 588
588 401
234 528
528 497
181 926
926 401
918 508
508 497
851 755
755 401
112 730
730 497
918 330
330 497
112 202
202 401
181 527
527 401
14 497
851 407
407 497
112 832
832 497
181 495
495 401
112 93
93 401
234 670
670 497
181 428
428 401
234 535
535 497
181 520
520 401
234 391
391 497
234 521
521 497
112 385
385 497
851 270
270 497
181 456
456 401
112 883
883 497
112 410
410 497
112 289
289 401
918 778
778 497
918 663
663 401
112 153
153 497
234 763
763 497
918 541
541 497
918 182
182 401
851 255
255 497
851 413
413 497
112 916
916 497
112 178
178 497
851 299
299 401
851 308
308 497
181 695
695 497
918 792
792 497
234 241
241 497
234 211
211 401
234 298
298 401
181 42
42 401
918 21
21 401
112 37
37 401
851 406
406 401
918 765
765 497
918 568
568 497
851 292
292 401
851 271
271 497
181 544
544 497
851 507
507 401
234 705
705 401
181 793
793 401
918 231
231 401
181 60
60 401
918 252
252 401
181 760
760 401
851 910
910 401
112 808
808 401
234 80
80 401
234 652
652 497
181 702
702 497
918 31
31 401
851 576
576 497
112 946
946 497
918 141
141 497
918 827
827 401
234 737
737 497
181 312
312 401
851 524
524 497
234 47
47 497
851 770
770 497
112 149
149 497
234 580
580 497
112 370
370 401
851 463
463 497
918 386
386 401
181 538
538 401
181 259
259 497
918 811
811 401
112 9
9 497
851 899
899 401
851 129
129 497
918 574
574 497
234 41
41 497
112 280
280 497
918 597
597 497
181 18
18 401
851 106
106 401
918 361
361 497
112 268
268 497
234 419
419 401
181 411
411 401
234 140
140 401
181 954
954 401
918 148
148 401
112 293
293 401
851 460
460 497
851 204
204 401
851 454
454 401
851 161
161 497
234 749
749 497
234 157
157 497
234 54
54 401
112 46
46 497
112 488
488 497
181 235
235 497
112 553
553 497
234 214
214 401
112 913
913 497
234 613
613 497
234 726
726 401
112 752
752 401
112 437
437 497
112 669
669 497
851 573
573 401
181 168
168 497
234 482
482 497
851 357
357 497
851 405
405 497
918 618
618 497
234 626
626 401
181 491
491 497
181 944
944 401
112 100
100 401
181 859
859 497
112 759
759 497
234 577
577 401
234 846
846 497
181 139
139 401
918 126
126 497
181 719
719 497
918 566
566 401
181 278
278 497
851 877
877 497
234 707
707 497
918 803
803 497
918 362
362 401
851 882
882 401
851 288
288 497
851 604
604 497
851 452
452 497
851 530
530 497
918 239
239 497
112 933
933 401
112 244
244 497
851 516
516 401
112 63
63 497
918 158
158 401
851 837
837 497
181 425
425 497
851 692
692 401
234 388
388 401
851 27
27 497
181 646
646 497
851 260
260 401
918 26
26 497
181 901
901 497
851 575
575 497
918 738
738 497
918 903
903 497
234 65
65 497
181 640
640 401
181 876
876 497
112 870
870 401
851 485
485 497
181 607
607 497
234 658
658 401
234 152
152 497
112 549
549 497
918 159
159 497
851 558
558 497
181 444
444 497
234 633
633 497
234 364
364 497
112 545
545 401
181 481
481 401
851 656
656 497
851 767
767 497
918 40
40 401
112 295
295 497
112 44
44 401
918 133
133 497
112 685
685 497
234 264
264 401
918 743
743 401
851 721
721 497
112 603
603 497
918 432
432 497
918 548
548 401
112 215
215 497
234 505
505 401
181 693
693 401
112 779
779 497
851 928
928 497
112 53
53 401
234 748
748 401
234 735
735 497
918 741
741 497
234 622
622 401
112 791
791 497
851 245
245 401
234 477
477 401
234 329
329 497
851 594
594 497
851 130
130 401
181 935
935 401
181 29
29 497
918 930
930 401
181 503
503 497
851 567
567 401
181 629
629 401
851 848
848 497
918 764
764 497
918 723
723 497
918 472
472 401
851 458
458 497
851 506
506 401
112 777
777 497
181 36
36 401
234 415
415 401
234 678
678 497
181 17
17 497
112 874
874 497
918 285
285 401
234 249
249 401
918 494
494 497
851 77
77 401
181 863
863 497
181 537
537 401
851 655
655 497
112 886
886 497
234 81
81 497
851 220
220 401
112 498
498 401
112 188
188 401
918 790
790 401
112 673
673 401
851 745
745 401
234 563
563 401
181 829
829 401
112 560
560 497
851 267
267 401
918 774
774 497
851 742
742 497
181 147
147 401
181 804
804 497
181 554
554 497
918 195
195 497
181 110
110 497
