5
950 1880 776
607 168
346 454
742 200
622 379
26 230
330 98
704 255
674 618
577 536
2 706
779 241
237 904
688 529
156 431
817 529
804 94
570 446
697 294
928 120
584 303
35 446
119 84
227 463
540 279
587 786
753 806
611 733
603 303
778 359
535 442
71 171
718 532
205 898
384 37
752 277
283 403
636 211
73 325
625 223
341 814
929 871
900 541
683 881
468 594
405 656
305 273
44 518
624 734
274 836
519 471
371 158
282 265
122 172
645 28
623 36
144 190
146 442
104 637
298 110
175 754
614 647
877 125
534 471
553 47
453 58
936 800
551 223
357 573
549 576
19 783
526 667
477 80
832 311
112 757
408 435
300 610
847 352
194 154
785 745
668 889
192 74
56 882
802 243
12 107
823 820
838 247
749 881
496 626
404 887
199 708
409 41
780 775
805 766
61 193
575 879
832 650
650 542
749 47
47 377
900 279
279 155
199 839
839 725
575 364
364 531
56 395
395 353
749 912
912 773
749 433
433 389
119 560
560 204
119 879
879 531
330 195
195 254
929 682
682 923
603 613
613 591
838 512
512 591
749 630
630 155
752 772
772 482
156 41
41 693
838 840
840 164
122 891
891 30
718 52
52 666
384 750
750 48
603 182
182 513
752 62
62 196
603 507
507 467
227 54
54 685
614 489
489 759
570 672
672 320
19 74
74 301
778 310
310 137
625 390
390 366
877 597
597 773
199 758
758 782
551 253
253 16
847 255
255 392
668 160
160 320
688 233
233 923
341 841
841 773
119 735
735 810
697 796
796 196
607 628
628 798
785 126
126 685
718 656
656 204
12 444
444 215
575 612
612 478
805 437
437 542
112 261
261 377
283 230
230 467
688 844
844 943
526 914
914 399
404 70
70 542
587 220
220 162
752 946
946 30
575 103
103 196
19 431
431 301
192 940
940 478
156 25
25 798
346 456
456 591
749 728
728 648
519 141
141 32
192 24
24 835
205 317
317 162
622 246
246 438
929 369
369 389
625 209
209 439
611 934
934 943
305 679
679 215
61 487
487 943
298 107
107 137
104 268
268 773
623 904
904 196
44 88
88 531
804 848
848 363
570 850
850 798
341 485
485 16
753 216
216 380
805 100
100 45
298 896
896 16
192 510
510 810
227 799
799 353
19 717
717 439
804 857
857 810
645 938
938 467
683 503
503 616
283 536
536 482
577 480
480 377
19 845
845 531
534 681
681 164
575 861
861 45
199 523
523 438
56 870
870 467
119 401
401 616
802 550
550 692
330 321
321 60
553 469
469 438
2 781
781 687
330 518
518 764
804 885
885 139
929 595
595 30
779 689
689 378
112 217
217 30
625 33
33 302
780 606
606 137
330 783
783 564
112 200
200 685
847 263
263 242
227 499
499 564
175 90
90 790
346 460
460 221
624 219
219 368
346 22
22 773
346 249
249 692
817 874
874 290
19 882
882 467
838 110
110 392
549 85
85 155
614 843
843 378
584 700
700 467
2 58
58 736
802 212
212 221
551 50
50 725
823 658
658 299
526 633
633 782
752 646
646 48
778 183
183 531
156 163
163 542
468 566
566 664
535 484
484 943
371 626
626 687
330 744
744 827
112 470
470 827
19 465
465 815
61 715
715 666
749 586
586 48
192 6
6 923
623 706
706 648
534 264
264 380
570 910
910 297
408 927
927 363
779 98
98 161
742 222
222 815
704 136
136 787
742 356
356 161
122 179
179 505
453 79
79 363
192 273
273 45
575 533
533 389
823 339
339 685
688 739
739 412
298 585
585 564
753 803
803 48
300 272
272 353
928 342
342 221
104 114
114 773
73 828
828 687
549 278
278 894
192 111
111 591
468 637
637 467
199 747
747 601
405 385
385 215
577 334
334 764
877 247
247 399
199 151
151 616
534 727
727 254
832 511
511 301
405 14
14 164
936 621
621 740
645 5
5 693
104 652
652 542
122 149
149 782
587 767
767 894
688 649
649 591
194 821
821 378
346 474
474 16
341 311
311 591
645 568
568 601
122 229
229 32
877 275
275 196
404 8
8 687
357 865
865 835
534 627
627 542
577 924
924 490
900 532
532 943
298 324
324 835
298 425
425 759
607 225
225 353
575 547
547 648
26 935
935 505
199 618
618 204
146 809
809 48
832 239
239 204
742 307
307 320
192 445
445 48
192 558
558 680
929 17
17 368
847 133
133 513
804 109
109 467
298 169
169 377
570 455
455 490
357 84
84 759
144 352
352 301
26 822
822 815
357 251
251 196
156 769
769 438
778 427
427 923
624 544
544 399
104 948
948 827
122 381
381 482
409 102
102 368
175 426
426 196
371 884
884 505
346 721
721 438
274 132
132 798
408 457
457 162
704 145
145 513
19 516
516 687
156 236
236 254
2 829
829 835
742 869
869 392
409 546
546 827
26 907
907 505
156 289
289 687
44 407
407 389
104 901
901 377
749 608
608 482
838 184
184 16
683 868
868 505
752 328
328 302
624 335
335 155
477 9
9 513
832 422
422 297
624 120
120 513
26 712
712 918
496 420
420 375
330 105
105 438
817 571
571 666
697 430
430 815
607 365
365 16
877 373
373 513
742 148
148 693
112 678
678 204
305 677
677 143
697 125
125 353
477 873
873 392
623 322
322 810
577 250
250 513
341 852
852 505
156 29
29 30
668 665
665 666
534 37
37 161
540 108
108 680
26 851
851 45
61 21
21 601
122 729
729 242
805 694
694 368
404 20
20 16
71 349
349 798
71 75
75 161
622 235
235 740
298 198
198 32
104 97
97 664
227 337
337 918
282 906
906 143
519 724
724 188
928 905
905 399
832 481
481 366
749 947
947 399
19 13
13 161
674 640
640 918
175 629
629 161
625 157
157 353
19 541
541 798
19 295
295 918
300 117
117 301
104 443
443 320
357 705
705 601
357 786
786 320
61 432
432 467
408 620
620 297
534 82
82 155
570 154
154 363
785 42
42 692
144 248
248 143
112 619
619 764
146 403
403 810
496 555
555 161
645 131
131 301
636 713
713 714
534 671
671 790
477 210
210 542
519 288
288 740
144 824
824 377
753 92
92 301
73 801
801 162
575 554
554 366
823 178
178 254
119 659
659 380
534 776
776 368
752 243
243 692
346 471
471 666
346 812
812 30
119 475
475 254
929 860
860 297
192 916
916 399
298 784
784 591
636 476
476 368
832 424
424 773
718 527
527 439
330 415
415 242
526 206
206 353
785 800
800 32
645 892
892 482
877 826
826 60
823 741
741 162
535 39
39 45
778 67
67 32
805 497
497 918
330 580
580 685
384 106
106 693
718 641
641 399
832 76
76 196
778 926
926 740
453 872
872 399
526 269
269 798
404 207
207 378
603 383
383 143
2 842
842 378
73 524
524 687
477 398
398 773
832 903
903 196
341 856
856 380
477 563
563 438
587 53
53 48
26 23
23 773
587 166
166 740
607 667
667 301
607 134
134 827
192 387
387 680
668 598
598 827
688 345
345 505
144 313
313 467
73 260
260 505
468 181
181 894
300 632
632 162
205 479
479 482
73 315
315 366
780 886
886 664
122 733
733 162
122 118
118 254
780 451
451 490
156 462
462 894
35 159
159 215
408 696
696 918
779 226
226 787
587 314
314 299
282 883
883 542
35 38
38 740
61 168
168 204
929 150
150 616
477 878
878 30
577 495
495 439
804 68
68 782
237 925
925 301
535 336
336 648
697 528
528 320
749 502
502 773
749 347
347 204
636 393
393 685
192 920
920 392
305 808
808 375
71 830
830 798
73 710
710 366
144 756
756 782
346 881
881 299
624 87
87 680
534 358
358 363
122 214
214 155
929 543
543 531
625 921
921 815
611 115
115 692
549 442
442 591
341 11
11 188
587 931
931 363
607 101
101 221
282 794
794 918
636 660
660 482
44 880
880 918
534 158
158 687
122 413
413 353
752 596
596 439
645 441
441 773
26 945
945 531
175 256
256 531
551 791
791 320
237 789
789 399
346 203
203 438
2 895
895 505
71 617
617 666
817 501
501 798
409 738
738 782
587 730
730 943
2 565
565 693
603 309
309 297
300 344
344 827
526 326
326 221
622 421
421 467
227 855
855 790
205 211
211 564
577 224
224 664
607 864
864 664
674 55
55 531
12 702
702 648
749 57
57 666
35 291
291 412
832 419
419 377
357 530
530 139
817 180
180 790
122 64
64 242
26 128
128 392
900 684
684 380
535 410
410 685
674 93
93 399
847 91
91 798
282 604
604 439
540 763
763 45
718 755
755 773
584 89
89 290
674 592
592 302
227 142
142 45
19 238
238 923
468 374
374 923
817 722
722 368
205 116
116 773
146 522
522 943
19 492
492 810
688 213
213 290
645 661
661 490
519 588
588 16
847 939
939 664
804 508
508 790
749 113
113 301
405 573
573 378
623 933
933 155
779 737
737 680
61 308
308 693
704 944
944 531
298 768
768 601
624 51
51 60
61 837
837 664
603 515
515 601
534 583
583 60
877 576
576 835
577 890
890 297
26 265
265 155
785 761
761 693
519 922
922 242
817 80
80 648
2 448
448 392
282 333
333 32
802 849
849 139
804 286
286 320
785 716
716 513
408 296
296 221
570 338
338 564
584 792
792 320
305 919
919 378
535 888
888 215
577 244
244 301
936 459
459 482
341 708
708 736
623 284
284 616
104 69
69 692
780 669
669 798
73 34
34 740
817 1
1 297
570 854
854 196
683 748
748 48
341 165
165 399
749 734
734 299
175 579
579 137
778 814
814 353
194 86
86 591
749 466
466 648
838 473
473 143
384 234
234 363
194 187
187 412
2 651
651 591
577 463
463 714
838 574
574 564
404 774
774 299
274 36
36 693
611 40
40 301
282 304
304 648
519 472
472 591
2 266
266 375
838 590
590 366
405 723
723 725
519 318
318 787
526 78
78 467
584 732
732 787
156 875
875 810
119 743
743 302
622 190
190 542
607 370
370 155
752 937
937 648
928 751
751 943
526 259
259 162
688 316
316 810
12 771
771 616
804 351
351 666
156 332
332 368
688 745
745 601
144 889
889 648
35 498
498 438
35 818
818 161
704 360
360 204
823 10
10 616
404 428
428 438
570 917
917 389
357 123
123 389
802 59
59 155
330 329
329 380
283 707
707 254
496 529
529 161
384 726
726 782
553 446
446 616
900 147
147 790
587 331
331 221
477 355
355 764
112 49
49 505
199 578
578 943
346 562
562 505
570 362
362 601
603 435
435 827
346 893
893 392
453 600
600 923
549 388
388 363
778 361
361 943
838 902
902 923
156 807
807 693
199 343
343 764
61 572
572 810
534 359
359 320
780 545
545 714
817 557
557 299
683 327
327 366
71 520
520 164
496 552
552 591
192 770
770 759
570 569
569 513
194 434
434 894
535 509
509 773
144 271
271 478
237 223
223 320
804 429
429 467
753 757
757 48
384 831
831 787
697 699
699 392
119 514
514 368
832 760
760 392
645 262
262 918
346 185
185 375
357 605
605 188
526 863
863 366
753 488
488 30
778 506
506 188
838 449
449 693
674 96
96 835
274 793
793 923
804 691
691 254
749 876
876 137
282 350
350 320
19 228
228 790
540 599
599 894
688 631
631 918
577 94
94 648
283 152
152 320
341 833
833 221
468 746
746 759
779 602
602 377
603 201
201 161
551 153
153 389
900 932
932 353
540 382
382 60
535 731
731 782
780 379
379 591
237 643
643 467
156 593
593 290
199 711
711 380
603 559
559 188
408 252
252 161
26 176
176 353
346 240
240 531
929 18
18 375
636 3
3 45
570 521
521 490
570 486
486 714
607 287
287 242
928 500
500 32
753 458
458 591
753 270
270 894
409 589
589 773
409 325
325 48
35 354
354 215
282 232
232 366
477 394
394 759
405 949
949 692
346 644
644 725
749 483
483 835
227 186
186 215
346 406
406 188
553 417
417 943
274 670
670 60
19 135
135 490
697 504
504 164
753 257
257 923
175 797
797 389
575 397
397 782
614 396
396 302
357 391
391 438
753 414
414 490
804 762
762 591
847 491
491 399
838 411
411 687
409 267
267 616
584 63
63 648
551 493
493 366
749 653
653 155
540 77
77 412
804 367
367 320
409 811
811 302
408 241
241 467
519 615
615 764
749 436
436 412
519 539
539 490
753 517
517 478
551 461
461 666
575 174
174 810
35 4
4 815
227 450
450 363
802 197
197 297
936 775
775 375
357 319
319 221
409 306
306 378
73 31
31 215
453 127
127 764
584 911
911 215
805 170
170 320
823 81
81 664
192 806
806 616
282 46
46 759
122 245
245 505
205 43
43 542
780 942
942 773
928 171
171 16
603 719
719 680
779 950
950 759
540 66
66 759
570 913
913 798
779 189
189 438
625 690
690 162
477 340
340 773
534 858
858 798
575 65
65 254
122 277
277 505
584 930
930 835
805 642
642 320
122 610
610 490
12 124
124 297
804 561
561 467
526 191
191 943
668 582
582 798
453 7
7 161
199 138
138 531
753 172
172 782
624 231
231 601
877 464
464 894
817 130
130 16
752 440
440 773
570 820
820 242
44 202
202 648
122 908
908 798
56 167
167 242
718 709
709 299
144 846
846 798
838 859
859 16
553 594
594 664
283 663
663 591
540 258
258 648
900 537
537 139
753 400
400 736
194 293
293 215
877 28
28 835
688 609
609 215
535 765
765 438
237 686
686 363
408 538
538 377
283 494
494 918
112 813
813 30
408 638
638 531
144 720
720 45
282 581
581 740
371 867
867 616
298 218
218 188
804 915
915 666
112 452
452 30
73 871
871 155
847 701
701 736
575 698
698 215
405 899
899 162
534 281
281 438
26 129
129 196
779 447
447 196
477 280
280 564
551 788
788 714
697 866
866 648
607 816
816 399
802 754
754 215
61 819
819 139
623 898
898 810
112 662
662 155
56 834
834 798
535 836
836 680
611 635
635 531
804 525
525 773
2 647
647 392
575 416
416 564
832 423
423 505
683 862
862 798
404 657
657 363
742 454
454 835
346 173
173 782
779 634
634 542
199 825
825 714
341 654
654 164
778 27
27 787
778 99
99 666
384 303
303 482
832 15
15 301
122 140
140 531
194 418
418 438
282 372
372 299
205 276
276 692
577 121
121 601
73 292
292 918
584 348
348 221
838 941
941 790
928 208
208 242
496 639
639 714
305 766
766 943
535 323
323 320
802 386
386 439
697 673
673 377
704 853
853 740
453 83
83 204
802 376
376 389
624 795
795 137
156 887
887 815
35 777
777 412
357 695
695 162
535 655
655 810
409 676
676 137
752 703
703 320
683 294
294 827
192 909
909 616
453 548
548 32
587 312
312 412
453 72
72 782
194 556
556 302
838 285
285 139
753 95
95 714
575 193
193 827
603 402
402 648
453 897
897 438
805 567
567 162
468 675
675 301
674 177
177 380
407 531
217 439
554 143
335 353
703 412
565 601
504 648
138 680
8 389
340 438
426 45
273 161
579 302
269 204
125 482
51 693
332 687
461 254
547 616
795 666
33 714
501 725
432 32
562 196
904 736
684 513
571 835
913 467
211 943
544 392
634 301
308 740
105 894
701 542
703 60
376 290
890 363
609 505
506 215
96 773
451 591
185 564
572 375
873 48
270 790
9 759
417 320
249 685
501 399
463 164
147 139
949 299
303 16
232 221
735 764
521 692
491 478
588 918
314 155
579 378
289 798
432 368
225 782
647 188
517 815
865 162
358 242
6 490
440 923
770 827
402 787
757 137
425 377
458 30
581 380
852 810
627 366
557 664
521 297
893 402
27 676
595 531
802 755
465 302
717 368
891 32
746 340
713 152
453 634
479 91
447 655
357 889
217 165
311 359
46 231
823 400
487 258
268 864
346 627
25 930
833 504
933 16
679 400
108 48
307 701
878 370
735 818
279 64
25 251
56 52
879 11
43 72
262 81
120 94
33 79
646 412
94 765
289 270
211 89
865 707
415 224
233 302
512 310
451 787
347 27
310 285
74 803
608 37
676 478
420 286
807 642
517 782
357 220
900 710
772 583
340 542
441 763
883 494
808 505
21 376
883 730
415 170
42 4
108 118
269 788
300 128
282 728
74 658
261 30
128 86
69 517
896 569
144 80
749 191
536 864
641 525
7 202
742 383
596 89
92 338
38 81
248 398
349 893
257 525
456 905
2 744
655 375
136 153
381 792
326 83
381 834
659 819
539 616
113 581
350 542
22 596
119 265
551 544
884 82
248 919
473 28
767 863
92 770
524 177
387 226
351 123
683 103
640 323
927 66
475 96
317 259
199 248
878 81
343 725
73 711
44 650
341 762
865 294
550 826
455 259
225 198
938 729
660 819
269 774
387 881
47 710
471 486
372 894
778 80
632 945
768 411
843 562
19 808
305 598
434 898
282 821
360 394
741 859
719 188
2 103
729 555
922 545
273 482
689 445
250 578
250 643
444 95
910 589
738 43
948 64
939 498
684 66
877 777
927 1875 803
195 308
657 191
823 197
879 251
889 653
795 643
518 624
143 396
43 628
565 196
563 492
669 232
634 578
459 451
674 366
751 110
108 343
730 841
25 643
680 568
894 824
55 663
802 595
891 379
639 833
386 589
707 467
238 240
216 744
271 149
347 256
718 744
132 472
587 637
708 99
423 321
361 798
705 151
1 899
95 65
352 774
221 284
239 883
554 510
486 797
923 776
313 721
504 139
672 843
158 522
420 433
828 462
822 175
286 576
586 501
289 335
521 380
701 903
926 392
621 323
626 138
616 552
583 753
303 693
153 658
353 406
529 691
127 809
515 483
468 62
545 591
89 747
68 572
257 635
710 757
814 544
73 798
10 424
441 613
54 723
828 602
602 414
795 442
442 299
707 769
769 633
423 359
359 122
108 85
85 181
751 141
141 659
814 312
312 799
286 214
214 122
303 538
538 712
486 161
161 414
486 345
345 244
423 479
479 16
468 357
357 520
521 582
582 411
55 397
397 619
894 523
523 268
313 724
724 712
352 398
398 511
828 72
72 520
43 84
84 782
257 186
186 45
879 888
888 852
420 540
540 155
634 88
88 825
257 849
849 825
680 94
94 444
879 434
434 61
926 104
104 411
386 278
278 825
313 723
723 268
621 13
13 852
158 655
655 644
504 438
438 268
55 71
71 659
54 809
809 826
521 642
642 826
515 696
696 712
127 24
24 826
616 525
525 351
891 64
64 799
361 291
291 385
10 358
358 270
89 196
196 56
95 813
813 11
710 715
715 45
153 654
654 411
672 741
741 385
565 747
747 259
621 860
860 917
353 370
370 56
347 671
671 633
238 632
632 414
657 215
215 279
239 462
462 838
504 457
457 659
43 356
356 917
802 847
847 520
822 365
365 411
701 51
51 836
795 179
179 799
73 533
533 644
518 142
142 122
563 599
599 917
828 909
909 268
239 404
404 675
441 3
3 898
565 853
853 275
894 758
758 428
521 651
651 405
718 742
742 619
730 578
578 675
143 670
670 385
353 643
643 414
68 833
833 408
707 265
265 385
195 210
210 248
926 364
364 56
814 42
42 279
420 689
689 511
25 627
627 898
554 722
722 275
751 204
204 924
657 736
736 385
879 590
590 838
459 882
882 11
718 631
631 385
195 570
570 61
708 424
424 299
289 864
864 917
386 261
261 45
529 830
830 782
195 663
663 248
238 691
691 444
353 608
608 45
710 228
228 45
680 295
295 155
289 598
598 155
289 652
652 155
894 144
144 155
89 806
806 270
158 831
831 838
657 618
618 279
221 250
250 405
286 824
824 836
347 589
589 259
672 716
716 520
257 859
859 852
718 572
572 633
707 390
390 917
529 819
819 898
195 887
887 270
68 134
134 511
239 445
445 852
486 169
169 408
521 449
449 917
822 897
897 408
751 510
510 428
587 653
653 351
195 546
546 428
823 189
189 825
708 574
574 11
1 285
285 408
710 443
443 408
707 190
190 675
132 344
344 619
289 288
288 659
361 21
21 633
634 126
126 782
621 310
310 408
674 213
213 16
889 846
846 898
672 176
176 11
271 808
808 428
923 75
75 411
674 355
355 428
468 912
912 248
708 426
426 917
730 791
791 155
55 884
884 268
708 451
451 259
718 93
93 16
621 82
82 299
459 496
496 898
143 492
492 782
718 727
727 411
634 294
294 799
894 764
764 299
669 375
375 270
89 855
855 411
95 381
381 248
657 519
519 480
127 874
874 917
639 881
881 244
823 49
49 852
674 48
48 268
73 530
530 917
132 685
685 898
127 697
697 155
822 437
437 405
672 354
354 782
303 893
893 268
894 119
119 644
828 307
307 836
459 300
300 836
108 235
235 56
583 614
614 633
926 12
12 511
1 417
417 122
889 862
862 511
54 900
900 659
587 720
720 836
468 168
168 917
504 102
102 836
25 821
821 405
730 131
131 898
143 401
401 480
286 682
682 248
132 217
217 270
468 661
661 428
669 904
904 917
423 481
481 45
361 600
600 385
515 532
532 428
68 137
137 480
195 872
872 376
639 309
309 511
586 199
199 275
195 152
152 444
43 767
767 898
441 324
324 917
563 269
269 275
926 576
576 428
672 910
910 619
923 366
366 61
657 336
336 852
926 906
906 782
361 18
18 56
271 146
146 411
705 400
400 385
680 77
77 248
710 329
329 259
361 334
334 45
95 180
180 408
521 124
124 279
459 110
110 45
554 610
610 248
441 487
487 11
795 784
784 619
828 57
57 898
889 623
623 924
822 768
768 520
521 585
585 259
68 490
490 299
795 99
99 619
626 458
458 122
626 187
187 838
563 700
700 799
626 416
416 376
54 412
412 825
25 339
339 268
459 719
719 411
889 845
845 924
353 787
787 244
889 687
687 411
822 328
328 838
89 762
762 155
672 452
452 122
353 735
735 385
73 649
649 155
680 302
302 268
1 766
766 299
923 605
605 11
586 15
15 428
521 383
383 61
420 277
277 244
54 528
528 259
529 820
820 259
751 497
497 275
923 733
733 56
108 440
440 520
669 877
877 11
814 81
81 480
554 150
150 351
468 773
773 299
221 419
419 826
238 755
755 16
521 297
297 408
621 801
801 279
352 406
406 444
286 683
683 836
386 378
378 898
386 870
870 782
710 834
834 351
751 592
592 155
459 139
139 45
221 895
895 444
353 253
253 405
132 781
781 644
879 254
254 244
386 467
467 633
347 267
267 45
616 579
579 259
423 469
469 408
521 920
920 122
132 635
635 852
680 810
810 444
423 498
498 45
158 247
247 836
889 756
756 268
891 415
415 799
894 551
551 836
707 26
26 712
828 35
35 659
587 721
721 279
515 779
779 782
879 613
613 411
529 200
200 299
616 785
785 644
347 508
508 268
616 901
901 122
127 301
301 405
423 885
885 838
518 230
230 181
216 693
693 520
95 311
311 279
616 183
183 351
158 266
266 836
95 206
206 428
710 868
868 61
707 133
133 45
621 883
883 155
879 507
507 155
95 856
856 826
718 446
446 11
54 30
30 45
634 41
41 826
271 516
516 270
705 372
372 122
708 343
343 270
515 594
594 385
707 734
734 917
521 494
494 799
313 107
107 712
680 857
857 61
108 241
241 61
621 748
748 924
158 211
211 45
286 274
274 16
708 482
482 122
639 298
298 633
43 647
647 619
54 559
559 782
352 474
474 244
143 332
332 414
54 148
148 799
701 67
67 511
521 231
231 244
828 662
662 414
89 435
435 155
54 111
111 782
313 393
393 385
216 624
624 181
143 547
547 428
889 120
120 675
238 491
491 244
68 664
664 414
239 60
60 259
554 591
591 155
707 704
704 299
386 387
387 248
423 396
396 61
657 371
371 45
441 317
317 385
195 105
105 270
563 792
792 122
674 918
918 520
814 399
399 16
353 729
729 675
672 470
470 279
441 321
321 825
565 100
100 61
423 558
558 268
420 506
506 480
889 571
571 428
708 873
873 408
1 607
607 619
25 407
407 511
303 282
282 408
879 125
125 712
586 713
713 619
889 22
22 917
257 840
840 838
303 549
549 248
634 427
427 644
68 692
692 480
565 763
763 248
718 340
340 838
639 876
876 279
795 629
629 444
587 609
609 444
674 333
333 122
441 160
160 675
153 803
803 56
701 778
778 244
271 374
374 248
822 561
561 826
710 208
208 782
674 346
346 782
795 567
567 45
708 783
783 411
515 7
7 836
68 798
798 644
926 807
807 56
705 765
765 799
257 349
349 414
708 537
537 838
89 193
193 56
238 74
74 924
707 330
330 248
195 242
242 619
708 234
234 248
468 209
209 244
386 483
483 411
95 866
866 826
634 714
714 351
423 2
2 299
153 287
287 619
626 557
557 898
89 460
460 644
926 667
667 633
216 771
771 259
108 198
198 826
639 646
646 411
634 432
432 411
583 622
622 924
587 369
369 408
879 739
739 270
621 318
318 351
891 543
543 408
423 164
164 644
521 394
394 924
468 172
172 852
216 382
382 11
828 473
473 270
55 867
867 411
420 577
577 644
25 517
517 181
894 907
907 428
563 224
224 408
1 760
760 924
238 308
308 248
889 902
902 428
708 509
509 633
10 219
219 838
634 555
555 644
420 531
531 644
73 485
485 799
707 776
776 852
158 564
564 826
923 135
135 644
504 184
184 852
468 484
484 411
518 170
170 11
545 731
731 61
361 844
844 511
54 331
331 414
420 835
835 351
708 167
167 16
814 921
921 16
441 251
251 279
672 178
178 16
672 174
174 408
822 149
149 376
239 706
706 444
828 112
112 411
271 418
418 825
751 293
293 444
583 817
817 675
823 534
534 852
153 743
743 675
127 92
92 799
504 327
327 122
616 47
47 279
132 145
145 712
634 63
63 838
545 786
786 181
43 454
454 898
626 522
522 414
468 263
263 45
89 115
115 520
515 201
201 61
707 70
70 712
361 560
560 259
657 911
911 408
515 256
256 619
814 695
695 898
626 805
805 45
521 220
220 411
707 96
96 270
89 841
841 799
521 568
568 825
55 789
789 511
814 848
848 836
751 368
368 659
701 596
596 428
313 863
863 351
303 429
429 376
586 880
880 782
43 389
389 408
529 202
202 248
55 159
159 11
55 280
280 408
616 58
58 659
238 17
17 411
132 377
377 268
802 326
326 259
565 33
33 56
545 83
83 712
1 413
413 299
583 175
175 11
707 702
702 838
132 23
23 181
289 360
360 411
143 128
128 836
672 260
260 675
504 162
162 61
420 276
276 248
518 550
550 898
486 750
750 299
303 717
717 825
518 225
225 444
153 878
878 644
565 388
388 405
828 908
908 411
143 40
40 405
621 495
495 244
626 28
28 61
891 36
36 248
271 770
770 826
565 818
818 299
639 27
27 244
705 258
258 852
153 106
106 56
822 761
761 836
814 927
927 411
55 922
922 385
621 157
157 924
195 476
476 414
108 284
284 619
565 684
684 799
1 138
138 838
271 732
732 408
822 384
384 414
802 804
804 268
386 305
305 299
195 9
9 248
923 562
562 511
823 436
436 633
238 636
636 826
521 421
421 270
672 886
886 511
216 603
603 444
515 601
601 782
701 688
688 675
386 39
39 405
669 493
493 712
386 797
797 852
554 640
640 11
710 871
871 11
563 29
29 11
657 403
403 917
289 229
229 411
43 463
463 385
669 461
461 408
420 832
832 122
616 892
892 480
587 869
869 275
565 475
475 924
420 548
548 122
814 611
611 405
1 341
341 122
923 69
69 838
586 226
226 826
68 165
165 659
674 101
101 659
420 367
367 122
616 794
794 782
680 595
595 351
127 52
52 270
894 316
316 414
701 319
319 275
221 775
775 268
730 925
925 644
891 541
541 248
158 690
690 799
221 79
79 299
795 638
638 619
1 903
903 644
441 581
581 376
1 87
87 11
708 677
677 275
271 489
489 248
730 865
865 852
127 290
290 408
420 453
453 799
708 50
50 270
891 645
645 480
891 745
745 799
616 790
790 122
889 218
218 633
545 617
617 444
828 648
648 520
54 854
854 414
802 850
850 633
587 597
597 405
583 130
130 414
386 97
97 644
423 188
188 826
923 306
306 838
891 728
728 520
286 448
448 275
10 194
194 644
521 314
314 45
563 232
232 511
347 811
811 782
347 223
223 16
486 19
19 511
68 566
566 56
55 44
44 428
68 800
800 408
361 542
542 826
108 5
5 511
257 513
513 898
563 173
173 644
89 90
90 279
303 827
827 248
521 379
379 428
657 252
252 782
518 65
65 825
347 668
668 898
708 916
916 61
286 753
753 275
347 777
777 825
583 66
66 825
313 584
584 675
545 738
738 268
616 471
471 376
127 240
240 782
353 422
422 279
529 98
98 825
634 514
514 414
221 246
246 248
73 34
34 45
289 569
569 275
889 46
46 898
132 109
109 633
132 59
59 299
674 380
380 428
153 166
166 411
879 477
477 408
353 325
325 414
708 20
20 268
674 526
526 268
672 76
76 299
730 679
679 480
672 466
466 826
504 915
915 405
239 410
410 480
545 86
86 270
73 337
337 428
89 281
281 16
563 552
552 275
386 348
348 825
55 243
243 376
459 315
315 45
55 478
478 619
518 615
615 444
879 913
913 299
423 919
919 480
441 32
32 712
707 588
588 480
221 114
114 411
386 660
660 444
565 192
192 405
626 816
816 480
621 117
117 16
587 205
205 248
626 80
80 45
347 620
620 270
657 666
666 852
926 744
744 122
459 604
604 782
701 14
14 122
814 456
456 11
621 812
812 712
554 556
556 244
132 156
156 826
751 37
37 56
1 236
236 444
468 606
606 917
889 116
116 520
828 323
323 299
361 842
842 411
583 839
839 244
271 272
272 644
705 699
699 405
802 754
754 675
221 191
191 898
353 628
628 480
347 342
342 619
239 676
676 411
705 227
227 299
221 749
749 244
158 233
233 852
143 62
62 259
468 535
535 644
289 129
129 259
108 177
177 408
353 118
118 799
352 182
182 511
657 431
431 268
583 829
829 838
621 580
580 924
95 686
686 480
889 373
373 299
554 746
746 411
669 553
553 376
730 222
222 270
701 425
425 619
1 455
455 259
313 539
539 244
313 123
123 56
894 914
914 122
563 350
350 408
583 630
630 408
795 843
843 675
257 501
501 61
441 650
650 644
529 262
262 408
923 641
641 428
216 402
402 248
420 409
409 61
545 681
681 444
879 711
711 408
286 304
304 275
143 524
524 414
515 472
472 480
718 450
450 244
894 322
322 712
923 759
759 405
708 796
796 248
420 273
273 16
669 113
113 511
1 757
757 644
468 726
726 799
545 752
752 826
891 694
694 825
441 774
774 56
639 163
163 782
639 8
8 61
143 91
91 270
68 678
678 619
795 703
703 45
672 154
154 414
515 31
31 644
89 292
292 898
257 851
851 782
545 464
464 279
802 512
512 275
127 38
38 122
563 737
737 56
518 575
575 244
441 207
207 782
891 212
212 155
802 78
78 444
289 536
536 122
707 283
283 852
420 392
392 56
257 658
658 279
674 395
395 826
143 171
171 428
587 500
500 520
73 335
335 351
286 896
896 275
894 502
502 898
423 499
499 924
718 53
53 852
891 203
203 411
795 255
255 480
195 612
612 155
680 245
245 244
586 4
4 408
814 197
197 270
634 899
899 122
563 890
890 644
353 837
837 480
221 875
875 619
730 593
593 299
353 625
625 248
710 103
103 244
795 136
136 444
586 6
6 799
518 772
772 408
879 430
430 279
554 439
439 511
889 503
503 405
894 488
488 414
923 673
673 633
518 740
740 414
54 527
527 248
529 465
465 11
705 121
121 155
441 709
709 11
751 793
793 633
554 363
363 712
828 338
338 826
108 296
296 836
158 391
391 11
132 320
320 376
515 858
858 712
674 264
264 799
143 237
237 275
468 147
147 155
108 665
665 826
286 698
698 299
68 447
447 659
554 505
505 61
701 656
656 852
795 788
788 825
54 905
905 244
705 140
140 633
518 249
249 61
926 544
544 414
545 725
725 782
634 815
815 299
621 861
861 279
459 573
573 56
221 151
151 836
891 780
780 838
486 637
637 644
891 362
362 917
504 433
433 405
621 185
185 852
855 11
791 411
30 917
481 826
42 268
219 275
461 712
772 244
683 16
448 299
860 351
649 61
481 898
876 385
168 825
3 511
78 480
768 644
456 675
66 405
345 45
775 56
419 248
531 279
770 836
435 408
809 270
382 782
649 444
184 155
610 852
113 520
904 414
383 376
364 838
145 659
254 924
630 428
71 799
835 619
893 181
783 122
52 259
294 633
905 898
335 527
291 772
10 82
766 267
271 815
219 40
543 907
677 5
84 26
251 620
553 121
24 98
329 594
730 107
730 439
7 667
618 354
857 789
329 316
169 902
314 408
626 540
358 87
847 249
421 223
325 511
49 478
564 38
718 281
653 122
131 117
523 320
847 124
300 16
462 893
342 535
153 714
257 13
394 581
309 815
220 138
485 603
65 283
744 103
221 919
287 836
167 726
345 454
124 115
848 550
692 584
49 924
303 647
74 512
638 350
469 11
132 754
798 645
252 385
823 800
271 585
779 446
669 571
731 804
174 630
366 368
707 28
831 146
509 744
451 62
549 731
35 280
438 124
26 121
364 422
763 322
872 439
457 391
674 438
657 157
735 640
309 569
200 242
101 774
691 520
862 458
587 748
581 511
873 511
817 513
600 167
88 864
234 58
277 612
229 385
615 772
743 702
608 840
704 98
141 684
913 694
145 20
284 44
419 484
70 875
88 56
525 296
27 38
333 193
278 276
709 858
589 805
577 745
789 34
727 198
530 448
608 322
164 880
208 703
302 644
399 548
419 394
583 219
394 237
817 53
570 806
35 439
700 273
802 762
862 125
412 251
808 576
897 918
222 11
872 384
382 433
365 406
263 118
716 184
663 648
702 732
671 243
445 93
463 32
972 1827 854
393 276
578 593
94 378
673 163
358 562
270 725
216 501
675 290
800 607
525 461
784 463
966 281
741 877
692 644
906 449
55 857
470 7
307 754
516 502
155 756
919 425
435 517
861 548
760 239
742 609
65 481
880 290
244 812
667 109
482 45
834 921
141 611
915 828
917 882
370 947
169 210
93 389
733 299
413 798
470 176
176 122
578 822
822 813
742 556
556 388
307 949
949 388
470 959
959 913
65 49
49 510
741 268
268 683
270 298
298 388
94 501
501 292
470 140
140 417
307 677
677 313
578 369
369 408
966 76
76 716
800 464
464 472
141 964
964 507
525 735
735 792
915 594
594 695
169 744
744 124
482 690
690 652
470 190
190 458
733 946
946 903
413 438
438 510
919 750
750 138
919 126
126 518
216 467
467 205
784 86
86 258
675 188
188 801
784 378
378 903
917 128
128 379
742 493
493 350
733 198
198 231
919 603
603 323
760 414
414 138
675 429
429 231
915 951
951 903
216 639
639 950
370 778
778 247
516 793
793 684
155 707
707 459
741 82
82 954
413 483
483 913
358 479
479 202
270 685
685 278
55 522
522 652
141 636
636 559
733 104
104 688
393 575
575 73
470 115
115 143
55 183
183 510
55 664
664 535
482 818
818 535
673 889
889 20
393 165
165 184
244 177
177 471
370 211
211 278
155 57
57 459
470 672
672 853
861 112
112 905
307 88
88 846
784 620
620 139
525 111
111 792
435 970
970 458
155 824
824 6
141 15
15 801
435 481
481 852
482 195
195 612
915 394
394 612
578 14
14 905
393 299
299 530
880 967
967 472
270 192
192 143
525 45
45 138
169 649
649 459
93 116
116 417
834 902
902 472
919 606
606 486
692 879
879 903
917 349
349 400
741 251
251 853
800 474
474 472
919 885
885 408
906 236
236 913
470 312
312 350
216 807
807 379
834 918
918 719
834 901
901 544
915 123
123 138
516 670
670 388
673 89
89 11
370 771
771 801
393 265
265 708
692 960
960 847
482 622
622 34
741 279
279 417
733 884
884 122
55 934
934 411
93 35
35 13
861 468
468 950
370 583
583 846
784 485
485 569
65 250
250 852
741 568
568 292
919 352
352 9
482 62
62 278
93 196
196 801
915 403
403 388
742 944
944 569
94 135
135 753
155 405
405 19
742 110
110 258
307 487
487 514
470 175
175 202
270 786
786 292
141 383
383 544
482 526
526 554
578 365
365 379
578 189
189 792
578 219
219 292
93 120
120 510
675 289
289 847
370 491
491 486
673 860
860 514
800 376
376 471
880 724
724 139
358 810
810 510
692 451
451 73
742 316
316 950
516 729
729 408
966 557
557 379
516 420
420 313
65 182
182 459
784 12
12 853
169 131
131 11
470 710
710 719
966 763
763 684
435 953
953 73
93 227
227 323
358 325
325 719
470 466
466 708
919 83
83 138
65 529
529 124
65 608
608 122
435 96
96 247
733 337
337 489
370 296
296 122
169 90
90 772
675 384
384 852
65 162
162 34
93 339
339 813
915 808
808 652
94 597
597 34
358 765
765 313
307 702
702 950
470 776
776 124
155 570
570 247
244 181
181 801
880 240
240 313
307 336
336 530
741 867
867 913
834 775
775 350
800 422
422 792
141 444
444 13
141 534
534 544
741 504
504 903
393 576
576 124
800 56
56 852
169 67
67 202
482 193
193 564
906 616
616 519
307 521
521 44
93 591
591 13
93 326
326 6
673 282
282 905
93 971
971 753
692 876
876 44
800 916
916 258
917 402
402 853
919 225
225 716
435 894
894 569
482 878
878 753
169 22
22 518
784 527
527 554
482 212
212 13
169 357
357 535
742 69
69 519
784 540
540 922
667 820
820 486
675 343
343 278
470 661
661 139
435 377
377 122
55 624
624 458
65 421
421 801
307 632
632 124
760 41
41 73
270 210
210 612
966 453
453 205
733 799
799 143
915 958
958 544
784 630
630 458
919 699
699 695
413 972
972 638
742 346
346 489
919 551
551 801
667 171
171 353
470 932
932 20
834 751
751 708
94 127
127 652
966 47
47 688
55 391
391 202
216 446
446 719
578 908
908 353
742 641
641 950
915 375
375 559
834 199
199 708
834 587
587 684
525 895
895 684
307 208
208 569
692 757
757 535
155 857
857 253
733 488
488 544
141 321
321 913
141 32
32 258
482 910
910 753
93 798
798 716
784 424
424 554
435 273
273 544
906 166
166 323
784 256
256 846
667 428
428 519
525 204
204 231
675 769
769 813
525 287
287 507
915 372
372 408
65 598
598 313
919 796
796 143
141 443
443 716
673 968
968 400
915 261
261 903
692 24
24 518
861 387
387 73
880 238
238 231
667 585
585 143
141 548
548 486
578 150
150 954
516 239
239 507
435 499
499 564
307 770
770 205
482 756
756 683
470 92
92 569
834 643
643 651
915 859
859 20
673 461
461 544
919 439
439 350
861 223
223 813
94 308
308 253
667 625
625 139
919 114
114 846
55 98
98 847
55 517
517 905
784 27
27 19
65 767
767 323
578 286
286 651
578 215
215 852
906 773
773 708
393 121
121 530
516 671
671 544
94 39
39 231
966 805
805 258
673 168
168 652
880 371
371 408
55 460
460 688
919 26
26 229
370 631
631 229
880 194
194 695
141 249
249 954
393 490
490 554
800 815
815 122
673 538
538 472
919 511
511 20
760 848
848 323
742 397
397 530
667 604
604 138
307 107
107 514
915 118
118 847
93 58
58 569
482 366
366 34
65 795
795 323
169 720
720 139
516 713
713 913
244 694
694 950
733 21
21 922
917 228
228 772
169 494
494 408
93 136
136 13
667 836
836 683
244 678
678 6
917 133
133 847
966 832
832 20
915 553
553 719
358 718
718 564
880 285
285 139
307 851
851 792
155 509
509 353
370 923
923 695
65 106
106 258
915 593
593 34
525 172
172 695
525 909
909 514
393 806
806 313
216 942
942 535
692 452
452 813
667 382
382 184
760 117
117 519
915 303
303 489
470 952
952 535
760 709
709 9
307 360
360 44
393 721
721 486
578 430
430 458
435 711
711 400
169 476
476 6
578 396
396 400
525 897
897 379
94 395
395 813
244 503
503 19
516 59
59 9
733 617
617 688
470 72
72 507
370 891
891 253
482 295
295 9
358 957
957 507
692 584
584 253
358 455
455 350
307 794
794 471
917 33
33 510
578 797
797 11
370 38
38 205
55 260
260 253
880 243
243 124
675 153
153 519
733 1
1 559
393 700
700 417
370 888
888 535
742 929
929 229
675 896
896 651
370 267
267 323
370 4
4 853
800 230
230 122
966 234
234 313
675 600
600 638
741 48
48 922
906 332
332 708
470 51
51 559
742 588
588 846
482 419
419 853
741 762
762 853
733 826
826 13
55 409
409 612
915 676
676 459
244 872
872 34
673 257
257 813
760 170
170 507
906 335
335 510
915 552
552 139
94 218
218 612
667 436
436 954
742 31
31 683
435 545
545 138
93 500
500 519
861 157
157 638
141 480
480 20
673 656
656 139
244 736
736 471
94 965
965 612
93 788
788 569
516 528
528 292
155 647
647 459
413 921
921 400
675 833
833 536
470 154
154 514
834 392
392 253
578 80
80 143
861 837
837 922
917 10
10 388
482 103
103 400
413 311
311 564
675 864
864 753
966 749
749 518
919 512
512 719
919 609
609 772
525 220
220 411
800 811
811 139
966 621
621 34
413 160
160 6
800 246
246 323
155 329
329 903
692 842
842 753
370 248
248 486
861 348
348 292
919 607
607 292
55 948
948 514
393 701
701 9
919 119
119 530
692 68
68 34
919 809
809 408
413 506
506 913
393 259
259 684
65 841
841 20
370 43
43 258
169 781
781 559
169 262
262 184
525 203
203 229
966 904
904 229
784 354
354 652
915 829
829 350
667 404
404 205
169 871
871 73
169 502
502 772
169 779
779 138
244 309
309 719
733 179
179 792
482 389
389 11
393 277
277 205
667 925
925 124
915 275
275 564
413 373
373 846
482 475
475 510
169 817
817 388
216 401
401 507
906 70
70 292
915 764
764 278
470 294
294 6
358 863
863 138
919 887
887 519
270 831
831 903
733 911
911 417
675 914
914 638
525 173
173 554
880 291
291 559
141 689
689 569
413 727
727 44
94 956
956 417
482 679
679 772
880 839
839 489
673 761
761 510
692 804
804 564
667 427
427 486
784 497
497 905
525 7
7 388
880 650
650 518
733 783
783 847
244 152
152 683
307 317
317 253
65 546
546 507
966 791
791 510
270 659
659 486
861 144
144 853
578 938
938 559
358 629
629 138
307 146
146 544
966 940
940 472
784 99
99 753
906 30
30 138
93 432
432 683
244 105
105 954
470 423
423 852
966 85
85 719
65 108
108 792
358 666
666 323
358 40
40 278
244 850
850 122
919 505
505 258
675 580
580 323
516 374
374 847
880 523
523 852
470 130
130 138
915 134
134 792
65 54
54 229
906 674
674 6
482 766
766 489
270 315
315 350
216 547
547 231
358 406
406 612
155 340
340 73
675 634
634 471
370 782
782 350
741 407
407 510
919 280
280 530
861 696
696 73
915 623
623 122
906 787
787 554
516 825
825 564
966 178
178 13
578 252
252 683
675 680
680 536
307 562
562 20
393 217
217 253
800 637
637 813
435 939
939 472
307 743
743 253
216 274
274 122
93 558
558 683
370 626
626 518
244 367
367 489
733 843
843 535
919 91
91 518
307 935
935 852
906 731
731 535
880 595
595 471
784 748
748 9
880 449
449 379
435 201
201 514
525 969
969 569
435 302
302 813
470 341
341 518
65 484
484 651
834 561
561 507
861 874
874 350
578 899
899 847
169 943
943 510
358 746
746 229
155 565
565 9
94 344
344 124
861 571
571 544
733 84
84 489
525 618
618 950
370 849
849 913
216 441
441 253
270 560
560 719
270 290
290 716
307 947
947 458
861 610
610 753
966 283
283 292
742 681
681 292
915 655
655 684
393 109
109 813
861 573
573 638
966 319
319 458
966 581
581 258
169 840
840 954
141 803
803 139
244 572
572 569
155 646
646 913
917 875
875 792
525 187
187 853
270 955
955 292
692 549
549 350
919 331
331 792
906 304
304 388
917 596
596 313
358 97
97 519
966 900
900 950
55 385
385 379
673 52
52 459
435 725
725 458
915 81
81 913
742 542
542 13
470 648
648 535
393 682
682 519
906 886
886 695
94 883
883 229
358 213
213 853
435 835
835 471
741 450
450 852
834 363
363 708
692 425
425 471
244 53
53 847
667 687
687 323
906 200
200 6
216 356
356 688
760 926
926 138
741 602
602 792
917 877
877 6
413 8
8 44
93 704
704 544
94 613
613 489
55 927
927 530
834 180
180 530
861 937
937 379
919 567
567 792
516 17
17 753
915 16
16 231
741 101
101 719
919 434
434 813
358 364
364 350
358 64
64 559
216 774
774 44
244 305
305 652
482 254
254 489
55 333
333 9
834 931
931 258
919 46
46 408
966 163
163 13
880 368
368 292
358 410
410 684
861 3
3 9
919 627
627 688
93 858
858 471
834 566
566 903
742 242
242 353
861 36
36 73
244 132
132 716
94 712
712 530
675 300
300 905
667 941
941 400
169 209
209 11
692 469
469 229
578 351
351 753
93 60
60 518
482 907
907 202
733 79
79 353
919 255
255 954
675 893
893 73
861 657
657 638
244 845
845 278
370 812
812 913
741 102
102 847
741 531
531 489
55 665
665 292
413 381
381 73
760 342
342 510
244 758
758 13
919 159
159 13
578 533
533 536
435 823
823 536
525 882
882 292
55 881
881 20
470 732
732 518
742 645
645 13
435 730
730 554
742 723
723 124
393 25
25 510
760 697
697 205
370 113
113 350
55 755
755 847
482 477
477 792
861 415
415 564
155 745
745 34
800 785
785 184
733 537
537 20
880 445
445 11
482 614
614 514
435 232
232 564
358 790
790 350
880 640
640 544
358 754
754 847
516 478
478 143
169 726
726 507
482 226
226 231
741 301
301 536
393 361
361 535
270 802
802 801
966 541
541 695
516 347
347 652
393 495
495 6
516 856
856 792
270 653
653 9
370 705
705 258
470 520
520 530
393 737
737 184
667 574
574 612
370 686
686 417
93 582
582 471
917 492
492 247
65 611
611 231
358 167
167 852
216 431
431 139
55 473
473 258
358 156
156 124
834 412
412 459
482 539
539 535
906 928
928 913
880 454
454 258
93 508
508 847
516 890
890 950
94 862
862 13
525 386
386 247
270 816
816 6
692 328
328 922
915 945
945 792
741 513
513 708
470 814
814 905
93 628
628 379
65 5
5 247
692 789
789 472
578 207
207 205
358 463
463 514
673 28
28 950
516 543
543 792
861 272
272 122
578 722
722 353
919 318
318 519
216 398
398 489
741 442
442 719
915 322
322 922
55 457
457 202
435 703
703 530
834 642
642 11
55 266
266 683
578 264
264 9
834 66
66 847
93 828
828 471
741 269
269 122
667 854
854 350
880 221
221 139
155 147
147 73
155 174
174 716
861 327
327 716
435 912
912 801
370 314
314 753
861 149
149 459
834 563
563 139
906 693
693 379
370 669
669 772
525 185
185 569
55 658
658 143
470 524
524 903
675 465
465 510
741 338
338 514
244 306
306 719
741 868
868 278
55 930
930 753
667 898
898 143
270 662
662 683
966 869
869 73
65 297
297 44
482 186
186 122
906 635
635 954
270 715
715 489
784 865
865 323
861 615
615 34
244 125
125 472
919 496
496 353
141 161
161 564
741 390
390 852
919 263
263 519
692 23
23 13
760 191
191 853
94 747
747 138
516 866
866 458
578 426
426 846
784 706
706 683
55 515
515 417
370 447
447 73
800 714
714 544
525 151
151 554
516 18
18 184
370 589
589 695
880 830
830 139
370 222
222 847
525 577
577 559
784 355
355 716
525 158
158 202
915 324
324 708
141 2
2 792
673 288
288 489
966 734
734 229
435 433
433 514
141 601
601 903
675 844
844 472
675 440
440 544
413 63
63 471
482 164
164 801
307 310
310 278
141 780
780 11
673 345
345 954
65 668
668 905
915 61
61 417
800 663
663 514
155 759
759 313
834 235
235 138
516 633
633 510
861 142
142 905
525 77
77 518
919 936
936 530
692 418
418 847
516 819
819 569
917 717
717 350
760 293
293 792
270 827
827 652
919 399
399 651
413 206
206 489
358 592
592 514
358 330
330 313
919 334
334 684
55 821
821 559
784 42
42 202
169 738
738 913
516 619
619 922
307 78
78 903
141 920
920 9
470 855
855 954
470 924
924 612
55 654
654 519
919 359
359 486
93 148
148 688
784 137
137 323
141 892
892 922
281 139
358 933
933 559
65 75
75 905
800 963
963 472
861 870
870 922
861 768
768 292
169 50
50 852
55 237
237 853
358 87
87 853
834 740
740 388
435 579
579 278
413 129
129 73
966 777
777 6
482 245
245 801
919 605
605 922
760 100
100 471
917 224
224 205
800 284
284 44
800 644
644 569
667 961
961 510
516 599
599 184
742 380
380 417
244 752
752 564
155 29
29 514
667 456
456 801
915 74
74 124
906 233
233 19
760 214
214 536
800 555
555 231
393 698
698 34
667 691
691 753
482 276
276 278
482 145
145 258
760 532
532 719
742 660
660 695
917 37
37 417
244 197
197 518
93 448
448 9
906 498
498 519
470 362
362 847
65 838
838 20
55 437
437 801
413 71
71 278
393 320
320 559
270 95
95 954
307 271
271 905
93 550
550 507
93 873
873 138
742 590
590 507
482 739
739 801
525 962
962 19
741 241
241 905
733 586
586 247
667 416
416 253
435 462
462 683
155 728
728 638
351 708
448 459
608 554
213 11
219 247
656 34
483 292
64 716
280 801
326 205
405 73
942 853
387 688
484 258
43 379
424 684
324 278
626 530
271 510
745 954
62 514
479 313
691 143
840 535
955 138
735 695
740 6
215 229
607 388
843 471
160 472
46 612
957 139
496 408
426 905
232 184
49 903
311 350
346 353
963 122
57 719
391 913
287 486
269 683
909 417
494 400
424 13
282 950
193 922
916 323
940 19
127 792
794 772
887 652
970 846
748 638
944 651
332 231
627 536
361 564
618 852
763 544
610 458
850 202
681 753
600 9
637 20
925 44
524 518
796 411
193 813
233 489
752 253
324 507
585 569
341 124
956 431
378 599
627 25
4 948
469 156
920 1908 814
634 15
244 777
716 883
486 410
791 727
478 65
661 401
138 573
7 331
801 446
753 633
382 505
626 600
417 249
858 158
820 340
651 188
154 873
66 484
779 588
657 513
137 206
619 108
75 394
889 386
412 864
151 727
496 470
126 56
860 273
599 498
545 298
664 570
770 469
773 373
814 775
776 623
910 390
533 13
62 315
831 561
321 815
565 499
901 164
363 219
284 579
179 87
787 627
643 614
642 423
863 241
539 735
160 69
51 495
535 506
177 706
687 505
121 368
218 693
638 81
530 421
306 267
879 570
166 537
541 162
451 211
227 353
122 795
404 846
511 367
404 853
853 812
541 492
492 168
511 672
672 328
62 343
343 670
642 333
333 551
363 507
507 856
486 32
32 856
716 33
33 547
642 233
233 326
779 296
296 84
599 14
14 467
151 245
245 726
7 314
314 488
883 84
787 588
588 443
151 813
813 467
657 351
351 341
664 63
63 618
404 86
86 653
126 79
79 84
75 428
428 677
889 4
4 726
7 206
206 328
619 374
374 812
820 300
300 845
643 581
581 405
565 589
589 488
75 106
106 527
599 727
727 84
638 425
425 805
417 116
116 168
545 67
67 726
321 223
223 405
642 34
34 845
126 795
795 685
541 212
212 443
160 874
874 656
382 281
281 515
651 456
456 726
863 652
652 405
776 609
609 666
599 542
542 856
879 319
319 656
770 789
789 9
539 644
644 9
227 408
408 812
151 186
186 905
151 169
169 488
664 719
719 467
511 717
717 348
879 772
772 905
533 313
313 666
417 603
603 856
138 403
403 405
626 293
293 326
753 155
155 666
638 641
641 341
417 463
463 670
138 568
568 677
831 690
690 677
321 309
309 326
634 500
500 168
244 851
851 527
889 427
427 477
121 25
25 726
138 593
593 341
651 423
423 341
753 896
896 805
530 870
870 905
638 699
699 326
773 288
288 348
879 854
854 666
306 746
746 547
565 202
202 551
306 697
697 653
7 418
418 805
511 6
6 515
404 550
550 547
321 869
869 685
716 662
662 666
820 563
563 443
151 118
118 41
533 173
173 805
138 592
592 467
533 725
725 656
831 205
205 656
773 426
426 84
634 900
900 551
831 433
433 488
858 800
800 677
801 150
150 653
478 85
85 670
634 660
660 805
634 548
548 326
486 72
72 341
820 735
735 677
787 600
600 666
51 560
560 305
412 175
175 551
619 557
557 856
858 368
368 515
791 621
621 845
218 472
472 98
382 375
375 405
638 429
429 527
753 730
730 653
137 461
461 677
138 353
353 653
154 763
763 341
218 442
442 326
62 239
239 326
151 590
590 9
858 675
675 515
218 96
96 26
831 31
31 467
122 485
485 413
779 176
176 845
779 724
724 84
306 499
499 856
530 93
93 305
860 872
872 467
716 295
295 168
773 1
1 405
511 792
792 656
404 237
237 618
177 847
847 41
643 164
164 84
619 846
846 98
776 172
172 656
122 77
77 656
363 582
582 26
820 445
445 656
626 241
241 547
687 147
147 656
831 107
107 551
62 586
586 467
7 722
722 551
541 381
381 653
75 497
497 341
634 297
297 677
820 625
625 905
218 92
92 477
496 50
50 82
535 824
824 812
121 466
466 84
716 832
832 670
791 572
572 413
160 857
857 653
530 628
628 98
638 917
917 666
820 53
53 413
486 826
826 726
321 390
390 709
412 785
785 677
177 410
410 413
530 102
102 467
791 873
873 26
137 768
768 98
779 335
335 666
545 289
289 348
530 767
767 9
687 464
464 9
664 809
809 515
642 250
250 168
565 471
471 488
661 774
774 9
545 868
868 168
160 369
369 666
363 339
339 168
657 842
842 26
779 580
580 527
530 749
749 348
889 377
377 656
879 183
183 98
511 639
639 305
664 457
457 653
539 788
788 905
75 397
397 547
530 508
508 341
860 444
444 477
451 694
694 341
160 40
40 685
879 684
684 905
151 882
882 82
62 396
396 348
451 890
890 547
382 234
234 413
773 733
733 685
227 91
91 82
138 713
713 443
664 742
742 341
879 562
562 551
820 55
55 98
486 130
130 726
545 479
479 856
657 723
723 653
51 850
850 413
126 415
415 405
404 195
195 9
634 282
282 677
910 134
134 653
244 646
646 515
638 318
318 98
651 517
517 726
545 880
880 551
7 819
819 328
753 103
103 656
179 888
888 98
382 797
797 413
664 271
271 805
154 715
715 348
51 536
536 341
910 230
230 341
814 266
266 26
486 260
260 551
791 357
357 527
901 720
720 618
535 264
264 805
687 178
178 467
626 526
526 348
860 395
395 84
218 648
648 413
530 362
362 98
478 683
683 726
879 659
659 405
791 187
187 413
7 778
778 328
51 228
228 527
643 387
387 515
363 532
532 666
901 594
594 98
533 80
80 547
791 475
475 666
122 556
556 856
218 502
502 547
879 707
707 413
154 192
192 685
179 61
61 477
306 866
866 488
791 473
473 805
166 897
897 9
151 608
608 685
122 624
624 84
858 327
327 515
382 698
698 168
306 338
338 905
791 462
462 82
75 152
152 443
62 591
591 666
496 104
104 341
62 208
208 666
51 460
460 84
179 796
796 405
901 754
754 905
478 833
833 82
657 52
52 685
160 352
352 845
889 663
663 709
664 124
124 685
791 184
184 341
664 567
567 905
412 109
109 656
901 543
543 443
177 816
816 413
787 578
578 84
535 259
259 547
533 182
182 618
404 706
706 98
901 601
601 98
160 482
482 685
530 762
762 348
218 771
771 856
779 232
232 666
661 837
837 726
151 696
696 326
126 142
142 328
451 458
458 305
363 301
301 670
404 27
27 515
126 132
132 812
651 407
407 618
244 180
180 905
545 630
630 547
75 913
913 82
770 170
170 82
776 799
799 726
154 97
97 467
7 584
584 653
151 689
689 515
541 49
49 618
787 386
386 677
160 159
159 666
306 825
825 551
121 450
450 856
218 283
283 84
901 275
275 326
417 47
47 656
7 830
830 328
160 757
757 467
820 35
35 341
244 194
194 666
879 504
504 443
661 258
258 405
284 861
861 443
151 256
256 726
154 693
693 666
638 143
143 547
138 469
469 709
651 613
613 9
511 766
766 805
831 367
367 618
66 21
21 405
791 315
315 305
716 440
440 41
801 756
756 812
306 859
859 26
218 356
356 805
539 270
270 9
533 610
610 905
642 679
679 805
776 915
915 348
860 242
242 726
306 645
645 82
496 69
69 405
62 668
668 413
565 740
740 477
787 483
483 405
863 58
58 168
51 336
336 670
831 606
606 905
138 421
421 618
814 432
432 413
66 614
614 98
776 255
255 98
51 435
435 905
860 736
736 685
539 329
329 98
879 325
325 726
831 540
540 653
404 632
632 9
831 605
605 653
814 211
211 618
753 222
222 467
382 877
877 812
889 741
741 41
160 886
886 98
634 216
216 443
716 280
280 168
7 320
320 515
404 678
678 405
626 65
65 82
404 83
83 709
860 821
821 726
651 185
185 547
284 44
44 805
910 755
755 670
306 133
133 82
530 747
747 488
154 522
522 26
642 18
18 328
121 349
349 653
363 76
76 348
539 439
439 41
791 131
131 467
642 117
117 726
642 665
665 653
634 71
71 845
831 849
849 82
412 87
87 82
638 342
342 26
66 441
441 856
179 622
622 856
151 162
162 41
545 286
286 812
75 695
695 905
643 714
714 168
66 419
419 341
511 243
243 653
879 760
760 670
227 739
739 856
879 100
100 413
166 891
891 341
533 331
331 812
638 916
916 443
661 380
380 805
858 674
674 348
634 292
292 98
661 111
111 467
638 702
702 670
642 761
761 805
820 110
110 467
535 848
848 348
284 775
775 805
860 253
253 670
858 355
355 488
651 637
637 670
75 115
115 84
910 712
712 168
321 681
681 618
151 745
745 527
412 359
359 341
687 501
501 653
511 510
510 477
121 414
414 670
801 806
806 405
664 378
378 726
535 534
534 405
179 798
798 9
66 174
174 82
151 196
196 328
541 89
89 515
154 734
734 856
539 576
576 812
545 312
312 467
154 16
16 726
901 291
291 653
863 564
564 677
787 254
254 413
7 73
73 618
478 379
379 348
218 573
573 328
137 322
322 670
716 249
249 98
634 101
101 477
535 802
802 348
664 738
738 812
879 406
406 488
619 823
823 98
417 153
153 443
138 907
907 845
539 561
561 405
121 513
513 305
478 449
449 812
530 682
682 443
227 209
209 326
753 279
279 677
51 400
400 168
321 616
616 326
787 317
317 670
814 345
345 467
634 498
498 805
137 633
633 547
137 330
330 305
533 885
885 670
160 437
437 348
814 231
231 856
478 221
221 348
565 120
120 515
541 287
287 467
889 596
596 845
661 494
494 41
638 3
3 666
779 373
373 709
382 711
711 656
244 285
285 443
776 876
876 328
638 544
544 477
901 70
70 551
599 514
514 413
533 128
128 326
160 372
372 656
51 127
127 709
599 108
108 805
62 840
840 41
244 647
647 328
363 148
148 515
321 629
629 348
863 220
220 84
643 2
2 413
860 918
918 98
66 392
392 677
753 272
272 341
7 912
912 26
863 468
468 656
478 903
903 656
541 370
370 515
137 649
649 547
244 484
484 805
486 24
24 515
791 361
361 709
218 224
224 709
66 393
393 305
138 99
99 467
160 207
207 326
530 340
340 653
910 865
865 670
776 139
139 348
863 524
524 443
75 197
197 527
643 577
577 670
363 708
708 677
530 506
506 168
626 598
598 82
716 518
518 477
642 308
308 551
779 350
350 527
496 829
829 685
486 11
11 726
126 240
240 653
901 744
744 726
814 705
705 82
535 731
731 618
638 265
265 348
858 489
489 666
306 620
620 547
860 758
758 305
227 22
22 348
166 389
389 805
530 777
777 656
75 780
780 326
860 474
474 443
687 919
919 477
417 191
191 41
541 391
391 677
451 95
95 709
486 28
28 348
126 251
251 515
626 105
105 618
122 751
751 41
787 537
537 328
137 219
219 726
651 332
332 168
496 36
36 656
820 337
337 618
404 509
509 9
121 402
402 709
417 844
844 348
122 145
145 41
412 721
721 856
801 384
384 82
404 360
360 685
321 188
188 653
66 226
226 547
814 19
19 709
879 366
366 82
831 843
843 326
642 217
217 685
753 48
48 82
831 569
569 618
634 604
604 618
651 752
752 805
306 465
465 551
860 278
278 653
910 531
531 405
657 836
836 653
404 612
612 41
801 136
136 709
770 46
46 26
179 794
794 618
901 704
704 98
687 516
516 488
626 307
307 326
160 554
554 726
642 203
203 670
122 269
269 551
879 520
520 84
451 57
57 666
779 193
193 547
801 729
729 9
831 424
424 618
545 490
490 670
478 229
229 443
545 597
597 98
244 627
627 9
417 587
587 98
417 453
453 168
619 347
347 326
75 827
827 856
218 8
8 443
412 141
141 328
417 878
878 653
879 45
45 84
651 323
323 670
860 549
549 26
776 748
748 98
599 503
503 685
539 669
669 26
412 90
90 618
634 769
769 812
321 523
523 905
417 783
783 547
227 673
673 305
160 257
257 84
770 114
114 905
791 803
803 670
122 236
236 685
138 409
409 905
160 737
737 341
814 911
911 9
363 267
267 845
535 422
422 515
496 146
146 685
244 358
358 443
626 12
12 551
642 602
602 98
791 881
881 9
533 334
334 305
244 13
13 443
863 388
388 9
831 189
189 168
860 430
430 341
539 782
782 488
831 161
161 685
814 529
529 653
545 247
247 845
910 88
88 348
535 262
262 328
177 710
710 467
151 574
574 685
664 10
10 666
657 759
759 98
687 793
793 666
860 447
447 856
382 862
862 666
478 611
611 515
496 487
487 726
122 559
559 653
121 822
822 26
412 680
680 618
657 790
790 726
126 399
399 547
831 835
835 547
664 743
743 82
753 480
480 405
716 732
732 805
638 448
448 326
599 438
438 618
166 15
15 305
831 871
871 845
643 201
201 677
218 303
303 443
66 302
302 653
244 914
914 26
599 909
909 905
657 94
94 84
75 78
78 618
451 579
579 653
687 841
841 443
154 263
263 98
412 149
149 84
533 807
807 305
412 385
385 328
541 546
546 618
634 459
459 84
363 570
570 328
753 691
691 98
687 56
56 9
626 394
394 677
179 38
38 845
160 512
512 905
619 884
884 305
910 119
119 305
651 834
834 805
539 277
277 666
138 658
658 670
770 908
908 168
545 640
640 467
121 81
81 551
166 892
892 405
227 617
617 856
831 434
434 527
879 163
163 527
619 20
20 515
533 452
452 805
565 818
818 328
860 718
718 467
879 700
700 326
137 676
676 82
901 268
268 726
126 692
692 515
779 398
398 515
814 273
273 168
535 252
252 26
382 566
566 812
860 476
476 84
496 703
703 82
776 875
875 98
770 553
553 341
626 167
167 82
651 64
64 9
306 631
631 618
121 855
855 709
363 558
558 726
417 701
701 82
791 316
316 656
382 615
615 341
661 248
248 326
770 521
521 709
126 538
538 443
177 784
784 515
814 552
552 856
244 623
623 515
541 764
764 9
643 898
898 467
716 436
436 84
770 906
906 856
218 346
346 547
687 365
365 41
753 491
491 547
166 113
113 488
137 135
135 685
657 298
298 405
530 454
454 551
151 893
893 26
787 828
828 551
412 455
455 845
901 671
671 348
787 290
290 656
138 235
235 84
417 199
199 677
863 129
129 305
638 571
571 812
137 42
42 812
787 525
525 488
787 140
140 812
860 781
781 845
860 225
225 666
382 261
261 845
218 23
23 547
75 43
43 905
776 528
528 515
51 299
299 168
404 383
383 527
535 171
171 98
638 401
401 527
511 635
635 656
138 786
786 477
227 505
505 413
62 817
817 856
535 376
376 812
417 750
750 41
801 839
839 653
533 165
165 488
831 190
190 653
151 294
294 653
858 200
200 685
814 583
583 413
179 894
894 9
910 213
213 547
363 895
895 26
412 887
887 443
565 310
310 341
363 899
899 488
619 210
210 685
901 59
59 413
716 688
688 348
75 867
867 845
860 74
74 84
121 276
276 341
451 54
54 726
160 181
181 26
137 852
852 515
218 215
215 805
901 238
238 805
779 728
728 670
7 29
29 812
121 198
198 82
535 354
354 443
382 481
481 84
626 655
655 26
879 555
555 443
858 585
585 168
814 493
493 348
533 156
156 653
657 815
815 653
634 37
37 82
227 311
311 84
787 902
902 405
404 519
519 348
478 204
204 98
151 125
125 405
634 30
30 666
126 158
158 405
638 575
575 341
244 686
686 467
154 804
804 805
363 68
68 677
382 364
364 348
858 650
650 9
831 864
864 527
218 810
810 677
539 431
431 26
75 274
274 856
177 420
420 443
716 157
157 685
801 904
904 348
511 667
667 488
814 112
112 666
306 416
416 82
643 765
765 551
770 344
344 515
382 920
920 515
879 304
304 413
166 808
808 527
664 654
654 653
51 214
214 726
801 60
60 812
122 446
446 856
137 411
411 305
306 495
495 9
530 17
17 527
619 144
144 305
412 123
123 341
496 636
636 443
820 5
5 856
533 246
246 341
820 470
470 477
179 811
811 26
137 371
371 405
770 595
595 805
651 607
607 9
535 324
324 84
791 39
39 9
363 838
838 618
484 812
112 341
582 856
74 413
224 443
669 328
854 726
682 168
165 677
577 26
403 709
28 653
161 405
468 618
243 84
598 547
449 670
725 326
60 488
135 845
422 551
432 98
736 666
45 527
719 477
71 9
94 305
754 348
355 82
181 467
42 41
867 515
528 905
57 805
754 344
264 39
48 305
917 888
641 528
44 743
616 574
775 454
687 302
779 202
502 871
562 739
546 709
382 611
698 56
135 902
472 639
90 867
675 873
634 462
239 723
659 174
241 447
160 133
689 523
311 670
76 538
313 742
494 268
694 890
545 237
273 346
164 891
308 904
351 771
740 745
389 238
378 261
75 772
76 867
178 714
869 435
14 406
558 491
897 523
623 341
714 827
497 709
291 448
259 112
280 78
872 804
3 384
408 375
735 514
186 495
173 295
687 210
717 786
535 432
175 656
351 834
290 348
794 364
272 88
315 200
707 448
748 881
538 276
368 222
68 364
319 740
395 243
151 406
315 5
548 674
166 549
296 825
296 756
788 349
362 512
473 420
51 147
397 347
725 232
673 583
8 834
463 838
917 762
824 723
423 629
754 372
592 57
428 890
410 920
565 749
366 902
437 135
203 420
445 760
450 163
712 153
104 27
375 743
135 310
850 240
284 203
70 358
508 209
661 139
483 783
52 740
878 583
770 920
369 440
419 42
766 69
521 84
134 157
557 53
333 481
736 209
630 653
346 895
641 837
417 763
148 468
786 726
633 350
651 700
652 463
681 596
439 64
249 10
655 666
824 170
96 561
282 387
415 566
708 203
4 403
597 294
491 571
485 308
713 441
33 707
427 204
106 536
237 645
508 434
245 883
699 845
886 217
543 453
259 597
561 611
396 45
907 213
124 688
630 348
403 621
435 484
539 899
771 804
229 41
374 540
417 655
130 862
663 98
289 327
342 653
12 225
478 424
707 678
63 5
262 623
308 867
932 1928 851
776 25
42 792
830 134
186 264
500 780
747 21
142 884
777 403
14 834
90 304
607 160
611 92
918 873
823 650
473 784
793 406
833 51
98 519
854 925
362 171
283 371
803 623
275 391
270 379
269 277
145 502
908 410
7 184
342 602
643 465
284 602
400 263
879 452
414 489
556 851
615 165
91 685
110 476
338 52
710 335
49 118
775 475
303 214
450 566
714 429
316 743
261 722
889 103
88 896
617 770
430 705
15 751
564 222
252 844
562 655
565 588
576 519
388 100
638 62
673 665
857 597
493 103
96 920
382 405
54 619
369 601
693 304
918 625
625 568
776 253
253 813
342 455
455 682
42 412
412 750
270 805
805 176
49 846
846 341
564 552
552 701
857 141
141 701
889 685
685 701
714 569
569 813
918 77
77 813
369 396
396 878
145 357
357 341
500 300
300 127
556 23
23 512
142 95
95 256
49 794
794 750
617 113
113 341
362 532
532 813
617 566
566 878
275 530
530 341
400 464
464 176
284 603
603 512
430 726
726 682
110 795
795 289
854 698
698 176
775 434
434 568
710 17
17 341
98 418
418 127
430 767
767 289
142 37
37 256
362 639
639 436
857 181
181 289
145 80
80 436
316 13
13 813
564 386
386 256
564 282
282 878
908 397
397 127
918 544
544 256
283 489
489 512
91 93
93 512
793 4
4 436
493 917
917 878
430 258
258 176
270 839
839 682
186 255
255 512
803 71
71 436
775 220
220 140
14 205
205 127
777 262
262 436
388 652
652 701
776 585
585 140
88 271
271 568
638 310
310 701
430 423
423 289
186 304
304 176
617 123
123 813
747 222
222 176
615 754
754 140
775 498
498 512
493 641
641 878
49 137
137 701
270 318
318 341
96 349
349 682
556 177
177 176
747 923
923 813
889 578
578 701
473 554
554 176
382 740
740 341
252 415
415 341
252 79
79 140
338 561
561 436
261 339
339 682
673 463
463 750
284 902
902 682
615 724
724 341
710 234
234 436
556 732
732 127
284 672
672 682
803 602
602 256
269 528
528 256
908 375
375 568
565 111
111 878
7 516
516 256
90 843
843 701
88 385
385 289
252 892
892 878
564 361
361 568
854 478
478 813
49 456
456 341
777 703
703 701
270 622
622 256
803 392
392 813
283 99
99 512
54 248
248 878
710 753
753 127
98 444
444 701
879 370
370 140
857 589
589 341
382 867
867 701
617 816
816 568
369 373
373 436
607 697
697 256
430 225
225 878
283 126
126 436
776 543
543 512
303 837
837 750
879 174
174 878
42 861
861 176
854 517
517 256
338 183
183 176
96 689
689 289
388 467
467 813
15 265
265 682
576 513
513 436
388 866
866 176
430 769
769 176
98 158
158 176
88 592
592 750
854 864
864 750
493 279
279 341
638 340
340 512
110 789
789 878
776 471
471 878
110 404
404 682
777 9
9 127
889 691
691 289
450 199
199 512
562 224
224 289
611 773
773 176
382 809
809 568
823 298
298 341
803 160
160 256
638 194
194 568
607 359
359 256
186 926
926 701
382 114
114 813
776 743
743 341
615 734
734 140
643 845
845 813
793 911
911 289
493 296
296 176
854 239
239 176
803 21
21 289
316 33
33 176
854 11
11 289
908 722
722 813
776 749
749 127
493 717
717 568
747 635
635 256
775 87
87 813
303 661
661 568
186 445
445 176
186 560
560 813
576 664
664 512
450 348
348 127
565 600
600 512
638 122
122 512
576 203
203 750
283 170
170 289
638 821
821 750
576 798
798 256
369 541
541 682
889 447
447 701
275 67
67 682
615 424
424 127
186 519
519 701
430 102
102 140
643 582
582 289
7 681
681 436
316 184
184 436
283 240
240 256
316 601
601 341
777 490
490 878
775 606
606 878
693 364
364 176
710 166
166 878
14 796
796 682
643 179
179 436
638 929
929 750
793 297
297 512
747 885
885 701
7 524
524 701
611 597
597 176
400 448
448 341
283 315
315 127
714 527
527 568
145 334
334 682
15 19
19 127
261 725
725 878
303 627
627 127
493 741
741 813
369 38
38 176
854 249
249 176
493 909
909 750
857 570
570 176
96 16
16 140
854 849
849 701
556 542
542 140
500 850
850 682
369 74
74 878
186 686
686 682
823 314
314 878
414 925
925 127
49 871
871 256
269 368
368 701
673 353
353 701
54 68
68 289
382 130
130 256
88 268
268 289
54 827
827 341
15 208
208 256
362 376
376 176
777 510
510 289
90 771
771 878
638 251
251 176
710 138
138 127
776 219
219 750
607 351
351 436
615 131
131 436
275 411
411 512
42 148
148 878
673 616
616 512
316 492
492 701
857 458
458 436
362 151
151 701
316 784
784 256
270 435
435 289
49 472
472 568
303 645
645 140
611 317
317 813
777 213
213 341
338 480
480 878
777 272
272 701
710 737
737 878
382 859
859 512
776 549
549 127
607 896
896 341
793 521
521 813
493 811
811 341
90 201
201 878
576 97
97 140
400 555
555 341
414 529
529 750
342 237
237 878
145 683
683 512
833 791
791 256
775 399
399 813
369 486
486 289
747 619
619 289
400 147
147 341
142 69
69 289
638 897
897 878
714 2
2 682
96 211
211 256
576 214
214 682
823 431
431 512
565 806
806 750
500 332
332 568
252 377
377 140
747 731
731 878
793 421
421 341
473 756
756 127
15 106
106 813
576 198
198 127
714 337
337 813
388 378
378 878
714 495
495 289
362 46
46 701
693 242
242 140
918 371
371 813
714 580
580 682
473 159
159 127
186 61
61 127
615 408
408 512
316 910
910 127
889 326
326 256
110 257
257 813
54 476
476 701
833 744
744 813
611 53
53 813
388 863
863 878
673 875
875 140
833 82
82 701
15 647
647 878
565 291
291 813
42 563
563 878
857 402
402 813
823 546
546 682
400 662
662 289
15 305
305 682
673 112
112 568
775 209
209 682
269 626
626 750
338 826
826 512
889 751
751 436
284 446
446 256
830 853
853 701
823 873
873 878
918 511
511 813
775 410
410 682
96 708
708 140
823 324
324 140
186 538
538 127
857 416
416 341
889 733
733 512
803 553
553 140
889 537
537 682
54 422
422 512
15 167
167 436
261 659
659 341
607 865
865 701
303 631
631 127
710 829
829 568
316 535
535 512
14 327
327 289
382 932
932 701
382 637
637 256
776 380
380 813
382 468
468 512
98 84
84 341
142 612
612 568
776 320
320 878
269 533
533 813
643 928
928 813
110 650
650 176
607 825
825 140
500 66
66 436
270 736
736 682
576 783
783 701
777 229
229 140
830 70
70 878
283 350
350 127
673 94
94 176
565 505
505 341
91 491
491 701
42 856
856 176
615 842
842 140
854 461
461 878
562 841
841 436
284 912
912 701
7 810
810 568
714 173
173 256
388 883
883 256
450 354
354 701
830 439
439 568
830 797
797 436
693 238
238 256
830 484
484 568
7 832
832 682
96 8
8 140
42 281
281 176
562 121
121 878
638 572
572 568
643 501
501 127
777 165
165 750
565 903
903 568
283 185
185 140
473 449
449 750
833 648
648 512
88 596
596 176
889 577
577 878
14 588
588 176
564 156
156 813
275 680
680 341
879 699
699 512
91 409
409 140
450 47
47 512
283 440
440 512
261 677
677 341
96 860
860 436
776 157
157 127
284 551
551 289
908 764
764 701
142 921
921 176
833 267
267 341
450 575
575 512
430 835
835 341
252 288
288 701
854 728
728 701
316 721
721 512
793 692
692 813
49 651
651 878
42 406
406 127
269 191
191 127
854 702
702 568
908 518
518 813
617 646
646 256
414 28
28 127
803 539
539 750
830 884
884 878
90 232
232 813
90 65
65 256
342 367
367 256
49 207
207 682
500 630
630 140
473 668
668 512
369 178
178 878
88 398
398 813
142 63
63 750
500 526
526 436
776 50
50 813
270 610
610 341
270 746
746 682
823 723
723 289
615 18
18 750
638 119
119 682
414 387
387 289
889 366
366 813
338 469
469 813
615 676
676 176
15 172
172 140
793 536
536 701
833 504
504 436
414 144
144 127
54 920
920 512
673 696
696 256
110 894
894 436
110 579
579 289
793 462
462 289
473 706
706 289
615 774
774 813
617 922
922 701
430 831
831 256
615 1
1 140
450 301
301 436
90 216
216 341
710 107
107 256
388 212
212 436
615 215
215 436
430 321
321 436
576 313
313 140
15 924
924 750
88 197
197 682
611 125
125 140
142 206
206 750
803 391
391 512
338 674
674 878
110 419
419 127
776 62
62 512
430 25
25 436
562 58
58 127
607 246
246 256
338 336
336 140
270 548
548 289
414 707
707 127
857 869
869 289
562 851
851 682
186 656
656 750
803 765
765 436
710 704
704 127
793 675
675 176
382 808
808 568
908 819
819 436
303 308
308 682
283 136
136 878
261 715
715 289
556 92
92 341
283 230
230 568
776 190
190 813
565 438
438 750
362 876
876 512
611 453
453 127
473 852
852 176
562 760
760 682
889 433
433 568
830 35
35 682
145 623
623 341
362 872
872 568
562 824
824 176
615 290
290 512
823 632
632 512
7 671
671 436
110 260
260 127
638 352
352 750
823 241
241 341
565 481
481 682
186 117
117 127
88 135
135 701
775 143
143 878
261 663
663 127
342 840
840 289
269 311
311 341
803 613
613 176
576 287
287 176
473 202
202 682
261 233
233 568
638 474
474 341
879 228
228 289
400 621
621 750
382 263
263 750
91 684
684 127
450 509
509 512
857 161
161 140
556 78
78 750
388 259
259 750
142 452
452 682
400 762
762 140
91 355
355 568
90 550
550 813
776 642
642 140
823 254
254 750
777 735
735 512
362 801
801 436
303 534
534 341
473 196
196 878
15 745
745 813
142 235
235 256
710 393
393 878
275 522
522 682
90 328
328 813
269 690
690 750
338 914
914 701
270 887
887 127
303 22
22 701
275 583
583 568
369 152
152 512
918 134
134 878
430 59
59 701
556 100
100 512
275 420
420 256
15 266
266 140
303 149
149 176
14 844
844 568
430 335
335 436
362 888
888 813
611 365
365 701
615 779
779 341
414 834
834 176
303 56
56 682
252 374
374 176
473 331
331 512
500 559
559 813
775 633
633 512
284 76
76 436
854 786
786 176
270 870
870 878
400 116
116 436
450 758
758 682
500 660
660 436
500 101
101 256
342 636
636 127
369 231
231 140
775 133
133 878
400 931
931 256
90 124
124 512
833 915
915 813
918 250
250 512
15 711
711 568
607 608
608 701
857 437
437 878
562 417
417 127
145 792
792 176
493 299
299 512
342 514
514 701
303 772
772 436
275 828
828 176
564 916
916 813
284 247
247 701
98 890
890 682
49 306
306 568
607 669
669 701
400 171
171 701
776 587
587 436
98 899
899 568
90 226
226 750
283 594
594 750
607 41
41 436
338 788
788 568
362 799
799 568
270 620
620 140
414 346
346 176
607 333
333 568
283 27
27 436
775 182
182 256
643 836
836 568
382 85
85 256
576 44
44 256
96 761
761 436
54 146
146 750
382 618
618 256
430 847
847 176
565 129
129 750
710 557
557 701
252 508
508 289
643 523
523 701
362 401
401 127
693 6
6 140
823 426
426 750
775 520
520 512
252 766
766 436
775 132
132 341
382 276
276 341
450 443
443 813
710 457
457 512
400 730
730 256
564 901
901 682
879 394
394 341
710 83
83 436
338 540
540 568
450 755
755 436
556 295
295 750
673 154
154 878
388 330
330 750
388 155
155 127
14 800
800 682
91 273
273 341
145 307
307 341
615 329
329 127
14 614
614 878
617 286
286 256
562 729
729 512
388 358
358 878
145 48
48 176
830 716
716 512
275 383
383 701
556 848
848 568
879 442
442 682
562 609
609 289
615 877
877 701
15 429
429 341
270 719
719 140
110 43
43 289
261 52
52 436
142 5
5 682
823 372
372 289
186 898
898 256
316 649
649 512
382 285
285 256
673 573
573 341
607 720
720 512
562 428
428 512
142 36
36 813
414 227
227 289
186 465
465 682
369 886
886 341
556 454
454 289
638 644
644 436
693 713
713 436
803 51
51 256
710 236
236 568
775 487
487 701
918 180
180 176
270 874
874 682
15 574
574 701
607 727
727 140
564 40
40 512
369 24
24 341
473 591
591 289
803 477
477 568
857 679
679 140
830 665
665 140
714 739
739 682
261 780
780 813
142 312
312 256
98 571
571 256
400 12
12 568
615 302
302 341
316 360
360 878
430 653
653 176
7 343
343 289
270 413
413 750
833 347
347 878
714 390
390 701
643 658
658 289
562 488
488 682
382 815
815 176
303 640
640 682
823 695
695 512
15 705
705 140
450 150
150 682
500 595
595 750
611 787
787 289
830 781
781 568
303 586
586 813
342 405
405 341
500 403
403 750
382 718
718 568
500 930
930 127
643 3
3 878
747 880
880 176
857 868
868 568
142 547
547 512
275 593
593 176
562 31
31 127
269 802
802 127
284 81
81 813
362 748
748 289
284 363
363 813
777 654
654 256
879 670
670 176
854 60
60 568
556 466
466 701
673 483
483 256
400 820
820 568
556 459
459 750
110 89
89 140
500 812
812 256
747 164
164 289
98 904
904 256
252 598
598 436
400 20
20 341
638 634
634 341
186 30
30 682
270 407
407 256
186 187
187 341
775 770
770 341
91 687
687 813
823 425
425 512
493 822
822 436
857 752
752 341
283 790
790 682
186 294
294 176
142 379
379 701
316 738
738 176
275 432
432 127
186 105
105 682
275 838
838 682
110 804
804 878
854 742
742 140
833 441
441 140
283 280
280 813
673 72
72 341
430 293
293 176
400 605
605 127
879 188
188 750
49 204
204 568
338 590
590 701
54 39
39 176
638 891
891 813
803 395
395 341
42 168
168 341
776 881
881 701
275 57
57 140
252 893
893 127
908 858
858 256
430 694
694 682
90 356
356 256
803 905
905 682
430 503
503 256
98 104
104 813
90 34
34 878
777 666
666 568
275 218
218 176
617 223
223 140
673 567
567 176
493 763
763 341
793 277
277 256
693 193
193 750
49 384
384 813
564 427
427 127
98 451
451 176
823 855
855 813
142 322
322 878
342 109
109 750
430 895
895 568
15 319
319 682
145 599
599 682
793 657
657 176
564 45
45 127
747 919
919 127
88 221
221 436
450 700
700 682
49 584
584 140
710 26
26 682
775 344
344 341
388 86
86 682
611 345
345 176
643 628
628 341
91 162
162 682
96 217
217 176
142 497
497 878
607 163
163 436
54 139
139 701
803 470
470 701
14 210
210 568
270 192
192 878
42 475
475 701
49 479
479 256
803 75
75 176
803 389
389 140
186 189
189 289
283 115
115 512
88 862
862 878
186 29
29 256
283 604
604 701
98 244
244 127
430 807
807 127
565 485
485 341
833 759
759 256
830 768
768 127
96 927
927 701
98 169
169 568
638 558
558 682
607 175
175 289
714 515
515 750
908 32
32 289
611 818
818 127
303 907
907 341
673 688
688 289
777 73
73 813
388 309
309 436
714 545
545 289
15 667
667 140
918 817
817 878
186 785
785 127
710 629
629 878
857 782
782 256
90 381
381 750
145 906
906 256
7 64
64 682
90 757
757 512
269 245
245 568
565 678
678 682
316 120
120 289
186 502
502 701
564 200
200 878
261 55
55 436
342 278
278 813
747 264
264 813
283 128
128 701
638 499
499 289
338 814
814 701
857 460
460 878
316 118
118 512
908 506
506 341
42 323
323 682
14 655
655 682
857 292
292 750
283 882
882 701
342 243
243 813
493 709
709 750
777 274
274 341
823 108
108 568
7 496
496 176
673 507
507 512
49 494
494 256
98 913
913 176
382 581
581 568
388 900
900 176
833 778
778 512
88 195
195 341
879 10
10 568
252 712
712 127
388 103
103 750
414 325
325 176
338 525
525 750
607 482
482 256
96 153
153 289
414 624
624 750
830 531
531 878
235 341
677 512
905 127
907 176
3 813
738 682
916 878
151 750
78 289
651 436
485 568
74 256
28 701
350 182
186 906
186 354
626 914
261 647
707 605
386 71
603 422
14 663
110 890
773 931
908 161
490 487
213 188
404 163
319 701
619 501
696 882
409 593
49 886
411 53
715 417
102 502
582 402
769 348
603 46
495 509
857 291
583 333
672 478
478 248
469 574
860 504
697 441
148 286
683 768
897 387
385 521
908 264
886 874
380 29
106 263
100 604
888 343
797 539
261 135
282 573
798 422
696 190
793 80
661 121
914 778
611 880
82 231
617 667
597 815
209 207
541 623
78 757
911 203
405 221
908 222
926 786
873 115
388 282
924 245
50 75
732 483
595 670
789 480
683 120
327 825
124 748
1 319
690 322
731 402
784 323
177 820
706 522
564 700
271 688
339 131
711 874
893 919
736 124
593 904
498 335
356 628
79 575
918 532
911 344
14 159
769 666
897 465
765 182
252 72
827 903
248 51
622 259
285 115
21 763
656 6
213 523
898 169
17 557
671 800
830 812
749 219
538 85
342 185
142 280
248 156
258 25
561 227
13 353
505 381
179 274
386 289
440 358
805 605
448 882
710 291
234 154
447 295
359 597
410 786
546 496
703 816
872 73
889 20
808 325
846 659
277 345
469 688
268 487
647 814
339 11
600 278
358 390
766 790
49 754
683 640
562 699
300 575
922 36
12 531
