5
918 1920 777
900 827
228 198
766 664
5 727
237 193
652 660
156 46
144 714
888 810
587 309
615 804
400 143
869 581
717 710
98 254
154 290
203 802
901 782
103 48
643 132
338 547
586 602
262 872
583 227
271 399
21 389
128 894
531 538
703 220
565 611
859 186
468 755
879 855
107 665
51 415
853 457
838 456
197 342
507 248
471 875
828 427
261 739
163 564
570 298
423 392
833 158
661 723
68 421
439 416
694 54
537 245
319 704
851 517
604 894
641 345
428 307
240 188
758 576
619 651
18 270
554 743
877 683
917 149
514 894
61 301
496 14
2 291
812 707
233 513
28 97
659 206
323 204
403 376
731 790
426 566
862 47
808 895
749 714
244 192
289 527
702 172
18 184
184 257
731 296
296 840
61 130
130 424
103 910
910 621
262 219
219 185
468 688
688 737
237 127
127 180
877 117
117 645
869 660
660 140
244 111
111 523
652 461
461 257
18 616
616 904
98 355
355 283
917 881
881 438
514 60
60 618
531 59
59 122
853 96
96 842
877 712
712 689
426 218
218 477
531 206
206 283
877 602
602 246
604 211
211 115
197 522
522 180
144 141
141 36
61 287
287 721
107 351
351 300
163 214
214 594
901 189
189 682
68 852
852 339
319 866
866 523
917 898
898 477
583 704
704 477
107 793
793 27
103 527
527 642
731 301
301 791
338 459
459 523
289 503
503 662
531 277
277 821
888 90
90 115
901 280
280 594
604 487
487 840
587 893
893 904
107 451
451 721
262 576
576 658
758 275
275 867
583 272
272 642
18 22
22 181
812 335
335 424
859 669
669 264
828 370
370 891
197 207
207 840
565 871
871 257
271 726
726 171
237 448
448 257
766 719
719 477
514 331
331 115
28 456
456 904
879 897
897 181
586 899
899 264
514 841
841 658
21 312
312 598
240 846
846 283
2 409
409 715
51 632
632 682
702 556
556 171
604 436
436 491
289 81
81 140
615 19
19 689
156 9
9 551
758 552
552 477
426 1
1 737
338 308
308 621
471 329
329 187
68 536
536 339
423 268
268 418
18 132
132 420
496 916
916 530
319 802
802 27
156 332
332 185
717 437
437 715
323 293
293 662
228 743
743 264
28 757
757 257
18 45
45 524
587 173
173 414
103 870
870 682
197 404
404 715
271 760
760 424
641 258
258 276
833 747
747 185
859 136
136 600
2 541
541 264
888 580
580 791
144 3
3 171
869 113
113 642
156 763
763 594
68 147
147 594
338 779
779 420
154 814
814 80
244 834
834 115
901 478
478 438
228 384
384 185
163 633
633 491
261 630
630 115
319 880
880 534
233 411
411 477
154 425
425 603
694 656
656 708
289 746
746 891
289 188
188 821
18 584
584 840
423 78
78 328
643 381
381 697
828 532
532 642
203 768
768 686
233 882
882 171
652 389
389 689
98 803
803 534
228 217
217 185
2 799
799 603
531 798
798 246
833 363
363 867
587 79
79 645
128 106
106 246
537 315
315 715
641 62
62 642
468 529
529 523
98 227
227 715
61 825
825 523
749 288
288 491
879 361
361 246
694 764
764 842
694 698
698 181
877 722
722 171
877 831
831 418
98 216
216 682
514 20
20 418
828 844
844 36
68 83
83 551
271 24
24 339
643 212
212 867
619 739
739 715
144 734
734 420
565 908
908 737
877 609
609 264
901 515
515 110
128 310
310 109
400 23
23 842
428 738
738 715
323 434
434 477
51 186
186 867
163 373
373 418
586 606
606 171
828 309
309 686
400 267
267 737
879 727
727 181
98 673
673 891
694 629
629 418
901 26
26 36
203 741
741 618
271 254
254 246
18 121
121 721
289 542
542 140
51 305
305 689
766 735
735 257
833 236
236 36
237 160
160 80
107 489
489 689
694 297
297 36
507 343
343 642
107 295
295 551
531 819
819 171
423 775
775 491
749 326
326 524
901 914
914 122
61 366
366 867
51 675
675 891
163 770
770 27
888 581
581 276
766 222
222 594
586 50
50 477
496 337
337 491
749 463
463 438
652 848
848 140
537 333
333 821
838 30
30 80
163 321
321 715
537 657
657 140
619 88
88 422
731 241
241 187
537 231
231 662
703 485
485 642
531 501
501 715
5 146
146 27
18 242
242 36
554 447
447 603
586 635
635 598
731 168
168 715
604 256
256 662
917 611
611 791
289 677
677 140
400 545
545 662
51 623
623 658
338 818
818 27
423 290
290 523
237 533
533 530
619 91
91 689
203 687
687 642
702 864
864 328
156 71
71 110
51 356
356 645
838 573
573 645
439 644
644 534
197 672
672 140
514 509
509 721
61 405
405 80
565 540
540 180
862 142
142 414
862 307
307 904
439 346
346 180
98 875
875 491
828 291
291 689
439 255
255 420
507 364
364 642
570 637
637 328
51 165
165 171
338 239
239 424
428 713
713 187
583 251
251 276
869 861
861 414
107 767
767 618
659 723
723 418
439 100
100 122
851 56
56 621
531 116
116 821
154 369
369 697
833 367
367 122
853 279
279 38
400 375
375 27
51 131
131 339
641 512
512 791
749 839
839 721
244 93
93 686
144 810
810 115
21 183
183 80
5 330
330 420
833 350
350 686
21 740
740 414
468 639
639 821
244 388
388 140
828 137
137 642
471 847
847 300
917 620
620 737
471 813
813 328
156 260
260 642
694 473
473 594
833 724
724 645
643 57
57 791
338 835
835 181
641 234
234 276
851 493
493 603
659 549
549 122
652 755
755 645
21 843
843 686
869 298
298 686
565 341
341 682
901 421
421 115
833 167
167 523
859 215
215 867
271 777
777 715
5 462
462 682
197 311
311 621
859 528
528 523
323 170
170 110
323 221
221 686
659 177
177 122
702 561
561 867
749 555
555 418
917 824
824 38
717 588
588 697
859 526
526 791
507 860
860 840
703 440
440 422
570 273
273 328
641 324
324 867
749 729
729 791
901 872
872 551
103 640
640 867
570 392
392 264
271 374
374 414
289 161
161 697
583 648
648 662
766 636
636 328
766 613
613 708
197 94
94 689
68 787
787 645
203 8
8 530
766 178
178 791
570 58
58 594
537 76
76 598
900 205
205 842
68 31
31 682
144 676
676 422
766 578
578 38
565 571
571 422
423 505
505 662
838 126
126 339
917 133
133 534
271 464
464 300
900 442
442 38
619 302
302 187
244 48
48 109
877 210
210 339
661 66
66 422
21 334
334 276
702 416
416 689
428 235
235 842
507 209
209 867
604 544
544 109
68 11
11 842
144 252
252 682
859 467
467 524
749 815
815 109
661 383
383 418
731 732
732 524
917 699
699 420
838 269
269 600
261 607
607 523
869 538
538 185
877 17
17 534
2 670
670 115
812 401
401 721
758 718
718 534
28 876
876 689
428 196
196 36
323 700
700 339
661 845
845 181
68 498
498 187
21 502
502 842
338 402
402 27
271 769
769 264
154 591
591 715
107 634
634 110
428 890
890 658
128 193
193 420
537 820
820 418
338 883
883 257
28 592
592 682
163 202
202 420
18 597
597 821
570 139
139 658
51 238
238 185
428 357
357 715
319 905
905 300
661 627
627 686
587 520
520 642
154 612
612 791
859 664
664 300
423 711
711 658
615 558
558 257
828 837
837 891
28 4
4 534
163 377
377 300
5 86
86 339
808 685
685 187
879 446
446 821
468 192
192 339
21 230
230 645
641 138
138 891
879 488
488 424
28 748
748 715
428 449
449 276
468 223
223 600
583 874
874 686
702 452
452 524
61 368
368 658
879 16
16 257
289 385
385 109
833 408
408 80
237 344
344 276
496 490
490 27
853 805
805 524
703 443
443 551
879 455
455 621
587 179
179 414
869 317
317 598
240 796
796 551
766 378
378 36
531 153
153 140
426 151
151 171
833 707
707 328
702 506
506 645
244 39
39 418
812 345
345 682
869 229
229 737
21 800
800 122
587 194
194 658
565 458
458 438
400 856
856 594
514 37
37 36
808 667
667 264
428 114
114 603
61 646
646 662
203 887
887 686
888 753
753 257
869 6
6 264
400 492
492 603
228 120
120 477
233 811
811 181
619 360
360 300
570 52
52 424
468 135
135 477
537 320
320 524
107 72
72 600
5 745
745 36
531 119
119 598
262 577
577 642
749 539
539 491
262 666
666 645
838 654
654 867
862 750
750 438
400 889
889 791
879 482
482 737
21 913
913 600
537 399
399 891
228 784
784 662
758 327
327 339
859 13
13 524
61 543
543 80
877 589
589 791
879 684
684 80
163 102
102 185
144 64
64 283
240 46
46 904
240 911
911 300
570 162
162 122
717 783
783 904
586 413
413 530
271 266
266 551
319 362
362 187
163 691
691 27
587 804
804 721
98 204
204 264
5 912
912 418
583 474
474 110
659 868
868 418
659 73
73 339
228 249
249 438
68 429
429 689
812 678
678 904
877 481
481 682
128 465
465 38
514 444
444 418
338 759
759 621
828 200
200 122
565 166
166 842
68 792
792 600
271 751
751 491
879 340
340 715
128 535
535 842
240 653
653 618
643 87
87 110
403 342
342 598
901 292
292 300
812 795
795 598
717 801
801 721
838 826
826 662
61 754
754 328
570 397
397 110
917 124
124 598
862 827
827 27
400 394
394 80
156 225
225 821
244 628
628 697
107 125
125 328
240 516
516 662
901 568
568 904
643 575
575 80
694 736
736 140
21 195
195 187
98 149
149 420
496 379
379 180
21 265
265 185
828 566
566 109
18 546
546 420
507 785
785 300
262 143
143 686
163 286
286 534
749 325
325 737
859 158
158 122
659 668
668 276
531 849
849 109
900 25
25 621
659 710
710 110
403 175
175 662
862 201
201 414
5 387
387 420
838 199
199 109
98 101
101 600
833 857
857 180
917 892
892 424
694 303
303 110
203 564
564 80
197 169
169 791
661 885
885 491
537 823
823 715
694 372
372 422
156 752
752 682
197 765
765 424
319 407
407 737
749 476
476 339
400 7
7 842
615 306
306 339
702 614
614 791
901 145
145 422
400 70
70 689
879 728
728 80
156 781
781 686
338 396
396 642
98 563
563 27
659 499
499 185
702 610
610 598
289 354
354 603
156 557
557 600
237 453
453 621
163 278
278 115
319 655
655 737
554 918
918 686
289 164
164 658
228 460
460 840
587 118
118 530
68 435
435 276
496 742
742 842
103 245
245 721
619 500
500 424
128 590
590 36
323 34
34 618
879 67
67 185
901 417
417 682
859 472
472 115
18 774
774 122
586 243
243 621
323 253
253 658
766 720
720 840
808 709
709 621
766 624
624 115
233 510
510 524
869 817
817 257
652 896
896 721
240 518
518 524
812 756
756 737
240 316
316 180
18 174
174 276
21 157
157 551
514 480
480 171
144 314
314 414
426 89
89 300
228 69
69 551
423 593
593 276
565 776
776 721
61 352
352 339
163 191
191 891
565 259
259 339
144 830
830 530
68 794
794 38
289 371
371 187
583 483
483 339
262 376
376 603
851 433
433 530
888 232
232 110
468 431
431 891
154 559
559 530
583 638
638 840
879 382
382 737
240 40
40 689
338 692
692 438
659 789
789 891
197 854
854 283
808 14
14 283
862 353
353 187
61 762
762 122
107 788
788 180
103 761
761 842
51 393
393 682
154 427
427 276
5 790
790 682
271 390
390 328
838 605
605 122
244 432
432 708
812 495
495 551
731 508
508 257
423 391
391 477
641 894
894 618
439 63
63 840
702 915
915 842
51 650
650 721
869 182
182 618
694 450
450 171
471 816
816 840
643 907
907 821
749 519
519 658
244 671
671 180
439 521
521 180
262 148
148 523
917 665
665 491
808 725
725 424
323 105
105 621
244 547
547 257
51 906
906 110
703 479
479 600
619 850
850 185
144 33
33 418
403 701
701 697
468 454
454 821
154 822
822 891
766 12
12 264
400 294
294 187
154 470
470 420
61 99
99 904
583 226
226 109
917 780
780 867
468 886
886 594
717 806
806 122
758 430
430 424
426 744
744 658
537 274
274 257
28 49
49 621
869 903
903 300
565 112
112 171
156 250
250 662
749 596
596 708
319 469
469 264
28 285
285 891
694 82
82 645
128 730
730 414
570 281
281 171
228 457
457 891
240 513
513 686
107 349
349 300
586 836
836 737
319 497
497 891
643 674
674 477
439 706
706 791
98 858
858 600
244 410
410 524
619 398
398 171
749 104
104 110
514 626
626 524
917 716
716 420
233 511
511 27
604 358
358 618
749 198
198 737
537 365
365 523
21 419
419 185
468 865
865 246
694 348
348 689
812 651
651 594
900 517
517 438
128 550
550 110
877 466
466 658
426 475
475 328
403 43
43 658
5 733
733 187
812 47
47 414
917 786
786 264
21 176
176 721
439 65
65 686
338 617
617 264
641 553
553 534
154 42
42 180
604 683
683 551
98 155
155 662
766 622
622 721
5 599
599 737
261 29
29 187
900 778
778 658
833 601
601 551
107 855
855 36
717 705
705 621
853 213
213 523
18 680
680 185
28 484
484 422
828 282
282 257
289 679
679 115
61 863
863 534
565 585
585 140
537 386
386 491
661 878
878 530
703 572
572 181
514 494
494 477
643 224
224 27
619 504
504 682
702 41
41 524
203 359
359 840
103 807
807 185
468 159
159 891
428 625
625 618
661 569
569 424
641 415
415 530
888 54
54 715
570 108
108 424
828 895
895 603
659 809
809 658
128 690
690 697
323 172
172 904
154 152
152 181
694 44
44 534
228 797
797 140
808 608
608 300
537 647
647 600
233 579
579 477
877 15
15 418
51 208
208 185
262 10
10 110
107 322
322 686
879 829
829 300
156 631
631 424
570 92
92 534
5 525
525 662
888 150
150 477
468 595
595 420
537 35
35 115
531 441
441 339
531 902
902 618
853 313
313 523
703 32
32 642
468 129
129 697
5 74
74 530
107 77
77 642
731 55
55 80
604 663
663 438
203 486
486 36
587 84
84 524
641 134
134 80
128 190
190 600
289 782
782 140
900 97
97 551
877 696
696 491
496 909
909 339
619 832
832 109
862 95
95 27
237 445
445 122
98 873
873 264
694 380
380 477
641 771
771 110
237 773
773 737
565 395
395 682
901 772
772 185
901 299
299 122
338 248
248 524
652 582
582 115
758 649
649 422
471 247
247 534
853 284
284 642
531 75
75 264
240 562
562 621
869 681
681 420
426 884
884 642
471 270
270 551
400 85
85 424
643 347
347 110
28 123
123 594
661 220
220 438
888 560
560 662
731 714
714 328
261 406
406 551
853 412
412 264
338 53
53 645
323 574
574 180
619 695
695 618
833 318
318 180
228 693
693 598
51 263
263 708
428 304
304 662
583 336
336 122
197 567
567 791
641 548
548 491
555 821
119 658
753 524
527 840
910 424
525 477
57 600
599 283
727 686
784 122
726 264
35 721
463 420
387 418
308 187
826 140
127 257
265 645
601 594
709 422
84 38
274 276
563 171
545 185
562 328
292 551
10 438
431 697
149 603
738 300
90 904
63 708
501 662
905 715
743 246
188 618
290 621
59 36
161 737
559 115
691 842
302 180
569 682
861 791
494 110
9 534
478 867
408 891
799 80
415 523
480 598
49 689
858 109
552 339
76 414
529 181
445 27
130 491
295 530
735 642
334 120
307 185
329 698
309 330
860 649
333 325
777 498
251 339
677 247
314 519
310 695
877 555
636 562
775 662
352 431
853 434
650 567
437 876
214 318
507 627
154 564
910 169
421 892
493 711
230 247
518 842
254 320
309 14
241 818
844 582
267 791
875 769
289 255
312 909
289 126
732 143
751 774
371 906
799 502
734 773
767 112
298 486
451 646
917 356
724 414
335 397
211 627
699 201
192 49
802 673
717 503
445 115
378 97
277 243
147 359
777 318
17 689
900 593
117 1
210 292
793 607
295 742
218 75
561 75
377 811
116 849
664 172
813 225
245 809
877 251
411 462
57 863
398 582
576 705
227 175
343 109
158 701
133 547
699 410
747 516
761 427
439 911
578 873
197 102
173 883
41 422
831 878
914 792
455 783
273 102
315 504
416 245
160 794
217 97
49 686
231 493
731 386
198 867
384 321
466 873
163 17
881 788
128 245
667 689
427 508
640 390
725 705
163 525
738 123
767 263
210 805
251 815
878 171
552 585
615 533
163 696
233 168
316 422
810 466
533 444
70 264
676 245
368 466
766 48
561 359
11 915
913 438
871 162
877 214
196 761
26 857
296 545
487 448
212 620
119 850
228 48
755 557
377 903
871 526
838 592
120 10
879 209
48 534
9 593
184 845
351 734
463 689
763 577
607 709
677 467
100 234
188 47
478 56
219 86
346 153
820 452
464 77
107 649
60 543
252 145
702 782
726 693
371 424
540 783
509 813
914 399
310 516
746 621
500 10
713 876
912 393
874 454
569 418
505 546
31 274
436 781
502 193
437 651
142 674
344 483
536 152
128 295
426 397
443 371
710 907
571 75
606 316
802 6
461 733
96 527
908 369
889 396
701 15
663 27
96 572
743 574
537 331
554 501
641 298
802 776
527 591
373 645
311 906
111 401
512 662
437 874
403 794
399 112
170 648
755 528
637 497
554 352
100 750
890 539
385 693
453 15
802 551
249 809
566 836
819 348
764 677
381 119
227 658
828 509
533 890
988 1848 861
97 397
685 833
305 680
441 907
322 620
265 347
249 259
480 404
959 775
87 768
453 343
166 261
212 483
29 914
186 54
557 71
536 13
364 429
53 846
633 528
285 761
865 788
253 176
303 913
554 367
355 852
319 156
278 233
159 854
565 669
638 283
409 984
333 787
817 286
426 630
662 13
394 715
462 872
302 48
899 164
844 797
540 371
960 903
861 538
251 955
864 344
45 49
501 367
130 142
888 847
811 470
525 451
77 863
150 100
174 849
550 600
84 895
884 626
657 663
699 91
700 189
879 386
505 723
433 88
590 768
337 172
688 890
188 980
70 962
565 466
466 407
97 27
27 823
817 710
710 436
557 460
460 475
285 103
103 614
278 222
222 124
959 567
567 449
565 912
912 119
844 358
358 979
525 298
298 965
409 845
845 477
212 707
707 780
557 151
151 628
212 834
834 436
453 910
910 570
130 854
854 570
45 857
857 616
265 913
913 922
501 65
65 436
337 498
498 616
97 886
886 109
565 63
63 400
355 236
236 769
505 154
154 941
97 100
100 533
394 283
283 479
505 560
560 444
960 490
490 941
159 224
224 533
433 875
875 59
462 391
391 695
188 459
459 726
554 653
653 576
688 649
649 922
688 384
384 533
505 594
594 377
29 818
818 499
53 455
455 119
84 13
13 250
899 162
162 105
565 44
44 762
426 883
883 731
337 465
465 548
333 471
471 476
501 776
776 475
633 457
457 105
426 376
376 124
959 577
577 769
888 824
824 965
888 428
428 377
364 929
929 548
303 491
491 477
861 207
207 533
662 587
587 476
265 853
853 7
657 176
176 576
426 233
233 941
29 431
431 3
565 545
545 726
899 82
82 794
540 86
86 896
811 201
201 475
188 369
369 7
278 927
927 614
657 451
451 979
29 139
139 475
302 11
11 419
844 519
519 570
700 125
125 499
638 551
551 59
433 642
642 548
249 194
194 105
817 486
486 762
700 504
504 119
525 581
581 756
638 840
840 628
888 626
626 449
884 454
454 476
536 873
873 449
355 478
478 119
565 744
744 762
249 271
271 477
186 286
286 769
817 350
350 479
700 452
452 499
462 398
398 724
817 175
175 794
884 147
147 477
480 344
344 477
188 93
93 444
249 328
328 627
97 983
983 444
84 506
506 627
394 66
66 628
322 787
787 614
253 425
425 436
557 418
418 514
540 964
964 794
657 648
648 724
536 727
727 407
333 9
9 683
174 580
580 794
319 468
468 965
84 801
801 627
817 768
768 109
285 461
461 568
253 282
282 762
364 773
773 780
394 974
974 407
453 660
660 109
97 373
373 7
844 35
35 762
540 799
799 614
319 165
165 794
70 422
422 614
130 582
582 571
688 18
18 965
188 789
789 377
322 172
172 479
265 763
763 570
700 2
2 400
278 821
821 514
811 516
516 769
700 126
126 965
844 200
200 792
97 573
573 436
462 229
229 3
557 362
362 167
364 292
292 646
501 739
739 794
685 645
645 475
884 95
95 514
265 89
89 548
337 850
850 695
525 180
180 475
865 934
934 695
130 785
785 794
130 317
317 905
557 52
52 896
441 895
895 449
285 88
88 724
959 803
803 576
212 267
267 905
394 78
78 941
633 323
323 941
53 544
544 479
879 758
758 618
700 399
399 111
305 257
257 627
188 947
947 3
333 784
784 731
45 978
978 570
364 830
830 769
888 313
313 499
251 405
405 417
811 889
889 59
265 184
184 794
638 583
583 109
166 923
923 449
554 893
893 533
700 223
223 823
337 678
678 905
462 357
357 533
959 552
552 570
166 508
508 417
166 64
64 73
303 746
746 570
884 932
932 111
364 976
976 780
285 709
709 533
884 4
4 119
540 579
579 941
811 515
515 726
657 779
779 417
265 127
127 477
278 849
849 941
319 205
205 823
409 890
890 417
394 379
379 614
97 894
894 59
662 607
607 792
53 802
802 533
501 961
961 407
501 210
210 109
394 68
68 792
453 199
199 571
364 281
281 444
212 43
43 568
159 944
944 762
550 684
684 167
337 469
469 965
811 869
869 479
899 610
610 905
811 880
880 724
501 221
221 683
77 537
537 250
53 900
900 646
662 113
113 499
480 574
574 105
536 609
609 111
844 232
232 570
355 868
868 570
53 629
629 628
188 443
443 683
174 378
378 792
188 192
192 949
960 831
831 436
249 624
624 965
700 235
235 250
53 804
804 449
186 67
67 794
817 951
951 905
501 132
132 979
884 655
655 695
278 714
714 514
480 446
446 105
817 572
572 476
394 764
764 124
251 5
5 167
409 49
49 105
662 730
730 436
409 562
562 616
633 860
860 683
699 152
152 59
45 372
372 979
77 160
160 576
251 586
586 479
426 315
315 716
633 600
600 419
355 356
356 419
480 346
346 167
959 866
866 628
525 380
380 109
550 393
393 769
865 21
21 59
557 155
155 716
186 138
138 571
251 374
374 756
700 760
760 119
251 397
397 762
884 289
289 499
505 190
190 476
662 371
371 499
337 984
984 731
303 15
15 794
864 141
141 111
700 507
507 726
662 713
713 111
700 136
136 407
364 826
826 769
302 42
42 780
879 24
24 905
77 968
968 780
322 926
926 769
186 698
698 499
186 339
339 949
960 825
825 769
480 902
902 949
278 19
19 576
662 967
967 780
174 722
722 896
87 161
161 477
565 432
432 979
84 697
697 570
29 558
558 792
861 112
112 109
303 901
901 792
355 122
122 73
130 952
952 533
303 957
957 417
884 412
412 628
337 71
71 628
305 492
492 731
662 32
32 769
278 16
16 477
278 185
185 436
319 252
252 475
166 430
430 444
394 310
310 949
540 290
290 571
960 981
981 407
302 733
733 109
212 330
330 250
865 588
588 949
77 247
247 896
278 701
701 250
888 149
149 400
864 414
414 568
188 218
218 400
174 343
343 571
884 608
608 59
557 835
835 514
462 640
640 377
899 749
749 627
333 747
747 419
303 157
157 627
97 33
33 922
865 74
74 896
302 327
327 477
879 717
717 105
550 863
863 724
426 781
781 570
688 729
729 780
453 859
859 731
638 564
564 475
453 456
456 618
70 187
187 407
453 169
169 695
174 788
788 73
844 75
75 618
657 437
437 109
884 970
970 571
278 931
931 979
285 245
245 762
166 114
114 695
525 62
62 477
166 891
891 570
688 307
307 514
212 85
85 449
817 612
612 548
174 527
527 627
685 389
389 627
959 669
669 111
557 153
153 922
590 810
810 407
97 975
975 792
441 79
79 576
811 819
819 762
355 948
948 499
865 659
659 570
278 442
442 475
638 318
318 444
305 681
681 762
278 424
424 965
899 217
217 124
186 772
772 407
45 306
306 3
811 458
458 823
70 1
1 476
501 696
696 73
249 320
320 941
337 272
272 922
480 832
832 109
590 670
670 941
322 261
261 475
536 770
770 695
557 754
754 479
864 837
837 724
251 816
816 571
462 173
173 250
888 620
620 73
53 12
12 905
501 96
96 417
265 121
121 646
84 363
363 417
77 470
470 417
811 276
276 792
525 918
918 400
700 882
882 792
888 925
925 949
960 336
336 59
186 881
881 695
150 936
936 756
550 134
134 616
453 737
737 716
565 748
748 965
557 40
40 614
864 277
277 716
453 189
189 479
251 197
197 400
278 872
872 731
305 603
603 905
662 481
481 762
302 668
668 965
480 791
791 124
536 20
20 568
265 585
585 716
166 956
956 417
540 30
30 756
394 955
955 627
159 808
808 792
453 530
530 3
212 605
605 377
540 413
413 417
174 512
512 499
53 805
805 614
501 484
484 436
265 556
556 949
505 416
416 250
186 497
497 726
844 46
46 726
265 566
566 73
899 348
348 105
960 867
867 570
364 427
427 792
811 715
715 476
550 28
28 683
817 23
23 762
811 897
897 105
960 254
254 571
565 94
94 979
865 226
226 762
150 301
301 59
130 213
213 769
337 345
345 716
501 342
342 167
29 263
263 965
699 402
402 726
159 375
375 417
879 689
689 905
305 266
266 499
501 671
671 377
409 83
83 616
865 953
953 436
426 181
181 419
166 939
939 769
265 755
755 941
45 635
635 571
29 806
806 449
550 438
438 780
700 25
25 922
29 388
388 548
959 238
238 979
453 578
578 419
817 798
798 616
525 619
619 568
212 652
652 618
130 563
563 449
305 786
786 436
303 191
191 475
159 58
58 979
505 838
838 105
322 555
555 646
462 599
599 965
130 382
382 646
688 966
966 627
960 198
198 419
249 604
604 628
525 534
534 571
265 793
793 965
817 987
987 400
540 140
140 476
441 219
219 436
212 359
359 949
84 680
680 614
394 521
521 905
186 589
589 109
557 986
986 479
285 743
743 419
899 120
120 726
865 842
842 922
657 774
774 941
959 958
958 111
480 846
846 476
557 37
37 444
811 885
885 124
554 654
654 618
305 340
340 548
884 360
360 756
188 547
547 109
265 92
92 167
87 420
420 449
685 246
246 614
130 61
61 756
150 584
584 377
884 783
783 794
505 595
595 119
662 464
464 949
87 214
214 979
409 759
759 419
188 741
741 109
550 765
765 400
278 766
766 922
188 598
598 475
480 8
8 479
212 182
182 477
285 116
116 616
433 553
553 109
174 735
735 514
817 495
495 628
159 133
133 419
865 264
264 618
480 106
106 407
844 338
338 646
302 569
569 475
97 982
982 762
212 943
943 570
186 500
500 111
337 761
761 124
188 171
171 105
540 309
309 479
45 368
368 479
525 117
117 400
688 390
390 119
29 341
341 250
285 410
410 73
525 601
601 628
811 596
596 695
355 980
980 731
657 591
591 400
433 822
822 105
441 353
353 124
864 924
924 449
699 485
485 979
29 906
906 444
864 334
334 3
865 406
406 167
426 862
862 941
278 299
299 949
844 502
502 533
540 349
349 377
188 706
706 436
188 531
531 476
150 202
202 965
536 72
72 167
844 227
227 646
251 22
22 724
657 259
259 614
426 767
767 124
638 76
76 896
251 973
973 111
188 260
260 628
557 870
870 618
888 509
509 716
70 526
526 109
888 123
123 167
409 31
31 769
150 314
314 794
174 523
523 109
480 790
790 109
844 47
47 905
159 919
919 444
536 196
196 479
426 304
304 614
633 216
216 479
278 164
164 949
159 268
268 570
884 575
575 570
700 244
244 628
364 663
663 407
525 472
472 548
186 636
636 646
130 938
938 616
253 593
593 683
540 977
977 476
811 972
972 250
888 736
736 695
253 193
193 792
212 694
694 514
186 847
847 780
53 262
262 119
899 914
914 646
685 110
110 716
633 170
170 616
864 208
208 576
87 674
674 724
441 128
128 119
364 702
702 905
700 971
971 896
899 178
178 444
394 177
177 3
186 324
324 476
253 107
107 436
305 631
631 726
590 665
665 614
540 347
347 896
70 146
146 407
249 549
549 105
685 828
828 119
638 69
69 979
355 963
963 979
462 386
386 756
409 606
606 731
319 494
494 576
212 630
630 726
888 721
721 724
319 54
54 726
159 118
118 627
265 38
38 571
662 48
48 949
337 280
280 571
462 256
256 726
550 725
725 3
394 241
241 823
337 712
712 568
959 898
898 716
322 434
434 756
960 158
158 724
884 91
91 823
53 248
248 436
278 852
852 477
888 820
820 568
45 538
538 436
700 17
17 571
861 354
354 769
959 656
656 614
77 543
543 124
699 335
335 568
565 673
673 436
159 26
26 419
688 796
796 979
130 704
704 683
865 720
720 475
355 903
903 905
29 381
381 167
480 60
60 449
657 440
440 105
688 270
270 167
441 664
664 614
302 827
827 475
685 718
718 417
45 421
421 73
590 90
90 476
590 524
524 479
817 56
56 109
249 55
55 896
53 396
396 477
364 675
675 7
278 104
104 614
188 969
969 449
97 520
520 419
150 279
279 533
864 535
535 400
554 228
228 568
159 940
940 568
166 703
703 731
525 287
287 731
87 916
916 419
557 836
836 616
699 871
871 570
322 753
753 417
305 874
874 124
505 641
641 618
333 274
274 568
53 751
751 769
638 613
613 762
426 632
632 109
554 439
439 417
305 686
686 576
633 81
81 726
453 408
408 124
817 411
411 377
865 365
365 769
959 617
617 780
536 539
539 941
70 839
839 941
879 795
795 922
77 517
517 377
166 561
561 949
879 942
942 479
77 528
528 417
84 928
928 979
888 493
493 794
879 206
206 979
884 308
308 570
337 892
892 780
278 288
288 756
394 529
529 476
394 851
851 965
959 807
807 756
337 856
856 896
550 661
661 7
590 273
273 726
426 513
513 731
525 676
676 475
45 255
255 792
303 145
145 499
453 203
203 124
960 467
467 105
657 463
463 896
536 448
448 731
150 933
933 73
453 429
429 377
150 51
51 823
884 195
195 499
355 435
435 756
188 275
275 618
305 962
962 794
861 691
691 726
565 367
367 726
685 621
621 628
557 687
687 646
699 14
14 616
865 692
692 762
864 750
750 73
861 667
667 695
480 231
231 250
453 672
672 905
409 511
511 119
303 142
142 250
590 708
708 576
960 682
682 571
409 920
920 7
864 858
858 627
590 510
510 762
130 215
215 377
480 385
385 570
188 101
101 499
251 658
658 979
462 542
542 419
70 403
403 449
662 34
34 449
319 366
366 716
285 488
488 646
253 329
329 533
960 690
690 571
441 6
6 475
249 225
225 616
685 209
209 119
77 243
243 716
699 39
39 476
960 921
921 533
480 423
423 105
53 797
797 731
811 732
732 618
251 392
392 618
699 911
911 499
638 651
651 59
817 401
401 7
811 637
637 407
53 237
237 479
505 643
643 73
333 954
954 568
554 156
156 716
305 240
240 105
960 294
294 105
657 650
650 59
888 220
220 3
337 622
622 119
590 876
876 941
394 295
295 794
45 312
312 756
688 204
204 407
84 293
293 576
688 98
98 965
662 904
904 548
84 10
10 965
525 99
99 576
433 855
855 726
278 644
644 73
212 848
848 614
249 36
36 965
501 878
878 105
550 532
532 499
865 447
447 941
77 907
907 568
959 50
50 475
188 143
143 683
251 950
950 167
305 592
592 965
501 115
115 109
633 211
211 896
159 234
234 941
302 728
728 731
864 705
705 616
959 258
258 3
302 815
815 548
285 489
489 109
130 915
915 477
45 242
242 628
166 985
985 905
699 988
988 683
166 738
738 614
817 909
909 724
688 361
361 124
166 325
325 794
433 102
102 756
186 80
80 109
844 782
782 167
394 757
757 905
322 546
546 419
590 647
647 724
501 937
937 59
159 383
383 119
319 57
57 476
212 300
300 3
433 833
833 716
536 297
297 949
319 812
812 724
212 395
395 419
884 814
814 377
688 311
311 479
540 946
946 419
861 752
752 119
166 719
719 716
53 321
321 444
433 813
813 475
879 639
639 73
285 541
541 571
844 559
559 762
844 634
634 514
212 387
387 792
811 518
518 475
811 711
711 59
285 615
615 476
337 41
41 514
278 331
331 905
333 445
445 417
355 163
163 548
174 230
230 7
959 137
137 449
87 677
677 167
865 679
679 716
45 597
597 616
550 450
450 476
159 415
415 780
174 503
503 896
536 168
168 979
699 778
778 449
700 917
917 449
699 496
496 119
864 734
734 477
84 742
742 7
285 351
351 905
53 740
740 726
685 841
841 475
319 131
131 794
899 332
332 616
53 296
296 571
688 291
291 568
462 473
473 476
811 800
800 941
319 522
522 628
554 144
144 111
662 908
908 794
186 474
474 941
166 108
108 444
888 930
930 571
960 316
316 823
29 666
666 724
212 135
135 614
394 129
129 568
441 602
602 400
501 935
935 475
186 625
625 475
540 723
723 444
700 148
148 628
166 183
183 756
87 269
269 627
959 352
352 407
77 745
745 479
525 326
326 417
480 611
611 449
557 693
693 119
150 775
775 627
540 483
483 769
879 487
487 724
212 284
284 616
253 777
777 941
844 945
945 477
355 239
239 614
87 404
404 548
409 179
179 905
70 877
877 479
550 887
887 3
565 623
623 618
77 370
370 628
505 771
771 627
251 843
843 724
394 809
809 731
590 829
829 614
441 482
482 419
751 417
493 627
542 59
539 124
372 407
172 896
370 618
69 568
909 533
367 979
830 250
366 576
371 479
569 780
613 965
57 3
915 716
403 377
945 628
541 444
758 570
195 695
670 105
732 614
415 419
472 726
325 476
559 792
86 724
622 646
295 683
437 7
361 477
846 400
277 548
611 514
311 823
591 922
270 762
789 499
937 167
141 436
900 949
667 119
526 941
585 73
980 449
765 756
35 905
503 475
800 571
55 731
813 794
258 616
257 111
903 1855 799
479 268
746 562
794 592
453 244
615 287
848 608
280 86
604 711
281 763
484 266
377 410
441 302
181 107
526 843
440 516
285 229
272 34
780 422
161 516
738 895
252 265
610 796
578 779
384 188
546 112
732 707
569 320
306 841
897 461
7 166
448 86
415 823
234 84
855 867
883 885
82 151
304 356
18 329
747 477
436 866
30 666
714 343
305 846
187 892
677 6
619 395
899 572
455 78
528 267
872 443
509 313
818 385
390 508
630 834
431 74
799 553
361 99
499 312
874 574
176 561
48 880
359 755
37 172
735 673
278 288
720 173
40 353
768 840
465 425
801 99
601 800
227 139
142 434
468 674
890 477
144 267
92 863
143 532
154 875
467 842
639 208
3 421
194 257
658 133
465 68
68 753
453 422
422 580
431 901
901 381
569 391
391 221
526 793
793 42
252 190
190 529
455 485
485 42
468 242
242 335
484 237
237 716
30 689
689 647
569 843
843 471
448 321
321 381
768 838
838 647
499 452
452 365
899 463
463 471
441 795
795 529
732 616
616 381
436 427
427 360
7 186
186 647
604 183
183 289
768 357
357 213
176 64
64 753
3 293
293 102
441 51
51 290
855 548
548 97
227 31
31 97
578 65
65 289
484 47
47 182
415 477
477 97
48 486
486 471
468 654
654 102
154 624
624 221
630 108
108 893
187 652
652 529
441 330
330 97
48 313
313 97
801 80
80 529
746 49
49 471
526 206
206 529
818 852
852 42
285 854
854 97
455 53
53 580
639 600
600 42
440 513
513 471
610 875
875 182
18 808
808 753
890 170
170 290
272 84
84 290
455 712
712 335
467 853
853 360
278 59
59 289
37 503
503 182
361 205
205 529
658 257
257 360
619 493
493 201
82 162
162 753
848 816
816 289
526 78
78 213
465 829
829 201
874 158
158 893
37 207
207 716
546 585
585 580
546 217
217 753
639 369
369 42
441 457
457 716
18 490
490 97
890 300
300 753
285 642
642 893
738 491
491 753
306 370
370 201
872 551
551 335
18 871
871 289
361 105
105 335
897 75
75 381
448 329
329 213
780 435
435 289
359 235
235 893
194 229
229 381
384 139
139 381
499 772
772 97
431 85
85 42
720 857
857 647
735 224
224 529
677 532
532 893
720 146
146 647
639 315
315 335
278 497
497 335
37 634
634 102
194 163
163 335
194 731
731 213
601 214
214 42
735 126
126 647
181 685
685 381
143 169
169 221
227 715
715 290
285 336
336 221
281 368
368 381
615 596
596 97
176 88
88 290
883 339
339 529
7 882
882 580
448 298
298 182
546 830
830 42
154 164
164 471
436 442
442 97
234 247
247 365
187 81
81 716
639 392
392 290
499 478
478 716
415 316
316 289
3 649
649 102
546 83
83 213
40 741
741 893
181 594
594 335
855 17
17 201
82 100
100 471
735 474
474 716
732 61
61 213
468 756
756 42
377 895
895 716
234 765
765 201
234 171
171 97
7 155
155 201
30 660
660 360
306 710
710 289
252 157
157 221
144 570
570 716
601 73
73 201
285 275
275 716
499 819
819 335
735 420
420 182
252 788
788 182
735 608
608 647
154 856
856 102
479 653
653 42
630 696
696 42
738 599
599 335
361 136
136 365
735 530
530 201
630 459
459 97
799 331
331 97
569 835
835 213
801 416
416 753
615 476
476 716
377 680
680 335
890 204
204 97
899 67
67 182
479 353
353 529
746 489
489 289
732 109
109 213
601 307
307 753
415 121
121 716
281 611
611 647
7 159
159 580
384 167
167 221
484 898
898 360
639 41
41 716
7 325
325 182
161 184
184 290
431 454
454 716
440 577
577 647
528 271
271 471
799 409
409 221
154 399
399 289
194 269
269 335
40 775
775 360
30 301
301 201
677 572
572 221
48 536
536 647
142 742
742 893
578 757
757 647
18 547
547 42
578 868
868 893
855 502
502 289
799 383
383 529
441 501
501 42
359 606
606 335
304 492
492 893
738 641
641 381
234 208
208 753
578 683
683 753
390 655
655 201
630 216
216 753
306 754
754 335
18 322
322 647
658 323
323 647
874 554
554 290
440 117
117 893
601 535
535 529
872 389
389 289
732 483
483 580
479 723
723 289
615 745
745 360
601 458
458 360
161 668
668 221
252 674
674 893
181 134
134 97
848 550
550 213
794 612
612 647
359 703
703 102
278 605
605 471
874 837
837 647
604 129
129 471
227 60
60 893
468 344
344 381
465 759
759 213
855 180
180 289
801 220
220 893
3 575
575 360
848 758
758 360
154 371
371 360
272 694
694 893
720 691
691 360
732 555
555 580
390 287
287 213
578 743
743 471
455 428
428 647
578 318
318 471
306 531
531 893
161 506
506 290
142 736
736 381
7 62
62 529
436 832
832 360
658 265
265 102
630 777
777 290
272 701
701 289
677 243
243 365
569 378
378 290
285 620
620 365
415 111
111 365
384 498
498 471
855 593
593 716
227 726
726 290
161 349
349 42
746 430
430 289
720 74
74 365
280 363
363 381
441 708
708 289
48 568
568 335
658 13
13 716
40 774
774 201
181 749
749 182
735 778
778 716
484 160
160 580
306 494
494 471
359 86
86 360
732 274
274 529
639 812
812 471
768 864
864 290
285 152
152 893
479 141
141 365
436 523
523 716
499 781
781 580
677 518
518 893
181 785
785 102
569 670
670 290
735 665
665 290
747 559
559 471
526 77
77 213
883 623
623 647
92 504
504 335
874 101
101 201
658 903
903 102
431 887
887 471
467 150
150 365
601 508
508 647
306 135
135 381
234 348
348 381
714 687
687 289
509 713
713 182
479 2
2 102
176 99
99 381
897 669
669 753
658 355
355 335
569 24
24 201
546 32
32 102
604 110
110 182
899 98
98 42
714 118
118 647
181 286
286 529
384 236
236 471
278 27
27 290
801 789
789 716
484 626
626 381
40 598
598 360
619 345
345 290
18 115
115 893
714 200
200 647
181 866
866 42
768 394
394 42
144 725
725 182
18 558
558 529
234 90
90 102
738 461
461 529
7 519
519 471
252 400
400 182
897 574
574 471
144 166
166 97
479 72
72 716
799 836
836 290
768 721
721 335
818 303
303 893
578 429
429 360
735 424
424 716
499 892
892 381
780 215
215 182
528 165
165 529
82 511
511 102
465 462
462 471
604 131
131 335
801 797
797 893
615 254
254 290
855 557
557 580
143 396
396 360
746 661
661 290
377 686
686 580
528 562
562 647
619 884
884 647
234 425
425 647
484 876
876 201
526 258
258 335
305 297
297 97
455 727
727 289
448 380
380 716
883 413
413 365
440 514
514 893
161 766
766 381
92 512
512 381
448 119
119 529
187 372
372 201
30 635
635 580
799 314
314 102
305 717
717 201
780 798
798 290
377 433
433 201
801 582
582 97
306 356
356 102
440 270
270 580
658 659
659 213
465 814
814 381
142 889
889 102
359 282
282 97
304 813
813 182
285 841
841 647
7 773
773 360
143 232
232 201
509 673
673 893
306 96
96 42
738 755
755 102
37 648
648 201
143 95
95 365
278 412
412 529
732 567
567 335
897 71
71 290
578 419
419 893
630 734
734 290
40 341
341 471
187 52
52 471
546 880
880 213
746 595
595 182
48 844
844 97
738 521
521 716
176 38
38 529
181 76
76 290
799 185
185 647
82 786
786 201
194 191
191 360
305 347
347 580
377 681
681 381
799 19
19 716
610 103
103 360
154 401
401 580
677 12
12 893
359 350
350 716
92 364
364 221
526 43
43 529
176 873
873 201
468 327
327 213
194 253
253 753
619 617
617 716
569 544
544 102
455 173
173 290
7 56
56 290
194 178
178 97
874 292
292 716
187 637
637 201
448 724
724 102
272 827
827 221
227 566
566 893
154 264
264 647
848 69
69 753
455 151
151 102
3 770
770 471
899 636
636 471
509 319
319 381
227 633
633 213
794 405
405 716
252 107
107 360
227 310
310 102
431 104
104 290
639 8
8 381
479 317
317 716
455 763
763 213
658 643
643 221
610 877
877 289
48 123
123 182
440 261
261 213
3 807
807 221
92 382
382 471
144 358
358 580
431 44
44 753
234 867
867 289
899 328
328 97
453 737
737 893
3 195
195 753
176 244
244 753
610 294
294 213
82 288
288 97
768 744
744 42
738 112
112 647
252 94
94 221
801 678
678 221
780 58
58 471
37 790
790 290
578 672
672 893
714 263
263 289
747 411
411 213
872 276
276 381
227 188
188 647
181 23
23 381
855 87
87 365
285 792
792 647
194 607
607 290
448 114
114 42
509 704
704 647
448 128
128 335
848 806
806 381
18 722
722 893
897 776
776 102
872 240
240 97
465 279
279 213
431 407
407 221
37 834
834 335
440 248
248 529
604 414
414 381
40 402
402 753
7 573
573 529
569 352
352 580
479 846
846 365
285 426
426 221
18 896
896 365
143 783
783 182
440 850
850 529
252 291
291 221
578 351
351 753
720 21
21 365
546 638
638 221
194 192
192 647
768 177
177 753
440 878
878 289
768 748
748 580
272 125
125 335
526 250
250 335
677 825
825 647
569 179
179 221
720 20
20 647
37 651
651 360
281 817
817 42
677 539
539 335
306 410
410 893
848 828
828 580
658 709
709 753
48 888
888 471
732 124
124 580
377 698
698 365
639 702
702 182
154 760
760 42
735 209
209 753
455 406
406 201
92 312
312 97
453 439
439 335
441 33
33 97
431 481
481 647
465 447
447 647
142 55
55 580
154 79
79 335
176 470
470 289
3 881
881 221
526 719
719 97
735 581
581 102
630 693
693 580
780 784
784 97
161 602
602 529
467 423
423 102
161 676
676 360
569 543
543 360
509 564
564 335
377 739
739 529
440 525
525 102
899 239
239 221
509 645
645 753
176 260
260 221
528 70
70 893
848 894
894 471
801 886
886 290
48 133
133 716
601 549
549 221
899 859
859 42
677 589
589 471
768 631
631 753
801 822
822 580
436 675
675 529
818 295
295 360
630 769
769 213
252 811
811 335
384 50
50 42
3 228
228 42
48 302
302 289
194 404
404 381
569 337
337 580
161 437
437 97
448 663
663 893
181 1
1 290
3 444
444 213
630 15
15 201
377 116
116 893
509 762
762 289
601 640
640 289
546 106
106 893
890 472
472 753
604 646
646 471
714 527
527 716
747 482
482 529
768 657
657 335
154 863
863 213
441 36
36 529
848 849
849 647
890 621
621 529
897 35
35 201
601 16
16 360
448 39
39 182
610 28
28 335
738 147
147 42
872 823
823 360
677 552
552 97
441 587
587 529
801 515
515 213
304 189
189 365
604 870
870 290
176 682
682 102
509 761
761 290
306 149
149 529
467 815
815 213
234 740
740 213
440 5
5 102
415 34
34 42
738 629
629 716
7 779
779 381
436 771
771 221
794 91
91 182
455 268
268 471
883 839
839 893
306 545
545 580
187 534
534 42
658 561
561 647
448 752
752 42
415 820
820 647
872 625
625 201
801 296
296 893
92 421
421 381
639 609
609 893
7 618
618 213
280 560
560 360
440 847
847 529
3 311
311 97
37 256
256 182
227 782
782 471
82 684
684 213
415 148
148 290
272 366
366 290
499 730
730 471
578 800
800 893
154 137
137 102
453 175
175 471
227 324
324 716
509 579
579 893
794 885
885 471
272 398
398 360
714 764
764 365
30 695
695 716
40 791
791 201
872 397
397 102
440 563
563 381
48 469
469 381
526 153
153 716
181 219
219 213
187 656
656 221
448 667
667 289
280 496
496 289
658 540
540 102
194 156
156 182
3 249
249 360
194 26
26 289
306 833
833 97
390 245
245 335
874 379
379 529
601 309
309 182
615 751
751 529
194 283
283 97
187 418
418 213
280 542
542 42
18 679
679 335
658 586
586 716
601 900
900 290
453 592
592 102
899 510
510 753
18 460
460 471
872 662
662 201
855 218
218 360
569 66
66 381
18 644
644 893
377 4
4 647
639 733
733 360
619 865
865 182
30 671
671 360
630 388
388 529
453 334
334 580
883 707
707 335
479 614
614 42
7 556
556 716
18 487
487 753
436 697
697 753
227 505
505 471
361 507
507 365
747 374
374 893
467 517
517 381
154 432
432 182
569 700
700 182
569 168
168 201
176 231
231 42
431 262
262 580
818 333
333 716
711 365
639 628
628 201
436 541
541 335
48 767
767 381
187 802
802 213
768 386
386 213
610 238
238 289
7 233
233 201
40 246
246 221
92 500
500 201
509 456
456 97
615 464
464 753
735 193
193 716
143 89
89 365
499 650
650 213
479 445
445 580
305 443
443 42
181 320
320 893
306 29
29 213
92 403
403 360
161 199
199 213
92 571
571 182
227 750
750 365
801 805
805 213
714 14
14 42
252 10
10 102
818 826
826 213
899 533
533 471
3 332
332 753
305 113
113 365
484 824
824 221
799 346
346 471
181 718
718 213
732 225
225 102
7 138
138 716
187 408
408 381
227 174
174 753
768 690
690 42
305 273
273 335
484 132
132 335
747 622
622 716
899 284
284 365
677 342
342 97
7 810
810 529
897 520
520 289
615 475
475 529
455 417
417 182
890 376
376 213
234 705
705 290
441 255
255 716
176 803
803 221
455 202
202 580
377 809
809 365
37 664
664 753
436 93
93 201
234 11
11 365
619 197
197 360
252 387
387 580
747 446
446 647
142 692
692 42
738 729
729 529
714 449
449 102
890 57
57 102
48 450
450 647
569 45
45 471
144 259
259 290
732 22
22 182
899 879
879 365
40 438
438 289
799 127
127 365
306 861
861 471
465 603
603 893
818 842
842 753
546 473
473 289
278 434
434 365
384 6
6 471
252 63
63 893
304 537
537 360
144 869
869 213
278 553
553 471
639 251
251 335
181 804
804 529
384 9
9 580
30 308
308 381
619 688
688 213
281 576
576 893
142 130
130 381
161 326
326 580
154 354
354 360
735 25
25 716
285 395
395 529
468 632
632 753
37 584
584 893
720 583
583 182
801 385
385 289
285 845
845 381
738 787
787 201
285 267
267 471
899 375
375 381
361 46
46 716
897 122
122 529
818 338
338 716
82 796
796 221
280 488
488 716
569 393
393 365
509 591
591 360
359 831
831 716
359 902
902 221
465 196
196 365
181 480
480 580
883 862
862 365
234 597
597 182
768 241
241 42
467 54
54 580
578 211
211 97
280 466
466 716
780 588
588 182
154 266
266 201
794 203
203 335
499 728
728 97
615 223
223 182
181 172
172 365
484 145
145 182
306 226
226 471
227 538
538 471
144 299
299 753
720 565
565 381
361 495
495 360
479 362
362 290
601 699
699 753
465 230
230 42
883 198
198 221
187 343
343 365
436 373
373 716
747 613
613 97
285 666
666 102
732 851
851 213
37 120
120 580
484 210
210 381
883 860
860 893
467 140
140 201
441 522
522 647
227 222
222 182
468 840
840 289
252 451
451 360
604 340
340 201
48 524
524 381
390 277
277 335
361 821
821 42
361 627
627 716
639 590
590 365
855 516
516 42
818 212
212 753
455 367
367 335
630 858
858 290
601 891
891 289
509 706
706 893
742 182
500 529
423 893
156 289
592 290
840 753
871 97
857 102
498 580
525 42
552 471
73 365
355 716
829 221
737 647
477 213
756 201
200 381
833 335
888 360
731 814
684 251
773 609
474 460
383 711
246 299
406 469
634 74
785 112
754 76
143 811
235 508
155 203
765 579
449 385
392 687
551 396
846 769
379 632
126 371
229 814
416 827
83 881
177 586
396 54
355 784
836 9
463 376
756 116
614 480
318 437
463 382
470 172
859 810
359 309
396 529
118 260
400 131
846 283
606 709
897 239
224 637
86 133
742 179
404 729
548 444
819 559
599 451
315 87
685 332
408 230
518 471
280 559
353 814
462 347
327 137
4 845
413 631
380 488
854 730
2 813
773 500
254 380
491 557
571 308
98 541
677 691
234 2
20 367
537 140
533 824
822 346
352 221
664 290
48 275
492 320
658 786
601 579
852 459
180 518
37 402
749 443
272 462
391 320
551 567
114 199
323 373
43 505
180 629
368 492
35 11
38 806
142 582
848 159
377 226
526 411
884 617
578 567
396 698
486 197
883 340
766 398
889 560
674 76
142 709
278 369
372 776
589 113
407 505
635 192
383 319
765 197
261 309
836 412
297 587
872 202
704 93
704 407
819 334
540 632
575 113
141 77
875 673
206 627
379 438
171 221
477 810
615 880
345 629
209 434
56 800
509 473
734 584
169 506
654 218
418 524
436 776
200 590
50 273
673 434
237 70
732 339
163 401
86 785
775 686
548 174
515 475
604 841
144 591
623 376
714 711
330 88
509 674
24 39
944 1949 849
85 573
858 294
895 229
664 236
753 108
350 832
738 446
171 616
609 78
492 633
307 263
622 214
133 483
62 394
332 93
735 764
15 580
650 149
103 145
163 805
645 404
733 226
168 225
712 676
899 243
917 141
491 92
735 652
652 505
622 23
23 167
917 387
387 763
332 631
631 382
171 78
78 637
733 161
161 135
858 416
416 717
664 808
808 516
168 150
150 561
163 566
566 541
85 69
69 316
103 186
186 574
168 556
556 279
733 476
476 367
103 615
615 561
103 693
693 790
171 10
10 165
895 101
101 763
492 358
358 936
735 928
928 107
62 487
487 52
133 481
481 18
645 170
170 432
899 295
295 316
753 437
437 648
491 80
80 760
917 847
847 768
332 845
845 788
664 731
731 382
133 44
44 717
917 380
380 813
899 451
451 521
103 368
368 505
609 426
426 760
15 226
226 920
712 155
155 717
735 261
261 589
899 60
60 561
332 30
30 717
664 796
796 818
171 708
708 279
163 90
90 107
753 859
859 679
650 943
943 795
133 571
571 574
735 169
169 360
15 238
238 757
917 632
632 107
15 771
771 316
609 929
929 18
163 341
341 219
738 527
527 617
858 694
694 763
85 34
34 790
622 711
711 338
650 117
117 235
15 900
900 904
895 537
537 779
133 924
924 443
895 24
24 713
350 658
658 135
491 793
793 589
350 409
409 760
168 102
102 919
735 767
767 788
307 854
854 757
664 914
914 398
733 688
688 18
85 826
826 52
664 258
258 757
85 130
130 768
163 385
385 516
133 777
777 135
712 89
89 827
753 154
154 151
350 644
644 242
85 563
563 327
664 53
53 911
858 276
276 340
103 769
769 151
664 898
898 561
738 29
29 118
650 84
84 779
332 328
328 443
753 910
910 707
895 218
218 717
735 399
399 105
738 419
419 275
168 605
605 219
735 47
47 853
650 199
199 316
712 461
461 779
735 166
166 338
133 392
392 790
492 200
200 335
738 159
159 717
171 607
607 505
895 363
363 763
491 484
484 918
85 125
125 279
753 40
40 367
712 197
197 760
753 752
752 707
733 343
343 505
622 803
803 790
163 774
774 768
899 477
477 919
350 208
208 763
85 885
885 561
738 262
262 763
753 128
128 310
171 569
569 219
664 206
206 853
103 233
233 648
712 660
660 589
899 810
810 398
163 542
542 177
168 45
45 936
609 723
723 432
62 132
132 242
307 897
897 707
163 210
210 219
895 143
143 310
650 121
121 918
307 21
21 432
899 244
244 679
645 129
129 118
133 178
178 713
168 781
781 561
753 192
192 516
168 909
909 827
163 198
198 617
350 626
626 504
62 805
805 713
15 912
912 904
917 890
890 398
133 441
441 432
733 247
247 574
664 684
684 763
62 702
702 561
62 807
807 167
917 445
445 679
858 518
518 279
332 4
4 918
332 204
204 219
350 113
113 313
85 397
397 856
307 499
499 904
85 277
277 118
491 513
513 795
491 802
802 853
332 833
833 367
895 11
11 340
650 926
926 105
753 406
406 713
85 627
627 135
62 318
318 617
733 526
526 505
350 73
73 919
15 278
278 757
85 655
655 919
712 361
361 504
15 586
586 918
491 528
528 561
753 843
843 275
168 35
35 432
753 743
743 779
664 823
823 904
858 431
431 818
332 269
269 768
650 349
349 707
609 49
49 279
609 602
602 574
917 551
551 338
917 50
50 18
85 944
944 313
492 251
251 589
733 559
559 856
350 281
281 398
492 540
540 637
733 565
565 779
15 618
618 313
753 457
457 813
103 142
142 637
163 190
190 504
664 149
149 52
917 229
229 275
664 880
880 918
171 535
535 788
85 412
412 920
664 821
821 18
664 719
719 637
350 636
636 617
168 98
98 279
15 147
147 316
163 730
730 717
735 557
557 105
664 450
450 167
738 291
291 107
168 544
544 813
491 872
872 707
622 582
582 310
917 345
345 135
899 657
657 177
492 674
674 918
168 628
628 18
609 378
378 340
492 882
882 316
650 140
140 853
609 421
421 242
712 131
131 398
858 841
841 367
350 12
12 856
753 302
302 87
895 635
635 504
103 249
249 504
899 16
16 516
622 86
86 177
307 798
798 235
858 418
418 574
738 28
28 918
858 207
207 813
350 922
922 382
609 634
634 443
163 33
33 813
609 706
706 521
733 365
365 18
168 124
124 717
171 722
722 360
753 742
742 788
738 629
629 52
609 297
297 779
609 522
522 151
899 333
333 574
738 194
194 310
645 475
475 335
492 923
923 279
168 824
824 316
62 255
255 107
753 881
881 279
645 614
614 443
858 92
92 105
650 272
272 813
609 111
111 920
664 195
195 390
350 58
58 360
103 716
716 717
735 299
299 853
492 651
651 707
917 224
224 795
168 180
180 717
15 429
429 707
917 324
324 779
899 744
744 242
133 309
309 919
917 203
203 367
332 414
414 432
171 191
191 505
168 624
624 279
168 623
623 818
650 74
74 279
609 866
866 275
609 188
188 52
733 220
220 911
738 588
588 541
622 369
369 279
350 534
534 177
622 448
448 521
350 388
388 853
895 761
761 335
168 703
703 505
163 148
148 637
163 865
865 918
735 692
692 107
650 141
141 574
171 868
868 589
622 698
698 338
168 25
25 763
645 405
405 918
858 590
590 617
650 119
119 382
85 838
838 853
645 587
587 360
858 597
597 827
85 453
453 327
62 403
403 788
609 465
465 91
307 581
581 516
895 174
174 589
899 227
227 398
899 480
480 813
735 740
740 505
307 284
284 648
650 317
317 827
645 621
621 768
753 454
454 91
350 144
144 310
899 407
407 87
712 264
264 275
332 762
762 520
650 452
452 760
85 691
691 795
917 906
906 241
622 428
428 813
491 138
138 757
733 593
593 367
168 440
440 275
332 183
183 241
609 595
595 788
733 553
553 589
307 230
230 87
491 884
884 87
622 506
506 432
735 836
836 242
15 396
396 360
350 271
271 338
350 64
64 338
85 81
81 165
738 265
265 105
622 681
681 707
622 930
930 707
645 860
860 637
133 937
937 327
85 48
48 707
609 179
179 504
103 482
482 637
307 549
549 768
85 630
630 367
332 715
715 310
712 550
550 18
917 253
253 432
133 55
55 313
85 344
344 118
332 670
670 919
650 442
442 788
858 678
678 340
85 225
225 911
168 724
724 768
609 401
401 382
168 825
825 390
350 146
146 617
307 234
234 91
645 362
362 151
307 599
599 443
171 455
455 757
622 524
524 637
62 577
577 313
491 548
548 235
899 65
65 574
350 529
529 310
62 446
446 242
163 381
381 936
332 585
585 340
895 601
601 279
899 321
321 275
753 187
187 327
85 560
560 520
85 875
875 338
332 5
5 504
332 511
511 91
664 669
669 135
171 329
329 398
753 411
411 241
735 160
160 118
133 831
831 167
895 903
903 165
650 778
778 757
917 266
266 919
895 697
697 648
899 666
666 856
895 435
435 235
307 809
809 52
609 289
289 165
133 905
905 313
307 883
883 242
350 301
301 561
899 181
181 918
491 817
817 827
753 267
267 617
895 136
136 505
171 647
647 335
917 243
243 757
307 425
425 443
895 259
259 541
15 417
417 52
350 331
331 52
664 633
633 52
712 530
530 920
307 507
507 18
895 215
215 382
650 356
356 760
616 107
350 721
721 52
609 886
886 105
62 656
656 760
895 126
126 541
332 205
205 795
103 254
254 541
753 685
685 707
62 422
422 911
738 641
641 920
85 232
232 813
712 764
764 118
895 469
469 310
85 772
772 505
753 611
611 340
712 606
606 919
171 348
348 818
350 829
829 589
650 570
570 241
712 473
473 235
103 869
869 707
712 355
355 18
650 211
211 788
858 376
376 637
133 934
934 920
62 649
649 617
171 394
394 367
899 734
734 679
85 933
933 390
171 292
292 520
171 839
839 52
645 239
239 135
171 115
115 717
15 539
539 327
664 391
391 432
168 686
686 574
895 503
503 165
62 846
846 904
307 939
939 18
650 71
71 504
85 83
83 390
163 42
42 360
895 913
913 340
332 88
88 107
163 315
315 504
712 689
689 911
163 887
887 717
168 591
591 520
492 415
415 779
899 500
500 390
895 427
427 275
103 709
709 904
858 786
786 313
133 325
325 763
645 305
305 713
712 517
517 827
492 896
896 52
491 444
444 360
133 296
296 904
307 728
728 788
492 490
490 853
895 568
568 779
307 196
196 52
350 439
439 335
917 575
575 788
307 336
336 521
350 351
351 574
332 347
347 338
491 214
214 504
664 286
286 516
753 745
745 327
733 663
663 18
645 642
642 936
307 816
816 679
650 830
830 707
712 300
300 788
332 373
373 241
622 799
799 367
609 366
366 617
858 389
389 717
168 739
739 360
62 543
543 340
168 862
862 788
858 791
791 904
645 867
867 398
350 676
676 717
15 377
377 327
735 908
908 382
622 424
424 648
858 789
789 818
609 7
7 760
171 610
610 167
735 554
554 167
133 941
941 919
858 646
646 338
858 940
940 135
664 9
9 589
753 402
402 505
650 523
523 561
171 600
600 757
733 889
889 241
622 603
603 520
899 479
479 310
133 840
840 242
332 308
308 167
133 653
653 91
899 156
156 235
307 820
820 367
735 430
430 367
163 22
22 818
622 849
849 541
738 741
741 516
332 604
604 637
645 1
1 788
332 434
434 316
645 573
573 151
622 525
525 367
622 379
379 813
733 546
546 918
491 497
497 679
622 257
257 760
917 638
638 617
650 755
755 813
735 120
120 763
168 460
460 768
307 268
268 165
622 326
326 432
332 94
94 107
307 370
370 516
163 852
852 167
917 164
164 340
332 502
502 920
350 478
478 135
645 217
217 335
171 765
765 617
753 303
303 920
609 819
819 853
103 319
319 757
899 320
320 118
858 250
250 242
917 519
519 760
171 109
109 904
738 31
31 920
895 863
863 520
168 14
14 390
899 592
592 382
163 364
364 219
171 256
256 918
753 879
879 516
895 671
671 936
491 467
467 818
168 282
282 382
609 705
705 338
664 112
112 360
492 173
173 107
332 61
61 521
738 891
891 275
307 725
725 382
753 822
822 327
645 108
108 91
492 672
672 398
917 193
193 516
733 386
386 390
492 787
787 788
171 583
583 367
62 814
814 516
622 870
870 335
858 162
162 279
168 942
942 135
62 374
374 757
738 857
857 316
168 562
562 617
350 489
489 504
307 806
806 779
645 96
96 167
491 274
274 920
753 433
433 918
171 547
547 760
133 794
794 561
858 780
780 818
738 153
153 87
895 850
850 338
735 293
293 219
332 495
495 107
332 464
464 904
735 100
100 790
171 834
834 338
733 408
408 757
622 751
751 313
133 323
323 904
103 337
337 279
171 139
139 398
307 842
842 310
168 311
311 107
645 749
749 338
753 902
902 707
917 639
639 790
492 578
578 504
735 801
801 589
753 750
750 589
622 228
228 279
622 486
486 541
168 185
185 504
168 687
687 338
168 393
393 235
753 613
613 813
62 2
2 779
103 677
677 87
735 246
246 911
738 594
594 91
858 835
835 679
350 737
737 177
332 718
718 707
168 921
921 338
171 775
775 219
103 579
579 167
492 330
330 105
307 558
558 617
753 70
70 52
895 612
612 327
650 260
260 165
163 322
322 338
609 747
747 516
307 39
39 310
733 754
754 617
664 6
6 505
85 720
720 813
171 263
263 335
168 696
696 717
163 372
372 165
738 270
270 713
733 580
580 617
492 75
75 87
858 252
252 382
735 625
625 382
622 509
509 279
103 901
901 574
664 935
935 313
645 76
76 768
664 532
532 790
899 837
837 367
103 51
51 241
753 134
134 760
917 662
662 911
307 673
673 151
712 248
248 310
738 659
659 813
350 770
770 713
858 496
496 520
895 494
494 165
712 8
8 367
622 510
510 520
15 536
536 936
858 436
436 827
622 285
285 87
492 353
353 920
85 665
665 521
350 878
878 177
899 680
680 617
307 176
176 521
895 746
746 648
491 756
756 617
622 472
472 919
62 766
766 589
171 925
925 87
753 608
608 135
712 892
892 398
650 458
458 91
492 855
855 521
858 237
237 856
917 714
714 367
895 449
449 313
664 459
459 443
712 927
927 853
491 145
145 177
350 314
314 135
168 776
776 637
332 438
438 648
15 675
675 561
917 759
759 382
163 876
876 177
645 152
152 637
103 231
231 242
645 32
32 763
712 20
20 541
858 290
290 313
733 871
871 818
735 683
683 338
163 420
420 589
895 19
19 574
735 515
515 589
712 222
222 818
163 38
38 313
738 36
36 679
917 202
202 679
735 851
851 118
307 357
357 310
895 175
175 795
733 748
748 151
491 864
864 757
62 726
726 118
307 727
727 827
332 82
82 853
163 182
182 813
645 471
471 911
85 371
371 788
645 667
667 310
492 304
304 310
895 17
17 235
712 298
298 165
171 95
95 936
168 59
59 788
753 413
413 561
664 533
533 219
103 93
93 87
350 466
466 275
15 873
873 118
332 209
209 617
168 13
13 648
899 512
512 504
858 400
400 327
664 828
828 18
622 280
280 648
645 564
564 275
917 447
447 91
895 395
395 505
609 932
932 235
738 596
596 398
163 773
773 505
62 907
907 919
735 555
555 338
307 56
56 367
609 514
514 853
645 462
462 541
15 572
572 904
622 104
104 936
735 700
700 853
917 157
157 679
735 294
294 91
609 584
584 279
650 654
654 713
650 620
620 813
15 545
545 177
917 375
375 574
133 223
223 717
62 661
661 768
133 212
212 87
103 470
470 516
899 37
37 241
350 383
383 151
171 938
938 390
491 283
283 107
753 334
334 827
899 488
488 91
899 501
501 541
62 240
240 398
491 57
57 679
492 699
699 790
307 116
116 135
133 306
306 520
899 531
531 790
103 384
384 919
15 877
877 338
133 342
342 316
645 99
99 177
85 792
792 768
332 43
43 338
307 79
79 167
491 456
456 310
738 46
46 795
622 287
287 853
917 916
916 443
491 915
915 617
163 67
67 505
85 485
485 853
171 106
106 107
645 861
861 904
733 567
567 219
917 245
245 504
738 3
3 827
664 538
538 118
735 54
54 617
899 463
463 856
650 797
797 813
738 598
598 18
332 41
41 360
738 783
783 520
492 832
832 795
171 354
354 177
307 695
695 788
622 423
423 717
103 184
184 713
622 812
812 589
103 682
682 504
735 201
201 18
735 888
888 818
404 760
171 640
640 617
664 172
172 505
609 498
498 911
168 72
72 788
733 493
493 936
491 63
63 91
712 468
468 813
738 474
474 327
753 483
483 443
307 236
236 279
85 221
221 118
609 844
844 505
491 346
346 717
735 893
893 135
712 137
137 52
753 815
815 717
103 668
668 313
103 704
704 242
307 931
931 398
917 804
804 717
171 508
508 760
85 359
359 768
858 848
848 105
712 288
288 505
491 68
68 91
163 729
729 779
332 643
643 151
753 273
273 920
62 576
576 107
332 690
690 919
492 110
110 813
917 785
785 589
307 758
758 219
735 158
158 135
738 784
784 520
712 123
123 521
171 189
189 853
609 27
27 398
645 339
339 920
622 114
114 165
103 874
874 135
350 732
732 679
85 312
312 135
858 213
213 904
62 552
552 757
735 26
26 516
62 710
710 241
899 127
127 327
622 97
97 91
645 782
782 779
332 77
77 936
650 352
352 505
163 736
736 827
307 122
122 648
917 66
66 853
350 619
619 757
163 894
894 504
609 410
410 779
733 701
701 313
712 216
216 827
171 811
811 107
858 800
800 313
874 505
268 18
3 91
159 275
556 335
932 177
358 617
869 757
665 911
478 516
485 241
800 713
153 918
675 340
566 398
465 637
428 235
272 135
371 707
478 52
27 242
305 443
473 316
659 763
278 790
891 310
545 87
586 279
698 432
923 768
306 561
68 827
186 853
39 818
441 390
395 795
209 904
657 574
361 313
676 360
773 520
670 504
339 856
930 338
128 151
922 779
38 788
301 541
11 521
315 382
262 327
20 936
213 167
75 648
123 118
737 717
784 760
743 165
885 813
828 219
41 589
370 679
283 105
523 107
703 919
355 367
6 861
50 932
215 748
593 471
74 695
29 534
762 553
350 359
369 775
735 57
33 506
386 464
124 709
121 775
318 63
169 660
129 144
881 83
297 470
718 726
847 919
480 594
493 763
333 695
149 51
378 765
778 760
819 390
11 552
934 382
220 714
814 757
63 785
681 114
426 862
406 95
83 9
247 506
674 906
53 649
169 375
111 71
450 546
709 334
571 675
307 3
719 574
315 68
418 550
21 402
238 6
381 903
12 267
15 525
171 270
624 813
453 788
610 108
832 813
571 440
740 525
297 844
218 570
807 194
691 279
258 938
233 861
691 115
586 716
388 520
35 515
900 585
144 116
699 41
249 347
724 462
665 758
214 776
303 367
205 286
178 791
796 37
254 707
476 402
855 287
134 420
526 755
15 627
15 488
627 538
667 783
387 183
170 276
161 688
412 748
188 815
915 668
576 904
60 614
179 643
5 818
902 584
881 721
734 3
176 758
261 354
132 864
762 400
328 897
924 667
350 855
912 671
582 383
101 874
37 920
86 930
34 697
147 468
455 765
29 740
180 713
407 88
726 818
549 640
123 918
491 182
47 784
281 509
202 516
769 575
715 567
160 701
638 120
492 924
587 453
317 75
776 514
935 127
499 462
484 446
102 228
940 521
664 787
190 816
181 110
84 205
262 73
487 183
548 471
767 743
740 907
476 6
666 122
170 213
117 500
439 596
160 336
399 209
933 1900 757
523 55
51 779
461 683
250 866
841 720
590 551
310 153
187 342
572 47
259 898
210 342
875 575
182 686
484 711
549 598
579 823
677 414
597 800
625 866
738 349
462 271
347 167
190 90
321 323
583 337
774 767
290 450
479 104
209 770
513 3
452 552
611 681
116 223
457 246
133 61
410 718
545 881
65 860
796 756
125 167
538 15
399 21
764 104
535 929
234 684
642 335
930 476
366 830
757 889
356 206
168 87
143 486
233 26
928 783
222 58
865 530
768 874
306 433
687 845
628 903
744 715
216 385
465 261
331 492
191 803
617 641
778 217
68 639
383 726
162 219
189 740
858 552
857 337
584 508
296 881
32 734
364 1
446 26
616 476
235 609
644 914
863 28
44 16
658 26
589 1
680 422
597 641
641 728
658 82
82 932
125 406
406 226
625 286
286 737
461 767
767 180
331 567
567 86
617 386
386 916
928 692
692 416
44 223
223 420
410 404
404 17
116 703
703 688
930 770
770 327
687 459
459 416
863 1
1 309
187 694
694 907
658 236
236 88
457 475
475 859
865 42
42 270
187 896
896 438
928 287
287 463
457 439
439 602
235 184
184 263
143 661
661 724
796 867
867 86
658 450
450 533
310 192
192 890
523 881
881 648
928 89
89 828
611 421
421 859
687 213
213 771
383 860
860 269
549 9
9 448
523 343
343 176
744 425
425 416
677 701
701 415
875 436
436 724
644 127
127 420
611 271
271 415
216 247
247 269
366 73
73 648
190 898
898 416
774 196
196 675
583 135
135 332
125 153
153 828
687 124
124 568
44 705
705 612
865 646
646 91
356 894
894 229
259 482
482 828
233 740
740 416
187 842
842 664
191 850
850 737
116 206
206 463
628 731
731 293
347 264
264 415
642 585
585 654
625 317
317 507
744 820
820 315
457 85
85 178
457 487
487 916
191 660
660 463
162 453
453 270
234 702
702 122
875 814
814 561
210 822
822 91
65 745
745 527
538 807
807 608
461 808
808 777
642 160
160 747
461 559
559 568
572 563
563 777
331 323
323 932
182 381
381 737
461 775
775 855
290 586
586 596
410 5
5 263
366 873
873 226
768 678
678 533
642 809
809 221
331 165
165 777
125 371
371 269
738 215
215 566
597 171
171 420
757 159
159 221
462 251
251 448
364 470
470 374
757 923
923 724
366 385
385 38
410 736
736 292
513 569
569 438
222 495
495 299
863 277
277 907
364 156
156 17
446 879
879 469
597 152
152 316
191 295
295 771
774 90
90 610
590 718
718 41
366 435
435 675
133 802
802 178
399 13
13 293
484 581
581 804
589 557
557 777
778 108
108 648
32 698
698 129
658 512
512 372
210 228
228 50
930 634
634 420
187 349
349 114
857 613
613 859
865 801
801 804
209 551
551 566
875 55
55 138
865 853
853 905
778 825
825 332
233 844
844 737
764 871
871 932
191 529
529 129
757 198
198 176
590 789
789 648
764 558
558 818
535 571
571 608
875 891
891 368
44 726
726 905
865 440
440 566
928 532
532 821
65 710
710 86
290 164
164 315
865 727
727 859
410 784
784 257
796 447
447 420
589 564
564 695
590 691
691 309
677 262
262 17
116 670
670 610
290 458
458 368
857 541
541 292
116 521
521 648
189 901
901 828
865 686
686 176
642 540
540 91
774 324
324 602
399 382
382 907
133 231
231 374
484 467
467 672
658 278
278 299
479 334
334 17
65 219
219 890
764 671
671 299
235 3
3 309
744 163
163 527
774 279
279 507
356 887
887 633
611 320
320 96
125 172
172 91
545 758
758 907
644 580
580 91
572 594
594 533
32 722
722 114
462 515
515 309
290 426
426 777
658 402
402 17
399 98
98 654
462 285
285 821
250 640
640 180
778 336
336 777
44 369
369 415
356 609
609 122
347 725
725 688
744 908
908 612
625 11
11 932
222 623
623 229
611 794
794 612
306 667
667 438
383 39
39 86
680 601
601 2
452 329
329 17
841 831
831 855
321 812
812 41
233 663
663 438
356 868
868 797
597 111
111 41
642 570
570 797
535 284
284 905
774 690
690 368
216 813
813 905
65 258
258 596
597 704
704 828
143 587
587 724
930 230
230 777
125 103
103 62
452 899
899 837
233 826
826 818
549 464
464 652
538 478
478 916
774 762
762 612
616 115
115 777
764 69
69 672
774 8
8 309
116 185
185 695
579 619
619 415
234 605
605 176
465 800
800 327
611 419
419 50
628 97
97 469
259 799
799 675
250 282
282 299
796 734
734 837
457 840
840 138
768 902
902 566
680 455
455 96
452 525
525 859
549 396
396 122
687 330
330 675
597 177
177 309
366 244
244 818
216 759
759 818
863 378
378 652
583 829
829 183
32 636
636 828
738 592
592 420
625 431
431 180
259 302
302 86
168 629
629 269
757 882
882 327
857 174
174 648
189 84
84 724
644 920
920 315
32 442
442 728
538 203
203 374
865 460
460 412
764 208
208 114
865 651
651 675
687 307
307 263
549 80
80 96
321 516
516 332
222 599
599 737
310 904
904 412
738 267
267 368
356 77
77 652
513 359
359 316
44 99
99 438
462 472
472 293
216 707
707 114
310 78
78 797
617 414
414 88
523 562
562 507
841 852
852 438
757 816
816 469
182 403
403 771
457 137
137 416
125 754
754 372
484 101
101 140
658 110
110 821
187 918
918 561
611 553
553 533
523 434
434 254
44 696
696 226
209 211
211 263
347 36
36 859
677 662
662 821
356 18
18 315
549 679
679 86
331 197
197 648
757 542
542 612
233 919
919 420
549 476
476 17
738 468
468 41
259 232
232 62
583 241
241 374
875 205
205 17
589 805
805 568
44 790
790 855
616 405
405 724
744 785
785 932
744 333
333 855
738 926
926 416
611 363
363 602
462 746
746 633
687 856
856 527
616 682
682 374
133 782
782 855
209 505
505 86
259 380
380 771
410 735
735 566
210 93
93 654
549 576
576 292
233 57
57 299
347 684
684 855
321 7
7 416
538 931
931 309
579 713
713 448
513 94
94 176
233 560
560 695
611 291
291 129
535 650
650 88
233 741
741 309
399 432
432 438
210 498
498 932
216 862
862 315
625 638
638 138
768 25
25 309
865 220
220 664
364 256
256 728
465 653
653 890
366 917
917 728
290 377
377 316
259 238
238 463
310 169
169 675
590 689
689 932
182 148
148 907
687 645
645 122
677 910
910 688
461 870
870 178
461 531
531 254
796 674
674 533
210 520
520 415
32 175
175 38
182 497
497 602
738 488
488 566
168 607
607 420
738 400
400 533
182 911
911 140
168 779
779 907
841 449
449 270
364 245
245 420
858 849
849 804
545 933
933 818
597 365
365 463
306 74
74 766
366 810
810 907
461 35
35 932
857 123
123 859
858 276
276 293
222 874
874 818
233 510
510 828
757 37
37 648
366 79
79 114
677 715
715 257
366 154
154 907
628 312
312 257
875 795
795 837
479 539
539 122
597 477
477 747
216 417
417 292
133 407
407 907
858 573
573 533
738 395
395 416
796 781
781 86
857 391
391 859
579 830
830 664
687 76
76 533
744 491
491 122
32 827
827 654
296 536
536 229
133 655
655 96
658 717
717 96
234 95
95 688
628 358
358 797
321 433
433 412
757 574
574 861
310 288
288 612
680 798
798 890
310 107
107 368
182 647
647 257
133 46
46 648
235 305
305 299
930 578
578 416
259 752
752 368
290 130
130 654
116 311
311 315
589 273
273 88
190 200
200 527
757 147
147 566
572 149
149 2
774 824
824 88
590 214
214 602
628 161
161 469
259 665
665 469
841 239
239 633
738 913
913 664
841 31
31 907
796 833
833 88
446 504
504 527
187 134
134 561
32 878
878 633
572 121
121 129
572 136
136 568
290 506
506 122
410 157
157 728
642 48
48 416
764 128
128 270
642 350
350 176
190 792
792 664
465 424
424 176
778 626
626 648
235 835
835 648
866 596
331 418
418 448
306 352
352 608
930 428
428 463
579 346
346 91
589 272
272 652
928 526
526 263
625 242
242 183
768 615
615 38
187 340
340 797
462 733
733 568
168 66
66 652
399 815
815 568
410 224
224 176
125 700
700 747
32 119
119 448
841 112
112 178
222 755
755 695
347 729
729 777
189 749
749 566
191 408
408 257
331 274
274 633
347 486
486 818
616 266
266 327
628 401
401 140
677 298
298 293
584 54
54 412
513 900
900 374
484 357
357 533
778 793
793 229
32 398
398 890
617 301
301 372
366 319
319 688
687 834
834 777
513 139
139 828
32 281
281 916
863 43
43 566
235 217
217 608
222 354
354 374
410 243
243 303
310 188
188 315
617 227
227 527
116 659
659 837
584 783
783 270
513 577
577 724
250 709
709 91
182 314
314 41
774 883
883 771
452 390
390 890
583 297
297 907
321 423
423 568
462 721
721 129
331 787
787 180
584 179
179 561
162 499
499 86
625 897
897 299
399 656
656 766
658 517
517 469
347 308
308 270
928 697
697 821
930 313
313 114
125 906
906 828
125 30
30 561
930 328
328 728
549 819
819 269
841 565
565 633
125 643
643 771
545 893
893 17
757 501
501 114
858 485
485 737
143 252
252 771
187 289
289 88
187 903
903 415
930 929
929 292
875 838
838 654
191 518
518 50
863 848
848 254
841 876
876 648
863 673
673 38
462 845
845 416
572 511
511 633
68 880
880 263
858 204
204 17
465 144
144 327
644 445
445 114
209 444
444 316
677 397
397 469
168 666
666 695
584 10
10 91
399 552
552 420
579 598
598 861
364 40
40 415
738 341
341 568
462 627
627 561
366 318
318 229
32 606
606 821
513 325
325 771
250 454
454 138
446 342
342 855
590 922
922 527
465 490
490 797
768 67
67 270
189 56
56 412
858 522
522 178
875 304
304 122
209 361
361 610
572 473
473 315
259 544
544 568
234 49
49 269
857 338
338 416
658 355
355 438
584 26
26 316
32 58
58 309
535 322
322 527
222 832
832 837
399 502
502 176
841 635
635 766
584 620
620 855
928 6
6 533
545 237
237 448
383 348
348 527
744 886
886 129
383 732
732 309
210 593
593 62
209 631
631 122
347 474
474 176
768 367
367 448
841 60
60 612
642 889
889 804
410 927
927 828
410 379
379 932
187 772
772 766
189 248
248 38
680 924
924 568
680 225
225 608
190 117
117 837
597 604
604 469
628 126
126 608
222 261
261 270
523 70
70 368
538 514
514 38
259 72
72 448
133 854
854 612
628 494
494 372
858 719
719 38
133 20
20 664
628 750
750 420
290 376
376 327
187 912
912 62
857 193
193 176
584 29
29 608
757 64
64 905
572 716
716 533
187 780
780 737
535 23
23 907
523 218
218 372
356 71
71 610
296 914
914 777
189 443
443 2
446 430
430 229
738 181
181 2
545 603
603 229
306 158
158 17
479 649
649 420
680 786
786 777
583 427
427 804
768 413
413 797
44 492
492 374
306 600
600 183
410 113
113 652
513 534
534 777
841 669
669 804
216 146
146 610
259 921
921 818
310 756
756 257
32 212
212 180
572 411
411 507
364 500
500 38
642 15
15 96
597 621
621 566
875 362
362 612
865 14
14 221
306 353
353 178
465 240
240 374
65 100
100 688
545 201
201 907
642 760
760 527
738 351
351 412
930 892
892 448
259 45
45 270
190 595
595 309
658 47
47 932
290 12
12 821
452 202
202 724
383 275
275 315
744 141
141 327
545 375
375 374
310 260
260 91
462 537
537 327
182 104
104 737
162 59
59 299
738 554
554 588
399 466
466 596
549 142
142 114
774 199
199 907
462 105
105 724
290 614
614 309
479 791
791 905
446 547
547 38
744 509
509 368
210 326
326 38
513 194
194 327
757 699
699 86
168 170
170 932
549 742
742 180
259 528
528 293
189 888
888 292
930 337
337 293
545 519
519 777
545 283
283 122
51 81
81 588
290 839
839 293
930 132
132 303
452 847
847 50
182 27
27 2
190 384
384 254
768 387
387 263
857 151
151 176
774 622
622 114
628 618
618 463
452 720
720 299
168 806
806 368
259 102
102 533
116 155
155 561
796 714
714 664
250 776
776 533
584 480
480 932
579 75
75 527
452 429
429 183
168 751
751 737
930 52
52 588
162 166
166 303
51 53
53 916
538 685
685 777
768 706
706 293
687 186
186 269
331 761
761 566
190 109
109 178
857 503
503 818
738 339
339 448
233 836
836 469
928 441
441 299
306 711
711 588
462 769
769 905
857 131
131 416
125 884
884 905
189 846
846 797
930 389
389 263
625 388
388 299
347 683
683 221
930 409
409 327
306 173
173 797
65 207
207 327
549 895
895 17
589 657
657 610
538 872
872 374
644 265
265 332
538 681
681 178
191 34
34 527
579 481
481 299
863 676
676 114
625 87
87 309
774 345
345 654
461 556
556 292
841 637
637 303
590 530
530 527
579 773
773 315
399 877
877 269
549 817
817 916
479 708
708 257
216 33
33 818
347 61
61 2
858 437
437 412
744 575
575 596
549 373
373 855
133 63
63 140
857 246
246 932
611 632
632 292
44 753
753 438
250 16
16 469
875 167
167 855
778 280
280 96
484 885
885 648
768 393
393 86
235 823
823 507
628 508
508 672
191 524
524 588
125 765
765 533
774 83
83 837
44 360
360 890
68 743
743 633
841 550
550 416
461 394
394 837
209 268
268 229
32 422
422 688
51 344
344 299
233 19
19 596
410 864
864 372
857 24
24 226
858 392
392 415
290 582
582 728
457 763
763 332
162 748
748 612
583 925
925 463
321 195
195 602
774 869
869 828
250 120
120 728
457 300
300 178
658 335
335 420
143 253
253 777
774 915
915 561
658 21
21 368
457 106
106 610
764 739
739 50
44 843
843 293
65 255
255 114
644 851
851 533
535 118
118 229
545 92
92 905
597 370
370 777
597 4
4 129
65 639
639 38
168 788
788 695
235 803
803 566
209 624
624 38
310 28
28 299
331 543
543 672
189 483
483 818
222 723
723 804
399 249
249 664
465 294
294 183
233 548
548 183
584 451
451 602
410 693
693 114
545 471
471 596
841 712
712 828
399 546
546 507
642 909
909 270
410 145
145 303
461 496
496 17
796 630
630 507
841 22
22 315
133 730
730 469
168 456
456 828
535 591
591 610
778 555
555 374
182 668
668 309
617 811
811 86
841 489
489 91
364 150
150 269
190 493
493 138
741 469
536 62
273 818
692 292
494 327
514 374
541 654
874 96
803 907
83 916
7 50
473 737
413 861
99 648
5 664
115 91
854 254
820 415
742 821
646 612
464 766
770 777
13 463
231 293
926 588
205 828
640 608
380 183
824 229
344 368
581 332
149 263
630 86
225 672
288 309
733 180
360 226
812 747
799 533
43 507
895 269
261 724
621 416
836 303
4 299
754 932
277 695
171 176
595 178
899 88
521 257
76 41
338 316
649 129
67 17
543 420
606 596
467 140
455 633
917 122
336 114
902 797
450 602
876 270
258 905
607 837
340 652
710 804
929 527
9 412
511 315
208 561
696 568
808 675
238 438
785 138
102 2
105 372
557 566
683 448
710 610
343 688
274 221
156 855
305 38
9 890
536 859
405 771
280 728
392 588
338 714
920 226
629 261
192 339
634 756
323 471
908 550
152 637
85 839
720 817
64 23
6 756
177 664
215 265
752 733
449 389
841 353
925 639
440 746
18 92
623 150
579 493
366 600
729 40
813 107
125 202
9 426
586 59
147 114
333 733
258 147
174 181
838 848
30 289
386 903
866 803
193 769
323 517
640 777
509 269
139 554
156 488
778 562
655 6
762 61
399 260
726 358
842 530
908 606
182 172
717 839
288 339
541 493
559 284
515 428
168 712
768 405
552 122
584 245
398 227
820 792
264 909
125 681
233 487
419 220
746 501
286 152
678 640
239 732
101 240
190 815
491 240
863 734
195 788
235 466
795 193
868 88
169 803
655 791
564 151
694 179
223 132
901 400
215 552
673 547
559 647
354 888
289 890
705 35
377 693
279 441
540 515
908 102
571 418
160 305
509 471
850 339
189 900
877 114
153 741
713 560
881 916
506 398
844 177
764 495
713 721
152 43
645 318
197 546
192 705
184 731
801 551
645 655
220 128
886 773
244 161
641 436
772 855
883 283
491 70
450 384
917 739
302 520
431 76
774 121
290 21
542 83
82 100
410 742
355 226
772 811
1 165
857 56
191 478
64 681
564 373
80 723
814 748
446 494
586 304
248 27
382 900
565 117
868 854
571 56
99 847
694 576
199 509
73 185
182 554
419 188
273 40
513 704
233 194
126 438
318 131
298 24
583 918
762 375
870 12
600 843
443 415
457 808
801 576
73 181
758 391
891 758
5 181
314 669
165 197
128 412
277 498
77 113
504 379
75 788
439 177
490 49
250 490
520 494
735 927
826 509
497 31
484 69
798 866
802 638
525 791
578 227
494 17
881 889
132 332
5 893
858 428
191 847
569 643
816 766
247 384
78 912
156 887
213 903
616 74
682 224
402 776
243 719
51 342
792 437
511 422
281 379
686 111
484 295
