1
4655 9631 4373
4136 2482
168 1909
2899 574
2702 2234
2953 3631
3255 1457
1702 417
3161 2239
2493 1172
1406 9
68 3372
3212 3993
2582 588
4588 320
1006 2651
1039 1833
1188 3879
1802 1584
2208 4077
2796 3570
2701 683
755 356
4486 4068
841 3623
735 696
3904 4183
864 1393
2618 851
2890 2013
3444 790
3675 3152
3054 1914
4323 4576
4380 874
4430 2859
3403 2917
4053 3565
2016 2681
3292 1042
3986 2849
1093 2426
1473 348
4636 1696
1390 4436
759 227
3931 734
1523 2834
4365 2063
1559 3441
3824 3035
1779 2522
433 2074
873 1236
3071 694
1506 1132
788 179
2271 2717
3755 4529
4400 932
3209 1950
3680 565
2642 4215
3983 2010
3897 630
3047 4183
1347 1448
72 1000
2528 460
2914 4078
67 1438
4465 3473
1023 3490
1318 4343
2367 1727
376 728
3424 2569
2749 3869
2980 3833
1995 4422
1001 3846
4248 436
774 3557
349 2496
1643 2599
2029 3547
2450 3281
4417 1477
3286 3317
2399 258
4121 2176
1538 3776
2976 3093
1972 2035
3053 4531
4126 3683
843 964
2401 2053
4601 1685
2119 4612
1822 1550
2602 2091
3333 566
82 1966
4169 2530
1291 2179
2448 357
1447 343
1219 2951
3318 3394
388 2244
724 2463
1056 4603
641 2510
1830 4214
2936 785
665 1865
738 736
2641 1857
4024 1350
1417 2971
3373 30
723 3208
2303 2115
605 2789
2286 3712
986 4188
196 2266
2122 4165
1288 3922
1939 2283
662 381
1085 394
21 4189
4242 2486
3120 108
1351 1492
4234 1989
2478 1864
3962 3523
2760 2686
937 3889
1883 2503
253 2172
323 1046
45 1901
2784 4420
385 2828
3597 689
1041 2456
4520 3307
628 1895
2683 2696
4480 765
4353 1157
2780 2192
1770 3146
970 4218
1913 2311
1775 450
3951 3037
3071 2159
2159 1985
665 617
617 2945
873 2505
2505 3067
4024 4142
4142 4362
3212 2123
2123 2638
4024 31
31 3741
1023 138
138 1812
3897 2523
2523 3533
4480 16
16 809
168 859
859 2793
2641 425
425 4305
3897 4370
4370 2093
3333 1860
1860 3389
3897 1427
1427 1806
2780 3233
3233 3232
662 3709
3709 1996
4024 2911
2911 74
2367 2753
2753 1744
2780 2210
2210 2345
3255 2930
2930 3533
1351 3585
3585 4167
4486 1522
1522 3175
4380 2090
2090 2793
2899 847
847 4324
4380 3512
3512 3177
1538 4426
4426 2869
1351 2296
2296 3177
1506 1391
1391 235
735 4094
4094 1057
3403 4377
4377 3741
2367 4303
4303 1345
4248 561
561 3175
433 4496
4496 2637
3054 1816
1816 2654
3824 3138
3138 2041
4380 3504
3504 3177
2749 3544
3544 1922
4636 1234
1234 4161
2478 3425
3425 3067
759 278
278 4219
2303 912
912 2345
4465 500
500 4152
2122 1416
1416 4324
1559 2379
2379 1298
4353 893
893 1153
3161 3399
3399 4435
3755 531
531 939
4480 1136
1136 1996
2701 3589
3589 3741
1417 4271
4271 2552
3047 3891
3891 4435
253 654
654 582
168 1644
1644 2945
2760 4156
4156 3177
2683 3565
3565 4219
1802 4006
4006 4567
843 4543
4543 3296
21 4532
4532 2041
1041 3065
3065 1600
4248 4226
4226 1089
1417 2039
2039 2345
45 1950
1950 1222
2980 2615
2615 1606
843 550
550 1195
2016 3052
3052 4324
2936 1054
1054 1153
2702 2023
2023 2345
2784 3937
3937 1812
2914 1169
1169 2635
2478 3268
3268 3352
2749 3029
3029 3475
970 2867
2867 3177
2780 1077
1077 1636
2914 2030
2030 1900
774 722
722 4186
3120 3579
3579 4324
2936 2859
2859 3663
4417 1526
1526 256
2980 2087
2087 2045
82 3095
3095 3352
1506 1376
1376 3211
2303 1733
1733 1900
2602 1728
1728 1195
3675 2698
2698 4534
4365 4175
4175 3211
1447 581
581 1153
1093 1176
1176 2560
2976 3427
3427 1708
4520 2083
2083 809
1995 3509
3509 3352
2749 2102
2102 1996
1093 4147
4147 2552
2701 3147
3147 1222
1702 2414
2414 2638
1390 1287
1287 2620
388 4613
4613 3969
45 4289
4289 3000
843 3818
3818 4219
1883 1935
1935 2620
4417 4443
4443 1153
4353 1949
1949 2484
4417 2494
2494 256
3983 1090
1090 3389
1406 1042
1042 4395
1995 749
749 3958
1039 201
201 2345
72 4442
4442 3352
2602 4364
4364 364
4126 557
557 2045
3951 313
313 3969
3212 4295
4295 1222
2208 3910
3910 546
937 3576
3576 3969
1056 4092
4092 4434
323 1560
1560 1323
2450 2575
2575 22
2749 963
963 2197
196 1419
1419 1190
1006 2596
2596 3415
1447 2018
2018 3415
3212 1836
1836 1708
1219 470
470 2869
3333 3251
3251 3453
986 2568
2568 3457
3897 3168
3168 74
433 2783
2783 3716
1006 2589
2589 3958
1830 555
555 4114
937 1455
1455 1718
3444 4456
4456 157
843 4321
4321 3175
3209 496
496 3026
1995 4488
4488 4362
72 3101
3101 4492
4417 2697
2697 809
3286 3494
3494 3862
4601 1294
1294 2560
1770 3793
3793 1922
2760 3501
3501 3741
3209 3643
3643 1110
196 3264
3264 2045
873 3792
3792 1900
2936 3287
3287 2945
433 100
100 256
1219 2495
2495 157
723 2160
2160 4475
1939 2728
2728 1708
4234 1491
1491 1025
2448 2986
2986 1153
68 3294
3294 364
3755 1371
1371 4434
2271 354
354 1985
68 4375
4375 4219
3904 3950
3950 1298
1056 3870
3870 582
1056 365
365 1812
2286 4225
4225 3021
2528 296
296 2869
3333 2486
2486 809
3403 3745
3745 3958
196 3082
3082 74
4242 1923
1923 809
2286 4021
4021 3232
2016 3491
3491 1965
2303 3587
3587 1110
2367 1673
1673 1965
3286 1099
1099 1717
1643 3851
3851 1886
2914 3093
3093 1806
3373 219
219 3026
3597 2337
2337 2041
2641 2714
2714 857
937 4560
4560 2869
864 2755
2755 3000
2976 2501
2501 1089
2618 4449
4449 857
1995 4090
4090 1606
2450 2607
2607 3532
2029 3477
3477 1708
2780 1919
1919 1110
2602 1045
1045 2073
3403 889
889 939
1447 4342
4342 2635
1219 4166
4166 2964
68 1141
1141 3175
2582 473
473 1009
67 450
450 2041
1775 3439
3439 939
864 4267
4267 4362
72 532
532 3415
4486 4440
4440 1636
1702 3285
3285 4324
2303 2545
2545 2964
738 4280
4280 2041
2367 4441
4441 3457
1390 2713
2713 1125
253 3816
3816 2552
1995 4171
4171 3201
2642 1987
1987 1009
937 3992
3992 1717
376 2503
2503 3639
1347 2740
2740 3532
4353 637
637 2638
735 1877
1877 3296
1523 1957
1957 1606
67 247
247 4434
4169 1174
1174 3067
1770 1422
1422 3026
1023 125
125 2560
3675 2460
2460 2929
738 3007
3007 2045
1041 2218
2218 582
3047 2438
2438 1606
1802 796
796 2345
2016 260
260 3969
937 3997
3997 2869
2582 2578
2578 4219
2602 1315
1315 157
3675 4611
4611 1717
68 44
44 1009
2760 2666
2666 1057
2642 3975
3975 3835
168 1305
1305 1190
1523 1194
1194 3532
4430 2997
2997 2591
1770 4291
4291 424
937 778
778 1606
1972 3460
3460 1323
986 1951
1951 3453
2642 1696
1696 1812
735 2033
2033 3175
4053 887
887 2100
738 2838
2838 1996
2976 2348
2348 4362
3286 1518
1518 1928
3286 779
779 2869
2914 3848
3848 2964
2478 596
596 298
4121 3717
3717 3021
1219 2886
2886 880
4480 2900
2900 2637
2493 4185
4185 1996
1219 3948
3948 2964
4242 336
336 74
2899 2235
2235 1190
4248 4604
4604 3084
1351 2818
2818 1026
2683 512
512 1057
1351 1132
1132 1155
2618 1706
1706 4167
1023 1316
1316 2093
68 1066
1066 1900
3962 3124
3124 3026
2683 746
746 3533
986 4524
4524 1928
4353 53
53 880
4486 1889
1889 1626
986 4051
4051 1985
759 682
682 4186
82 1483
1483 4305
1447 1440
1440 3663
3824 2718
2718 1190
1351 2907
2907 1125
67 1487
1487 2073
1779 1269
1269 1153
3824 2215
2215 1922
1822 2613
2613 256
3333 741
741 4434
3054 4433
4433 4167
1473 4274
4274 3211
4365 851
851 939
2642 4315
4315 3000
2683 1086
1086 2197
970 4648
4648 4186
3047 436
436 2620
2029 4138
4138 3026
168 1502
1502 1089
2914 3298
3298 1195
662 2035
2035 256
3931 536
536 3000
2796 3152
3152 1886
2493 704
704 1996
433 820
820 1928
1006 1314
1314 3067
72 1811
1811 4362
82 3729
3729 3741
2899 63
63 1009
3161 4507
4507 1812
1939 4620
4620 1190
2448 4360
4360 1125
4169 718
718 3958
841 2797
2797 3232
2780 645
645 2045
3292 3630
3630 3969
4365 3163
3163 1708
4588 510
510 3201
433 4118
4118 1153
970 83
83 1717
2701 1841
1841 2110
3962 3815
3815 2484
774 3697
3697 2654
2701 884
884 2110
641 2339
2339 1222
1001 1349
1349 3296
3120 51
51 2635
2936 2737
2737 1744
4024 3008
3008 2484
4486 3661
3661 1480
4136 2853
2853 2591
3962 3220
3220 3415
2208 1205
1205 4161
4323 1823
1823 22
388 1866
1866 1252
1188 4065
4065 1606
3161 579
579 1600
2980 2257
2257 2638
3897 516
516 1009
1351 2321
2321 1480
1995 1548
1548 235
970 4296
4296 1985
2642 2132
2132 3177
376 2958
2958 1323
628 2188
2188 3175
2780 3885
3885 1381
2448 3156
3156 857
388 303
303 3434
3755 4421
4421 3862
1523 2462
2462 2054
1023 3871
3871 2793
1830 2327
2327 1252
3675 4471
4471 1155
376 2790
2790 2041
3897 702
702 3296
4365 2774
2774 3716
2528 2207
2207 1806
196 3323
3323 4492
3755 915
915 1089
2702 1180
1180 2638
2493 3361
3361 1381
1822 2142
2142 809
970 54
54 3768
1559 4655
4655 3533
4601 3911
3911 4567
665 2351
2351 2929
3986 2902
2902 1110
2271 3737
3737 2484
3986 4279
4279 1600
385 4401
4401 3434
2936 3877
3877 4167
1001 375
375 2654
3286 1757
1757 2127
662 1762
1762 4475
843 773
773 2127
662 695
695 4114
1056 4056
4056 2945
1538 455
455 2093
2796 620
620 1155
841 3218
3218 939
2582 3603
3603 1009
1523 719
719 3663
2602 2856
2856 3175
3424 3560
3560 2620
665 936
936 4161
3986 1968
1968 1480
4024 431
431 546
1041 4262
4262 3532
1188 1584
1584 2929
3071 1807
1807 4186
970 1236
1236 3000
2976 4316
4316 256
2367 207
207 3201
4121 4635
4635 3532
4380 3601
3601 3532
2641 861
861 1965
1318 2287
2287 3716
665 448
448 3475
253 276
276 3067
3318 1021
1021 3862
3951 4540
4540 546
3054 57
57 4114
864 3332
3332 4434
4520 4528
4528 1600
2401 599
599 2560
2582 870
870 3232
4588 860
860 3835
3318 3016
3016 3969
2760 4209
4209 2638
1447 4076
4076 3969
2367 2604
2604 1744
1775 4270
4270 4435
3904 169
169 1744
253 2131
2131 3766
4053 3486
3486 3232
1347 1058
1058 256
433 4477
4477 424
1351 3725
3725 1600
4480 3244
3244 3741
2303 4086
4086 2054
2780 4179
4179 3835
986 2363
2363 3084
723 158
158 298
2683 2425
2425 3221
376 423
423 1996
843 4107
4107 3958
2448 4384
4384 3453
738 2537
2537 1110
4380 369
369 4219
3373 1061
1061 3211
1643 3674
3674 1381
1883 2366
2366 3221
1770 2696
2696 880
4248 4586
4586 1744
2399 2579
2579 1298
1085 4630
4630 857
3286 2084
2084 2591
2367 4074
4074 1480
2286 4565
4565 2869
1417 3665
3665 2110
4601 3390
3390 2869
3333 3790
3790 2793
3597 3814
3814 880
385 4188
4188 3000
724 2198
2198 3026
1347 89
89 1928
3292 2022
2022 2197
1093 2062
2062 3533
2780 225
225 3021
788 3388
3388 4492
2271 4204
4204 1606
4486 4195
4195 3084
3255 3182
3182 3201
2796 489
489 1025
2796 108
108 3026
2784 333
333 1708
3054 3102
3102 2484
388 2791
2791 1717
1023 2932
2932 2560
937 1092
1092 1806
2890 2675
2675 3389
2029 4069
4069 939
4400 1151
1151 2591
2953 4077
4077 3389
841 769
769 1626
937 2183
2183 235
3931 2550
2550 4567
4024 1604
1604 1806
4486 2449
2449 2197
2796 4003
4003 2591
2016 4472
4472 1480
1523 2357
2357 1025
4126 3788
3788 3000
1023 3315
3315 1057
3986 3179
3179 2635
759 2282
2282 1155
4588 3133
3133 3177
1351 10
10 1886
4430 1131
1131 2964
4417 2982
2982 2638
1883 1016
1016 1195
1291 485
485 3453
1538 148
148 809
1085 764
764 2591
3054 4348
4348 74
388 4545
4545 3532
4588 1568
1568 2041
1351 3085
3085 256
2303 132
132 1195
67 3125
3125 3766
1023 801
801 3232
1288 1289
1289 2635
2122 1941
1941 3475
2976 3660
3660 1381
2119 781
781 1155
1001 3136
3136 1886
2760 3652
3652 4534
3120 4535
4535 1606
1406 3979
3979 1636
67 1310
1310 2560
1775 2516
2516 857
4520 3526
3526 4492
1093 1327
1327 3958
759 3495
3495 2638
2478 1912
1912 3201
3403 1209
1209 1708
1347 4163
4163 939
2448 2397
2397 3532
970 135
135 3000
385 2410
2410 2100
4636 117
117 2620
4520 4190
4190 3000
759 2795
2795 3434
3161 4141
4141 2793
2399 3267
3267 1928
724 1906
1906 4567
2784 3858
3858 857
1883 2130
2130 3352
1041 2687
2687 3969
605 4048
4048 3453
1056 439
439 2793
2399 4283
4283 2127
3680 4140
4140 2620
4169 3320
3320 1600
2450 611
611 2045
641 3130
3130 3453
3292 652
652 2484
1085 3784
3784 4567
4323 4445
4445 2073
3212 2496
2496 2110
1041 1678
1678 4305
3755 2037
2037 2345
4053 1238
1238 1708
3444 1424
1424 22
349 2979
2979 3434
1001 3350
3350 1089
3286 982
982 3533
3962 3279
3279 3835
4169 4123
4123 2045
3755 766
766 74
2701 2751
2751 2560
735 823
823 1600
4136 2466
2466 1110
3951 4083
4083 3000
1559 2192
2192 3177
724 923
923 298
4417 3852
3852 1222
1006 906
906 1222
2683 2643
2643 3663
843 1108
1108 2637
2796 1872
1872 4161
2953 4632
4632 2964
970 3971
3971 1606
2702 4181
4181 298
3951 1426
1426 2484
3824 501
501 2620
1822 1496
1496 3352
1188 1184
1184 2793
1056 2244
2244 2054
2760 4508
4508 3768
2784 3229
3229 1110
2119 4109
4109 3453
1822 3346
3346 1922
2029 1361
1361 4305
349 152
152 1298
3373 1069
1069 1153
1972 4444
4444 1153
1291 1167
1167 3084
3071 1037
1037 4395
4465 1213
1213 4435
937 2059
2059 2345
3054 1804
1804 1626
2286 2021
2021 3716
1523 2919
2919 256
4136 4091
4091 1900
4024 1081
1081 939
1643 2972
2972 2869
3403 697
697 880
2641 3896
3896 4161
4323 4096
4096 1252
4136 4616
4616 2110
3373 2077
2077 3232
1291 1313
1313 4161
641 4041
4041 2635
1417 4008
4008 3533
2701 1750
1750 3453
3597 4462
4462 2110
662 1175
1175 1125
3403 1505
1505 1626
2899 1799
1799 3026
2701 2221
2221 1190
1779 858
858 3639
1913 4394
4394 2637
2618 2921
2921 3434
4121 684
684 22
3951 2815
2815 3958
774 3370
3370 74
2399 2354
2354 4362
4365 1166
1166 3201
3403 4233
4233 3639
665 2656
2656 3232
2683 2828
2828 1252
3292 1534
1534 4219
3333 4470
4470 424
4234 180
180 2620
3755 1264
1264 1886
4601 1567
1567 3532
2528 856
856 1812
3983 112
112 1222
1351 400
400 4219
3962 2028
2028 2654
1995 4554
4554 235
3161 1834
1834 1009
323 4130
4130 1812
4601 1712
1712 2110
628 4523
4523 4567
3962 4009
4009 4161
1775 2172
2172 4434
3986 2912
2912 298
2016 335
335 4395
1001 2369
2369 3862
3597 839
839 4152
1001 444
444 2638
1523 4309
4309 3296
4588 3836
3836 1155
3255 2135
2135 3453
2702 1748
1748 4186
3333 2535
2535 1965
3255 3043
3043 1089
662 1562
1562 2484
4417 488
488 3177
774 2841
2841 74
4480 4098
4098 4152
82 3506
3506 1480
1318 2680
2680 4167
723 3646
3646 1222
2701 3637
3637 3201
1913 808
808 3475
4169 3615
3615 3415
45 4505
4505 1153
1523 3033
3033 1190
1039 1204
1204 880
68 2190
2190 1110
2784 4007
4007 3352
4588 1792
1792 3862
4242 1847
1847 3067
1093 1671
1671 3658
662 522
522 1153
3951 1191
1191 1900
2528 1319
1319 3716
1802 4319
4319 3663
4486 3572
3572 1125
1417 4312
4312 3239
1473 3028
3028 1025
3755 239
239 1744
3071 4357
4357 2345
1318 896
896 3352
2796 4325
4325 364
3444 4198
4198 4152
1219 3978
3978 3434
196 4052
4052 1886
3597 4174
4174 1153
2618 3187
3187 1298
2122 3010
3010 2054
3212 3915
3915 4435
3054 3785
3785 4152
1447 2792
2792 4114
1995 3777
3777 1600
2780 4079
4079 2929
3212 2926
2926 1009
3444 1097
1097 2127
4126 1835
1835 3415
1406 2956
2956 1195
4024 4230
4230 2127
433 978
978 857
3424 2167
2167 1110
641 1964
1964 1089
2914 339
339 2110
841 2949
2949 2929
1006 2001
2001 1717
723 3253
3253 2620
4365 3865
3865 1600
1770 2304
2304 3768
2953 898
898 2127
723 1682
1682 4362
3897 535
535 4167
841 4202
4202 298
665 1063
1063 1026
3597 4088
4088 3177
385 3300
3300 3221
2760 1326
1326 4492
1288 2316
2316 1985
3286 223
223 2869
1291 761
761 4362
349 1010
1010 3175
788 1507
1507 74
662 1229
1229 1928
2914 3980
3980 1252
4588 1813
1813 3175
3904 3313
3313 256
4024 479
479 2635
864 3181
3181 4305
1056 325
325 4152
4053 3967
3967 2560
3333 1465
1465 3639
2976 3771
3771 2620
2936 3440
3440 4435
1085 2002
2002 3239
2914 3044
3044 546
1770 1879
1879 4219
45 3174
3174 256
4121 1428
1428 298
1643 567
567 1600
1770 3557
3557 2869
1318 2309
2309 809
2642 1769
1769 2638
2016 543
543 2793
2119 1295
1295 4435
2367 537
537 3221
3675 2610
2610 3175
4024 636
636 939
3054 3478
3478 2945
3333 931
931 3766
2953 3704
3704 1155
4126 3474
3474 1996
2119 2511
2511 1812
4365 1254
1254 1812
168 2319
2319 4395
1995 272
272 3532
723 2922
2922 3239
841 508
508 3457
3212 4082
4082 1600
3209 2256
2256 1009
1538 2088
2088 1110
788 4366
4366 2197
3444 3996
3996 2100
628 1753
1753 2100
841 3129
3129 4219
759 3490
3490 1190
349 1317
1317 4434
937 2424
2424 582
1291 3205
3205 3434
2448 1677
1677 2484
665 1569
1569 1718
1039 4228
4228 1922
2399 3248
3248 3389
843 4125
4125 1965
1417 1115
1115 2100
2760 4071
4071 1110
641 3514
3514 3862
4136 4490
4490 1708
1883 1991
1991 2964
3597 4379
4379 2552
2796 3001
3001 939
2478 2358
2358 1965
3120 3516
3516 1600
4024 1704
1704 1928
735 1732
1732 4434
3931 4564
4564 2093
1219 2946
2946 3532
2953 2017
2017 1345
1291 4437
4437 4434
3318 206
206 546
4353 4593
4593 2620
2450 2526
2526 1965
4126 1647
1647 1252
665 3855
3855 2638
3904 797
797 1965
2122 1171
1171 1928
735 3525
3525 2552
3680 2991
2991 1717
4486 493
493 3026
385 1157
1157 3221
3904 1531
1531 3389
4169 2660
2660 1026
3904 2350
2350 235
2780 46
46 298
4248 1307
1307 4167
986 2318
2318 1744
2122 177
177 2591
388 3076
3076 2100
2702 2927
2927 4186
3962 4428
4428 364
323 481
481 1965
4601 353
353 1252
2642 988
988 1965
1538 556
556 2073
937 327
327 4324
2450 1993
1993 4435
45 4046
4046 1708
4636 3987
3987 1806
1039 3846
3846 1222
3675 2149
2149 1965
2582 3930
3930 1812
3053 2699
2699 1806
1775 2878
2878 2552
4365 1888
1888 4567
2780 2586
2586 3741
1523 3153
3153 3639
724 554
554 1806
3904 3348
3348 2929
3424 793
793 1323
3675 2817
2817 939
1538 656
656 3663
1039 1053
1053 1025
3054 1952
1952 1026
755 4292
4292 1717
1473 3690
3690 3232
986 2564
2564 4434
1041 4351
4351 3639
2582 1154
1154 2100
1417 1521
1521 3067
196 3150
3150 364
873 3667
3667 3958
1056 3383
3383 1153
2016 1107
1107 2929
4353 3438
3438 1886
2701 409
409 2041
4053 3519
3519 1480
4400 2174
2174 4567
605 691
691 2045
3255 3607
3607 364
1390 1801
1801 2093
3120 632
632 2591
774 1145
1145 3835
1001 4004
4004 2635
3983 2024
2024 2620
755 3262
3262 1057
3962 2531
2531 3221
3212 494
494 1900
4465 2171
2171 3201
3333 2767
2767 256
2448 2063
2063 3532
2271 1274
1274 1323
376 4058
4058 4567
735 2948
2948 2127
2582 1705
1705 4167
4121 3592
3592 4475
4400 922
922 2045
605 618
618 1606
1318 2673
2673 1025
4053 1602
1602 1708
1473 3611
3611 2635
4400 1388
1388 1190
2976 2027
2027 1323
2642 879
879 1886
1972 1233
1233 3457
1093 305
305 22
841 246
246 2591
1643 3331
3331 256
2953 386
386 2637
2890 3619
3619 424
2122 1833
1833 3639
82 1920
1920 1996
2642 4000
4000 1718
3161 1731
1731 2945
433 4409
4409 2793
4465 3548
3548 4492
3597 2140
2140 2100
1056 2761
2761 2045
82 3401
3401 2635
2448 523
523 4534
1802 352
352 4152
376 3006
3006 809
4053 3167
3167 3211
1085 3952
3952 2620
1093 209
209 2637
1473 2332
2332 1057
937 1591
1591 3000
605 3810
3810 3415
3161 1243
1243 4492
1939 3077
3077 4305
388 1494
1494 1636
4248 1551
1551 1928
3071 3796
3796 1928
3931 3998
3998 3639
2401 2506
2506 1900
1006 498
498 2964
3292 2146
2146 2654
1085 985
985 1025
1883 3226
3226 4152
788 3404
3404 4395
1006 981
981 157
986 4627
4627 3415
1023 2648
2648 1806
1056 515
515 809
1188 347
347 1222
3680 2071
2071 2100
3897 170
170 2054
3951 1999
1999 2100
4430 2454
2454 582
2784 3122
3122 3415
1056 2961
2961 2345
2784 3574
3574 1381
4465 2612
2612 3296
1001 969
969 2093
253 2653
2653 1812
937 1892
1892 582
2701 4259
4259 1252
3161 3860
3860 2637
755 2336
2336 1110
4323 4436
4436 3389
1318 302
302 3453
1188 3499
3499 857
788 4218
4218 3211
2271 1684
1684 1381
970 1442
1442 546
2399 1420
1420 3177
788 1713
1713 1345
2618 1832
1832 2041
970 3022
3022 1009
168 2600
2600 4167
2914 1163
1163 2654
3292 342
342 1806
2208 1759
1759 2964
3897 3964
3964 3741
168 3936
3936 4161
3675 4251
4251 3457
3403 991
991 1222
3292 3894
3894 3835
385 4544
4544 582
3424 2458
2458 4434
3286 3134
3134 4186
3318 3303
3303 3766
3675 454
454 3415
755 1198
1198 1928
376 3633
3633 1900
253 1690
1690 1222
841 3838
3838 3434
3286 2323
2323 1153
3161 1720
1720 3221
735 1988
1988 2945
2602 1546
1546 4475
1939 1529
1529 1708
2642 692
692 3862
2401 2114
2114 857
3373 2862
2862 1125
1972 173
173 74
68 4427
4427 364
2122 791
791 2345
2478 2802
2802 1025
1538 1035
1035 2054
843 3893
3893 3415
3318 1083
1083 2484
67 3222
3222 4324
641 3302
3302 1252
738 4290
4290 2560
1006 517
517 3766
1523 2331
2331 1922
3983 2185
2185 1886
3292 2328
2328 4219
605 2202
2202 3296
2450 2873
2873 4567
4024 504
504 1057
3904 4355
4355 3532
2029 2191
2191 1125
3424 4318
4318 1996
4417 4223
4223 1345
724 1385
1385 2869
3053 3608
3608 880
3424 3493
3493 2591
3286 1067
1067 2654
3318 407
407 256
986 1933
1933 2654
4053 1380
1380 2591
72 1104
1104 2484
2899 1207
1207 3741
349 4255
4255 3352
4136 2201
2201 2041
1351 3100
3100 4305
1559 130
130 4475
2528 4626
4626 4475
2286 2224
2224 3768
168 2368
2368 298
2760 633
633 582
3318 1335
1335 3026
3292 3780
3780 4324
1288 2220
2220 2100
2641 4029
4029 4114
2976 1533
1533 4324
3286 3783
3783 1252
4323 1074
1074 157
864 3529
3529 4434
376 848
848 2654
3047 4159
4159 3453
4024 1791
1791 2110
1318 2711
2711 2045
2119 2067
2067 1922
843 4558
4558 1345
2936 482
482 2654
2122 4001
4001 3296
3680 191
191 1886
3931 3002
3002 1057
788 363
363 3658
1001 2573
2573 3239
1288 819
819 1195
4169 3206
3206 2638
3318 3234
3234 3211
2016 1973
1973 2127
665 3566
3566 3741
3986 4651
4651 939
4520 2679
2679 1717
3755 1855
1855 3000
2683 1200
1200 1110
3897 1249
1249 235
3951 2855
2855 1480
3373 2097
2097 3067
3931 3180
3180 3296
2119 3456
3456 3457
3054 1517
1517 2110
4480 3650
3650 1195
1779 4165
4165 2793
1219 4028
4028 3532
1056 2605
2605 2654
3951 2341
2341 298
1056 707
707 2197
841 1497
1497 2073
4169 2765
2765 3766
45 3081
3081 3175
68 3049
3049 1323
1559 4253
4253 3969
4053 3617
3617 1057
4430 3183
3183 2560
1972 3820
3820 3835
1770 372
372 364
3904 2750
2750 1323
2953 192
192 4567
4636 573
573 1744
4121 2232
2232 298
873 2847
2847 4167
1390 3919
3919 1057
4242 4343
4343 582
986 4608
4608 1626
735 4135
4135 3352
45 2498
2498 2638
4400 4087
4087 4362
4520 3707
3707 1222
1995 1285
1285 1606
3255 1955
1955 1812
2976 3527
3527 2110
3212 2288
2288 3177
253 251
251 4435
3931 3530
3530 1110
3053 2032
2032 1155
2119 2735
2735 3026
4121 1808
1808 1298
2890 1253
1253 3533
1913 3656
3656 1900
4024 30
30 4435
1538 4066
4066 3352
724 1433
1433 1600
1506 1248
1248 3211
4486 1844
1844 2638
2208 2520
2520 1190
1523 2391
2391 1600
1523 1571
1571 3221
1056 1040
1040 2591
196 2896
2896 1922
3318 37
37 1718
2119 2910
2910 3175
2271 182
182 2620
4248 1782
1782 1626
788 3305
3305 1190
2784 2412
2412 1806
3071 1160
1160 1717
4126 1774
1774 857
1559 2978
2978 2045
1085 2310
2310 1626
4323 4243
4243 3475
723 2396
2396 2054
724 3433
3433 1298
2016 1627
1627 1155
1039 2219
2219 2654
843 737
737 2100
724 4386
4386 3533
4242 973
973 1965
3054 4302
4302 2110
1506 902
902 2945
2448 1452
1452 2637
724 1116
1116 3532
2760 1399
1399 3457
3333 3357
3357 1110
3333 1423
1423 2197
4480 1022
1022 3415
1390 257
257 2793
3444 3518
3518 4152
3824 3699
3699 3835
1351 2418
2418 1996
1291 2347
2347 1636
2784 1460
1460 256
1913 202
202 3533
3318 1481
1481 3221
2976 2645
2645 3766
759 1595
1595 3663
2914 602
602 1480
873 1580
1580 1965
3962 415
415 3021
3047 3673
3673 2045
4248 3968
3968 3389
1085 4117
4117 1922
2528 3023
3023 546
3120 3301
3301 2654
253 3625
3625 1155
2641 480
480 3835
2016 845
845 3741
1347 3038
3038 2552
1972 869
869 3862
45 2739
2739 4475
1390 4030
4030 3663
323 174
174 4219
2367 3809
3809 3434
1318 4578
4578 1636
873 4576
4576 1996
2286 127
127 256
4121 914
914 2620
3904 3775
3775 1928
4121 3197
3197 1025
3951 3863
3863 1110
2642 2826
2826 1928
4136 4654
4654 3434
738 35
35 1636
4024 4137
4137 582
2749 3309
3309 2127
3053 478
478 3658
4126 1402
1402 4152
67 1608
1608 4219
2478 1564
1564 1928
1219 2674
2674 3532
2683 4590
4590 2045
2976 4451
4451 3434
3986 4645
4645 74
3931 1052
1052 1298
1559 110
110 2552
3333 1530
1530 1057
788 2881
2881 2093
3897 4482
4482 1345
4234 4405
4405 2591
1830 2655
2655 880
2953 2987
2987 2635
1506 3695
3695 3663
2953 945
945 2964
1883 2577
2577 1480
2602 8
8 2041
2271 4537
4537 4186
605 2799
2799 3766
4242 1189
1189 1153
2016 2541
2541 3239
759 2362
2362 4362
841 948
948 3457
2701 2203
2203 3021
1039 2261
2261 235
4248 4548
4548 3835
2784 3942
3942 1298
3292 1693
1693 2127
1830 4334
4334 4492
986 529
529 3457
755 4438
4438 2100
3986 1043
1043 1345
3071 3436
3436 3000
2582 4172
4172 4152
2749 3842
3842 22
1041 2231
2231 1480
3054 2433
2433 1345
4024 1898
1898 3639
2618 350
350 3457
1770 616
616 1153
970 505
505 2869
4136 1370
1370 3768
723 3620
3620 74
376 1893
1893 4186
4024 2173
2173 2654
735 1418
1418 3958
641 4340
4340 3663
2401 1544
1544 1812
2796 4649
4649 880
3597 3679
3679 2637
723 2155
2155 1089
4480 2281
2281 2345
1995 3326
3326 3639
1093 3274
3274 1089
873 1201
1201 1381
1559 4264
4264 4362
1779 2684
2684 1323
1972 833
833 3457
4024 576
576 2964
4480 3471
3471 3475
168 4599
4599 2591
1390 3466
3466 2197
2749 954
954 1381
1347 1820
1820 3862
2119 288
288 3232
1913 3571
3571 1110
3161 2334
2334 2945
388 4618
4618 2345
2208 1165
1165 1323
2976 4489
4489 4324
3597 1161
1161 857
4242 32
32 4305
774 763
763 809
3675 666
666 2110
2367 4049
4049 3232
2780 4644
4644 1298
1347 1814
1814 1222
2618 1550
1550 3663
1001 3927
3927 74
1802 3535
3535 3658
67 4546
4546 3201
4323 3246
3246 3175
2749 4149
4149 1195
3054 4039
4039 4567
1417 693
693 2635
3255 734
734 1717
755 396
396 3211
2702 4191
4191 1153
3318 901
901 4395
376 762
762 3232
738 4277
4277 3000
376 1181
1181 1323
196 2940
2940 1190
1001 4367
4367 4161
3986 3324
3324 3958
2582 1499
1499 3958
986 2225
2225 2793
2122 2512
2512 2945
724 951
951 3211
3373 4638
4638 3958
3120 2116
2116 2591
1559 960
960 4492
3897 416
416 2073
388 1921
1921 4186
3373 2555
2555 3835
3071 3722
3722 3475
4353 3503
3503 2045
3897 3405
3405 235
1643 24
24 3296
2303 729
729 3862
3373 4158
4158 3533
2914 2006
2006 3453
665 1256
1256 2635
1006 2469
2469 1606
2618 1902
1902 1057
2528 2557
2557 2929
1056 442
442 1928
2796 2154
2154 1009
433 514
514 809
774 4332
4332 2073
3962 184
184 3958
67 3956
3956 1026
2702 2950
2950 1190
2448 925
925 3475
3897 107
107 3969
665 757
757 2484
1830 3743
3743 1345
323 4570
4570 3177
4121 4236
4236 2054
1001 1011
1011 3958
4380 4591
4591 4395
3597 420
420 298
4323 2075
2075 1886
3054 1857
1857 2869
2528 2394
2394 3415
841 812
812 3000
2399 3154
3154 1025
376 3062
3062 3352
3951 3827
3827 3453
168 4569
4569 298
1822 4222
4222 1965
4121 3922
3922 3741
4480 708
708 157
72 3577
3577 424
1390 760
760 2054
873 4013
4013 2073
1802 3682
3682 582
1559 2009
2009 2345
4136 1245
1245 1718
3054 2763
2763 4567
4248 4498
4498 4434
4248 2960
2960 3239
2760 2322
2322 1886
3931 4352
4352 2073
665 2834
2834 1190
1390 2472
2472 3434
72 3465
3465 3768
2914 502
502 2620
1775 2237
2237 3084
2582 1000
1000 3296
4601 1468
1468 2484
82 1268
1268 2127
4465 3027
3027 2591
2478 3837
3837 3639
1830 4027
4027 1089
2784 4240
4240 3969
1702 3614
3614 3639
759 2778
2778 4434
1972 1932
1932 2635
4520 3325
3325 4534
2401 4637
4637 3768
385 2542
2542 1190
3675 189
189 1922
4126 2175
2175 3296
2936 3928
3928 2929
4480 3075
3075 3239
3255 1637
1637 880
3054 483
483 3352
4053 1105
1105 2591
2478 3856
3856 1928
1085 301
301 1155
2450 2975
2975 4475
72 800
800 939
1913 3013
3013 4161
2780 1845
1845 2100
4234 2865
2865 1886
1318 91
91 1222
72 621
621 3175
774 1642
1642 1996
4136 390
390 4219
1643 2723
2723 1718
1447 1014
1014 1806
2642 3995
3995 2945
4248 3135
3135 939
4601 3653
3653 1922
2784 4247
4247 1744
759 3426
3426 3389
1802 2482
2482 4152
1913 911
911 3084
724 1384
1384 3434
4430 4481
4481 1009
4417 2236
2236 4435
3209 895
895 3434
3054 84
84 3768
2976 264
264 3766
45 2741
2741 2869
1406 2720
2720 4435
3675 3307
3307 235
4365 2584
2584 3532
4417 1049
1049 1190
4417 688
688 1636
759 4205
4205 3175
3951 3151
3151 3296
4121 411
411 809
1417 552
552 2054
3318 2558
2558 3741
388 3857
3857 1089
3983 2451
2451 1025
1995 3769
3769 22
641 4034
4034 582
2029 3449
3449 1381
4601 3207
3207 1928
3897 3334
3334 1110
3444 36
36 3532
4353 4363
4363 3434
2448 1575
1575 582
723 2026
2026 74
1995 1028
1028 4324
3318 2721
2721 3389
1041 2435
2435 3766
4024 4429
4429 3862
662 1386
1386 3475
2286 2895
2895 4362
1041 4075
4075 4534
1219 2955
2955 3663
4417 3214
3214 1985
3951 3642
3642 4434
1056 2628
2628 2793
4353 2726
2726 1025
3675 4466
4466 2100
605 1785
1785 3177
1802 3435
3435 3415
665 3945
3945 4475
2401 1778
1778 3835
2683 3758
3758 4161
2493 1148
1148 1718
3675 2908
2908 3021
2899 4306
4306 1708
385 1511
1511 1744
2618 940
940 4567
2582 3137
3137 3716
2953 4502
4502 1298
3255 3310
3310 3175
2528 1149
1149 4567
3161 3756
3756 4475
3120 1747
1747 1381
1347 4500
4500 1717
3286 3340
3340 22
843 3854
3854 2560
4248 2811
2811 4161
628 1284
1284 3211
3054 229
229 3532
1039 1994
1994 1057
385 97
97 1708
1775 2013
2013 1626
4121 4503
4503 3663
72 811
811 3862
4520 362
362 2552
3161 2571
2571 2869
735 1589
1589 2552
1802 4376
4376 1985
4636 3721
3721 3239
1188 3539
3539 1636
196 4378
4378 3175
628 4521
4521 1718
3424 1516
1516 3766
2683 1700
1700 1606
2784 1135
1135 2093
168 1692
1692 2654
4636 3907
3907 2345
3424 1373
1373 2591
1093 2646
2646 1900
1473 1464
1464 857
4169 1648
1648 1996
2582 4389
4389 3067
2976 4148
4148 3862
4242 402
402 4186
2980 2508
2508 4152
253 530
530 1298
3333 3155
3155 235
3675 795
795 1717
3120 661
661 4324
2029 1048
1048 2638
2367 359
359 4395
4400 3036
3036 4534
1538 1861
1861 1480
2953 2014
2014 3741
1347 1027
1027 1026
1039 312
312 2197
2271 2959
2959 1965
2953 39
39 1717
2749 3808
3808 2964
2448 1722
1722 3296
2642 2481
2481 1009
2399 3394
3394 2045
4636 4491
4491 4161
2760 66
66 1985
1093 2040
2040 1718
3120 3612
3612 3021
3161 3055
3055 939
4242 1793
1793 4475
82 435
435 1928
1056 2068
2068 1252
1775 167
167 3000
986 3723
3723 857
735 777
777 3658
1802 1723
1723 2793
1001 3551
3551 1708
253 3984
3984 582
1643 1587
1587 298
1883 1071
1071 1606
1041 4335
4335 3389
1702 1118
1118 3021
4636 102
102 809
1006 462
462 2041
2899 314
314 3969
1318 1853
1853 3021
2271 2374
2374 1812
3318 2595
2595 2054
843 2074
2074 3741
937 3547
3547 3232
662 1246
1246 2560
1538 2915
2915 3021
1417 4216
4216 1480
3255 1865
1865 1922
864 604
604 2110
4480 2263
2263 3533
3986 3111
3111 1323
67 4285
4285 3475
2701 2888
2888 3177
4380 50
50 2637
4588 591
591 880
735 2423
2423 1600
1219 726
726 2654
4242 254
254 1026
349 437
437 1222
774 3974
3974 3175
662 626
626 1606
4400 4527
4527 1718
4136 11
11 4305
1523 4585
4585 1025
3675 3046
3046 3211
4121 1975
1975 2793
1913 2965
2965 3201
2980 4301
4301 3415
2208 821
821 3177
2780 1474
1474 2552
4417 467
467 157
2618 1572
1572 2638
3680 1824
1824 3453
724 4518
4518 2100
3983 2669
2669 2073
873 3145
3145 2073
1006 3654
3654 235
2367 2364
2364 2637
755 2634
2634 2793
4636 1827
1827 1153
3212 2290
2290 1996
1001 2060
2060 2552
2701 94
94 1744
2582 380
380 1900
2914 524
524 4305
3255 1322
1322 4114
723 789
789 1190
4248 2941
2941 4435
2890 1429
1429 3084
788 70
70 857
2367 1296
1296 4305
2642 2549
2549 3175
4486 2954
2954 3201
759 65
65 3663
2367 4517
4517 4186
2780 2456
2456 1381
1093 1303
1303 1009
433 1837
1837 2054
4486 2606
2606 4114
4053 151
151 1110
2448 2864
2864 157
2399 453
453 3532
723 1525
1525 2073
1559 3875
3875 546
2016 4577
4577 3175
1972 360
360 1153
3680 4464
4464 3969
1001 1034
1034 4305
3986 1655
1655 3658
1006 2050
2050 4435
196 4432
4432 424
665 2388
2388 3021
433 3989
3989 3067
3951 990
990 1125
3424 3732
3732 1996
388 2390
2390 2560
628 3502
3502 1125
2399 2230
2230 1708
4486 4609
4609 2635
2642 1971
1971 1965
4520 3402
3402 3067
2641 919
919 2345
1802 3883
3883 2964
1939 4541
4541 2127
4053 1344
1344 4475
4601 218
218 2073
3897 2587
2587 3766
3161 1247
1247 4434
970 4469
4469 364
4486 2314
2314 1323
3255 987
987 2654
4480 4055
4055 2345
168 3479
3479 3453
2367 4349
4349 3835
4136 2843
2843 1345
1288 1843
1843 1222
3755 1825
1825 3862
1506 1577
1577 3741
665 4099
4099 22
2641 2223
2223 3453
376 875
875 1345
735 3826
3826 4167
1447 4199
4199 1025
3209 3861
3861 1812
2493 675
675 1252
2642 1664
1664 2560
1447 2842
2842 4324
986 4084
4084 546
2642 1699
1699 2620
1702 2245
2245 3475
2119 2064
2064 4475
1972 1080
1080 3766
2641 4463
4463 3026
4248 217
217 4305
3286 689
689 3352
2899 3117
3117 2345
2683 799
799 3658
2701 3874
3874 3177
376 4431
4431 1323
2899 3406
3406 157
641 658
658 3958
3824 748
748 4395
45 1279
1279 4534
2642 2229
2229 3434
4417 2196
2196 582
4169 3417
3417 2127
2701 3669
3669 1009
628 3906
3906 1922
1559 2427
2427 364
2208 4320
4320 2638
3675 2260
2260 582
2953 331
331 4534
2641 1653
1653 1600
1006 4566
4566 4305
3897 1350
1350 2654
2683 3288
3288 3239
1473 2985
2985 3434
1995 293
293 939
2582 1590
1590 3741
3755 3534
3534 3175
1406 4598
4598 2964
4480 610
610 2635
253 2104
2104 1806
1347 1687
1687 3026
3951 578
578 3862
4242 3025
3025 1026
253 210
210 1996
1447 1561
1561 1089
68 445
445 2560
2701 1638
1638 2637
1039 4268
4268 3026
628 854
854 2197
1093 2346
2346 3084
2582 2920
2920 74
1802 2887
2887 2793
4588 1430
1430 1155
68 474
474 1717
605 1725
1725 4305
2702 770
770 4362
45 398
398 3716
2749 1055
1055 3211
4323 4333
4333 2093
4636 888
888 1057
1347 432
432 1057
4480 4387
4387 1298
4126 4550
4550 3389
2780 3817
3817 1922
4126 3791
3791 2869
196 410
410 157
3424 1566
1566 4395
1643 4600
4600 4362
82 406
406 1708
1939 3932
3932 809
67 1663
1663 3232
3444 1909
1909 3639
628 194
194 3768
1417 4208
4208 3663
2528 1197
1197 3862
3904 3451
3451 1626
2367 2677
2677 22
2641 595
595 1928
1417 2798
2798 3862
21 2515
2515 1252
1913 2729
2729 1252
2784 1980
1980 3533
3286 868
868 582
2641 3064
3064 3475
4248 2143
2143 3835
662 1781
1781 4492
4353 78
78 1125
1972 93
93 1928
2493 4374
4374 3741
2784 185
185 3177
1802 418
418 3453
759 2242
2242 4186
735 753
753 582
3333 4317
4317 4324
2271 803
803 157
970 2177
2177 4534
3212 935
935 2045
986 356
356 1626
2914 2639
2639 4475
45 2003
2003 1009
385 1064
1064 424
3333 3024
3024 3969
2683 203
203 2100
605 2840
2840 1110
3120 2717
2717 3352
385 1632
1632 4186
2936 4310
4310 3969
196 1208
1208 3532
2303 2860
2860 1190
2980 568
568 2127
3424 2611
2611 3434
349 3941
3941 2045
2602 1751
1751 3211
2760 2709
2709 1009
4353 526
526 4475
1406 2007
2007 1812
2401 3543
3543 1708
3962 828
828 3084
4248 2603
2603 3201
3373 3531
3531 2654
1802 932
932 3221
641 2342
2342 3741
1318 3185
3185 1345
433 540
540 1928
1939 644
644 298
2953 3914
3914 2127
1802 3037
3037 1965
788 4314
4314 1996
3951 944
944 2560
4480 3430
3430 2637
1093 4350
4350 1026
67 3700
3700 546
1001 3420
3420 3766
4136 3349
3349 1708
724 2330
2330 3958
843 3455
3455 3239
738 1911
1911 3434
2936 2916
2916 2197
3047 3337
3337 1922
735 3050
3050 3862
4053 506
506 4161
1506 2752
2752 2560
662 2544
2544 4186
1643 4298
4298 1155
1219 2306
2306 1886
3318 1616
1616 4324
665 1400
1400 3639
1538 1359
1359 4567
3333 1374
1374 3658
1417 181
181 3457
3675 2827
2827 1708
4126 397
397 3958
1288 1084
1084 3716
1883 744
744 22
1001 817
817 2638
1001 3115
3115 2964
2641 1858
1858 2345
3292 2233
2233 4475
4365 4045
4045 3958
628 1450
1450 4167
788 1454
1454 157
82 1948
1948 1298
3255 3083
3083 3177
2122 1622
1622 1922
2271 279
279 2793
1770 2436
2436 1606
1417 20
20 4152
4126 456
456 1606
774 145
145 4434
3675 3940
3940 3177
2953 1251
1251 3415
1417 574
574 3533
2478 4093
4093 2929
735 4162
4162 4534
2367 3338
3338 1965
2208 2371
2371 1718
4380 3351
3351 3768
4430 4206
4206 3434
755 2091
2091 1009
3824 3419
3419 3453
3318 6
6 4161
2493 3731
3731 2620
665 2689
2689 4161
4248 3568
3568 4114
1822 417
417 857
2780 2694
2694 1009
1006 1173
1173 3533
841 2095
2095 2635
2448 3569
3569 4435
2602 3511
3511 1708
1006 1990
1990 3221
3755 1946
1946 1298
1939 3901
3901 2945
1351 3322
3322 4305
4121 1852
1852 3067
3904 1133
1133 4167
788 1387
1387 2560
3255 1646
1646 3741
4365 412
412 1886
4430 3869
3869 1600
3951 881
881 3958
3444 4536
4536 1089
2780 3015
3015 2638
3680 133
133 3766
3212 381
381 3533
2784 4621
4621 3084
2890 1159
1159 2073
3986 1788
1788 2484
1779 3821
3821 1717
1347 1862
1862 1480
1995 291
291 4167
1006 2010
2010 4475
323 2934
2934 2127
4248 115
115 4492
4024 1488
1488 4152
1775 4203
4203 22
4430 3754
3754 3663
2016 1520
1520 2945
1939 1754
1754 1965
4053 277
277 2964
3047 1128
1128 3000
3904 659
659 3221
1538 2875
2875 3958
4365 3172
3172 235
1447 2373
2373 4324
4465 1880
1880 3663
1802 2406
2406 3434
3983 2630
2630 1744
4588 3228
3228 3232
4053 1302
1302 4161
1779 267
267 1026
1883 460
460 1155
2642 2216
2216 3766
3824 1859
1859 1026
4121 1411
1411 2345
2399 2437
2437 1812
1883 58
58 3434
1023 4525
4525 4475
4248 4531
4531 1812
1318 4420
4420 3389
4242 2355
2355 1190
1939 3123
3123 3835
4480 3789
3789 3211
1351 3398
3398 1026
2401 3276
3276 2110
4486 1846
1846 2073
1039 3903
3903 1125
2208 4068
4068 4492
45 563
563 3211
3373 2258
2258 1125
759 1695
1695 157
1995 1271
1271 2620
3931 3045
3045 22
3292 570
570 3000
82 1365
1365 1708
1417 1542
1542 2484
388 2393
2393 4324
2208 7
7 3532
970 2492
2492 2110
4636 3097
3097 2635
1447 477
477 2591
4480 623
623 3201
2760 47
47 1636
873 2858
2858 3532
2780 676
676 1298
3053 804
804 3969
1351 4516
4516 2654
605 143
143 2654
3255 4035
4035 3532
1288 2205
2205 1381
4053 4595
4595 1057
4380 699
699 1922
1972 3144
3144 2591
759 1698
1698 1606
1775 2156
2156 1996
3597 4037
4037 74
2784 872
872 22
4365 3483
3483 2654
1770 2471
2471 4167
3054 1659
1659 364
4417 3236
3236 2073
2208 2574
2574 1222
3824 2317
2317 2591
628 2901
2901 2054
1775 4587
4587 157
2119 733
733 3658
1006 2640
2640 939
3333 3356
3356 1190
3897 2441
2441 1606
3292 1989
1989 1965
1802 3042
3042 2100
3824 1927
1927 3835
2367 4265
4265 2637
1770 469
469 1480
2976 2430
2430 1345
4601 2806
2806 1195
3680 1230
1230 3639
724 3146
3146 3768
1041 1768
1768 1812
2749 714
714 4324
986 2786
2786 3352
2208 3118
3118 3201
2401 75
75 2620
4234 1645
1645 546
723 1258
1258 1009
1093 4157
4157 1812
3333 715
715 2929
4486 4015
4015 1026
2286 2769
2769 1009
3053 1147
1147 4161
3161 3839
3839 2041
2016 3069
3069 2093
2602 1046
1046 3862
2450 137
137 3000
2749 4073
4073 1922
4380 4597
4597 2093
4248 1895
1895 1153
4323 1709
1709 1806
1347 2758
2758 157
4430 1899
1899 3639
1318 2644
2644 4186
755 4252
4252 2054
2367 3376
3376 4167
1219 286
286 4152
1473 3004
3004 2093
2780 2773
2773 1195
2582 3631
3631 2929
2953 984
984 1345
2401 1619
1619 4492
72 4239
4239 2552
4400 1897
1897 2041
4242 1524
1524 3026
3403 2434
2434 3352
1770 2078
2078 1996
2780 2187
2187 4114
2029 2772
2772 235
4136 3999
3999 3352
4365 3112
3112 4475
759 2120
2120 3533
2602 262
262 3434
2208 2892
2892 3835
1447 3428
3428 2635
1883 2461
2461 157
3333 3696
3696 1600
2582 4106
4106 2073
2367 4625
4625 1886
3444 176
176 2197
2702 3939
3939 4305
2780 2822
2822 1298
1291 2570
2570 1155
2953 1610
1610 4435
4126 918
918 3969
723 4533
4533 74
662 1101
1101 2637
4234 1612
1612 4161
2399 1096
1096 3000
3680 3336
3336 3532
1291 2069
2069 3533
4520 2047
2047 1089
1473 668
668 2869
3209 1943
1943 1222
4380 1817
1817 1636
3161 61
61 3741
2641 660
660 3239
2303 4388
4388 2654
735 1818
1818 1026
3209 1100
1100 256
2976 2848
2848 3958
2493 1743
1743 364
4242 721
721 3389
3680 1798
1798 3415
2642 3920
3920 3221
4242 215
215 3475
1390 2708
2708 1345
755 2180
2180 4435
3071 227
227 3835
2780 4458
4458 2638
2702 1605
1605 4324
1538 2686
2686 1153
3071 2801
2801 2591
665 3131
3131 1025
755 1223
1223 2093
3161 3319
3319 3084
1939 3200
3200 4395
4486 4012
4012 3766
1347 1758
1758 2045
4242 946
946 2045
68 1875
1875 2110
323 3765
3765 3221
3054 507
507 2637
388 1691
1691 1928
2448 90
90 3067
3373 4584
4584 546
3931 3443
3443 2197
2890 2691
2691 3232
4242 2243
2243 1600
605 1047
1047 4114
2448 4155
4155 939
843 3121
3121 3639
1288 834
834 3221
168 3773
3773 3658
4169 4010
4010 4167
864 2547
2547 2637
1822 1346
1346 3221
2029 405
405 1190
2528 4217
4217 3211
1473 3280
3280 4305
2528 736
736 1965
2936 1874
1874 1606
1390 2990
2990 2197
662 3224
3224 1381
2528 3672
3672 3434
1318 4455
4455 3457
1093 4072
4072 3067
21 3247
3247 3835
937 4213
4213 4161
2749 3328
3328 1026
3292 4643
4643 4167
2899 150
150 2637
1041 1665
1665 3969
3444 1508
1508 3084
3292 3947
3947 4114
4169 3344
3344 3415
2208 742
742 2552
1972 3676
3676 1345
2641 2139
2139 3000
1351 1262
1262 809
4480 271
271 3239
1351 3041
3041 3533
3255 4170
4170 1155
4417 399
399 4475
4234 4547
4547 424
349 669
669 1718
2303 2262
2262 4305
1188 4646
4646 1057
82 2621
2621 2929
1001 1482
1482 2093
45 1629
1629 3716
3962 1146
1146 1985
4520 2212
2212 1190
433 1338
1338 1089
2016 4244
4244 3533
4480 1776
1776 4219
4400 2375
2375 857
1939 2559
2559 582
4380 842
842 3000
2602 4522
4522 1718
2796 213
213 1965
1643 4207
4207 3969
1883 1790
1790 2041
2760 1979
1979 1009
3047 4102
4102 1026
723 810
810 1928
3054 2011
2011 4492
2890 3510
3510 2100
3120 4322
4322 2929
68 2239
2239 4395
3986 705
705 4152
2914 1082
1082 4305
3161 1821
1821 2964
1390 4582
4582 2869
4136 3582
3582 2793
628 258
258 4152
2478 3738
3738 4435
2303 3859
3859 546
662 367
367 1298
388 2000
2000 4475
2936 3811
3811 1057
2450 1210
1210 880
1802 315
315 3352
2029 4019
4019 3716
738 1839
1839 4114
4169 2008
2008 1153
864 2126
2126 3434
4601 38
38 3175
21 3012
3012 74
4242 1719
1719 3475
3047 639
639 2929
4323 4392
4392 2654
4169 370
370 2045
3675 4453
4453 1009
843 1579
1579 3221
641 2270
2270 1089
1538 1829
1829 3084
2642 671
671 3000
4136 3798
3798 1025
2399 758
758 1252
4136 1599
1599 1996
4380 2527
2527 4305
2208 1032
1032 3239
1802 1783
1783 1110
3212 1206
1206 1345
4136 934
934 3639
4234 2402
2402 3969
2493 3929
3929 3639
2953 3926
3926 3457
2890 3413
3413 4219
2493 2057
2057 3026
4486 3719
3719 3239
4636 319
319 3639
1559 1360
1360 3768
3333 2455
2455 1222
986 609
609 1381
3951 771
771 2637
2367 2251
2251 2560
1473 3073
3073 1717
1830 281
281 3021
1318 2117
2117 3201
3209 3795
3795 4305
4365 3108
3108 3532
3333 752
752 2100
774 866
866 2964
1939 3786
3786 2054
2796 1397
1397 3084
2450 2970
2970 2197
4121 2194
2194 1626
4486 2264
2264 3389
2701 3387
3387 1480
724 2133
2133 22
4636 2704
2704 1606
253 2459
2459 2345
1939 3957
3957 4567
738 95
95 1323
4053 2522
2522 880
4465 2529
2529 1928
4520 134
134 2560
788 2178
2178 809
1538 3192
3192 2964
4400 4063
4063 3741
1939 2370
2370 3766
2582 292
292 1153
2286 1586
1586 809
628 1475
1475 3415
67 2497
2497 2620
3318 1369
1369 3221
3255 2968
2968 2093
4380 976
976 2620
21 3692
3692 1886
1643 40
40 3415
1822 813
813 1626
3373 3500
3500 3453
1972 377
377 4152
986 776
776 2093
3373 1172
1172 424
3212 2659
2659 3862
1473 2981
2981 3958
3212 4018
4018 4435
3675 289
289 1025
2119 651
651 4492
986 3492
3492 3201
4486 1573
1573 1125
376 1461
1461 2054
1041 877
877 3835
2914 910
910 1708
3983 1838
1838 1928
3424 3558
3558 4492
986 2048
2048 3766
2367 4396
4396 3533
21 3528
3528 4219
4400 1894
1894 1806
1830 2731
2731 4435
1318 3515
3515 582
3071 1383
1383 3969
2016 2096
2096 2127
2936 2626
2626 3211
3675 663
663 1323
2528 2307
2307 364
3824 2
2 3958
759 1182
1182 1057
21 2917
2917 3532
1318 1119
1119 1125
388 4288
4288 582
841 3555
3555 1636
2016 3240
3240 582
1093 542
542 4324
1830 4403
4403 3389
3053 4127
4127 2620
2702 3563
3563 1298
2760 562
562 1125
4588 1477
1477 4167
1001 4602
4602 3211
665 1924
1924 1345
2796 957
957 1965
2914 1405
1405 3201
1473 701
701 2073
2976 4104
4104 3177
1219 513
513 1057
3897 3844
3844 2197
4417 1667
1667 546
168 3437
3437 4152
3071 1094
1094 4435
2528 4510
4510 3232
2448 4044
4044 3352
2493 1498
1498 1125
1001 756
756 3639
1093 1515
1515 2041
2208 3616
3616 1323
2683 2805
2805 4534
4636 3760
3760 3663
2399 1864
1864 3434
2208 330
330 2073
735 320
320 1812
2399 768
768 1026
1883 4448
4448 2552
1093 822
822 3533
3680 3164
3164 1025
388 2989
2989 3211
385 310
310 3211
385 4299
4299 4186
4465 2730
2730 1298
1830 3918
3918 3533
843 463
463 1636
3120 1113
1113 1323
3424 3651
3651 939
4601 1121
1121 1600
2271 4184
4184 2045
1318 838
838 74
724 642
642 3532
1447 160
160 3296
4121 3742
3742 1718
3047 577
577 3835
4601 2266
2266 2635
4242 3058
3058 1636
1351 341
341 1636
3675 3685
3685 3415
1643 2700
2700 582
4136 2947
2947 4434
1559 59
59 3457
4636 1393
1393 880
1056 1901
1901 3415
72 3934
3934 1195
2914 603
603 3835
2448 2170
2170 3639
1318 1672
1672 3084
4234 449
449 1125
1939 871
871 1480
3054 3546
3546 1155
1417 3086
3086 2110
253 1257
1257 74
2701 1598
1598 1480
2953 13
13 2654
1188 3972
3972 3000
4465 2662
2662 3026
4380 4235
4235 1381
1939 404
404 4186
2683 2692
2692 1708
1056 3048
3048 256
385 1621
1621 3067
3755 1445
1445 3768
2953 3689
3689 4395
3897 1729
1729 2345
3680 3757
3757 2654
1219 2745
2745 3177
2448 2272
2272 1965
2760 249
249 2637
1417 2625
2625 1155
1770 3819
3819 3453
3983 1017
1017 3453
1347 2277
2277 2929
376 3621
3621 2793
1417 949
949 1110
3824 4631
4631 1195
4480 950
950 3211
2899 905
905 3741
3292 2176
2176 3232
2980 1703
1703 1025
2641 2400
2400 3026
3951 2925
2925 1717
4601 2844
2844 1606
2890 3761
3761 3175
628 1578
1578 3639
2401 706
706 3232
2780 4385
4385 1996
376 4407
4407 4395
4400 2617
2617 1025
2208 2667
2667 2591
1447 1214
1214 3835
4242 2517
2517 1606
1023 214
214 582
2401 831
831 1744
2367 2994
2994 3211
2450 193
193 3475
1001 673
673 1155
755 3159
3159 1708
376 3481
3481 3232
1447 1004
1004 1057
4430 2794
2794 1996
1802 941
941 1125
2936 230
230 4395
67 3272
3272 3026
1523 2111
2111 2484
323 815
815 2638
2448 1227
1227 2620
3053 3343
3343 3434
4486 172
172 1195
3255 694
694 1600
628 2839
2839 3766
1347 3747
3747 1708
4636 42
42 1110
4480 1072
1072 1708
1288 2301
2301 1057
1770 720
720 1026
2448 2086
2086 3389
253 3803
3803 4435
3951 328
328 4324
1039 1514
1514 546
774 1431
1431 1345
1023 3776
3776 582
1291 1543
1543 3969
2401 476
476 4435
1093 2115
2115 2620
3755 4229
4229 3389
662 2588
2588 3766
1939 1674
1674 3067
2602 4131
4131 2654
2208 3203
3203 2093
864 3380
3380 2945
774 3693
3693 3177
4242 541
541 3639
2016 1220
1220 939
4636 3213
3213 1922
759 1819
1819 2110
3986 492
492 4152
2208 3711
3711 857
2450 3005
3005 3175
45 1446
1446 3211
388 1196
1196 1057
376 1348
1348 2945
1506 4060
4060 364
4465 2857
2857 1323
2702 1036
1036 2110
1417 3746
3746 298
3373 1060
1060 2484
388 3774
3774 424
986 2452
2452 2045
3597 2670
2670 2654
1039 2530
2530 1222
1559 3355
3355 1606
2760 1375
1375 3532
4430 1658
1658 3201
2936 1332
1332 2869
45 1304
1304 2654
4242 4
4 3201
4121 491
491 3434
3047 3148
3148 1718
1939 3312
3312 1252
4053 3217
3217 1922
937 3191
3191 1252
2914 4101
4101 1636
2119 4495
4495 1190
4126 2632
2632 1190
937 120
120 3969
3824 3882
3882 3969
3403 3321
3321 2054
1775 1300
1300 2560
3755 840
840 3084
986 3715
3715 2869
2367 3363
3363 1965
4417 2524
2524 809
2602 4606
4606 3389
1523 3655
3655 74
1883 1331
1331 2484
970 1831
1831 1812
2642 1527
1527 1025
4353 3353
3353 3716
4465 3252
3252 2929
3209 3905
3905 3239
4636 199
199 1323
2208 4381
4381 3175
2780 2619
2619 2345
1406 3019
3019 3658
3333 3636
3636 4567
1643 3610
3610 4161
1802 3994
3994 3239
1318 1905
1905 2945
3209 4447
4447 2054
4400 657
657 235
1939 4628
4628 424
4169 2031
2031 2197
3071 4221
4221 3457
1288 3586
3586 2127
1417 4519
4519 3415
1291 1321
1321 4434
2367 81
81 1345
774 4549
4549 1996
2286 601
601 1965
168 1510
1510 3434
2119 4144
4144 4492
774 971
971 2793
1347 1443
1443 1600
2303 980
980 4534
433 2952
2952 1708
385 3627
3627 546
2890 3575
3575 1636
1219 1715
1715 939
2702 894
894 1744
4169 2732
2732 4324
2976 3694
3694 1922
1093 725
725 3835
349 1354
1354 3021
2702 1734
1734 22
2602 237
237 4435
1779 2707
2707 4395
1939 1711
1711 880
1417 1250
1250 2638
3054 1607
1607 3177
3986 1970
1970 2637
67 2053
2053 2620
2119 4354
4354 2560
3161 2534
2534 4362
1702 422
422 3211
2780 1876
1876 1717
82 106
106 3958
3212 2275
2275 1965
738 772
772 1125
1643 4002
4002 1153
841 3347
3347 2093
3675 739
739 2637
1041 2020
2020 1323
1802 3202
3202 1744
3209 798
798 4435
1351 997
997 3768
2582 818
818 1480
1041 1396
1396 3201
1775 2671
2671 3639
67 343
343 3862
1559 3900
3900 4114
3333 204
204 2964
4520 114
114 2620
2367 2938
2938 4305
759 518
518 3084
1643 2474
2474 1965
1039 393
393 3239
2936 4393
4393 2591
2642 1764
1764 3766
3373 1805
1805 1323
2784 1356
1356 3958
1559 1306
1306 1985
1347 340
340 1089
2450 4404
4404 939
735 2705
2705 4219
3424 2349
2349 1744
873 882
882 3084
4242 1232
1232 1110
1006 4064
4064 4492
68 4078
4078 3296
3373 2499
2499 3084
1347 3787
3787 3475
72 4391
4391 2110
2602 1379
1379 1110
349 3522
3522 1345
4486 4085
4085 3221
1056 767
767 3232
2478 216
216 3177
1770 2871
2871 880
2271 299
299 3969
3424 3364
3364 4435
1775 394
394 4324
1351 1192
1192 1026
45 3573
3573 1996
3047 2479
2479 1345
2119 2376
2376 2929
4601 3208
3208 3221
1056 3596
3596 298
3053 2663
2663 1806
1417 3173
3173 1155
1390 4515
4515 2654
4353 268
268 1996
2528 2254
2254 3741
3597 2789
2789 1057
3675 3959
3959 2964
3904 4304
4304 2073
385 2415
2415 1965
1039 862
862 157
864 1002
1002 22
1913 2052
2052 2484
1523 1276
1276 2054
873 2291
2291 3716
755 3
3 3175
2448 2764
2764 809
3209 1471
1471 1606
1390 2070
2070 2635
4486 1283
1283 3958
2582 3736
3736 1195
2478 545
545 1708
1473 3204
3204 4167
2286 1070
1070 1928
864 1974
1974 1806
986 1312
1312 1153
1041 1143
1143 4167
68 2597
2597 1195
3675 3880
3880 3532
3824 311
311 235
1288 2623
2623 4492
4430 1930
1930 3862
4365 490
490 880
1939 1915
1915 4324
4486 683
683 1600
3983 3230
3230 1153
864 4347
4347 1606
2119 900
900 2045
755 1263
1263 3639
4400 391
391 3177
1822 443
443 3658
4601 2483
2483 3958
2208 3644
3644 4492
2286 1714
1714 2560
2401 3039
3039 3434
376 4036
4036 1125
2493 1164
1164 1806
2953 2036
2036 157
1972 4557
4557 4475
2953 1797
1797 2197
662 3564
3564 1806
1085 4326
4326 4186
4465 163
163 3026
1822 111
111 1195
82 2803
2803 4362
3403 1031
1031 880
2683 1884
1884 3177
1779 309
309 1812
605 2253
2253 4567
4136 389
389 3532
1802 2324
2324 1125
662 3872
3872 1323
841 4132
4132 4161
843 2693
2693 3434
2602 1981
1981 22
605 275
275 2560
1779 1867
1867 1626
1702 3825
3825 1744
2602 4293
4293 2110
2493 403
403 3663
970 2748
2748 4161
4480 3245
3245 1026
843 2837
2837 1922
4430 717
717 3389
2936 2695
2695 1886
2980 670
670 1026
2796 909
909 3177
1972 3339
3339 1089
2749 87
87 4167
2582 178
178 546
3962 2386
2386 22
841 3488
3488 3862
3444 452
452 1900
1406 3559
3559 1222
628 3341
3341 3475
1802 1421
1421 364
253 1088
1088 3352
21 471
471 2345
1775 4276
4276 2869
2401 3549
3549 1708
2208 2594
2594 4435
82 255
255 3026
2796 3517
3517 3835
4380 643
643 2093
1291 2476
2476 4114
2528 921
921 1110
1347 1187
1187 1900
3333 4260
4260 3026
2641 2824
2824 1812
3333 3701
3701 1708
3054 2572
2572 3862
723 1479
1479 2964
755 4286
4286 1025
4430 222
222 3862
3424 1640
1640 1222
3286 4358
4358 2041
2618 3921
3921 1110
2208 2931
2931 4161
3675 3899
3899 2929
1538 23
23 2093
168 564
564 298
1318 2983
2983 3663
4136 1062
1062 1717
4323 1650
1650 3663
1972 3598
3598 4395
2016 2217
2217 3175
1995 2344
2344 364
1883 3553
3553 4395
3680 429
429 4219
2478 1787
1787 1195
3209 1355
1355 1190
2642 3805
3805 4567
2528 2125
2125 857
937 2601
2601 1323
759 3078
3078 3475
1913 1767
1767 1252
1779 3193
3193 2620
4430 4263
4263 1009
3904 3418
3418 2654
937 942
942 2945
4465 1652
1652 4324
2701 1904
1904 582
1023 4439
4439 424
2890 1308
1308 4567
4636 928
928 3663
2702 1668
1668 235
2976 731
731 3000
3897 649
649 880
3680 43
43 3084
1001 3196
3196 1922
3444 3178
3178 4186
4480 3944
3944 2093
3444 3748
3748 1900
2760 1112
1112 4114
2701 3265
3265 1717
388 3580
3580 1744
1779 4014
4014 4395
2303 4210
4210 1057
4465 1415
1415 2560
873 2744
2744 939
843 155
155 2552
1039 4359
4359 4219
45 3841
3841 1125
735 197
197 2093
1188 4594
4594 1195
1702 3266
3266 2560
665 384
384 2560
2702 916
916 2045
3333 1138
1138 1600
196 1366
1366 3457
3053 569
569 4435
4486 497
497 1996
253 269
269 1886
433 2532
2532 3766
1830 3688
3688 2484
2582 3354
3354 4167
864 3299
3299 4114
2602 1237
1237 4435
724 2943
2943 3532
4053 2012
2012 1900
2528 2664
2664 1965
1830 2536
2536 2197
4636 3507
3507 4567
2702 2880
2880 3201
4588 3850
3850 4362
2399 1721
1721 1806
2914 2668
2668 2073
4248 3590
3590 1886
4417 4011
4011 2654
2618 2629
2629 2093
4126 2688
2688 1600
1351 3469
3469 1626
4248 3602
3602 3389
665 17
17 2945
4430 2409
2409 3211
738 1856
1856 880
1972 232
232 1155
433 994
994 2197
3161 3938
3938 1323
2914 2181
2181 1153
3983 4168
4168 546
864 3127
3127 2945
665 989
989 4534
4400 1536
1536 1190
1972 3190
3190 546
1559 2015
2015 1345
3292 1244
1244 3026
1351 825
825 3221
1883 306
306 4186
1643 4272
4272 2127
2618 4256
4256 2945
4234 2475
2475 1886
1390 2909
2909 3716
1883 1683
1683 4492
2602 2206
2206 1606
4465 2315
2315 4305
323 1984
1984 1195
2401 1469
1469 1222
2286 1224
1224 2197
1188 920
920 3211
4126 457
457 4567
72 2898
2898 1965
1093 908
908 1900
3824 2227
2227 1125
1883 2852
2852 1985
1802 1425
1425 1252
735 2426
2426 3958
168 2759
2759 2793
1417 4371
4371 2552
1702 3740
3740 1009
2450 2467
2467 809
1822 434
434 4435
723 3648
3648 1345
2642 3329
3329 857
3675 3032
3032 2964
2899 205
205 1323
3897 2727
2727 1298
1473 891
891 857
3424 885
885 809
376 2647
2647 1708
4400 2672
2672 1606
841 1803
1803 3296
2208 3441
3441 2041
2914 243
243 1195
2271 2500
2500 3415
3403 2105
2105 1996
2450 1299
1299 1381
1056 4134
4134 2964
788 231
231 3211
937 4254
4254 1057
4380 2771
2771 2869
1188 1737
1737 3415
1802 1203
1203 2345
3962 153
153 2637
2702 2079
2079 4167
1390 4551
4551 1089
1390 1216
1216 2637
2683 558
558 2127
2367 2690
2690 2635
376 29
29 3958
3986 826
826 1812
3424 2141
2141 4567
67 3188
3188 3084
4400 1199
1199 1089
4417 1977
1977 2638
1219 3271
3271 4434
3212 4129
4129 1323
3333 3670
3670 2560
3255 1193
1193 3716
1995 2633
2633 1298
3951 3797
3797 3766
1318 653
653 2793
4323 198
198 1900
1085 2832
2832 4434
68 784
784 1985
1219 4128
4128 4305
1288 2513
2513 1928
4520 4201
4201 1965
724 1958
1958 1886
4136 2200
2200 157
385 3662
3662 298
2582 1226
1226 1480
774 1614
1614 4395
1351 270
270 3389
2450 1914
1914 4395
4248 943
943 1812
1041 4414
4414 3766
2780 3273
3273 1600
1995 2335
2335 1125
3071 3254
3254 3457
4601 250
250 1323
3986 2305
2305 3533
68 4624
4624 3389
3983 593
593 4534
3292 4556
4556 3475
3904 1273
1273 939
1023 538
538 2045
323 3624
3624 3741
1559 2038
2038 1153
2271 1231
1231 4362
2980 2147
2147 2045
1972 1130
1130 857
2890 128
128 2197
3286 1890
1890 2127
843 2973
2973 1125
3986 1217
1217 2093
2448 3538
3538 3639
3292 4327
4327 3457
2899 1727
1727 582
1523 2343
2343 2045
4588 3537
3537 3201
4024 3241
3241 1708
2683 1152
1152 4114
388 712
712 3389
21 3902
3902 4434
1041 4512
4512 2560
3597 3184
3184 2638
2208 2302
2302 3389
3292 3752
3752 2197
4126 1701
1701 3716
841 1444
1444 74
3054 3290
3290 3766
4323 687
687 2552
3333 1588
1588 3232
2029 3263
3263 3475
2760 2636
2636 3067
4248 1661
1661 2635
662 2725
2725 4161
4169 3369
3369 1089
970 874
874 3232
1779 3600
3600 2945
1538 3973
3973 3221
2401 3407
3407 4492
1883 408
408 3766
2760 3779
3779 4567
864 337
337 4475
937 4113
4113 3177
45 2553
2553 1025
3931 1685
1685 1922
2286 625
625 2484
2749 4182
4182 3296
788 3074
3074 1125
2760 1666
1666 3835
2683 1087
1087 2197
196 698
698 2093
2784 1265
1265 1025
4248 3691
3691 2869
1802 2134
2134 2560
3373 4650
4650 1345
4136 1998
1998 1089
4380 104
104 1600
4248 503
503 1985
3444 1992
1992 2964
1913 2539
2539 3232
1219 836
836 1606
2914 782
782 2620
735 4250
4250 4534
2493 3382
3382 4362
2582 224
224 1298
3755 1628
1628 3389
253 1540
1540 4152
1001 4526
4526 1153
2701 1065
1065 1026
2016 1885
1885 4492
2303 1358
1358 3862
1447 427
427 3175
1417 3552
3552 4435
1085 622
622 1057
2936 1842
1842 2484
2641 1202
1202 4305
1041 972
972 4305
3824 1582
1582 3434
4242 2055
2055 3639
2683 765
765 1812
4601 1620
1620 1996
3047 4483
4483 3969
3986 3284
3284 1195
4520 1330
1330 3457
2303 2807
2807 2793
1001 1129
1129 2073
1085 2766
2766 1717
2401 1710
1710 364
2780 1068
1068 2793
1041 1228
1228 2110
3755 2812
2812 3658
2399 1102
1102 4152
2899 472
472 3221
4053 993
993 1153
2478 4494
4494 1996
1939 2222
2222 2041
168 2398
2398 2484
2493 3259
3259 809
1779 2213
2213 3415
2702 2276
2276 1252
3212 2372
2372 3663
4353 1362
1362 1057
1779 171
171 4219
1775 2942
2942 3475
755 2894
2894 1026
45 26
26 1600
2953 3261
3261 1812
3054 1462
1462 1626
4480 2891
2891 809
2401 1401
1401 74
3897 321
321 4435
1770 4178
4178 3221
3983 3635
3635 809
349 2738
2738 1110
738 2043
2043 2093
4053 4473
4473 2041
1023 2863
2863 1600
2367 3888
3888 3201
2953 236
236 3766
2367 792
792 3532
873 2681
2681 1717
1559 4415
4415 880
323 2787
2787 235
3444 3463
3463 3741
1822 3953
3953 4305
843 3216
3216 1708
2016 4287
4287 809
4465 3935
3935 3532
2683 1916
1916 4186
841 1772
1772 1026
4486 1098
1098 2127
1559 241
241 3000
738 2113
2113 3658
3318 259
259 1110
2208 154
154 4362
1883 3408
3408 1110
2286 1029
1029 1057
724 2443
2443 1222
4169 3030
3030 1009
2271 2808
2808 1606
2119 438
438 3639
376 2939
2939 2054
841 2785
2785 2110
2976 79
79 1155
723 2504
2504 3211
2602 211
211 1886
2286 1585
1585 2484
21 3678
3678 3296
2701 3647
3647 1125
3444 4487
4487 880
2448 3306
3306 3768
2582 4563
4563 4167
2642 2252
2252 4305
3904 3160
3160 3221
3424 3113
3113 1636
3054 3219
3219 2654
349 4368
4368 3741
2286 3605
3605 2964
3255 3099
3099 4395
1822 4615
4615 3663
1830 2420
2420 3639
3120 4478
4478 3532
735 2250
2250 4324
2683 2278
2278 1636
788 852
852 1717
3931 1639
1639 1190
72 4339
4339 2484
4480 226
226 2054
1001 3830
3830 157
641 3778
3778 3067
433 2650
2650 1381
1523 4356
4356 424
735 1574
1574 3211
1972 1869
1869 3000
735 3060
3060 3352
2448 780
780 2484
1883 2676
2676 1996
376 4192
4192 2345
4430 952
952 1718
349 1947
1947 1026
4400 3088
3088 424
4024 947
947 4534
3597 2581
2581 1009
2890 103
103 298
3053 475
475 1922
1473 1694
1694 2093
323 2098
2098 2964
2399 511
511 3084
4365 3990
3990 3533
1775 2829
2829 256
1559 3686
3686 1323
755 4241
4241 3533
2122 2521
2521 2054
349 1763
1763 4219
3983 3649
3649 1190
1447 4559
4559 3457
4480 805
805 3475
1822 164
164 1928
843 667
667 2100
1802 750
750 1195
2399 4026
4026 1626
4636 2962
2962 3232
1473 1549
1549 1928
2642 892
892 4395
2618 3087
3087 364
1802 1091
1091 3639
1770 1541
1541 4567
1770 4542
4542 2793
1913 2447
2447 3067
2016 3981
3981 3352
168 147
147 4492
2401 3235
3235 3716
3292 3881
3881 2635
1770 1272
1272 1626
628 4509
4509 2654
4234 461
461 4534
1041 4020
4020 1922
376 1716
1716 3862
68 1448
1448 2620
3444 2082
2082 1025
3824 484
484 4161
1939 1485
1485 3084
2796 1726
1726 2638
2122 3578
3578 3457
788 4553
4553 3021
1506 2283
2283 2620
1039 3223
3223 1323
755 3400
3400 1190
2796 2743
2743 3415
4121 4150
4150 4492
1506 1583
1583 235
2528 3659
3659 1345
1523 1240
1240 1928
2701 975
975 3766
1972 904
904 4475
662 549
549 2054
1830 1570
1570 3434
2890 2935
2935 1600
2953 69
69 1110
2450 1168
1168 3211
4380 927
927 4435
4323 2781
2781 3475
3897 4372
4372 22
4636 1624
1624 22
4601 2884
2884 1985
1085 1688
1688 2100
2582 4346
4346 256
1883 2903
2903 4152
3292 2657
2657 4492
2016 1840
1840 4434
4465 2463
2463 1928
4248 1325
1325 3958
253 1328
1328 2100
1041 2429
2429 2637
1643 1218
1218 2964
1559 2756
2756 4167
1041 2825
2825 4324
253 1134
1134 2345
605 1337
1337 3415
3292 587
587 4435
1775 307
307 2637
323 2562
2562 3663
605 2359
2359 2869
4234 2340
2340 2945
1643 4173
4173 1323
735 499
499 3175
864 3447
3447 3352
1039 3079
3079 880
2122 1752
1752 1806
2450 3898
3898 1812
662 266
266 1345
3318 3080
3080 22
628 4634
4634 2945
2029 2092
2092 2654
937 3277
3277 4395
3824 487
487 3389
3209 2661
2661 1009
1447 263
263 4305
3931 1794
1794 1806
1188 3604
3604 2197
1506 3713
3713 1323
788 1404
1404 1381
2448 1368
1368 2560
3931 3114
3114 1922
2208 2548
2548 3958
2953 2238
2238 2093
3054 3879
3879 3969
1822 3171
3171 2793
4486 129
129 2591
4480 1075
1075 1009
4588 2951
2951 1636
1351 1501
1501 3716
1538 1887
1887 3389
3255 98
98 2635
2953 123
123 857
2702 3452
3452 582
82 1292
1292 2637
2641 1997
1997 3658
1702 2872
2872 3741
2702 1059
1059 2620
168 4331
4331 1190
433 1907
1907 3021
1972 1944
1944 2197
2899 2457
2457 1089
1770 646
646 2620
3047 527
527 1812
1538 2246
2246 3663
3333 200
200 3958
1347 1309
1309 3296
4053 548
548 1717
1288 2820
2820 1626
1559 2937
2937 4219
1351 3141
3141 1057
759 1126
1126 2127
4380 2109
2109 809
2528 2413
2413 4435
2448 992
992 1222
1347 3753
3753 3533
1702 1633
1633 2637
2936 3231
3231 1195
4126 3379
3379 3175
3962 3270
3270 1025
2208 3767
3767 2591
3897 3876
3876 2654
2976 317
317 4534
3120 4196
4196 880
4480 865
865 3084
3824 745
745 2637
4242 3293
3293 2045
1802 832
832 1125
735 1796
1796 2127
3897 2432
2432 2654
1093 590
590 3221
628 3505
3505 4324
2478 1630
1630 1626
4121 3378
3378 1057
1406 855
855 3457
385 1669
1669 546
3931 2129
2129 4167
3053 2905
2905 1298
1473 3367
3367 1381
2936 2809
2809 1718
68 1917
1917 1057
641 3599
3599 1089
2980 648
648 3175
168 4005
4005 2484
323 4499
4499 1718
1972 2874
2874 4434
1417 519
519 2637
3373 903
903 1886
4323 967
967 3232
82 2585
2585 3835
2528 348
348 3475
1093 2101
2101 3026
1939 1777
1777 2484
2478 2280
2280 3533
1779 3832
3832 4167
2796 1730
1730 1812
433 4579
4579 2869
841 897
897 1057
2702 34
34 2560
3255 149
149 2945
388 2195
2195 1636
3897 2066
2066 1900
4417 2963
2963 1708
3286 3275
3275 3084
3255 1277
1277 4324
628 3432
3432 857
2641 588
588 2552
4126 3011
3011 3663
323 2835
2835 3969
3053 3523
3523 2100
72 4297
4297 4161
2914 4108
4108 2945
4417 88
88 4161
4242 2440
2440 3389
2890 1662
1662 3457
2701 3687
3687 2197
253 3421
3421 2552
3680 4146
4146 4434
376 3227
3227 4475
662 4122
4122 3658
1972 1953
1953 2054
385 2411
2411 3639
3318 4603
4603 1222
3983 2279
2279 3084
843 1215
1215 1606
1883 3381
3381 3434
1913 1282
1282 3239
3292 1966
1966 3969
986 3702
3702 939
3403 2658
2658 4475
1702 2509
2509 157
2029 863
863 2964
3054 586
586 2560
4380 1641
1641 2073
1702 2473
2473 3026
2683 802
802 1812
1291 2416
2416 74
4323 4062
4062 1089
2401 1938
1938 3352
1770 1033
1033 2964
755 2106
2106 4434
3962 3524
3524 1381
3053 3908
3908 582
864 186
186 3766
1417 1324
1324 2110
759 3396
3396 22
1023 559
559 1928
3962 630
630 1812
3286 25
25 2620
3897 495
495 298
1093 3480
3480 4395
4380 1341
1341 1125
2448 1123
1123 3741
2016 890
890 3352
2401 2268
2268 3221
1447 382
382 1110
4365 1139
1139 1812
1085 686
686 3221
2367 4100
4100 157
3951 1681
1681 1480
4136 1127
1127 4435
864 2300
2300 3211
1288 3925
3925 4362
2642 4399
4399 1900
168 3890
3890 1125
4588 3476
3476 1252
4636 2405
2405 4161
3897 3166
3166 2654
2760 790
790 3067
628 4313
4313 4395
873 77
77 3475
1779 1073
1073 939
2367 2179
2179 2638
3054 3613
3613 1153
67 3345
3345 3475
4465 2137
2137 3639
45 2649
2649 1298
1039 1278
1278 3296
3071 3397
3397 2638
662 3278
3278 1600
864 3143
3143 2591
1538 4413
4413 2045
3424 1936
1936 3000
4234 1476
1476 4434
873 1484
1484 3389
843 1414
1414 1480
3053 4514
4514 3768
3897 3487
3487 2638
2618 2182
2182 235
1056 4479
4479 2637
253 2099
2099 4324
3054 1367
1367 1886
2953 3017
3017 2929
3897 4183
4183 2964
1347 2904
2904 3766
2602 1109
1109 2620
759 3128
3128 2964
168 248
248 3201
3897 1050
1050 22
2953 3327
3327 1626
843 3845
3845 4167
3675 1320
1320 3639
665 1910
1910 1996
3373 2877
2877 1626
4126 4038
4038 3453
168 294
294 4435
2749 2381
2381 3741
3424 71
71 1600
738 2580
2580 2197
1390 619
619 2945
2122 4307
4307 3835
1939 571
571 3741
628 878
878 3211
2119 1225
1225 3415
196 1297
1297 2041
3120 3812
3812 3453
1041 4249
4249 4114
1351 2993
2993 1057
788 1170
1170 1222
3255 627
627 1812
2953 2487
2487 2560
1559 2389
2389 3969
4601 3864
3864 3475
641 3195
3195 4362
3444 1394
1394 2127
1219 4057
4057 1345
2796 1140
1140 2635
605 4575
4575 2054
841 4418
4418 1009
1643 2439
2439 1965
4136 1882
1882 235
1039 274
274 2110
873 2779
2779 939
3161 4061
4061 1900
4323 1378
1378 3766
4601 794
794 1252
3209 4105
4105 880
759 2893
2893 2620
3209 1044
1044 4186
1085 3960
3960 298
4126 368
368 1125
4588 1142
1142 857
2602 4422
4422 3175
2618 3462
3462 3862
3424 589
589 1606
1523 1654
1654 3026
1085 73
73 1708
3824 3314
3314 3475
4024 3542
3542 2637
3962 2546
2546 1996
2286 3730
3730 3352
4121 3829
3829 546
2936 1212
1212 1626
841 2866
2866 4475
2953 1439
1439 1057
2796 1908
1908 4362
3675 3391
3391 582
755 1581
1581 2793
1830 451
451 2637
1473 2166
2166 3862
1219 1870
1870 1928
3120 1978
1978 809
3120 2984
2984 1155
1291 357
357 939
3071 2665
2665 3716
2119 4017
4017 2484
4024 1457
1457 4324
4520 1918
1918 1922
1056 4043
4043 2110
2701 1815
1815 3741
349 1398
1398 4161
1473 3365
3365 4186
1001 4612
4612 3021
1056 3668
3668 1222
2953 4607
4607 3716
2784 2897
2897 1996
1351 3595
3595 2637
433 2162
2162 3084
4169 2879
2879 3457
2122 1773
1773 3175
3161 4373
4373 1298
3931 1926
1926 1965
1830 308
308 2638
196 2051
2051 4534
3373 2384
2384 1812
4588 2431
2431 1600
843 2608
2608 2869
3071 4133
4133 3658
986 4042
4042 4475
4601 1765
1765 4534
4636 2360
2360 1252
723 4619
4619 2552
1559 3289
3289 1125
3120 1503
1503 1965
388 4338
4338 1057
2749 2742
2742 235
2119 3720
3720 1125
2602 3422
3422 3067
641 2971
2971 2484
1291 2883
2883 2552
1085 1556
1556 3175
1538 283
283 22
3255 2715
2715 3663
2890 1435
1435 1985
2980 3581
3581 3175
3597 4231
4231 1190
2760 4529
4529 157
2286 3140
3140 3177
4601 2599
2599 3021
2899 1649
1649 2964
1559 3671
3671 582
2401 1301
1301 1965
2367 3588
3588 809
2760 345
345 3026
3373 392
392 1345
68 280
280 3533
3675 4497
4497 2929
2780 3458
3458 1922
2618 4177
4177 2964
349 1686
1686 1381
3373 3698
3698 1922
3286 1740
1740 1190
735 2777
2777 1323
168 3162
3162 1125
641 4016
4016 2793
1802 606
606 1812
2702 1795
1795 4219
3897 3210
3210 4324
2450 1625
1625 3000
3071 3386
3386 2197
2899 4511
4511 74
3444 2108
2108 1606
735 2609
2609 1026
388 3843
3843 2591
3444 3744
3744 2197
4121 1020
1020 2929
1188 3142
3142 3067
3373 965
965 74
937 4211
4211 582
2953 534
534 1900
376 4457
4457 4475
864 2967
2967 1985
2953 2049
2049 2100
986 4031
4031 2637
4242 696
696 809
605 3570
3570 2591
4380 3194
3194 3658
1830 2992
2992 22
376 4308
4308 809
3373 1656
1656 4305
1417 4197
4197 3475
2796 3358
3358 3533
2980 3256
3256 2127
1351 886
886 3434
3047 2465
2465 546
1351 1623
1623 3232
3983 1286
1286 4435
2448 958
958 857
2448 234
234 3221
3047 2249
2249 1626
841 3295
3295 2620
788 3593
3593 3201
3286 1453
1453 4492
4121 1458
1458 1928
2980 1863
1863 3663
4169 4120
4120 3768
2119 3103
3103 3768
1702 2285
2285 1886
4121 1395
1395 4186
2890 2554
2554 1195
1883 996
996 3457
1702 2293
2293 3415
2602 2382
2382 157
1972 3040
3040 582
2683 464
464 4395
1039 122
122 3177
4169 3072
3072 3211
1351 2966
2966 1718
4248 1960
1960 3084
3212 374
374 2869
433 1342
1342 3415
2450 1555
1555 3067
4480 2819
2819 4395
1056 3186
3186 3453
4248 3954
3954 1636
4480 1675
1675 2041
1347 3813
3813 4161
3904 2598
2598 3239
1883 361
361 939
1288 265
265 2127
72 2313
2313 3415
2493 2736
2736 2345
2367 4653
4653 1153
723 1596
1596 3532
4430 4572
4572 1928
68 1868
1868 2197
1643 4474
4474 1900
986 2311
2311 2869
3373 4227
4227 1110
2450 4080
4080 2484
2953 3165
3165 3958
4121 2378
2378 2197
1006 3763
3763 424
735 961
961 1195
3373 3868
3868 2929
986 1185
1185 1922
641 2870
2870 1900
4053 1631
1631 1345
3897 1535
1535 1985
2271 2782
2782 3067
3675 2352
2352 1195
1473 690
690 4434
21 48
48 4152
1702 3395
3395 3639
1972 440
440 424
3053 3375
3375 3862
662 1940
1940 1886
2450 4484
4484 4167
3680 4164
4164 4435
2448 2145
2145 3457
605 2365
2365 3352
3986 3237
3237 1626
1039 332
332 1718
3904 631
631 4186
4121 1962
1962 3239
3904 2722
2722 1606
1883 924
924 1744
3444 1609
1609 3084
323 2164
2164 1323
3054 2540
2540 1480
1883 188
188 3026
2976 4468
4468 1190
1939 2519
2519 3352
2119 3912
3912 2945
662 1466
1466 2964
4365 3966
3966 1125
1347 2044
2044 3177
2641 4337
4337 4167
1775 2561
2561 4324
1779 5
5 3958
3951 2152
2152 1806
4486 3070
3070 3958
4234 1967
1967 4324
1702 2533
2533 235
1995 1563
1563 3201
774 3119
3119 2869
385 1969
1969 3862
2760 664
664 4161
2890 105
105 4362
1559 1615
1615 1480
759 786
786 364
2749 4397
4397 3021
1001 3802
3802 2869
3897 2525
2525 1708
2702 318
318 3533
323 3260
3260 2100
2367 3169
3169 3389
3424 2998
2998 3532
662 3461
3461 1222
841 2485
2485 582
1995 1103
1103 3835
1559 583
583 2100
1001 4639
4639 2654
723 96
96 1996
788 827
827 4152
2448 64
64 2964
1093 18
18 1009
2701 1382
1382 1381
3054 190
190 2197
21 3371
3371 1009
2401 1532
1532 1323
1830 146
146 1026
3675 743
743 3741
2478 3884
3884 2093
1802 3472
3472 3658
1822 1408
1408 4219
4400 3368
3368 4362
665 3834
3834 4167
3054 1235
1235 3969
2749 3429
3429 1323
4242 2678
2678 1886
1288 3666
3666 2552
1779 2510
2510 3389
82 419
419 1125
1939 1275
1275 1057
3986 584
584 2552
2286 244
244 1812
433 710
710 1965
2602 2928
2928 1636
3444 140
140 3766
1830 1413
1413 1110
2702 2267
2267 3211
2953 4176
4176 2552
2936 99
99 2054
82 2999
2999 1195
3983 2299
2299 3716
2784 4151
4151 2197
1538 4476
4476 2041
67 2969
2969 4219
2450 1925
1925 3958
2303 3781
3781 1323
1830 166
166 4435
21 640
640 1806
3962 14
14 1812
2493 3554
3554 3211
2286 4506
4506 1125
4169 3681
3681 3453
3897 33
33 2638
253 1789
1789 2620
1039 2490
2490 2929
2582 3090
3090 809
3424 1456
1456 2045
1188 1117
1117 2073
3373 2428
2428 1717
4601 1937
1937 582
3680 3541
3541 3389
1939 3764
3764 3221
2602 806
806 1744
2702 607
607 2127
605 4224
4224 1900
2914 2248
2248 4305
864 3031
3031 1928
2401 2489
2489 1606
628 3965
3965 3026
4136 4257
4257 3352
2016 2259
2259 2345
2683 1179
1179 3741
738 4266
4266 3766
4126 1353
1353 1806
1830 290
290 1600
1347 1449
1449 3000
1883 3657
3657 3533
2016 142
142 1717
2528 730
730 2560
3209 3446
3446 1252
2528 1270
1270 4161
4121 4454
4454 1110
4380 2775
2775 1323
1822 4539
4539 2929
168 4220
4220 3415
873 2295
2295 3741
2784 4023
4023 1089
2448 1495
1495 2045
1559 4416
4416 3533
641 3496
3496 4567
759 2563
2563 3175
196 3470
3470 2041
3373 1441
1441 3457
3904 2404
2404 1806
4636 3385
3385 1125
4636 3454
3454 1922
774 3105
3105 1996
2784 1738
1738 4435
774 195
195 1600
1417 2651
2651 1153
3680 1741
1741 2345
2271 2831
2831 3021
2029 3297
3297 1110
2303 3718
3718 157
1188 4617
4617 2100
2980 2583
2583 3389
2641 126
126 3639
3403 2924
2924 1190
433 3949
3949 1600
3931 709
709 1744
4365 1942
1942 1922
3318 2543
2543 1381
3255 179
179 1125
4465 2622
2622 3533
1770 2913
2913 1089
2271 899
899 2654
3424 3807
3807 880
1779 2392
2392 1922
3286 1156
1156 2045
1883 4530
4530 1057
2914 1242
1242 4362
2122 2569
2569 4534
4365 3412
3412 1900
2702 2377
2377 4167
4234 4050
4050 4534
1288 1697
1697 4395
3053 1
1 3232
2953 2076
2076 1744
2784 2136
2136 1718
3292 3887
3887 1922
2367 754
754 1806
755 2292
2292 3175
788 1363
1363 1125
4417 3618
3618 1155
3951 3513
3513 235
1288 55
55 3211
2119 3359
3359 2964
1093 466
466 1965
388 3410
3410 2560
2683 2576
2576 3296
376 3489
3489 3434
3675 4410
4410 1812
2450 3640
3640 1806
1775 2046
2046 3766
4024 371
371 2552
2936 3584
3584 1057
735 297
297 3026
376 2019
2019 4152
970 3468
3468 3352
253 3304
3304 4362
738 4574
4574 1323
1779 2974
2974 3296
1188 598
598 2054
2493 3091
3091 424
1643 4232
4232 1110
2367 1800
1800 2869
1291 4485
4485 1026
1318 2470
2470 1886
3047 1976
1976 3175
738 2124
2124 3434
1506 2214
2214 2110
1023 1982
1982 2484
3755 1611
1611 2929
1559 1871
1871 298
2493 3913
3913 424
873 159
159 3175
3047 2081
2081 4492
1390 2821
2821 1222
4365 3317
3317 1812
1093 1956
1956 2929
1559 974
974 1252
3675 430
430 3969
3071 3831
3831 3434
2749 1434
1434 4395
3755 1552
1552 3768
4365 3372
3372 1323
970 2138
2138 1996
4121 2065
2065 3434
2119 3924
3924 3232
2602 1760
1760 1089
1770 3250
3250 1323
2450 1489
1489 2637
4480 2403
2403 2484
1702 1539
1539 3533
2122 2421
2421 4161
1093 3003
3003 1636
864 144
144 857
1883 3126
3126 424
4520 2823
2823 3026
2448 3712
3712 3768
3931 2387
2387 2964
1188 2468
2468 4324
1056 509
509 2869
1219 221
221 1125
724 1436
1436 1717
2980 119
119 3453
1023 1472
1472 1222
376 295
295 2637
1085 2480
2480 2073
2602 3096
3096 2041
4234 1597
1597 809
1318 2836
2836 3026
196 1735
1735 2041
1830 2383
2383 809
4323 3916
3916 3026
4053 1742
1742 2110
4053 2153
2153 4167
986 4460
4460 3532
72 3800
3800 1708
2271 955
955 2638
1288 544
544 1928
3931 4622
4622 2054
4126 378
378 3026
2478 3840
3840 582
735 2706
2706 3175
2796 2814
2814 1717
1559 3360
3360 4475
3983 2833
2833 3475
1085 212
212 74
759 816
816 1480
1702 4344
4344 1252
4242 387
387 582
4024 613
613 3835
4430 1554
1554 1886
3333 2788
2788 2945
1351 4369
4369 4324
323 3892
3892 74
4520 4633
4633 1298
3286 1492
1492 3658
2401 101
101 3201
385 3909
3909 4167
4024 351
351 235
3675 2158
2158 3415
2450 3445
3445 235
2399 1881
1881 2197
1830 3132
3132 2945
2701 1896
1896 2929
937 4273
4273 3663
4169 913
913 424
376 2923
2923 3862
4588 3638
3638 3211
376 4103
4103 3658
2122 3467
3467 3000
253 520
520 1009
1001 635
635 2638
774 322
322 3862
349 3977
3977 880
388 2308
2308 939
4323 1724
1724 3389
1041 2107
2107 1057
1318 401
401 298
4242 4040
4040 2654
1473 2538
2538 157
2784 4425
4425 4434
2749 1493
1493 1922
2760 4261
4261 3532
3897 1601
1601 4152
873 56
56 1025
665 3089
3089 1153
1830 1114
1114 3716
1538 3889
3889 1600
3824 3828
3828 4567
3951 2977
2977 3766
2119 3641
3641 1153
4053 2734
2734 1025
2784 1158
1158 1381
3444 27
27 939
3680 4412
4412 2127
4417 1594
1594 4305
3904 615
615 3862
2448 421
421 4567
873 2165
2165 22
3904 998
998 2073
4121 358
358 1009
3212 2733
2733 3415
4380 2996
2996 582
2582 4642
4642 1298
1523 1565
1565 2552
3897 4245
4245 3663
724 1183
1183 2045
1473 629
629 3389
2367 2189
2189 2110
2702 3801
3801 2073
2953 4580
4580 1626
2749 3970
3970 2654
2448 4212
4212 2110
4024 3198
3198 1900
2016 3464
3464 1009
2899 1334
1334 4435
1390 647
647 1155
45 1177
1177 2197
3951 1015
1015 2552
2953 1891
1891 546
2401 2144
2144 3639
738 4180
4180 2637
2641 1537
1537 3232
4430 220
220 1195
2980 3176
3176 1812
2271 2329
2329 256
3403 3238
3238 4395
2953 240
240 3766
788 1162
1162 939
1188 2477
2477 3211
2936 1519
1519 235
937 4095
4095 1965
788 2312
2312 4435
4417 4345
4345 1718
253 175
175 4161
2016 136
136 1026
4465 4047
4047 3201
665 414
414 546
774 4238
4238 1155
3424 533
533 2591
2899 3677
3677 1600
1447 2614
2614 1026
1006 1786
1786 3084
1972 2514
2514 4305
1001 3335
3335 582
3120 703
703 3415
3680 956
956 3716
3333 3149
3149 74
1447 2712
2712 1009
3053 3107
3107 3658
1390 1340
1340 4434
3161 2445
2445 3532
4024 4610
4610 1057
2760 713
713 4567
2749 3068
3068 2073
864 3963
3963 582
3755 1311
1311 256
4480 525
525 857
3424 3110
3110 298
3951 3057
3057 1298
738 783
783 2127
2980 3243
3243 1636
3897 2800
2800 2591
4486 413
413 1252
72 326
326 4167
755 373
373 256
4121 2957
2957 3221
2976 3770
3770 1009
864 551
551 1153
3931 2861
2861 1110
45 3632
3632 3201
4323 4022
4022 3232
4323 2273
2273 2127
4353 4115
4115 1222
3444 2005
2005 3211
1779 2724
2724 3232
1643 2446
2446 3415
1447 3623
3623 3389
2208 3988
3988 2591
3755 672
672 2484
2980 2163
2163 3457
2702 3242
3242 3958
45 3782
3782 3958
864 2265
2265 2637
1775 3392
3392 1928
1093 3684
3684 3741
937 3664
3664 3475
2016 917
917 2793
1291 2356
2356 3862
662 4446
4446 1025
1802 2417
2417 3969
4480 468
468 1345
3444 1635
1635 1708
3904 486
486 3532
3675 1078
1078 2045
3962 2710
2710 1985
4520 3822
3822 1606
1779 1293
1293 582
1291 597
597 3221
2953 2255
2255 3021
1188 4561
4561 1480
1473 3849
3849 4152
1291 2566
2566 3741
2122 1593
1593 235
4400 3594
3594 256
1802 2846
2846 256
1523 685
685 4475
3373 1211
1211 4324
628 528
528 3958
2701 3683
3683 1345
1770 953
953 3716
2602 3059
3059 2793
3755 4311
4311 2638
67 4110
4110 3211
1001 849
849 3969
4121 2830
2830 3084
45 1336
1336 3457
3962 3411
3411 3741
385 539
539 1089
1523 1463
1463 3862
253 4341
4341 3958
2602 3423
3423 3239
2478 1826
1826 1025
873 116
116 2345
1417 3104
3104 3352
1883 565
565 3958
3951 426
426 3768
2478 1736
1736 1026
2271 3116
3116 3067
2953 3762
3762 3177
1972 4070
4070 2945
4053 2320
2320 1345
755 2850
2850 880
1559 4112
4112 4324
2016 62
62 22
2367 4592
4592 4435
4480 3291
3291 3658
641 1478
1478 1626
665 3094
3094 4434
724 3170
3170 235
3897 2157
2157 3389
4365 1266
1266 3201
738 1553
1553 1381
1023 76
76 3457
2303 3508
3508 1190
3333 395
395 2591
45 3772
3772 2041
3675 1459
1459 235
986 4275
4275 4395
1039 962
962 1480
2029 4153
4153 1744
4169 1504
1504 3453
4601 465
465 2127
986 1528
1528 2127
2303 2816
2816 2635
665 3431
3431 1626
2914 383
383 364
1447 1267
1267 3067
3071 2080
2080 3221
759 2906
2906 364
1830 3622
3622 4475
4126 4278
4278 4324
21 1377
1377 3835
2448 2716
2716 880
3403 2395
2395 1190
1559 183
183 235
774 1963
1963 1153
2399 4160
4160 4114
1006 933
933 2638
4234 3521
3521 3475
323 2274
2274 22
4465 2004
2004 1886
2976 121
121 1057
1219 1003
1003 2635
2528 3545
3545 3532
2478 282
282 2638
873 1986
1986 1110
4024 242
242 2197
168 428
428 939
2493 379
379 3239
4323 624
624 3475
1913 228
228 2484
864 1613
1613 1812
3373 3629
3629 1190
2780 3009
3009 3835
3071 4282
4282 2654
4136 2876
2876 3453
2890 3157
3157 2041
4323 747
747 3768
2641 1771
1771 3639
349 959
959 4324
628 3806
3806 4186
4136 650
650 1222
4024 3823
3823 1886
2399 4573
4573 1636
1972 2128
2128 1252
3403 131
131 157
4380 3540
3540 3768
1447 4571
4571 4435
3403 846
846 4167
2367 2148
2148 3532
1219 3735
3735 1636
1039 1657
1657 3958
662 4119
4119 1110
1001 1410
1410 1153
3255 3645
3645 3084
1822 1500
1500 2869
605 938
938 1480
3373 679
679 1381
2208 3710
3710 1195
4400 2627
2627 2620
3675 1451
1451 2093
2119 2918
2918 3475
2796 208
208 4567
1001 930
930 1381
1939 2845
2845 1190
1702 4329
4329 3000
2780 4032
4032 3741
2642 608
608 3175
253 547
547 3177
2953 261
261 3532
662 287
287 857
3444 1120
1120 3415
724 2042
2042 3000
843 4406
4406 2591
4234 3933
3933 424
2450 3308
3308 1025
2980 2551
2551 2964
3680 1357
1357 2560
2448 638
638 1155
82 4424
4424 2197
628 2094
2094 1195
2780 233
233 1190
3209 3473
3473 2093
1406 2184
2184 1996
4353 3759
3759 1009
2448 4382
4382 4161
72 1851
1851 3221
4365 3497
3497 3862
1972 3092
3092 3475
1406 2488
2488 1298
1288 1934
1934 3835
1056 3591
3591 3958
2976 716
716 1323
1939 1008
1008 582
2780 49
49 3239
2683 3982
3982 3958
4126 740
740 3175
2936 2464
2464 1323
864 1850
1850 157
4480 1739
1739 2045
1390 2269
2269 3352
82 329
329 157
628 1676
1676 4492
4601 447
447 1718
788 300
300 857
1939 2567
2567 1110
72 1012
1012 3741
2780 867
867 3021
2208 2058
2058 2945
1523 3847
3847 1480
3597 4583
4583 3533
72 4258
4258 1323
2702 2419
2419 3766
2122 614
614 1928
864 3316
3316 2552
2890 3750
3750 2054
4430 2854
2854 1812
841 751
751 4395
3333 1007
1007 2869
2450 1018
1018 3352
1883 680
680 2552
2029 1707
1707 3415
724 4411
4411 1125
3986 1333
1333 2041
67 1576
1576 74
67 238
238 4114
67 995
995 1155
1972 4067
4067 3862
1085 1241
1241 4186
755 2121
2121 3211
388 245
245 3000
2493 1513
1513 1298
1883 876
876 3026
2760 883
883 4114
1085 977
977 3766
2122 366
366 939
349 575
575 2345
2399 2556
2556 4534
4636 4189
4189 4434
3680 1051
1051 4219
1093 3484
3484 1009
2980 2072
2072 3533
1802 4581
4581 2045
1023 2211
2211 1009
2122 1437
1437 235
4380 1137
1137 1323
349 553
553 1153
1351 4555
4555 1381
196 3189
3189 3639
4234 3727
3727 2620
3318 1038
1038 1025
2303 15
15 4167
2448 4640
4640 2045
843 2719
2719 2637
4136 2103
2103 2041
3286 2025
2025 3201
1830 1784
1784 1996
2702 2385
2385 4492
843 1670
1670 2073
1318 3917
3917 3434
2208 1828
1828 1636
3962 3734
3734 809
253 964
964 1089
986 968
968 2638
4126 80
80 1298
2642 1634
1634 4362
2890 2685
2685 4305
970 566
566 1606
1288 1389
1389 4567
4136 4652
4652 3021
4480 3498
3498 4324
4169 983
983 2110
665 585
585 1985
1995 12
12 1298
3986 2757
2757 1323
1972 2085
2085 2638
385 1106
1106 256
3286 2422
2422 2637
3318 3109
3109 3835
1447 4214
4214 1153
3931 1547
1547 2638
4486 3878
3878 3716
3597 3923
3923 857
1775 4054
4054 1026
4480 1403
1403 1323
1822 2491
2491 2635
4323 4629
4629 2945
4480 3583
3583 2793
1318 4200
4200 2552
2450 634
634 3969
3931 2380
2380 4362
2528 1178
1178 1985
2582 3014
3014 3296
4248 28
28 235
1023 1617
1617 1708
3292 2703
2703 1025
937 677
677 3768
738 1030
1030 2197
4024 1558
1558 1298
937 1339
1339 2100
1913 3556
3556 2793
323 2294
2294 3475
665 4116
4116 1155
4486 1144
1144 2552
1702 907
907 3232
2303 2226
2226 1057
4588 600
600 1718
3986 3215
3215 3768
1041 3061
3061 4492
2899 1343
1343 4161
1288 1438
1438 809
376 3283
3283 1345
3047 1329
1329 235
2914 1810
1810 2484
3255 3866
3866 1996
45 3482
3482 22
2899 2944
2944 1252
4126 835
835 1718
1347 1150
1150 4567
738 2746
2746 4186
3424 2325
2325 1718
2399 2762
2762 4395
723 156
156 1381
662 3416
3416 3415
1188 3794
3794 22
3212 3409
3409 2591
3983 2849
2849 1718
1822 4300
4300 1626
1351 1961
1961 2638
4126 2199
2199 3862
2401 3634
3634 2197
1039 1983
1983 880
1390 929
929 1996
738 2353
2353 2345
2450 41
41 4161
774 2507
2507 3835
665 3330
3330 2654
2980 2338
2338 1708
388 674
674 3969
1643 52
52 4534
4465 3139
3139 939
2899 4124
4124 3768
1023 2682
2682 1900
3424 3955
3955 3239
1830 3063
3063 4362
2399 2408
2408 3067
4126 4419
4419 1812
4520 3384
3384 3389
1538 3450
3450 2197
1041 3853
3853 939
2642 2298
2298 2100
1830 2776
2776 2929
3047 3833
3833 3958
1538 3961
3961 74
376 4398
4398 1600
4380 612
612 1345
4169 1486
1486 809
2271 1756
1756 2484
433 4513
4513 2591
2602 1239
1239 1600
253 1290
1290 2929
323 2882
2882 3457
1188 3225
3225 3239
1188 4269
4269 3716
2208 1076
1076 3663
735 4154
4154 2929
2796 4336
4336 2345
1473 4143
4143 3239
4169 4623
4623 2620
1406 824
824 3457
2641 1848
1848 1886
3054 4423
4423 2345
1188 4461
4461 1381
1291 2518
2518 3475
2448 1124
1124 3000
755 2407
2407 1026
4380 979
979 1057
168 1122
1122 4305
376 1372
1372 364
4588 2770
2770 1125
2448 2284
2284 4152
986 118
118 1195
3904 141
141 2041
937 4504
4504 4219
323 2444
2444 2045
4400 2768
2768 4219
4126 844
844 546
349 285
285 2591
970 113
113 3658
843 2204
2204 2929
1023 3706
3706 74
1523 3018
3018 1717
4169 4139
4139 1636
843 3520
3520 4395
2749 1780
1780 2345
3161 3751
3751 3232
3983 655
655 2638
3047 92
92 2073
1779 4647
4647 1153
2702 2161
2161 2345
3403 4408
4408 1009
3897 2754
2754 1155
72 2804
2804 1708
841 2590
2590 939
2367 1878
1878 2591
2271 2885
2885 4434
2780 2240
2240 1222
1883 3442
3442 3084
4234 165
165 1125
2760 1954
1954 582
3373 1929
1929 22
2641 3714
3714 1806
2286 830
830 1600
1972 2624
2624 1806
2271 2061
2061 3663
3904 1945
1945 3532
4053 3550
3550 3175
2980 1903
1903 3716
1913 2747
2747 1190
2914 1618
1618 1812
4520 4237
4237 3457
68 594
594 1009
433 4614
4614 1717
1473 727
727 809
3071 2241
2241 1089
349 4452
4452 1381
3255 3873
3873 1812
2029 4552
4552 256
3403 459
459 3352
2286 1746
1746 3716
2899 2247
2247 4161
4024 1809
1809 3969
3286 3726
3726 2945
788 999
999 3021
3444 3626
3626 1110
82 4284
4284 3663
843 86
86 4362
4417 3366
3366 3239
2602 3749
3749 4114
1291 3703
3703 1153
2016 1545
1545 1381
4588 1407
1407 1928
433 3799
3799 4492
4430 1931
1931 582
4465 560
560 2635
2796 85
85 2929
1506 1660
1660 4114
3931 829
829 3239
45 580
580 74
21 1603
1603 1057
2914 775
775 4362
3755 2150
2150 3221
864 4111
4111 546
4323 3724
3724 2620
2208 1259
1259 3658
2702 1651
1651 546
1523 3448
3448 4161
2271 837
837 3021
1802 2889
2889 364
376 3567
3567 2591
1006 1679
1679 1222
1056 3281
3281 1057
3897 446
446 1381
3071 1261
1261 1600
3824 2933
2933 2073
2016 4281
4281 1089
1006 850
850 880
2890 521
521 1886
3444 732
732 2929
3161 4383
4383 3026
4121 2234
2234 3475
1417 2034
2034 298
755 4596
4596 2638
1056 3249
3249 546
2119 9
9 3232
628 807
807 22
1023 4402
4402 3415
3209 4330
4330 3639
2401 4025
4025 3021
1093 3728
3728 3532
385 3561
3561 1922
433 4589
4589 235
1775 458
458 2100
1219 728
728 1057
2702 3377
3377 3177
3680 3199
3199 3232
4234 1689
1689 3352
3209 572
572 364
4520 4246
4246 3663
4169 3705
3705 2945
774 3414
3414 1089
2119 3362
3362 1922
4323 3066
3066 4167
3212 3708
3708 4567
3286 2995
2995 3533
755 1467
1467 2054
1972 2868
2868 2929
4242 2652
2652 4114
723 3485
3485 3741
2478 2112
2112 4219
3318 966
966 1153
3161 681
681 3177
774 1761
1761 3475
2749 4467
4467 1806
3986 2442
2442 3221
3424 2593
2593 3296
67 592
592 3862
2493 2326
2326 3201
388 4193
4193 3533
2399 2056
2056 1125
2641 3985
3985 1125
2528 3459
3459 4395
2367 1095
1095 4534
2618 2333
2333 2073
2286 273
273 3766
3904 2169
2169 3475
3986 3993
3993 1298
3986 3269
3269 1718
2749 3051
3051 1057
2493 4390
4390 4186
3054 1849
1849 4114
3904 1364
1364 2552
662 19
19 809
4417 3056
3056 2793
2367 2089
2089 4362
349 1019
1019 2637
1523 324
324 1252
665 2988
2988 1886
4520 3374
3374 1155
3403 1260
1260 4362
2303 1409
1409 157
2029 700
700 3639
4465 3976
3976 1717
3444 2209
2209 4567
3403 3106
3106 424
937 1854
1854 3175
2899 3804
3804 1900
2683 441
441 1298
1447 139
139 1636
385 814
814 2635
2493 2193
2193 4219
3333 2453
2453 2100
4380 3393
3393 22
1390 2502
2502 1626
3962 2186
2186 2964
1523 2592
2592 4186
2122 60
60 2110
2914 3867
3867 1812
4636 4097
4097 3211
3333 4081
4081 1965
1883 785
785 298
4588 4641
4641 1298
3675 162
162 3658
723 1509
1509 1806
873 3258
3258 1480
2702 3606
3606 1965
1288 124
124 3239
4136 2851
2851 2654
3054 4562
4562 1717
2448 1013
1013 4362
4636 4294
4294 3067
4380 2118
2118 3969
3054 1592
1592 3457
1219 3342
3342 3663
864 3886
3886 1381
3161 1186
1186 939
2890 4361
4361 3475
3318 2151
2151 2560
970 1005
1005 2654
3680 926
926 364
628 2565
2565 1600
2780 3946
3946 880
2784 3991
3991 74
2642 1470
1470 582
3292 1432
1432 1600
724 1680
1680 2045
1006 1111
1111 157
3931 3020
3020 2127
774 4059
4059 3663
986 161
161 1636
3755 344
344 4534
2683 711
711 4395
4234 3282
3282 4492
1538 1749
1749 1153
1093 3098
3098 4362
1056 1352
1352 4161
3212 338
338 2041
4024 2168
2168 1381
2980 2361
2361 2635
2401 4568
4568 2093
1883 1221
1221 3835
4380 1281
1281 1626
4353 3257
3257 3741
2016 2810
2810 2045
4400 1755
1755 2929
2749 4501
4501 4152
3212 4145
4145 3221
1559 4089
4089 3296
986 1280
1280 1717
1406 4538
4538 2591
3897 3628
3628 3958
1506 4033
4033 1708
3597 2631
2631 939
3212 678
678 3211
3286 1412
1412 4305
873 3895
3895 809
724 1745
1745 3453
45 3035
3035 1252
2478 284
284 256
1085 3733
3733 2945
4465 1490
1490 1600
4430 1255
1255 2197
4601 4328
4328 1025
2683 3609
3609 2345
3053 1873
1873 3969
3333 1079
1079 2045
3680 4450
4450 3533
2528 3158
3158 1298
1001 1766
1766 2964
349 2228
2228 2635
67 334
334 1125
1643 316
316 2100
2029 2289
2289 1222
3424 4605
4605 1717
2749 3739
3739 4324
3373 4493
4493 1718
4136 2813
2813 2637
2119 2297
2297 3434
2286 109
109 3532
788 252
252 1089
68 1512
1512 4114
3931 1024
1024 3969
738 187
187 4362
1643 4187
4187 3639
2980 4459
4459 1222
3209 1959
1959 880
82 3311
3311 1626
1039 4215
4215 3201
2780 304
304 1110
4430 853
853 3958
21 3943
3943 1381
349 4194
4194 3211
3986 1557
1557 3221
4242 3536
3536 3969
1447 3034
3034 1298
841 1392
1392 3639
1288 787
787 4395
4053 3562
3562 3177
4486 346
346 1381
1939 2616
2616 364
841 355
355 4435
4302 939
2407 1381
2692 1125
1966 1985
2604 2654
1609 3457
2885 4567
1094 2552
2894 235
2126 2591
2685 4362
1302 3177
1241 3026
961 4475
1445 1806
121 3958
2338 22
3148 1812
2613 3741
869 1089
4189 256
3604 3532
4150 3352
1263 857
1058 4167
4320 2793
1129 2484
2491 4395
3846 3296
4491 1009
1521 1110
2494 4186
2489 2197
4561 1636
1168 1626
2266 2869
2246 3232
2504 2637
1657 2110
3689 3969
1866 1744
1414 4434
2065 2041
4074 1190
3454 1026
1474 2100
3413 3475
2673 546
3077 2620
1897 2345
1032 4152
143 1965
3800 1718
1058 3239
8 424
872 3021
3976 1252
417 2638
3848 582
3401 1025
3116 1480
427 3766
3011 1708
2494 1323
3398 1345
2052 3221
342 3000
2887 364
499 2045
2298 4534
795 809
1331 1606
3789 298
4296 4435
4123 880
4419 2127
328 4492
1488 1222
2589 1153
1087 2054
1498 3415
3072 3067
495 3434
2212 1195
1454 2560
2527 2635
3885 3453
2342 3663
4071 3658
1363 4305
201 2945
646 3084
3928 157
2298 3389
4199 2929
233 3533
1358 1717
251 74
4194 2093
260 1886
1300 4114
3115 1922
2719 1298
2047 3862
3348 2964
1734 3835
3447 1996
3521 3175
1609 4161
2483 3716
2568 4324
3845 3768
2556 1155
3108 1600
3264 4219
3031 2073
1274 1900
3556 1928
949 3211
1843 3639
4276 3201
3673 1666
4285 3080
2171 3032
611 515
4188 203
104 2118
2699 454
2451 2230
1898 750
2738 495
1045 3165
3041 1393
605 4355
2696 3969
4014 634
4441 1241
2643 3798
2020 2250
3643 2028
4268 1250
537 2544
730 4324
3121 569
3633 1146
572 109
3490 2530
4474 807
1990 2773
2890 1904
1085 3443
695 1151
342 3770
4234 2059
3760 2672
4377 1568
3973 1636
2798 4249
2171 171
1418 4111
697 2091
4320 3705
457 2477
2174 1057
2523 2457
4566 4145
1209 295
255 4526
1194 3489
3124 2012
916 1585
481 3536
1757 97
1870 4513
2301 698
4391 700
73 338
671 921
2205 2734
689 1717
2610 575
1204 2272
3320 4236
3758 2547
3793 4005
1128 2453
2394 2747
4141 3409
4121 3576
3790 2916
2235 671
185 2622
825 2199
3065 1312
1502 1510
2755 46
4159 2231
2921 2186
4147 4448
3606 1221
3818 3135
1116 2719
1090 1401
4207 3089
2423 4180
1194 2793
898 4222
3860 2827
1052 1628
3085 231
4046 4018
82 513
2800 1676
3592 1271
4616 1646
4409 1480
1541 3415
1388 1003
4218 1788
3633 4529
4463 394
2943 3876
4173 612
138 1125
3822 1290
2535 4412
3782 1019
1393 3068
400 1729
1002 1707
3086 340
4593 2563
723 25
844 2868
3208 4460
3802 3828
2261 2284
2160 2134
4468 351
400 2616
3440 2372
2198 2294
348 1239
4263 14
791 1393
1086 3229
656 3547
4216 2292
3745 186
764 1063
1166 2998
3974 4272
1540 1073
3650 2165
2038 2204
1893 1586
2613 752
2866 4633
2949 2879
1777 2249
3252 1125
3882 4326
2449 134
4166 391
1116 1635
523 815
1097 2269
2797 3028
573 3311
2119 380
965 3657
1816 296
1565 4124
3223 2491
188 4103
3113 2608
4355 2845
764 3230
3144 1959
180 757
471 3119
2827 374
4586 4184
1028 4499
3077 3433
2474 3909
2237 3003
4477 4253
619 3496
3392 1651
4430 1635
3700 2320
978 957
1805 340
4322 564
431 972
3863 3822
4481 1589
2723 1828
4263 3188
4136 1518
4638 2129
1448 4425
4090 4141
2792 2017
3542 1162
575 1195
218 4519
4285 846
3952 3803
4235 3339
668 3056
654 1778
679 1007
1460 1258
409 1144
2128 1755
3851 715
4561 2320
1348 3447
2116 962
3682 728
515 2044
3797 740
3695 947
1287 1225
2927 1925
1148 2842
2270 3955
4593 4355
1428 1373
2131 3024
1777 1140
420 1910
4373 261
2132 1454
4648 1021
1028 143
2607 4259
2815 1798
4490 4249
4448 1528
2008 2385
2589 3990
1425 3454
4317 2624
4067 3867
148 2799
3896 4269
1534 1613
1705 458
901 1581
2057 2054
4528 1941
3761 1394
2937 1293
3551 3184
3574 2787
250 4571
422 3581
4279 3837
2286 3828
4444 1150
4632 648
3387 3594
708 1992
1004 114
4296 2185
2550 2765
3101 1571
2852 3550
1834 1796
2842 1214
702 4513
3872 2943
3324 716
3347 2654
1206 4061
2256 17
2642 3082
3044 3547
2730 3080
4606 116
3665 3173
2603 4081
2330 805
3361 1774
3478 1453
2244 1408
2976 4086
1181 2464
1294 2226
89 1097
238 2793
4001 240
2088 3802
3694 1907
4085 2663
1391 2824
2673 2228
4389 2664
107 3531
2916 3121
3204 3873
819 371
4544 3278
1779 1793
972 1123
3361 2017
1344 3263
292 3596
2449 3868
2082 3659
3980 3872
3052 342
2405 2249
2797 781
500 2388
1374 612
695 935
3363 1225
1185 1986
862 486
2508 1766
3615 289
870 1228
257 4396
1369 2598
2220 653
3919 1594
4289 2959
2875 1320
4065 3640
3689 2157
4173 244
3111 4625
3982 4186
2887 2928
2190 720
1955 2455
297 1381
2600 1683
4343 3316
2947 220
3920 3862
4142 3900
4650 3316
1430 3484
2633 2360
1399 2241
2402 1501
1369 263
4295 1855
3871 310
4413 3835
1100 4399
2539 4261
3329 2248
1080 2103
796 2973
1994 1631
131 1851
2671 290
516 609
858 2656
1661 1597
2938 1535
490 1887
91 2138
3844 3618
1893 2637
1658 993
1774 2588
1475 2105
416 2406
500 26
2410 3617
3365 3368
1386 2360
687 1334
3844 2452
3569 3423
2831 2710
3598 2884
3589 3490
2641 1544
3241 1885
1069 1850
4228 3584
2604 3730
75 3099
3870 584
401 2816
4013 3691
2354 2963
2839 1998
887 1583
2800 12
540 2491
1238 3658
3801 2624
892 4161
1072 4089
718 4431
4620 1804
2655 3110
4545 4240
4430 2541
1658 527
1400 468
3014 594
3897 2710
1380 1637
2086 1489
3274 4073
556 103
416 2464
795 2823
2362 9
4574 2590
120 3199
2511 1692
2146 80
1712 4469
682 2351
2832 4612
301 4178
4051 3774
2888 1596
3346 739
4566 2053
921 2079
1700 1719
1288 2630
16 812
1053 4478
3984 4458
1505 1839
2131 3493
2777 583
605 1693
4260 4513
567 2943
3190 2184
106 2580
738 291
2414 3722
469 2169
1990 1094
2348 2093
1921 1210
400 1064
3209 1875
3217 3196
4175 2969
2724 2762
748 2272
4618 3687
1869 1922
986 3592
2697 2629
3555 1342
1987 472
1184 1768
128 1364
3921 2532
70 266
4409 4331
1804 4580
3973 4119
3545 3847
3333 2790
644 1862
4132 2289
3032 4081
2516 2302
257 824
1646 664
1254 2874
170 1796
246 1922
861 765
3879 1412
2254 2404
3643 2918
704 4619
3395 3249
3361 1579
1956 4237
4273 1290
2602 627
4043 238
799 5
369 1623
2986 770
3437 2944
3791 497
3709 2072
3273 1639
3812 2583
3897 31
2900 3977
3861 3955
3667 3776
2845 1298
2508 2307
3557 84
2815 683
3607 4005
1865 4005
1141 2544
4588 2237
3440 4371
2579 1370
2684 3698
1169 1030
1782 1668
2630 3795
4195 1401
3300 524
173 1467
1664 3671
1684 2373
3596 1640
2256 1493
3790 2508
1786 3886
4147 3195
3598 2923
4240 2567
2401 2812
2316 2665
2790 2444
2855 1536
3273 2966
2968 3473
1424 3511
3939 3533
2815 2831
498 2620
107 990
2842 2473
3140 2510
1294 1492
1516 3977
3298 1026
2215 1352
2867 3576
4041 4124
2603 1854
3548 4589
923 2652
3666 1114
2351 3574
262 1603
3165 2590
3592 3542
1673 1218
3980 4455
3343 4552
3506 569
4066 1024
1531 3199
3539 1227
3764 3317
4360 1580
1348 3127
794 238
1483 4216
1315 4056
1029 1493
2784 2227
2231 2433
4247 3119
3398 3454
1855 435
46 3371
2411 3484
861 4489
3130 4608
3122 3231
3620 2205
31 606
3253 2445
122 1903
215 2384
1213 3608
3837 3817
3054 4355
1049 2044
3704 613
451 1809
1199 3462
2774 127
1861 3658
536 3592
1136 1467
2066 3508
3320 598
339 959
621 2725
3903 211
907 459
3682 1051
215 1528
1487 1061
3729 882
150 1715
378 3497
2279 2046
3046 3880
2922 3155
2675 2912
2029 1121
1206 1532
2099 3282
2883 3916
658 4514
196 150
505 3692
1070 1155
2694 3573
2575 1769
4474 3473
3216 1410
