1
4670 9392 4371
1090 2468
2599 2923
1625 3322
1219 1295
1297 3818
933 2082
2218 839
2771 2256
2696 4435
471 2434
2540 1263
1551 3597
4316 2371
4463 2205
4142 3806
1602 1101
1680 739
479 1357
170 2888
3126 964
1038 4200
395 4474
3926 628
217 684
421 978
472 1525
4464 3949
3849 3816
207 1455
1333 4186
4418 2498
1187 4415
884 3139
270 3431
2204 1420
1466 1818
2769 1239
2374 1874
509 3194
1490 1441
2587 2248
2019 2999
241 4164
1505 2376
118 3219
428 92
3702 1412
2023 608
3150 1875
1856 919
3338 1553
845 4631
2349 1536
895 3250
1274 2735
3198 2689
3008 3858
1387 2380
1871 2047
1594 2111
2266 801
1867 24
524 2585
3748 4318
3426 3119
2976 3889
3400 2595
3559 868
3125 3010
647 1300
771 2853
3995 2545
1599 1797
632 1509
3646 4666
3103 1385
4620 923
2838 20
143 2420
2958 1035
703 337
3526 391
4539 1489
1689 500
3848 35
3208 17
2636 2347
3149 3820
4451 1362
2155 4349
1054 727
789 726
516 41
3130 3519
195 853
4209 1286
1028 600
2961 4301
1198 77
2563 1799
3759 1523
1798 2461
2130 2756
2098 316
2109 2403
1251 3045
2596 2714
3523 323
4468 2972
4158 2990
2854 4634
3693 3733
644 1773
331 4528
2980 2413
447 4181
813 1841
997 4172
159 2552
2239 1993
4232 22
42 3475
2547 4618
3047 4604
3282 1225
1520 424
1496 4255
1614 2727
4547 4215
1652 4145
3909 4563
2332 878
4032 1817
2568 3819
4560 3892
3436 4298
1661 1781
2323 4328
497 3582
3224 1950
3575 1531
4153 2339
805 4549
3496 4271
3074 1428
93 2643
1139 3509
1349 807
4376 2836
1934 2242
4401 3270
3328 2478
4517 363
3176 2077
1729 867
1835 4124
905 2515
733 2915
4513 1352
1200 3220
1827 1268
3535 3677
3321 3269
3226 115
2620 449
98 1169
3444 582
3017 3458
1057 486
4221 1323
3724 3273
4625 4103
142 2203
615 3657
3833 817
3019 2270
2968 676
3529 1458
1656 58
865 2918
1029 3537
2195 3322
4194 4548
1050 716
4457 169
3694 3511
3999 1708
4007 4442
1930 2884
4499 1290
3697 2701
496 412
4163 761
3247 23
3634 1192
680 1300
4616 3800
861 4324
193 4353
3314 1440
141 513
2855 2591
1118 1523
1388 1889
3778 3955
1041 1269
290 3142
696 115
2065 1338
2236 1683
336 2131
1062 3837
433 1943
2876 1578
4372 3736
3105 2675
3488 677
2118 838
3362 3815
3263 3581
4589 4656
3193 1671
4542 548
595 1974
1895 1945
411 2739
621 1526
4159 1341
223 1233
1602 44
44 2143
3849 3605
3605 2372
3103 261
261 2570
3995 4027
4027 3963
3694 2025
2025 1240
3702 1706
1706 2346
159 3368
3368 3757
428 2857
2857 4411
3529 4642
4642 1555
1680 2907
2907 3762
411 538
538 1240
4194 4233
4233 32
2961 2916
2916 1401
3314 2081
2081 3621
4142 3587
3587 1906
411 54
54 3621
1505 794
794 3227
1602 561
561 3348
3193 2047
2047 2095
2130 2289
2289 4229
2568 828
828 2773
524 2161
2161 908
4513 2748
2748 2784
516 342
342 3969
3103 1064
1064 4427
159 3708
3708 95
3849 402
402 2263
905 3985
3985 2773
42 4653
4653 2313
2204 2629
2629 3166
1614 3925
3925 623
647 1417
1417 4637
1689 2914
2914 4342
1856 4423
4423 3166
813 3815
3815 3757
3103 1007
1007 3623
2769 517
517 1906
4517 4321
4321 4637
2696 4632
4632 1144
865 3719
3719 3757
3247 1495
1495 3244
1656 3784
3784 2886
905 565
565 2143
1661 3153
3153 3969
3833 1647
1647 32
1652 3419
3419 623
1689 2179
2179 3963
2118 3830
3830 4117
1057 229
229 3757
621 2668
2668 4342
1198 799
799 1540
4542 4343
4343 1857
4159 568
568 4342
170 1589
1589 3308
2547 2786
2786 2570
1602 399
399 3348
1599 626
626 2294
2155 3890
3890 1540
4032 4410
4410 4427
1661 2322
2322 3623
3149 116
116 2331
3226 3976
3976 2294
3103 328
328 1848
331 2577
2577 4441
3529 3525
3525 3166
789 3001
3001 1365
861 3705
3705 2313
1625 460
460 623
2696 1959
1959 908
1520 3519
3519 2542
1490 2732
2732 4229
595 3521
3521 32
4620 555
555 2346
1602 4405
4405 3757
1871 2249
2249 1992
3047 1318
1318 2495
3748 2469
2469 1361
2855 398
398 3623
2323 954
954 2372
1798 2687
2687 1555
4464 3163
3163 3284
3426 4552
4552 842
1062 4115
4115 3963
2266 154
154 2784
2155 4510
4510 95
3103 1486
1486 3308
789 3988
3988 3885
509 3998
3998 3227
3328 2234
2234 3757
2568 4633
4633 1144
433 125
125 4427
3126 1233
1233 1401
2323 4412
4412 2542
3848 3520
3520 1365
3748 1819
1819 2346
3208 3402
3402 3757
2236 3231
3231 4411
3778 806
806 4342
615 677
677 152
2769 1541
1541 2488
3338 4254
4254 1857
1387 4591
4591 3284
290 2887
2887 1361
4463 179
179 2143
2976 2574
2574 3027
1028 1587
1587 152
1029 2059
2059 3531
1054 518
518 3623
98 1269
1269 3348
1835 225
225 152
3999 3355
3355 2773
1198 3127
3127 2511
3526 1560
1560 2346
1297 2067
2067 1906
170 1620
1620 3227
4560 984
984 908
2323 24
24 2511
2961 4333
4333 2542
1057 3459
3459 3166
4158 469
469 2773
42 2362
2362 2570
696 318
318 1860
3328 4496
4496 2511
1490 3669
3669 2294
2958 3164
3164 1857
1466 2851
2851 1365
2769 1785
1785 764
1656 3655
3655 443
1798 1724
1724 443
509 777
777 3036
895 3013
3013 3393
632 1568
1568 3036
1029 3751
3751 1240
2374 4406
4406 623
3909 1811
1811 3762
680 3518
3518 1170
433 69
69 3244
1867 711
711 3284
143 3089
3089 2331
3575 1160
1160 3066
2838 4506
4506 3762
4589 3589
3589 3036
2540 4146
4146 2346
3436 3281
3281 2886
1387 4581
4581 3308
2130 4291
4291 2784
4007 559
559 1401
217 1674
1674 2313
813 3511
3511 3036
3759 4059
4059 3066
4153 2710
2710 2263
479 1089
1089 1555
933 4224
4224 3066
1274 1093
1093 3210
4589 781
781 443
3103 553
553 2095
1652 1129
1129 1144
1028 2989
2989 152
3702 2478
2478 1237
3103 2213
2213 32
1661 2753
2753 3348
1054 3600
3600 3623
1054 4446
4446 4117
3047 4344
4344 1240
4032 268
268 3531
1251 1609
1609 2143
3909 4557
4557 3963
207 1266
1266 1237
1689 1423
1423 4637
861 921
921 443
143 4594
4594 764
1930 1125
1125 2773
2547 2058
2058 3293
3321 815
815 1857
4221 3026
3026 2488
3149 991
991 2392
1835 3624
3624 1240
4517 2548
2548 2784
2266 2761
2761 3308
1835 1270
1270 4654
1856 4473
4473 152
2838 2970
2970 3027
1656 2888
2888 3284
3848 3375
3375 4117
42 4370
4370 842
3444 1510
1510 1857
997 1458
1458 3166
2771 1554
1554 1860
3995 457
457 3066
3909 43
43 3885
4418 1938
1938 810
428 4174
4174 1401
3759 1638
1638 3308
3646 940
940 3623
3535 3051
3051 1237
4517 4063
4063 1992
3017 3717
3717 1361
4451 4033
4033 2331
1490 2897
2897 1906
217 2031
2031 3757
865 146
146 4637
3193 3580
3580 3963
3496 2788
2788 3963
3694 1922
1922 1361
2195 1770
1770 1361
4401 1022
1022 3963
2563 2805
2805 3885
595 1766
1766 95
1599 2638
2638 2372
1496 35
35 2511
2332 304
304 2570
3105 2938
2938 3066
1057 2711
2711 4427
2838 2667
2667 3036
2769 4055
4055 95
421 2988
2988 1540
241 3039
3039 2570
170 1567
1567 2495
4589 3566
3566 764
3694 3237
3237 764
3702 2224
2224 2294
3748 514
514 2495
2109 1839
1839 2784
3105 157
157 152
2218 1575
1575 2511
1835 1618
1618 2372
1827 1235
1235 1237
331 4301
4301 3621
433 1010
1010 152
2019 251
251 1860
2976 1644
1644 4411
2636 3042
3042 2773
1614 2424
2424 623
2540 3329
3329 2313
1594 446
446 1848
4007 4004
4004 1144
4463 3084
3084 1401
3426 3846
3846 3531
2771 610
610 1144
2968 2035
2035 842
159 378
378 2886
3535 485
485 443
1934 3474
3474 1992
621 2103
2103 443
3247 133
133 3621
3017 403
403 3623
3724 2181
2181 4441
771 2458
2458 2542
195 1764
1764 1170
142 3296
3296 2570
884 3420
3420 2511
2769 2697
2697 2542
170 500
500 3757
3748 2933
2933 95
2374 301
301 2313
3103 2184
2184 32
3400 121
121 3210
2266 1645
1645 764
1139 242
242 443
2620 2394
2394 3210
2968 1513
1513 3621
3575 902
902 1240
42 1087
1087 1170
2130 4256
4256 2095
2961 988
988 1170
3193 1106
1106 2773
3400 2832
2832 4637
3198 3664
3664 1170
2968 1619
1619 3757
1614 1166
1166 3393
516 2178
2178 3293
4232 3608
3608 3393
1798 3470
3470 152
4499 3098
3098 4427
805 844
844 2886
4499 2192
2192 908
3019 1606
1606 95
2771 1368
1368 3393
2599 2293
2293 810
3198 1654
1654 2372
3523 4619
4619 1864
3130 1858
1858 1555
595 4568
4568 3227
1625 2083
2083 2784
895 2385
2385 2773
1871 2681
2681 3963
170 1334
1334 3284
143 3761
3761 2095
4625 4043
4043 3227
4620 3941
3941 2313
1835 3819
3819 3621
2696 505
505 3227
4457 2902
2902 2263
524 3168
3168 1848
4142 1804
1804 3393
411 2133
2133 908
1200 934
934 3623
3999 1912
1912 1555
4560 2462
2462 3293
4464 2974
2974 32
4464 1140
1140 3621
3150 3374
3374 152
3694 4338
4338 4427
4542 3447
3447 3757
1661 4315
4315 2346
3575 2806
2806 3969
1656 3504
3504 1401
3008 4395
4395 3244
4539 979
979 3284
647 3825
3825 2346
3126 1300
1300 32
615 3437
3437 1906
2980 2789
2789 1555
1652 2099
2099 2331
1599 928
928 1237
733 2262
2262 4342
1835 2655
2655 764
1041 2640
2640 2511
2769 1092
1092 2346
1798 2307
2307 4654
509 3229
3229 1857
2098 1471
1471 2773
861 437
437 3963
647 1608
1608 3284
4616 1060
1060 3531
1090 4183
4183 2143
1867 4504
4504 2773
2854 4195
4195 2495
3526 4569
4569 4441
143 891
891 4229
4589 2296
2296 3166
1689 3440
3440 1857
1388 3528
3528 3348
3193 4445
4445 2542
1625 412
412 1864
3149 2370
2370 4637
3263 1612
1612 1864
2266 4635
4635 2488
3074 2379
2379 1864
4159 1122
1122 1906
1867 846
846 3166
2266 2509
2509 623
2855 631
631 764
2876 3192
3192 1170
3321 1326
1326 1170
4463 2660
2660 810
4463 2355
2355 3227
3321 349
349 2784
861 1831
1831 4427
1835 2528
2528 152
3150 4362
4362 3293
2218 1936
1936 2143
3995 2847
2847 2784
241 3942
3942 1860
2961 2446
2446 4342
3575 4397
4397 3284
2563 2365
2365 3244
3724 3344
3344 2143
3526 1628
1628 1144
1652 1156
1156 1857
3833 2396
2396 1864
2374 4213
4213 1144
3400 4068
4068 1540
2854 175
175 3885
595 3853
3853 3027
1835 2863
2863 1857
3426 4567
4567 2488
98 1366
1366 2773
428 3159
3159 3244
2109 4416
4416 3244
895 2951
2951 2570
3526 1710
1710 3308
845 2493
2493 1857
2958 1741
1741 1401
3702 99
99 2372
1551 3044
3044 1864
4589 3054
3054 842
42 467
467 1540
3697 2930
2930 2331
865 2565
2565 908
1090 4606
4606 3066
3523 629
629 842
2236 2091
2091 3623
733 2621
2621 2263
3103 879
879 2095
2204 792
792 3969
3529 4374
4374 3757
1602 4340
4340 2495
1895 3252
3252 3757
3282 1157
1157 2263
1594 3978
3978 764
733 205
205 4441
813 723
723 3762
884 1205
1205 3210
3105 2472
2472 3885
2349 755
755 2095
3338 3480
3480 1401
4451 896
896 3293
621 1409
1409 2784
3126 889
889 2372
4517 1562
1562 4229
1798 1148
1148 4637
1490 3783
3783 1144
845 4419
4419 842
1050 770
770 2542
595 1430
1430 95
3833 4053
4053 1848
1274 2389
2389 4654
2130 2862
2862 2313
3759 4268
4268 2392
336 1919
1919 1144
595 636
636 623
2696 2879
2879 3531
2218 919
919 3066
42 4601
4601 1401
2130 958
958 4342
2218 2730
2730 2773
170 97
97 3284
4163 2310
2310 2095
733 507
507 1170
170 3601
3601 1237
632 3948
3948 2372
447 2819
2819 1860
4032 2159
2159 3293
3226 1152
1152 32
1198 1653
1653 1365
479 1379
1379 1144
516 549
549 3531
1062 476
476 443
3400 4240
4240 2886
3999 1021
1021 2495
1835 1171
1171 623
2599 4448
4448 4427
3693 2648
2648 3969
3103 2075
2075 1365
3282 3346
3346 1860
170 1941
1941 2570
1496 3283
3283 2143
3103 4669
4669 2294
3103 3081
3081 1401
647 2962
2962 1401
2696 4432
4432 152
3150 1138
1138 810
1349 3607
3607 3969
428 209
209 1237
509 2872
2872 810
3693 938
938 3621
2540 126
126 1361
1656 4045
4045 3393
143 823
823 2143
270 892
892 1237
3496 2967
2967 2372
195 2490
2490 1864
1895 1451
1451 2313
3198 1779
1779 443
703 3097
3097 3293
1028 3592
3592 3308
1041 3579
3579 1540
2204 366
366 3066
933 1275
1275 2331
1200 1132
1132 3757
1827 4208
4208 3963
2155 4489
4489 3210
3646 838
838 623
1871 3491
3491 2570
472 4023
4023 842
1867 513
513 1365
595 1487
1487 2488
3224 574
574 3308
1798 605
605 1860
845 721
721 2346
4372 1832
1832 1864
1930 4019
4019 2263
1934 3201
3201 764
3535 650
650 4637
2236 606
606 3036
4620 1058
1058 4654
2855 3356
3356 1860
2838 2572
2572 842
4517 137
137 2392
471 728
728 1144
428 135
135 1365
1038 3434
3434 3885
3149 1395
1395 1401
4542 2111
2111 2886
1090 1651
1651 1860
4616 2334
2334 3244
895 3439
3439 32
1187 4466
4466 3348
2540 4582
4582 2095
1798 867
867 2488
4547 4660
4660 3621
3748 1751
1751 1864
2266 3481
3481 3166
4463 851
851 443
3436 3668
3668 1848
241 3265
3265 2143
4539 2399
2399 4117
4221 3212
3212 4229
331 801
801 3244
3149 1268
1268 4637
479 3239
3239 1860
2854 1096
1096 3963
3833 3598
3598 2495
4376 3016
3016 1992
4539 2726
2726 95
2876 4661
4661 3885
3017 3187
3187 3531
4547 1939
1939 3036
789 2242
2242 4117
2958 3170
3170 3969
3849 2171
2171 1992
1050 1256
1256 3036
223 2969
2969 3348
2980 4030
4030 623
1934 4575
4575 1860
1798 4238
4238 810
3150 1509
1509 3531
4158 2654
2654 2784
2349 3156
3156 3066
479 2943
2943 3227
644 853
853 1240
1090 4522
4522 4411
1490 2210
2210 2886
3126 2216
2216 2331
845 81
81 1992
805 4523
4523 2313
2855 360
360 3308
2130 2635
2635 3621
3074 852
852 2511
1551 1094
1094 2784
2323 1918
1918 2331
93 998
998 842
4539 1006
1006 3393
2599 4145
4145 3969
680 3986
3986 1540
3263 3023
3023 1540
2218 3294
3294 623
1041 3552
3552 152
4221 2613
2613 3393
3778 715
715 2143
3176 357
357 95
2855 3071
3071 4117
143 404
404 1144
3226 2128
2128 4342
241 248
248 3348
496 14
14 3284
703 2793
2793 3210
207 4326
4326 2263
1599 4318
4318 3244
471 2984
2984 1170
3103 151
151 1361
1297 1574
1574 842
4517 4588
4588 3623
3149 1443
1443 32
1054 1641
1641 1361
1219 2685
2685 1361
3702 1662
1662 3308
411 1705
1705 3036
1602 2190
2190 2346
1551 3966
3966 3284
1333 47
47 4654
4616 648
648 908
142 3505
3505 3885
2195 3870
3870 1860
2109 4429
4429 2346
4194 3760
3760 2784
4232 1550
1550 443
1625 735
735 2263
3694 2550
2550 2372
524 3468
3468 3623
1930 1838
1838 3066
4221 2054
2054 1237
4620 4237
4237 3227
207 4324
4324 3284
644 2278
2278 1361
621 3541
3541 3969
2109 2225
2225 842
2855 2116
2116 1144
1856 3681
3681 2095
1798 4475
4475 1361
472 1983
1983 1361
1050 2512
2512 3244
3126 1116
1116 1237
3759 2922
2922 3227
1062 4417
4417 1237
4616 4578
4578 810
3328 3342
3342 2346
621 3297
3297 2392
471 3040
3040 1906
42 2770
2770 1240
2204 4470
4470 3027
3748 2709
2709 764
3724 1293
1293 1864
118 3859
3859 3757
4209 1699
1699 4441
223 1440
1440 1401
1139 196
196 3284
2696 825
825 2784
933 3454
3454 3227
3328 1461
1461 1860
3702 499
499 3227
933 3554
3554 3885
1388 3091
3091 3284
4539 942
942 4229
3125 3842
3842 2143
290 3407
3407 2511
3103 1133
1133 1555
1798 1048
1048 4654
497 3569
3569 2346
509 681
681 2294
3559 3647
3647 1857
3105 3392
3392 3027
2218 4507
4507 3066
241 381
381 3244
170 3327
3327 1906
223 2183
2183 3284
118 3572
3572 32
2980 2798
2798 1240
2239 470
470 2346
395 1516
1516 3348
2547 1462
1462 3621
193 2448
2448 2392
1200 3399
3399 2346
3193 2233
2233 3762
4376 1782
1782 3963
1187 4329
4329 1848
805 899
899 2392
1520 830
830 2294
2323 4060
4060 1361
4463 2444
2444 2313
1602 654
654 1237
3488 2725
2725 4637
2239 2581
2581 3623
3848 389
389 2313
411 4244
4244 764
1496 1538
1538 1906
4232 1100
1100 1848
4513 3216
3216 1240
4547 4031
4031 3393
479 4082
4082 1365
3748 1501
1501 764
1062 2393
2393 2346
428 2276
2276 4427
509 3152
3152 764
615 4227
4227 3308
805 2602
2602 4229
4464 4328
4328 4441
3693 243
243 2263
4159 1815
1815 3027
4513 3741
3741 3963
2332 2425
2425 1144
2980 4228
4228 1857
2540 1358
1358 3244
3193 3802
3802 3210
1867 2794
2794 1240
4457 4206
4206 4342
3198 1351
1351 2313
1251 4388
4388 4441
2636 166
166 1860
4625 3077
3077 152
4625 3430
3430 3227
1041 2252
2252 95
118 1976
1976 3066
3125 4485
4485 2346
4463 2280
2280 3066
2349 1665
1665 2095
4542 4508
4508 4441
4372 512
512 1240
3150 1842
1842 1864
195 4431
4431 1906
4463 3882
3882 4342
647 4399
4399 1361
1798 216
216 3762
1029 2441
2441 3036
997 1759
1759 3227
1551 2845
2845 3308
421 2220
2220 623
4463 1492
1492 1401
4163 1862
1862 3227
647 2465
2465 2372
1029 1681
1681 3284
3126 551
551 2886
509 4495
4495 1992
4232 840
840 2143
1661 8
8 2143
4232 2017
2017 3166
3130 1012
1012 1237
1652 787
787 1864
3321 3583
3583 2143
4463 2274
2274 1240
2968 3533
3533 3757
223 36
36 2372
4451 2008
2008 2331
3849 2713
2713 3308
4451 1981
1981 3531
1297 3896
3896 3621
3529 3347
3347 2294
1054 3415
3415 2542
3559 3567
3567 443
4007 1419
1419 2511
933 3248
3248 908
997 4280
4280 32
1050 639
639 1992
421 3131
3131 1860
4153 3558
3558 4654
1895 240
240 3036
1551 2689
2689 3166
1689 1714
1714 3210
1614 2484
2484 1401
1505 10
10 2331
3247 177
177 4117
1029 3394
3394 1401
3833 3469
3469 2784
4209 1121
1121 3621
2958 2489
2489 3166
845 4093
4093 1144
516 3854
3854 908
3008 1331
1331 1857
1625 1207
1207 3393
1029 1866
1866 2542
789 1403
1403 3293
3697 1961
1961 3027
1029 1037
1037 2294
4316 980
980 3969
4547 716
716 1857
1466 275
275 1906
632 1805
1805 1860
1934 2702
2702 764
1599 4188
4188 2346
1895 3844
3844 4441
595 2575
2575 2511
1187 4403
4403 3762
4542 3977
3977 2392
3224 3514
3514 3166
3999 1420
1420 32
433 4314
4314 1237
865 3117
3117 1361
3496 1061
1061 2095
3995 772
772 2313
805 3811
3811 3623
3224 3202
3202 1361
1856 550
550 810
1599 2869
2869 1906
3105 2814
2814 1857
2130 4487
4487 3885
1466 4107
4107 4117
241 3332
3332 3621
1689 782
782 3166
2980 4493
4493 2331
3724 2360
2360 4441
4142 2595
2595 4117
3778 577
577 1237
3328 2154
2154 2495
509 3312
3312 2263
644 187
187 2372
2854 2644
2644 2331
3778 3507
3507 3393
142 2590
2590 1992
3436 1720
1720 810
1594 2804
2804 3227
2540 885
885 3293
2540 2539
2539 1864
141 130
130 4342
4620 3914
3914 2313
4153 3562
3562 3762
3019 2852
2852 764
1490 1074
1074 3885
861 3067
3067 3166
1090 347
347 3244
1871 1271
1271 842
336 1286
1286 2143
2118 1415
1415 908
4316 2230
2230 3293
2854 273
273 2511
1496 2624
2624 3762
3575 1514
1514 623
4451 368
368 3036
3263 2167
2167 2143
3130 920
920 1906
3496 939
939 764
3444 3851
3851 3885
1614 4458
4458 2511
3488 4021
4021 2784
3697 1220
1220 1848
3247 4303
4303 2392
471 4061
4061 3166
421 3725
3725 3348
865 525
525 3621
421 3456
3456 1240
428 3337
3337 4654
2771 697
697 3244
1090 2012
2012 3036
3105 4373
4373 4637
395 4634
4634 1401
193 432
432 4117
3321 1378
1378 2331
2876 3729
3729 1237
2976 2152
2152 4637
4316 3895
3895 4117
644 2741
2741 3308
4007 2846
2846 1170
93 2284
2284 1857
3105 252
252 3166
93 3679
3679 2773
861 1016
1016 2263
290 3682
3682 2313
193 1878
1878 4637
2098 4543
4543 4117
1835 4433
4433 2346
2771 3381
3381 1170
845 725
725 1540
789 4393
4393 2886
3338 1986
1986 764
2130 192
192 3757
1050 430
430 2784
2587 2110
2110 1240
3634 1322
1322 2886
336 4596
4596 4411
3149 3713
3713 810
1333 1210
1210 2495
789 2809
2809 764
3426 325
325 152
4221 2911
2911 1365
4560 2237
2237 1857
3105 4511
4511 3244
2769 2403
2403 2511
3130 4283
4283 1848
3208 3749
3749 32
2838 2800
2800 4637
3198 3485
3485 1906
217 4537
4537 3227
2118 1327
1327 32
1656 3544
3544 4654
1614 2659
2659 3531
3444 679
679 2570
4464 3534
3534 3227
4153 1998
1998 3621
2019 1215
1215 1992
159 4428
4428 1361
3702 640
640 2095
479 882
882 3308
411 972
972 1237
1856 3445
3445 3227
2587 1102
1102 3348
3176 4310
4310 3963
1387 3262
3262 1237
3282 3799
3799 3393
207 1990
1990 443
1200 2455
2455 2313
4372 4062
4062 1144
1041 589
589 4411
1729 361
361 2488
472 3755
3755 2095
2771 1985
1985 3963
3047 464
464 3066
1656 2656
2656 4427
479 1747
1747 3027
3400 3286
3286 32
141 2997
2997 2542
3646 1956
1956 4117
621 1786
1786 1992
2968 3805
3805 3762
4007 4263
4263 3227
1038 1854
1854 1361
4616 694
694 152
905 1005
1005 810
3575 1660
1660 2143
2118 2208
2208 810
2620 1969
1969 3036
621 1015
1015 2392
4194 2833
2833 1992
3314 855
855 2886
733 3148
3148 3036
4221 2309
2309 1365
813 3937
3937 2294
3833 1581
1581 810
2976 3473
3473 152
2854 4294
4294 2331
1652 239
239 2570
3526 1873
1873 623
2620 1725
1725 1848
3224 2142
2142 2095
3198 2407
2407 2392
1274 2256
2256 2392
4457 3905
3905 1237
1602 2527
2527 3027
4032 2115
2115 152
1798 3389
3389 2773
3697 1328
1328 2784
3150 968
968 4411
3488 272
272 2095
207 1067
1067 2095
2961 2592
2592 3308
3444 2423
2423 2313
1895 4390
4390 2346
3559 1863
1863 1857
447 925
925 4411
1387 2947
2947 4411
1930 3746
3746 4654
1656 1828
1828 3308
3523 417
417 4342
524 211
211 2346
2065 4065
4065 3757
1062 4452
4452 3623
1505 258
258 3036
447 3236
3236 3210
2065 3650
3650 4229
3105 2560
2560 3531
4517 2300
2300 1906
1520 2829
2829 1864
615 2030
2030 810
2855 690
690 4654
3017 4085
4085 1361
4194 28
28 3762
621 2018
2018 764
3198 291
291 443
1520 4357
4357 4637
142 1247
1247 1857
2065 603
603 4342
428 2551
2551 2313
159 1115
1115 1144
1856 1384
1384 4411
3646 274
274 1237
3702 39
39 4229
861 3243
3243 4427
4513 3167
3167 3027
3019 3929
3929 3210
1551 451
451 4342
3426 2045
2045 1555
336 1829
1829 3623
3208 1362
1362 1992
1496 1470
1470 2294
933 2517
2517 2570
997 2755
2755 4637
3247 319
319 3227
2065 1473
1473 1170
143 3223
3223 908
1680 2499
2499 3348
997 1204
1204 3036
2266 4266
4266 2372
4159 2756
2756 1240
331 1438
1438 1170
2568 2480
2480 1361
4418 2817
2817 3227
1867 2723
2723 2886
509 4490
4490 2143
195 3421
3421 4637
331 4092
4092 2313
447 2286
2286 152
1656 2853
2853 3227
3926 3165
3165 3210
1187 3595
3595 4441
696 2508
2508 1864
1297 3973
3973 2886
4209 4091
4091 2773
1139 4425
4425 4229
479 112
112 764
3748 182
182 2773
2332 221
221 1170
3759 1081
1081 3066
1934 3958
3958 32
1602 1380
1380 152
159 3128
3128 2313
3693 511
511 2392
1466 2742
2742 3166
2374 4127
4127 3293
4620 1709
1709 4441
3724 546
546 95
241 222
222 764
4418 2126
2126 1848
2218 1134
1134 1144
42 3959
3959 3166
4153 1013
1013 2263
4153 2569
2569 1365
1090 3030
3030 32
2204 2404
2404 1240
3150 4165
4165 2331
3995 3577
3577 2495
1333 990
990 2495
1349 3235
3235 3227
193 1169
1169 1555
118 1263
1263 1237
1652 3644
3644 3623
2855 2671
2671 764
621 785
785 32
1251 2899
2899 3885
997 3983
3983 4637
680 2433
2433 3066
644 1141
1141 3885
2620 2931
2931 2488
1187 167
167 2773
1656 536
536 1864
3926 2069
2069 2372
1490 2534
2534 152
1274 4152
4152 2511
1856 1428
1428 4637
696 1285
1285 3963
2065 3636
3636 764
771 634
634 2886
3693 1937
1937 2346
1835 1253
1253 3036
4158 4538
4538 4637
509 3871
3871 4654
3759 1383
1383 2392
3400 3687
3687 2331
4142 4054
4054 2511
118 1539
1539 1540
1520 4450
4450 3621
3909 3416
3416 2143
3126 3709
3709 2143
2118 1572
1572 2542
2876 3961
3961 1906
270 246
246 842
3575 4341
4341 3623
733 3014
3014 1170
3150 1236
1236 3166
2587 380
380 3963
1867 4439
4439 2294
411 534
534 2294
411 2811
2811 443
2968 3546
3546 3027
644 2904
2904 2488
3314 4088
4088 1555
2854 2670
2670 152
4468 3831
3831 2294
3019 3465
3465 2095
3748 1316
1316 3623
2854 326
326 3210
3694 1704
1704 2372
4457 1098
1098 2294
805 2937
2937 4342
3559 483
483 2313
4499 1632
1632 3757
143 3684
3684 3762
2155 3272
3272 4342
3724 4398
4398 3393
98 3744
3744 2542
141 3753
3753 95
496 338
338 1401
1520 820
820 2392
2332 3119
3119 4637
4142 3240
3240 2886
142 3384
3384 3308
207 1039
1039 1540
2876 1566
1566 810
2563 3555
3555 908
1251 2085
2085 2372
2332 4658
4658 2542
1297 1765
1765 3227
2332 3763
3763 3293
4194 1515
1515 2143
1388 946
946 1237
3436 2308
2308 1555
3176 3747
3747 2346
2587 1070
1070 4637
3017 3413
3413 2263
4401 186
186 1860
1139 2808
2808 3027
4418 4051
4051 1992
3176 1280
1280 1864
1274 1261
1261 3393
3149 4128
4128 3757
845 1512
1512 2372
2540 1803
1803 2331
2204 965
965 4229
1895 3245
3245 2488
733 3482
3482 4117
428 3475
3475 2542
3995 2877
2877 3885
696 1648
1648 2313
1038 2338
2338 95
813 1343
1343 2511
865 1178
1178 3066
4463 941
941 4637
703 3065
3065 2095
509 2669
2669 3293
1689 3275
3275 1361
1934 638
638 3762
2239 2556
2556 842
3198 4534
4534 2886
42 3897
3897 623
3282 3892
3892 3623
223 3516
3516 2313
3634 1231
1231 2542
2855 3807
3807 3036
1835 2516
2516 4229
3263 106
106 3348
3778 3428
3428 3393
3697 2474
2474 3244
1867 4350
4350 2095
621 4544
4544 2784
428 2900
2900 1170
516 685
685 2346
3848 963
963 842
4142 4561
4561 3027
3646 127
127 764
1466 3094
3094 1992
2976 2001
2001 3036
2980 3190
3190 1992
2374 1688
1688 2392
4194 874
874 2392
4007 2611
2611 2331
2349 1525
1525 1555
3833 444
444 1237
1729 2042
2042 4441
861 599
599 2294
3125 1634
1634 3621
1520 2731
2731 3393
1594 1124
1124 2372
3263 3345
3345 3036
3328 2209
2209 3308
3488 3769
3769 3623
195 158
158 1864
118 3578
3578 4427
2195 3391
3391 1555
696 937
937 623
3529 2139
2139 842
497 2733
2733 1237
805 2496
2496 3757
3338 2185
2185 1240
3047 3618
3618 1144
1038 2736
2736 1170
93 3640
3640 3885
524 4438
4438 2372
1934 662
662 3308
2019 1579
1579 4411
3208 1051
1051 1401
207 3828
3828 1906
421 566
566 1848
3125 1223
1223 3348
2855 3343
3343 2143
4463 3062
3062 1555
471 3291
3291 1906
1219 3306
3306 1237
497 4239
4239 2294
2349 487
487 1540
4232 1095
1095 4654
472 4327
4327 1992
2023 3970
3970 2542
4547 688
688 1906
3074 4265
4265 3308
3328 2053
2053 3284
845 2948
2948 4441
195 529
529 1170
411 3371
3371 1144
3702 669
669 3036
1062 2102
2102 2294
3338 1748
1748 3308
1798 1822
1822 3969
142 3728
3728 3308
2876 4130
4130 1555
3314 3453
3453 908
2204 3845
3845 2263
3019 2055
2055 1401
4372 761
761 2331
411 2665
2665 1401
1388 4356
4356 4411
2019 2197
2197 1555
411 59
59 1170
336 1272
1272 3531
2563 4185
4185 2143
4401 3463
3463 1860
2323 4526
4526 4441
2332 2028
2028 3027
170 1371
1371 2886
2266 1310
1310 2143
2547 936
936 1848
1062 1947
1947 3227
1333 2076
2076 4342
118 2459
2459 2392
3702 628
628 3623
644 2618
2618 3621
1505 1636
1636 3293
3149 1294
1294 1906
3208 4609
4609 1237
143 2785
2785 4427
3426 1292
1292 764
447 3781
3781 1540
3008 385
385 4342
524 2582
2582 3621
1198 1812
1812 2784
3999 1245
1245 1860
395 3259
3259 3757
4194 4550
4550 2346
395 3987
3987 623
1652 506
506 3027
647 1530
1530 3757
2599 4434
4434 2331
2771 1281
1281 4427
3693 4447
4447 1144
680 1753
1753 3885
2218 4083
4083 1540
3693 1889
1889 3227
170 3818
3818 3623
4158 564
564 1992
223 1444
1444 32
621 1381
1381 2570
159 1846
1846 3623
2961 2125
2125 4342
1689 4306
4306 3066
733 2060
2060 3885
4221 3061
3061 4441
3362 1024
1024 1857
4007 3009
3009 2570
1251 2612
2612 1144
3999 4361
4361 1992
1187 1181
1181 2372
290 2889
2889 3284
3150 3161
3161 1144
4513 3968
3968 4654
933 475
475 3227
2838 2658
2658 3227
1054 4017
4017 3623
3646 981
981 2570
895 3581
3581 3531
1614 3277
3277 1992
3208 1954
1954 3531
3529 4009
4009 1361
1614 3278
3278 4441
4158 1921
1921 3308
98 2187
2187 1240
3559 45
45 3227
1333 748
748 764
3019 2953
2953 1555
3833 931
931 32
997 4332
4332 2095
3047 2356
2356 842
4209 4455
4455 2542
1387 171
171 32
4451 948
948 2784
1118 1890
1890 443
3724 717
717 2773
509 79
79 4427
4032 2194
2194 1906
2968 369
369 1540
1656 1580
1580 4229
3759 2780
2780 2488
895 3357
3357 2263
3247 422
422 3762
1490 3855
3855 1365
141 1475
1475 2570
865 1352
1352 1857
632 2965
2965 908
2349 3209
3209 1848
4418 3549
3549 908
3693 203
203 1144
3314 1671
1671 3210
3999 405
405 1401
4032 2144
2144 3244
3724 4307
4307 1361
207 181
181 908
1333 122
122 3244
496 38
38 1848
4316 530
530 2570
997 2903
2903 1361
3008 584
584 2542
2349 4479
4479 4637
1387 1241
1241 908
4316 887
887 3623
3224 1504
1504 443
4616 2683
2683 2570
1602 2347
2347 3963
1054 3487
3487 4427
3126 1994
1994 2488
1251 183
183 2511
3999 3154
3154 908
696 3234
3234 1860
141 4641
4641 95
3724 3667
3667 2294
2961 348
348 4441
2332 663
663 152
997 206
206 908
336 3387
3387 1240
2019 3268
3268 2784
2769 2797
2797 2570
4007 13
13 3284
3523 3997
3997 1365
997 2553
2553 3621
3724 226
226 623
2195 4271
4271 2542
3849 540
540 3963
433 774
774 2372
905 1105
1105 4411
4560 3793
3793 2784
4032 2557
2557 2143
2155 2038
2038 3066
1599 2287
2287 3036
2098 2801
2801 3284
1388 3591
3591 764
2976 914
914 1992
3759 1813
1813 2495
3362 4215
4215 3027
621 473
473 4229
4589 1531
1531 2511
4463 4273
4273 1864
3849 824
824 4411
4158 3992
3992 2392
3999 575
575 3393
2599 1843
1843 3348
1333 1972
1972 623
479 426
426 842
4464 4038
4038 2773
2065 2896
2896 2346
2596 3410
3410 1237
195 2737
2737 1864
789 2807
2807 4342
509 1049
1049 842
93 237
237 443
2374 2763
2763 3166
3247 712
712 2143
789 1224
1224 152
2218 4587
4587 4654
2332 3956
3956 1864
2547 1730
1730 3623
195 833
833 1992
217 3838
3838 3621
3529 1145
1145 4411
4547 2078
2078 3227
1798 4252
4252 2542
1200 3370
3370 4411
3103 3635
3635 4637
217 3867
3867 3348
3130 4559
4559 3244
2155 3085
3085 1170
3575 3915
3915 623
3126 4386
4386 1237
4560 2890
2890 1992
3702 708
708 4441
1490 3715
3715 2313
3400 169
169 2346
1062 3090
3090 4229
895 1698
1698 1992
1200 2319
2319 3885
241 2123
2123 2331
2374 2678
2678 623
4513 809
809 1992
680 4173
4173 2294
1333 2822
2822 152
1661 129
129 3762
3282 3539
3539 3166
2968 3461
3461 3393
3535 498
498 443
3693 1797
1797 3244
3103 4389
4389 4229
3693 2695
2695 1540
4464 1404
1404 3348
4451 3442
3442 2263
2838 812
812 152
3263 1692
1692 2294
4376 3249
3249 4117
1118 2211
2211 3531
170 283
283 2542
3646 4168
4168 2570
1689 779
779 32
2596 2470
2470 3210
3321 1690
1690 443
1050 4143
4143 4427
1656 1953
1953 3210
771 4663
4663 1860
1139 4198
4198 842
1187 811
811 95
1625 2146
2146 2488
3995 1760
1760 1992
1661 4477
4477 152
524 1713
1713 1401
193 3397
3397 3393
3634 3300
3300 3293
1187 3021
3021 623
4316 2919
2919 443
2596 4476
4476 810
3535 4646
4646 1555
270 3513
3513 2511
118 2180
2180 2143
3193 775
775 2346
411 2036
2036 810
2769 3677
3677 1361
3150 699
699 2488
1029 664
664 1848
195 3173
3173 2773
336 4072
4072 1555
3149 3418
3418 1365
3193 4179
4179 764
4401 3015
3015 1555
4159 3129
3129 3885
2769 1454
1454 842
1090 3493
3493 1860
733 418
418 4229
1835 3827
3827 2542
3999 1357
1357 4411
421 660
660 1860
3926 1664
1664 443
3646 2219
2219 3227
1038 521
521 1906
1599 4313
4313 4117
2587 3508
3508 3244
647 2340
2340 2773
2239 4377
4377 1992
595 2132
2132 152
3328 1363
1363 4637
644 1472
1472 3210
241 2113
2113 4229
3126 1726
1726 32
3047 1076
1076 32
1895 4379
4379 810
3848 818
818 1860
1602 462
462 4637
411 2454
2454 3293
997 427
427 2143
1388 2537
2537 2263
4316 2430
2430 2263
4158 2150
2150 95
1827 4071
4071 3969
4625 2842
2842 2392
1349 992
992 1992
3282 3024
3024 1864
1798 90
90 3969
771 1500
1500 3293
1798 3556
3556 4117
336 658
658 3757
472 3609
3609 2331
845 4086
4086 2346
1050 2016
2016 1864
1466 2719
2719 3531
2958 316
316 3762
3909 960
960 4441
3926 1382
1382 4427
4153 3228
3228 4411
2968 3501
3501 4637
771 370
370 3308
2204 2
2 3166
159 1209
1209 95
3634 935
935 4411
696 4044
4044 1864
3314 872
872 2542
3848 2227
2227 2773
1867 804
804 3066
1625 2226
2226 1540
93 4106
4106 4117
241 907
907 623
159 1707
1707 3969
3224 4532
4532 2294
4547 2353
2353 3885
4316 1459
1459 3531
4464 3458
3458 3036
2266 1308
1308 3027
3523 1265
1265 3621
223 4300
4300 2263
433 3466
3466 2488
4589 1188
1188 32
4463 692
692 443
118 2672
2672 3293
3328 2722
2722 1540
2019 1826
1826 95
3496 1279
1279 2143
447 4261
4261 1906
1599 2744
2744 32
997 4554
4554 2570
3697 578
578 95
703 3881
3881 3244
1388 2924
2924 1992
997 544
544 810
1625 3214
3214 3348
42 2318
2318 2313
2109 3980
3980 1857
1198 204
204 764
2374 2291
2291 3308
861 986
986 2570
3848 76
76 1170
1200 48
48 1401
1867 2359
2359 3757
4468 778
778 1555
1118 1034
1034 2488
4463 1320
1320 3348
411 2261
2261 1365
933 1437
1437 3757
2239 2836
2836 1540
4221 31
31 3244
4539 1721
1721 2372
3149 1018
1018 1857
4221 1965
1965 2773
1118 1593
1593 3244
3263 2535
2535 1401
4163 284
284 2294
3224 1825
1825 2392
3559 909
909 1401
3444 4184
4184 1361
1041 2062
2062 1170
2098 1011
1011 2511
2961 4413
4413 3036
4163 2311
2311 1365
2771 701
701 152
497 3822
3822 3244
1057 3742
3742 2886
2118 3816
3816 1540
1200 1288
1288 2346
3208 808
808 4637
3575 2718
2718 623
4468 4472
4472 2346
1729 672
672 2392
3778 345
345 2511
1297 2821
2821 4427
4372 3991
3991 1857
4158 4605
4605 2511
3634 245
245 95
3444 3353
3353 1237
4372 2221
2221 2313
3193 413
413 3227
3693 3339
3339 2392
3702 4614
4614 3885
2696 3334
3334 2372
733 4528
4528 2488
3849 3186
3186 3885
621 1117
1117 1170
3019 3806
3806 3036
3019 1659
1659 764
472 2956
2956 3885
1934 3637
3637 4637
3226 2647
2647 3531
1856 356
356 1170
1038 1974
1974 1401
2155 1191
1191 2263
421 302
302 2346
997 4593
4593 2294
143 2483
2483 2886
997 1149
1149 2784
3575 562
562 1848
1856 4288
4288 2570
3400 2884
2884 3027
1680 4123
4123 2784
3995 563
563 2570
3724 1407
1407 4654
3848 1755
1755 3963
1680 4584
4584 3066
3697 3661
3661 4637
207 1761
1761 4654
3535 1262
1262 2886
1827 3788
3788 1170
621 91
91 1848
4464 185
185 3969
1219 2986
2986 2570
3849 358
358 1361
2854 2037
2037 4117
1652 2089
2089 2392
4616 4380
4380 1240
3759 3425
3425 2495
895 860
860 32
3126 4469
4469 2495
2961 3804
3804 443
2771 3121
3121 3227
2587 3298
3298 2570
3575 4049
4049 2331
1871 3931
3931 4427
471 1586
1586 2313
933 3889
3889 2488
4159 2265
2265 1240
4153 2301
2301 1857
1038 541
541 2143
3759 3256
3256 32
997 2616
2616 3963
217 353
353 842
3263 365
365 1860
997 2571
2571 95
3130 322
322 3308
3105 3022
3022 1237
3529 2214
2214 3885
4451 2778
2778 3293
4513 3671
3671 1857
4372 238
238 842
2349 2084
2084 1361
3995 4628
4628 3393
997 641
641 1170
2239 3940
3940 2488
1930 1222
1222 4411
1680 4623
4623 1240
2323 1806
1806 1361
3193 2297
2297 1555
270 1238
1238 3308
865 3829
3829 3885
3575 2013
2013 1992
2023 459
459 810
884 2199
2199 1540
3694 1498
1498 1906
4142 3951
3951 152
1835 4204
4204 3227
703 3752
3752 3757
1602 1136
1136 2392
3338 803
803 3621
771 2882
2882 908
3702 1630
1630 1361
621 4572
4572 1860
3759 3780
3780 1906
632 1053
1053 1906
2961 3675
3675 1240
1798 4095
4095 4654
1139 180
180 2570
4316 2536
2536 1237
2769 1824
1824 4229
884 2072
2072 3969
632 4553
4553 1144
733 1728
1728 3621
3150 1582
1582 3227
497 4565
4565 3762
632 709
709 4441
3999 103
103 4427
4209 3289
3289 2495
170 3597
3597 443
2547 691
691 3757
1827 438
438 3227
2769 2754
2754 4427
4158 1718
1718 810
1871 1532
1532 2372
3436 247
247 3244
471 3401
3401 3762
1729 4025
4025 1237
1599 2652
2652 2488
1689 1491
1491 2511
1038 2743
2743 3531
1490 3191
3191 1540
1057 1795
1795 810
1551 556
556 1170
3778 3046
3046 4411
290 2684
2684 2570
223 1324
1324 3757
4451 1186
1186 32
1118 1072
1072 4117
118 4488
4488 1237
4451 1393
1393 2773
3535 132
132 3027
2976 3772
3772 2263
3559 397
397 2095
3748 2383
2383 443
2587 3696
3696 3166
223 1424
1424 3531
1490 53
53 4229
1200 2156
2156 1906
2620 2894
2894 2263
4625 3322
3322 2511
3426 1468
1468 764
2540 4385
4385 32
4372 3379
3379 1365
3693 2631
2631 1240
3176 3943
3943 4637
2239 3242
3242 908
3400 2727
2727 3036
3224 3093
3093 4441
4232 1342
1342 443
3575 3703
3703 4411
2195 1017
1017 3166
3314 1185
1185 4411
1139 289
289 1240
3019 4518
4518 4229
2968 1739
1739 443
1490 3109
3109 152
2332 2381
2381 3963
3496 2747
2747 2331
3523 4160
4160 3531
516 4034
4034 3623
4451 4135
4135 3210
4418 2691
2691 3166
290 1426
1426 4654
1599 2305
2305 2313
1062 3692
3692 1540
2968 2645
2645 3027
170 1110
1110 3227
2599 2690
2690 1848
789 962
962 2095
217 3174
3174 2331
2876 40
40 3762
4457 4052
4052 1540
3436 3031
3031 1555
3314 3464
3464 1992
524 4501
4501 3969
1050 1246
1246 3969
2855 3993
3993 1365
93 3460
3460 2392
1251 1249
1249 2294
3105 2172
2172 2392
3130 2258
2258 2372
647 2436
2436 3244
141 4118
4118 32
1050 3002
3002 2784
1798 110
110 3293
471 3218
3218 623
428 1920
1920 1240
411 3720
3720 4427
241 2707
2707 1237
1297 2815
2815 4427
223 1763
1763 3762
3426 2609
2609 1144
1661 3718
3718 2886
4376 351
351 3621
3926 3500
3500 3531
3535 859
859 2511
331 929
929 2294
4209 870
870 2773
3909 3638
3638 3969
2218 4556
4556 764
1496 3123
3123 764
4401 3548
3548 3963
1496 1077
1077 4411
3488 4491
4491 2773
2599 515
515 4411
4589 3832
3832 3244
4616 3574
3574 1857
3019 999
999 4441
141 3561
3561 2773
1661 2715
2715 2488
621 1161
1161 2313
1599 2799
2799 2346
2696 1295
1295 2313
4316 419
419 3066
3224 3683
3683 2095
241 2779
2779 1365
3047 604
604 1361
3646 478
478 3531
1219 793
793 1860
509 2193
2193 810
3436 2388
2388 2570
3321 661
661 4411
2547 3764
3764 2511
4142 2503
2503 2570
3074 947
947 3393
1057 481
481 2886
3328 1112
1112 2095
3247 3585
3585 3623
3694 359
359 4342
3328 2272
2272 3621
3849 4546
4546 3027
2065 3092
3092 2263
4468 2270
2270 1401
1118 1082
1082 4411
2976 1931
1931 2346
3226 1820
1820 842
1187 3611
3611 2511
595 1697
1697 3969
3694 2875
2875 3066
621 2414
2414 2542
4451 2734
2734 443
1835 1966
1966 1540
471 4360
4360 2331
4153 15
15 95
3208 4126
4126 2511
3748 4331
4331 4637
2968 3414
3414 3623
1551 582
582 2372
1187 109
109 3963
2596 456
456 3244
497 2068
2068 4637
3748 4131
4131 2331
4209 2445
2445 2313
195 62
62 3623
3074 321
321 4637
1466 3813
3813 764
2239 3274
3274 3293
1333 2189
2189 95
3444 3233
3233 3066
1041 1172
1172 2488
1520 282
282 3308
42 2363
2363 764
1200 1234
1234 764
497 2449
2449 842
1867 1344
1344 152
193 4242
4242 1144
471 2598
2598 2392
2568 2066
2066 908
1652 259
259 1555
3748 388
388 3066
2019 744
744 3036
3646 334
334 2143
2961 2413
2413 2542
195 3876
3876 1864
1057 4492
4492 4654
4463 3935
3935 1240
3909 3203
3203 3227
3426 4512
4512 3166
1625 2093
2093 95
4007 3331
3331 1864
4032 1104
1104 2331
2540 4618
4618 2542
1388 983
983 3284
680 4604
4604 2392
1602 1891
1891 2372
2838 4349
4349 2784
1867 1944
1944 908
621 1950
1950 2294
2838 264
264 3293
3995 1995
1995 2392
2023 1823
1823 3293
632 4650
4650 3623
647 4520
4520 2313
1594 817
817 2294
813 3417
3417 95
3444 642
642 3293
4620 4274
4274 1170
4232 4613
4613 32
1057 3776
3776 2511
1090 2677
2677 4441
2854 3506
3506 3066
3634 4592
4592 1240
4418 3133
3133 2542
4232 2633
2633 3531
4513 1776
1776 2511
1599 1323
1323 3621
497 4156
4156 3348
1041 1808
1808 4411
3559 3922
3922 95
2118 1984
1984 2886
2019 2981
2981 3036
2547 2027
2027 3227
4401 2533
2533 1555
644 4069
4069 2143
2563 2105
2105 1170
4372 4150
4150 1170
336 2453
2453 842
4451 2164
2164 1555
3759 3642
3642 1361
2019 2776
2776 764
2587 1359
1359 1361
1520 906
906 443
2968 620
620 4427
895 1168
1168 3963
3193 3704
3704 842
143 1787
1787 623
4542 3365
3365 4441
845 3530
3530 2346
2540 1416
1416 3348
2118 994
994 2143
2374 2934
2934 3393
3149 75
75 2784
3149 1001
1001 2372
1490 3901
3901 2495
3047 1356
1356 4441
290 329
329 4411
3126 2056
2056 1401
3103 2250
2250 2392
170 3032
3032 3531
1871 2003
2003 1237
1661 57
57 1864
3125 1277
1277 2886
331 4223
4223 2372
2696 4170
4170 3227
2958 4122
4122 1240
3282 3323
3323 4229
2218 3714
3714 810
1602 4066
4066 4427
3019 2830
2830 1144
1466 2610
2610 3036
1505 675
675 2346
1689 4375
4375 1144
2218 1851
1851 4637
2023 1893
1893 3762
2239 3151
3151 2488
516 2630
2630 1401
3909 857
857 764
2587 2022
2022 1401
3693 4129
4129 1864
1187 454
454 1240
1729 41
41 1365
223 4081
4081 3393
1041 3068
3068 3623
3559 1242
1242 3757
496 2627
2627 4441
241 2032
2032 2392
3926 293
293 1365
3125 4368
4368 1361
2596 754
754 2495
2023 1394
1394 2784
703 2040
2040 2495
644 440
440 3293
2620 2400
2400 2346
2547 4001
4001 2773
3247 1896
1896 443
4007 1449
1449 443
933 686
686 4427
3634 4222
4222 3621
1835 1146
1146 3166
4401 2939
2939 2095
336 219
219 3762
3103 768
768 2346
3193 1859
1859 4411
644 2752
2752 1540
1496 3363
3363 1857
1050 1088
1088 2570
1652 1951
1951 2488
1054 2531
2531 3963
2696 665
665 95
3529 4408
4408 1401
696 4354
4354 3308
395 4226
4226 4117
2980 3571
3571 3969
2958 4665
4665 1401
207 1592
1592 3066
2118 236
236 1848
1387 2177
2177 4637
142 780
780 1860
3436 3219
3219 2095
1062 1821
1821 443
331 2858
2858 3348
2769 2601
2601 908
4158 3847
3847 1365
4513 3326
3326 2143
3198 94
94 4117
2976 4482
4482 2392
632 1814
1814 1555
4418 1448
1448 2784
447 2175
2175 3027
2332 2114
2114 1365
3150 3364
3364 1992
1867 2447
2447 4637
3778 3424
3424 2294
3702 3631
3631 1555
3362 277
277 1992
4376 1080
1080 3284
4542 3004
3004 1170
4158 4462
4462 1170
1505 571
571 3757
2218 461
461 1361
2019 232
232 3621
1551 3398
3398 3969
1661 3341
3341 810
895 2442
2442 1992
3426 2364
2364 2372
2961 922
922 4441
3535 300
300 1240
193 738
738 2773
395 1164
1164 2488
3105 1189
1189 2143
1680 2439
2439 842
3697 1484
1484 1860
336 442
442 3066
696 4551
4551 32
4517 4200
4200 623
2155 3132
3132 2511
170 894
894 810
2636 3315
3315 3531
2540 2345
2345 1555
428 1545
1545 4229
1652 4047
4047 4654
1661 2728
2728 4637
2323 4415
4415 1992
2023 2698
2698 4427
2236 611
611 3963
595 3686
3686 2294
3263 2959
2959 1401
2620 1526
1526 152
895 2240
2240 4117
3559 6
6 3885
2195 4309
4309 2372
4547 4382
4382 4654
621 3211
3211 1540
1856 967
967 2488
1333 4369
4369 1906
207 1476
1476 2784
428 1943
1943 2263
3999 2158
2158 1365
680 363
363 2773
997 790
790 443
2019 1849
1849 2392
1274 1780
1780 152
3224 2368
2368 2570
331 3408
3408 2095
4232 148
148 4411
4513 3716
3716 1555
331 2097
2097 2773
395 1738
1738 2773
595 3006
3006 3531
3999 149
149 95
1041 797
797 3963
4209 2991
2991 3393
447 303
303 4427
447 1009
1009 1864
1520 2411
2411 3757
2195 2160
2160 3210
3693 1305
1305 842
1520 2514
2514 152
2696 1425
1425 2511
496 4218
4218 4342
4032 837
837 2294
1689 2121
2121 3166
813 1340
1340 1860
2547 4112
4112 2095
2980 1673
1673 1906
865 1493
1493 1365
2563 3180
3180 95
2968 52
52 3227
2976 2942
2942 1540
4547 401
401 4117
1856 1035
1035 1848
2019 786
786 2511
3150 2619
2619 2570
2696 3349
3349 3621
3017 3616
3616 2488
4616 1727
1727 4427
789 1429
1429 2095
3321 976
976 1170
421 1591
1591 842
2771 1313
1313 3969
3526 2303
2303 2495
2980 1507
1507 3531
170 83
83 1240
118 2767
2767 1860
1274 3029
3029 2392
3149 3821
3821 3284
1496 230
230 1848
4589 2643
2643 1857
3074 2119
2119 810
2771 552
552 1401
3126 4144
4144 3293
3400 1573
1573 2095
2976 3099
3099 2488
905 1499
1499 1540
3224 784
784 810
1090 453
453 2143
845 254
254 4654
4589 3063
3063 3210
2155 407
407 810
4158 3076
3076 1555
644 212
212 2346
4316 2834
2834 623
789 3179
3179 2095
4517 3340
3340 3348
3047 1899
1899 4427
3646 2544
2544 4441
4032 2460
2460 3885
1867 2880
2880 2392
4221 3377
3377 2392
479 4471
4471 3393
4007 3814
3814 1864
395 2792
2792 1857
3748 645
645 3885
771 598
598 842
2019 2107
2107 2346
217 3048
3048 2346
3488 2729
2729 2495
4457 1304
1304 2143
2599 3737
3737 3036
3047 3740
3740 1361
411 145
145 3621
3833 729
729 2294
4499 4075
4075 2095
680 3494
3494 1240
3575 2251
2251 3210
1029 1523
1523 4441
4372 1135
1135 2372
3400 3366
3366 3963
4547 1506
1506 810
884 4353
4353 3210
193 3946
3946 3348
1871 4644
4644 1401
1520 4169
4169 3036
2109 441
441 1864
471 160
160 3623
2155 3691
3691 842
2236 144
144 2488
2961 4119
4119 2570
3444 2231
2231 842
3444 4509
4509 3284
3247 3745
3745 4229
1297 2043
2043 2143
472 4058
4058 32
4194 1078
1078 3393
3496 3866
3866 2511
4032 4600
4600 2346
1594 4286
4286 1170
4539 3722
3722 2570
771 4484
4484 3066
3008 309
309 3621
3759 3610
3610 3066
771 1910
1910 1540
3338 3510
3510 1864
1387 1103
1103 4229
2961 3495
3495 3027
1118 263
263 4229
1333 2129
2129 2313
2636 2315
2315 1555
4616 2827
2827 3036
3849 490
490 810
223 4231
4231 2392
3759 651
651 1992
3150 1861
1861 1848
2976 1882
1882 1237
861 2176
2176 1144
595 173
173 3348
2855 995
995 2294
4616 3369
3369 4441
3176 4414
4414 810
3321 1631
1631 4637
195 4336
4336 2372
1496 4655
4655 2095
1333 1840
1840 2773
3529 2885
2885 3531
524 1153
1153 2095
1490 4258
4258 1864
2855 4570
4570 3969
2769 16
16 1237
845 736
736 3284
805 3358
3358 3293
2019 2848
2848 1860
3748 1723
1723 4342
241 2243
2243 443
1388 1576
1576 842
3193 1914
1914 4427
1625 3213
3213 4654
4153 2928
2928 3621
4539 3313
3313 3308
2961 1350
1350 3348
2636 3142
3142 2886
3314 3403
3403 3284
1139 202
202 3027
2876 4478
4478 1864
1680 1570
1570 1361
3724 1489
1489 3308
4589 1773
1773 3066
4159 800
800 3531
4560 510
510 2511
3105 3034
3034 1365
1349 4219
4219 1848
223 4041
4041 3066
3995 1684
1684 3963
2636 4365
4365 3762
4232 376
376 3244
4620 390
390 3027
1198 4610
4610 3623
2109 4113
4113 2372
4457 4474
4474 2346
143 362
362 623
4142 4639
4639 623
1041 950
950 3036
4372 2406
2406 842
524 2255
2255 3227
1200 1543
1543 2511
1551 184
184 3623
2563 1997
1997 3969
207 4548
4548 3036
3226 2745
2745 3623
4620 1881
1881 2542
2023 1595
1595 1540
696 3670
3670 4411
3019 2662
2662 3244
1466 2720
2720 3166
4539 4111
4111 2143
2109 1097
1097 2542
290 2751
2751 2392
1062 2507
2507 3210
4542 3385
3385 2095
1200 3450
3450 623
4418 2824
2824 1361
1856 2117
2117 1540
2547 4515
4515 623
471 839
839 1365
4221 1613
1613 4654
1038 1402
1402 2511
428 2124
2124 1860
3759 4285
4285 4654
1387 2576
2576 2331
1038 3936
3936 443
141 3766
3766 1848
1614 2341
2341 3308
2155 4564
4564 2095
4560 2248
2248 3393
1349 4270
4270 4637
4032 2573
2573 2488
4625 2452
2452 3348
4542 3712
3712 4342
143 279
279 1864
159 911
911 3963
2236 1150
1150 1848
4517 3962
3962 3066
3702 4402
4402 3762
2065 3199
3199 32
4547 2992
2992 2488
1466 249
249 2542
4539 1719
1719 623
4159 3730
3730 764
2374 1611
1611 3623
647 3273
3273 1401
644 843
843 1555
2563 4067
4067 3969
1198 2579
2579 3621
42 410
410 1365
331 64
64 764
3693 4500
4500 2294
771 2675
2675 3531
479 4016
4016 3621
1661 1847
1847 95
4468 4235
4235 3166
4194 3927
3927 95
1139 4008
4008 623
1652 3654
3654 3210
1198 278
278 3348
1496 2491
2491 1401
2204 1925
1925 810
1198 1299
1299 3244
4457 4320
4320 2372
2195 3405
3405 764
4142 2281
2281 3621
680 2901
2901 1555
2587 1079
1079 3210
680 2559
2559 2095
4007 2371
2371 3762
1551 1372
1372 3757
1118 974
974 764
411 9
9 3393
4499 1508
1508 4411
496 4277
4277 4427
241 1700
1700 1857
3995 3701
3701 3969
2876 1206
1206 1992
4232 3045
3045 1864
4547 1736
1736 3623
1867 607
607 623
1827 3005
3005 3393
4316 3789
3789 152
933 3497
3497 3227
1594 1354
1354 2488
193 1909
1909 4441
3694 3486
3486 3885
2547 3080
3080 3963
1614 2591
2591 1361
621 4099
4099 152
1520 1658
1658 3885
895 964
964 1540
813 1774
1774 4637
3526 3612
3612 1361
270 1749
1749 3885
4539 3169
3169 1857
3702 569
569 4342
3693 4636
4636 2263
1219 1254
1254 1365
1274 1989
1989 1144
2332 463
463 3757
1496 2837
2837 1555
1038 1030
1030 3348
2266 978
978 1555
1466 1536
1536 4637
2547 2936
2936 3284
1274 2352
2352 1857
1599 1945
1945 3621
3198 503
503 3227
2636 4272
4272 4342
615 4364
4364 2263
3444 2543
2543 2784
4560 449
449 2511
336 4172
4172 2331
1602 1793
1793 2392
433 2979
2979 2488
3634 3756
3756 1144
2769 2975
2975 2773
3008 2431
2431 152
411 4308
4308 152
3130 1655
1655 1144
4163 1548
1548 908
647 439
439 2570
1867 162
162 3757
905 4276
4276 1144
1835 2820
2820 3757
3702 4037
4037 3293
1349 34
34 4117
1656 3301
3301 3166
3444 327
327 3623
2636 1988
1988 2773
1090 3695
3695 3166
1139 1590
1590 95
159 4384
4384 2542
703 633
633 1906
2771 3620
3620 2511
3125 1218
1218 4117
1490 3972
3972 1365
3646 2306
2306 2294
516 3798
3798 3531
4560 2617
2617 2784
4158 4351
4351 3027
680 235
235 4411
813 2856
2856 2886
4158 3102
3102 2331
3426 985
985 1240
1798 488
488 1857
1661 2883
2883 2143
1387 74
74 3531
1349 4157
4157 1170
3575 1023
1023 4427
509 2692
2692 2294
1219 2271
2271 1906
1867 580
580 3027
3263 2064
2064 1860
2204 643
643 4441
3575 2893
2893 3762
3105 3492
3492 2784
2855 2412
2412 1906
290 213
213 2886
1496 1604
1604 1540
1028 2504
2504 3623
3529 2390
2390 1540
447 2945
2945 3227
1054 172
172 2313
2876 4670
4670 4117
1029 1791
1791 3531
516 1397
1397 2542
997 4161
4161 4411
4153 4317
4317 4441
428 1869
1869 4637
2118 1982
1982 3027
3496 1175
1175 3166
4468 1108
1108 1237
1895 3221
3221 1144
1496 396
396 842
865 386
386 2570
142 2418
2418 3036
3149 4211
4211 2392
3697 1346
1346 2313
3263 2666
2666 4441
3646 2051
2051 764
595 1577
1577 95
1496 753
753 3210
895 1027
1027 2331
4194 3982
3982 2784
4194 3919
3919 1365
1551 2007
2007 3757
4547 4100
4100 2392
193 350
350 3293
395 2228
2228 4654
1599 1801
1801 764
2596 4494
4494 2570
4194 689
689 4637
4007 4264
4264 3762
2349 3269
3269 2095
1057 2973
2973 1365
4158 3690
3690 3166
813 4352
4352 2784
2374 1666
1666 2570
141 527
527 4342
3130 1750
1750 810
3105 676
676 3963
3247 829
829 4411
3995 2165
2165 1401
4163 739
739 1857
3759 862
862 3348
471 176
176 1992
141 17
17 4427
433 2427
2427 2886
1625 4426
4426 1361
142 873
873 2488
1029 3913
3913 3166
895 949
949 2263
3198 4359
4359 2372
2019 4193
4193 3227
933 2169
2169 1240
4372 3771
3771 764
98 2995
2995 3284
1505 3246
3246 2331
2696 3194
3194 2294
3523 2694
2694 4411
2204 3767
3767 4117
1054 1746
1746 2346
2155 2477
2477 4411
1729 1865
1865 4342
1038 719
719 3027
3247 1311
1311 2372
2218 2708
2708 2263
865 4101
4101 3293
3634 714
714 4342
615 4011
4011 152
2349 1442
1442 1170
1388 2087
2087 3066
2587 816
816 2488
223 1151
1151 3757
615 2760
2760 1555
1614 1622
1622 443
1050 1
1 32
3575 4545
4545 2372
703 2429
2429 2263
1198 1876
1876 2346
2195 3406
3406 2773
1895 2870
2870 810
4542 1376
1376 3066
421 2456
2456 4229
3074 1888
1888 443
3198 200
200 2372
1934 2295
2295 32
1054 255
255 4229
1050 3960
3960 3969
3130 190
190 2143
2876 3088
3088 3293
2568 926
926 3531
4142 1987
1987 4427
4007 2004
2004 3036
733 1321
1321 2773
1028 3075
3075 2495
3999 1069
1069 1555
1835 3884
3884 3531
4232 2983
2983 908
2065 3945
3945 623
433 2463
2463 3762
4159 1905
1905 2392
3338 3350
3350 95
1139 295
295 1540
3849 108
108 4411
3702 377
377 810
4451 3292
3292 1555
4153 4284
4284 3762
2854 51
51 623
1729 2428
2428 3757
3724 1257
1257 32
3426 3990
3990 4229
143 1908
1908 1365
2547 4251
4251 2570
1652 1480
1480 2773
3444 1601
1601 3348
3724 382
382 2570
1856 3096
3096 2346
496 952
952 1170
2323 3775
3775 2570
4451 3524
3524 1240
4401 4109
4109 1170
845 4549
4549 4427
3282 1314
1314 3885
3126 1783
1783 1540
3634 3303
3303 95
2958 3455
3455 810
3074 1369
1369 3969
93 1259
1259 2143
644 391
391 3757
1388 3910
3910 2143
1198 2410
2410 2495
4232 1252
1252 1170
1200 2264
2264 1237
3748 2637
2637 2542
3247 1289
1289 3308
1028 2541
2541 1864
2587 1977
1977 2313
3019 1744
1744 2331
3833 2766
2766 2095
4499 253
253 2570
2023 3739
3739 3885
2349 1217
1217 2542
2696 2895
2895 2570
2118 3162
3162 2331
2065 4026
4026 4441
647 3064
3064 1555
1349 1875
1875 2372
3436 3628
3628 1240
4159 1042
1042 810
2771 2990
2990 2346
270 3627
3627 3210
3999 287
287 2570
3748 2376
2376 1365
433 1569
1569 2346
1387 2554
2554 2886
118 2929
2929 1860
524 3869
3869 4117
2958 3582
3582 1906
3282 3643
3643 2372
845 1163
1163 2886
733 1173
1173 4441
411 2024
2024 152
1625 3196
3196 2263
195 2386
2386 2095
2968 3553
3553 623
1297 4201
4201 3244
1466 3879
3879 842
2236 1901
1901 2570
3849 71
71 1401
2332 3836
3836 3531
3426 3260
3260 32
2854 474
474 1361
2547 400
400 2313
1200 1337
1337 2495
2266 4178
4178 3621
4232 4080
4080 2263
2838 2241
2241 1906
1198 2768
2768 3531
4153 1923
1923 4411
4499 3803
3803 2313
595 4599
4599 2095
2323 4190
4190 1361
1835 3907
3907 3284
4468 4652
4652 3885
3529 5
5 1857
4159 2304
2304 1401
1054 2977
2977 3027
1251 2622
2622 4637
3833 1642
1642 3757
1871 2343
2343 3762
3263 4562
4562 32
4616 37
37 1555
1139 3994
3994 4427
861 2137
2137 3293
1297 3900
3900 3393
1297 3599
3599 1361
2968 702
702 2346
2218 848
848 3623
4616 3710
3710 1540
3047 613
613 2331
1496 2987
2987 4637
2065 107
107 3036
1054 3372
3372 4441
3559 583
583 2511
1652 1836
1836 2331
421 2915
2915 3227
813 1679
1679 4117
223 2605
2605 4117
4513 2515
2515 3531
1490 493
493 3308
4499 3967
3967 2372
2976 600
600 3348
1274 3839
3839 3757
3693 4407
4407 1555
3995 1329
1329 3036
733 3795
3795 2294
3436 332
332 1540
861 3115
3115 2392
447 3786
3786 1857
159 4116
4116 3885
3176 1040
1040 4654
472 3700
3700 4117
3697 616
616 95
1062 3409
3409 4637
845 262
262 2346
2958 2063
2063 842
4007 1769
1769 908
4542 3025
3025 2495
1388 1332
1332 3210
2098 4603
4603 3885
2239 2170
2170 3623
615 807
807 1540
241 2949
2949 1401
2976 2714
2714 3036
3848 465
465 3036
4517 4024
4024 3623
2332 2926
2926 1860
4463 3217
3217 3393
3697 1202
1202 4441
3263 3551
3551 1540
3130 11
11 32
3694 4247
4247 2511
4163 4330
4330 3963
4499 545
545 4229
3226 1667
1667 3348
195 674
674 1857
1602 1900
1900 1540
4547 912
912 2886
1297 3101
3101 1860
4457 1360
1360 2346
3282 622
622 2886
1187 3861
3861 1848
1297 624
624 3210
290 3411
3411 3348
193 2337
2337 623
3019 1533
1533 1401
479 1066
1066 2488
644 4015
4015 3348
42 1892
1892 1555
632 3041
3041 1240
1466 3270
3270 3531
2109 3139
3139 3621
3999 2320
2320 3244
1505 535
535 4637
2236 3118
3118 1848
3702 1834
1834 2095
861 2421
2421 2313
2771 1758
1758 2392
4451 522
522 2886
1090 2957
2957 3621
336 1196
1196 3284
4007 1143
1143 3284
4153 3330
3330 32
1827 1503
1503 1144
4372 904
904 3963
2323 2026
2026 1555
3702 1907
1907 2143
2854 1260
1260 2511
471 2777
2777 2886
2961 3111
3111 4342
3150 3542
3542 2095
3488 1902
1902 3066
4418 2762
2762 3393
2771 1585
1585 4427
4560 592
592 3308
2019 3386
3386 1992
2065 1898
1898 3531
805 871
871 2784
3759 713
713 3762
2540 619
619 3284
4451 2009
2009 1555
2696 161
161 4117
2323 2510
2510 4441
1602 1056
1056 3166
3697 4627
4627 908
3226 766
766 1237
1625 1232
1232 764
1118 850
850 842
4418 1203
1203 3762
1038 2840
2840 1555
3436 208
208 2331
1219 4311
4311 3210
421 56
56 2263
4158 4443
4443 3284
2349 1128
1128 1237
98 2244
2244 3210
1680 1052
1052 3621
3496 897
897 32
1729 1913
1913 4411
2563 67
67 3210
3559 722
722 4117
2332 1816
1816 3885
4372 2972
2972 2511
1798 2813
2813 2392
1835 3112
3112 1237
3702 4514
4514 2313
2876 2212
2212 1857
3019 593
593 1144
447 3576
3576 2542
933 4540
4540 2570
496 537
537 443
496 531
531 1555
3400 4103
4103 3762
771 4348
4348 2886
2769 3266
3266 3308
2968 3462
3462 3036
1895 3140
3140 4654
1856 2549
2549 1992
2098 468
468 4654
1652 4629
4629 3963
1652 2724
2724 1361
3999 2479
2479 95
3999 2168
2168 2346
217 1932
1932 623
1090 1432
1432 2294
1198 2021
2021 3227
241 3515
3515 4637
4316 519
519 2392
3848 2588
2588 2263
143 4371
4371 842
3282 1993
1993 3284
3526 4187
4187 3885
1614 1927
1927 3036
615 1683
1683 623
3074 3451
3451 3757
3362 4084
4084 1401
3496 2772
2772 2542
4209 2476
2476 3969
207 3527
3527 2886
472 4253
4253 1240
1496 1996
1996 1906
217 55
55 2542
895 2451
2451 2313
3848 2215
2215 2570
3702 2000
2000 810
1599 2519
2519 1848
2596 847
847 2143
2540 3449
3449 3210
472 3560
3560 2331
4589 2774
2774 3244
4153 4363
4363 3531
1729 4524
4524 1848
4616 4177
4177 2570
1871 3665
3665 1860
3282 1085
1085 2511
497 3590
3590 3036
3328 1091
1091 2346
1614 4278
4278 1240
861 3175
3175 2784
2976 1179
1179 1992
1388 4647
4647 2143
471 3390
3390 4342
290 3138
3138 3066
2838 609
609 2392
3282 2136
2136 1555
895 3840
3840 2570
3047 3082
3082 4637
2976 1855
1855 1848
4194 893
893 1170
1090 77
77 2143
331 3309
3309 1365
3019 2039
2039 1848
241 3613
3613 810
1050 4383
4383 2263
2769 4339
4339 810
1090 693
693 4441
2023 910
910 764
1680 4347
4347 2784
2204 4133
4133 2313
3247 3921
3921 4637
2239 1789
1789 3969
805 46
46 2331
3849 3143
3143 1857
1551 429
429 1857
509 4094
4094 1365
193 4577
4577 3969
696 1743
1743 2143
2958 3971
3971 2263
3724 898
898 95
1599 3932
3932 2331
428 3441
3441 1555
4401 4212
4212 1540
861 2357
2357 2392
3778 2831
2831 3969
3697 951
951 2263
1551 3812
3812 3244
3193 3557
3557 623
905 2486
2486 3227
4517 1958
1958 2886
1871 3903
3903 4117
4513 2182
2182 3036
1594 1004
1004 1555
411 2688
2688 32
621 4192
4192 2313
471 1929
1929 2095
3149 1212
1212 1240
1297 927
927 95
3526 371
371 3623
2332 3850
3850 1240
2118 4293
4293 2294
1496 1557
1557 3293
2769 1142
1142 3210
472 989
989 3293
3833 4668
4668 1848
3488 765
765 4117
433 3457
3457 2511
2855 2873
2873 4229
2696 737
737 4342
2855 1883
1883 4229
1198 1584
1584 4411
3999 1370
1370 1401
2563 2558
2558 764
3208 3122
3122 1237
42 4590
4590 3757
1551 1872
1872 1848
4616 78
78 2542
3103 257
257 1365
2239 987
987 3621
3559 3639
3639 1361
3126 4248
4248 1857
3314 819
819 32
4418 1111
1111 1860
4032 528
528 3227
433 4558
4558 3531
1594 2849
2849 1540
3193 4430
4430 4441
3314 957
957 3210
472 1025
1025 842
98 1309
1309 3621
3995 1306
1306 2488
3559 276
276 3348
3575 1033
1033 4654
3224 2825
2825 1401
3697 2420
2420 3621
472 1213
1213 1240
3400 4366
4366 1992
2349 2247
2247 3762
1219 2757
2757 4342
895 2104
2104 3623
4451 72
72 1555
2968 1676
1676 2495
3444 4299
4299 1237
3176 3602
3602 3166
3529 26
26 3308
696 2999
2999 2495
3176 3732
3732 2773
3833 4089
4089 3762
2696 4245
4245 2095
4159 480
480 2488
2599 1524
1524 95
3849 23
23 2773
433 4154
4154 3284
4620 1502
1502 2095
4163 3267
3267 3036
4616 2409
2409 2488
270 3476
3476 3348
1029 1435
1435 3531
2968 4180
4180 2542
1274 3007
3007 4411
217 3171
3171 3623
4158 2267
2267 1361
3226 1949
1949 3227
3999 189
189 1540
2980 1456
1456 4342
1057 2223
2223 3963
4463 4003
4003 2263
1934 3253
3253 4342
2218 3649
3649 2392
2771 1691
1691 2886
1656 2783
2783 2773
496 740
740 2294
1388 2246
2246 2313
3400 3947
3947 1170
2118 1301
1301 4342
118 1330
1330 1365
3019 4297
4297 3963
516 4020
4020 3621
615 3261
3261 2313
1274 4454
4454 1365
3526 2775
2775 1361
2204 1447
1447 1864
3176 2843
2843 2886
1118 4002
4002 3623
3724 3172
3172 2488
1505 4449
4449 842
4589 2994
2994 3066
733 2229
2229 2095
3150 3794
3794 1992
2599 420
420 1906
3314 2057
2057 1401
1050 1853
1853 3027
789 2277
2277 1401
2636 4617
4617 764
2961 3120
3120 2495
1551 3843
3843 3757
3526 2881
2881 4654
4625 2200
2200 1860
2065 2701
2701 764
1871 296
296 3348
4542 455
455 2294
3400 3873
3873 1240
2961 2891
2891 4229
3103 4367
4367 3348
2958 1940
1940 908
3995 2600
2600 1401
1466 2292
2292 2346
143 1446
1446 1906
2195 4050
4050 2143
621 1886
1886 1144
3149 630
630 3885
3693 943
943 3885
4468 2721
2721 2263
1038 4409
4409 2495
3126 250
250 2784
3126 2971
2971 1906
1219 2567
2567 4411
2109 590
590 2511
3759 4598
4598 2372
142 1193
1193 764
472 119
119 4427
1062 3797
3797 2331
2696 1434
1434 1361
2976 3904
3904 32
98 3688
3688 2570
4401 864
864 1857
696 4137
4137 3621
2980 2740
2740 3762
3008 3891
3891 3027
3748 2646
2646 3308
3697 3770
3770 3027
621 3626
3626 764
3496 2864
2864 3227
4468 3489
3489 2313
509 1273
1273 3244
3224 1735
1735 2511
141 2562
2562 3621
193 2952
2952 764
865 3698
3698 2570
2855 878
878 4411
1198 749
749 3227
1652 2398
2398 2784
3488 2317
2317 1170
1614 666
666 3036
2855 2339
2339 4654
4007 3858
3858 1906
680 901
901 1144
4158 3057
3057 1860
4542 2566
2566 1848
4560 1695
1695 4654
3496 3834
3834 152
3282 2584
2584 443
1895 3622
3622 3244
3444 199
199 2346
4539 966
966 2331
1856 614
614 764
3047 3782
3782 4117
1028 1535
1535 3244
3247 3144
3144 1365
4513 3570
3570 4229
497 3974
3974 1237
3208 2580
2580 3885
524 3984
3984 1240
2587 1315
1315 2495
1057 1433
1433 2773
1038 4124
4124 3244
1054 1431
1431 2886
1729 3996
3996 2570
4464 372
372 4427
3529 731
731 3244
696 1032
1032 2542
336 2960
2960 4229
4457 2790
2790 4117
3575 425
425 3623
1050 2529
2529 2511
2155 923
923 3621
2023 2583
2583 3348
1729 3750
3750 3885
3559 415
415 2143
1251 762
762 1144
3634 875
875 2886
1871 2816
2816 1992
3130 2955
2955 4654
2118 452
452 1401
3047 414
414 2392
4153 4132
4132 1860
696 1561
1561 2372
118 543
543 3210
4142 333
333 1144
4547 1817
1817 4637
3697 2589
2589 3166
3314 2148
2148 3293
1388 1398
1398 3393
2976 3791
3791 1365
4547 3689
3689 3027
1680 4651
4651 3227
1200 3079
3079 4637
3208 900
900 2488
3697 3141
3141 2372
1297 3106
3106 4117
4560 1364
1364 1864
703 710
710 3762
1490 134
134 3348
4194 231
231 1864
497 3204
3204 2784
4159 1546
1546 3308
3362 315
315 3210
2976 308
308 2488
2769 1979
1979 810
1930 4281
4281 3531
1867 1374
1374 1401
1505 2522
2522 1240
3999 4243
4243 764
861 4630
4630 1170
2109 4322
4322 3027
3909 383
383 2773
3995 343
343 3244
2218 2101
2101 1540
4625 684
684 3757
496 570
570 2886
2976 3779
3779 2495
1856 3258
3258 1365
2023 4392
4392 152
170 802
802 2773
3314 12
12 4441
447 1063
1063 1860
2599 1558
1558 4427
3314 2641
2641 4654
1856 1733
1733 1857
516 4622
4622 3210
4142 3055
3055 2095
997 269
269 1864
1496 3673
3673 3621
1625 3902
3902 1864
4418 1563
1563 3623
3559 2298
2298 2095
1187 4533
4533 1361
1490 115
115 3757
4194 915
915 443
2855 742
742 1401
813 2157
2157 4441
2195 1605
1605 2263
1520 1497
1497 2392
2769 224
224 3969
2854 3183
3183 1237
4032 1600
1600 2570
207 903
903 3036
3748 4531
4531 4342
4542 2739
2739 1848
2855 2712
2712 2773
4517 2082
2082 3308
4372 558
558 1992
1520 3632
3632 1992
290 1073
1073 2542
2218 866
866 4427
3126 1677
1677 152
1466 3422
3422 1237
4221 3352
3352 152
290 4662
4662 32
193 100
100 1365
3282 1607
1607 3621
4376 814
814 1848
621 2077
2077 4427
4542 888
888 4427
861 3360
3360 1240
1930 3241
3241 3623
1594 3307
3307 2331
3047 1113
1113 3066
2769 3952
3952 1237
241 3593
3593 2542
3282 4444
4444 3531
1219 324
324 2392
2023 4595
4595 1864
3047 70
70 4427
3634 3160
3160 3348
3017 3250
3250 3762
3047 3738
3738 1864
3226 1534
1534 3284
3436 4424
4424 2511
3634 687
687 3036
2023 836
836 842
1062 2501
2501 3393
1251 305
305 32
1054 25
25 2143
3247 2088
2088 1144
1028 3011
3011 32
3436 3404
3404 3227
2876 881
881 4411
118 2586
2586 3885
3047 2140
2140 152
3282 2329
2329 1401
2195 4566
4566 810
1729 1874
1874 3293
2563 2473
2473 3227
905 117
117 1540
3226 3824
3824 2331
524 2145
2145 1857
1187 1386
1386 2542
3778 854
854 152
447 3517
3517 3244
895 1517
1517 764
4451 3380
3380 3348
3436 2759
2759 4637
1871 560
560 4654
3149 1396
1396 1860
1599 1345
1345 3757
2374 3195
3195 4441
4547 3467
3467 4117
1827 4167
4167 2143
4209 337
337 2143
2349 2661
2661 4441
3176 4334
4334 1361
3224 3594
3594 842
1689 1439
1439 4654
4464 3674
3674 2294
1835 1617
1617 4117
615 3073
3073 1170
861 2461
2461 764
3247 2781
2781 4342
433 218
218 1857
4464 2823
2823 2263
2838 2546
2546 764
1029 113
113 1240
1251 3215
3215 908
4457 2642
2642 3963
2239 2273
2273 1555
3226 1302
1302 3963
1661 4611
4611 1540
4616 3645
3645 1401
1490 2134
2134 3623
4451 2387
2387 1540
4513 1043
1043 3885
3634 2964
2964 3623
1090 4191
4191 1555
4517 572
572 1401
2332 4108
4108 1864
2155 307
307 2346
3314 726
726 4117
118 1477
1477 3293
3017 4234
4234 3308
1349 4312
4312 2488
4499 2471
2471 2511
4517 959
959 2263
2961 3906
3906 3963
472 2135
2135 4117
621 2052
2052 3244
3575 2871
2871 3293
2961 670
670 4637
217 4064
4064 1144
3529 1960
1960 3308
2155 2138
2138 152
2239 1946
1946 3963
2568 2593
2593 2372
3198 3588
3588 3393
644 1177
1177 4411
2547 2530
2530 4654
170 1291
1291 4117
2540 1942
1942 1860
4616 164
164 2263
1041 4580
4580 3393
3224 788
788 95
1594 2321
2321 1240
159 2765
2765 1365
2596 617
617 2143
2204 2944
2944 2784
142 2735
2735 2294
1041 3950
3950 3348
1625 1020
1020 1864
1594 880
880 2495
3849 3603
3603 152
1827 3979
3979 32
3999 886
886 1860
3999 2866
2866 3227
2961 4387
4387 152
895 495
495 2784
3338 1290
1290 4229
4468 4076
4076 764
4158 1000
1000 4229
479 1646
1646 1848
3999 1339
1339 1144
1187 758
758 1237
4542 2437
2437 1170
1729 3254
3254 2313
3748 3146
3146 2886
1661 2395
2395 2773
933 1192
1192 4441
331 2526
2526 1540
2547 3279
3279 1237
3019 341
341 3393
1551 131
131 623
1041 1457
1457 3210
3693 140
140 3244
2568 3443
3443 1857
3338 745
745 810
3008 1455
1455 4637
4232 4236
4236 1555
771 3565
3565 623
1187 1529
1529 4411
3017 4638
4638 3027
3693 3678
3678 1857
1090 757
757 4117
3778 3662
3662 3027
207 3801
3801 3393
1594 1616
1616 2570
2587 4579
4579 1848
1871 3835
3835 3885
733 4521
4521 3210
1934 1916
1916 3227
2968 4295
4295 3244
1652 1911
1911 2313
1594 4073
4073 3308
595 3666
3666 3244
42 1127
1127 4411
1661 1147
1147 2542
845 1926
1926 3244
4464 2196
2196 2294
1930 4269
4269 842
1090 2302
2302 2886
2118 3707
3707 4654
2332 2705
2705 1237
1661 3310
3310 1860
4589 1014
1014 3284
3999 4480
4480 3027
3833 596
596 2773
1028 3333
3333 623
1251 3012
3012 1237
1520 1615
1615 2372
1187 2791
2791 3036
1680 1675
1675 2313
2696 2384
2384 1170
3999 1717
1717 3284
1551 2108
2108 1144
4194 1564
1564 1860
509 4186
4186 3762
428 2050
2050 4427
3362 1553
1553 2392
1656 3317
3317 2886
1200 4070
4070 2294
1505 798
798 3066
3833 2606
2606 3293
1387 4378
4378 2773
2019 1578
1578 95
3426 1183
1183 3166
3724 1312
1312 1860
2239 982
982 1237
813 2502
2502 1992
3535 2198
2198 1170
4451 1221
1221 2488
4539 1522
1522 4654
1895 3633
3633 3227
3130 4502
4502 3227
2195 188
188 3531
3247 1915
1915 3293
4232 3656
3656 3293
1871 1732
1732 3531
2771 3230
3230 3393
3224 3860
3860 2095
3759 608
608 1361
2349 3056
3056 4229
1652 120
120 2313
3909 174
174 2392
3282 4210
4210 2773
997 2285
2285 4654
3193 1176
1176 764
4209 2029
2029 3293
1187 260
260 2511
1387 581
581 1555
1496 1278
1278 1170
3529 601
601 810
1661 1162
1162 3308
428 256
256 3293
2568 547
547 3531
3105 191
191 1848
2620 1693
1693 4427
2968 1467
1467 1540
270 3484
3484 2095
1827 3672
3672 3284
1274 492
492 2095
1835 335
335 1860
1118 3178
3178 3969
680 4440
4440 908
905 3886
3886 764
771 4166
4166 4637
1729 2378
2378 1401
472 2141
2141 1365
42 1319
1319 2570
524 3095
3095 1240
2771 1336
1336 4427
3321 3596
3596 4654
2332 4175
4175 3762
3496 1762
1762 2886
3759 2401
2401 4654
170 3311
3311 2294
2218 466
466 3284
3926 4337
4337 3066
861 573
573 2331
1656 1964
1964 1555
4464 4571
4571 2372
1057 58
58 1401
207 4355
4355 1401
3999 2650
2650 3393
2596 2324
2324 3227
3535 3010
3010 2542
3833 1715
1715 4411
2563 3354
3354 2570
3724 2674
2674 3762
3125 3335
3335 842
1895 883
883 1848
1139 2860
2860 3623
3321 557
557 3293
516 2597
2597 3308
4625 4110
4110 3885
4547 2878
2878 4654
813 3975
3975 32
1827 1771
1771 3210
3208 1190
1190 3621
4007 3899
3899 3393
1198 3427
3427 3621
4560 4087
4087 3757
421 1868
1868 1401
3247 1377
1377 908
703 1731
1731 32
4232 668
668 3623
3008 1307
1307 908
3778 4078
4078 152
1661 3003
3003 2346
4547 3288
3288 3531
1551 3452
3452 2488
4517 876
876 3757
3523 3038
3038 2570
1198 4196
4196 3393
3702 1367
1367 3621
4401 3564
3564 2542
3724 3614
3614 3393
1505 1406
1406 4229
2023 2299
2299 908
632 4267
4267 2294
1054 2680
2680 1237
632 4012
4012 2095
3535 4345
4345 3963
3529 4207
4207 3623
3426 4516
4516 1361
1856 567
567 1555
4625 408
408 443
1187 4535
4535 2346
4547 2826
2826 3348
241 1099
1099 2511
2540 1537
1537 764
680 3431
3431 3284
4376 139
139 2143
1551 973
973 2886
4468 4541
4541 3244
4401 288
288 2511
4451 1243
1243 3036
2587 155
155 2346
3909 1019
1019 623
411 4176
4176 2392
3282 339
339 2331
1038 3316
3316 3027
2587 1399
1399 1240
193 4460
4460 2095
2696 214
214 2346
1466 1544
1544 1237
2961 431
431 2570
933 1460
1460 2511
3017 4323
4323 3885
3426 1754
1754 3623
1388 4465
4465 3027
2976 2094
2094 2511
1614 4214
4214 3227
3697 924
924 4441
4316 2203
2203 3027
516 776
776 2570
595 961
961 3293
1057 695
695 3308
1599 2649
2649 3623
2323 1410
1410 2372
4620 3619
3619 2095
4401 2375
2375 2263
159 104
104 4342
4499 3721
3721 2313
1625 2373
2373 908
3125 1119
1119 2143
479 2524
2524 4229
2109 3733
3733 1540
933 4199
4199 3284
3759 4
4 4342
1496 707
707 4637
3759 4282
4282 1540
1689 2127
2127 3531
3634 1296
1296 152
3559 1284
1284 4411
3400 33
33 4229
2540 375
375 1240
3198 266
266 3348
3436 2173
2173 3885
1594 1107
1107 3885
3130 4519
4519 3293
3694 3912
3912 2886
3176 3382
3382 3963
207 3641
3641 2886
933 3383
3383 2313
4376 2796
2796 1992
3759 3953
3953 1144
1466 3934
3934 2331
3314 3100
3100 810
2599 2927
2927 2372
3702 2206
2206 2392
223 1282
1282 1857
3282 3629
3629 2372
3444 2818
2818 443
4153 1264
1264 2263
3338 1722
1722 3348
4221 201
201 32
4232 4573
4573 2488
3338 491
491 2263
1187 2048
2048 1857
4401 3078
3078 3531
1200 2086
2086 3393
471 210
210 2143
270 409
409 2346
1614 2518
2518 1860
3400 4486
4486 152
933 1963
1963 2392
3646 3433
3433 3210
195 1565
1565 4427
2587 4335
4335 3348
1187 2482
2482 3762
2195 3877
3877 3393
3496 4436
4436 1365
1200 4497
4497 2773
118 2044
2044 3885
1599 1158
1158 1992
3694 637
637 2331
4418 299
299 3348
1187 4435
4435 1555
861 1970
1970 3244
428 2946
2946 1365
336 1850
1850 2511
1251 1230
1230 3293
3224 835
835 3762
3523 4527
4527 4342
1689 215
215 623
4451 2921
2921 3969
2620 486
486 908
3247 68
68 2542
3224 4461
4461 3244
2980 3351
3351 2511
3526 1528
1528 1992
680 3053
3053 2392
1599 993
993 2542
696 3658
3658 4654
1333 683
683 764
4153 1701
1701 3531
3130 3734
3734 810
421 1678
1678 2542
241 4391
4391 4342
143 1511
1511 4117
3224 1412
1412 1857
1934 1547
1547 2331
632 1841
1841 2313
621 3726
3726 1555
4560 832
832 3969
3193 1971
1971 1144
3047 3550
3550 1361
1219 2608
2608 443
1333 1610
1610 2784
42 1955
1955 4427
3314 2457
2457 3027
2218 2693
2693 1992
3535 1639
1639 2773
1871 1975
1975 3885
632 102
102 4117
1198 3864
3864 2294
2587 2006
2006 2372
3436 1885
1885 1992
1466 4602
4602 3969
3224 82
82 3757
4232 4182
4182 3036
3426 1649
1649 2773
861 1752
1752 2392
3105 3052
3052 2886
193 2269
2269 3244
4032 4290
4290 1992
2218 2096
2096 3963
4159 2614
2614 4427
4159 1229
1229 3027
3488 769
769 4117
2195 718
718 3531
3444 3878
3878 3244
647 30
30 3623
861 2166
2166 2331
1871 4246
4246 95
3559 4586
4586 1992
1029 4275
4275 2294
2563 1694
1694 443
1930 700
700 3757
479 1772
1772 2773
4451 773
773 2773
4209 3731
3731 1237
2771 2041
2041 1237
3759 2513
2513 3210
241 136
136 4654
1614 1226
1226 3963
4163 1696
1696 1237
4372 1596
1596 1992
2019 3429
3429 623
1895 1276
1276 2313
1661 2795
2795 4229
1387 2487
2487 2488
2547 977
977 443
1050 1485
1485 623
3559 2268
2268 842
3247 2283
2283 3531
1028 233
233 3963
2065 424
424 3623
1139 2316
2316 152
2587 2354
2354 764
2266 1002
1002 1237
1200 1325
1325 3166
2218 1335
1335 3762
118 1303
1303 3757
290 4138
4138 1540
3444 4205
4205 4117
2349 3319
3319 3308
1333 3837
3837 4117
1656 271
271 764
2109 2651
2651 1365
3778 1784
1784 3293
4517 4612
4612 3621
3103 1120
1120 152
1729 2417
2417 95
1625 3145
3145 2784
4221 2314
2314 2331
1656 1494
1494 2488
2130 1068
1068 4637
4221 2632
2632 2095
2239 3826
3826 95
497 306
306 3531
1652 3790
3790 3969
1625 1341
1341 4441
270 330
330 4117
1054 1712
1712 1860
2130 1621
1621 1992
2769 1583
1583 3393
733 3287
3287 4654
1118 653
653 1170
4539 2443
2443 1401
2587 355
355 1144
895 3114
3114 2773
1930 1287
1287 2313
789 3188
3188 3885
428 533
533 4411
1388 1375
1375 2095
2838 1244
1244 3623
2266 504
504 842
3575 2639
2639 3963
884 1711
1711 1906
2332 2415
2415 2542
3328 2070
2070 3066
2332 1199
1199 1864
4418 1685
1685 3762
433 4036
4036 764
270 841
841 4427
615 352
352 2331
1496 955
955 4654
3247 292
292 4654
2547 2005
2005 1555
884 3547
3547 2372
2349 3949
3949 3969
2968 96
96 4229
331 2782
2782 2143
771 1086
1086 3348
331 4114
4114 95
3126 2603
2603 3621
4589 4181
4181 2495
4418 4257
4257 4441
3848 618
618 1848
1656 2717
2717 1857
3759 3648
3648 1857
1333 3653
3653 3885
2958 1413
1413 3348
2958 2092
2092 3066
1029 1283
1283 32
4620 2859
2859 3027
813 227
227 3623
1602 1844
1844 443
3314 1445
1445 2372
1333 858
858 1365
3748 4467
4467 1848
3176 3448
3448 1857
4547 2492
2492 95
2374 489
489 2346
2696 3933
3933 1361
207 2391
2391 3963
1625 526
526 2331
170 3957
3957 4427
1038 727
727 4229
496 387
387 1540
1602 2923
2923 3531
3909 4624
4624 32
2854 3155
3155 3757
1652 3820
3820 2143
632 4057
4057 3227
696 673
673 2570
2854 2351
2351 3757
2855 4607
4607 152
4142 2521
2521 3762
3226 3699
3699 32
3103 4298
4298 2495
2239 3800
3800 1906
2349 323
323 2263
4499 3920
3920 4654
3926 3568
3568 152
395 4381
4381 3531
1139 1703
1703 2263
331 2275
2275 2511
3529 354
354 2313
2155 3765
3765 1992
1118 576
576 32
2109 2657
2657 1992
1349 913
913 95
4232 2259
2259 2488
2195 1201
1201 3244
142 4125
4125 908
2540 1414
1414 4637
3314 652
652 3623
3995 796
796 443
1090 1123
1123 3531
3748 1248
1248 3227
1835 3887
3887 2570
3999 1571
1571 1170
516 178
178 4637
1466 890
890 2784
2218 2485
2485 3027
4376 2700
2700 2294
1041 294
294 443
1041 2260
2260 4654
4468 2010
2010 1240
3150 4097
4097 3621
1062 741
741 152
1680 996
996 4342
2769 281
281 1361
3126 340
340 1555
2855 3058
3058 3531
142 1225
1225 1555
1496 1627
1627 3348
4616 2615
2615 1361
4625 1623
1623 2886
1050 4035
4035 1848
1625 4162
4162 3885
2109 2985
2985 3885
1090 4305
4305 2570
805 1870
1870 3308
4194 1597
1597 152
644 3324
3324 2143
845 4022
4022 4654
1680 2061
2061 2313
3047 3490
3490 2886
3074 153
153 2511
1490 760
760 4117
1614 4304
4304 3762
2540 2202
2202 3308
2195 1626
1626 2346
3426 73
73 1848
3702 1778
1778 2095
1387 234
234 2542
3724 2552
2552 3348
3282 3499
3499 3757
2771 918
918 1540
479 2676
2676 3885
3496 364
364 3284
680 4422
4422 3621
3103 1884
1884 1540
3833 3361
3361 3027
3019 1347
1347 1240
3702 3378
3378 4411
4418 1400
1400 3066
4401 310
310 3885
813 2910
2910 2392
3526 4013
4013 3210
4142 138
138 3027
4539 4631
4631 1540
395 124
124 3244
241 1767
1767 2294
3748 3736
3736 4427
3909 1155
1155 3969
4513 1837
1837 3393
270 3536
3536 3762
1599 2578
2578 2263
2599 3685
3685 2095
895 1075
1075 32
4539 3108
3108 2263
1219 4241
4241 3757
3125 1559
1559 3621
621 1519
1519 1857
3282 85
85 3210
3047 267
267 3244
2980 4197
4197 842
2771 4120
4120 1237
207 448
448 1237
1388 1917
1917 3166
2961 1348
1348 3348
4153 194
194 1848
447 752
752 152
4376 3302
3302 623
3321 1465
1465 32
3314 877
877 2495
3019 1422
1422 2495
142 4640
4640 3166
1895 373
373 3166
2771 1453
1453 4654
1656 3930
3930 3757
3702 734
734 2784
4372 156
156 32
433 2326
2326 1237
1934 320
320 1906
3008 3158
3158 1365
3017 2925
2925 95
2236 1933
1933 1860
3321 4042
4042 2143
472 2966
2966 764
3150 4220
4220 4441
2968 65
65 3227
4316 3472
3472 3308
4499 2426
2426 1860
3526 791
791 2784
1594 147
147 2143
3926 3072
3072 3621
4159 4155
4155 4441
1388 1083
1083 1365
4451 720
720 810
2596 1687
1687 842
3995 3911
3911 443
3263 4358
4358 95
4418 4666
4666 1361
3848 1464
1464 3166
1050 4453
4453 1906
1835 1197
1197 2542
1827 756
756 1992
3833 4292
4292 2143
3909 3606
3606 4441
1689 3147
3147 2495
3833 2090
2090 3621
3263 3182
3182 3244
2563 4626
4626 3066
4513 3018
3018 3210
3149 1633
1633 3066
336 1669
1669 2886
3702 1267
1267 2886
1505 2475
2475 2392
1934 1463
1463 3623
1729 88
88 3066
1614 2079
2079 3623
497 1734
1734 1555
4468 3086
3086 2511
3926 1629
1629 1401
4468 1670
1670 2294
1614 2207
2207 443
4159 1154
1154 842
4463 2162
2162 842
3125 2011
2011 2511
2961 3924
3924 2372
3848 2913
2913 1992
3697 2014
2014 2313
1062 2369
2369 3969
4539 3908
3908 3227
3909 4583
4583 810
4032 579
579 623
644 3768
3768 95
3496 3651
3651 2331
4153 3479
3479 1857
3535 2034
2034 764
4032 3124
3124 4441
1520 4437
4437 1170
1856 3916
3916 2488
2236 3808
3808 3393
2769 1833
1833 2392
4142 87
87 2143
4513 863
863 3762
2771 1044
1044 2511
2323 2422
2422 623
3634 501
501 3348
4560 63
63 2773
141 539
539 3036
42 1603
1603 2313
3646 932
932 3963
3226 2419
2419 1555
805 3586
3586 1144
3263 2049
2049 4637
2696 3817
3817 1365
3328 3396
3396 2346
3634 1392
1392 908
2958 1657
1657 2511
1139 3110
3110 2313
4513 3184
3184 1240
496 1716
1716 443
4032 3412
3412 3621
3833 7
7 4411
1297 2201
2201 2372
1297 2906
2906 1361
3999 2912
2912 2570
93 548
548 2263
4232 4483
4483 2392
1349 1450
1450 1857
2374 3318
3318 1555
2568 970
970 2511
3019 3432
3432 3227
595 3604
3604 842
1297 2327
2327 3969
241 228
228 4411
159 4040
4040 3166
1895 3134
3134 3393
1599 1788
1788 3210
2204 3657
3657 3308
3693 3157
3157 2346
3193 3512
3512 764
3362 1389
1389 1860
2838 4396
4396 2263
1198 298
298 3393
1490 2607
2607 4229
3017 3955
3955 1864
2023 1742
1742 1365
2239 3181
3181 3969
1496 20
20 443
1871 3271
3271 1237
644 1421
1421 2773
3748 1800
1800 1170
3176 4279
4279 623
3400 2408
2408 152
447 1556
1556 1848
3130 625
625 2331
2118 585
585 4342
98 3251
3251 3621
4468 1385
1385 3066
4468 1792
1792 3166
3198 1904
1904 2488
3263 4346
4346 152
1835 3543
3543 2346
861 751
751 1240
644 2325
2325 3757
3125 3862
3862 1860
4560 384
384 2570
1050 4139
4139 2095
2323 4659
4659 3036
1054 4621
4621 443
4316 2892
2892 1860
2599 1991
1991 2143
1689 3615
3615 2392
4007 1740
1740 3036
3282 2435
2435 2331
3833 2868
2868 4427
1827 311
311 3244
1895 2106
2106 1237
497 1980
1980 764
1496 730
730 95
680 285
285 4411
2976 114
114 4411
3748 19
19 32
42 1065
1065 2542
2596 3823
3823 3969
1038 60
60 3293
207 1708
1708 1401
2374 1255
1255 2331
3074 3304
3304 3227
1490 3785
3785 2488
3697 1650
1650 3244
3778 588
588 1365
3646 1845
1845 3227
331 3774
3774 2143
4194 1390
1390 2263
813 3225
3225 2372
395 1167
1167 2331
3697 3177
3177 3531
4560 2257
2257 3308
1505 4171
4171 1864
93 482
482 3227
3559 705
705 2392
1867 89
89 1170
1349 2623
2623 623
1656 706
706 3621
290 3336
3336 4229
621 1552
1552 3531
2838 1894
1894 1906
2540 3852
3852 2570
895 458
458 3762
2961 4046
4046 1240
2696 3777
3777 908
3224 3727
3727 3885
4457 2505
2505 2542
3559 2828
2828 623
3208 3680
3680 623
4163 4656
4656 1848
4316 2033
2033 4342
2980 743
743 2095
1652 3652
3652 3623
1599 4302
4302 4411
2587 2100
2100 95
1139 1239
1239 3244
1038 1478
1478 1144
1038 4525
4525 3393
4499 2561
2561 2886
395 2382
2382 3969
595 1031
1031 842
524 197
197 2495
159 1967
1967 3393
3926 3185
3185 3531
1349 3522
3522 842
2563 4105
4105 3963
1496 542
542 3244
496 3944
3944 2392
2218 591
591 443
1835 280
280 4427
3400 3104
3104 2886
3149 1071
1071 1170
1274 1228
1228 1864
771 4039
4039 3757
1656 1126
1126 2784
1297 4149
4149 152
2118 1830
1830 3210
241 3035
3035 1240
3321 3325
3325 623
703 4649
4649 2095
411 3483
3483 3885
1028 2738
2738 623
1520 50
50 3885
1835 92
92 4427
3362 394
394 2773
1028 4420
4420 3757
2547 2002
2002 2773
861 4289
4289 3066
3496 646
646 2346
4620 2366
2366 2095
3224 3509
3509 2511
1496 3540
3540 764
42 477
477 2095
4221 930
930 4229
141 29
29 842
3444 2812
2812 3531
4499 3477
3477 32
1057 4563
4563 2143
3338 312
312 2313
472 2932
2932 1857
1930 1880
1880 3244
2218 1879
1879 908
3526 2978
2978 1992
1652 3197
3197 4654
241 4664
4664 4117
4007 4643
4643 1540
2968 2497
2497 842
4499 3083
3083 2313
615 587
587 3757
4468 1887
1887 4117
1689 671
671 3623
615 3875
3875 3762
3105 3660
3660 810
1827 3625
3625 1992
3282 2538
2538 152
3019 826
826 152
3496 2074
2074 4637
1496 3376
3376 3027
2374 1055
1055 1992
433 2046
2046 2511
496 2468
2468 1240
336 3918
3918 1857
2968 1777
1777 810
3702 1182
1182 95
4159 297
297 1170
2961 3000
3000 1992
3150 27
27 764
813 2865
2865 1401
3263 2935
2935 3963
1599 971
971 4427
3105 1227
1227 3393
1297 2673
2673 4427
4401 3502
3502 1848
159 105
105 3308
118 2432
2432 2784
3646 1935
1935 908
2961 2506
2506 32
4158 3532
3532 2773
1798 3222
3222 2570
141 4529
4529 1144
4542 2222
2222 1860
2218 1184
1184 4637
2968 916
916 4637
4513 2151
2151 3036
2980 2071
2071 1992
632 1114
1114 3210
595 2626
2626 3963
471 732
732 4117
4463 2328
2328 2570
3526 945
945 3166
3778 4249
4249 1540
421 1474
1474 443
1090 1488
1488 3885
4625 2333
2333 3036
1274 1668
1668 1361
3833 3773
3773 3963
1625 3898
3898 3210
1490 1418
1418 1992
3338 198
198 3623
4221 1045
1045 3348
3995 436
436 443
3125 265
265 3621
207 2336
2336 2095
207 2358
2358 1240
1118 3113
3113 908
223 2996
2996 1848
98 2918
2918 1540
3198 3205
3205 3027
1349 2245
2245 1992
496 2841
2841 3348
2332 523
523 4637
2838 4576
4576 2488
509 1796
1796 4411
1388 3792
3792 2095
223 3359
3359 623
4194 80
80 4342
98 656
656 3757
3282 597
597 3166
3426 2253
2253 764
1118 783
783 1401
865 2020
2020 1237
217 2188
2188 4117
3150 3498
3498 3348
3526 4074
4074 4117
4372 3033
3033 2346
170 3220
3220 2511
2563 1640
1640 2372
4464 2335
2335 443
2596 627
627 3885
696 2867
2867 95
4159 1802
1802 1170
3314 3135
3135 4654
118 1130
1130 2495
733 1790
1790 2570
516 747
747 3244
1867 4503
4503 443
4499 1046
1046 2372
4209 3917
3917 3762
696 286
286 4441
4194 655
655 2263
4620 4121
4121 1170
4542 1047
1047 2542
4316 2405
2405 2346
1551 3857
3857 1860
1520 484
484 2495
331 2073
2073 2313
4464 1794
1794 3293
1187 1250
1250 3308
2239 2993
2993 2263
4616 2746
2746 2331
595 1756
1756 2294
3125 3020
3020 4427
3849 3264
3264 4654
336 4029
4029 1365
865 4225
4225 32
3226 554
554 2542
703 3189
3189 2294
497 3723
3723 3969
3426 3395
3395 3623
193 3663
3663 32
1729 1745
1745 4117
3019 2653
2653 2511
3224 4442
4442 2488
4560 1737
1737 764
4153 856
856 2263
4142 2982
2982 95
1038 2290
2290 32
3926 344
344 3963
2374 4645
4645 4229
2323 1373
1373 3284
2065 2634
2634 4427
3693 1549
1549 2784
2130 1084
1084 3393
4542 374
374 3036
170 1109
1109 2346
865 3874
3874 1992
516 128
128 4637
3849 746
746 3393
241 393
393 3393
2599 3423
3423 1540
4232 2217
2217 1555
4232 2940
2940 2313
3193 3043
3043 4117
3848 3207
3207 2095
4560 1948
1948 810
4418 3059
3059 2331
3523 3136
3136 1144
1871 4140
4140 2495
1028 3545
3545 3036
4539 1101
1101 908
42 763
763 2392
1551 3471
3471 2263
1054 3981
3981 2392
4457 1180
1180 3762
805 3584
3584 3963
496 3299
3299 1365
3224 3928
3928 2294
3559 2716
2716 2143
3697 704
704 3762
3759 2545
2545 2372
93 1807
1807 764
1490 508
508 3066
1274 767
767 443
1625 150
150 1240
1680 1411
1411 1555
4499 4574
4574 95
2976 869
869 3166
2547 2523
2523 1365
2374 821
821 3166
3748 1672
1672 1237
621 2564
2564 4411
3529 3989
3989 2313
703 1298
1298 1237
4316 445
445 4117
647 4104
4104 3621
3436 4098
4098 1361
2854 1702
1702 2331
1118 61
61 2488
1689 2174
2174 3348
3634 1686
1686 3284
421 2232
2232 3166
1895 1810
1810 810
223 2920
2920 3293
1054 2464
2464 1240
805 1214
1214 4427
2838 3503
3503 3969
1689 4077
4077 2495
3693 346
346 3531
2854 1962
1962 2570
2771 2205
2205 764
1198 4005
4005 443
3047 1026
1026 1365
4316 3388
3388 4117
4620 3285
3285 1361
1602 494
494 152
1200 1663
1663 4229
615 4018
4018 3393
3017 2282
2282 3531
141 4325
4325 2294
3488 4536
4536 2511
4625 649
649 2542
2236 868
868 623
3198 4151
4151 810
421 2787
2787 1906
1139 2416
2416 2488
680 1643
1643 1170
2349 2525
2525 3293
4539 1391
1391 2095
3150 3537
3537 2511
2204 1973
1973 1992
3321 1757
1757 3969
2620 520
520 1237
632 1355
1355 2511
3849 392
392 2495
433 4585
4585 1144
2323 3883
3883 2263
4542 2803
2803 3762
471 434
434 152
2636 22
22 3531
1274 2874
2874 1240
2323 3070
3070 3348
3724 2397
2397 2392
1680 2963
2963 3531
1490 3676
3676 4654
3125 3617
3617 2346
2771 3087
3087 623
4209 4597
4597 1864
1599 1452
1452 3963
331 1999
1999 2488
195 4615
4615 2143
42 4048
4048 764
159 1521
1521 3969
1198 2909
2909 764
4418 4259
4259 2143
1200 3796
3796 1992
2587 3538
3538 3762
615 2122
2122 2372
1599 3893
3893 2263
479 2191
2191 4427
4620 4421
4421 3885
4372 2810
2810 2570
3646 532
532 2095
3748 3255
3255 3393
845 2080
2080 2784
1520 4010
4010 3210
3150 659
659 3623
3017 1482
1482 3762
2961 586
586 2263
433 2498
2498 2495
2023 1208
1208 3308
733 2450
2450 1864
3149 759
759 2886
2130 1436
1436 1361
2374 2532
2532 2346
2980 3435
3435 3885
395 4498
4498 3066
4464 2604
2604 2313
4418 1527
1527 764
3226 3573
3573 1170
4142 2434
2434 4427
1602 4404
4404 3969
2876 1059
1059 3293
1798 314
314 32
2769 4667
4667 4229
3282 3865
3865 2392
2587 3037
3037 3210
696 2112
2112 1237
2968 3107
3107 95
1835 1195
1195 3284
632 416
416 3621
2547 3754
3754 623
2349 2467
2467 2392
223 1483
1483 4637
1827 2699
2699 95
805 2015
2015 908
4517 2941
2941 2372
1274 1408
1408 4654
2218 168
168 2143
4542 2861
2861 623
2204 1877
1877 3210
2204 3206
3206 2542
644 2438
2438 1992
615 1598
1598 2570
1798 2679
2679 2488
3103 2380
2380 3969
1594 1952
1952 1237
4625 165
165 2495
1625 4217
4217 2784
2599 4102
4102 1144
3999 4203
4203 2263
4539 1799
1799 842
3193 4657
4657 3963
1029 244
244 3531
1387 3880
3880 2886
3444 3320
3320 4441
1680 3446
3446 1240
1602 2131
2131 3227
2599 1427
1427 2511
615 3743
3743 3166
1466 1165
1165 4441
1599 1405
1405 2488
3247 2254
2254 3963
4316 834
834 32
1062 2585
2585 3244
2109 3735
3735 2886
2838 1008
1008 4441
4620 602
602 4441
3426 3923
3923 4427
2636 1194
1194 908
703 313
313 4427
2118 4147
4147 3963
4153 84
84 2346
813 2500
2500 1170
621 1159
1159 842
2130 3305
3305 3066
241 1903
1903 3963
193 2279
2279 2263
1729 3373
3373 1237
2769 2835
2835 1401
2236 1682
1682 1401
3328 2850
2850 3166
3697 2330
2330 4427
207 944
944 2331
1856 2186
2186 3244
336 1258
1258 2294
93 3238
3238 2773
4418 2758
2758 2313
2118 1174
1174 810
1835 1924
1924 3623
3226 4250
4250 4342
3523 969
969 1992
4620 3964
3964 1860
2323 2998
2998 3762
4376 4394
4394 4441
4158 4141
4141 3623
895 379
379 3293
3400 2802
2802 2570
4159 423
423 1365
1139 1317
1317 764
3748 822
822 3036
1349 4164
4164 1555
997 2361
2361 623
4007 2706
2706 3348
933 849
849 2294
4153 1479
1479 1864
1602 2917
2917 3969
595 3049
3049 32
4163 1968
1968 3227
3149 3954
3954 32
3017 3232
3232 1237
2854 3116
3116 1240
98 2440
2440 2773
1827 3809
3809 2511
1490 4148
4148 2294
4517 4028
4028 2263
789 1518
1518 4411
421 1542
1542 1864
217 2494
2494 4637
42 4400
4400 1170
4464 2908
2908 3393
2876 3050
3050 2331
3849 4202
4202 1906
3008 2954
2954 1906
3702 2682
2682 2570
4539 1338
1338 443
4418 1353
1353 3531
1041 3706
3706 3027
4560 1637
1637 2294
2587 4505
4505 3066
3724 2348
2348 3027
1050 3659
3659 3531
4463 1588
1588 3066
241 1481
1481 2784
2547 2312
2312 443
3105 2520
2520 4411
595 678
678 1401
3208 2663
2663 2495
4232 2153
2153 4229
2266 2704
2704 4637
1090 4648
4648 1365
411 111
111 3066
3575 831
831 3308
3282 4287
4287 3308
2547 1137
1137 3348
3995 1775
1775 2372
3634 66
66 623
696 917
917 3308
1200 3563
3563 764
193 49
49 3284
516 956
956 3027
1490 4230
4230 2263
207 163
163 1237
4316 2238
2238 3885
3208 3295
3295 3244
3328 101
101 4654
3724 18
18 2773
4463 3872
3872 3166
4007 3758
3758 2542
4194 3137
3137 3227
4517 3711
3711 4427
241 3894
3894 3757
3362 698
698 443
4463 2466
2466 1992
1496 2839
2839 3284
3697 1131
1131 2511
1333 953
953 1237
4232 2750
2750 842
4232 3060
3060 2313
2118 317
317 3244
3697 2350
2350 2372
1466 2898
2898 1540
4418 2342
2342 2570
3176 1957
1957 908
813 4136
4136 3963
2568 4090
4090 2392
4159 3938
3938 1365
2019 3787
3787 4637
447 4456
4456 3066
2961 2625
2625 623
813 612
612 3166
1139 3478
3478 3623
1594 4056
4056 2313
3130 3276
3276 1860
2019 2749
2749 1864
1661 4014
4014 3963
516 1635
1635 2294
865 4134
4134 4117
1139 3868
3868 4427
241 1928
1928 2095
4159 1036
1036 1540
1139 2149
2149 764
3130 795
795 32
141 2686
2686 764
496 3069
3069 2784
1054 827
827 1992
1054 2367
2367 95
789 220
220 842
1028 3367
3367 3885
2587 502
502 3293
3634 4255
4255 3210
2547 3028
3028 3969
3848 635
635 810
1139 4530
4530 3885
1062 4481
4481 4117
1934 2844
2844 1237
4620 4555
4555 810
2109 450
450 2372
884 4096
4096 764
3126 975
975 3066
336 4079
4079 810
3523 2235
2235 1361
2204 750
750 2886
2620 2764
2764 1860
4616 4000
4000 2263
1656 1768
1768 2143
447 2594
2594 1906
3444 1852
1852 1237
2065 367
367 1555
3833 2288
2288 1857
170 667
667 1992
805 2163
2163 3762
143 4260
4260 2784
2620 406
406 443
1054 2555
2555 3621
1551 123
123 2570
595 3290
3290 2570
4468 682
682 2392
4159 2147
2147 32
98 4296
4296 4637
193 3965
3965 2346
3694 3810
3810 3762
4232 2905
2905 4342
3535 2950
2950 2511
1551 1897
1897 1860
2696 4006
4006 1365
2374 1809
1809 2773
3019 2481
2481 1365
193 4262
4262 3244
4542 1003
1003 2886
3523 3257
3257 1848
3338 86
86 2773
3496 3
3 810
3282 2703
2703 2294
2118 3630
3630 1401
2976 594
594 4117
4539 1441
1441 4654
331 1469
1469 1170
1520 2377
2377 443
3105 1624
1624 2372
3074 1781
1781 1144
2958 3438
3438 1848
1895 1216
1216 2294
3523 3863
3863 1365
2769 1818
1818 2143
4163 4608
4608 4411
1050 724
724 3757
1028 3200
3200 1144
3496 435
435 2511
2098 4216
4216 2143
2620 2344
2344 1144
524 3856
3856 2773
1934 2664
2664 4427
1054 657
657 3885
93 4189
4189 1540
1139 21
21 2511
3008 2628
2628 1540
2349 3888
3888 4637
933 4319
4319 1992
647 2120
2120 2143
1297 4459
4459 4654
3526 3280
3280 1992
733 3939
3939 1857
1614 1211
1211 764
2958 2402
2402 2095
895 1978
1978 3963
3559 3841
3841 3244
3970 3293
3500 3210
176 1361
1997 3166
758 810
1079 1365
1997 2773
1610 1992
3511 1555
2492 2263
1645 3227
2537 3308
1500 2313
2231 2294
1786 4342
60 2331
1670 3393
705 2886
2410 2542
1686 4117
3861 2372
1474 1240
2473 3036
1432 2488
3725 3963
3385 4229
1147 4411
14 3885
3241 1144
1844 1857
1327 3623
4613 3066
451 4654
1634 4637
2589 95
943 2143
1504 3757
4108 908
3649 1170
3303 3284
3494 764
929 4441
843 3969
2350 3762
2213 2570
2907 1848
1609 842
598 3531
4483 3027
2435 1540
978 3348
1802 2095
2982 32
1085 2346
2921 1864
1312 2392
2264 2495
2680 152
580 1401
3582 443
475 3244
3037 3621
1014 1237
3519 1860
3818 623
685 4427
3170 2511
1793 2784
2776 1906
1599 214
2602 764
3959 439
3410 2757
2819 2464
3151 4041
3463 105
1133 2959
2393 2056
370 3092
4523 3234
3191 2387
2735 1633
2085 4094
4332 4377
1814 1075
2174 1924
1500 1728
556 3877
2078 2288
4226 2074
2728 1678
4408 1771
1201 4453
3745 3540
524 2296
1476 4323
1420 3981
2697 2474
1719 2983
3223 872
2849 4651
3268 3972
2486 4275
703 3043
3203 2497
354 2738
3682 3990
365 976
4499 532
4215 3739
2848 3620
306 3438
1422 3617
4103 1535
1958 710
3103 1953
2231 1583
2085 3590
4625 4076
2103 2483
1060 2250
1423 4658
2638 2212
4175 1796
1854 2258
3521 1419
4058 4662
497 1495
3703 4440
1096 502
4417 4455
795 3393
1178 1454
1617 1946
407 1917
2808 1522
1927 1524
902 2552
3250 2112
679 127
2226 115
2636 350
4344 2181
476 3411
3976 387
1063 1101
3421 1536
581 3206
2966 2100
392 2466
135 4069
3736 3284
2612 4204
2271 971
1297 2868
1231 2861
493 1850
3561 16
1700 114
3019 3967
1294 675
1811 4543
840 3155
3176 3345
3144 2944
847 333
1100 4493
909 155
1487 2676
559 820
937 4505
2730 208
2969 2813
2476 3773
2310 1478
2433 2272
1832 4263
2146 1031
3488 1125
3902 150
3355 1538
4509 2207
4060 316
2611 38
3876 27
2306 1196
1847 455
4195 3486
2654 2698
3867 3452
4274 3225
675 2401
1613 588
4199 4602
1719 3625
223 3746
2907 1229
2550 1660
4041 3630
4130 3645
4019 4548
2515 726
2175 1524
846 1079
2640 1969
252 92
671 3049
143 3854
1905 2843
290 4309
2736 2978
4489 2588
2754 4443
731 4420
2108 3954
3030 1683
2236 4103
4578 2928
3488 179
1292 833
4238 3840
2056 3120
2640 450
2698 1745
3712 2417
1665 4336
2977 2279
4477 4577
1148 2036
4591 96
136 3116
4418 2718
3491 3448
2258 1182
4376 1174
1519 448
3978 3313
1619 3209
1356 3612
498 2201
3964 3939
2733 4122
2469 4582
2161 586
2057 3938
2854 48
4426 2790
1593 3834
3394 2290
108 313
748 2417
3703 4246
4425 1404
3165 267
2876 262
74 4583
4112 3628
3248 3460
110 3824
2321 4035
3180 3373
3248 420
2249 2188
236 722
3803 3307
3992 4064
2323 4223
1656 617
939 2890
2737 2431
976 1483
2667 1828
3034 3502
3513 2985
3391 2619
1105 3228
2659 645
3705 2868
353 810
4091 1993
1378 2812
751 4296
3798 3512
998 2137
3019 1082
3866 295
950 1964
234 3135
4271 3424
1110 3158
3655 1312
2305 3433
1053 3538
2464 2525
2152 4070
2167 1613
3415 2633
3552 4086
1475 3425
1117 3246
4309 943
3614 3955
3829 1810
2116 2495
2933 3851
3242 4637
2809 1025
4023 2979
4347 1433
1786 3820
1504 1277
2172 282
2805 3092
611 1526
2983 3955
1520 860
4179 4069
4412 1061
2185 3050
2745 3532
3759 124
2423 1874
2838 1282
429 4141
880 3427
1128 3565
1920 4530
2897 3327
4188 4062
1160 4281
4554 4236
3674 3324
3470 3135
1342 1715
3847 4169
1854 4613
3655 3271
2948 2253
4559 1391
204 3215
3023 1031
4044 671
4001 633
2911 1960
1226 760
4069 3934
2396 1441
3749 2158
1581 945
1941 3876
4231 1617
2431 760
3143 1883
3097 4599
247 1683
991 1584
507 4008
4632 2555
326 1597
3297 1684
3363 2420
3624 825
3576 1400
3029 2479
472 1807
689 3433
2127 4645
3039 2703
1782 3171
42 3503
808 3688
1288 1257
1382 3582
2582 40
2970 3972
2569 2583
3091 2886
2353 2033
3607 1378
3668 228
1423 2446
3375 2799
3221 2205
2174 2511
3397 2625
2322 376
3819 3062
1811 4330
2222 532
3474 2321
4600 1432
567 3483
566 869
1483 66
2339 649
4226 1302
2126 2223
1853 1431
2309 4505
4235 4205
668 635
3370 2429
3892 4269
3799 1354
1178 1447
1016 4345
3668 2338
1913 1687
1996 4558
1291 2147
2453 3006
4059 2634
2171 1145
2142 876
3948 4596
2484 28
1767 1556
4439 287
716 720
