1
4550 9784 4144
256 15
1303 270
4398 2994
2266 3413
1488 4327
662 4397
323 1029
3851 1307
815 2863
3672 2456
1945 3756
1330 1561
4160 2216
1373 299
2639 424
3202 2378
3023 2101
78 2326
1618 867
1372 2816
1903 1750
2735 259
3079 1576
3026 917
3377 1063
1715 3150
1143 3990
2253 3904
1564 3907
1638 738
1246 1940
998 1731
3261 3431
1326 3184
1258 70
1439 966
4163 4436
2752 1200
2314 1937
3186 2964
3315 3838
3480 4087
111 4033
923 329
1201 1894
1154 3049
1782 1149
2749 473
1759 3039
4361 269
4063 4303
1489 1750
2550 3464
4193 4326
1885 385
2613 494
1017 1008
4317 3608
3878 3002
355 2051
1573 3044
756 4207
1125 2689
648 3691
2407 3423
2135 2520
3700 949
386 1934
3018 2821
4198 1476
135 2878
1475 976
1407 1603
3694 2134
1491 1553
857 1881
4396 2773
4051 2984
670 2733
4056 458
2938 1249
676 1083
2026 4146
497 3873
4466 1877
919 1511
3686 3373
3972 4202
3065 3541
3844 592
3958 754
3329 3580
3871 3626
789 2663
1948 1121
2176 1413
1712 1580
3523 2408
3268 325
4475 1883
20 3561
958 2817
4335 432
2347 4399
2880 1210
4152 1020
2952 2175
3693 1721
3463 314
283 353
122 2446
995 174
4268 3666
2640 333
13 3045
626 4459
2339 1242
2292 3324
916 2853
991 339
1593 167
1227 1915
4359 1966
1478 3715
3070 1440
3421 3353
4222 3561
2768 3749
586 1725
101 1668
1679 3363
607 2873
2820 2108
3731 3683
3453 1383
3620 1281
3849 2612
1956 3842
4322 47
481 4482
4420 1876
124 3297
2392 2763
4278 2870
2904 3739
2166 1394
2179 1268
4441 4007
2568 3713
937 2532
1753 4405
4113 2836
1994 3832
1034 3420
3708 3701
1785 2879
3099 2396
4495 1375
1352 2554
2727 1069
2104 2446
786 3069
3243 577
297 3716
3791 66
2310 3129
3189 448
420 1521
3444 2580
2291 2948
2584 134
4517 1432
2156 1133
2202 2434
1033 1540
4006 3616
3028 4204
232 3494
4542 1362
212 2656
3880 3217
2523 2183
224 1437
3144 4372
1879 2235
1840 739
3254 3917
1612 618
1019 4406
149 4235
3110 1540
2381 630
4155 235
110 2025
3046 653
710 4399
3712 4091
2745 3660
4212 1622
3303 1704
2778 2227
106 2351
2258 4483
1329 3942
1293 2685
73 1310
839 3492
396 1297
1237 3383
2910 3832
3098 1421
2194 371
4413 3250
3213 3702
2661 259
1594 1537
2159 3773
3556 2542
228 164
2205 2360
1692 1141
1356 4498
1954 487
2213 2404
3386 58
600 2005
3059 863
294 2042
2475 4111
4064 2505
745 107
468 1904
2117 1345
2163 3289
2646 1202
503 3796
4288 2855
835 4492
4503 2694
4549 562
2464 2611
1434 1670
1931 820
3343 1440
2512 899
446 4239
3908 4344
2844 372
661 1257
3100 430
49 1727
1075 645
22 510
2250 1941
973 2130
3997 1958
4524 3437
2269 2274
1103 808
344 1222
506 3398
4419 550
4523 2637
1975 4033
682 4200
1260 3725
89 2995
801 2802
2571 2787
2557 3916
3382 2417
3985 2651
1364 4418
4431 3044
4548 471
1400 3933
3446 3255
3734 1099
1884 3403
4180 4238
4542 4221
4221 4456
586 4340
4340 3235
4548 2922
2922 2673
3018 3772
3772 2487
835 886
886 972
1638 2334
2334 3542
1227 1424
1424 1445
2117 3496
3496 226
323 3248
3248 447
4212 2949
2949 406
3377 348
348 1136
4193 1466
1466 2915
1019 4525
4525 1380
3734 994
994 1505
3556 920
920 4270
344 4448
4448 1911
923 4179
4179 4284
4063 3152
3152 2915
3851 2389
2389 3598
2735 1987
1987 465
4495 4247
4247 1087
2613 3033
3033 709
857 176
176 3813
2778 1575
1575 841
106 2007
2007 1570
1373 3371
3371 2172
2194 2353
2353 3430
3186 2148
2148 2631
958 24
24 957
3213 2254
2254 2424
2568 1843
1843 3813
2571 3709
3709 3091
1400 1241
1241 1526
3958 3749
3749 2450
78 3350
3350 465
1034 2053
2053 3235
1956 2278
2278 4384
396 1076
1076 1239
3480 4251
4251 163
89 658
658 3989
1439 1262
1262 1823
135 1917
1917 3478
1475 3128
3128 2943
2202 2324
2324 4456
344 70
70 1112
1434 2238
2238 2487
2156 3798
3798 2673
1434 2036
2036 4510
3731 2146
2146 1380
386 1045
1045 3292
111 1132
1132 2827
3110 2137
2137 709
3421 4323
4323 1136
4359 3009
3009 3027
4335 2131
2131 226
2727 1433
1433 1136
2381 1705
1705 3813
4160 1486
1486 517
3444 1210
1210 3478
4278 2624
2624 4284
4524 2069
2069 1239
1491 4132
4132 3928
2117 3789
3789 1764
1143 4505
4505 3980
2904 764
764 2487
49 165
165 4194
2292 3226
3226 3980
106 3763
3763 138
149 1274
1274 2429
224 3831
3831 406
2205 1595
1595 3006
3382 3885
3885 2298
4517 1865
1865 2622
2571 3589
3589 1505
1033 4235
4235 3262
2768 2052
2052 1838
2179 23
23 488
1439 3931
3931 3409
835 3301
3301 2915
3880 3103
3103 181
4193 2875
2875 782
355 2067
2067 4254
4193 3710
3710 3982
2292 4107
4107 709
4155 4189
4189 951
22 2366
2366 795
503 1123
1123 2526
600 620
620 3282
1994 368
368 2673
4359 1230
1230 3936
1618 4137
4137 4131
710 594
594 2075
662 2218
2218 4363
3480 2454
2454 4384
2464 2435
2435 1986
1017 704
704 3467
2258 2920
2920 3813
1237 2228
2228 1838
4006 2341
2341 3598
3386 2713
2713 1239
4006 684
684 1764
1903 3269
3269 2622
111 657
657 3467
991 60
60 4429
2550 3215
3215 328
2310 1794
1794 3542
2820 211
211 2424
122 2835
2835 634
1478 2617
2617 3292
3315 418
418 3542
919 1065
1065 911
1782 4402
4402 2622
1434 1901
1901 2827
3686 3914
3914 4429
4466 3336
3336 3978
3480 1602
1602 2467
2347 104
104 3467
4495 3574
3574 3989
789 1998
1998 1764
355 217
217 2631
786 496
496 2511
3463 3340
3340 163
3844 1226
1226 1831
4317 1257
1257 2511
3694 3258
3258 4112
468 812
812 1333
506 1983
1983 3242
2176 3706
3706 951
13 215
215 2673
355 4161
4161 2383
973 3096
3096 894
1293 2859
2859 3989
1785 2756
2756 3235
135 568
568 226
2910 3956
3956 3430
3110 4265
4265 4195
2291 3805
3805 3292
2269 3846
3846 247
2568 1374
1374 4258
1434 4426
4426 493
4152 1428
1428 911
3254 2708
2708 2450
13 643
643 3598
2727 3341
3341 2076
3620 3927
3927 894
4359 2233
2233 2458
2310 2836
2836 1046
4268 489
489 2172
1034 2451
2451 880
297 2734
2734 957
3880 3572
3572 1823
4006 143
143 3006
4006 3666
3666 2298
2291 3354
3354 493
2639 3837
3837 951
600 1044
1044 4194
294 1644
1644 957
4548 3641
3641 4384
4413 1186
1186 1838
1884 3526
3526 3027
323 3473
3473 3813
2266 3297
3297 447
923 133
133 3989
3694 4071
4071 3235
789 2465
2465 2622
294 3474
3474 1445
497 346
346 2631
4322 1693
1693 4112
1201 243
243 3598
923 999
999 911
2026 2970
2970 1986
3065 4219
4219 3042
3880 374
374 709
4198 3624
3624 2075
3110 1157
1157 2827
2314 1340
1340 493
1329 423
423 1459
3377 2845
2845 2511
3186 2561
2561 3478
355 2363
2363 1239
3098 1213
1213 1187
3523 25
25 3027
2584 82
82 3594
3329 2440
2440 4414
122 1698
1698 880
1948 2442
2442 3936
2250 1222
1222 2458
1488 1918
1918 2383
2661 9
9 395
3972 2434
2434 3242
1994 2406
2406 951
2250 303
303 4258
1785 1799
1799 4414
1945 3081
3081 880
4278 1052
1052 465
1488 2926
2926 1187
1475 3570
3570 4117
2176 3752
3752 2343
1407 2722
2722 3598
676 2290
2290 2181
923 4264
4264 465
2768 3263
3263 975
1573 3287
3287 3409
2571 2643
2643 2450
3694 65
65 3027
481 3836
3836 4284
756 4075
4075 3594
4335 337
337 3282
2646 2453
2453 3928
3700 177
177 3006
2557 921
921 795
3329 3658
3658 1838
3421 924
924 2383
835 4045
4045 3430
4317 4009
4009 3323
4278 2505
2505 3409
1237 4443
4443 2868
2269 2024
2024 1505
4441 245
245 2827
4051 686
686 3642
3386 854
854 328
3099 2093
2093 2429
2253 1300
1300 3430
815 513
513 1187
991 2991
2991 1831
49 3029
3029 3893
2584 823
823 864
1260 677
677 1046
1019 317
317 447
22 198
198 4117
682 2562
2562 3594
3620 4253
4253 3323
1488 3372
3372 3978
3871 219
219 2586
2291 180
180 3282
1329 659
659 880
2291 4148
4148 3323
4524 3504
3504 880
4361 2196
2196 2458
1125 2142
2142 2622
3791 766
766 2517
1075 905
905 247
2392 33
33 226
1679 2804
2804 4284
256 1244
1244 1526
1679 3163
3163 488
3186 3224
3224 2383
1759 1377
1377 465
4198 2499
2499 3381
73 2338
2338 3848
4503 2741
2741 2487
3444 3247
3247 3027
2194 1803
1803 3478
2292 1780
1780 1136
3985 1579
1579 2076
1246 441
441 406
4413 2384
2384 911
22 3141
3141 972
2464 1576
1576 4429
2159 3457
3457 2673
995 2611
2611 4254
1260 1498
1498 1459
2250 3564
3564 4117
1956 2591
2591 3396
4163 3483
3483 4131
1573 3177
3177 3893
2749 3739
3739 531
2661 4541
4541 782
2661 783
783 880
149 4501
4501 2429
1478 3668
3668 957
4549 714
714 709
4322 1231
1231 1112
297 696
696 3467
3254 1139
1139 3042
323 4321
4321 3409
3712 725
725 4258
2250 128
128 3848
2568 633
633 957
73 1495
1495 1505
1258 1674
1674 3467
386 821
821 3978
3382 4210
4210 864
3065 2612
2612 4284
1975 1920
1920 4414
1785 2078
2078 2424
4441 1094
1094 2526
420 4302
4302 3396
2646 1346
1346 531
3202 1288
1288 226
789 2097
2097 3282
3463 1547
1547 3430
4413 926
926 3381
2253 1699
1699 2112
2213 3944
3944 782
1759 1691
1691 3430
1782 3960
3960 247
2735 1158
1158 2343
3303 4472
4472 4195
135 146
146 3292
626 592
592 2487
3059 1050
1050 138
212 1538
1538 1505
2661 507
507 2827
756 2483
2483 517
662 1465
1465 957
2258 4292
4292 2133
1753 1348
1348 1445
670 3635
3635 4254
2904 2578
2578 2517
3023 218
218 951
420 3060
3060 1136
2269 1126
1126 4258
1475 1403
1403 1911
626 195
195 2586
3303 2771
2771 3409
1945 2400
2400 2075
3315 2552
2552 2298
3712 2283
2283 395
3144 1368
1368 2827
648 3678
3678 4429
1782 3840
3840 975
256 652
652 1445
1019 304
304 163
2910 3657
3657 1764
1330 4074
4074 4456
682 740
740 2343
1017 3952
3952 3396
1879 900
900 3292
3908 559
559 4117
710 2502
2502 2631
3028 3943
3943 3262
4420 2600
2600 3323
3791 339
339 3042
3908 2744
2744 1187
1712 1064
1064 3980
2266 3508
3508 1764
1326 4333
4333 163
3059 3929
3929 1831
4359 1212
1212 3594
586 862
862 1986
1439 824
824 3848
3694 3954
3954 3928
745 776
776 709
1753 349
349 1087
212 1523
1523 488
4180 3090
3090 1477
916 3334
3334 3042
1033 1736
1736 2402
3421 961
961 3467
396 4457
4457 4131
1956 1287
1287 181
4359 747
747 4456
4466 4093
4093 138
446 2918
2918 3542
607 803
803 226
1017 3699
3699 3980
2266 1133
1133 1838
1564 1425
1425 488
1931 3326
3326 1333
2727 516
516 447
3446 1841
1841 1087
2880 315
315 328
1903 3184
3184 4284
973 1040
1040 3262
4359 952
952 19
111 1028
1028 1332
2205 2547
2547 2429
3098 2645
2645 1380
1594 2912
2912 3594
2640 3941
3941 3594
4288 3085
3085 2076
2844 2313
2313 406
3329 2263
2263 1986
3712 1472
1472 2076
4495 1678
1678 4254
3343 3609
3609 709
4152 1334
1334 3235
506 1886
1886 3980
3059 1085
1085 709
2752 580
580 3136
3791 216
216 3478
3700 3344
3344 3235
2176 129
129 2915
835 2358
2358 517
3878 1597
1597 2298
2646 1284
1284 1087
2512 3264
3264 3235
3046 4295
4295 2075
4419 1773
1773 3042
3693 753
753 4510
4396 1549
1549 138
2550 4380
4380 880
3079 1853
1853 1500
4396 2958
2958 4456
2952 3769
3769 3430
78 2229
2229 3594
2880 3605
3605 3980
1573 4452
4452 3542
1994 2155
2155 4254
1103 989
989 2592
1975 4404
4404 4270
355 223
223 1459
3791 2652
2652 3978
600 1202
1202 4194
3377 1697
1697 3598
3243 248
248 1764
3386 3470
3470 3978
4193 3174
3174 488
1143 3530
3530 1986
1785 2513
2513 1445
4222 1254
1254 3936
2910 4101
4101 1764
2938 3476
3476 4456
3382 4312
4312 911
4006 199
199 517
232 2983
2983 2487
670 43
43 4429
1975 3882
3882 972
3382 4502
4502 38
3329 3636
3636 3813
2938 1929
1929 3042
1954 3471
3471 1500
2571 1325
1325 2429
503 2436
2436 3594
2584 4186
4186 2429
839 1685
1685 1112
1491 3122
3122 3594
1638 590
590 957
2571 3536
3536 3262
1478 4453
4453 3478
3480 495
495 3262
3878 4488
4488 951
839 618
618 3936
1931 388
388 1333
1879 2916
2916 2586
1246 2332
2332 1823
1356 4403
4403 3242
4431 928
928 3982
4542 1847
1847 38
1475 2544
2544 1046
1885 3527
3527 447
3878 1857
1857 447
2163 2472
2472 4284
4222 2459
2459 531
1782 4313
4313 782
2117 3898
3898 3091
923 2799
2799 911
1715 1730
1730 4117
2310 1384
1384 1459
3463 2770
2770 1477
1782 3995
3995 1380
110 4103
4103 2631
1356 4088
4088 3381
3100 2245
2245 4117
386 4252
4252 1332
586 804
804 38
3100 3870
3870 3262
4359 1577
1577 2343
600 333
333 406
1434 11
11 2133
916 4393
4393 3136
1679 3581
3581 488
2523 2427
2427 1333
3144 1516
1516 3235
4113 904
904 2487
648 4481
4481 4117
607 3408
3408 2943
1258 3132
3132 328
815 2165
2165 3642
2880 3559
3559 3042
626 1892
1892 4384
4113 2694
2694 328
2117 1980
1980 782
3844 3233
3233 1505
1125 81
81 911
1903 722
722 2112
3880 4400
4400 3323
1885 86
86 841
468 4052
4052 894
1564 4349
4349 2181
600 3419
3419 2402
22 475
475 1087
2292 290
290 2458
89 4039
4039 709
1330 2761
2761 4254
4359 932
932 531
4420 95
95 3982
420 1362
1362 2915
468 2248
2248 1459
4006 3487
3487 3542
2661 2217
2217 975
4160 3655
3655 3982
4288 1731
1731 1046
2292 1395
1395 2915
3099 4108
4108 4254
2026 716
716 113
122 4283
4283 1764
4419 3146
3146 3478
4212 3030
3030 1380
3046 2520
2520 911
1154 2798
2798 4254
3523 4005
4005 517
101 376
376 782
3851 361
361 4258
3734 4201
4201 2343
506 1608
1608 138
1715 2498
2498 3467
4475 2037
2037 634
468 4379
4379 2181
101 865
865 3242
586 3239
3239 2458
481 2378
2378 951
4548 3759
3759 4284
4198 2889
2889 493
1715 942
942 841
3023 4065
4065 3027
4396 4415
4415 2343
1679 3497
3497 1526
1033 3543
3543 2133
3243 2066
2066 2673
2778 3816
3816 2586
1884 3630
3630 4112
1612 906
906 1838
1434 4449
4449 911
3023 3280
3280 1333
801 3075
3075 395
1125 3884
3884 3235
3186 1055
1055 4254
1931 4531
4531 2631
3871 2271
2271 2075
2291 4281
4281 951
1618 4259
4259 1046
1759 4324
4324 1838
626 3584
3584 2592
586 1155
1155 1911
446 4460
4460 3989
135 4318
4318 4363
2646 46
46 493
3268 1848
1848 1831
1373 2957
2957 1333
1260 98
98 1911
106 3296
3296 2112
1303 2747
2747 4254
789 3855
3855 1477
2727 3176
3176 634
4523 3948
3948 2458
710 171
171 3282
3908 2545
2545 3989
923 2193
2193 4456
923 1738
1738 1332
2613 1902
1902 2622
2512 2783
2783 1459
4548 4215
4215 3292
2571 4476
4476 1046
2104 1022
1022 3893
1782 458
458 3235
710 2654
2654 2517
3377 75
75 3430
3712 2618
2618 406
789 1176
1176 3242
2266 1786
1786 3136
1994 1819
1819 2298
3202 4477
4477 3235
1712 2320
2320 2622
1475 550
550 1831
1954 2675
2675 488
4431 891
891 531
2820 650
650 2586
3421 3967
3967 2133
294 2188
2188 447
1372 2323
2323 2517
1330 3175
3175 3989
2292 477
477 2112
2026 37
37 1380
1246 1429
1429 1046
815 1109
1109 4414
386 4177
4177 4456
839 1680
1680 517
4413 3111
3111 395
4466 437
437 19
2550 3259
3259 3242
4503 826
826 2526
4152 3963
3963 2511
937 1894
1894 2622
4152 1972
1972 1333
3871 2009
2009 1500
1948 3667
3667 4456
232 370
370 2868
2339 918
918 4270
676 982
982 3594
2904 799
799 3381
4051 3333
3333 2943
3421 1066
1066 1500
1488 2620
2620 3282
1373 191
191 2827
1954 3241
3241 2511
2407 4351
4351 163
839 2385
2385 2383
2613 1173
1173 3409
1475 3032
3032 3292
1201 1567
1567 2511
1884 1550
1550 3982
2381 1113
1113 1333
1373 2305
2305 3430
3620 4128
4128 3980
149 2872
2872 1838
1840 2956
2956 2402
446 3760
3760 181
396 2596
2596 4456
676 1969
1969 19
648 4149
4149 2077
3523 91
91 3594
2179 3501
3501 1764
3844 2246
2246 3478
3463 2977
2977 2402
4317 3255
3255 4194
2523 2736
2736 3928
3303 3576
3576 1239
111 3058
3058 2112
916 1684
1684 4284
4475 3170
3170 4363
1785 340
340 3980
1075 2767
2767 1986
1489 2257
2257 634
4152 577
577 864
2381 2919
2919 3262
3871 1806
1806 1187
2778 3834
3834 795
4523 2488
2488 3292
2613 1540
1540 113
1903 950
950 138
22 2085
2085 2402
2568 848
848 3478
2904 192
192 517
937 631
631 3542
1884 4299
4299 38
2550 3088
3088 957
2104 981
981 880
3144 1528
1528 517
1712 1953
1953 1332
3444 3115
3115 2075
1143 1396
1396 447
1143 3356
3356 1831
3110 792
792 465
3849 2960
2960 4258
3880 1912
1912 3091
682 3395
3395 531
506 2776
2776 4384
2735 3016
3016 3936
4548 508
508 2868
1712 713
713 163
2292 2287
2287 1526
2135 4381
4381 181
4523 3629
3629 226
2735 2746
2746 138
101 3569
3569 1239
111 3990
3990 4117
607 1984
1984 247
4549 1572
1572 957
3213 4267
4267 1112
2646 3937
3937 3235
801 3656
3656 3136
1303 1363
1363 3642
4051 442
442 1911
4163 3737
3737 2467
3878 4474
4474 1500
3620 158
158 3409
1593 2476
2476 3478
2568 807
807 1087
4475 1456
1456 3813
662 1722
1722 3027
1489 2333
2333 4429
3070 1067
1067 1112
344 1463
1463 782
1034 853
853 4363
3851 3622
3622 634
1954 3917
3917 465
1303 3131
3131 2383
2314 3495
3495 2868
682 4428
4428 782
973 126
126 1333
3693 2372
2372 2458
2026 424
424 3982
3065 4290
4290 957
2512 2648
2648 2943
3386 277
277 4414
3849 1964
1964 975
3712 260
260 3594
3463 51
51 1187
1260 1462
1462 2487
4278 3231
3231 1500
4152 3883
3883 181
2646 3776
3776 3982
446 3205
3205 4456
586 3260
3260 4131
2952 4436
4436 1136
2135 2428
2428 3409
3343 4506
4506 3978
2768 1844
1844 1187
3694 3907
3907 113
4268 2669
2669 226
420 876
876 328
991 1167
1167 3282
4475 3289
3289 3478
1260 1014
1014 3262
1033 3895
3895 465
1227 2180
2180 1500
710 2924
2924 3467
4152 2829
2829 465
3523 585
585 4270
135 1648
1648 3292
1759 3608
3608 2429
110 2663
2663 894
1303 2099
2099 4510
2026 3650
3650 2673
958 2438
2438 2076
3972 1341
1341 517
2258 50
50 972
3254 2033
2033 957
2258 2299
2299 2112
3672 343
343 2586
3463 4352
4352 1477
1489 4139
4139 2172
297 125
125 2133
396 872
872 2429
4361 1635
1635 328
3693 3910
3910 841
3620 4427
4427 4131
2310 4455
4455 113
1931 1514
1514 3989
4503 3781
3781 1046
626 3414
3414 709
3997 1492
1492 3262
4193 2178
2178 4414
3444 1755
1755 3042
2640 778
778 1239
3791 1366
1366 1526
3997 4504
4504 4195
1885 1501
1501 3467
2749 321
321 38
670 3653
3653 3409
991 3621
3621 163
1884 1180
1180 1239
3202 3355
3355 3235
297 460
460 1823
745 74
74 4131
4212 3304
3304 328
2407 190
190 328
756 3892
3892 2076
1260 581
581 4510
2749 1096
1096 1239
2571 2598
2598 4284
1303 1539
1539 709
396 1935
1935 709
1612 1639
1639 2592
2104 4382
4382 2450
2156 874
874 3430
3028 1454
1454 2181
3700 2630
2630 841
2557 2701
2701 3262
4413 4231
4231 2383
4420 2294
2294 841
3444 617
617 2487
3997 1322
1322 1445
789 3819
3819 3893
4155 4249
4249 4112
2202 2955
2955 2424
1260 2807
2807 4363
396 2192
2192 3813
4152 1457
1457 1823
355 2998
2998 1380
1593 4204
4204 951
676 2211
2211 3982
3110 2119
2119 634
1154 4001
4001 406
4495 3353
3353 2622
2661 1702
1702 2827
323 116
116 795
1956 2370
2370 4456
995 3809
3809 1332
3144 1837
1837 841
4398 1093
1093 4195
2557 1016
1016 447
3421 2206
2206 4510
1692 512
512 3848
3672 3203
3203 1570
3186 3689
3689 2112
2512 4183
4183 2511
3880 1850
1850 3980
4180 2531
2531 2172
1326 2668
2668 3542
355 1467
1467 1046
3693 3172
3172 4112
2258 3506
3506 1112
4288 3546
3546 163
4063 1934
1934 2077
111 4242
4242 864
1573 2908
2908 951
3243 2399
2399 4194
3213 58
58 2517
3453 685
685 2458
503 366
366 465
3059 515
515 4510
135 4142
4142 3396
4198 36
36 4254
1956 1888
1888 447
2381 369
369 4414
1260 2073
2073 38
789 4170
4170 911
1407 1613
1613 465
958 3786
3786 3262
297 296
296 488
3880 2989
2989 2424
3972 3964
3964 38
1612 320
320 1986
1258 2985
2985 2424
4063 178
178 488
4517 2106
2106 2592
2557 2911
2911 2631
1488 788
788 247
256 2751
2751 1831
1407 1817
1817 1570
1293 3746
3746 395
801 4399
4399 2586
3110 4440
4440 3893
481 3909
3909 19
973 3094
3094 3467
1125 1437
1437 1500
3463 1581
1581 864
1125 2533
2533 1505
2156 791
791 894
1975 4141
4141 138
3026 3947
3947 4194
600 4416
4416 1570
2571 2045
2045 4456
2339 2319
2319 4258
3303 2234
2234 4270
106 1769
1769 1459
3523 2753
2753 4195
661 4444
4444 2622
626 2923
2923 531
3791 1775
1775 880
4420 1676
1676 1500
661 400
400 2592
3100 3445
3445 4195
1330 2864
2864 4195
3712 325
325 2076
212 1724
1724 2077
1400 4256
4256 2450
3059 2419
2419 2402
2523 2843
2843 3282
3731 2157
2157 1526
1879 1548
1548 1087
1594 1162
1162 1380
1715 3048
3048 2868
2269 1320
1320 3006
3880 1032
1032 328
22 688
688 894
3712 3274
3274 4363
835 1849
1849 1831
13 1349
1349 2511
2844 1750
1750 2112
1956 1069
1069 2868
1033 1074
1074 4258
294 1846
1846 447
283 1656
1656 1380
3523 1947
1947 4117
294 800
800 3242
4361 2138
2138 4414
73 2201
2201 2631
4180 1683
1683 19
3377 611
611 4254
1564 1436
1436 782
1593 3068
3068 2458
3059 2878
2878 795
1125 3779
3779 4456
3079 2881
2881 1986
1712 287
287 782
1975 4406
4406 3292
73 1005
1005 2517
1246 1562
1562 2592
3480 1182
1182 517
2339 2890
2890 4429
4549 2345
2345 3235
3026 4173
4173 2450
4064 3087
3087 531
4322 2348
2348 517
3100 2660
2660 2673
2768 3677
3677 406
2135 1958
1958 975
1785 3332
3332 3242
1931 2946
2946 2424
2727 4223
4223 2075
73 1412
1412 3542
2194 4037
4037 1380
789 3439
3439 4429
662 3494
3494 634
3731 3560
3560 972
2392 2129
2129 4131
3268 700
700 2526
2381 2171
2171 3598
1227 3919
3919 634
916 2873
2873 328
995 2950
2950 4131
1439 2928
2928 2915
1715 2548
2548 2487
1948 3647
3647 3323
78 3389
3389 2592
991 1161
1161 3467
3028 4134
4134 2631
4523 2913
2913 2631
4548 1502
1502 113
446 793
793 2517
1638 647
647 2383
3620 357
357 2402
224 2625
2625 406
1782 557
557 1046
3026 4411
4411 4258
2266 4306
4306 1911
2661 1360
1360 3982
1954 965
965 138
2584 1542
1542 3136
1975 2226
2226 2181
937 584
584 4131
344 16
16 2511
682 2813
2813 2383
1715 623
623 2298
386 822
822 2181
396 654
654 2076
3997 4463
4463 1239
1475 1369
1369 3982
2464 771
771 328
3144 154
154 2075
1712 3238
3238 2181
3693 863
863 493
2250 1079
1079 3262
4549 2641
2641 493
3254 3866
3866 3262
2104 1839
1839 709
1330 3817
3817 2383
3189 1619
1619 1526
3444 3863
3863 2181
2661 1791
1791 1459
3694 2466
2466 1823
670 1081
1081 4194
3421 452
452 2077
626 3733
3733 4258
1491 2212
2212 4384
4523 869
869 4429
1564 1117
1117 2673
3849 3448
3448 864
3202 179
179 2402
49 3854
3854 4195
1593 2901
2901 113
3734 3614
3614 2622
4548 3391
3391 2458
283 3477
3477 2673
283 3702
3702 4112
2250 4319
4319 1911
3100 1793
1793 4258
3386 1215
1215 3292
4396 805
805 2298
3444 2414
2414 4195
2661 888
888 465
1143 193
193 3598
3386 4437
4437 2429
2339 230
230 113
355 4518
4518 4131
973 4175
4175 1570
4051 335
335 181
2253 482
482 406
4335 1371
1371 3980
344 4372
4372 4117
4113 4401
4401 465
2205 1137
1137 2172
4222 276
276 163
1712 4024
4024 2458
1715 1464
1464 447
682 660
660 2343
2550 445
445 2827
4517 3433
3433 3989
2523 3251
3251 2343
4359 3573
3573 2586
1491 4397
4397 19
3851 3613
3613 4112
2117 2760
2760 2526
323 608
608 1333
3880 4375
4375 4194
998 2331
2331 1187
923 820
820 4414
4503 3250
3250 2383
355 2504
2504 2915
420 1836
1836 3430
1293 1111
1111 1380
4163 732
732 2586
2735 1141
1141 3396
212 523
523 488
2904 785
785 3292
1329 2185
2185 2868
1034 1578
1578 3980
2752 2541
2541 2631
3023 770
770 957
2464 3415
3415 1505
297 2602
2602 2181
1782 3782
3782 3242
670 4291
4291 1838
2104 596
596 3467
3243 392
392 2868
2820 1866
1866 447
1692 2027
2027 1838
710 1243
1243 3467
2735 3540
3540 138
1885 699
699 3542
670 316
316 2526
3620 1830
1830 3381
998 3049
3049 2592
3972 3833
3833 447
786 510
510 894
1373 3691
3691 465
4163 2443
2443 1459
2291 1021
1021 3235
4006 3825
3825 113
4278 613
613 782
1903 4250
4250 395
3254 726
726 1380
4517 1704
1704 38
2202 4020
4020 957
2250 4334
4334 1112
2347 3012
3012 2402
1840 1713
1713 2586
2166 1376
1376 181
22 2705
2705 2402
1019 1521
1521 3598
503 2432
2432 1187
4180 2473
2473 328
2745 3236
3236 1505
3023 3394
3394 3893
124 3399
3399 3978
446 514
514 1570
2532 3813
3480 903
903 1526
1034 444
444 2075
1782 675
675 3381
1125 3164
3164 4131
600 2535
2535 2133
3028 3953
3953 517
3444 3420
3420 4195
995 62
62 3282
3985 3388
3388 4363
3144 3376
3376 3262
3018 3961
3961 634
3880 3443
3443 2526
1785 1451
1451 3006
4398 1179
1179 493
2639 2690
2690 957
1975 742
742 2343
3453 3722
3722 1332
2213 3538
3538 634
682 3913
3913 911
1372 2871
2871 4254
4475 3022
3022 2298
468 433
433 1477
2213 1677
1677 3282
4475 2152
2152 1986
676 3568
3568 2511
2026 1739
1739 3848
1364 1350
1350 447
506 2914
2914 3409
3686 1641
1641 4195
786 4421
4421 2631
3972 768
768 3893
3694 4057
4057 1831
2778 3169
3169 3323
503 2883
2883 2076
1372 3025
3025 4270
3453 3783
3783 3409
3110 4100
4100 1332
3243 2209
2209 4429
586 2190
2190 488
1227 1280
1280 2673
2904 4032
4032 3980
3972 2379
2379 951
1594 1291
1291 395
1759 1598
1598 3027
1373 3219
3219 2592
2291 1026
1026 4195
3065 2664
2664 3006
662 988
988 975
1759 2676
2676 3292
1564 2460
2460 957
3708 2976
2976 2343
835 3777
3777 138
22 358
358 4456
386 2480
2480 395
4288 3405
3405 3409
2314 3966
3966 1823
22 860
860 1570
1692 741
741 2450
2550 2720
2720 2458
2952 1
1 138
4155 2567
2567 634
2205 3604
3604 2915
2194 3889
3889 1500
2266 271
271 2622
2640 524
524 4270
2557 2103
2103 972
13 1083
1083 3136
835 1430
1430 3091
991 4022
4022 3542
111 3481
3481 2631
2166 4458
4458 4456
1075 76
76 4195
3463 953
953 2343
4542 1422
1422 4131
2135 2940
2940 2526
3849 1959
1959 3928
1489 597
597 4510
3997 907
907 3262
3303 697
697 493
1303 3662
3662 3598
1329 103
103 880
3734 300
300 1500
661 1391
1391 113
1715 220
220 1911
2310 3615
3615 3467
396 1423
1423 1505
297 3787
3787 1332
4361 3971
3971 4510
2347 2647
2647 2915
662 609
609 709
2464 3872
3872 2487
937 3105
3105 3242
1679 2500
2500 4284
4419 4511
4511 1333
835 3279
3279 2673
111 2866
2866 38
4180 194
194 2511
3958 1379
1379 2424
3059 3211
3211 2402
2938 2410
2410 2077
2745 2822
2822 1823
1201 1536
1536 3848
2749 1525
1525 4456
1753 1600
1600 2592
4212 3632
3632 3928
3453 4248
4248 3006
4160 3385
3385 1187
106 3861
3861 1046
937 1206
1206 1986
212 4285
4285 1986
506 2867
2867 2298
3099 2060
2060 3136
4212 3142
3142 4384
4288 391
391 3980
3254 141
141 1136
4523 3082
3082 531
4361 1092
1092 3262
2512 2856
2856 1459
839 1416
1416 894
2557 4447
4447 3928
4542 168
168 2487
839 1404
1404 4131
2163 2621
2621 406
4517 2572
2572 3042
503 4106
4106 3642
506 4081
4081 3136
2291 2626
2626 3381
468 3299
3299 841
1975 2514
2514 3989
1679 3322
3322 3936
4051 1961
1961 2402
3708 4405
4405 3848
2347 275
275 465
2844 1631
1631 465
3672 1962
1962 1112
294 1814
1814 3642
3844 727
727 1112
1884 362
362 3848
294 1919
1919 1459
2768 3638
3638 2343
122 3683
3683 3430
1125 2826
2826 4284
2749 2724
2724 3893
1618 142
142 1526
4006 3041
3041 2458
2291 4172
4172 1986
78 3868
3868 3006
2104 4301
4301 1505
3731 4018
4018 2592
1593 2508
2508 493
998 2839
2839 1459
1439 3392
3392 4194
2159 4293
4293 3594
294 2223
2223 4363
1326 990
990 2487
2880 4213
4213 1333
2512 588
588 465
1884 505
505 841
2176 3715
3715 3813
228 4344
4344 1445
3908 4365
4365 226
3243 2059
2059 247
3315 1493
1493 406
1329 2750
2750 1477
2584 3435
3435 226
2646 2485
2485 2622
1330 2574
2574 3928
2584 4529
4529 972
2523 3521
3521 3936
2910 382
382 1136
4523 5
5 328
958 3648
3648 4363
78 2515
2515 3989
1475 1265
1265 709
3463 645
645 795
745 2354
2354 2429
506 1647
1647 1823
801 3645
3645 2383
4361 910
910 19
3110 2884
2884 2172
1125 4165
4165 2383
2202 3728
3728 1500
2258 4226
4226 3642
49 15
15 4112
3712 2457
2457 4254
2768 2895
2895 2827
4113 2898
2898 2112
1903 536
536 406
1491 3010
3010 3980
232 4516
4516 634
3844 2597
2597 247
4523 3398
3398 1332
4322 264
264 1477
3700 2016
2016 1459
2176 1370
1370 2172
3070 1106
1106 4510
3734 3196
3196 138
4335 2140
2140 3893
3254 3874
3874 2181
4193 3150
3150 3978
2381 3217
3217 880
497 2554
2554 1136
297 637
637 4270
2104 628
628 795
446 4182
4182 1136
1201 2025
2025 2429
2258 385
385 247
3303 754
754 1823
101 2743
2743 880
1715 1862
1862 2673
3446 2493
2493 3396
2952 2764
2764 4117
789 1652
1652 2511
670 1271
1271 38
4359 3735
3735 1046
1227 2264
2264 3467
344 1450
1450 1505
2117 3156
3156 841
998 802
802 2943
13 2391
2391 2487
2104 1188
1188 2622
661 2186
2186 1333
3480 4241
4241 951
3100 758
758 4194
3026 4146
4146 3813
1201 1309
1309 19
3463 2907
2907 1911
3303 152
152 3598
4268 529
529 38
958 1599
1599 3893
344 1659
1659 3381
1075 1687
1687 894
835 90
90 2592
3065 173
173 517
4548 254
254 2915
1237 1077
1077 3598
923 137
137 4194
3985 1660
1660 634
801 4442
4442 864
2778 1749
1749 894
1330 2576
2576 1332
3421 12
12 163
1753 1310
1310 3409
607 3920
3920 3042
2735 1940
1940 2112
670 2555
2555 3282
3343 602
602 2424
2749 2369
2369 4456
1994 1923
1923 2458
1400 373
373 1570
4063 147
147 1764
49 2401
2401 4429
2584 2306
2306 3381
3018 3207
3207 2298
1994 4451
4451 2487
2407 2216
2216 2586
3463 2964
2964 2077
3315 4021
4021 4195
2661 1977
1977 2487
4523 3469
3469 3027
3213 2717
2717 3598
1154 1503
1503 3848
3878 1453
1453 3813
2163 3623
3623 1477
4503 2527
2527 3292
4361 2644
2644 972
1478 809
809 2827
355 1455
1455 4112
4222 797
797 2631
228 2973
2973 3478
857 1942
1942 406
3880 4208
4208 2592
3453 3498
3498 1823
1954 1985
1985 395
3523 4044
4044 3027
2938 2187
2187 1332
3851 2650
2650 4414
1330 1993
1993 2298
1785 1073
1073 3542
386 2047
2047 951
4398 3040
3040 1823
3329 3127
3127 957
3329 2945
2945 951
4051 1223
1223 795
1573 4015
4015 3136
3315 3300
3300 3478
1017 624
624 1333
4193 2367
2367 951
1712 4216
4216 972
3556 1664
1664 2827
2202 3407
3407 2511
3268 2785
2785 911
2266 1401
1401 975
4419 4261
4261 1526
497 1622
1622 1526
4542 2220
2220 3235
3693 3713
3713 2511
396 2225
2225 395
937 2792
2792 3594
1573 120
120 3813
2407 435
435 2172
4064 45
45 181
4359 2879
2879 4384
3382 1858
1858 3323
1903 267
267 2517
919 3187
3187 2592
4155 502
502 1087
600 966
966 2450
2266 1966
1966 2181
2727 1440
1440 2181
1994 451
451 2112
224 3145
3145 531
2475 4540
4540 247
3444 4220
4220 1986
4198 3199
3199 4429
2202 3512
3512 2487
1373 2599
2599 2383
3243 1821
1821 975
998 1522
1522 19
2910 922
922 4456
4431 1099
1099 3136
1679 2203
2203 4112
4288 832
832 226
3985 1375
1375 3235
801 2739
2739 2383
2194 3701
3701 975
224 3962
3962 19
1019 2114
2114 911
2258 4294
4294 1112
857 453
453 531
344 3818
3818 3381
4051 2583
2583 447
1638 3129
3129 1087
2202 3328
3328 2133
2910 3814
3814 2915
3480 480
480 517
1994 4239
4239 1332
4466 3618
3618 2424
2639 3886
3886 4510
224 170
170 2383
355 1317
1317 2172
3018 535
535 3594
1400 1637
1637 3594
710 14
14 4258
4398 4331
4331 2383
3028 4209
4209 2429
600 1520
1520 3893
3023 3986
3986 1764
815 698
698 3430
1948 3492
3492 2429
1954 3362
3362 2868
3985 3896
3896 1445
648 1152
1152 4112
49 4040
4040 395
710 3047
3047 488
3880 2280
2280 1831
22 1672
1672 1136
4113 3309
3309 1831
1884 511
511 972
2135 2828
2828 3467
1125 3850
3850 2112
2347 151
151 2383
1246 4482
4482 138
4113 2850
2850 2172
661 3092
3092 4194
2407 1089
1089 2450
1785 3768
3768 2450
2269 683
683 138
2571 266
266 2383
3453 3778
3778 2586
2194 2848
2848 2592
2661 739
739 395
2727 3566
3566 3006
3880 2581
2581 3396
2381 4339
4339 3478
4396 3216
3216 3282
3213 706
706 3982
101 2232
2232 517
4517 1511
1511 2915
1945 1646
1646 3936
4198 3950
3950 1239
1679 1649
1649 2424
3329 87
87 247
506 3106
3106 3409
4398 4200
4200 3006
3065 2589
2589 1823
1994 3124
3124 2172
503 970
970 517
3100 2251
2251 1764
3098 379
379 3848
3694 3319
3319 181
3791 456
456 447
3315 4042
4042 3292
3343 1473
1473 4270
916 3780
3780 406
2904 1119
1119 951
256 2005
2005 957
4056 3210
3210 2298
4549 934
934 2077
2392 3436
3436 1838
78 1181
1181 3982
481 663
663 4195
786 2731
2731 1333
3958 2688
2688 2075
3620 3867
3867 1838
2880 3684
3684 2172
4441 2766
2766 4254
607 2877
2877 4363
670 619
619 2487
1954 1890
1890 782
1400 3244
3244 4131
1782 3586
3586 4112
2584 2336
2336 1831
3186 3337
3337 911
4396 3052
3052 3848
1612 3593
3593 226
801 2158
2158 1838
4155 4084
4084 113
2258 66
66 2517
1075 980
980 3936
2176 3306
3306 2827
4317 3923
3923 3980
2904 3375
3375 957
2749 1388
1388 4384
3421 3266
3266 3136
626 4099
4099 1112
3023 1854
1854 3813
2640 1804
1804 894
1330 1275
1275 4284
3329 4033
4033 1087
3480 2899
2899 709
1753 4535
4535 2424
3110 159
159 3542
710 4190
4190 4112
2910 838
838 1087
3997 1808
1808 2077
1759 4376
4376 1136
4431 546
546 1526
228 2927
2927 3091
2250 127
127 4117
839 115
115 2943
995 1255
1255 3542
4051 2261
2261 1911
676 3102
3102 4270
344 2252
2252 1911
106 1889
1889 226
3377 687
687 1136
1293 1709
1709 1570
497 3558
3558 4363
3620 412
412 3982
101 4197
4197 2943
1594 1670
1670 1831
2392 787
787 2517
1125 3525
3525 3848
3386 4073
4073 2077
973 1533
1533 1332
1260 4086
4086 2631
135 2786
2786 3936
923 6
6 2517
1879 3051
3051 3381
1303 993
993 531
2347 762
762 163
3556 3427
3427 3467
4180 4214
4214 2075
586 473
473 4363
3908 1001
1001 465
135 4138
4138 488
670 4507
4507 1333
3672 1741
1741 3813
22 4096
4096 1087
3100 4048
4048 975
2407 79
79 3282
3026 4038
4038 4195
1330 3973
3973 1380
446 3418
3418 1239
1246 2437
2437 4258
916 1444
1444 38
1075 1238
1238 1459
857 2095
2095 4510
256 1398
1398 181
1594 3905
3905 894
1975 3537
3537 4254
1679 3747
3747 2943
2269 1800
1800 2526
1201 1997
1997 3467
1017 1338
1338 4384
228 398
398 2467
2314 1707
1707 531
3453 556
556 1911
3672 3617
3617 2075
3110 2787
2787 4414
13 1883
1883 2343
3329 1421
1421 972
662 3229
3229 3982
2258 2189
2189 3262
3079 1757
1757 1136
2156 4346
4346 1112
1475 1932
1932 4194
1303 2014
2014 1764
4064 3804
3804 181
2159 3369
3369 3136
4431 1714
1714 1831
2250 859
859 1986
682 196
196 3235
2381 1207
1207 4510
4113 289
289 3430
2745 627
627 2343
3099 3514
3514 1332
3849 2689
2689 3381
4006 4422
4422 3396
13 295
295 4270
958 2198
2198 4131
3849 2122
2122 3978
1330 1530
1530 163
2117 2468
2468 247
13 692
692 3282
2640 306
306 2943
3065 197
197 880
4212 845
845 3430
3734 3951
3951 1239
4056 2327
2327 3978
3871 2969
2969 113
835 1108
1108 2450
745 3411
3411 138
3849 4368
4368 4284
1400 3698
3698 3409
3997 1669
1669 2075
4212 2509
2509 3292
4359 3121
3121 2077
4222 121
121 465
212 1406
1406 1838
4322 2462
2462 3936
344 3595
3595 1380
4523 2094
2094 4456
22 3742
3742 2181
1840 4366
4366 3323
2768 2577
2577 3467
1356 2719
2719 2526
3791 2709
2709 3928
3377 4154
4154 3594
3028 83
83 2112
22 3727
3727 709
1439 2797
2797 38
3421 3996
3996 517
1488 2666
2666 2458
4222 1909
1909 2517
1103 3325
3325 975
2117 4491
4491 493
256 4133
4133 880
3844 2999
2999 4363
3261 1529
1529 1526
1879 929
929 465
4361 1682
1682 4194
839 3116
3116 2383
3878 2679
2679 3642
1478 252
252 4363
1330 4353
4353 4414
3046 1062
1062 1505
106 440
440 2424
3463 4047
4047 782
4517 3119
3119 2673
3791 34
34 3893
2253 188
188 4131
2646 4151
4151 1477
786 1519
1519 2076
212 2423
2423 2298
1330 2270
2270 1911
3100 737
737 3478
1303 909
909 864
101 3209
3209 2467
1994 665
665 4258
2584 622
622 247
789 750
750 1500
3446 2452
2452 2517
2194 2932
2932 4117
3144 71
71 4414
1373 3485
3485 2112
4113 1937
1937 2458
3261 32
32 1505
2512 2608
2608 328
3444 1203
1203 2424
3065 2997
2997 1764
937 3529
3529 447
2179 560
560 709
3620 157
157 3042
995 2222
2222 1445
1352 4062
4062 3542
648 1144
1144 3027
1356 3682
3682 3598
2104 2184
2184 2511
2820 1771
1771 3136
2179 2962
2962 1911
3708 3045
3045 1046
355 3484
3484 19
2258 1448
1448 2298
4413 731
731 3091
4441 566
566 3006
2104 3490
3490 3282
3849 1557
1557 1380
135 4102
4102 1332
2820 930
930 1570
4160 4232
4232 3235
506 3036
3036 2450
648 1248
1248 4414
815 1219
1219 4456
2291 4158
4158 3598
135 155
155 880
1356 3273
3273 1764
4431 3410
3410 226
2910 2891
2891 531
1246 1285
1285 1838
3620 2
2 2943
3100 1842
1842 2112
995 1717
1717 181
3556 881
881 4258
1593 2947
2947 2077
1618 2560
2560 864
682 831
831 2075
3099 4329
4329 2075
998 229
229 4131
973 551
551 3978
13 2693
2693 531
344 2619
2619 3381
839 2638
2638 1187
1994 4135
4135 1764
2266 4243
4243 3091
919 3406
3406 2450
2661 4123
4123 3235
3261 1916
1916 1477
3463 4468
4468 795
212 3004
3004 2112
256 63
63 3467
3693 4350
4350 841
1994 3126
3126 3594
4548 2543
2543 1911
991 1589
1589 2181
1594 4046
4046 2827
1103 2665
2665 2075
4517 4041
4041 4363
3453 2469
2469 2467
4268 1299
1299 1911
2250 3924
3924 4112
1489 925
925 2133
3985 829
829 138
3202 2015
2015 4131
2156 2256
2256 226
2778 3440
3440 951
4475 1323
1323 2343
2745 2698
2698 3323
2250 1070
1070 3409
1975 548
548 181
323 492
492 2402
2639 1543
1543 3928
839 206
206 4429
111 858
858 3893
224 1252
1252 328
4361 2896
2896 3409
3059 123
123 972
1372 4008
4008 517
297 3649
3649 3936
2135 772
772 3594
2156 2375
2375 3813
3985 4527
4527 2673
1352 4303
4303 3091
3343 1826
1826 531
1945 3685
3685 406
3261 2754
2754 3430
503 1417
1417 4284
4398 4314
4314 1380
648 3705
3705 3989
3343 565
565 2511
4441 3252
3252 2915
1329 380
380 4117
2768 431
431 4194
420 2653
2653 782
3985 4262
4262 531
661 644
644 2487
2159 1145
1145 531
3444 3754
3754 2622
2117 2642
2642 1986
1948 4320
4320 2943
1033 724
724 1526
3463 3455
3455 2673
1692 3281
3281 1526
446 114
114 2343
1019 2773
2773 4456
1201 426
426 1911
1017 4238
4238 163
2557 2692
2692 1838
1329 1695
1695 2298
49 1554
1554 4363
586 534
534 2450
1246 2227
2227 2181
662 1414
1414 1333
600 3994
3994 4194
1489 4286
4286 493
3303 1107
1107 2076
2213 3043
3043 3642
2117 3555
3555 38
101 1286
1286 2458
676 47
47 951
73 3795
3795 1333
2557 3755
3755 3936
648 1000
1000 4270
2291 3461
3461 2133
3144 3000
3000 4414
2735 3367
3367 1459
89 895
895 1187
1884 3013
3013 493
607 1604
1604 1136
4212 2279
2279 328
2292 2289
2289 3282
1782 4225
4225 957
1439 3182
3182 3235
1143 707
707 247
3070 3237
3237 1459
73 1610
1610 3893
149 2874
2874 3292
1903 2948
2948 4131
1491 3204
3204 2298
2727 422
422 2487
919 1292
1292 4363
503 2167
2167 1505
3444 2276
2276 226
13 485
485 3409
4503 2430
2430 4254
22 3108
3108 795
3202 736
736 1136
607 26
26 4112
4335 3500
3500 2172
3849 1747
1747 3235
756 883
883 3323
283 2765
2765 3542
1246 3390
3390 1333
1260 1673
1673 531
497 3001
3001 3936
1227 1036
1036 2622
3791 673
673 3594
919 4473
4473 3936
3620 3628
3628 3542
503 3054
3054 782
3844 413
413 447
2314 2337
2337 3467
998 578
578 841
3377 1200
1200 2673
3620 2975
2975 4384
4006 2240
2240 4254
1975 2495
2495 1500
2752 450
450 2112
111 2728
2728 4258
2250 2063
2063 4117
3315 3114
3114 1570
1759 404
404 488
2291 632
632 634
745 4394
4394 226
2205 3726
3726 709
355 4445
4445 2526
2213 2655
2655 1823
386 3660
3660 2586
4517 4489
4489 795
4431 3431
3431 957
3026 4521
4521 517
2749 1218
1218 3989
344 1588
1588 465
2179 2777
2777 2511
1785 3432
3432 911
2820 1871
1871 3936
446 272
272 3136
1679 3318
3318 1187
3254 4043
4043 709
106 1015
1015 1764
745 2470
2470 3978
3144 2726
2726 3091
4419 463
463 782
1154 3998
3998 2622
4524 767
767 2586
2202 3465
3465 1500
1260 1728
1728 4117
2205 3911
3911 1136
3202 345
345 3027
1103 3302
3302 2526
2745 780
780 1986
4064 629
629 4510
1488 1732
1732 3467
1364 1251
1251 3928
3268 672
672 1333
3708 769
769 4456
815 4028
4028 4414
2205 3547
3547 841
110 3915
3915 3282
3997 4143
4143 3042
2176 1852
1852 880
1594 4
4 3381
2952 1735
1735 1986
2752 2168
2168 1136
468 593
593 2076
22 728
728 3936
4335 1737
1737 181
1075 2068
2068 1570
78 977
977 3936
1785 3643
3643 2868
991 544
544 2383
122 284
284 1445
2202 1192
1192 4117
4361 2425
2425 2075
2639 132
132 3242
1033 879
879 4363
4523 3148
3148 1831
4155 537
537 4270
3908 258
258 2172
481 2697
2697 406
106 2421
2421 4254
2952 3669
3669 951
1753 1190
1190 4112
1017 3515
3515 3006
3421 3342
3342 3598
4419 4467
4467 2458
4359 4526
4526 2133
4006 4017
4017 2487
4063 3762
3762 3242
1019 1361
1361 2343
1034 2780
2780 2075
2820 383
383 972
2250 175
175 2631
4064 525
525 1380
1260 4450
4450 493
106 1354
1354 113
662 2215
2215 880
283 3220
3220 2076
1033 2774
2774 4195
801 2863
2863 1500
3421 3796
3796 4258
256 285
285 517
4523 3788
3788 247
1201 1978
1978 4194
355 2396
2396 3893
3480 2040
2040 1112
1103 825
825 975
998 2455
2455 2077
3268 324
324 3813
1475 1721
1721 1087
1759 1319
1319 2450
1593 1565
1565 4456
1679 2775
2775 2077
2613 2984
2984 3467
2339 3792
3792 4384
973 4013
4013 3136
1407 1668
1668 972
3985 140
140 1187
3908 1250
1250 2511
1227 1970
1970 894
3100 4485
4485 493
3018 57
57 4510
3303 1807
1807 4254
3731 695
695 972
1364 3857
3857 3978
122 1302
1302 4194
4317 3125
3125 3542
1434 298
298 4117
1712 3295
3295 1187
710 2315
2315 4195
1356 1990
1990 2458
958 3308
3308 4384
73 1955
1955 911
2844 2816
2816 864
2347 4002
4002 2487
4361 3206
3206 4131
3523 3191
3191 2673
3871 1195
1195 3323
1017 1042
1042 1087
789 2610
2610 3242
1246 1343
1343 531
3046 3852
3852 163
396 2141
2141 3642
1326 1509
1509 1505
2250 313
313 3396
497 3161
3161 1380
2464 3313
3313 3982
4288 719
719 3006
4542 1603
1603 709
835 2393
2393 247
2768 4025
4025 2429
3213 1294
1294 3813
4155 1441
1441 2673
20 3245
3245 1986
4160 461
461 2077
3303 2539
2539 1087
991 2019
2019 3467
3972 3745
3745 1823
2026 2387
2387 3598
3070 3173
3173 2592
2475 1415
1415 3242
682 169
169 1112
3023 3101
3101 1986
1679 4514
4514 4384
78 292
292 4429
3059 2658
2658 841
3144 3741
3741 3467
4396 457
457 531
3377 1431
1431 2429
1227 401
401 3982
2820 1776
1776 3848
600 3517
3517 2868
2194 3035
3035 447
420 1952
1952 2631
101 3434
3434 3813
586 4115
4115 4112
1019 1461
1461 181
1715 2808
2808 2631
2310 1744
1744 1445
998 2143
2143 19
4413 2191
2191 3594
607 2671
2671 1823
3303 2841
2841 3936
1994 4118
4118 2827
1679 4509
4509 782
4523 2006
2006 1136
3686 3417
3417 3936
4051 2208
2208 2827
1201 3894
3894 4270
3686 3567
3567 2827
3098 4257
4257 226
1237 1996
1996 2943
4495 439
439 951
3444 1789
1789 3982
481 2809
2809 841
2512 3784
3784 2827
3463 3607
3607 1526
1103 1193
1193 517
3315 3067
3067 951
2752 1029
1029 4384
1246 1347
1347 1526
1712 4164
4164 3396
1618 2849
2849 3813
958 681
681 2402
1931 3288
3288 226
503 3797
3797 1831
3018 3646
3646 4112
1564 1944
1944 1333
3213 2357
2357 1477
835 733
733 4414
1884 547
547 4363
1618 4050
4050 975
503 1898
1898 2402
2613 3489
3489 3893
2250 3675
3675 2076
1143 2224
2224 1239
1994 1245
1245 1136
2156 2733
2733 4270
839 1957
1957 795
1303 3451
3451 328
2179 2758
2758 2487
283 2789
2789 113
2163 2050
2050 3813
1352 416
416 3027
3908 1426
1426 1333
232 1197
1197 113
3694 3544
3544 1187
1019 2937
2937 2458
3844 2575
2575 4254
991 1828
1828 2827
670 3276
3276 3027
3700 4478
4478 2181
4419 1485
1485 2076
2735 892
892 493
4495 3321
3321 4510
607 3003
3003 2592
1201 3324
3324 3027
3791 1963
1963 1087
2156 527
527 4429
89 2699
2699 1046
3144 2413
2413 4258
4420 533
533 3642
3880 1114
1114 3409
4495 4395
4395 493
3065 2304
2304 2868
124 1427
1427 38
3189 2242
2242 4258
2310 1039
1039 3982
3871 486
486 3542
481 1922
1922 2673
2117 1419
1419 1823
1326 1868
1868 2424
2026 954
954 465
4549 3631
3631 2450
446 2800
2800 113
3849 1385
1385 3430
1618 987
987 2915
3110 2374
2374 138
2749 2439
2439 1986
122 3178
3178 1445
4198 2967
2967 4258
3343 3363
3363 2343
3046 1681
1681 113
2639 2365
2365 1838
2213 364
364 2526
3686 1041
1041 1500
2880 3640
3640 634
3851 3200
3200 911
2557 2738
2738 1136
1593 4127
4127 247
2584 4374
4374 2631
224 1606
1606 2915
3213 4000
4000 328
1994 3975
3975 4270
2512 2210
2210 181
323 2712
2712 4112
4056 1768
1768 3928
294 3502
3502 2076
2253 4104
4104 1526
3446 2116
2116 247
3444 2349
2349 1570
1712 1159
1159 972
2292 2030
2030 3430
2904 3534
3534 3893
1903 1393
1393 2517
3028 3999
3999 38
2571 2553
2553 3235
323 2361
2361 138
3046 1746
1746 488
2661 2084
2084 517
3213 3425
3425 1332
1373 3591
3591 181
1017 2249
2249 488
2269 500
500 2298
4413 1342
1342 38
958 1930
1930 395
3100 2524
2524 1505
2639 3298
3298 247
1954 2273
2273 1459
786 1240
1240 3928
1154 3938
3938 2915
839 4078
4078 4194
1478 3488
3488 1136
3871 3764
3764 3893
1372 3193
3193 4131
1954 1198
1198 19
232 4227
4227 3381
1103 2356
2356 2450
1330 1295
1295 3323
3972 1397
1397 2487
4359 3991
3991 4363
756 3977
3977 3848
2880 3858
3858 2181
1143 1571
1571 2458
2880 1686
1686 4258
1931 3468
3468 181
89 3865
3865 4270
1753 150
150 3282
3343 4230
4230 447
1103 3729
3729 3042
1329 1580
1580 2383
2523 4386
4386 4456
3693 3532
3532 4363
1785 3499
3499 1459
3023 3916
3916 517
3343 262
262 4270
2392 2456
2456 951
101 3290
3290 3292
586 1311
1311 3982
2661 1024
1024 2172
1439 2496
2496 4284
1945 2477
2477 841
1434 3826
3826 3396
586 2272
2272 138
756 3365
3365 2586
3377 2008
2008 2458
1326 2965
2965 972
3985 4298
4298 3467
2880 1336
1336 2511
995 878
878 19
1715 1795
1795 247
2938 3024
3024 2517
446 1383
1383 709
2213 1716
1716 2622
4548 2762
2762 1445
4398 4307
4307 1477
3098 288
288 2112
2339 1809
1809 2622
1034 3339
3339 957
2904 2342
2342 911
4542 1914
1914 3027
1489 1556
1556 181
2749 2144
2144 1570
1103 2134
2134 2075
2820 4233
4233 4270
1364 3681
3681 2622
1237 1778
1778 2868
1612 3550
3550 3980
1612 3720
3720 4131
3382 813
813 3980
2952 1895
1895 38
1017 1979
1979 4284
122 3673
3673 406
2844 2125
2125 795
995 3053
3053 709
1293 4536
4536 1136
2135 4533
4533 2631
2550 936
936 163
1103 478
478 3893
1975 1306
1306 3323
4359 3721
3721 1838
1352 1084
1084 2631
3480 3984
3984 1477
1956 1031
1031 2827
648 4438
4438 4456
2213 2755
2755 2181
1293 4023
4023 4194
2613 3143
3143 2915
1994 816
816 4429
3243 3037
3037 2112
1019 759
759 181
3202 2939
2939 2673
503 1777
1777 3381
1594 3429
3429 3381
1154 2001
2001 2622
710 3044
3044 3262
4517 3107
3107 3235
2176 1164
1164 488
4160 318
318 2075
3303 3133
3133 163
3186 861
861 1911
2179 2831
2831 1332
661 187
187 1911
3023 1976
1976 4131
3099 2811
2811 1526
1885 1204
1204 2526
4549 1855
1855 2450
1594 601
601 2467
1782 2817
2817 3936
2568 409
409 488
4359 494
494 4258
228 614
614 1087
110 3597
3597 328
1400 996
996 2429
839 8
8 247
3480 342
342 1332
13 689
689 894
3985 842
842 1500
4278 3228
3228 3235
212 2740
2740 328
998 1633
1633 2592
600 997
997 972
1260 4061
4061 1380
2339 1048
1048 2075
991 849
849 3989
1434 2175
2175 972
1975 2636
2636 406
1782 330
330 3396
835 2516
2516 3381
101 3442
3442 2172
2314 3968
3968 1333
1782 3740
3740 2868
503 671
671 531
756 3149
3149 972
1075 2350
2350 4117
4398 1710
1710 1459
2392 428
428 4131
3972 93
93 19
3100 2214
2214 3848
1593 1787
1787 1831
1356 403
403 1477
2523 567
567 972
1143 1833
1833 4254
2194 130
130 3642
3844 773
773 163
2269 3940
3940 3409
958 3599
3599 1764
1692 1834
1834 1477
1618 4409
4409 3262
586 1751
1751 4384
1017 1281
1281 531
4542 1797
1797 3478
3382 2546
2546 2112
2752 3976
3976 247
2269 2127
2127 2526
2646 3352
3352 911
101 1163
1163 3978
4222 4036
4036 3091
1400 3627
3627 2458
2166 2585
2585 395
1352 3539
3539 3642
2568 250
250 38
3878 947
947 1838
1612 4392
4392 3542
648 326
326 2517
1753 553
553 2827
3268 4464
4464 2517
4524 3404
3404 634
2347 268
268 2076
4431 3988
3988 3542
4398 381
381 3381
3708 2971
2971 2429
916 1088
1088 181
4441 2107
2107 1911
4396 1018
1018 19
4278 967
967 2383
122 2204
2204 2517
2735 1873
1873 4117
283 1146
1146 2429
2163 1174
1174 1112
3908 371
371 2827
2464 4377
4377 4270
2844 579
579 3848
111 2858
2858 3242
3099 3008
3008 911
815 1035
1035 1911
3620 3400
3400 1505
2205 1860
1860 1477
2571 1268
1268 247
4475 3201
3201 2673
2292 1199
1199 4456
2381 7
7 3091
3672 1116
1116 2402
232 3286
3286 841
4193 4191
4191 2077
2584 2865
2865 2429
4063 2368
2368 3928
1475 1906
1906 3813
73 4388
4388 3282
2571 1756
1756 3091
2205 3925
3925 4194
756 3696
3696 1239
497 1796
1796 1112
3972 1733
1733 3478
1489 2081
2081 2868
1034 1098
1098 2511
3243 4196
4196 3262
3186 960
960 226
4466 1059
1059 1239
1612 4205
4205 3091
1753 1276
1276 38
78 2801
2801 4363
2661 3571
3571 1445
89 1974
1974 2526
3382 3459
3459 163
3463 712
712 1570
4222 4310
4310 2868
212 4240
4240 1445
212 2961
2961 3027
1407 3117
3117 4270
2571 3577
3577 138
626 1874
1874 1831
3099 2702
2702 2586
3985 1012
1012 2077
3098 3704
3704 3006
4113 2359
2359 1823
676 1443
1443 4429
4396 3969
3969 782
2752 4378
4378 3594
998 1307
1307 3598
2523 3803
3803 4131
2584 2293
2293 3027
2752 1121
1121 3136
1954 4083
4083 4112
2639 1007
1007 113
1753 4348
4348 1823
3059 3756
3756 3978
2166 3697
3697 1445
228 2925
2925 3262
2464 3838
3838 957
2159 2559
2559 2915
506 3993
3993 2915
2156 3596
3596 2467
2464 3249
3249 709
676 3135
3135 4270
3382 528
528 2458
1948 1634
1634 3982
3079 3545
3545 181
1593 4098
4098 4117
256 1552
1552 2343
3694 867
867 4112
626 582
582 328
1945 4471
4471 447
648 3770
3770 2467
4361 969
969 2526
4152 1003
1003 2467
670 2990
2990 3893
1017 1290
1290 4131
607 744
744 2673
1475 751
751 4384
4413 4465
4465 3848
503 1615
1615 1239
135 3168
3168 2915
1638 2614
2614 1838
2117 1818
1818 1911
648 144
144 4384
228 1758
1758 2429
1434 1149
1149 3042
4396 1878
1878 3989
101 899
899 4270
3315 4144
4144 880
4441 1470
1470 2592
2117 118
118 2673
1258 2126
2126 1570
4006 3370
3370 3982
297 3275
3275 2517
4006 3987
3987 1823
3189 2098
2098 488
2179 3957
3957 406
4413 2101
2101 2868
4335 539
539 2298
2735 4034
4034 488
4288 3338
3338 3430
857 1943
1943 3980
1227 1696
1696 1764
420 4356
4356 2181
923 3294
3294 709
3303 2039
2039 864
503 1357
1357 1239
3844 3380
3380 782
1372 3232
3232 2517
420 2909
2909 2511
3844 3711
3711 2383
3144 1761
1761 3136
1785 3959
3959 2915
2205 1438
1438 4117
662 2812
2812 1986
600 239
239 2181
4517 338
338 1764
786 3790
3790 1505
2135 3265
3265 2343
1931 1729
1729 1187
2205 1553
1553 3980
3261 4263
4263 4510
2213 131
131 3292
3712 3314
3314 1112
937 1256
1256 406
1364 2265
2265 1477
2194 203
203 19
3144 1296
1296 1477
2166 2494
2494 1187
3386 4079
4079 4194
4193 2847
2847 3928
1330 4031
4031 1380
1434 1743
1743 2487
1075 235
235 1823
344 427
427 4194
1573 1165
1165 4414
2778 4003
4003 1087
4113 2074
2074 1838
4475 1725
1725 3989
1227 1315
1315 2517
2159 798
798 795
4180 4156
4156 1500
386 4347
4347 1239
4006 3533
3533 2526
1154 1592
1592 1087
2550 649
649 841
2407 3293
3293 4363
3908 3475
3475 2450
228 2894
2894 1764
1948 3360
3360 2424
3386 2431
2431 226
1931 1949
1949 1445
4517 4342
4342 488
224 3765
3765 2181
937 2695
2695 894
3144 3979
3979 2181
3254 1090
1090 4258
1154 3112
3112 4131
446 64
64 4414
835 3118
3118 3594
4180 955
955 2586
1330 3810
3810 3542
789 1640
1640 2383
4051 84
84 841
124 1027
1027 1333
1840 595
595 1831
937 2441
2441 2467
2250 1277
1277 531
2568 1049
1049 1380
506 4358
4358 2075
600 1147
1147 406
3100 42
42 113
4396 249
249 2526
3523 48
48 3042
446 2433
2433 2526
3880 3077
3077 113
1258 504
504 3982
3079 40
40 447
1330 4203
4203 2343
2778 3785
3785 2673
4466 166
166 795
3343 897
897 2383
149 2580
2580 951
1303 469
469 3642
4193 213
213 1570
1352 2344
2344 2827
991 182
182 1112
710 4181
4181 3006
4212 2988
2988 2673
2844 3307
3307 3409
1782 3283
3283 1831
2910 1779
1779 864
2135 3056
3056 4384
2213 3575
3575 3982
89 938
938 531
2117 3753
3753 709
3189 2285
2285 1112
446 4341
4341 493
1246 760
760 488
923 3934
3934 4258
1593 4373
4373 4456
1594 984
984 2487
2347 4439
4439 3409
2512 4122
4122 1239
3791 4459
4459 2673
3023 2274
2274 2673
3686 2247
2247 1831
3620 1183
1183 406
4278 4470
4470 2592
1956 2537
2537 3813
212 558
558 3136
2194 833
833 1477
1154 2164
2164 841
135 3922
3922 3262
995 4385
4385 2622
3700 2330
2330 3262
670 570
570 1986
745 2128
2128 493
2752 2518
2518 975
3028 655
655 3430
256 2882
2882 181
2639 3901
3901 972
78 4169
4169 2592
3686 384
384 4456
4413 3549
3549 4363
3694 2729
2729 1505
1154 4011
4011 634
4431 299
299 2298
2661 4462
4462 634
1638 2853
2853 3978
2584 3167
3167 4414
2269 397
397 2943
3523 1981
1981 3430
4006 2177
2177 531
1125 3162
3162 1526
3446 2055
2055 517
3382 2288
2288 3396
923 3510
3510 2424
1227 1645
1645 3467
297 202
202 1505
3098 3020
3020 1838
3523 3423
3423 447
2661 4309
4309 113
786 107
107 4510
135 1312
1312 1505
3028 541
541 2673
1033 39
39 2526
1975 200
200 957
3343 350
350 3598
3315 185
185 138
135 2463
2463 4284
1945 4305
4305 4384
3700 591
591 1911
3556 1331
1331 1823
4495 3450
3450 1526
682 2360
2360 2424
991 1170
1170 163
1034 678
678 113
4413 908
908 2424
958 2840
2840 3262
1903 3019
3019 1911
3880 2565
2565 38
3243 1905
1905 4117
3731 3460
3460 3323
4524 2682
2682 2075
2104 3357
3357 2077
2291 526
526 4456
297 3554
3554 2343
4495 2782
2782 2450
3189 2086
2086 3928
1954 97
97 4384
648 4059
4059 2298
3268 3039
3039 1333
815 1135
1135 181
4549 161
161 951
682 1269
1269 3848
3523 2510
2510 493
710 3076
3076 3893
3382 2876
2876 1187
2266 1030
1030 911
4212 1951
1951 328
3110 3822
3822 493
1125 1047
1047 2487
2026 718
718 2622
3908 2994
2994 2943
3100 2861
2861 1459
256 59
59 2487
3844 2390
2390 2586
2820 1965
1965 2467
2166 538
538 1112
1638 2606
2606 709
2568 715
715 4194
2646 4120
4120 163
3880 28
28 3091
2159 378
378 226
607 2684
2684 2526
2584 890
890 4117
1303 1535
1535 911
1956 455
455 3893
344 589
589 1459
1945 1816
1816 3430
3098 4432
4432 951
2768 1933
1933 4195
3065 3153
3153 1764
1948 4330
4330 4456
1884 1513
1513 1823
4466 4530
4530 2631
2584 4383
4383 517
1488 2113
2113 517
3523 3225
3225 3542
3708 3257
3257 3235
3700 985
985 3594
1994 3548
3548 3042
676 4360
4360 138
1478 3190
3190 4363
4212 2651
2651 2673
124 846
846 3042
1143 561
561 2077
3878 4513
4513 2631
916 1624
1624 4258
3908 3084
3084 406
3329 4433
4433 2181
20 3158
3158 2383
3100 3522
3522 138
3734 1675
1675 1046
2778 3424
3424 2487
4222 1926
1926 395
991 2730
2730 1333
3213 3793
3793 2868
2026 4090
4090 4363
446 35
35 634
283 2704
2704 1526
1033 4508
4508 3242
3315 914
914 2133
3303 204
204 2487
1103 3860
3860 2077
958 2038
2038 2075
1303 2147
2147 4117
4268 3930
3930 4284
1785 743
743 1187
4113 1654
1654 328
2910 94
94 4456
4222 4522
4522 1187
1948 2083
2083 3091
2952 2686
2686 447
4503 889
889 3235
344 2615
2615 247
3377 2301
2301 3642
1785 2484
2484 2402
122 2267
2267 3262
1948 1620
1620 2133
3065 1869
1869 4284
2613 279
279 3542
224 3853
3853 4258
991 1335
1335 2172
2568 1925
1925 1823
1956 389
389 4363
3213 4490
4490 975
1488 2935
2935 2827
1840 1611
1611 2343
4523 2150
2150 2450
2778 1479
1479 3893
124 282
282 3980
2571 2307
2307 3936
2464 3659
3659 2133
1125 3823
3823 3594
49 491
491 19
1356 2954
2954 3467
22 2791
2791 3027
661 3071
3071 2868
607 3565
3565 1831
1033 2566
2566 2181
228 1367
1367 864
991 1209
1209 2450
3985 4515
4515 163
3268 3374
3374 19
2639 31
31 3813
4268 2819
2819 2112
386 251
251 957
2104 92
92 2075
1019 1124
1124 531
78 3507
3507 951
1475 3413
3413 2298
2253 1991
1991 3042
3028 4060
4060 3848
224 1224
1224 1505
1125 2474
2474 163
232 233
233 972
2752 1177
1177 1823
20 1496
1496 226
661 2982
2982 2181
2904 2471
2471 634
786 2397
2397 1445
3315 1880
1880 880
1303 2593
2593 2429
2523 3903
3903 975
1994 837
837 138
4419 1082
1082 2458
4288 2022
2022 1087
2735 1662
1662 2586
1075 2082
2082 3467
2291 322
322 4254
3110 3552
3552 247
3731 2049
2049 488
420 542
542 3381
998 1229
1229 2402
2844 1590
1590 3409
1573 10
10 3262
998 3983
3983 3928
1954 2815
2815 2112
2880 3815
3815 38
3620 4545
4545 2402
2661 148
148 465
3453 1253
1253 138
662 1389
1389 3409
1488 102
102 4384
4160 2972
2972 2511
3693 4469
4469 1332
294 29
29 1764
1258 2594
2594 3292
1400 3062
3062 4429
149 1517
1517 247
4431 72
72 1570
1785 1653
1653 3323
2314 2525
2525 19
3110 1666
1666 4384
4548 160
160 795
2159 3194
3194 465
2749 3403
3403 1333
786 1907
1907 3982
4398 4336
4336 3542
835 2123
2123 38
3186 850
850 4363
3791 3511
3511 2467
835 1458
1458 2343
3189 2941
2941 2467
4113 3345
3345 2592
1931 1960
1960 975
4113 4354
4354 2827
682 3368
3368 1187
756 2490
2490 4195
786 1259
1259 3242
1227 4277
4277 1838
4398 1232
1232 3292
124 3089
3089 395
1364 887
887 1445
3878 2021
2021 2586
3268 4273
4273 951
3851 2710
2710 2458
4517 3899
3899 3982
1033 2422
2422 163
446 341
341 3893
789 2364
2364 465
801 2237
2237 782
1364 1037
1037 4258
4222 4030
4030 19
1246 2041
2041 3430
1618 3050
3050 880
4359 4461
4461 447
1885 3447
3447 1570
2550 240
240 2458
2159 3452
3452 880
135 286
286 2915
2661 3384
3384 1136
1785 1134
1134 4284
3261 1863
1863 2526
149 411
411 4429
4441 3579
3579 3292
2310 2153
2153 841
4361 2087
2087 163
212 2522
2522 1911
2550 332
332 3091
3463 2563
2563 3323
1260 3246
3246 1187
22 3505
3505 3323
4419 1988
1988 3430
1491 3904
3904 3323
4495 4289
4289 138
2568 2044
2044 1239
995 2723
2723 957
676 2903
2903 911
78 4370
4370 1505
4335 794
794 1526
2392 755
755 3813
344 1627
1627 3027
506 4389
4389 3928
3523 2667
2667 3642
2550 1765
1765 2383
1400 4188
4188 2450
3026 518
518 1087
1753 1792
1792 3542
676 3509
3509 2112
839 2662
2662 1332
2571 2043
2043 2915
1573 3703
3703 1459
3734 752
752 3980
497 4167
4167 2511
4152 119
119 19
89 2447
2447 2915
857 639
639 2526
3329 2010
2010 19
1753 949
949 163
481 2528
2528 880
1356 4328
4328 488
3453 587
587 3982
4396 1632
1632 1459
2844 3652
3652 1831
446 1490
1490 2076
1237 2376
2376 782
3880 2570
2570 3928
2194 231
231 3006
386 3359
3359 1911
2213 3267
3267 1087
4152 1211
1211 2133
2844 430
430 3936
3844 2145
2145 4194
1488 734
734 2075
224 2351
2351 2586
3023 459
459 1570
2550 4493
4493 1380
3186 238
238 1046
676 711
711 4194
1956 3456
3456 1505
106 2034
2034 2429
4517 2854
2854 4414
1352 598
598 951
2135 1827
1827 3542
3731 4280
4280 3893
3708 3856
3856 3409
3213 2325
2325 3594
355 3179
3179 517
1372 3335
3335 1505
3386 1308
1308 2075
1975 2230
2230 1764
3018 1508
1508 4414
3958 571
571 3982
3098 3761
3761 181
2135 1561
1561 1823
1201 3841
3841 795
4113 1938
1938 2487
122 1148
1148 2076
2844 1359
1359 19
1954 4417
4417 1911
3791 4105
4105 3091
3023 530
530 1570
2904 3897
3897 841
3985 3072
3072 465
3985 3373
3373 2868
3243 174
174 1526
1638 54
54 3042
22 3482
3482 3006
2159 912
912 3091
586 1524
1524 2868
2347 781
781 3091
2952 1460
1460 2181
2778 2931
2931 1911
2310 4479
4479 782
2880 2426
2426 2133
3849 2888
2888 709
3018 2696
2696 1187
468 870
870 3980
3018 1811
1811 3027
3708 615
615 3323
1475 1060
1060 2458
916 184
184 517
2568 4316
4316 841
3026 2906
2906 3936
1638 2963
2963 2075
1903 1057
1057 2622
2258 1387
1387 1823
4524 653
653 911
3098 1558
1558 2450
4198 53
53 3006
149 4500
4500 709
2768 4026
4026 1911
73 4055
4055 181
4317 1166
1166 4254
4413 917
917 3409
919 1002
1002 3542
4335 2057
2057 4284
2176 3679
3679 1112
2571 1446
1446 3542
1679 1824
1824 4270
2745 2445
2445 4270
756 621
621 2592
3079 2322
2322 4254
1373 490
490 3980
2104 2241
2241 3235
1019 3038
3038 3235
3849 360
360 163
4160 2993
2993 911
2253 3738
3738 975
2176 3717
3717 1570
3079 1805
1805 406
3849 2335
2335 488
4064 2219
2219 3978
2640 2851
2851 3467
2179 4012
4012 3893
2584 3887
3887 4117
1019 2637
2637 3282
3791 1263
1263 1526
3261 3171
3171 3928
3708 3397
3397 19
1372 563
563 4414
2163 1390
1390 181
4212 2521
2521 1333
923 172
172 1823
1903 2806
2806 113
22 186
186 2458
20 2587
2587 1087
839 3493
3493 3848
2250 1314
1314 4194
2026 3877
3877 709
1329 3069
3069 1087
1237 1402
1402 1380
3018 1915
1915 634
1143 3970
3970 880
446 1095
1095 3936
122 2579
2579 1332
648 2968
2968 1445
2640 4019
4019 3282
2135 2846
2846 3813
1564 56
56 2402
420 944
944 4284
2194 4228
4228 2827
2381 819
819 3027
2179 3862
3862 488
4051 3223
3223 3982
1478 2183
2183 894
2347 3412
3412 1239
4396 85
85 2112
4063 940
940 138
2104 1936
1936 3467
224 153
153 3323
3985 3123
3123 3467
3672 2160
2160 4117
3731 1386
1386 3542
4160 242
242 1500
3329 2100
2100 3893
224 808
808 1570
1954 205
205 864
2571 2352
2352 493
586 3847
3847 226
3202 3017
3017 3262
923 4116
4116 1239
1201 2418
2418 2592
1439 4424
4424 447
662 4391
4391 911
4222 979
979 4429
3144 1667
1667 782
1785 1169
1169 957
49 2992
2992 1112
4517 390
390 2429
4398 4407
4407 2450
1356 779
779 226
2179 3918
3918 951
991 334
334 19
2584 4326
4326 1526
1400 3723
3723 3980
2179 2590
2590 1112
2135 421
421 2622
1143 30
30 795
2292 564
564 4429
4322 414
414 3989
2166 978
978 531
294 3120
3120 2429
3243 1184
1184 3478
2745 2987
2987 247
2392 4543
4543 406
4466 3992
3992 4510
2752 1051
1051 3928
2179 1264
1264 911
1034 2420
2420 4131
4322 3750
3750 3262
4155 943
943 1187
2938 3449
3449 4384
3186 3218
3218 957
446 1690
1690 3235
396 1408
1408 3091
3315 2136
2136 2429
995 3807
3807 3478
1488 2031
2031 3409
4113 2821
2821 465
4441 1494
1494 1046
1303 2902
2902 3430
4180 4027
4027 1333
1201 1617
1617 4510
756 2623
2623 3409
1034 1861
1861 247
801 2317
2317 488
3871 3637
3637 1112
2392 2296
2296 634
2104 1484
1484 2622
4278 3812
3812 3813
73 4053
4053 2622
648 1471
1471 2424
101 3799
3799 3989
2205 2681
2681 3598
3098 1689
1689 2915
3708 2091
2091 864
3065 2793
2793 2586
4495 2556
2556 1986
297 3800
3800 2424
600 4537
4537 1112
396 1544
1544 3292
2550 1068
1068 1823
3908 1971
1971 2517
2163 1282
1282 1526
2269 642
642 3292
232 3906
3906 3396
3026 4550
4550 4510
4113 1279
1279 3989
4441 3981
3981 531
1439 1004
1004 972
1303 470
470 3091
3018 962
962 138
4212 2852
2852 4131
3731 818
818 1838
1434 2974
2974 1239
4542 1591
1591 2298
3202 3736
3736 163
3329 1723
1723 1332
2844 964
964 2517
3046 4308
4308 975
4335 221
221 3598
49 2195
2195 1570
73 1760
1760 4270
3343 2416
2416 2383
101 3664
3664 3478
3028 3801
3801 1136
446 3317
3317 4131
4160 3719
3719 3235
2661 693
693 2424
1293 1191
1191 2586
4155 1763
1763 3282
1954 1623
1623 2077
2904 3393
3393 2827
2392 1825
1825 3292
2778 487
487 2592
3213 1832
1832 3027
1125 302
302 634
420 3663
3663 4284
998 2486
2486 247
3315 449
449 1445
4317 1233
1233 181
1712 2497
2497 395
1434 1563
1563 2075
1956 939
939 1112
1679 1651
1651 181
4155 3428
3428 2511
3708 1752
1752 163
2752 4136
4136 3598
1017 2632
2632 1986
4152 668
668 4131
3386 278
278 3091
4006 1616
1616 19
1884 1105
1105 2631
1103 3503
3503 465
2938 4296
4296 2424
2778 2115
2115 2487
3261 945
945 3006
1954 2714
2714 3928
1931 425
425 447
745 1061
1061 975
3453 3876
3876 1046
3972 1196
1196 4429
2904 2411
2411 972
2026 3185
3185 4254
2904 1011
1011 395
3712 3827
3827 4112
648 3138
3138 1838
3700 3227
3227 4270
1692 1160
1160 841
4222 959
959 972
3028 2415
2415 3430
49 3320
3320 3282
13 2481
2481 3478
835 1172
1172 3282
3303 112
112 4254
2339 569
569 4258
3972 372
372 1332
3844 3159
3159 138
212 4546
4546 2592
4198 2417
2417 4270
3791 1474
1474 3136
4193 377
377 894
481 483
483 3323
839 3946
3946 4131
1594 2930
2930 3594
297 674
674 709
3480 974
974 2383
1618 1701
1701 4258
1785 4140
4140 911
2292 4236
4236 3478
3453 4207
4207 3893
4317 1774
1774 2487
2820 4168
4168 894
1478 1532
1532 517
1330 1941
1941 163
3018 67
67 4456
3261 3348
3348 3813
4180 1009
1009 2467
2735 4072
4072 2915
2292 1289
1289 1477
600 3349
3349 1459
294 3828
3828 4258
124 2834
2834 3989
503 1783
1783 1505
1759 1120
1120 3982
1033 3775
3775 19
4278 2109
2109 880
1329 1328
1328 1831
110 3671
3671 2076
3070 415
415 3323
4542 164
164 782
228 763
763 1831
3849 1025
1025 3042
122 3083
3083 2133
1330 1358
1358 4270
1478 2832
2832 138
1329 2449
2449 2915
2407 139
139 2402
2735 3031
3031 3893
3444 3310
3310 972
670 2355
2355 138
2159 1534
1534 19
3463 4246
4246 531
1400 3843
3843 3027
3079 3869
3869 1823
2176 2096
2096 163
1956 3687
3687 4270
1201 2235
2235 493
1594 1829
1829 3598
2752 4109
4109 975
3100 3875
3875 2075
3343 735
735 1477
815 44
44 2511
3556 393
393 493
1143 1156
1156 1831
1782 356
356 3978
2104 2255
2255 3381
1679 2308
2308 3893
2880 3057
3057 4510
149 748
748 1136
1075 476
476 709
3059 3612
3612 2586
2464 1318
1318 4131
4064 3744
3744 2511
937 1658
1658 1136
49 3221
3221 2424
958 1802
1802 1500
1330 885
885 1239
1326 1876
1876 2075
789 1872
1872 3282
3028 3811
3811 3323
3070 1266
1266 634
2640 509
509 4117
3144 1261
1261 4284
2735 1476
1476 1136
919 4082
4082 2622
3694 1115
1115 2915
3694 1726
1726 3409
3880 259
259 4195
1782 4089
4089 1505
1712 702
702 3323
1260 347
347 1838
2639 1344
1344 2868
4113 2857
2857 2181
789 2011
2011 2673
3453 4049
4049 1239
1373 2149
2149 880
1679 1767
1767 1445
1260 1122
1122 2076
4006 4224
4224 1445
3059 2321
2321 972
3620 2340
2340 2673
1373 3634
3634 4414
4268 1449
1449 465
3377 2405
2405 2343
3712 3055
3055 3594
916 3724
3724 3381
857 3113
3113 2467
2646 1178
1178 328
110 1129
1129 2133
3098 1583
1583 957
4548 3095
3095 3928
1154 1512
1512 1911
2202 2295
2295 4284
786 2388
2388 2467
600 1072
1072 911
1593 2268
2268 3006
2844 1587
1587 2172
1075 280
280 3978
2639 1582
1582 2631
4549 281
281 1505
3243 4166
4166 951
3880 2833
2833 3091
256 4192
4192 4510
1715 4066
4066 1911
2269 3379
3379 1526
212 4114
4114 3430
2752 3748
3748 517
386 827
827 2076
2952 3888
3888 19
756 1968
1968 4414
2179 1924
1924 709
2392 2823
2823 1526
212 976
976 2827
1903 3192
3192 1526
2910 1497
1497 4363
4361 467
467 3430
122 2934
2934 2402
1593 3015
3015 2077
3523 1405
1405 2343
355 2870
2870 841
3098 3519
3519 1838
4495 2628
2628 2077
4396 913
913 4429
3851 1080
1080 3642
923 1150
1150 2458
22 4362
4362 3936
2735 2170
2170 2075
3186 2721
2721 138
4064 3578
3578 2827
3018 69
69 3598
3446 99
99 3813
2292 3830
3830 3989
1785 3926
3926 3430
3556 2501
2501 2076
2163 4418
4418 2077
2163 3835
3835 1445
3972 2534
2534 247
3556 1171
1171 972
4441 3676
3676 2458
2291 4274
4274 2943
3734 3690
3690 2915
1994 3774
3774 4363
995 2110
2110 1500
1364 549
549 1087
3849 703
703 3381
3556 1655
1655 4254
73 363
363 2429
756 3140
3140 3989
2571 3402
3402 4363
468 2966
2966 3042
3189 3588
3588 38
937 4371
4371 4456
1491 1235
1235 2077
1564 3541
3541 1087
4419 956
956 1332
2640 241
241 138
2194 1815
1815 3027
2745 1278
1278 517
2258 3688
3688 2827
2778 2944
2944 3006
1293 720
720 894
2820 309
309 2458
3958 3611
3611 4270
3997 1468
1468 1500
4198 2028
2028 894
3672 2742
2742 3242
2464 136
136 3893
1475 3331
3331 2077
1017 2328
2328 2450
1785 573
573 3409
1019 856
856 2868
3686 1877
1877 3978
2266 354
354 2631
4222 387
387 4414
1352 4332
4332 1823
2314 1856
1856 3381
149 1339
1339 2622
2202 1609
1609 2592
991 1650
1650 894
3480 3195
3195 3594
1017 963
963 4117
503 2461
2461 2075
2166 2838
2838 4384
835 1891
1891 911
468 3670
3670 1046
1103 4345
4345 1380
2314 1642
1642 3642
3070 3437
3437 531
1593 4538
4538 328
789 3230
3230 1570
1759 1127
1127 1445
3026 2558
2558 1112
4466 1247
1247 465
1400 4534
4534 447
89 2905
2905 3027
4335 3014
3014 1112
2523 4446
4446 4456
224 2707
2707 3042
3382 690
690 3323
1618 2092
2092 3813
2571 3212
3212 1459
2768 757
757 1986
4420 636
636 894
3851 2953
2953 3006
815 1770
1770 2075
20 310
310 2526
4475 3587
3587 3242
4063 1487
1487 2592
3849 466
466 2172
2749 630
630 1445
4495 2446
2446 3235
789 3557
3557 3813
4163 738
738 2467
3421 1992
1992 3893
2475 18
18 4195
4278 1058
1058 3091
3377 915
915 517
1364 3464
3464 972
2880 3074
3074 841
1785 501
501 493
1154 1569
1569 634
4317 933
933 1838
135 1365
1365 2112
3878 784
784 113
2568 2491
2491 488
1356 331
331 634
2205 1913
1913 2298
4396 3842
3842 2424
1075 1950
1950 3848
2292 2842
2842 782
2613 4010
4010 2526
2646 4364
4364 2915
20 2377
2377 2075
3303 884
884 4270
3880 2506
2506 2487
1840 3974
3974 3928
3972 1628
1628 3989
607 17
17 4384
1364 1921
1921 3136
124 1510
1510 3235
2952 2980
2980 894
2844 305
305 1838
4398 167
167 1505
3972 4237
4237 4384
3377 948
948 1986
2523 1104
1104 517
2202 2893
2893 4194
2292 3824
3824 1823
1715 2672
2672 3936
2512 257
257 2511
2727 1601
1601 2383
1885 3692
3692 447
1407 1217
1217 1500
1260 1636
1636 531
1956 269
269 3282
106 1798
1798 465
2258 604
604 3982
4051 4282
4282 2181
1103 4311
4311 517
111 3794
3794 2429
1364 3665
3665 531
3997 2936
2936 4384
3712 3462
3462 4131
682 2013
2013 138
4524 4275
4275 894
2166 2412
2412 3928
3556 3845
3845 138
89 2032
2032 2622
22 4206
4206 3928
1712 3222
3222 2511
4278 367
367 2077
1352 705
705 4384
4503 4434
4434 2424
3213 4157
4157 2075
89 4435
4435 447
2392 882
882 2112
3694 375
375 3042
396 811
811 1911
1237 2409
2409 2181
386 2281
2281 3042
2381 2090
2090 163
3186 3695
3695 2487
110 96
96 951
3110 3912
3912 2827
2646 189
189 1764
2613 410
410 2424
991 3654
3654 3542
2135 443
443 1332
4006 4035
4035 1332
4278 852
852 1505
923 1392
1392 634
3023 1845
1845 2181
600 1574
1574 3409
1246 3078
3078 2631
122 640
640 841
1034 3879
3879 4195
2163 3716
3716 3235
2213 4520
4520 3467
3202 3680
3680 3936
2568 1859
1859 3042
2938 2790
2790 3409
2749 1301
1301 1380
1356 2635
2635 4384
2258 855
855 163
3099 3945
3945 3396
4317 2921
2921 2586
355 1205
1205 3323
586 394
394 2424
4542 3291
3291 3813
3382 1531
1531 4254
2179 1734
1734 2622
4548 4111
4111 3542
2205 2004
2004 2450
2768 3130
3130 3478
420 3585
3585 2429
1034 4058
4058 3006
1715 3157
3157 2402
2880 4327
4327 328
110 1629
1629 2631
710 4229
4229 2133
3315 4085
4085 1445
648 4480
4480 138
2661 1216
1216 4414
786 471
471 1332
1956 2394
2394 1831
916 3942
3942 2133
2952 691
691 841
2213 234
234 1838
4268 1720
1720 4131
1785 1555
1555 3642
3303 1870
1870 1526
3446 1410
1410 1046
446 2603
2603 4363
1948 4272
4272 2383
2314 2124
2124 113
2291 1432
1432 3006
2205 572
572 2075
789 1118
1118 2943
789 2199
2199 113
1488 162
162 4510
1715 2887
2887 3598
396 438
438 2450
4441 2054
2054 2077
815 901
901 2631
3343 4171
4171 395
110 265
265 3006
4441 3109
3109 3027
2166 3134
3134 841
3878 2530
2530 3381
4413 77
77 3893
1019 2629
2629 447
2512 417
417 4117
4495 4369
4369 247
3268 2748
2748 2622
3880 840
840 3396
2752 817
817 4112
3261 1228
1228 1526
4155 3271
3271 3594
2213 1272
1272 3242
2159 4367
4367 38
4222 4497
4497 2673
2639 746
746 3989
2661 3839
3839 19
4056 405
405 1477
1948 2200
2200 2526
4160 1939
1939 1570
124 2569
2569 3542
857 2395
2395 972
2205 2479
2479 3282
3844 3034
3034 3642
3880 2284
2284 2458
3099 3520
3520 2112
1593 2130
2130 531
3620 100
100 3091
3079 605
605 181
1478 3351
3351 795
20 651
651 3982
4222 971
971 3542
4441 4338
4338 3430
3046 968
968 972
745 2259
2259 4117
958 2329
2329 2450
4495 3725
3725 1570
662 1630
1630 2077
2550 2197
2197 447
3556 1480
1480 2343
1034 454
454 4363
1034 3364
3364 2827
1019 2959
2959 1239
1956 2795
2795 2511
3070 1101
1101 2424
1785 3383
3383 2827
49 1745
1745 4131
4335 2604
2604 2526
4113 3592
3592 3292
1692 2564
2564 1526
786 1313
1313 4510
4056 3073
3073 1112
4212 1345
1345 4456
2205 3378
3378 4284
4413 3234
3234 3235
4431 1140
1140 3467
2820 4014
4014 2943
3329 941
941 1838
916 1908
1908 1477
1303 574
574 1570
2213 1813
1813 4284
3985 2326
2326 3980
1564 274
274 1505
503 3935
3935 493
2314 3147
3147 2075
1488 866
866 3980
1293 1138
1138 2402
4163 1546
1546 465
1884 1221
1221 1477
586 3773
3773 3091
3343 520
520 493
124 402
402 1831
4335 1967
1967 2467
224 4492
4492 3262
661 2311
2311 3936
1400 1835
1835 4112
1903 3832
3832 880
4113 2277
2277 4363
2938 3066
3066 328
4160 3330
3330 3381
2135 208
208 2487
1034 3137
3137 2172
995 3651
3651 3989
3997 4076
4076 4284
2745 3891
3891 4254
446 3751
3751 2077
1491 641
641 2592
3446 1151
1151 1823
3261 2064
2064 2526
4160 4387
4387 3989
3261 2933
2933 4384
1434 2810
2810 3262
937 88
88 2517
2745 3183
3183 3542
1352 1671
1671 3893
1612 2540
2540 2511
4222 834
834 975
3099 1887
1887 2181
4163 1621
1621 1477
420 2917
2917 328
958 4067
4067 1911
3958 606
606 531
662 2051
2051 4384
3556 3155
3155 4195
224 273
273 2487
4396 399
399 3598
3100 448
448 2622
1352 4244
4244 795
2291 2058
2058 3042
2910 308
308 447
991 4126
4126 1239
973 790
790 4456
4524 2634
2634 1459
4051 1504
1504 2075
4006 1353
1353 3027
2291 2120
2120 3235
101 329
329 3409
923 3472
3472 2827
1593 3064
3064 782
1103 429
429 4117
1293 898
898 3982
2661 2300
2300 3136
1103 1010
1010 447
2310 27
27 3282
122 4147
4147 894
2202 1194
1194 1477
2571 4234
4234 3928
1759 2627
2627 3936
2640 3416
3416 2075
256 666
666 38
4361 1507
1507 782
4523 1706
1706 1500
2176 4512
4512 3323
2156 1999
1999 841
2179 3316
3316 1046
1931 3900
3900 3396
2475 4494
4494 951
224 4304
4304 3430
323 4390
4390 2586
4163 3802
3802 3982
2752 408
408 163
648 1506
1506 1332
1782 708
708 1333
1573 2703
2703 3242
228 1928
1928 4429
3444 4174
4174 841
3880 2020
2020 2592
4317 4483
4483 3980
1372 729
729 1112
4398 52
52 911
3268 3458
3458 975
3189 1711
1711 894
13 4097
4097 4258
4198 4124
4124 2868
3844 2519
2519 1136
294 1626
1626 1380
4441 1910
1910 3409
78 3616
3616 3594
111 931
931 138
506 263
263 709
3463 2132
2132 3027
13 3516
3516 3978
110 1130
1130 3978
1434 3601
3601 493
4503 1483
1483 395
1475 1708
1708 1500
4359 2139
2139 1380
1945 1694
1694 2943
2163 207
207 3282
2475 3933
3933 2467
3849 545
545 3396
600 2017
2017 3292
3268 2262
2262 3409
2250 4271
4271 493
670 2088
2088 3242
3386 3104
3104 2424
101 2683
2683 3282
4152 1946
1946 1187
1293 1382
1382 3042
2584 4069
4069 1380
3202 1447
1447 4254
1364 2769
2769 1823
4163 3198
3198 1046
3693 1742
1742 4414
1303 2706
2706 1986
232 2042
2042 795
3694 1411
1411 2511
2194 2489
2489 3282
670 1267
1267 1526
801 625
625 3642
4466 2478
2478 3813
4268 4245
4245 1112
2550 2601
2601 1445
3849 2000
2000 1570
481 2677
2677 2383
2292 847
847 3848
3315 1270
1270 3848
1489 61
61 3936
1573 336
336 3978
3213 3256
3256 2172
745 1078
1078 1112
506 109
109 4112
4419 3625
3625 2424
232 3086
3086 3262
2266 2942
2942 2586
3382 1982
1982 4429
3100 2897
2897 2075
600 4425
4425 517
110 1527
1527 3813
1945 3757
3757 4131
468 2929
2929 2592
1712 1208
1208 1831
503 1586
1586 3642
3059 521
521 2622
1227 1142
1142 226
13 2403
2403 328
396 2056
2056 951
2163 877
877 1477
1372 2065
2065 1136
1785 3214
3214 2622
2745 4095
4095 2915
2475 3932
3932 3642
1372 210
210 1823
2844 522
522 247
2880 2885
2885 3042
2194 723
723 2429
3243 3603
3603 517
2176 222
222 880
1352 4110
4110 1239
1475 4343
4343 1764
2176 4130
4130 2673
1478 1324
1324 3989
1488 1810
1810 4195
801 293
293 864
2778 2003
2003 3262
212 2609
2609 1764
2752 3633
3633 2298
1125 1896
1896 880
4420 3580
3580 2181
1326 1541
1541 841
3997 3600
3600 2487
998 312
312 2383
4278 3181
3181 2511
212 4185
4185 1459
1712 1545
1545 1087
2735 236
236 1332
839 1327
1327 3478
2202 246
246 138
89 1418
1418 4284
4441 3859
3859 1239
2749 4153
4153 2622
3023 3486
3486 3467
2938 1596
1596 4112
2310 3061
3061 493
2952 2503
2503 1526
386 1321
1321 3478
386 664
664 3893
3453 4145
4145 4195
2512 4202
4202 517
4268 3197
3197 3594
3851 2529
2529 1526
662 270
270 1526
3693 1013
1013 2383
682 2784
2784 247
991 4260
4260 2586
1956 992
992 709
1227 796
796 4384
3851 2886
2886 1823
835 2824
2824 4117
2880 2837
2837 1500
4361 3730
3730 2827
1903 4412
4412 3982
3098 1899
1899 2133
228 419
419 1570
1753 2981
2981 709
4420 2079
2079 795
111 2312
2312 3848
2339 4544
4544 1187
2745 1283
1283 911
2117 2715
2715 1570
1258 3278
3278 1831
710 4539
4539 1986
78 4016
4016 3409
1407 1781
1781 2112
2613 2685
2685 3282
2749 2680
2680 3936
4361 3513
3513 3042
13 3160
3160 795
1125 875
875 2181
3254 156
156 1136
2269 2725
2725 181
4503 2538
2538 2450
1303 21
21 3242
4180 3063
3063 3542
1488 1420
1420 3467
1573 3518
3518 3848
4517 2633
2633 488
1931 1394
1394 4195
1326 3873
3873 1570
973 3272
3272 3409
2179 2061
2061 1477
110 2448
2448 1239
3026 201
201 2673
420 3005
3005 3235
4222 2161
2161 2827
2314 3
3 2943
506 1881
1881 226
49 2542
2542 4117
3079 1754
1754 4414
998 2408
2408 3409
1033 3806
3806 2181
4361 1435
1435 3598
481 3524
3524 2298
1879 893
893 3136
1330 2297
2297 2112
2523 2118
2118 3242
283 1469
1469 2383
468 1851
1851 4510
4222 1214
1214 972
3018 291
291 957
49 3188
3188 3006
4193 2670
2670 795
1017 3531
3531 3396
4288 3426
3426 2943
3110 2121
2121 4414
3972 3312
3312 2298
1260 1989
1989 3136
1154 3270
3270 2592
937 55
55 1500
3059 1413
1413 3006
916 3562
3562 1823
4113 1585
1585 1136
1491 3180
3180 2673
3453 3441
3441 2077
2205 3347
3347 4270
4413 3902
3902 2586
468 610
610 911
3059 4159
4159 4195
2392 359
359 4258
756 1399
1399 19
1679 1225
1225 2076
3686 1560
1560 1505
1352 2803
2803 2343
2844 472
472 1477
3144 1020
1020 3594
3620 327
327 447
4063 555
555 1333
481 4499
4499 3242
3849 3771
3771 3235
3079 4484
4484 1087
756 2173
2173 3042
745 3361
3361 951
3189 462
462 1838
3026 2687
2687 2076
2550 2316
2316 2673
3303 1867
1867 3042
1759 3154
3154 2402
3202 2386
2386 3282
586 3240
3240 3136
2512 2492
2492 2943
3386 749
749 2450
3343 4087
4087 795
3110 2788
2788 1333
1303 41
41 3467
1879 3208
3208 2943
2407 4199
4199 3027
1994 603
603 2450
3059 2029
2029 634
1303 1559
1559 2827
1260 4315
4315 1136
420 1381
1381 951
600 4217
4217 181
1143 434
434 782
4542 3864
3864 3978
4278 1568
1568 1333
4180 2732
2732 3409
4064 2507
2507 841
937 2825
2825 2076
662 3535
3535 3982
4322 868
868 3292
3556 2231
2231 795
4155 1663
1663 3242
1759 2444
2444 3928
4006 612
612 4363
3189 844
844 2133
4180 1038
1038 1526
2253 896
896 1332
3463 986
986 2458
995 1515
1515 951
1885 2169
2169 2511
232 2070
2070 1764
2661 1788
1788 782
3079 1995
1995 1911
1260 4423
4423 4195
2639 2855
2855 3478
710 946
946 634
1352 4077
4077 3235
3446 2588
2588 4284
4152 638
638 2424
506 1801
1801 163
3712 3454
3454 2467
1931 843
843 2298
3480 2951
2951 447
3972 244
244 19
4549 1378
1378 1526
2292 1175
1175 2429
4398 3590
3590 4258
3712 2718
2718 1823
1017 1355
1355 3027
506 2986
2986 1570
1364 775
775 4270
2213 4080
4080 3262
2347 871
871 3928
600 4184
4184 1136
386 983
983 465
2550 3602
3602 2631
2752 1056
1056 4131
2202 554
554 3980
1593 2996
2996 1570
1260 2700
2700 2868
446 1727
1727 2622
2910 1605
1605 3292
3693 499
499 951
3871 108
108 1046
4152 3528
3528 3978
1407 2089
2089 2402
3268 3808
3808 2298
4051 3714
3714 2868
1885 2892
2892 465
3694 3466
3466 1838
420 2380
2380 3323
3693 2737
2737 1831
294 1973
1973 4363
4420 2318
2318 4258
283 552
552 395
1293 599
599 2133
1400 2108
2108 517
1227 1189
1189 4456
1975 365
365 3091
4317 4454
4454 795
3446 3661
3661 4195
3046 830
830 3006
4548 1442
1442 4194
2179 4528
4528 2172
20 2711
2711 4510
2205 2869
2869 3282
3880 2818
2818 4363
916 519
519 3006
1475 1071
1071 4284
3672 1297
1297 4414
1407 777
777 3027
323 2023
2023 1445
386 3582
3582 2487
3098 532
532 2383
323 479
479 226
1478 4094
4094 4117
4398 352
352 3262
995 1273
1273 3598
756 2236
2236 4284
20 2573
2573 3467
420 2174
2174 972
4419 183
183 2133
4441 4211
4211 3409
4495 2018
2018 1187
4051 2805
2805 493
1782 351
351 2402
3315 851
851 3091
506 3766
3766 2076
1434 1766
1766 3282
1329 2062
2062 880
3712 3743
3743 2517
4359 3097
3097 4258
2938 1748
1748 488
4413 1643
1643 2487
3065 2243
2243 1570
2584 4355
4355 2133
1618 2862
2862 3262
3712 4496
4496 3982
2347 3021
3021 975
1994 3619
3619 395
3480 2398
2398 1500
3880 209
209 2343
1679 2781
2781 2298
256 4092
4092 3893
756 2404
2404 1505
1618 134
134 782
3268 464
464 3598
4160 2763
2763 1459
3079 2995
2995 2298
4542 4486
4486 3027
4113 3939
3939 972
124 3438
3438 4112
1994 701
701 3936
2768 1897
1897 4254
789 4125
4125 4258
1782 1499
1499 951
801 1054
1054 2517
497 4070
4070 2511
256 3151
3151 4112
1488 3955
3955 911
2778 616
616 3027
4212 2282
2282 1333
4113 2221
2221 634
122 255
255 4284
1017 2105
2105 2526
355 1607
1607 3381
1075 1566
1566 1445
3023 1614
1614 4363
2646 227
227 395
3026 1168
1168 488
1258 3551
3551 911
756 3093
3093 3242
1879 1537
1537 911
2213 2772
2772 2298
224 935
935 709
1489 4430
4430 4384
1994 498
498 2181
789 2371
2371 4194
3556 1249
1249 3027
4212 828
828 2172
2194 1316
1316 1136
506 1875
1875 2943
3523 2796
2796 3136
111 3080
3080 1823
1372 1822
1822 181
1885 806
806 972
1956 4218
4218 4456
998 4129
4129 328
3144 2162
2162 3848
3189 1337
1337 328
4163 3479
3479 4131
1439 2900
2900 3982
1356 4519
4519 2298
49 1551
1551 3381
1488 2678
2678 4258
4517 4068
4068 2075
2735 145
145 19
2026 4054
4054 3980
676 3881
3881 1570
2381 4487
4487 2402
1903 1790
1790 2526
3480 2286
2286 1831
3343 3011
3011 2467
49 3563
3563 841
396 4007
4007 3235
1782 3002
3002 3027
1884 4408
4408 634
1885 2814
2814 2517
3202 1304
1304 1333
4212 4178
4178 2467
4163 3626
3626 406
670 2080
2080 1087
4517 2048
2048 4112
1975 2605
2605 1087
1945 4337
4337 972
1564 4547
4547 2343
503 407
407 493
3028 2260
2260 2077
2266 214
214 465
2613 3277
3277 972
839 4276
4276 3292
101 2794
2794 2112
1712 1661
1661 2133
2778 575
575 2487
3463 2757
2757 3542
991 436
436 1477
124 679
679 1838
2381 80
80 4131
89 1409
1409 3006
1759 1812
1812 3027
3694 2860
2860 3006
73 1718
1718 2343
344 2151
2151 4510
1033 2111
2111 465
2938 761
761 4429
3144 1893
1893 3989
3985 2656
2656 795
20 543
543 2586
232 3921
3921 2511
1712 2691
2691 3136
2464 1784
1784 3235
1258 2779
2779 4131
991 2239
2239 3848
1884 2072
2072 2943
1994 4255
4255 880
3693 3829
3829 2424
2880 3674
3674 2112
1715 1481
1481 3430
2768 2182
2182 38
1956 311
311 4284
3620 4279
4279 975
3620 1657
1657 957
995 2046
2046 1380
3315 4266
4266 3978
73 1043
1043 4117
73 1063
1063 1986
857 1234
1234 3323
998 1703
1703 880
1400 1518
1518 1459
2135 3253
3253 3323
297 3387
3387 2424
916 3639
3639 2458
1329 4325
4325 1911
73 1086
1086 3467
4475 2830
2830 3091
3453 1762
1762 2631
386 2759
2759 3467
1475 1820
1820 531
3070 4287
4287 2487
20 1864
1864 2383
2269 4498
4498 2592
586 721
721 531
2104 117
117 3430
1948 484
484 3848
1246 432
432 864
3708 1097
1097 3136
323 667
667 2133
2952 810
810 3006
2735 1006
1006 3813
3100 2979
2979 864
2661 2657
2657 4456
4155 1719
1719 4414
4413 3007
3007 3323
815 3707
3707 4112
661 814
814 3980
661 4150
4150 2458
4222 927
927 531
3386 3327
3327 2424
124 3949
3949 4429
1475 2716
2716 2517
3065 2549
2549 2075
786 225
225 951
344 4300
4300 782
2523 2302
2302 3989
682 1100
1100 2592
4056 2002
2002 406
2159 3732
3732 1831
1593 353
353 4112
2159 1772
1772 2592
3453 694
694 406
446 1904
1904 1911
4212 3139
3139 3598
3382 2649
2649 1136
1400 4004
4004 2343
3908 1688
1688 1823
4523 3561
3561 3989
3849 3583
3583 864
786 562
562 3642
1303 902
902 3928
1712 3401
3401 181
4193 1305
1305 795
1143 1665
1665 1380
998 319
319 1526
2550 1452
1452 163
670 253
253 4195
3382 3767
3767 406
481 4297
4297 163
2269 730
730 247
3099 2595
2595 911
1759 3553
3553 2076
4056 1128
1128 2458
2557 2244
2244 709
1475 314
314 1445
3023 1882
1882 1764
3018 3644
3644 2429
1612 1153
1153 2673
4222 4357
4357 19
2910 3284
3284 2511
1488 2373
2373 1500
1330 68
68 3235
1400 2616
2616 395
857 669
669 3282
1488 717
717 2868
3463 1740
1740 2592
2661 2362
2362 2517
1712 3758
3758 1986
3079 2012
2012 1838
1478 540
540 2077
839 4187
4187 1332
89 1008
1008 2467
101 2071
2071 406
4113 3491
3491 2517
2584 2303
2303 1046
3851 2582
2582 38
4475 3366
3366 1087
323 1023
1023 3978
4420 3358
3358 1239
1434 2536
2536 2077
1237 4410
4410 19
3254 635
635 3989
386 3965
3965 1136
3880 237
237 465
4503 4162
4162 3235
586 2309
2309 488
3712 1625
1625 3980
3110 3422
3422 2511
1564 3311
3311 2467
135 2382
2382 3478
4441 2035
2035 2592
2266 680
680 2511
2464 4176
4176 911
1154 1236
1236 1046
4155 2802
2802 2592
3712 1927
1927 957
3144 2482
2482 3396
4517 1053
1053 3813
506 1700
1700 3396
4222 2659
2659 3136
3871 1131
1131 4363
294 1242
1242 38
2166 1900
1900 2077
124 1584
1584 3478
4542 2207
2207 4363
110 3610
3610 3042
919 4532
4532 795
1994 105
105 2298
1330 1351
1351 2467
2104 2346
2346 2827
4503 3166
3166 2592
756 2607
2607 19
1491 3820
3820 4363
3453 3718
3718 634
1564 836
836 2112
1954 1091
1091 4414
4278 3821
3821 3982
2904 2275
2275 3409
991 3346
3346 841
1237 2102
2102 2172
1227 2674
2674 2077
789 1482
1482 19
1475 1185
1185 1380
2314 4029
4029 2076
2571 3305
3305 138
4359 474
474 1445
626 261
261 2526
4523 3890
3890 2511
2117 765
765 2673
998 4119
4119 2172
1326 3165
3165 2077
3189 3606
3606 1087
49 4121
4121 2133
1034 2978
2978 3136
1201 4269
4269 894
2407 583
583 4117
1439 4091
4091 2181
3018 1110
1110 957
3386 1102
1102 911
1125 1298
1298 4363
2253 774
774 3928
135 576
576 1526
89 873
873 163
149 656
656 3042
78 307
307 3936
294 1220
1220 1380
212 301
301 4258
995 2551
2551 4384
446 3285
3285 3642
1434 2154
2154 3027
3686 646
646 406
1767 2077
4016 1505
2147 2467
462 3006
2821 2450
667 2181
1311 1823
309 4194
1770 4414
4394 4195
1286 1112
850 2458
1755 4510
4300 972
2150 2631
737 2172
2957 2622
1993 4363
3912 4270
3306 1570
2762 2673
3410 163
3345 1087
2419 2517
3843 3478
1360 1526
1379 3936
2519 395
3679 226
2004 2592
4465 3091
3564 864
1510 2402
787 3848
2280 4284
1051 3989
4213 2133
564 181
1403 517
1216 19
2489 1046
68 2298
2311 2511
88 1838
3921 3323
2979 4117
4136 3978
2905 406
2569 3430
116 709
2454 3467
3631 782
2542 3813
526 247
2144 795
3662 4384
1987 2943
809 2526
3616 2487
2728 1986
2574 3542
2572 4254
1861 975
700 3982
2174 1911
3667 1445
1802 2343
3191 634
2480 3396
610 465
2529 1239
772 1500
1036 3136
3001 894
2491 3235
2033 2586
2230 328
3272 2827
3225 3282
1163 493
2051 1764
2864 3042
4388 4456
2990 2915
3543 2424
3944 880
76 3292
3123 2429
1218 3893
402 2075
1172 4429
2412 1459
3146 2383
450 3242
4494 3027
222 3381
763 531
3826 3980
4108 488
1890 2076
827 3598
4360 4258
2497 1333
971 2868
1153 951
4314 3642
4255 1136
1177 1477
3583 3409
2349 38
4427 911
1961 3928
2675 1380
2129 113
3423 957
1238 1332
1860 1187
1606 841
16 4112
1175 1831
2695 4131
637 3594
2003 2112
1363 138
1473 447
3434 986
3957 3773
127 3725
355 3824
3031 3464
4137 2155
4235 1590
1052 3240
2258 2546
3054 1394
1952 2154
2747 1839
2883 1525
632 3201
1940 4464
2844 679
1673 2779
1088 1967
3696 4412
3072 2805
3329 2403
1494 112
320 2501
383 2086
2399 4316
34 3751
114 299
70 2477
1299 1345
4448 3770
648 1020
3540 3387
1917 4254
1073 2672
3110 3608
1751 3835
4096 2006
1646 3482
2717 598
3726 3732
2094 1559
217 3715
4219 4480
1563 951
324 3426
1150 2409
4107 2834
3497 2030
2214 4537
2674 226
2756 1623
4064 3166
3995 4347
98 3986
4278 2596
1978 2386
491 3601
2867 1611
70 414
675 2699
1714 2046
268 3674
2785 4209
1858 604
427 443
2502 3167
4179 2364
1972 1701
3075 1165
4318 1358
2955 4266
3016 369
173 878
3960 4010
2709 4539
2713 3326
2883 571
4319 3932
2493 1889
1045 1225
4349 4384
665 10
4107 4049
2014 2004
2425 3673
1847 395
609 213
2679 3987
925 3091
2167 666
3588 1214
74 2231
1067 3410
2778 884
3658 2479
2478 21
2746 1206
1341 2720
2091 447
2186 415
3855 515
4286 401
684 2707
544 166
2541 4535
2914 2101
1564 3488
2466 2855
2541 2031
490 246
368 4508
1697 433
1793 383
903 3874
4021 1870
1787 1344
2448 2174
2006 281
587 4269
1164 204
142 2197
4344 1936
230 3923
2865 3323
211 243
380 2010
3710 2472
2192 1561
4275 2318
2807 1196
1538 2408
1227 3257
845 28
4145 1136
2333 3645
360 1504
1272 1851
133 2206
508 2277
2104 1140
2886 3454
2706 717
1968 540
197 2051
2498 1590
4418 2329
2921 3732
1443 680
629 3999
102 2316
776 3890
4216 167
1743 2933
4249 399
1179 808
1419 4269
2789 259
50 4507
2777 302
95 4065
2086 29
4404 187
4420 2527
569 1829
299 2490
1156 1353
788 1468
4320 3288
4339 1986
3118 2281
766 2490
3304 3043
3239 1264
3915 2397
280 1887
3158 2046
2359 3073
1433 1242
3294 1480
4160 1323
2356 4520
111 3718
2833 2673
1534 2255
3135 436
4509 3449
590 3387
4485 1316
2664 531
1919 3396
4396 160
3484 3810
3693 985
2347 7
2974 1208
223 1788
2661 2243
1451 2976
442 1365
220 4368
4248 274
1833 3588
1034 467
4523 578
1501 4338
785 4418
1475 1705
1684 2098
1865 4381
1685 2246
2097 2242
1024 2537
1088 3575
1336 1332
682 3451
1203 4280
1371 1616
1451 3367
561 4234
3945 2996
1990 17
1525 2657
4526 604
942 3690
1953 3272
190 2573
4212 3157
891 3253
378 871
2464 2233
1800 845
1652 2730
2970 2308
1722 699
126 1830
1033 2603
967 1194
4081 864
3827 3042
2545 735
4418 41
2304 253
1782 2580
4342 353
324 1988
2289 1706
1691 1649
206 1051
560 606
32 3252
3694 3859
3022 4486
988 1059
523 2525
4262 1568
514 1537
2667 2942
1225 3707
481 537
3988 3078
2129 978
2045 3542
1412 379
2953 3949
3650 1505
3765 1333
4268 1080
1141 4530
3686 2562
404 3839
2693 1515
1163 427
4346 3360
530 634
4317 4453
2832 3316
3441 1661
3898 487
874 452
4097 2649
1549 1441
1048 2794
3586 972
2504 147
66 1510
4074 1731
149 1185
4529 4390
2701 2555
2266 4074
4479 2810
2684 902
1521 4178
2916 3322
3662 575
1162 4146
4022 3055
4531 45
1246 1987
3382 287
1564 3616
3897 2317
2571 3785
340 2175
2639 2502
1934 4258
4118 3865
2025 1805
4479 517
3423 2200
2743 227
3595 3472
1694 2700
3204 1304
1018 443
3998 4140
889 3006
1018 1762
2361 4091
1929 91
3985 505
2158 155
303 2010
361 3221
3958 2068
2288 721
3696 2779
1227 2342
2881 1871
821 1423
3710 2534
2515 983
3247 2763
2350 2784
304 1401
66 3027
1359 490
304 2876
1374 4306
2866 3127
3886 4462
2636 1921
2519 1586
2896 649
1210 3578
4118 892
3005 634
3110 965
1912 2141
87 2207
3578 3774
3247 639
4038 4205
4008 842
3051 2935
3132 3105
1419 2587
4451 3232
1422 1570
3059 3666
2233 2865
1709 3437
2704 1112
4370 530
2826 2981
1364 2053
2308 52
1724 1971
2609 1781
922 578
33 1773
764 2177
3742 2050
3283 1097
1322 2335
978 443
4537 3093
3927 3122
1523 3114
3917 4497
4281 3219
23 2500
663 4199
3345 4105
3049 123
2544 4211
3202 2033
2106 4275
1083 1686
1478 1486
2910 1203
3306 4028
1068 2885
288 2055
1905 4082
3690 1399
3294 3422
4303 1104
676 348
1749 1269
3334 2237
4031 3879
961 3974
581 814
166 844
2254 746
754 2058
3453 3324
87 790
3657 349
4372 1882
122 4516
1958 2223
3752 3733
412 2539
3065 2753
3077 509
2541 2075
1059 4029
1841 502
2571 1104
685 456
1119 4303
2498 4279
437 2382
3405 4332
3967 2029
3304 589
4198 1155
4548 1161
1439 3185
2912 4188
2475 2660
456 118
4381 3663
942 3395
2419 4172
3391 426
968 841
1980 4207
587 4537
1432 55
2898 1789
3630 2674
79 2608
4100 3857
2357 866
2441 3084
3159 1120
3061 2029
3254 2743
2962 4194
1325 1091
2313 1708
1246 1632
4302 3702
3708 3706
1192 2944
657 4242
4302 365
4167 3479
3268 21
3700 3558
4062 2614
383 1913
2157 2433
2684 2851
4161 1113
2084 1011
2875 1198
954 3823
892 2046
4247 2246
2570 2759
659 2588
3530 1734
4518 2972
1262 3396
4463 3253
3182 2282
869 3682
3342 1205
3056 39
2952 1455
3060 3451
1360 2691
97 1072
4524 2892
2531 3310
3855 3617
2499 2900
3473 2905
2916 3964
3444 2252
4032 1059
192 3697
595 2018
2459 4218
70 475
3229 963
2697 1481
3941 486
3708 2120
626 4261
4415 3037
4323 2627
4529 589
3649 542
3201 2518
2562 1720
1264 4510
3709 3027
2991 2078
4197 2819
1964 1511
2660 1116
4141 945
373 784
3029 2923
1485 4296
2949 4328
380 4238
1362 354
4019 4387
3791 3885
840 472
4082 3516
3538 3915
1705 2579
821 1328
2884 4067
3796 2800
1455 2497
959 1054
422 1642
277 1062
2217 227
3195 2056
2225 2469
816 877
2263 1117
2165 2935
4308 261
4507 1207
82 3119
2505 4023
1346 3074
1028 1070
4475 2866
2890 589
238 1151
2537 2943
3913 4497
476 3644
3049 4497
1589 1024
2239 3262
3465 1443
2016 2680
1648 3219
3985 1847
1176 1426
3419 3442
2584 683
3950 571
2717 210
2639 2415
2710 656
2901 977
909 542
3641 1937
1348 3255
4437 4421
3875 2403
4216 1399
2310 11
923 2293
1516 1719
4268 2119
1802 1301
512 1951
169 3265
4308 2631
3257 2793
294 1114
217 591
2856 531
267 1792
4149 3375
503 3944
12 2803
1438 4159
4265 353
2098 2075
982 2252
3569 3206
2754 575
4152 259
3757 1740
3597 752
3834 1899
2815 1763
1282 1781
127 1732
2390 4543
2571 2619
3068 2852
267 479
650 2849
1427 4533
2863 375
589 2737
2261 538
2214 2090
2964 1604
2225 2905
1983 3741
3908 2072
2712 3020
4135 2855
4331 1178
1923 210
2397 102
3296 4424
1890 2296
2313 1572
3786 3770
3518 1831
3794 1748
4021 706
1322 1394
3287 2002
3942 3478
1615 148
217 1137
1313 1904
2376 1175
607 3983
1240 3987
4210 785
3103 4412
1086 2076
3909 1351
1127 1221
2612 4423
3540 3148
1954 253
2749 993
1593 3974
3710 2671
3797 3253
2496 2784
1511 4055
934 1833
2185 1797
4463 2586
3614 21
3630 4280
3917 4020
3938 1855
374 4368
3990 1874
1996 4206
229 2356
1958 889
3857 3862
1219 3680
4128 4255
1050 1869
2435 1974
1973 3277
3909 3934
4460 4328
322 3351
2654 2180
4344 1499
4502 1473
2099 1666
1771 1474
1901 688
2060 373
673 1904
1357 2603
1954 1544
1640 3774
262 1856
3906 246
657 3803
164 234
2353 1567
1787 4207
2481 1720
1854 2824
1458 3541
2203 3378
768 10
2531 2978
2940 2349
370 4529
3143 2346
1074 4220
4138 4367
846 3921
3540 40
254 440
4013 2893
1548 3951
2876 3055
3665 3813
2583 3314
3175 575
2299 4280
572 3064
1901 2623
317 2376
2947 1344
4213 1043
330 1445
4466 584
416 4325
1404 1732
4032 2580
4449 1047
23 2931
1404 404
300 373
3216 2112
4511 3551
759 2525
333 1239
2331 1834
3124 2528
750 2479
3216 1874
551 1728
559 2633
1184 207
751 3467
297 2906
3439 1637
1843 889
564 1358
2279 3277
215 3285
1646 4238
1293 2193
768 334
3421 333
2306 3157
1340 337
1074 757
460 1883
49 2535
1158 1823
4467 1513
4310 1718
3771 4125
1299 1798
4503 316
608 901
725 3685
4130 1381
2591 2620
4493 3165
2234 3535
2358 293
197 1195
4475 3127
958 1913
4448 1935
2454 333
596 4266
3678 2060
2094 372
3041 3010
1261 2635
853 2993
1613 4069
1021 1971
4212 1713
372 3073
2530 4159
2484 4276
2611 1243
101 1189
89 4241
900 837
2694 3423
4155 1045
321 1882
731 140
1466 2586
924 3663
1460 4070
1375 2635
596 3602
423 2660
2990 2656
4071 1290
1437 3957
142 2343
685 2730
1083 3482
1164 3845
1180 622
82 277
645 1381
1369 3680
248 1982
176 160
527 3400
228 274
4379 1115
3185 1838
4465 3670
2898 1460
1376 887
2901 3467
1920 3725
2957 2540
160 4026
2829 2222
4173 925
1581 3345
1373 1600
54 207
769 2382
2246 3396
2778 347
1495 233
2904 3482
2955 479
228 1641
553 77
4428 911
3742 3071
2410 2842
2114 2715
2888 2573
596 2041
423 2935
3446 3921
1389 1272
2693 4116
410 2062
1996 4205
293 1006
2119 2980
1456 4031
2736 452
1407 4279
1257 4496
2724 3366
195 3552
747 2786
3953 1331
3439 1515
2331 3067
3620 2355
3415 1140
2608 2605
1576 2552
1803 2507
2188 655
2201 1871
938 2536
1704 1344
1439 649
65 3554
953 3617
1818 2814
3211 968
4015 486
1421 1965
20 2480
2877 3999
4219 4366
286 4345
3372 1701
1679 1465
4073 1120
2998 2597
1340 3850
503 3548
4210 88
1985 3134
704 2384
2015 3750
3455 285
2477 4546
638 669
89 4228
3999 3107
3539 2595
1903 2975
1048 1813
2976 1604
3163 2472
4252 3662
2043 2051
1716 4087
2213 2477
1564 92
1251 1020
1562 4072
2728 3072
2394 1013
699 1526
2347 1264
3043 4077
4413 3892
4204 2348
1334 3266
1137 4537
256 1339
3630 3862
4113 767
3294 1025
2462 1102
3264 2935
2453 2185
1252 4357
2890 4316
3834 2769
423 3621
2190 3119
4541 3865
1948 3156
418 121
2703 3939
4522 134
751 738
4065 1957
2060 1198
2545 827
3149 1487
2835 895
265 3316
1599 2633
51 2870
982 2337
4399 1620
4518 3607
4459 2972
3950 4348
4505 1291
719 4227
1514 3591
4495 3192
788 769
999 3539
3047 1751
2024 4055
4437 3044
2463 1013
1656 1792
2284 941
553 3738
792 1485
2751 4018
886 3929
1201 1849
4134 225
1837 549
370 3067
2407 3864
2967 855
2894 2403
2993 467
2692 1760
1901 1082
2848 2582
4023 2729
444 3794
460 3534
3202 652
658 3025
1336 3464
2958 3654
869 1179
2290 4020
753 3104
2776 235
674 2649
4322 4271
4128 2380
346 703
3255 2234
2455 1936
753 3396
4449 864
251 1166
4305 3974
1265 736
4160 1176
3219 2373
764 2188
1399 1790
4392 3402
3840 2448
2886 1038
4132 4427
3043 2484
3406 409
64 1409
2484 1859
4156 2244
1045 12
3576 1696
3530 163
2550 2249
364 3454
3415 1306
3112 1235
1597 2903
90 351
3446 1233
1232 432
2578 164
617 486
4215 1845
1176 2397
403 3627
3194 1864
2745 1850
1851 3277
3385 3516
2946 4206
4488 2971
829 3900
1494 3598
1498 2518
1977 3812
25 2700
587 2035
1120 293
112 1298
1414 2540
4216 4540
3638 1225
3434 1030
3496 4181
2333 4167
2020 2670
3211 341
526 367
2220 3422
4216 779
2624 4386
3356 3285
2010 134
3915 1822
3777 3151
33 1777
4173 511
3836 3815
2359 3873
3630 2352
2148 1283
2865 2329
449 3311
1363 1172
2067 1363
2541 818
1958 673
2101 4188
1543 1415
2859 1130
2008 1023
4135 2111
1576 2928
1895 1121
2669 2861
996 972
1940 1746
1641 1205
688 1525
1994 689
1679 2043
580 107
3203 724
1431 3827
731 4327
2596 3910
3260 1414
2044 1020
544 48
1800 1560
495 4342
3722 1930
1850 2755
4448 4105
