5
910 1845 754
848 210
902 649
896 356
609 197
909 673
439 332
705 587
182 376
324 648
410 762
448 414
718 680
449 507
121 239
207 34
816 647
408 681
393 845
96 78
246 703
708 547
739 76
188 563
141 563
52 742
469 530
775 107
683 760
432 761
250 862
101 282
333 835
726 836
661 349
671 422
758 185
219 666
628 648
453 779
744 593
494 305
883 365
510 71
532 647
875 87
858 681
768 266
254 178
88 762
184 21
27 362
499 2
168 21
910 526
711 427
28 491
735 650
80 458
557 396
370 759
386 863
191 426
831 885
784 887
259 843
340 302
20 851
877 666
177 135
263 82
392 113
183 13
557 1
1 337
910 682
682 565
386 680
680 79
784 610
610 202
453 752
752 805
88 148
148 501
532 764
764 174
340 397
397 19
735 214
214 879
683 748
748 110
80 882
882 16
263 686
686 37
20 842
842 704
340 394
394 133
183 899
899 743
183 635
635 303
449 502
502 357
896 679
679 817
469 85
85 620
28 834
834 174
532 38
38 484
744 316
316 554
469 493
493 336
758 170
170 366
510 798
798 660
875 593
593 366
816 712
712 652
744 224
224 406
28 378
378 202
557 519
519 321
877 688
688 710
449 702
702 337
386 286
286 704
259 234
234 841
775 826
826 19
848 615
615 562
711 672
672 555
683 829
829 303
183 865
865 310
902 732
732 257
831 23
23 841
141 516
516 556
883 589
589 358
726 575
575 337
183 142
142 257
739 262
262 321
246 36
36 9
183 98
98 786
848 230
230 37
628 874
874 592
448 851
851 653
896 211
211 358
848 399
399 366
453 144
144 710
254 48
48 879
448 287
287 209
453 326
326 310
259 281
281 402
219 797
797 556
182 646
646 110
858 76
76 778
708 827
827 660
453 239
239 741
191 747
747 133
410 619
619 9
393 750
750 710
250 857
857 9
609 157
157 541
370 537
537 467
831 3
3 310
408 606
606 710
246 762
762 856
877 819
819 658
683 667
667 562
453 552
552 814
448 429
429 856
499 226
226 358
661 847
847 127
896 273
273 501
563 741
883 509
509 713
708 464
464 66
768 376
376 155
453 22
22 337
758 725
725 658
758 738
738 501
408 734
734 18
671 475
475 193
188 720
720 359
432 497
497 337
439 276
276 601
557 161
161 841
816 614
614 541
499 377
377 402
28 95
95 496
708 181
181 653
758 534
534 674
499 550
550 571
28 676
676 710
439 139
139 560
557 7
7 709
896 205
205 741
184 529
529 713
254 462
462 560
784 312
312 554
735 134
134 571
168 888
888 91
775 860
860 238
708 4
4 786
848 666
666 310
775 63
63 612
784 115
115 501
671 605
605 66
896 415
415 741
532 772
772 837
250 228
228 380
469 604
604 565
27 33
33 709
784 258
258 155
661 29
29 571
333 135
135 68
207 463
463 202
188 5
5 359
408 656
656 310
439 307
307 253
875 339
339 856
768 299
299 238
80 109
109 127
739 650
650 611
432 478
478 879
494 757
757 238
909 369
369 380
671 440
440 723
449 220
220 357
448 800
800 524
80 407
407 841
20 564
564 79
499 455
455 611
902 521
521 592
775 662
662 629
408 438
438 554
768 368
368 496
392 594
594 110
188 468
468 127
609 885
885 336
910 301
301 571
20 32
32 366
671 777
777 844
775 60
60 556
875 511
511 879
333 442
442 357
902 383
383 541
80 503
503 611
661 361
361 359
191 824
824 743
758 384
384 524
432 668
668 704
510 322
322 303
831 685
685 484
510 855
855 137
628 637
637 620
88 849
849 174
27 105
105 658
453 677
677 658
494 553
553 841
393 457
457 879
52 701
701 741
910 669
669 837
896 570
570 713
705 608
608 652
246 538
538 658
910 869
869 621
392 638
638 402
744 583
583 91
168 145
145 582
432 329
329 611
207 644
644 582
448 270
270 541
333 81
81 710
52 401
401 202
263 297
297 366
259 283
283 359
858 279
279 524
408 477
477 592
52 461
461 560
609 65
65 358
784 210
210 380
628 55
55 155
207 111
111 18
768 288
288 805
392 235
235 112
768 292
292 19
739 434
434 592
183 766
766 582
494 285
285 710
628 806
806 629
101 719
719 555
370 643
643 693
708 523
523 358
739 903
903 620
883 26
26 571
848 789
789 137
532 809
809 704
469 872
872 620
784 456
456 621
768 389
389 133
775 795
795 629
896 731
731 193
263 728
728 253
101 163
163 555
726 328
328 238
188 746
746 756
183 179
179 556
20 763
763 496
96 714
714 565
735 388
388 253
28 695
695 709
453 84
84 137
910 185
185 737
263 624
624 337
324 566
566 18
768 525
525 68
735 317
317 660
858 767
767 844
219 607
607 524
188 716
716 193
739 379
379 238
453 792
792 814
499 50
50 652
52 892
892 723
27 699
699 737
448 293
293 501
141 576
576 37
121 294
294 366
661 659
659 16
101 126
126 786
408 130
130 253
683 703
703 366
848 890
890 18
177 290
290 496
858 906
906 778
683 539
539 133
705 488
488 555
408 878
878 155
408 761
761 652
386 314
314 202
661 894
894 653
96 203
203 621
831 561
561 406
121 441
441 337
705 44
44 524
708 169
169 756
705 164
164 16
896 69
69 9
219 435
435 743
705 815
815 562
628 460
460 555
263 278
278 202
188 591
591 612
96 93
93 359
883 458
458 257
875 247
247 238
250 162
162 357
27 106
106 560
96 47
47 786
557 573
573 737
96 356
356 337
28 382
382 541
410 779
779 366
609 654
654 814
168 783
783 612
259 421
421 571
848 123
123 467
177 769
769 611
449 445
445 406
494 72
72 850
532 717
717 359
28 780
780 337
20 165
165 825
532 87
87 359
494 90
90 112
532 46
46 556
259 349
349 620
661 167
167 879
726 753
753 524
386 891
891 127
768 414
414 560
168 585
585 66
250 159
159 850
661 43
43 110
333 673
673 18
758 409
409 756
499 773
773 756
768 512
512 366
557 696
696 560
121 540
540 713
671 67
67 321
902 173
173 588
671 466
466 357
392 852
852 556
80 631
631 601
168 700
700 856
735 579
579 337
858 352
352 73
96 470
470 337
831 102
102 209
711 25
25 554
324 172
172 402
448 517
517 110
628 452
452 357
718 204
204 778
494 341
341 380
896 311
311 9
250 197
197 337
88 231
231 710
726 893
893 737
432 284
284 357
661 839
839 359
370 315
315 68
259 422
422 359
20 647
647 814
758 900
900 837
831 613
613 406
439 271
271 660
735 692
692 620
557 78
78 127
408 782
782 238
784 275
275 825
705 175
175 524
718 791
791 402
883 898
898 588
20 854
854 18
28 515
515 850
20 99
99 674
683 206
206 592
207 124
124 658
333 251
251 16
739 347
347 841
768 518
518 402
168 391
391 723
80 330
330 209
708 568
568 562
191 57
57 16
393 282
282 879
744 616
616 238
739 687
687 565
784 308
308 693
207 222
222 467
705 641
641 253
858 215
215 592
448 505
505 741
718 192
192 555
784 447
447 841
848 118
118 68
96 559
559 693
259 908
908 380
20 770
770 556
718 755
755 709
858 887
887 704
711 684
684 778
910 508
508 612
393 240
240 303
739 291
291 653
432 491
491 66
219 655
655 484
739 218
218 588
902 547
547 358
259 10
10 303
27 694
694 541
250 364
364 358
432 479
479 620
191 533
533 112
101 520
520 786
875 140
140 358
532 252
252 357
250 116
116 658
121 243
243 127
20 431
431 359
557 586
586 37
386 385
385 710
848 71
71 571
744 156
156 155
784 344
344 133
816 248
248 741
410 651
651 805
768 443
443 837
705 187
187 79
816 372
372 565
758 108
108 554
775 807
807 660
557 343
343 693
88 351
351 73
191 721
721 555
494 664
664 850
609 15
15 127
768 871
871 841
246 808
808 856
246 596
596 133
392 574
574 402
177 400
400 560
254 416
416 366
340 471
471 303
883 58
58 112
432 528
528 741
718 403
403 555
831 504
504 879
408 884
884 805
121 581
581 879
340 868
868 879
386 546
546 620
207 598
598 660
121 551
551 571
219 153
153 621
168 196
196 741
775 759
759 582
848 639
639 253
708 272
272 571
831 830
830 611
718 901
901 554
910 751
751 817
184 2
2 737
408 237
237 16
188 306
306 484
219 199
199 621
439 107
107 713
141 274
274 621
683 870
870 193
80 195
195 582
184 584
584 850
683 485
485 524
20 256
256 786
816 630
630 786
449 859
859 18
333 21
21 693
333 670
670 741
711 544
544 562
609 40
40 524
333 542
542 19
177 843
843 91
393 812
812 238
183 35
35 496
775 821
821 850
324 83
83 601
469 801
801 611
393 236
236 73
263 867
867 501
88 217
217 127
739 845
845 321
883 277
277 359
88 818
818 856
101 476
476 562
259 451
451 337
393 51
51 582
393 803
803 174
184 804
804 621
88 480
480 37
449 266
266 565
183 396
396 571
661 548
548 850
28 530
530 496
439 49
49 741
711 302
302 359
207 760
760 756
28 94
94 741
510 229
229 612
141 131
131 257
848 114
114 709
52 864
864 358
775 417
417 110
370 569
569 37
883 749
749 713
883 465
465 137
410 481
481 841
439 39
39 786
775 536
536 693
250 742
742 555
263 327
327 565
499 41
41 358
671 866
866 562
683 154
154 817
246 776
776 321
410 298
298 467
410 793
793 601
141 545
545 155
246 120
120 359
259 223
223 756
184 897
897 359
219 313
313 110
449 180
180 621
744 788
788 127
207 280
280 357
191 527
527 850
141 724
724 805
439 707
707 611
705 648
648 37
393 486
486 336
386 353
353 174
410 233
233 524
705 113
113 629
207 506
506 91
188 86
86 601
432 200
200 704
263 424
424 484
683 590
590 541
902 832
832 879
883 836
836 693
831 245
245 856
557 794
794 709
410 487
487 68
408 346
346 193
80 24
24 402
365 402
910 345
345 723
858 201
201 856
28 418
418 778
246 907
907 560
705 625
625 592
858 152
152 817
758 500
500 337
393 733
733 571
141 261
261 674
469 331
331 620
628 444
444 321
499 822
822 303
141 221
221 621
711 295
295 709
661 128
128 541
393 796
796 155
184 691
691 496
683 813
813 524
408 375
375 592
494 129
129 137
370 362
362 814
392 77
77 710
449 323
323 19
263 459
459 588
909 241
241 66
718 689
689 741
726 640
640 155
902 227
227 66
499 304
304 629
121 371
371 202
250 587
587 73
96 11
11 66
183 578
578 257
408 45
45 805
439 122
122 155
744 425
425 556
784 318
318 879
744 160
160 571
494 269
269 257
744 811
811 137
469 34
34 336
448 190
190 556
661 820
820 406
705 265
265 601
88 531
531 850
705 64
64 856
340 492
492 133
661 474
474 704
182 268
268 359
784 886
886 879
20 74
74 16
141 296
296 484
28 198
198 817
246 189
189 321
448 398
398 9
705 840
840 112
96 482
482 336
532 89
89 16
683 289
289 709
848 446
446 366
386 765
765 9
671 828
828 653
80 513
513 359
80 873
873 174
910 642
642 743
432 698
698 879
101 678
678 710
510 8
8 337
207 213
213 137
96 490
490 209
896 264
264 202
683 657
657 359
718 472
472 79
183 787
787 704
101 413
413 257
877 727
727 817
392 325
325 674
784 150
150 629
816 697
697 73
250 599
599 310
557 904
904 18
386 483
483 611
370 309
309 133
96 558
558 174
246 790
790 193
744 754
754 406
191 535
535 357
219 876
876 555
28 507
507 19
661 348
348 18
705 149
149 743
219 740
740 713
718 595
595 879
739 617
617 850
410 799
799 66
121 675
675 841
848 450
450 321
875 428
428 693
333 889
889 337
858 419
419 660
52 334
334 496
88 138
138 402
775 905
905 91
96 395
395 837
393 632
632 202
182 350
350 37
410 489
489 358
909 681
681 737
735 14
14 629
499 103
103 16
168 706
706 496
708 136
136 850
469 636
636 155
683 549
549 825
219 736
736 825
784 715
715 837
768 404
404 16
340 374
374 756
448 319
319 202
858 454
454 601
141 722
722 674
768 367
367 554
848 119
119 66
739 300
300 756
628 665
665 366
708 354
354 402
877 863
863 406
250 194
194 9
28 633
633 709
758 690
690 303
432 267
267 660
80 30
30 658
168 373
373 310
453 774
774 814
510 498
498 660
324 663
663 357
219 405
405 554
370 12
12 560
768 514
514 310
705 745
745 112
183 426
426 357
726 423
423 133
340 342
342 560
333 158
158 337
121 522
522 556
739 208
208 524
246 387
387 19
705 13
13 620
705 54
54 814
831 225
225 856
708 338
338 337
386 634
634 841
469 332
332 571
96 645
645 110
744 626
626 174
877 580
580 560
439 771
771 817
726 320
320 620
52 618
618 723
661 143
143 879
254 62
62 743
207 260
260 879
439 178
178 588
499 132
132 844
177 59
59 571
448 781
781 406
708 255
255 629
191 623
623 620
207 186
186 674
168 412
412 137
910 853
853 612
705 305
305 556
183 436
436 155
96 97
97 18
875 730
730 850
141 881
881 856
469 603
603 209
875 427
427 704
449 232
232 743
671 433
433 674
510 146
146 501
661 862
862 741
88 249
249 137
453 649
649 817
775 244
244 406
449 835
835 601
182 56
56 556
469 622
622 79
392 572
572 817
683 335
335 652
494 577
577 310
410 242
242 723
250 363
363 357
726 729
729 501
219 42
42 73
410 430
430 137
254 802
802 620
768 411
411 337
121 810
810 805
909 212
212 467
469 437
437 555
784 216
216 467
711 838
838 238
453 846
846 541
101 597
597 238
333 75
75 560
883 92
92 778
711 31
31 856
28 600
600 660
246 381
381 778
141 82
82 588
333 355
355 554
259 823
823 336
263 100
100 756
453 53
53 814
410 171
171 713
499 117
117 837
448 420
420 380
910 785
785 879
80 390
390 406
324 567
567 629
96 543
543 817
532 104
104 19
718 6
6 357
726 360
360 601
875 895
895 501
816 833
833 709
758 473
473 629
848 602
602 501
909 166
166 879
532 151
151 571
88 627
627 817
393 176
176 336
410 125
125 541
910 880
880 16
848 17
17 723
726 70
70 805
410 495
495 66
259 861
861 19
448 526
526 825
386 61
61 825
858 147
147 110
403 629
864 174
196 850
226 756
626 709
115 620
828 592
697 91
770 555
466 358
148 484
728 660
100 359
58 611
97 541
291 357
452 73
811 737
751 710
728 37
845 601
124 238
230 805
696 524
365 556
897 467
456 652
64 9
761 110
703 310
352 856
854 582
549 841
189 496
594 723
481 693
736 193
360 18
23 366
444 501
281 674
447 653
631 741
236 127
498 68
634 406
369 817
103 133
107 257
518 79
865 303
140 713
446 562
140 612
237 380
472 743
792 879
623 16
457 209
114 137
92 402
385 337
373 112
279 565
81 844
777 321
21 814
426 704
335 554
383 253
385 786
860 621
21 202
58 66
167 336
293 571
853 658
796 778
6 560
820 837
288 588
40 19
126 155
830 484
248 362
339 304
864 125
511 434
635 398
819 495
81 241
589 778
773 21
123 611
46 696
281 71
633 853
432 255
198 498
81 547
304 9
157 596
258 417
292 780
539 203
727 837
769 192
227 59
593 870
876 359
256 194
106 178
550 5
102 122
247 266
227 127
181 40
258 590
829 34
163 124
441 887
374 255
340 738
482 634
333 248
685 864
397 484
748 199
356 507
346 474
386 827
388 507
870 879
760 560
182 648
643 832
587 8
273 319
59 484
683 649
552 111
135 403
584 176
901 117
598 133
29 69
892 412
181 850
490 472
345 774
790 19
683 670
851 721
216 360
340 260
707 572
669 825
149 549
606 814
362 42
907 12
98 74
559 436
298 736
586 374
43 663
573 261
435 674
234 617
471 844
329 631
449 777
407 491
650 354
855 541
782 642
552 789
410 820
122 310
529 651
230 312
590 232
418 122
864 611
281 3
643 513
328 706
739 854
521 558
751 729
892 786
254 40
52 203
818 213
807 670
764 527
542 629
183 780
76 402
815 8
461 838
480 853
394 562
680 811
499 730
287 794
449 849
528 740
800 130
735 153
88 389
573 891
910 736
204 586
130 153
752 232
170 264
385 412
107 799
732 707
899 626
187 149
552 585
718 729
803 649
551 129
12 100
795 871
827 405
430 473
276 788
663 54
593 229
764 352
384 92
818 405
281 358
607 582
415 5
75 565
840 787
701 691
370 124
761 517
1 85
534 773
254 647
538 472
773 419
827 636
23 227
115 880
648 560
312 713
898 807
827 422
441 422
24 856
859 832
606 569
552 670
179 40
669 275
476 582
368 37
581 476
887 459
908 1883 868
30 278
699 662
45 893
874 39
187 604
608 829
204 542
777 413
883 725
154 50
657 572
683 249
257 57
387 51
100 13
883 732
732 644
883 654
654 489
45 868
868 880
777 90
90 908
154 737
737 69
154 856
856 407
100 316
316 48
683 356
356 845
608 904
904 200
100 289
289 578
387 448
448 139
45 504
504 564
30 676
676 602
187 632
632 578
30 235
235 908
30 524
524 200
257 320
320 908
187 63
63 489
777 41
41 489
45 108
108 845
777 268
268 48
30 368
368 644
874 346
346 380
657 429
429 866
154 491
491 19
683 689
689 845
387 703
703 200
154 422
422 195
257 772
772 880
699 133
133 564
154 29
29 628
204 565
565 644
608 640
640 908
30 377
377 378
657 206
206 384
777 121
121 264
204 37
37 602
154 473
473 628
683 839
839 69
874 486
486 195
154 241
241 644
683 830
830 880
883 661
661 602
608 332
332 264
657 323
323 489
387 681
681 264
154 541
541 407
154 62
62 620
657 539
539 48
874 572
572 908
204 844
844 564
683 815
815 644
387 354
354 845
699 540
540 407
257 23
23 264
30 281
281 200
657 325
325 564
777 621
621 578
874 794
794 48
699 57
57 578
387 604
604 407
100 807
807 48
874 667
667 139
387 319
319 602
45 304
304 384
154 412
412 380
608 543
543 69
883 450
450 159
387 408
408 238
204 376
376 845
883 760
760 908
100 220
220 195
204 242
242 19
30 402
402 564
387 31
31 238
154 757
757 578
657 307
307 69
683 853
853 908
874 218
218 407
257 15
15 238
30 618
618 378
683 223
223 200
45 247
247 139
608 460
460 602
883 177
177 380
100 765
765 200
683 267
267 578
777 852
852 880
257 481
481 564
154 808
808 69
699 243
243 19
45 672
672 407
154 351
351 407
883 213
213 238
204 588
588 880
699 537
537 139
204 626
626 489
777 784
784 602
204 219
219 69
608 331
331 628
387 436
436 880
657 164
164 644
154 432
432 380
683 321
321 200
874 542
542 407
257 607
607 908
699 203
203 238
683 865
865 19
154 615
615 195
30 276
276 620
100 74
74 489
257 752
752 866
387 887
887 908
30 478
478 380
30 300
300 880
45 547
547 378
777 744
744 407
874 562
562 264
100 12
12 908
699 39
39 384
683 680
680 620
154 353
353 378
187 647
647 48
699 801
801 644
777 559
559 378
883 576
576 489
257 222
222 602
883 717
717 264
257 89
89 238
257 418
418 19
777 741
741 238
100 659
659 200
777 631
631 384
683 256
256 407
883 135
135 908
387 891
891 195
154 487
487 159
699 423
423 48
699 862
862 564
45 651
651 620
45 464
464 378
883 903
903 380
683 113
113 620
30 707
707 578
30 532
532 628
683 92
92 48
100 174
174 195
100 499
499 69
45 34
34 866
204 365
365 620
608 428
428 238
257 658
658 628
883 678
678 69
187 746
746 845
387 544
544 69
187 819
819 195
257 79
79 644
387 123
123 69
187 355
355 628
100 73
73 880
154 549
549 384
777 581
581 628
683 347
347 845
45 563
563 628
187 793
793 644
874 587
587 620
883 730
730 489
387 308
308 380
699 749
749 578
257 867
867 195
657 729
729 620
699 340
340 195
100 190
190 200
657 253
253 489
187 519
519 69
387 557
557 564
257 216
216 489
204 322
322 69
699 103
103 564
777 864
864 380
30 445
445 139
187 93
93 200
699 382
382 845
683 202
202 880
187 248
248 139
777 893
893 19
699 288
288 489
45 348
348 264
883 364
364 845
657 570
570 602
683 145
145 378
187 721
721 578
608 636
636 908
699 255
255 866
100 674
674 19
777 843
843 238
608 885
885 564
699 107
107 628
257 127
127 200
257 53
53 200
45 637
637 602
657 536
536 845
100 692
692 238
874 745
745 19
30 701
701 159
777 425
425 407
683 447
447 19
874 813
813 845
874 485
485 380
100 443
443 200
657 372
372 407
883 855
855 628
777 371
371 578
387 205
205 866
257 64
64 19
608 551
551 628
777 252
252 378
608 383
383 48
154 66
66 489
187 901
901 48
387 568
568 19
387 393
393 69
100 782
782 908
204 333
333 880
683 837
837 19
257 339
339 866
187 112
112 644
30 11
11 384
683 96
96 407
657 258
258 489
387 99
99 238
883 442
442 195
45 471
471 139
154 804
804 48
154 514
514 378
187 61
61 866
883 528
528 578
874 72
72 200
100 882
882 578
608 589
589 264
883 875
875 200
874 597
597 628
608 104
104 380
30 476
476 238
883 424
424 195
883 826
826 564
257 497
497 845
204 790
790 380
777 161
161 139
777 245
245 880
204 131
131 195
683 818
818 845
154 358
358 48
204 359
359 602
257 567
567 908
45 435
435 880
874 761
761 378
777 124
124 139
874 314
314 48
777 625
625 620
699 32
32 845
154 452
452 380
100 840
840 384
608 349
349 139
608 584
584 845
699 82
82 628
699 244
244 407
45 125
125 628
608 421
421 628
883 802
802 264
100 823
823 620
699 249
249 489
608 399
399 159
154 788
788 384
699 708
708 489
30 262
262 628
608 733
733 407
187 43
43 602
45 147
147 880
204 679
679 264
100 546
546 620
387 278
278 238
699 144
144 19
257 605
605 200
100 171
171 578
387 577
577 48
657 495
495 384
154 623
623 620
154 114
114 264
777 456
456 48
45 49
49 380
257 518
518 238
45 52
52 628
45 282
282 48
777 26
26 200
45 237
237 200
883 610
610 628
45 85
85 620
100 690
690 880
45 212
212 48
657 650
650 564
100 70
70 644
699 35
35 48
387 553
553 564
699 8
8 139
257 474
474 384
657 682
682 200
683 863
863 195
187 229
229 378
777 590
590 908
30 720
720 489
874 835
835 628
187 162
162 845
187 310
310 19
257 754
754 69
387 582
582 620
187 490
490 628
204 736
736 378
154 829
829 620
683 601
601 564
387 718
718 578
100 363
363 866
683 439
439 139
30 492
492 69
30 894
894 620
100 285
285 195
683 201
201 564
30 181
181 644
657 475
475 19
257 451
451 48
387 560
560 19
187 401
401 564
657 548
548 69
683 375
375 880
699 858
858 407
387 595
595 845
608 148
148 908
30 521
521 48
874 758
758 139
257 561
561 602
699 799
799 195
45 9
9 238
30 773
773 200
257 465
465 644
204 687
687 908
777 129
129 620
777 283
283 69
683 67
67 845
777 128
128 564
257 1
1 19
777 664
664 380
608 646
646 880
387 877
877 602
777 302
302 200
100 643
643 628
387 295
295 264
883 279
279 200
608 580
580 378
154 884
884 628
657 336
336 564
699 211
211 564
699 13
13 880
608 224
224 628
657 508
508 880
874 743
743 602
45 290
290 578
874 796
796 380
657 275
275 200
683 738
738 866
699 153
153 620
30 566
566 139
883 438
438 564
874 198
198 238
204 897
897 489
699 315
315 407
387 727
727 628
387 240
240 489
683 609
609 139
45 342
342 48
257 735
735 378
387 105
105 880
657 684
684 644
699 731
731 407
699 36
36 48
387 106
106 264
883 776
776 866
154 700
700 384
45 413
413 620
699 622
622 880
608 785
785 378
257 716
716 407
608 512
512 200
187 585
585 380
187 686
686 200
883 16
16 489
874 878
878 908
777 502
502 200
30 434
434 602
30 230
230 578
608 197
197 578
30 78
78 195
187 685
685 384
100 296
296 200
204 116
116 578
30 168
168 620
387 907
907 264
657 573
573 69
204 33
33 195
100 130
130 69
699 91
91 908
883 126
126 200
699 24
24 564
683 142
142 880
30 87
87 139
257 642
642 378
777 47
47 578
30 390
390 620
777 199
199 564
883 817
817 628
30 780
780 908
154 710
710 69
187 149
149 195
187 373
373 866
30 297
297 620
777 209
209 866
204 697
697 407
45 298
298 628
657 879
879 384
657 638
638 489
657 118
118 628
45 350
350 384
699 482
482 380
777 458
458 628
387 809
809 19
699 313
313 69
187 824
824 620
154 691
691 578
45 101
101 238
45 173
173 564
777 388
388 139
204 480
480 200
883 614
614 48
100 767
767 200
387 38
38 380
387 210
210 378
699 783
783 866
257 791
791 845
883 136
136 139
777 334
334 195
699 714
714 380
683 778
778 69
187 409
409 195
777 876
876 908
100 311
311 159
657 715
715 200
154 178
178 564
154 641
641 69
608 764
764 407
100 906
906 238
257 386
386 628
874 111
111 238
45 871
871 139
45 771
771 845
154 575
575 628
154 225
225 378
154 306
306 628
100 506
506 384
883 182
182 489
257 143
143 908
257 769
769 564
657 42
42 139
657 415
415 880
683 270
270 866
699 517
517 264
45 616
616 195
699 571
571 48
883 821
821 19
45 18
18 384
187 841
841 238
883 775
775 264
30 137
137 489
683 146
146 139
699 529
529 908
683 786
786 620
30 860
860 489
883 179
179 139
657 155
155 644
45 600
600 407
883 849
849 195
777 426
426 620
257 165
165 578
883 520
520 620
699 228
228 200
657 160
160 264
187 83
83 264
187 51
51 380
883 693
693 644
187 886
886 866
657 827
827 602
608 362
362 602
45 420
420 628
257 594
594 880
699 656
656 380
204 284
284 159
657 3
3 384
154 192
192 564
204 611
611 602
100 189
189 602
387 221
221 48
683 263
263 866
883 273
273 238
100 753
753 380
657 583
583 407
154 416
416 407
657 763
763 238
777 500
500 578
45 417
417 159
657 156
156 564
154 312
312 195
204 902
902 19
45 668
668 880
874 635
635 620
45 806
806 866
45 696
696 620
30 71
71 380
699 196
196 159
883 446
446 880
874 828
828 195
45 81
81 378
45 533
533 602
699 414
414 578
187 592
592 628
608 234
234 407
874 404
404 264
683 598
598 380
699 180
180 378
187 711
711 195
883 842
842 880
154 266
266 139
683 294
294 384
777 345
345 908
154 193
193 48
777 742
742 139
608 881
881 384
204 734
734 19
204 634
634 644
608 759
759 866
657 469
469 48
187 138
138 578
874 214
214 195
608 292
292 866
257 627
627 908
657 870
870 866
45 239
239 602
657 629
629 908
699 457
457 602
657 526
526 644
777 117
117 628
387 194
194 48
699 430
430 845
608 673
673 628
777 898
898 380
608 705
705 69
777 463
463 200
874 406
406 620
874 624
624 845
883 653
653 644
204 723
723 407
777 781
781 564
45 392
392 602
154 317
317 866
874 236
236 407
777 454
454 139
777 591
591 380
777 617
617 238
883 97
97 564
187 579
579 620
204 459
459 489
657 360
360 380
683 337
337 866
699 851
851 644
187 343
343 880
204 612
612 69
387 895
895 159
100 280
280 159
657 303
303 159
30 403
403 19
657 507
507 644
874 286
286 69
777 832
832 380
387 398
398 880
30 645
645 628
154 251
251 866
883 792
792 264
608 648
648 620
777 75
75 195
874 606
606 195
45 60
60 48
657 660
660 564
187 836
836 195
100 397
397 908
608 318
318 602
187 596
596 69
154 65
65 69
187 599
599 602
45 462
462 384
154 834
834 384
204 185
185 489
30 27
27 578
683 719
719 19
883 810
810 564
204 509
509 628
100 603
603 578
657 702
702 644
204 231
231 845
883 530
530 489
387 274
274 200
45 789
789 628
387 779
779 264
699 379
379 139
154 109
109 880
204 357
357 628
683 170
170 238
257 706
706 238
30 440
440 384
883 523
523 602
387 77
77 644
699 17
17 378
883 493
493 139
45 272
272 384
257 134
134 48
257 20
20 845
699 847
847 380
608 6
6 238
683 805
805 195
608 110
110 19
657 713
713 378
883 513
513 139
187 766
766 578
257 725
725 845
30 132
132 380
683 846
846 200
683 545
545 628
387 666
666 195
154 25
25 564
883 484
484 644
699 369
369 407
257 419
419 407
204 50
50 159
257 366
366 845
608 768
768 384
204 215
215 908
187 385
385 378
699 55
55 195
45 291
291 628
683 814
814 644
874 748
748 378
683 822
822 564
204 441
441 620
683 896
896 880
204 494
494 384
387 374
374 845
30 479
479 238
154 453
453 264
204 797
797 48
777 503
503 378
387 59
59 384
187 477
477 880
874 188
188 564
777 56
56 489
699 698
698 620
154 709
709 200
100 728
728 489
100 787
787 69
30 293
293 195
874 287
287 620
699 498
498 159
30 467
467 845
608 633
633 19
699 470
470 69
883 515
515 380
204 271
271 908
187 550
550 602
608 726
726 380
608 14
14 200
608 250
250 69
187 811
811 380
683 510
510 880
30 327
327 644
187 869
869 644
45 694
694 866
30 552
552 628
187 695
695 238
657 433
433 602
204 10
10 407
30 516
516 578
187 899
899 378
45 461
461 908
657 527
527 200
204 5
5 48
100 80
80 159
187 756
756 564
387 670
670 628
30 704
704 200
45 722
722 200
683 305
305 489
874 395
395 384
699 335
335 620
777 94
94 407
257 226
226 159
657 511
511 620
100 739
739 880
187 905
905 407
657 88
88 195
874 850
850 139
883 167
167 195
154 140
140 238
45 803
803 139
187 207
207 578
387 900
900 48
257 141
141 200
204 338
338 489
874 391
391 628
257 712
712 264
204 574
574 908
608 344
344 238
699 555
555 200
699 816
816 644
30 431
431 602
100 46
46 200
683 774
774 644
45 838
838 866
883 157
157 908
699 381
381 628
683 217
217 238
657 2
2 384
45 259
259 578
874 449
449 880
699 328
328 384
777 86
86 602
699 688
688 407
30 184
184 620
187 405
405 139
874 28
28 159
187 4
4 407
30 655
655 628
30 176
176 264
257 795
795 19
257 21
21 378
154 119
119 866
387 534
534 159
699 820
820 908
699 535
535 19
30 309
309 620
100 652
652 564
187 639
639 564
387 208
208 578
154 501
501 19
30 613
613 19
883 329
329 578
777 466
466 578
699 269
269 238
874 102
102 908
608 400
400 19
883 872
872 489
657 669
669 48
30 246
246 644
187 40
40 19
387 261
261 264
883 389
389 880
204 630
630 578
699 488
488 578
874 888
888 48
100 254
254 489
30 675
675 845
30 22
22 378
387 889
889 380
883 538
538 48
30 531
531 48
387 324
324 880
699 831
831 620
257 396
396 200
608 798
798 880
387 341
341 238
683 277
277 620
657 437
437 866
657 859
859 644
777 861
861 620
100 120
120 200
683 770
770 69
257 812
812 378
30 232
232 845
187 44
44 578
187 233
233 620
777 569
569 578
657 468
468 19
387 361
361 159
30 301
301 238
154 163
163 19
777 677
677 159
608 68
68 602
683 7
7 602
154 152
152 139
699 115
115 195
699 158
158 238
699 84
84 19
204 191
191 866
204 522
522 602
699 663
663 489
204 411
411 845
204 265
265 48
204 166
166 602
100 857
857 195
608 848
848 602
657 472
472 564
683 169
169 200
699 352
352 195
608 762
762 200
883 427
427 69
257 410
410 238
683 370
370 620
100 186
186 264
883 326
326 489
608 394
394 384
204 833
833 564
699 76
76 602
187 330
330 620
657 151
151 845
45 483
483 602
657 150
150 845
608 890
890 628
45 95
95 644
699 172
172 564
699 227
227 48
387 593
593 384
883 175
175 200
777 505
505 69
883 496
496 380
883 755
755 384
683 586
586 384
45 260
260 845
45 367
367 845
154 740
740 407
699 873
873 489
387 299
299 19
777 825
825 200
187 525
525 880
777 183
183 564
657 671
671 378
608 724
724 139
683 892
892 644
100 54
54 908
100 751
751 407
608 58
58 845
777 444
444 139
662 195
100 556
556 264
45 455
455 19
187 750
750 384
187 122
122 264
608 649
649 880
30 619
619 159
874 665
665 407
154 800
800 48
608 558
558 69
187 554
554 264
187 747
747 489
257 98
98 908
699 854
854 489
680 264
92 139
308 578
297 48
309 489
812 195
54 880
585 407
171 866
458 238
547 200
353 69
533 908
249 159
230 644
98 380
3 19
237 602
103 628
658 845
347 620
649 564
695 384
433 389
339 345
97 254
840 736
815 25
64 294
358 545
350 134
631 142
46 152
576 889
239 586
347 106
879 880
61 310
230 394
692 854
469 606
252 545
145 552
417 713
893 718
648 184
253 207
379 391
700 25
566 798
722 183
477 410
355 713
796 662
603 10
310 361
749 112
643 261
118 210
185 873
302 706
249 151
318 215
379 467
480 80
419 797
565 621
716 441
882 373
692 653
219 75
901 713
454 726
581 308
229 574
156 453
249 742
761 482
906 54
235 410
332 243
213 694
340 756
93 210
170 675
508 890
801 457
365 95
746 789
469 158
306 472
294 792
808 451
760 122
459 722
804 798
203 298
902 629
590 419
24 277
608 483
442 86
91 303
23 55
106 545
659 696
426 725
416 446
157 69
758 498
62 280
474 208
720 381
597 373
358 526
16 367
763 75
282 315
519 244
491 894
182 415
666 21
730 595
626 413
52 629
52 578
498 139
135 224
357 95
320 130
442 226
923 1804 880
246 236
407 816
523 855
318 765
143 386
491 763
19 804
399 554
102 519
189 171
71 592
214 107
762 607
609 334
407 419
419 589
19 483
483 863
762 757
757 760
318 424
424 684
71 443
443 737
762 675
675 760
71 546
546 469
491 698
698 147
609 233
233 557
407 500
500 211
143 716
716 843
143 50
50 470
407 499
499 759
399 764
764 507
19 454
454 33
246 435
435 605
19 654
654 315
189 478
478 605
189 579
579 863
246 276
276 469
762 56
56 684
491 363
363 33
318 534
534 211
143 853
853 760
523 825
825 469
246 841
841 442
214 793
793 612
318 293
293 843
71 420
420 601
523 307
307 684
491 817
817 557
71 874
874 507
491 217
217 760
407 633
633 141
399 593
593 760
19 328
328 760
189 896
896 843
491 594
594 127
71 783
783 589
762 795
795 605
246 766
766 315
246 113
113 181
71 173
173 442
246 43
43 469
214 880
880 181
214 105
105 211
189 549
549 322
318 787
787 684
399 771
771 181
246 893
893 470
523 665
665 507
762 538
538 684
491 510
510 507
71 47
47 322
102 669
669 470
143 505
505 588
71 615
615 760
491 277
277 557
491 827
827 589
246 170
170 843
102 855
855 759
407 866
866 843
407 657
657 605
214 145
145 442
143 14
14 737
609 602
602 589
189 93
93 322
491 380
380 315
523 131
131 350
214 282
282 589
523 774
774 760
246 308
308 469
318 265
265 737
189 297
297 211
609 242
242 33
399 782
782 612
523 151
151 550
214 46
46 127
523 128
128 759
246 686
686 368
143 17
17 442
318 667
667 760
19 66
66 33
71 430
430 442
19 599
599 612
214 711
711 470
762 135
135 469
318 742
742 759
407 811
811 589
399 219
219 368
399 644
644 470
143 713
713 470
318 562
562 211
246 202
202 588
102 244
244 442
71 648
648 181
399 613
613 759
491 114
114 588
407 409
409 322
143 904
904 550
189 249
249 601
399 204
204 469
407 241
241 127
189 388
388 211
491 337
337 442
246 629
629 588
71 796
796 737
762 406
406 605
214 636
636 612
189 718
718 83
102 11
11 507
318 369
369 141
399 813
813 601
246 751
751 383
399 354
354 83
491 818
818 469
609 687
687 470
762 616
616 605
19 812
812 605
762 257
257 550
71 390
390 368
762 45
45 147
523 909
909 315
71 345
345 605
19 157
157 605
19 321
321 181
407 426
426 612
214 680
680 33
762 655
655 383
214 439
439 470
19 707
707 211
407 111
111 605
214 578
578 442
214 727
727 33
491 834
834 368
246 695
695 557
491 859
859 760
609 212
212 127
214 432
432 383
609 136
136 141
523 734
734 605
523 201
201 684
214 559
559 322
523 112
112 147
71 207
207 322
143 512
512 315
19 324
324 601
19 522
522 843
399 216
216 469
491 386
386 368
609 752
752 470
491 349
349 507
71 271
271 315
523 463
463 589
189 673
673 605
102 835
835 863
523 7
7 33
762 916
916 368
102 784
784 127
19 829
829 322
102 415
415 322
609 754
754 147
214 712
712 83
19 608
608 863
189 98
98 83
407 643
643 759
189 404
404 863
491 118
118 684
762 708
708 127
407 356
356 684
762 92
92 863
491 920
920 759
491 606
606 442
762 53
53 147
399 197
197 442
523 703
703 863
407 830
830 601
407 464
464 863
318 728
728 737
102 848
848 315
189 370
370 33
143 662
662 469
214 810
810 684
407 325
325 550
214 473
473 612
399 269
269 507
762 87
87 315
609 55
55 507
189 70
70 759
491 660
660 147
71 225
225 147
143 725
725 507
491 781
781 550
102 153
153 368
19 423
423 83
71 104
104 589
246 245
245 83
318 504
504 383
318 23
23 863
189 514
514 322
523 677
677 469
71 753
753 507
246 822
822 442
143 311
311 141
491 610
610 147
143 480
480 33
19 8
8 737
102 883
883 843
143 64
64 322
407 526
526 127
399 806
806 469
102 94
94 383
318 773
773 863
523 803
803 469
246 573
573 383
143 175
175 141
19 155
155 211
399 571
571 470
762 21
21 863
609 60
60 33
71 484
484 469
491 42
42 383
762 34
34 760
399 228
228 605
407 446
446 507
318 224
224 33
19 918
918 759
19 548
548 33
214 799
799 211
143 563
563 557
523 6
6 442
609 57
57 127
318 889
889 83
523 646
646 737
246 115
115 507
523 304
304 181
143 137
137 127
19 700
700 469
762 266
266 588
407 428
428 368
71 461
461 470
102 587
587 83
102 69
69 470
214 397
397 315
523 913
913 83
214 190
190 601
523 85
85 147
609 340
340 368
762 333
333 760
399 441
441 469
102 110
110 605
523 802
802 181
523 679
679 557
491 317
317 588
143 517
517 322
246 776
776 588
318 528
528 684
71 886
886 760
214 770
770 588
407 193
193 601
71 191
191 368
189 489
489 181
189 450
450 863
523 547
547 211
491 705
705 589
189 860
860 588
189 40
40 470
523 543
543 147
762 861
861 737
214 641
641 760
246 39
39 383
491 78
78 211
399 775
775 588
71 176
176 442
523 621
621 863
19 733
733 315
491 449
449 127
102 477
477 843
143 604
604 383
491 299
299 211
246 828
828 605
19 144
144 181
491 305
305 601
19 607
607 33
523 295
295 863
246 870
870 442
102 746
746 181
399 724
724 322
609 832
832 350
399 296
296 469
246 331
331 322
102 620
620 605
246 554
554 863
491 628
628 550
143 10
10 550
71 396
396 141
143 635
635 127
609 819
819 33
762 653
653 127
214 44
44 315
762 393
393 383
189 508
508 589
609 15
15 601
762 516
516 127
19 303
303 759
318 1
1 141
246 166
166 181
762 376
376 315
762 158
158 588
214 91
91 601
71 359
359 211
762 326
326 33
19 747
747 322
762 278
278 127
246 150
150 601
143 192
192 83
71 815
815 350
143 116
116 589
407 833
833 211
189 408
408 601
523 256
256 588
246 472
472 863
399 749
749 350
407 670
670 863
318 545
545 605
762 699
699 588
71 912
912 737
214 187
187 141
399 160
160 589
491 48
48 760
762 814
814 211
214 258
258 350
609 765
765 605
399 821
821 605
318 768
768 588
71 617
617 33
19 715
715 684
71 837
837 350
19 520
520 127
246 709
709 507
102 809
809 141
246 717
717 843
71 280
280 737
491 161
161 83
214 200
200 127
19 313
313 737
71 565
565 470
189 493
493 147
318 365
365 588
214 726
726 315
19 405
405 127
491 481
481 127
143 614
614 759
143 209
209 181
71 152
152 605
318 682
682 33
399 501
501 127
523 162
162 588
19 503
503 612
762 797
797 442
189 401
401 759
407 389
389 147
407 38
38 760
491 730
730 127
407 314
314 315
318 264
264 211
246 429
429 589
71 906
906 181
189 907
907 557
143 485
485 550
407 267
267 469
143 476
476 211
407 844
844 557
609 694
694 383
189 576
576 760
246 568
568 141
19 467
467 863
491 788
788 141
407 100
100 315
318 75
75 141
214 905
905 469
318 867
867 760
318 82
82 141
71 270
270 557
762 898
898 601
143 221
221 211
19 486
486 383
407 739
739 557
407 392
392 322
523 891
891 684
399 475
475 507
407 846
846 684
762 521
521 315
318 619
619 322
189 149
149 843
246 482
482 181
71 596
596 605
318 603
603 350
407 611
611 588
762 626
626 470
491 103
103 322
762 745
745 737
407 921
921 612
609 581
581 181
19 845
845 383
407 600
600 863
189 367
367 557
407 910
910 211
143 169
169 315
189 496
496 601
143 661
661 684
189 640
640 181
491 119
119 322
399 174
174 315
523 36
36 589
143 696
696 368
102 348
348 141
102 178
178 550
609 362
362 863
214 394
394 601
246 154
154 83
19 851
851 350
189 882
882 605
407 25
25 760
318 597
597 211
762 255
255 350
318 723
723 83
762 671
671 612
318 261
261 550
407 332
332 843
523 172
172 557
246 801
801 760
189 107
107 601
491 427
427 127
143 474
474 350
762 188
188 863
523 869
869 469
491 268
268 737
246 298
298 760
491 805
805 863
246 395
395 147
491 642
642 589
407 146
146 589
762 902
902 507
491 735
735 127
189 878
878 211
399 373
373 368
71 163
163 350
491 418
418 507
399 794
794 315
399 445
445 83
189 410
410 684
399 840
840 605
19 312
312 83
71 378
378 147
102 403
403 383
71 903
903 550
762 122
122 147
143 544
544 588
102 524
524 141
19 283
283 322
491 618
618 181
407 623
623 83
102 767
767 469
407 761
761 368
523 532
532 442
19 553
553 760
189 198
198 181
189 123
123 612
762 816
816 315
399 888
888 368
71 184
184 141
19 577
577 127
189 854
854 368
762 681
681 141
399 572
572 442
214 84
84 147
399 865
865 147
214 652
652 315
246 28
28 83
214 352
352 605
609 156
156 127
189 124
124 601
102 748
748 760
491 227
227 760
189 58
58 557
71 252
252 211
246 129
129 843
407 342
342 181
214 159
159 442
214 230
230 507
189 279
279 147
143 732
732 557
102 371
371 684
523 253
253 350
318 702
702 589
318 208
208 469
762 792
792 181
609 858
858 350
609 239
239 759
399 564
564 507
609 353
353 211
523 462
462 147
214 456
456 863
214 447
447 589
609 569
569 127
189 86
86 550
609 351
351 589
19 238
238 211
523 785
785 589
246 125
125 470
71 542
542 601
491 574
574 442
143 494
494 315
407 117
117 737
189 20
20 33
19 823
823 759
143 706
706 507
102 540
540 141
246 777
777 141
762 513
513 550
102 529
529 181
71 97
97 470
102 631
631 863
102 358
358 368
491 567
567 181
214 3
3 368
318 237
237 605
71 61
61 550
609 364
364 315
407 892
892 684
189 511
511 33
189 630
630 612
102 914
914 863
318 539
539 383
143 790
790 601
214 329
329 315
399 27
27 368
246 385
385 33
143 4
4 147
143 744
744 863
523 222
222 588
399 714
714 760
19 448
448 33
19 366
366 760
189 556
556 759
609 769
769 588
246 130
130 322
762 41
41 141
246 692
692 605
19 206
206 550
399 849
849 181
189 487
487 211
318 678
678 322
214 590
590 863
609 234
234 141
318 743
743 83
143 223
223 127
102 240
240 33
102 335
335 759
214 387
387 211
143 416
416 843
246 536
536 383
214 62
62 684
19 471
471 557
491 756
756 350
102 585
585 605
143 182
182 383
491 30
30 760
318 850
850 350
143 864
864 211
491 320
320 589
246 575
575 589
19 286
286 612
214 836
836 350
102 361
361 368
523 624
624 33
609 96
96 843
189 738
738 368
102 668
668 211
71 203
203 605
71 479
479 322
189 741
741 383
189 697
697 605
762 444
444 684
407 583
583 759
214 16
16 863
407 498
498 507
523 857
857 469
523 106
106 83
318 59
59 322
246 722
722 612
523 247
247 843
399 316
316 588
399 65
65 605
318 778
778 589
19 890
890 83
407 627
627 469
491 251
251 557
71 455
455 211
19 294
294 684
407 808
808 315
71 140
140 211
102 210
210 368
399 417
417 470
214 897
897 147
143 134
134 843
523 468
468 612
399 852
852 181
102 101
101 147
407 650
650 601
246 634
634 612
71 347
347 470
143 453
453 127
246 73
73 737
407 330
330 211
189 54
54 589
19 300
300 322
189 740
740 315
214 552
552 383
609 509
509 601
189 758
758 315
399 90
90 383
609 663
663 507
609 391
391 470
246 651
651 147
246 911
911 442
246 89
89 507
762 622
622 601
407 584
584 588
609 52
52 737
71 13
13 601
407 647
647 83
609 343
343 442
407 879
879 507
318 537
537 350
214 400
400 507
399 235
235 141
102 560
560 368
523 95
95 442
19 438
438 368
19 736
736 863
143 76
76 759
246 885
885 350
71 659
659 588
491 284
284 315
102 250
250 315
71 310
310 383
189 306
306 127
609 194
194 601
609 488
488 863
19 309
309 322
318 273
273 83
214 502
502 507
19 236
236 760
762 755
755 588
246 319
319 760
71 26
26 588
19 689
689 127
609 826
826 211
762 355
355 605
523 346
346 315
762 558
558 83
19 595
595 612
246 693
693 211
19 786
786 737
19 248
248 141
407 287
287 147
762 465
465 141
71 291
291 601
523 433
433 211
214 710
710 350
246 377
377 442
102 382
382 507
523 5
5 368
399 645
645 759
399 872
872 843
189 77
77 211
318 357
357 843
318 868
868 322
318 12
12 33
19 411
411 557
143 139
139 470
189 31
31 550
762 676
676 33
71 338
338 760
491 580
580 843
491 460
460 383
491 900
900 684
491 632
632 737
491 856
856 315
102 656
656 181
246 838
838 350
19 381
381 557
318 908
908 83
246 67
67 315
71 179
179 315
407 551
551 589
102 243
243 383
407 533
533 83
318 422
422 127
399 109
109 383
491 132
132 469
246 259
259 612
246 772
772 33
491 458
458 469
609 592
592 684
102 530
530 368
189 35
35 589
318 570
570 141
214 895
895 588
399 804
804 737
399 414
414 557
102 919
919 127
399 525
525 759
407 598
598 368
143 436
436 737
102 638
638 863
19 290
290 760
609 683
683 684
407 674
674 368
71 440
440 759
399 142
142 383
762 80
80 442
762 29
29 147
491 750
750 181
19 121
121 684
407 88
88 507
71 24
24 737
318 664
664 843
762 292
292 760
523 842
842 737
214 148
148 211
246 847
847 469
71 412
412 469
19 555
555 322
399 839
839 315
214 492
492 601
71 254
254 442
71 168
168 211
143 899
899 605
523 72
72 368
246 413
413 843
407 531
531 141
19 183
183 211
762 729
729 368
762 591
591 470
143 196
196 33
609 79
79 601
318 185
185 589
318 402
402 322
318 666
666 368
214 323
323 383
246 685
685 550
407 894
894 684
189 126
126 550
318 922
922 589
609 658
658 469
407 425
425 601
491 99
99 588
762 231
231 127
318 171
171 684
407 341
341 550
399 876
876 469
609 871
871 612
246 881
881 557
19 515
515 737
189 288
288 589
318 431
431 83
189 459
459 127
762 887
887 507
143 289
289 588
246 262
262 557
407 372
372 507
71 820
820 589
189 884
884 469
102 586
586 368
246 274
274 315
407 379
379 605
609 49
49 601
609 120
120 684
523 434
434 737
399 213
213 863
19 272
272 315
19 229
229 684
399 779
779 83
399 719
719 684
399 37
37 469
523 800
800 863
491 281
281 350
19 541
541 507
189 437
437 350
407 625
625 83
399 275
275 759
609 339
339 605
246 763
763 684
762 74
74 470
491 344
344 557
407 63
63 470
71 701
701 843
399 923
923 605
318 226
226 315
246 457
457 368
407 2
2 141
214 263
263 550
399 691
691 181
399 180
180 557
407 789
789 33
399 398
398 83
214 360
360 589
523 220
220 863
71 199
199 181
19 495
495 368
609 824
824 315
189 915
915 759
19 506
506 760
609 22
22 147
214 336
336 601
762 466
466 684
102 68
68 368
609 688
688 83
491 301
301 83
762 81
81 127
762 384
384 759
491 690
690 737
318 421
421 589
523 195
195 760
214 519
519 368
318 164
164 612
318 731
731 760
762 672
672 589
399 566
566 601
246 374
374 507
19 901
901 863
102 649
649 147
318 527
527 557
246 561
561 601
523 260
260 605
71 791
791 368
19 165
165 589
143 490
490 350
762 167
167 612
762 138
138 557
762 875
875 684
189 32
32 588
407 232
232 315
143 18
18 759
523 780
780 442
19 582
582 470
762 637
637 760
189 285
285 141
71 133
133 383
71 535
535 350
318 302
302 588
762 831
831 83
318 704
704 83
214 639
639 589
214 518
518 589
762 186
186 684
143 218
218 588
399 375
375 601
102 720
720 737
318 177
177 737
609 327
327 315
19 798
798 863
523 877
877 322
71 721
721 141
71 452
452 442
491 807
807 383
399 451
451 550
143 862
862 589
71 497
497 83
491 9
9 589
214 873
873 83
246 51
51 843
214 215
215 557
318 334
334 737
523 917
917 760
609 205
205 588
189 108
108 863
638 383
428 605
922 211
70 737
850 612
889 315
434 589
618 442
505 470
433 469
654 684
819 181
719 322
723 760
633 550
258 601
238 33
482 368
662 127
396 843
833 507
198 759
668 350
487 863
532 83
500 147
415 557
391 588
552 141
712 857
943 1806 800
452 554
608 475
297 861
38 647
326 550
710 456
298 776
33 523
191 393
431 333
166 563
436 81
779 643
561 59
417 92
695 850
660 599
470 94
162 882
689 188
149 655
346 63
86 159
447 251
372 644
688 583
595 566
649 175
868 388
840 220
611 786
46 74
359 628
712 278
604 332
153 551
497 888
576 929
801 612
116 159
587 64
637 583
60 398
400 220
747 485
263 780
30 821
770 853
620 129
934 101
887 71
787 904
95 843
872 261
794 687
471 190
410 487
405 70
700 865
48 890
32 807
691 594
568 52
411 223
748 805
62 869
452 432
432 641
747 505
505 819
405 889
889 765
46 277
277 136
934 736
736 31
166 126
126 826
934 291
291 800
568 722
722 141
561 838
838 826
637 909
909 667
400 264
264 141
191 669
669 34
95 139
139 667
689 177
177 455
417 816
816 545
400 612
612 434
162 665
665 589
431 182
182 51
868 941
941 51
561 416
416 602
326 215
215 496
359 389
389 84
604 617
617 239
400 680
680 141
688 797
797 6
868 696
696 98
411 768
768 737
660 666
666 343
470 306
306 107
95 42
42 89
470 54
54 767
411 911
911 325
60 827
827 544
934 855
855 716
298 173
173 252
691 650
650 98
710 596
596 783
611 897
897 743
470 20
20 351
326 353
353 500
359 477
477 597
794 711
711 658
86 39
39 202
38 273
273 163
32 236
236 362
62 255
255 455
162 875
875 202
660 82
82 514
787 337
337 198
712 290
290 141
695 375
375 514
587 628
628 434
30 35
35 401
595 531
531 465
326 312
312 325
298 928
928 202
297 58
58 98
116 9
9 343
660 778
778 22
410 299
299 719
695 550
550 344
149 777
777 401
149 906
906 641
691 703
703 252
62 678
678 819
779 916
916 685
576 87
87 545
297 864
864 783
436 614
614 667
405 238
238 256
60 867
867 544
470 40
40 163
637 671
671 374
747 757
757 765
497 648
648 136
471 413
413 743
33 373
373 342
48 448
448 198
688 752
752 661
611 922
922 176
149 253
253 545
840 123
123 239
568 633
633 774
400 582
582 765
326 130
130 819
470 172
172 631
60 526
526 252
431 931
931 394
770 846
846 176
587 339
339 343
710 746
746 685
346 566
566 545
688 309
309 716
153 541
541 344
162 393
393 455
153 180
180 391
561 278
278 465
116 91
91 84
794 294
294 631
30 124
124 631
116 790
790 45
620 640
640 202
748 279
279 34
405 865
865 202
411 860
860 826
405 535
535 940
568 226
226 351
48 269
269 685
470 923
923 589
46 80
80 455
611 427
427 819
417 79
79 351
346 727
727 737
700 859
859 455
620 625
625 737
359 457
457 34
456 667
587 199
199 34
620 493
493 252
691 17
17 774
700 479
479 740
712 266
266 22
30 638
638 374
116 929
929 256
840 862
862 198
372 681
681 496
608 754
754 155
32 662
662 545
611 677
677 544
33 814
814 155
700 137
137 446
400 715
715 658
747 217
217 775
801 282
282 826
38 188
188 767
604 706
706 53
298 211
211 361
568 530
530 775
38 120
120 740
471 802
802 693
162 803
803 176
452 321
321 176
471 453
453 658
30 443
443 514
747 476
476 325
700 647
647 241
471 358
358 455
411 414
414 351
411 254
254 98
637 49
49 742
470 841
841 362
561 307
307 34
608 831
831 163
611 147
147 723
153 302
302 5
604 323
323 685
298 694
694 446
637 511
511 634
33 403
403 826
868 108
108 343
263 209
209 136
153 110
110 446
794 437
437 597
46 402
402 465
149 508
508 704
359 528
528 723
411 551
551 241
32 220
220 500
60 311
311 716
431 57
57 819
359 515
515 742
153 59
59 434
872 771
771 342
86 152
152 514
872 739
739 6
332 740
46 935
935 351
748 832
832 343
86 760
760 362
620 780
780 743
688 791
791 241
794 908
908 53
595 905
905 641
153 183
183 800
298 105
105 743
934 804
804 826
38 363
363 742
688 655
655 597
149 749
749 401
411 481
481 446
326 99
99 514
32 473
473 401
470 341
341 45
417 408
408 343
620 733
733 252
688 616
616 767
794 813
813 202
620 808
808 658
431 793
793 723
689 600
600 545
576 26
26 342
46 809
809 589
447 47
47 775
712 261
261 455
86 492
492 351
710 725
725 241
46 131
131 362
689 913
913 198
359 458
458 704
48 646
646 496
46 18
18 98
431 622
622 89
346 543
543 597
95 146
146 351
32 571
571 634
770 430
430 634
872 313
313 446
604 382
382 631
637 428
428 500
263 450
450 252
691 103
103 465
794 564
564 331
868 701
701 940
471 132
132 446
660 106
106 446
934 223
223 723
688 525
525 545
372 623
623 597
887 385
385 202
934 144
144 343
568 557
557 496
470 66
66 641
359 72
72 742
620 495
495 241
372 115
115 589
400 883
883 740
359 157
157 597
620 738
738 343
60 224
224 8
149 663
663 667
436 572
572 401
801 388
388 342
32 714
714 597
405 918
918 198
405 424
424 331
447 920
920 667
30 355
355 241
162 55
55 661
33 635
635 446
447 812
812 53
471 553
553 351
346 390
390 942
695 924
924 31
417 532
532 514
38 851
851 597
770 534
534 496
32 101
101 136
587 893
893 465
611 467
467 693
60 538
538 51
95 753
753 743
447 272
272 397
62 873
873 704
33 415
415 391
116 304
304 597
497 904
904 940
712 690
690 661
604 310
310 602
116 129
129 136
452 15
15 589
934 230
230 31
568 14
14 465
688 664
664 6
604 210
210 742
748 280
280 658
868 109
109 446
431 12
12 239
587 822
822 455
326 383
383 241
410 702
702 84
712 439
439 496
695 442
442 767
497 128
128 34
568 502
502 716
710 894
894 351
748 558
558 634
400 835
835 342
191 250
250 743
587 399
399 743
660 466
466 107
297 888
888 342
748 552
552 397
471 378
378 819
637 489
489 693
691 536
536 819
191 788
788 514
710 193
193 394
595 605
605 545
86 409
409 362
417 169
169 942
872 303
303 765
660 56
56 325
297 377
377 589
587 644
644 241
608 627
627 765
587 762
762 89
153 228
228 45
372 81
81 361
872 585
585 704
86 257
257 723
747 915
915 743
660 151
151 774
411 882
882 241
887 848
848 351
191 356
356 394
400 138
138 239
587 404
404 783
263 842
842 343
568 485
485 641
801 322
322 239
695 563
563 500
116 192
192 723
410 486
486 658
372 542
542 89
38 258
258 98
447 88
88 163
149 833
833 374
346 683
683 241
691 468
468 343
162 423
423 740
608 482
482 716
620 629
629 716
452 821
821 51
32 275
275 45
346 734
734 31
297 895
895 98
611 357
357 361
32 232
232 765
934 324
324 434
436 184
184 704
587 214
214 455
410 338
338 344
33 769
769 514
576 522
522 819
191 507
507 580
153 609
609 455
162 863
863 401
649 194
194 155
770 792
792 239
611 234
234 343
887 267
267 597
604 16
16 775
887 676
676 394
691 148
148 743
611 718
718 631
748 724
724 434
688 469
469 704
38 3
3 397
637 449
449 775
62 844
844 397
95 37
37 343
587 41
41 819
747 917
917 163
497 445
445 434
149 69
69 397
872 350
350 940
95 460
460 98
359 29
29 256
604 186
186 141
595 798
798 325
620 340
340 84
359 807
807 667
770 567
567 545
30 142
142 767
712 63
63 685
794 899
899 693
748 926
926 252
568 478
478 514
872 527
527 344
868 615
615 394
346 592
592 163
611 654
654 716
48 670
670 500
191 878
878 5
48 24
24 685
405 200
200 374
748 796
796 634
263 652
652 8
116 161
161 446
32 834
834 198
471 348
348 743
787 498
498 716
62 618
618 374
431 499
499 800
447 366
366 446
95 381
381 256
872 121
121 141
60 697
697 602
604 569
569 362
410 67
67 198
660 112
112 704
595 630
630 394
470 73
73 602
649 168
168 765
436 392
392 819
587 135
135 176
568 879
879 685
868 308
308 391
595 125
125 737
153 537
537 465
689 613
613 580
712 262
262 774
32 315
315 742
568 70
70 819
700 876
876 446
162 772
772 589
604 565
565 34
887 329
329 800
649 461
461 740
32 335
335 136
794 441
441 141
95 789
789 331
297 784
784 496
116 912
912 176
587 354
354 342
30 643
643 597
359 260
260 667
95 23
23 685
576 281
281 446
691 735
735 597
587 102
102 742
372 606
606 775
787 698
698 362
787 36
36 241
400 910
910 597
660 150
150 602
436 570
570 783
604 196
196 107
787 795
795 155
162 621
621 163
794 207
207 331
116 118
118 800
436 574
574 685
934 539
539 783
191 64
64 8
695 503
503 597
660 817
817 31
436 517
517 343
431 820
820 765
411 286
286 496
561 556
556 667
95 573
573 343
794 510
510 342
587 336
336 202
191 764
764 589
587 672
672 940
637 319
319 597
611 472
472 107
561 805
805 580
872 300
300 496
447 687
687 719
748 632
632 434
436 509
509 544
637 886
886 256
887 213
213 723
436 717
717 351
637 856
856 107
872 853
853 397
372 512
512 394
33 438
438 446
372 549
549 362
689 240
240 693
297 756
756 446
359 208
208 597
620 785
785 819
470 368
368 391
779 577
577 136
620 518
518 589
452 624
624 401
649 68
68 374
620 249
249 580
326 174
174 331
660 705
705 256
748 786
786 53
604 732
732 800
497 222
222 202
298 328
328 641
794 203
203 141
410 92
92 155
447 451
451 51
595 227
227 667
649 100
100 685
38 77
77 740
576 484
484 5
604 418
418 394
149 943
943 826
611 367
367 544
431 759
759 496
608 501
501 163
431 175
175 331
38 178
178 256
32 83
83 743
298 334
334 719
700 114
114 719
346 185
185 826
497 216
216 716
691 2
2 176
688 229
229 661
346 420
420 397
568 799
799 693
604 395
395 51
587 925
925 496
872 713
713 658
116 61
61 631
497 248
248 545
162 675
675 631
417 707
707 737
359 268
268 580
497 559
559 667
95 810
810 325
452 782
782 394
191 674
674 397
695 884
884 465
576 932
932 434
411 709
709 737
400 76
76 343
33 170
170 45
30 708
708 544
872 96
96 641
400 891
891 446
695 584
584 256
452 921
921 723
887 579
579 8
649 900
900 942
149 204
204 742
801 578
578 202
359 74
74 107
86 529
529 775
604 755
755 136
417 426
426 136
60 349
349 765
747 590
590 434
38 330
330 198
604 639
639 343
747 828
828 634
48 117
117 361
748 636
636 514
326 247
247 351
470 560
560 514
637 288
288 98
410 133
133 361
595 259
259 631
116 265
265 397
62 370
370 6
887 761
761 136
149 244
244 239
33 433
433 202
46 113
113 667
48 903
903 239
587 892
892 658
872 726
726 239
748 43
43 685
747 52
52 239
46 287
287 5
604 818
818 155
263 619
619 361
470 898
898 742
263 546
546 597
620 93
93 940
637 360
360 723
447 122
122 374
405 320
320 719
48 869
869 141
649 25
25 84
748 158
158 434
608 745
745 84
794 877
877 361
770 127
127 545
447 907
907 434
62 480
480 53
452 494
494 742
700 284
284 6
359 829
829 5
95 728
728 631
38 301
301 500
298 668
668 545
153 483
483 496
611 412
412 589
689 50
50 155
410 317
317 394
840 406
406 5
60 776
776 34
46 729
729 465
411 179
179 8
497 811
811 631
400 243
243 740
712 242
242 202
405 849
849 136
417 187
187 544
748 459
459 631
887 316
316 704
411 435
435 107
46 444
444 737
410 763
763 256
191 673
673 136
712 270
270 202
689 751
751 136
608 866
866 434
637 97
97 89
297 475
475 22
417 554
554 163
561 540
540 667
660 937
937 446
470 283
283 136
712 119
119 344
611 171
171 545
608 429
429 342
608 825
825 5
887 396
396 98
417 7
7 434
604 219
219 723
561 285
285 241
576 806
806 661
700 11
11 394
710 205
205 239
411 28
28 667
695 731
731 136
30 94
94 53
608 506
506 742
748 750
750 765
162 197
197 446
608 721
721 155
689 936
936 455
400 607
607 661
779 386
386 136
691 581
581 446
452 167
167 434
263 154
154 693
471 387
387 545
604 295
295 455
452 575
575 723
431 364
364 631
587 13
13 742
611 71
71 446
712 189
189 719
372 27
27 765
620 422
422 723
411 19
19 589
637 10
10 667
712 933
933 765
149 598
598 661
359 421
421 496
326 610
610 401
436 548
548 198
595 861
861 239
710 593
593 331
410 642
642 767
794 657
657 496
263 594
594 252
660 345
345 465
298 85
85 667
840 1
1 391
747 233
233 800
447 221
221 107
712 874
874 155
153 852
852 53
116 939
939 252
497 720
720 641
471 682
682 940
770 318
318 107
689 520
520 239
840 274
274 719
62 218
218 545
887 781
781 34
297 839
839 589
400 901
901 34
436 143
143 602
471 292
292 361
32 134
134 107
298 890
890 397
470 656
656 940
497 140
140 107
326 190
190 693
604 870
870 826
400 212
212 742
608 858
858 767
470 766
766 45
887 314
314 252
595 836
836 202
887 352
352 51
30 271
271 31
779 160
160 51
587 881
881 256
568 555
555 5
868 425
425 361
561 419
419 34
431 601
601 942
33 824
824 394
436 159
159 800
770 464
464 719
32 930
930 394
410 490
490 631
95 165
165 783
326 44
44 198
436 21
21 351
604 871
871 53
326 679
679 723
447 379
379 602
801 547
547 597
770 376
376 602
748 305
305 455
576 516
516 774
38 181
181 51
436 692
692 5
33 919
919 89
470 524
524 141
32 235
235 325
95 289
289 775
411 104
104 774
688 653
653 765
568 599
599 667
32 854
854 631
710 293
293 51
38 462
462 940
447 857
857 362
405 659
659 597
695 699
699 580
471 347
347 361
637 843
843 942
747 474
474 589
95 927
927 742
587 380
380 685
372 206
206 742
452 533
533 51
86 276
276 325
411 523
523 767
872 398
398 34
431 251
251 775
840 78
78 602
346 384
384 631
48 902
902 342
576 744
744 580
263 914
914 394
33 463
463 544
346 333
333 98
787 837
837 252
691 847
847 500
691 519
519 241
452 225
225 31
608 327
327 343
46 880
880 634
770 487
487 589
359 195
195 8
691 626
626 343
298 201
201 719
611 231
231 658
452 145
145 5
748 586
586 34
162 164
164 343
452 111
111 394
298 684
684 767
372 938
938 351
770 4
4 704
748 773
773 940
887 371
371 176
33 686
686 631
568 513
513 589
447 850
850 351
298 645
645 455
710 407
407 580
33 651
651 589
695 885
885 84
46 491
491 743
33 896
896 107
637 603
603 107
162 583
583 765
712 245
245 8
33 562
562 719
191 488
488 434
436 246
246 34
787 823
823 693
471 588
588 693
411 237
237 107
48 741
741 775
46 365
365 800
417 369
369 202
38 90
90 743
38 504
504 362
637 815
815 31
191 65
65 31
561 591
591 176
691 730
730 580
561 845
845 743
747 75
75 239
326 440
440 544
497 454
454 800
86 521
521 343
263 758
758 239
801 830
830 775
191 296
296 716
372 156
156 361
428 239
928 826
118 5
751 767
521 31
435 667
722 45
524 325
395 800
811 53
340 465
495 631
517 34
867 580
262 693
402 589
104 661
16 394
546 740
851 658
642 343
170 455
398 743
121 342
273 84
943 163
168 331
271 685
109 241
459 107
317 545
480 374
227 89
577 202
901 22
319 514
242 716
257 51
370 634
758 500
330 176
299 136
694 198
115 737
884 8
360 256
929 351
822 6
78 742
36 434
625 155
665 774
333 141
419 602
220 765
227 98
830 252
893 940
299 597
262 723
526 362
49 775
175 361
81 496
852 391
581 719
891 783
528 401
490 446
624 704
156 397
114 942
52 641
106 819
158 386
599 325
816 2
278 43
587 520
748 384
512 919
175 65
807 565
269 943
559 603
745 631
291 797
941 58
840 701
714 849
428 758
638 828
879 745
258 187
452 557
724 606
568 907
590 800
226 355
646 894
199 347
748 320
486 352
497 763
813 783
168 584
691 559
511 242
360 245
551 529
812 345
768 501
220 861
260 839
121 156
30 250
495 773
633 362
779 460
338 765
245 237
607 295
302 296
413 15
60 315
899 53
702 558
11 679
134 251
30 885
467 891
572 590
405 18
605 796
432 734
444 345
695 886
596 323
505 37
671 512
981 1997 925
381 812
376 979
189 642
657 79
798 932
280 766
852 191
37 56
485 521
609 334
402 153
458 449
272 35
930 160
40 188
847 869
195 140
273 156
670 335
155 723
439 754
655 610
555 80
277 107
665 363
710 119
374 911
728 218
953 956
598 939
275 777
539 204
565 95
874 641
947 123
212 812
620 267
403 380
918 296
237 671
450 470
134 7
409 274
198 473
178 805
598 291
291 351
458 317
317 769
409 211
211 696
277 60
60 69
565 99
99 959
195 274
274 442
275 556
556 961
953 453
453 351
403 662
662 442
376 724
724 696
710 337
337 769
280 762
762 961
273 912
912 508
953 776
776 3
539 819
819 3
953 863
863 69
272 81
81 769
376 325
325 69
710 257
257 3
134 936
936 696
195 480
480 69
195 127
127 442
374 163
163 769
665 95
95 769
655 143
143 696
728 287
287 442
918 623
623 69
37 698
698 959
198 944
944 696
798 33
33 508
798 889
889 69
37 25
25 69
657 8
8 508
374 79
79 351
598 857
857 769
710 913
913 442
195 583
583 508
155 612
612 959
947 229
229 696
403 831
831 959
874 537
537 769
485 213
213 696
852 793
793 548
458 525
525 696
458 903
903 351
439 391
391 769
874 820
820 548
134 191
191 442
657 430
430 442
710 89
89 3
485 553
553 69
609 750
750 548
918 799
799 696
918 921
921 351
374 129
129 351
798 150
150 3
947 251
251 696
280 535
535 769
381 215
215 3
665 629
629 442
376 227
227 3
565 243
243 548
852 262
262 961
439 727
727 959
450 554
554 442
620 499
499 696
212 797
797 69
40 278
278 351
930 589
589 696
198 821
821 548
273 935
935 959
280 12
12 351
273 653
653 442
275 365
365 961
134 495
495 69
539 832
832 3
40 144
144 351
930 639
639 3
275 729
729 3
598 814
814 548
565 404
404 3
155 235
235 351
40 232
232 351
195 292
292 961
189 632
632 442
565 809
809 69
598 885
885 769
376 158
158 548
847 600
600 696
212 627
627 351
409 550
550 696
37 186
186 769
277 123
123 548
565 738
738 3
458 311
311 696
40 137
137 69
620 811
811 959
439 824
824 442
565 642
642 442
189 448
448 3
403 563
563 961
403 302
302 696
953 336
336 548
450 927
927 69
598 283
283 696
195 352
352 508
189 772
772 351
189 165
165 442
376 172
172 961
665 712
712 548
212 683
683 548
237 174
174 442
178 408
408 351
195 677
677 548
565 122
122 769
374 718
718 351
409 71
71 69
409 803
803 548
280 197
197 769
189 785
785 69
458 586
586 769
277 506
506 769
409 813
813 442
198 496
496 508
40 176
176 769
852 502
502 769
728 773
773 351
930 114
114 69
374 849
849 548
439 78
78 961
947 951
951 69
237 685
685 508
439 497
497 351
40 939
939 548
598 899
899 3
198 697
697 696
485 84
84 769
609 735
735 959
620 789
789 69
155 285
285 508
555 109
109 351
874 419
419 508
847 625
625 442
280 199
199 959
273 980
980 959
195 784
784 959
40 265
265 696
598 664
664 508
953 592
592 696
198 349
349 69
280 44
44 351
439 593
593 442
212 716
716 442
798 24
24 69
374 766
766 442
272 845
845 69
134 973
973 351
439 319
319 696
195 126
126 69
189 249
249 961
609 346
346 959
953 417
417 961
930 360
360 548
918 28
28 351
670 948
948 3
710 451
451 769
598 498
498 959
381 594
594 769
874 576
576 3
439 473
473 769
439 401
401 442
275 446
446 69
272 398
398 548
195 293
293 351
189 891
891 69
178 455
455 959
189 444
444 548
609 355
355 69
195 250
250 508
277 760
760 959
918 236
236 351
565 290
290 442
155 599
599 442
847 646
646 959
947 440
440 548
155 478
478 769
555 162
162 696
620 970
970 3
598 102
102 3
403 306
306 961
155 475
475 548
710 601
601 961
620 975
975 959
657 443
443 548
918 705
705 69
37 956
956 769
458 156
156 959
275 717
717 959
189 964
964 3
565 389
389 548
155 61
61 769
918 714
714 769
198 853
853 961
134 608
608 696
458 890
890 351
565 522
522 3
798 46
46 548
439 68
68 351
178 242
242 769
198 428
428 3
852 284
284 959
376 839
839 69
450 807
807 548
40 569
569 696
272 62
62 959
665 252
252 769
189 424
424 696
947 780
780 961
953 375
375 548
953 477
477 69
728 125
125 961
655 720
720 696
134 26
26 351
620 153
153 548
376 949
949 351
275 279
279 769
930 384
384 508
439 76
76 696
710 582
582 961
273 205
205 351
376 898
898 508
212 88
88 959
195 932
932 3
485 707
707 961
409 746
746 508
665 21
21 959
40 736
736 548
852 749
749 3
195 387
387 548
458 135
135 442
852 83
83 769
953 261
261 442
609 967
967 696
670 534
534 961
275 400
400 961
402 673
673 508
374 744
744 696
458 503
503 769
930 836
836 961
458 730
730 3
657 536
536 961
565 955
955 769
155 610
610 351
439 426
426 548
273 687
687 442
918 626
626 442
458 288
288 3
555 770
770 508
450 605
605 548
237 974
974 442
376 49
49 351
798 694
694 961
609 469
469 69
40 533
533 508
237 757
757 961
155 361
361 548
918 721
721 696
40 240
240 442
539 643
643 959
847 907
907 351
852 214
214 508
657 181
181 442
374 810
810 959
665 713
713 3
655 910
910 69
665 647
647 769
930 901
901 959
947 168
168 548
376 829
829 69
918 367
367 442
539 104
104 69
155 437
437 769
273 969
969 69
374 11
11 3
450 50
50 548
450 658
658 769
947 804
804 69
189 190
190 961
665 731
731 961
620 121
121 961
381 323
323 69
275 474
474 442
280 414
414 959
450 640
640 3
953 765
765 548
155 567
567 442
155 940
940 548
402 353
353 442
381 90
90 769
155 315
315 961
134 108
108 961
565 531
531 959
620 781
781 351
277 952
952 69
620 500
500 3
277 850
850 351
874 192
192 69
450 856
856 351
670 978
978 959
620 523
523 769
409 826
826 442
953 194
194 696
665 573
573 442
273 905
905 3
280 650
650 442
728 124
124 961
657 264
264 3
212 634
634 696
198 309
309 351
134 547
547 959
450 269
269 442
874 909
909 508
665 869
869 769
195 669
669 508
409 579
579 442
930 281
281 442
280 56
56 508
930 678
678 959
189 775
775 442
710 848
848 442
189 957
957 769
277 180
180 351
852 225
225 508
670 541
541 69
376 372
372 959
670 479
479 69
930 855
855 961
485 783
783 959
273 919
919 769
376 568
568 548
728 233
233 959
277 968
968 69
374 413
413 69
275 656
656 961
670 103
103 442
275 359
359 3
280 800
800 508
565 303
303 3
598 286
286 508
655 877
877 696
450 380
380 959
275 462
462 769
273 142
142 548
655 742
742 508
374 591
591 961
439 369
369 442
374 834
834 3
450 149
149 508
134 226
226 3
728 611
611 508
670 859
859 548
798 112
112 959
485 45
45 351
947 977
977 696
930 732
732 769
565 928
928 508
280 888
888 548
381 892
892 69
918 792
792 351
847 830
830 3
655 204
204 508
275 654
654 351
852 528
528 69
450 429
429 961
930 580
580 3
555 517
517 959
275 271
271 69
450 684
684 548
485 624
624 696
439 105
105 769
374 282
282 959
155 340
340 959
953 22
22 508
670 461
461 351
555 234
234 69
918 663
663 69
134 335
335 961
195 343
343 548
402 350
350 69
409 976
976 351
237 768
768 351
195 676
676 959
439 167
167 961
275 19
19 548
670 558
558 769
918 115
115 508
555 896
896 961
403 425
425 3
710 452
452 769
670 604
604 3
918 54
54 696
947 618
618 961
403 633
633 69
874 324
324 696
620 397
397 961
381 161
161 3
277 188
188 548
555 692
692 769
409 915
915 69
155 338
338 351
918 66
66 351
620 545
545 769
237 754
754 769
439 436
436 442
670 388
388 548
485 492
492 442
402 221
221 3
189 838
838 442
155 774
774 69
728 484
484 508
280 641
641 508
665 879
879 548
376 132
132 508
665 574
574 442
930 740
740 548
439 701
701 696
155 145
145 69
237 55
55 548
178 411
411 3
620 868
868 442
450 390
390 442
458 20
20 508
458 263
263 548
277 334
334 769
598 494
494 442
598 254
254 696
918 342
342 769
953 276
276 959
155 617
617 351
275 693
693 69
728 972
972 3
798 295
295 769
37 923
923 508
670 880
880 696
458 532
532 442
280 786
786 961
376 15
15 959
155 763
763 3
40 47
47 508
439 82
82 3
402 459
459 508
212 613
613 3
665 395
395 961
178 245
245 961
155 817
817 3
134 16
16 548
198 866
866 548
458 59
59 769
657 674
674 769
947 660
660 961
277 74
74 769
565 146
146 69
655 962
962 351
947 628
628 508
189 491
491 959
273 691
691 69
40 748
748 548
609 441
441 769
710 490
490 696
847 41
41 961
947 157
157 696
565 1
1 351
275 570
570 959
930 702
702 696
40 805
805 69
374 854
854 548
280 454
454 508
198 779
779 959
670 118
118 961
376 159
159 959
657 595
595 69
237 679
679 351
376 297
297 508
237 328
328 351
195 667
667 3
178 298
298 3
280 651
651 3
485 571
571 508
458 764
764 696
665 937
937 69
450 4
4 769
670 357
357 548
374 42
42 442
134 422
422 442
376 38
38 442
374 73
73 69
728 223
223 351
609 363
363 508
874 267
267 69
620 113
113 442
657 675
675 69
381 230
230 548
273 438
438 69
947 575
575 442
403 445
445 961
280 561
561 959
874 412
412 351
670 486
486 961
458 510
510 351
195 782
782 69
450 631
631 548
280 14
14 959
947 981
981 696
409 666
666 351
947 106
106 959
598 753
753 442
37 9
9 961
40 544
544 961
798 931
931 696
670 481
481 548
376 358
358 442
670 551
551 69
272 34
34 442
539 725
725 69
237 344
344 548
198 378
378 3
189 253
253 696
277 637
637 959
403 509
509 351
198 778
778 961
539 140
140 961
450 867
867 696
565 801
801 769
847 917
917 351
277 883
883 548
728 416
416 3
381 160
160 508
280 529
529 961
710 542
542 351
198 128
128 351
280 468
468 69
609 963
963 548
657 787
787 769
277 466
466 508
212 585
585 508
930 812
812 548
458 435
435 442
930 210
210 696
874 301
301 696
670 427
427 548
565 202
202 548
272 733
733 696
272 239
239 696
195 87
87 442
275 911
911 351
609 816
816 351
665 39
39 508
40 321
321 69
655 77
77 351
381 606
606 508
275 339
339 959
450 622
622 442
402 751
751 696
565 256
256 351
403 203
203 961
275 530
530 3
40 933
933 69
565 246
246 769
847 470
470 508
237 36
36 69
953 795
795 959
273 244
244 548
930 920
920 959
953 688
688 769
374 5
5 959
947 979
979 961
874 241
241 508
275 7
7 69
728 872
872 351
665 515
515 351
37 596
596 442
134 431
431 69
198 861
861 769
189 837
837 442
237 457
457 442
277 941
941 508
450 715
715 696
178 394
394 959
539 51
51 696
655 464
464 351
409 97
97 769
953 208
208 961
439 482
482 961
40 709
709 548
852 58
58 548
458 871
871 442
155 218
218 69
409 636
636 3
195 538
538 959
665 219
219 696
918 423
423 351
847 406
406 69
670 906
906 3
280 895
895 69
874 289
289 959
198 950
950 769
847 806
806 351
798 519
519 959
947 518
518 548
40 228
228 508
458 92
92 442
402 2
2 696
237 43
43 769
710 597
597 442
212 844
844 351
277 314
314 769
178 258
258 769
237 6
6 548
555 828
828 961
874 511
511 508
403 138
138 442
565 823
823 696
620 368
368 508
609 449
449 696
458 682
682 959
847 581
581 769
620 566
566 508
847 447
447 508
403 904
904 961
847 671
671 769
374 220
220 442
655 914
914 769
953 543
543 508
212 308
308 508
189 739
739 696
198 407
407 769
275 925
925 508
402 822
822 959
555 27
27 3
376 320
320 442
237 313
313 959
947 711
711 3
280 299
299 769
280 100
100 961
852 120
120 3
609 255
255 69
37 333
333 769
198 796
796 69
947 347
347 769
485 680
680 959
155 139
139 69
458 467
467 3
189 410
410 69
212 392
392 769
37 136
136 548
953 151
151 548
620 386
386 508
189 152
152 508
402 415
415 351
953 726
726 3
374 224
224 3
195 170
170 696
212 788
788 548
277 385
385 442
275 70
70 959
930 841
841 3
155 870
870 548
874 67
67 508
403 30
30 769
195 946
946 442
670 91
91 959
402 379
379 696
458 341
341 3
403 960
960 442
555 520
520 959
710 483
483 69
273 734
734 548
402 332
332 3
565 493
493 961
195 116
116 769
272 310
310 696
852 460
460 696
609 758
758 442
280 260
260 769
439 971
971 548
402 747
747 508
598 433
433 3
198 771
771 351
874 512
512 508
409 884
884 69
40 196
196 442
665 552
552 548
847 72
72 442
485 668
668 959
277 755
755 961
381 590
590 351
565 929
929 696
670 587
587 769
620 354
354 508
195 908
908 442
655 513
513 3
852 326
326 3
189 737
737 959
710 85
85 769
458 177
177 351
539 645
645 442
212 393
393 69
609 362
362 351
458 396
396 351
198 300
300 3
539 745
745 442
155 322
322 769
237 938
938 959
657 922
922 442
178 371
371 442
874 942
942 548
402 893
893 769
458 524
524 696
670 35
35 3
280 767
767 351
280 954
954 69
852 420
420 69
237 65
65 696
155 577
577 508
212 187
187 508
277 672
672 696
409 133
133 442
947 200
200 3
609 110
110 3
37 743
743 69
280 900
900 548
539 312
312 69
272 130
130 959
237 266
266 769
657 147
147 69
609 184
184 442
155 865
865 508
280 881
881 351
485 294
294 548
439 644
644 69
598 700
700 769
198 206
206 3
198 248
248 69
439 185
185 696
155 887
887 696
565 318
318 548
450 169
169 696
280 259
259 548
798 690
690 69
657 327
327 351
381 141
141 959
275 924
924 351
212 364
364 3
930 98
98 351
403 689
689 3
609 945
945 69
670 476
476 3
280 183
183 351
847 681
681 442
272 331
331 769
402 842
842 696
189 96
96 959
657 851
851 3
40 472
472 696
710 835
835 769
439 330
330 442
609 377
377 769
439 175
175 442
178 875
875 508
189 802
802 961
402 526
526 769
847 761
761 548
458 238
238 548
539 527
527 3
598 916
916 351
798 546
546 769
178 602
602 769
670 182
182 351
930 695
695 442
374 722
722 3
198 652
652 69
277 833
833 959
40 305
305 351
237 902
902 696
280 75
75 508
178 10
10 959
539 521
521 69
953 862
862 959
409 559
559 961
565 207
207 442
930 686
686 351
620 584
584 696
178 706
706 548
376 860
860 959
609 615
615 961
198 791
791 548
275 32
32 508
439 516
516 959
874 505
505 3
485 549
549 3
134 270
270 508
134 307
307 351
374 148
148 548
450 216
216 959
953 164
164 69
657 966
966 548
189 348
348 508
847 119
119 961
272 405
405 959
874 421
421 696
403 23
23 548
953 741
741 769
439 57
57 3
798 17
17 508
485 588
588 959
403 131
131 69
620 557
557 769
212 93
93 959
609 882
882 69
376 171
171 3
195 564
564 351
40 48
48 3
198 507
507 3
798 231
231 69
409 247
247 769
272 603
603 959
874 614
614 508
37 562
562 3
598 630
630 959
272 858
858 961
195 818
818 351
37 366
366 959
485 756
756 961
212 873
873 961
439 456
456 508
710 487
487 351
947 296
296 961
670 117
117 3
728 897
897 69
874 578
578 442
798 886
886 769
198 209
209 696
450 488
488 508
439 894
894 961
178 53
53 508
655 560
560 959
40 619
619 442
272 201
201 3
930 173
173 3
280 648
648 548
947 383
383 69
374 382
382 696
458 222
222 351
665 107
107 3
381 876
876 442
381 29
29 351
273 434
434 696
918 699
699 959
273 827
827 959
953 373
373 696
280 80
80 508
40 268
268 961
134 616
616 69
237 540
540 508
189 18
18 959
657 370
370 442
198 752
752 3
655 708
708 3
381 846
846 696
847 703
703 69
485 166
166 696
381 316
316 696
565 621
621 696
155 504
504 442
237 934
934 696
275 13
13 351
272 356
356 351
874 965
965 961
450 704
704 69
852 179
179 3
609 94
94 548
655 514
514 959
275 572
572 959
212 607
607 508
930 193
193 696
40 843
843 442
852 719
719 508
918 840
840 508
539 943
943 69
728 329
329 442
155 345
345 959
280 638
638 508
403 723
723 961
212 86
86 69
450 659
659 351
657 777
777 442
458 926
926 548
40 501
501 508
275 399
399 69
273 808
808 959
798 101
101 961
947 304
304 961
728 790
790 696
277 31
31 69
272 64
64 548
40 649
649 959
539 825
825 69
402 52
52 769
237 63
63 548
189 432
432 3
655 217
217 548
555 661
661 3
655 471
471 548
376 489
489 69
155 759
759 69
178 635
635 351
155 958
958 442
847 111
111 69
376 794
794 508
485 418
418 959
458 463
463 69
953 878
878 3
609 154
154 442
403 864
864 69
918 815
815 959
272 465
465 696
729 769
600 548
91 351
857 3
797 961
708 696
557 959
674 508
835 442
221 69
74 382
481 917
374 822
232 624
242 514
224 689
677 656
857 294
46 898
630 638
659 808
25 948
2 216
654 862
475 937
232 269
858 31
87 934
819 652
18 638
213 192
281 922
641 362
408 15
302 971
229 4
941 827
717 14
20 753
741 564
439 893
103 841
845 106
736 693
551 468
49 800
804 15
92 119
302 174
701 210
49 157
73 65
899 503
573 892
589 827
341 559
854 58
104 897
374 830
861 519
968 268
738 939
539 777
97 110
59 686
121 519
609 883
325 491
99 949
350 67
229 306
62 252
859 312
79 860
518 434
476 504
478 943
480 284
144 139
221 557
863 647
567 470
127 446
818 53
112 706
768 449
411 200
155 810
935 478
640 886
408 585
26 513
224 206
474 230
710 677
831 495
731 771
55 607
473 530
884 31
