5
74 158 1
48 44
24 22
24 30
30 32
24 74
74 32
24 11
11 32
48 3
3 47
48 33
33 47
48 37
37 32
24 25
25 47
48 29
29 47
22 47
24 43
43 47
48 16
16 47
48 72
72 32
48 35
35 47
48 2
2 32
24 45
45 32
48 67
67 47
24 28
28 32
24 64
64 32
48 27
27 47
24 21
21 32
48 62
62 32
48 60
60 32
24 52
52 47
48 8
8 32
48 34
34 32
48 19
19 47
24 17
17 32
24 49
49 47
48 14
14 32
48 51
51 47
24 68
68 47
44 32
29 16
43 52
45 21
16 27
62 34
33 17
33 21
22 64
28 27
64 21
24 8
43 49
15 53
57 40
57 55
55 39
57 10
10 7
15 42
42 39
15 73
73 39
57 31
31 7
15 56
56 9
57 65
65 9
57 63
63 7
57 20
20 7
57 23
23 7
57 26
26 9
57 5
5 9
57 70
70 9
15 61
61 9
57 6
6 39
15 66
66 7
15 38
38 7
15 18
18 9
15 12
12 9
15 41
41 39
15 40
40 9
57 54
54 9
57 13
13 7
57 59
59 9
15 1
1 9
15 69
69 7
57 50
50 7
53 9
15 71
71 7
15 36
36 9
15 46
46 39
15 4
4 9
10 39
42 23
15 6
42 20
20 69
65 69
5 61
54 13
69 39
57 61
61 69
55 56
61 41
47 58
32 58
58 15
58 57
96 187 1
72 96
80 10
57 46
14 86
81 10
26 19
57 3
3 21
26 48
48 21
26 60
60 21
14 55
55 21
81 16
16 21
72 59
59 21
57 62
62 21
57 42
42 21
57 31
31 21
57 4
4 21
57 63
63 21
81 71
71 21
81 47
47 21
80 49
49 21
26 2
2 21
14 83
83 21
14 24
24 21
57 9
9 21
72 93
93 21
81 39
39 21
26 23
23 21
57 27
27 21
26 20
20 21
80 8
8 21
81 25
25 21
57 79
79 21
26 29
29 21
14 56
56 21
81 86
86 21
80 5
5 21
26 77
77 21
26 91
91 21
26 37
37 21
81 6
6 21
26 7
7 21
14 87
87 21
72 67
67 21
57 54
54 21
26 73
73 21
80 22
22 21
14 50
50 21
57 96
96 21
80 69
69 21
14 15
15 21
14 40
40 21
80 32
32 21
14 65
65 21
57 30
30 21
72 76
76 21
57 33
33 21
80 19
19 21
81 51
51 21
72 44
44 21
57 78
78 21
26 92
92 21
80 82
82 21
57 66
66 21
57 88
88 21
57 10
10 21
57 18
18 21
57 17
17 21
81 75
75 21
14 70
70 21
26 84
84 21
26 34
34 21
80 45
45 21
14 89
89 21
81 13
13 21
72 12
12 21
26 58
58 21
81 28
28 21
26 38
38 21
14 64
64 21
26 61
61 21
81 68
68 21
26 1
1 21
14 35
35 21
81 94
94 21
81 43
43 21
26 41
41 21
26 36
36 21
57 11
11 21
26 85
85 21
80 52
52 21
72 53
53 21
80 74
74 21
72 95
95 21
81 90
90 21
72 46
46 21
54 82
92 13
67 44
91 192 1
4 54
9 48
74 56
51 77
79 55
60 58
20 57
74 50
50 23
51 31
31 8
51 44
44 36
74 43
43 23
79 29
29 59
20 32
32 23
60 54
54 23
79 2
2 23
74 71
71 23
60 47
47 36
79 76
76 23
51 53
53 87
9 18
18 87
20 81
81 59
9 73
73 87
9 38
38 59
20 3
3 59
48 23
74 69
69 8
51 85
85 8
9 82
82 59
79 25
25 23
9 37
37 8
20 58
58 36
20 55
55 59
60 27
27 59
60 90
90 87
4 45
45 59
60 70
70 8
51 16
16 8
79 6
6 23
79 35
35 59
9 62
62 87
60 72
72 59
4 19
19 87
4 22
22 87
79 78
78 36
74 84
84 87
74 34
34 59
74 42
42 87
4 57
57 36
20 68
68 59
9 17
17 23
79 91
91 23
74 64
64 87
79 65
65 8
9 7
7 36
20 30
30 8
20 67
67 87
79 61
61 87
60 83
83 87
60 63
63 8
60 89
89 8
9 10
10 36
74 88
88 59
74 40
40 36
77 36
60 1
1 23
79 49
49 59
4 75
75 8
9 66
66 59
74 46
46 36
51 41
41 8
20 24
24 36
4 39
39 59
4 80
80 87
51 21
21 59
60 56
56 59
20 5
5 8
4 15
15 36
4 33
33 8
51 28
28 59
74 13
13 8
9 14
14 8
74 11
11 59
74 52
52 36
20 12
12 8
74 86
86 59
74 26
26 8
83 8
12 23
29 36
83 36
24 11
35 8
90 42
32 90
31 22
9 21
43 75
65 23
2 83
77 66
54 90
78 64
32 14
48 58
20 1
16 21
29 25
45 70
90 28
18 62
45 63
9 61
27 12
31 46
27 41
78 158 1
45 52
45 10
10 51
45 38
38 51
45 78
78 51
45 73
73 51
45 7
7 51
45 57
57 51
45 62
62 51
52 51
45 34
34 51
45 44
44 51
45 19
19 51
45 69
69 51
45 18
18 51
45 24
24 51
45 32
32 51
45 20
20 51
45 67
67 51
45 53
53 51
45 76
76 51
45 68
68 51
45 16
16 51
45 26
26 51
45 31
31 51
45 61
61 51
45 65
65 51
45 72
72 51
45 11
11 51
45 64
64 51
45 49
49 51
45 3
3 51
45 47
47 51
45 58
58 51
45 54
54 51
45 6
6 51
45 15
15 51
45 21
21 51
73 47
44 20
26 54
75 40
27 29
22 23
27 13
13 30
22 43
43 30
22 71
71 39
22 36
36 74
23 39
75 33
33 74
22 29
29 30
27 46
46 30
27 14
14 30
22 41
41 39
40 74
75 55
55 30
22 63
63 74
27 9
9 39
75 17
17 74
75 37
37 74
75 28
28 39
27 8
8 74
27 4
4 30
22 1
1 74
22 56
56 30
27 12
12 30
22 60
60 39
22 77
77 39
75 66
66 30
27 59
59 74
27 48
48 39
22 2
2 39
22 5
5 39
75 70
70 30
75 35
35 74
22 50
50 30
75 25
25 30
14 74
2 30
63 39
22 12
48 74
27 25
13 5
77 25
37 60
48 30
33 39
8 77
51 42
42 22
42 75
42 27
76 153 1
63 60
74 4
74 38
38 8
74 76
76 14
74 30
30 8
63 47
47 14
74 65
65 8
74 32
32 14
63 40
40 14
63 23
23 14
74 10
10 14
63 24
24 8
63 22
22 8
74 5
5 14
74 57
57 8
63 3
3 8
63 51
51 14
63 4
4 14
74 42
42 8
63 45
45 8
74 70
70 8
63 64
64 8
74 66
66 14
63 16
16 8
63 18
18 14
63 75
75 8
60 14
63 43
43 8
63 44
44 8
74 59
59 8
74 41
41 14
63 39
39 8
74 48
48 14
74 6
6 8
74 15
15 8
63 17
17 8
74 35
35 14
24 14
76 22
53 20
53 37
37 9
53 12
12 13
53 73
73 9
53 72
72 13
53 21
21 13
53 68
68 9
53 62
62 25
53 69
69 13
53 58
58 25
53 67
67 9
53 61
61 13
53 29
29 9
53 1
1 13
53 46
46 9
53 27
27 25
53 19
19 25
53 31
31 13
53 71
71 25
53 52
52 9
53 36
36 9
53 33
33 9
53 28
28 9
53 2
2 13
53 34
34 13
53 11
11 9
53 26
26 25
20 9
53 55
55 25
53 50
50 25
53 54
54 13
53 49
49 25
53 7
7 13
2 25
72 9
31 28
72 54
71 11
58 28
62 20
72 31
26 54
69 7
34 20
37 31
29 1
14 56
8 56
56 53
