1
461 962 417
101 21
333 74
158 312
177 26
306 252
381 419
106 253
116 201
82 276
119 402
56 80
426 448
57 399
18 318
240 40
269 220
19 414
83 401
15 190
208 62
455 149
224 430
111 310
285 130
161 265
396 167
83 75
75 109
177 1
1 55
158 234
234 55
208 215
215 460
119 259
259 460
333 290
290 412
396 324
324 287
306 270
270 287
177 388
388 126
57 347
347 16
306 367
367 442
396 61
61 308
177 40
40 184
306 291
291 412
57 418
418 287
101 54
54 45
161 330
330 207
83 440
440 287
19 402
402 207
56 180
180 184
158 220
220 254
240 62
62 207
177 21
21 55
306 146
146 254
240 377
377 182
19 327
327 308
161 69
69 442
116 60
60 251
83 141
141 412
455 187
187 287
240 245
245 16
119 266
266 126
177 168
168 14
57 136
136 412
177 94
94 14
455 127
127 394
83 99
99 442
111 128
128 55
426 73
73 442
18 176
176 184
158 209
209 16
119 345
345 16
15 199
199 442
83 278
278 45
83 351
351 182
19 355
355 55
18 144
144 207
381 79
79 14
57 96
96 184
269 314
314 442
426 263
263 55
106 34
34 308
82 329
329 184
15 318
318 254
111 70
70 109
240 23
23 109
381 179
179 14
224 363
363 254
116 145
145 207
177 413
413 287
224 372
372 16
119 143
143 45
106 343
343 45
56 88
88 16
306 120
120 287
83 374
374 126
15 162
162 126
161 286
286 287
208 445
445 16
119 438
438 308
15 359
359 287
381 410
410 460
56 38
38 14
240 305
305 412
333 304
304 287
15 152
152 412
161 298
298 308
83 3
3 45
306 331
331 45
285 379
379 412
306 33
33 308
57 257
257 251
381 181
181 109
101 235
235 394
158 98
98 55
116 312
312 251
381 117
117 126
19 102
102 182
56 288
288 14
19 203
203 55
208 276
276 109
333 20
20 412
111 164
164 45
161 352
352 254
224 167
167 254
83 284
284 308
83 122
122 460
82 303
303 55
56 244
244 287
82 24
24 251
177 155
155 251
56 408
408 189
101 81
81 460
106 433
433 308
57 241
241 207
240 92
92 14
224 444
444 254
224 370
370 287
119 186
186 182
396 84
84 207
269 302
302 460
208 71
71 287
306 229
229 182
83 77
77 442
426 10
10 251
396 160
160 251
82 260
260 287
426 267
267 109
111 423
423 109
82 107
107 251
177 46
46 254
106 414
414 16
57 80
80 394
177 247
247 207
57 365
365 189
426 35
35 182
57 218
218 14
455 197
197 182
426 26
26 189
455 459
459 254
83 191
191 189
208 216
216 14
18 242
242 126
455 236
236 412
269 354
354 45
158 118
118 460
161 350
350 55
240 421
421 126
208 219
219 109
18 268
268 412
177 7
7 189
106 389
389 189
116 274
274 189
56 378
378 308
381 386
386 207
306 37
37 126
106 237
237 45
161 27
27 412
177 196
196 254
82 173
173 460
426 123
123 182
269 232
232 308
119 44
44 442
82 344
344 251
208 430
430 16
111 422
422 254
101 13
13 182
56 289
289 412
19 53
53 207
82 130
130 189
116 5
5 442
240 436
436 109
106 52
52 184
158 32
32 460
18 228
228 16
396 447
447 254
116 406
406 308
224 339
339 207
83 315
315 189
426 113
113 126
18 105
105 308
116 125
125 182
83 326
326 16
82 434
434 251
306 429
429 460
161 198
198 394
208 72
72 14
18 166
166 16
82 138
138 251
111 295
295 394
455 192
192 442
426 226
226 251
101 90
90 207
333 246
246 442
240 36
36 254
333 31
31 109
15 313
313 207
224 93
93 442
285 431
431 287
18 364
364 207
158 12
12 394
455 400
400 14
285 258
258 207
18 265
265 254
177 405
405 126
83 399
399 184
177 112
112 14
119 201
201 45
269 310
310 109
82 346
346 184
56 300
300 251
83 195
195 184
111 22
22 287
333 222
222 55
426 66
66 442
306 272
272 254
240 353
353 184
240 43
43 460
19 50
50 45
106 97
97 189
111 11
11 442
208 335
335 14
18 334
334 460
19 407
407 287
101 190
190 55
101 139
139 45
18 411
411 254
426 103
103 442
333 227
227 254
269 316
316 126
56 416
416 412
269 451
451 254
15 309
309 442
83 48
48 184
224 395
395 207
224 425
425 182
426 194
194 394
101 154
154 442
56 214
214 16
381 409
409 126
15 150
150 16
240 368
368 182
240 323
323 394
116 124
124 184
224 91
91 55
161 362
362 126
19 243
243 442
208 356
356 308
396 448
448 189
285 391
391 442
269 6
6 189
426 223
223 308
116 253
253 207
57 461
461 184
106 147
147 394
285 275
275 126
161 341
341 16
455 325
325 189
106 30
30 207
285 2
2 442
269 319
319 184
18 163
163 460
106 282
282 412
396 129
129 254
15 277
277 14
240 457
457 16
119 453
453 254
208 9
9 45
56 165
165 189
18 338
338 442
381 415
415 254
333 217
217 14
82 256
256 287
381 67
67 16
455 443
443 109
161 115
115 182
111 25
25 442
116 76
76 308
455 156
156 126
83 59
59 45
161 450
450 109
82 322
322 287
396 437
437 45
111 213
213 251
240 170
170 14
15 178
178 251
240 51
51 412
224 373
373 45
111 449
449 189
208 87
87 109
83 357
357 16
83 4
4 287
208 104
104 254
381 204
204 308
161 148
148 55
83 248
248 126
177 86
86 184
111 74
74 55
455 210
210 442
240 249
249 109
396 385
385 394
116 361
361 55
119 159
159 254
396 233
233 251
111 299
299 14
106 174
174 287
82 369
369 207
82 250
250 189
285 183
183 460
116 390
390 308
269 320
320 254
455 239
239 308
116 68
68 394
177 29
29 254
57 348
348 308
82 392
392 16
240 41
41 251
396 342
342 189
396 375
375 207
285 417
417 55
426 95
95 460
396 398
398 254
82 252
252 184
381 193
193 14
240 456
456 14
111 419
419 182
208 301
301 442
177 231
231 287
426 397
397 189
83 188
188 16
455 185
185 109
116 42
42 442
19 446
446 189
240 337
337 251
333 387
387 394
208 121
121 287
82 132
132 460
101 8
8 254
426 280
280 251
306 108
108 109
56 63
63 126
224 225
225 184
119 49
49 442
224 202
202 287
333 39
39 126
83 349
349 412
82 458
458 184
269 149
149 109
57 169
169 14
177 153
153 126
18 114
114 308
177 205
205 14
101 427
427 126
15 380
380 109
396 336
336 254
177 171
171 412
177 384
384 182
396 110
110 109
224 424
424 55
56 206
206 126
116 401
401 251
82 89
89 207
111 454
454 55
224 58
58 251
426 262
262 184
396 137
137 14
82 175
175 16
57 281
281 189
381 100
100 251
158 261
261 182
158 17
17 394
269 221
221 254
396 366
366 251
83 383
383 207
57 212
212 287
18 140
140 182
161 47
47 109
19 64
64 45
18 382
382 126
396 230
230 14
101 371
371 14
57 439
439 16
426 211
211 189
269 293
293 207
224 317
317 460
396 294
294 207
15 65
65 308
19 321
321 254
83 432
432 182
426 328
328 308
426 292
292 251
455 403
403 460
426 255
255 189
56 172
172 207
177 273
273 254
83 420
420 189
18 340
340 55
306 360
360 184
111 283
283 207
57 157
157 394
101 393
393 207
455 133
133 287
101 297
297 460
18 131
131 189
83 435
435 251
161 271
271 182
101 279
279 251
18 134
134 251
269 142
142 207
224 452
452 109
285 200
200 14
177 441
441 55
177 358
358 308
18 428
428 460
18 296
296 442
83 307
307 251
224 238
238 460
101 264
264 460
208 135
135 14
82 78
78 189
381 85
85 55
82 311
311 251
19 151
151 184
116 376
376 460
208 332
332 460
285 404
404 45
381 28
28 109
349 308
388 460
406 184
71 442
39 45
65 251
107 412
429 254
192 189
223 287
413 126
392 55
364 394
310 14
350 182
332 16
304 109
185 207
354 113
455 256
72 340
99 256
191 360
15 196
98 90
422 202
363 281
81 323
306 54
34 36
306 456
128 112
315 400
106 47
79 328
408 272
173 13
94 421
141 315
263 217
208 454
211 14
20 349
176 326
298 126
164 134
384 296
386 45
97 360
119 162
323 308
56 97
138 225
303 273
331 135
194 29
199 68
203 419
193 65
399 376
375 39
234 200
429 95
246 100
241 130
152 166
79 126
5 296
80 451
141 417
451 200
48 450
201 366
224 243
361 64
291 195
186 397
131 134
93 2
82 340
434 147
259 140
330 10
6 256
13 171
188 132
104 380
235 66
54 395
451 294
39 262
306 257
111 389
162 457
18 391
408 26
19 297
191 405
136 175
69 398
346 397
246 183
