1
456 928 412
198 362
2 154
199 258
133 408
191 55
318 62
34 108
105 28
37 7
22 116
333 292
101 12
39 130
311 219
110 249
60 340
349 36
212 232
90 373
42 248
82 185
250 45
436 35
314 127
449 404
273 285
57 236
178 197
5 93
141 249
3 16
64 415
22 355
355 143
90 40
40 288
133 65
65 262
34 124
124 288
191 235
235 247
178 36
36 288
141 103
103 427
2 139
139 247
57 25
25 227
5 89
89 351
37 171
171 227
110 121
121 427
101 83
83 427
133 226
226 10
436 19
19 10
198 442
442 427
2 115
115 288
191 407
407 312
191 43
43 143
250 350
350 143
436 72
72 143
22 444
444 351
191 266
266 352
133 15
15 244
250 179
179 143
2 32
32 288
22 113
113 352
60 295
295 312
64 321
321 227
5 16
16 227
436 112
112 288
318 424
424 10
110 29
29 244
273 132
132 351
90 106
106 227
318 127
127 10
141 130
130 262
318 202
202 244
349 440
440 312
3 157
157 352
212 153
153 262
250 297
297 288
60 252
252 262
311 73
73 10
311 51
51 288
105 88
88 143
57 149
149 244
110 172
172 288
90 148
148 262
199 299
299 351
311 320
320 312
318 232
232 244
178 303
303 227
436 203
203 143
333 417
417 427
178 187
187 351
82 454
454 244
141 71
71 244
449 119
119 227
178 344
344 10
273 59
59 227
449 331
331 312
82 240
240 143
22 213
213 427
349 125
125 247
250 389
389 288
3 45
45 227
349 218
218 227
3 290
290 227
333 56
56 288
5 189
189 427
34 192
192 247
37 104
104 143
133 337
337 247
141 316
316 227
199 215
215 262
318 285
285 427
449 364
364 351
198 193
193 351
199 170
170 288
133 23
23 247
199 399
399 244
105 453
453 247
185 10
191 138
138 227
436 163
163 247
318 358
358 288
199 410
410 288
178 363
363 352
110 382
382 288
101 426
426 352
64 345
345 262
2 167
167 288
22 414
414 427
22 70
70 352
82 435
435 247
133 150
150 227
141 429
429 143
105 217
217 262
314 160
160 351
22 330
330 244
250 359
359 143
105 409
409 10
199 362
362 10
110 271
271 352
191 284
284 288
199 231
231 352
110 67
67 427
5 423
423 288
2 61
61 244
64 93
93 247
57 140
140 10
2 334
334 262
101 1
1 351
349 395
395 262
2 456
456 247
311 367
367 143
57 296
296 10
37 394
394 312
250 354
354 288
141 388
388 244
133 368
368 143
64 402
402 143
273 134
134 244
5 100
100 143
349 222
222 312
5 448
448 143
349 219
219 352
191 396
396 227
42 274
274 352
37 175
175 427
314 216
216 262
349 323
323 351
110 69
69 262
199 228
228 10
105 190
190 227
314 391
391 351
133 254
254 427
5 8
8 262
5 76
76 351
2 413
413 244
191 293
293 427
198 180
180 312
212 360
360 288
191 79
79 312
191 374
374 352
90 155
155 143
141 422
422 312
198 137
137 244
37 328
328 227
178 55
55 227
90 385
385 351
436 99
99 247
110 26
26 143
449 400
400 288
57 41
41 312
250 378
378 312
42 340
340 227
333 451
451 262
3 392
392 227
37 230
230 143
349 151
151 227
110 292
292 288
273 332
332 351
90 164
164 247
349 165
165 247
318 233
233 427
198 272
272 262
333 27
27 10
311 156
156 262
39 276
276 427
314 338
338 227
22 279
279 247
311 455
455 352
250 236
236 351
333 18
18 427
198 283
283 244
212 159
159 352
3 335
335 247
34 111
111 227
39 432
432 10
141 256
256 427
141 377
377 351
82 383
383 352
39 166
166 351
90 6
6 352
105 309
309 351
105 117
117 143
318 177
177 312
349 58
58 227
273 239
239 244
110 146
146 427
178 126
126 227
436 78
78 262
141 419
419 427
2 120
120 10
199 347
347 244
101 380
380 352
82 281
281 247
349 346
346 10
42 209
209 227
349 201
201 288
436 326
326 351
2 87
87 312
198 258
258 227
250 108
108 143
314 35
35 247
90 398
398 427
82 205
205 351
39 38
38 351
42 260
260 227
22 31
31 352
3 403
403 227
64 441
441 288
333 408
408 288
133 196
196 247
110 277
277 352
349 174
174 427
404 427
212 63
63 351
199 131
131 288
64 80
80 143
101 242
242 352
101 356
356 352
212 353
353 312
34 33
33 312
311 452
452 143
349 221
221 247
212 248
248 352
212 307
307 427
141 122
122 244
110 341
341 288
110 280
280 10
34 386
386 352
133 173
173 262
37 401
401 352
449 13
13 351
198 183
183 427
57 144
144 227
82 225
225 312
64 197
197 247
191 357
357 351
318 158
158 143
105 282
282 10
141 275
275 227
273 411
411 143
273 135
135 244
449 181
181 352
3 194
194 244
199 200
200 288
39 168
168 227
82 129
129 143
191 169
169 288
349 136
136 262
250 84
84 244
34 238
238 10
212 313
313 244
436 257
257 247
178 184
184 427
39 324
324 244
273 186
186 351
449 229
229 227
82 415
415 427
3 206
206 288
198 268
268 288
141 91
91 227
64 300
300 351
314 66
66 312
110 75
75 352
105 336
336 312
191 304
304 10
22 152
152 351
42 245
245 244
3 329
329 352
5 21
21 244
311 102
102 262
60 47
47 427
110 264
264 351
314 287
287 312
250 384
384 227
57 92
92 427
318 14
14 10
39 48
48 351
212 223
223 227
2 214
214 227
39 339
339 227
250 372
372 351
101 327
327 312
273 371
371 427
178 9
9 10
57 447
447 143
60 234
234 227
2 376
376 427
212 305
305 312
3 375
375 247
311 109
109 262
250 188
188 312
110 366
366 288
90 342
342 352
178 317
317 427
42 379
379 351
311 86
86 227
449 259
259 10
22 390
390 244
178 107
107 312
333 437
437 227
39 50
50 227
436 433
433 244
5 308
308 352
34 270
270 227
449 116
116 312
90 114
114 227
110 68
68 352
5 145
145 352
101 204
204 427
39 24
24 351
90 397
397 143
199 278
278 427
105 420
420 351
22 263
263 10
90 142
142 312
178 207
207 288
39 298
298 227
82 348
348 351
110 406
406 312
82 74
74 143
449 46
46 352
60 319
319 288
42 322
322 288
273 450
450 351
349 4
4 288
57 20
20 10
42 443
443 312
178 95
95 10
101 176
176 427
82 28
28 351
34 294
294 312
60 12
12 262
314 118
118 10
57 421
421 244
60 161
161 312
199 370
370 143
141 445
445 143
82 306
306 227
3 430
430 244
5 428
428 262
212 291
291 247
141 439
439 312
436 208
208 262
349 53
53 351
311 251
251 352
141 246
246 427
57 182
182 288
349 418
418 247
333 85
85 352
110 286
286 352
39 315
315 227
273 195
195 143
64 365
365 227
212 211
211 351
101 97
97 288
198 412
412 227
198 434
434 427
250 62
62 427
349 210
210 312
199 438
438 352
449 431
431 351
318 237
237 427
57 387
387 288
349 301
301 244
178 220
220 227
314 44
44 247
199 7
7 262
37 269
269 351
198 361
361 351
64 11
11 244
141 52
52 227
333 381
381 262
333 249
249 227
57 241
241 227
101 267
267 247
90 154
154 143
105 405
405 244
105 369
369 288
42 393
393 351
141 253
253 244
60 224
224 288
373 288
34 425
425 352
101 302
302 247
178 310
310 427
57 416
416 10
449 255
255 143
5 123
123 247
212 343
343 288
110 261
261 262
133 77
77 10
311 94
94 247
198 265
265 351
178 128
128 352
101 243
243 143
349 81
81 247
199 325
325 288
34 162
162 312
60 17
17 288
318 446
446 351
436 96
96 247
82 54
54 262
250 289
289 427
436 30
30 352
42 147
147 312
2 49
49 312
37 98
98 247
53 10
54 244
86 288
108 262
268 247
307 351
397 352
422 143
16 312
40 374
311 254
424 290
311 33
240 200
330 168
69 169
440 237
329 214
29 1
272 267
14 342
422 439
233 269
456 306
35 196
223 251
124 71
70 370
157 322
39 296
236 381
277 430
395 347
127 351
440 453
193 381
314 422
377 420
40 115
328 229
426 261
355 366
177 7
444 231
336 249
280 114
219 47
159 38
290 298
419 300
55 68
2 224
163 136
213 408
380 408
20 306
235 257
297 428
103 231
72 354
157 416
107 370
4 255
112 227
418 255
252 455
259 97
413 227
205 275
133 308
266 81
344 342
37 443
