1
4670 9442 4288
4319 322
572 3616
601 2879
890 1472
3238 1089
38 2520
643 3121
453 747
4424 951
1045 4441
2808 3678
2390 835
327 2786
3593 1523
3412 2100
4177 3596
2947 4079
7 4441
1656 1430
1205 4595
3785 2539
2229 1123
114 2090
4522 1290
3781 105
703 1039
117 2001
4599 2881
2625 3932
526 1147
4014 2401
1216 123
2084 736
3518 4058
449 3424
3090 1784
3796 1026
3512 547
216 2840
2467 3789
2073 3881
4539 1869
1244 4017
3440 2346
2475 1271
2476 3919
2938 587
741 1229
984 1308
894 1990
2977 3839
1369 184
4166 3313
1877 1807
2816 1243
1619 263
20 2518
1960 30
2784 395
4490 823
292 1670
3298 2228
164 2616
4552 2766
4423 1673
564 3208
3601 1937
1328 4407
102 2575
2767 1675
1141 3564
3152 4440
482 4238
3899 525
2690 989
4398 2636
1655 4497
964 1102
4309 4030
1838 3006
630 304
1806 973
1188 3552
2288 3806
3848 1910
679 3962
676 343
3877 3065
1451 3039
3667 1949
4288 2890
3125 2058
2716 1988
4448 1622
892 1183
3119 3771
3294 1633
1087 1397
2315 928
883 3777
353 936
3280 25
3293 4326
4286 3816
4003 2740
1664 3679
192 3933
1548 2338
3181 1944
2028 3165
346 4362
3728 1429
595 1023
2524 3961
2915 1661
141 2170
4105 1940
1336 2350
4141 4008
1146 3532
503 1259
251 608
1955 1086
1725 2882
2244 2437
1624 656
4224 2438
1353 1617
1210 3827
622 907
2757 525
713 2589
3663 4287
4234 876
863 104
603 1375
3274 4562
1390 1645
1604 2821
2368 917
139 2634
2550 318
1866 2568
3167 4456
3886 19
2664 4058
2683 1260
511 4035
3732 349
1585 3344
4298 23
1747 4328
4127 1813
2138 965
3094 2271
334 3493
2643 2224
4532 3170
2956 3260
3461 982
2162 628
2960 4627
1101 3323
1025 3687
2543 386
3479 1474
60 2759
355 1973
988 4652
1878 960
4348 2546
1219 276
969 1115
3410 2853
1480 597
1716 2756
3857 3945
3413 3487
744 2366
3611 1467
4158 3815
59 2038
3295 4254
3289 2735
1014 4318
3879 1507
3992 3566
684 3792
514 1851
2597 860
1579 2469
3923 1740
4242 3932
4222 278
1922 4030
2395 1844
272 380
815 2419
1031 1504
1567 629
4285 3876
2561 4555
4185 3692
1322 1067
2765 202
4153 2935
1727 3752
71 4651
256 397
3624 3793
2813 349
302 3653
1498 1023
2963 1940
721 1818
3050 4315
1061 2358
3098 2913
968 4017
3388 1204
3999 1256
4644 2507
3119 4433
4433 4225
630 1192
1192 4025
4448 2340
2340 1419
3877 4266
4266 845
1322 1671
1671 1197
3728 210
210 826
1716 2410
2410 190
482 3979
3979 3297
890 4064
4064 3297
679 2904
2904 1227
1025 3693
3693 3469
1480 2301
2301 3130
3294 734
734 1221
3125 68
68 1432
1014 3281
3281 1227
4285 4373
4373 1419
815 2352
2352 3254
2643 4367
4367 2148
3479 3926
3926 3637
4224 4232
4232 997
703 1603
1603 3056
4319 3827
3827 3683
1328 82
82 1819
3999 463
463 151
511 3648
3648 1803
3781 1529
1529 2291
3090 767
767 2949
3293 2102
2102 477
1451 639
639 4167
968 29
29 813
1480 2337
2337 4167
2767 15
15 3213
964 3826
3826 477
4105 950
950 2503
4141 3083
3083 2795
3181 2854
2854 2083
503 4330
4330 1767
514 3127
3127 151
346 2850
2850 3481
4298 1397
1397 818
741 2346
2346 1659
2963 2113
2113 1388
511 4664
4664 3297
1480 2504
2504 1457
3461 3810
3810 4523
2757 4311
4311 3183
3624 3444
3444 1080
3667 2742
2742 1349
703 2573
2573 3072
1877 2269
2269 1066
2816 2764
2764 3588
1216 3211
3211 826
2543 2700
2700 1266
1548 4237
4237 1620
968 4437
4437 4108
1205 1193
1193 567
2390 1191
1191 2299
2813 2934
2934 4523
4398 582
582 1984
1655 4241
4241 2830
4424 4452
4452 311
3274 337
337 3805
355 1323
1323 3292
1014 710
710 3239
2028 3885
3885 1080
630 611
611 232
3094 1395
1395 1606
2543 2939
2939 3297
20 4438
4438 3072
4398 3771
3771 1172
1604 2423
2423 2083
815 1485
1485 577
2765 3441
3441 768
3999 2973
2973 1483
3440 2447
2447 3109
2915 3606
3606 2593
1656 553
553 4296
3125 100
100 768
2765 347
347 1170
3413 2519
2519 1767
60 2169
2169 1066
630 2129
2129 4212
1922 1939
1939 3087
1336 2864
2864 3297
3410 3140
3140 4299
1877 3715
3715 1080
1146 1623
1623 4225
4448 4159
4159 2738
964 671
671 4025
4490 1094
1094 477
4224 2473
2473 4160
3098 3185
3185 3622
1747 3935
3935 775
2956 2199
2199 311
4644 3124
3124 150
3479 1391
1391 3646
3119 288
288 2928
1061 3337
3337 4488
3050 3760
3760 813
3167 1532
1532 826
1747 949
949 106
503 3714
3714 1506
1579 4151
4151 2214
4522 4358
4358 3895
3781 3364
3364 3940
2956 199
199 3501
1579 2446
2446 1227
2938 246
246 4167
643 237
237 1803
643 2644
2644 3130
3479 227
227 3626
327 466
466 3072
3663 4029
4029 1659
302 3092
3092 190
3781 2919
2919 1186
4127 2815
2815 3254
2956 1917
1917 4201
2476 3682
3682 3683
1727 145
145 2299
216 43
43 3239
3923 3919
3919 1471
1838 3012
3012 3588
2138 399
399 58
4166 1448
1448 129
1624 626
626 4167
2767 2605
2605 1349
2028 3519
3519 130
572 1870
1870 3469
4448 2070
2070 3588
964 313
313 167
3413 512
512 3481
3181 3590
3590 812
894 936
936 2055
526 832
832 1126
2138 3325
3325 1197
2915 364
364 1506
3298 624
624 1995
71 550
550 1792
892 4211
4211 2417
2643 3610
3610 1278
630 4586
4586 1767
3518 3959
3959 1109
4105 793
793 3481
1322 3234
3234 3481
988 2682
2682 2972
890 3641
3641 3173
2475 3084
3084 2604
38 362
362 1419
1604 4528
4528 1620
114 1698
1698 1506
4185 1163
1163 2528
3293 3194
3194 1620
2028 385
385 4299
482 255
255 3646
1725 1009
1009 1227
3848 1542
1542 477
2625 4414
4414 106
988 3759
3759 2503
2543 1712
1712 2619
2368 2311
2311 1187
894 752
752 1109
2524 921
921 1187
514 1264
1264 3849
3094 1015
1015 2858
3412 2227
2227 2299
2813 1125
1125 567
3992 4462
4462 826
3410 372
372 3254
3781 2495
2495 4036
2395 2743
2743 3469
3899 2591
2591 2417
482 423
423 1172
1480 3676
3676 3087
4298 3045
3045 58
2395 366
366 4025
3440 2773
2773 1606
453 427
427 3275
4288 3584
3584 2858
4288 4191
4191 1095
572 4459
4459 4022
4286 3852
3852 4025
1725 14
14 3542
4127 1822
1822 4160
192 1810
1810 845
3479 778
778 1438
2808 2159
2159 129
1328 3054
3054 1659
1878 2219
2219 3805
1567 4453
4453 2418
4105 66
66 3622
863 3308
3308 190
2947 2383
2383 1803
3899 4632
4632 1457
4288 3535
3535 2604
3728 1947
1947 1984
302 3478
3478 1266
643 4457
4457 1197
1188 2496
2496 1266
2915 3532
3532 855
1087 1114
1114 257
1480 4259
4259 1606
482 2509
2509 2944
3289 1122
1122 1227
60 2992
2992 1266
4158 1124
1124 1280
503 118
118 4212
1806 1416
1416 106
3512 1678
1678 1227
3440 2498
2498 1138
114 4207
4207 3637
3728 135
135 1388
292 3190
3190 2095
4177 3893
3893 3683
20 1991
1991 167
4532 1202
1202 2655
894 1383
1383 1187
815 3149
3149 4488
3090 4016
4016 1767
3280 3291
3291 3391
1101 2106
2106 3297
3518 3735
3735 1513
601 219
219 2299
2947 2384
2384 1457
1141 2848
2848 2055
4286 1135
1135 3481
3479 3800
3800 826
334 2585
2585 2738
2476 3883
3883 1109
216 78
78 1187
1322 2876
2876 1187
3781 2382
2382 992
3295 2278
2278 3588
1353 3449
3449 3173
2947 4591
4591 3391
3479 1073
1073 311
2368 76
76 4620
3388 3344
3344 1138
2138 4554
4554 3588
4166 4178
4178 257
894 700
700 3173
4242 3343
3343 129
1322 373
373 4638
60 2344
2344 1803
4288 315
315 2738
3294 1759
1759 1109
2476 403
403 2655
334 770
770 2830
1866 2065
2065 2604
4424 3128
3128 4106
4177 2089
2089 32
2813 2887
2887 2032
2597 1813
1813 1620
3624 3354
3354 2291
3624 4264
4264 4167
2395 933
933 3481
2625 2016
2016 2211
4286 4450
4450 1278
251 273
273 2619
3094 1587
1587 1187
4127 1237
1237 130
3667 1543
1543 3183
883 518
518 1994
4552 1034
1034 577
4285 727
727 3297
3295 3561
3561 3391
1219 1714
1714 2655
38 1435
1435 4225
1205 2481
2481 997
2288 2314
2314 2503
482 3480
3480 1803
4398 3426
3426 577
1498 4042
4042 4022
2561 2909
2909 4389
1727 1818
1818 600
2315 1143
1143 2327
595 4281
4281 1187
4234 1691
1691 1388
4166 4612
4612 2806
503 3920
3920 577
4014 2786
2786 1093
1244 4096
4096 2214
3280 1355
1355 3901
3295 4518
4518 1349
3294 1372
1372 4620
2244 4662
4662 1984
2244 720
720 2944
3879 3080
3080 2944
676 2431
2431 2349
3624 1130
1130 2652
815 2287
2287 1138
3274 2300
2300 160
3050 538
538 818
1328 1140
1140 818
2476 1032
1032 3173
4644 2862
2862 1170
1322 376
376 2055
3293 3400
3400 311
3298 1055
1055 1297
482 2438
2438 2795
2683 2472
2472 1297
2229 402
402 1388
3848 4085
4085 1197
4166 961
961 2211
346 528
528 855
4153 3531
3531 129
3992 3698
3698 156
2947 2328
2328 3254
346 1823
1823 2528
3611 2250
2250 2795
1498 3002
3002 4389
1219 3511
3511 3481
1031 1077
1077 2619
2288 3116
3116 2418
3280 1043
1043 1620
256 70
70 3056
684 838
838 232
4003 537
537 3626
2524 3530
3530 3217
3181 1420
1420 3805
1656 2305
2305 2528
3593 686
686 4025
3923 2221
2221 1930
4224 1825
1825 845
3667 3164
3164 167
1866 3912
3912 477
1498 2271
2271 1080
334 613
613 151
2757 1394
1394 2949
4644 429
429 1803
453 4251
4251 1792
1014 1063
1063 3637
139 764
764 150
4522 658
658 4296
2716 2804
2804 2211
2550 3431
3431 1471
114 1888
1888 3622
2229 3263
3263 3254
3388 1901
1901 3173
1141 1036
1036 2211
2467 619
619 1221
514 912
912 3292
4599 37
37 4467
890 2728
2728 4201
1451 2396
2396 1324
3611 3082
3082 2877
3923 287
287 3481
4234 666
666 1388
968 1549
1549 1930
3181 1936
1936 2214
969 3566
3566 1506
2625 2533
2533 3637
2368 1437
1437 2299
216 712
712 4108
2244 188
188 4638
679 4323
4323 3130
988 1642
1642 1138
3624 381
381 1483
3413 1647
1647 477
1025 1628
1628 3130
1725 2135
2135 4160
3785 1067
1067 3213
4153 1245
1245 811
3857 1850
1850 2928
3512 4582
4582 3627
4141 3003
3003 1930
3094 4007
4007 3056
334 4614
4614 1126
2765 817
817 1432
622 2967
2967 2323
1866 3989
3989 4225
3728 1189
1189 2858
968 354
354 2655
744 1949
1949 1280
2664 3809
3809 1127
2915 2762
2762 2349
3999 1841
1841 1127
503 1690
1690 3292
2963 2976
2976 3215
2390 3145
3145 4201
2915 657
657 1438
679 3524
3524 4025
3785 2144
2144 1187
1716 766
766 1186
4014 1458
1458 3484
3728 222
222 1819
4298 2274
2274 2323
572 2814
2814 2291
1219 1263
1263 4638
1955 266
266 2211
2524 4133
4133 3637
2561 1572
1572 4519
2813 437
437 1513
2597 1807
1807 2083
744 955
955 4519
3125 69
69 257
3593 197
197 2032
3512 3286
3286 1995
2543 3939
3939 2858
1336 4121
4121 2830
1087 3329
3329 4201
3785 2212
2212 818
1045 215
215 2655
1664 1757
1757 2528
4424 990
990 1280
353 3807
3807 3895
38 4444
4444 1033
453 1660
1660 4467
4539 3836
3836 3391
1210 1574
1574 3109
3899 1565
1565 3469
3090 3615
3615 1419
4288 1550
1550 600
2956 2450
2450 818
892 2441
2441 1324
2625 84
84 4523
449 2217
2217 1324
514 1196
1196 3173
1101 3237
3237 1819
482 4505
4505 2707
969 34
34 3056
2475 942
942 3239
2288 794
794 257
346 2442
2442 2299
1322 715
715 1109
3999 4476
4476 1138
3094 4361
4361 2645
1205 4425
4425 32
3879 1980
1980 3423
3050 2351
2351 3297
139 2646
2646 2148
2947 4091
4091 818
883 746
746 1033
216 2745
2745 4296
2963 3046
3046 1803
2963 2290
2290 2795
969 4279
4279 1172
2757 208
208 4022
2757 1103
1103 818
2947 3261
3261 1033
4552 660
660 160
482 1710
1710 2528
2767 3678
3678 1324
302 3878
3878 3215
2244 19
19 1994
4003 2142
2142 2972
4522 2780
2780 4036
4599 2518
2518 156
1205 2832
2832 992
4448 4498
4498 818
3098 3764
3764 3109
7 1555
1555 1095
4398 214
214 2655
4644 4581
4581 477
2315 2924
2924 4467
2543 472
472 1994
3294 2857
2857 3297
3667 1195
1195 150
1210 2609
2609 2435
572 1267
1267 4160
20 4067
4067 855
2162 3103
3103 4025
4532 3320
3320 3292
216 2167
2167 4225
4185 1925
1925 3901
3119 344
344 3501
20 4405
4405 2645
4234 4307
4307 3297
892 80
80 1432
3181 4276
4276 1266
4644 261
261 2418
2476 2534
2534 2928
327 304
304 1278
4185 2555
2555 992
4222 3964
3964 997
1451 1020
1020 4167
4522 4256
4256 1349
684 1308
1308 1930
511 1300
1300 151
2767 2463
2463 1324
3181 2955
2955 3627
292 1017
1017 3183
3479 2266
2266 156
3050 2712
2712 768
1878 2350
2350 1457
3440 1443
1443 3484
353 2875
2875 3239
2550 1568
1568 4167
1727 4570
4570 1197
3295 1907
1907 1197
3388 3632
3632 2148
1619 1064
1064 3423
3280 3791
3791 1172
679 499
499 2645
4424 2377
2377 1066
2816 1743
1743 2858
3094 2334
2334 2830
3410 4356
4356 1620
2767 2385
2385 3275
4448 441
441 826
2816 2297
2297 2830
3412 941
941 4160
4141 3598
3598 1388
272 3228
3228 2795
679 2194
2194 1438
346 3142
3142 1266
969 1145
1145 3481
1480 931
931 129
3899 4436
4436 3072
3879 3982
3982 167
453 3579
3579 3275
969 4344
4344 2528
2956 1144
1144 3627
139 2714
2714 992
3593 4104
4104 2083
3167 149
149 3895
2162 2636
2636 2738
4424 3621
3621 2435
1322 3704
3704 3072
3410 4048
4048 2858
3152 3301
3301 2323
272 2152
2152 129
3410 1840
1840 1080
3280 1609
1609 1095
595 4381
4381 577
1045 1285
1285 1197
139 2122
2122 577
3412 3333
3333 1438
3899 3890
3890 577
4153 3160
3160 1280
2475 3487
3487 1324
4532 4115
4115 2032
1045 4206
4206 2949
3412 1182
1182 3292
526 3508
3508 2806
3781 1886
1886 813
20 1154
1154 1659
3611 1065
1065 3805
1747 726
726 3542
3624 3043
3043 1419
4166 1539
1539 2655
2947 1701
1701 3895
1656 3476
3476 106
1664 2262
2262 4025
3090 4659
4659 813
3624 1511
1511 2619
2765 3170
3170 2214
2543 2307
2307 1513
4177 1257
1257 3130
514 4368
4368 826
1960 612
612 1930
2073 4118
4118 2503
251 4260
4260 3940
595 3066
3066 1803
1955 3744
3744 4106
1960 2155
2155 992
164 3463
3463 4523
141 4455
4455 1984
4288 3253
3253 2032
3125 128
128 1138
676 3243
3243 2944
4222 1366
1366 768
4398 3209
3209 4025
1031 539
539 62
3412 3262
3262 775
3098 1071
1071 3183
3877 2371
2371 818
622 723
723 1513
1656 4589
4589 3213
2690 217
217 2707
988 1228
1228 311
4127 1789
1789 2095
643 424
424 2858
4153 3252
3252 2944
3785 1783
1783 2327
3152 1208
1208 62
164 2941
2941 1172
4644 3840
3840 1297
984 498
498 2327
2162 4006
4006 3637
3848 1382
1382 1792
3624 2407
2407 4167
216 1240
1240 3805
3479 3389
3389 813
327 4120
4120 232
4552 2061
2061 1126
2625 264
264 156
2084 306
306 1109
2028 4334
4334 1170
2938 2610
2610 2417
1390 792
792 4620
3624 1718
1718 1659
1219 4315
4315 1620
4105 3978
3978 1506
1101 168
168 3501
3732 2443
2443 4022
292 3037
3037 2604
2467 4099
4099 3072
1747 3896
3896 2211
3413 187
187 1767
453 2724
2724 1984
883 2386
2386 3805
503 3067
3067 2707
3289 823
823 2928
114 1444
1444 1187
1747 3462
3462 311
4153 3004
3004 992
1624 2680
2680 2652
1322 2526
2526 1324
4285 656
656 1186
894 3401
3401 1803
564 4061
4061 4036
892 4148
4148 2291
2977 341
341 567
1664 1683
1683 2645
2229 1739
1739 3239
890 2687
2687 257
1664 3834
3834 2032
1322 1530
1530 3087
4014 3220
3220 2055
453 4375
4375 2417
2597 90
90 1513
3410 2640
2640 1438
1031 2192
2192 3627
514 3251
3251 3849
4424 3097
3097 4299
2475 4541
4541 1095
3593 3129
3129 845
2963 1096
1096 32
1390 1374
1374 3213
1244 966
966 3588
601 2575
2575 3683
3877 3013
3013 3183
2288 4173
4173 3087
302 3730
3730 1819
102 2969
2969 3056
71 1732
1732 2972
3410 785
785 1388
3785 1914
1914 2417
2368 1166
1166 2652
1336 4001
4001 1767
1219 593
593 2323
1061 221
221 1197
2915 95
95 1803
3289 2631
2631 811
2643 1600
1600 1093
3732 1768
1768 826
1656 4412
4412 32
2390 471
471 190
1922 2399
2399 567
1031 1133
1133 813
3298 1436
1436 3087
2767 860
860 845
3090 3942
3942 2707
564 3332
3332 58
4242 1406
1406 130
1025 1754
1754 3072
38 3950
3950 2055
4532 521
521 1280
3298 3429
3429 2323
721 1666
1666 3469
1866 2255
2255 3072
1014 1409
1409 811
2138 3909
3909 1819
514 546
546 1126
38 3873
3873 257
482 2071
2071 600
1960 875
875 3469
4348 3571
3571 2877
2028 4056
4056 4225
514 2617
2617 150
3667 663
663 2944
1244 1503
1503 1172
4003 2731
2731 1266
2467 4443
4443 130
4424 4095
4095 2349
1328 493
493 2299
4532 4079
4079 2806
564 4294
4294 2148
272 4380
4380 2148
1716 428
428 130
3992 1649
1649 3297
2390 2029
2029 1483
4490 51
51 2095
3090 1373
1373 1080
1716 258
258 775
4348 2766
2766 1819
2229 3077
3077 1266
3440 2243
2243 1513
511 2994
2994 4160
4309 1401
1401 1432
1390 1404
1404 3292
4003 4308
4308 4022
1960 1715
1715 1659
1664 2485
2485 1432
4424 4066
4066 4523
1219 2456
2456 1278
703 4486
4486 4299
984 4472
4472 1324
4298 3017
3017 2806
526 644
644 4638
3413 1386
1386 1170
595 2062
2062 3072
4490 1720
1720 1266
3992 3752
3752 2148
2767 240
240 232
256 2971
2971 775
3667 3869
3869 3213
2550 331
331 3849
3512 4548
4548 3213
59 651
651 3501
2960 1027
1027 3072
4319 989
989 1093
3152 2863
2863 2928
141 2651
2651 477
3512 3540
3540 1186
2395 864
864 4225
2784 1598
1598 2214
3796 560
560 845
4532 4180
4180 1109
4141 3277
3277 477
601 3538
3538 1506
453 3955
3955 2111
1390 1019
1019 3849
139 4039
4039 1109
355 374
374 1080
1210 3058
3058 1419
2475 1638
1638 3087
3601 1494
1494 1278
1619 952
952 130
3899 3139
3139 1266
1498 2224
2224 4160
3461 1744
1744 232
3512 4565
4565 818
1498 3176
3176 2972
4222 1225
1225 826
1806 2236
2236 4519
7 4501
4501 2738
4242 1845
1845 3901
1244 4387
4387 1172
117 2079
2079 2291
59 1692
1692 2738
60 2096
2096 2806
1146 1730
1730 3849
2524 2586
2586 775
1877 4558
4558 1138
2315 3206
3206 160
2288 2358
2358 3215
482 2546
2546 1187
3388 2812
2812 1457
1146 1226
1226 1803
3886 1171
1171 311
1548 1414
1414 2214
1353 3189
3189 4389
3090 4593
4593 3130
1141 605
605 2083
630 405
405 3217
968 3229
3229 2095
572 467
467 167
4319 2565
2565 2944
1955 4641
4641 3627
3479 4396
4396 3215
1960 4538
4538 3213
4141 2861
2861 3588
3388 497
497 2503
3289 2650
2650 826
4224 3971
3971 129
2977 3355
3355 2417
3119 4190
4190 1792
256 170
170 2083
1567 994
994 1080
3298 629
629 1280
1219 759
759 813
4222 2345
2345 2417
2561 4378
4378 3173
4309 4500
4500 1170
3999 3007
3007 2111
4127 1445
1445 811
3410 28
28 4201
3410 3363
3363 1506
815 4287
4287 2604
3611 4590
4590 2944
2028 714
714 477
2315 975
975 1280
4644 545
545 3183
2561 2530
2530 1126
4286 1408
1408 2972
1353 1142
1142 129
4014 1415
1415 2830
1219 2517
2517 2972
1451 64
64 3183
2816 3212
3212 813
1725 1564
1564 3213
1656 4365
4365 2214
302 2789
2789 129
482 1796
1796 1280
526 662
662 2806
1878 2023
2023 1483
1353 2302
2302 2032
3667 13
13 4523
2784 420
420 3622
4539 2249
2249 3849
1878 3965
3965 1792
1498 547
547 3087
744 3494
3494 2349
572 783
783 1197
3624 3232
3232 4638
2073 4020
4020 150
1866 2913
2913 106
4003 2232
2232 1419
622 2014
2014 3292
2816 4578
4578 4167
38 683
683 845
59 1344
1344 1803
292 4252
4252 1080
256 1201
1201 150
2475 112
112 1170
3167 1008
1008 32
256 3302
3302 1109
256 4227
4227 130
1877 2392
2392 1221
60 4198
4198 811
4177 2037
2037 813
2977 323
323 811
988 2181
2181 2949
744 4619
4619 4201
2784 3136
3136 1126
4153 3716
3716 2949
4423 3398
3398 3239
1498 2459
2459 1432
2597 4084
4084 1278
2938 57
57 2349
2543 888
888 1138
1210 608
608 4160
3999 4651
4651 3423
1451 250
250 600
2816 3242
3242 812
2784 3336
3336 3130
2229 2056
2056 2738
272 1319
1319 1984
988 4384
4384 1349
3899 2868
2868 3901
7 4290
4290 1033
684 67
67 2323
216 3419
3419 3683
3098 3539
3539 3087
1146 185
185 2858
2960 4210
4210 151
3879 249
249 1221
449 2929
2929 4638
327 2771
2771 1197
2475 810
810 4620
3796 1531
1531 3391
3119 661
661 812
4141 2641
2641 3622
4490 4564
4564 818
863 1830
1830 1186
3899 2436
2436 3213
984 3424
3424 855
2690 1673
1673 2291
4286 2173
2173 2858
1725 392
392 1471
3280 2805
2805 1126
2288 1920
1920 2944
2368 383
383 2655
4599 1504
1504 2291
1655 2982
2982 1126
1725 171
171 2738
4014 2364
2364 2503
3848 4606
4606 3469
2162 1632
1632 2211
164 3375
3375 1280
302 4499
4499 3072
256 1700
1700 4296
4298 541
541 3239
2162 3338
3338 855
2476 4492
4492 2417
60 2188
2188 3087
3410 1558
1558 577
3857 1157
1157 3683
2960 606
606 2148
2625 3009
3009 232
4127 1986
1986 1186
2390 846
846 106
514 1913
1913 1767
2683 2050
2050 813
272 3093
3093 2214
3796 1204
1204 812
3732 1595
1595 2323
503 1860
1860 2503
355 4596
4596 1138
1866 3047
3047 2928
1955 1256
1256 62
355 269
269 2055
2808 3245
3245 257
4423 1106
1106 4488
622 2737
2737 4523
482 2952
2952 1483
4539 665
665 2435
3413 2582
2582 1278
2808 852
852 2830
3098 1265
1265 62
3923 2564
2564 2593
1960 4422
4422 1659
1219 4002
4002 2032
60 81
81 1659
1369 359
359 845
4424 476
476 3109
2244 88
88 4519
1205 4506
4506 2503
968 1277
1277 3637
1369 2820
2820 4620
3785 3222
3222 2928
595 925
925 2652
3410 991
991 4201
815 1259
1259 813
272 2809
2809 4022
1624 4026
4026 1109
815 4468
4468 3423
2390 452
452 2055
3512 2124
2124 997
2716 557
557 2417
3289 2335
2335 4212
3238 3914
3914 3646
1369 3755
3755 4467
353 4525
4525 811
141 3406
3406 577
3593 2696
2696 4036
1141 1057
1057 62
3461 1950
1950 1457
216 1175
1175 1127
302 1693
1693 1280
2395 2653
2653 1483
703 483
483 3940
3923 4553
4553 1080
676 3589
3589 577
1806 3100
3100 4638
1806 917
917 4212
679 3299
3299 2830
20 245
245 2349
1390 3594
3594 4488
984 1614
1614 4167
2664 3647
3647 845
1656 2470
2470 2214
676 1722
1722 3646
7 1412
1412 4620
3923 2872
2872 2435
2963 77
77 4022
3098 1164
1164 3056
117 3887
3887 1080
3877 3399
3399 1093
1619 123
123 4212
3413 1871
1871 1432
3518 271
271 1109
4105 586
586 1278
3293 460
460 1170
3512 3777
3777 1606
643 2557
2557 1080
1579 2322
2322 3805
2073 4218
4218 1266
2690 3205
3205 1297
4014 3150
3150 2327
3050 3272
3272 1438
684 853
853 2593
1480 4132
4132 3215
3479 2131
2131 2095
721 2626
2626 992
1955 4053
4053 2645
71 2373
2373 1066
3857 4372
4372 58
815 3309
3309 106
3624 178
178 151
1866 4481
4481 3275
1498 1814
1814 818
2162 943
943 3637
60 2718
2718 3588
141 1000
1000 4167
1619 3638
3638 1278
3667 3108
3108 4160
4105 4145
4145 3637
1146 3608
3608 813
334 494
494 2655
2162 1361
1361 4167
2084 1892
1892 4106
3298 3172
3172 4620
2813 166
166 62
601 1525
1525 4025
3601 2313
2313 1095
676 2497
2497 4212
2390 4600
4600 1506
3999 1235
1235 1278
2288 2347
2347 1767
3899 3473
3473 4025
4532 2164
2164 129
3785 1686
1686 2148
251 3073
3073 1187
1210 565
565 2211
630 2251
2251 3481
3412 1345
1345 1221
251 842
842 1170
3512 1629
1629 2435
1955 4364
4364 2418
2244 4546
4546 129
1604 3284
3284 1186
863 3710
3710 4519
622 2493
2493 1984
4288 623
623 1197
2960 303
303 3637
4234 4301
4301 2503
334 692
692 130
2395 1389
1389 2830
139 4273
4273 1297
3461 3063
3063 4225
892 1357
1357 4160
3410 1983
1983 1930
1031 4567
4567 3683
703 609
609 3087
139 2792
2792 4296
4158 820
820 992
1664 3828
3828 1066
1866 527
527 3622
1498 685
685 3217
4298 2547
2547 3940
2938 4171
4171 775
4105 1158
1158 811
38 2598
2598 106
4224 1520
1520 1186
1014 4176
4176 4467
251 2925
2925 477
4348 2922
2922 3637
2550 4512
4512 3484
1725 3569
3569 1033
1061 2120
2120 156
449 4168
4168 2032
2073 1313
1313 1432
4424 3592
3592 150
4105 2468
2468 2327
20 1685
1685 477
3461 3768
3768 2211
526 422
422 1186
453 939
939 775
703 2849
2849 232
60 2259
2259 4106
2543 1805
1805 1278
3601 959
959 813
2956 729
729 3501
3238 3994
3994 150
1747 33
33 1606
3518 1636
1636 2323
1087 2705
2705 3109
1210 239
239 4638
3289 2984
2984 1930
2543 3645
3645 3072
1244 4012
4012 1126
4644 4109
4109 1266
1216 3745
3745 2211
139 3186
3186 768
2244 3393
3393 2593
2813 2935
2935 3292
1604 3799
3799 1170
3152 4278
4278 3588
3785 2903
2903 1438
2625 4182
4182 2211
1922 3930
3930 167
1922 3425
3425 2349
3274 637
637 2655
4424 2931
2931 997
2960 3549
3549 2645
703 1695
1695 477
1922 2099
2099 855
2476 1559
1559 3087
2073 2676
2676 3627
2084 2027
2027 3895
3667 1882
1882 855
4423 4223
4223 3109
2244 2520
2520 3130
503 2953
2953 1620
3293 4092
4092 1432
71 3445
3445 156
4105 694
694 1803
2664 3489
3489 997
60 3417
3417 2418
4014 615
615 2095
2162 2828
2828 3423
1146 3737
3737 130
1205 2946
2946 4108
1619 2801
2801 311
1210 4665
4665 2928
1747 1719
1719 1994
1087 1468
1468 257
892 4332
4332 4225
3624 4577
4577 2707
3611 1190
1190 1995
968 2845
2845 4108
1014 2667
2667 2528
4285 2331
2331 1803
1451 285
285 3254
1548 4343
4343 3637
4222 3510
3510 577
4552 2279
2279 4225
892 1377
1377 4296
3999 3997
3997 4025
1210 4556
4556 2655
863 4477
4477 3072
1727 596
596 4620
1619 2535
2535 1819
3119 1562
1562 2327
1025 1793
1793 2944
2597 1977
1977 818
2244 2341
2341 3627
302 3112
3112 1080
890 2445
2445 1080
3167 1085
1085 1388
2229 650
650 2619
969 3415
3415 477
4158 4464
4464 167
3518 693
693 2055
1369 397
397 811
1656 3620
3620 1819
60 2998
2998 4638
1353 3057
3057 3173
1579 2759
2759 477
2977 740
740 3213
4423 1331
1331 3072
1548 1209
1209 1506
1624 1867
1867 3056
1216 1058
1058 4299
2597 1713
1713 3646
1922 143
143 2928
744 3386
3386 2928
3119 1997
1997 1280
964 1491
1491 1930
4014 3285
3285 3484
256 1943
1943 4036
741 2273
2273 2652
3785 4047
4047 1506
1141 877
877 1984
815 1272
1272 3588
1806 318
318 2211
1205 4669
4669 1297
3413 1852
1852 4108
2368 1611
1611 1127
1216 1473
1473 4025
1141 4595
4595 1819
1210 3650
3650 1172
2390 634
634 2349
1806 4654
4654 232
102 3640
3640 3109
2960 3559
3559 1093
453 2856
2856 1186
969 3674
3674 2858
1336 410
410 1138
2524 2859
2859 3622
1716 4203
4203 58
3461 4059
4059 311
526 859
859 1819
3119 3133
3133 2619
3512 1976
1976 4201
4423 4566
4566 4201
192 2105
2105 3087
4424 948
948 567
4153 2902
2902 2593
4286 2571
2571 3056
3667 3862
3862 3213
703 1518
1518 2095
3992 1653
1653 257
4224 2261
2261 1197
2550 561
561 4160
2690 3151
3151 4519
1877 3973
3973 156
1585 1734
1734 1186
1322 1500
1500 4638
4286 4471
4471 997
3167 581
581 3173
3181 4139
4139 3292
2315 1295
1295 3072
1716 2182
2182 3072
1656 3095
3095 2944
3293 3780
3780 2858
1031 587
587 3217
355 791
791 2528
20 3823
3823 1930
1716 3014
3014 4519
4222 3006
3006 826
4127 159
159 2655
2625 1951
1951 2327
3992 3936
3936 1197
3152 4576
4576 775
2960 4374
4374 2349
3294 40
40 1095
3274 652
652 1095
3518 2553
2553 2972
2244 1872
1872 2949
3899 2540
2540 3646
863 869
869 3215
4141 4371
4371 1187
334 3526
3526 1266
1716 345
345 2707
3152 833
833 1197
292 1588
1588 1080
892 1119
1119 232
4127 1152
1152 2032
3274 2209
2209 2877
676 2999
2999 2095
2947 1273
1273 4638
4224 2614
2614 1513
1188 2968
2968 2095
4222 2010
2010 167
2716 233
233 567
741 1356
1356 477
2550 2722
2722 1138
741 3407
3407 4106
4424 3527
3527 3239
1604 610
610 4638
622 1755
1755 3626
1656 1631
1631 2111
1205 2414
2414 1984
603 1641
1641 1227
1878 1082
1082 1127
482 2310
2310 2528
3090 2391
2391 4212
4398 1283
1283 1457
4285 2574
2574 2528
38 1115
1115 58
4319 1661
1661 3627
1188 259
259 2949
863 4487
4487 1819
741 2961
2961 2795
1727 1959
1959 130
1480 3916
3916 2291
3624 3763
3763 1197
355 3725
3725 4167
676 2433
2433 62
20 4670
4670 3183
453 1044
1044 3292
3152 956
956 4467
1922 218
218 3109
1838 2365
2365 4620
4158 2285
2285 1803
4242 2975
2975 600
1664 3273
3273 58
1866 2525
2525 150
2368 2238
2238 3940
1369 3381
3381 106
114 3803
3803 2655
984 107
107 2435
59 807
807 4106
1328 2713
2713 4620
4166 4602
4602 2291
1031 668
668 2214
1451 1652
1652 1792
676 3197
3197 992
2028 3366
3366 2214
564 3371
3371 1093
59 3483
3483 3481
3412 1012
1012 190
1244 1515
1515 2095
2664 295
295 1187
3294 1411
1411 3542
60 1787
1787 4620
2683 53
53 2830
4309 604
604 4467
3410 1231
1231 2435
1141 2865
2865 311
1955 4399
4399 1457
3781 2721
2721 2655
1806 1795
1795 3292
1655 4431
4431 1792
3877 404
404 3622
892 242
242 855
1619 3034
3034 1170
164 3347
3347 1388
2767 2770
2770 2707
102 4305
4305 1819
2767 847
847 3637
3298 4283
4283 1438
564 1156
1156 4296
2162 2797
2797 2806
2229 195
195 2972
4166 1
1 3213
482 1751
1751 3072
3848 672
672 2858
863 248
248 3297
102 1478
1478 2528
744 3367
3367 3109
2960 2161
2161 4212
2664 763
763 1432
1877 2355
2355 2795
4166 4403
4403 3627
2767 865
865 1221
3293 4580
4580 1767
1922 3587
3587 232
334 3203
3203 129
1585 935
935 3173
1877 3932
3932 1172
3181 172
172 2214
3512 1763
1763 2349
1624 108
108 813
4539 1828
1828 3849
3796 696
696 4638
71 3575
3575 3469
3413 4018
4018 2707
2395 1580
1580 4488
968 2957
2957 2095
503 4458
4458 812
1624 893
893 2593
216 1928
1928 1819
630 4221
4221 106
2664 1311
1311 3130
2073 769
769 2417
102 1367
1367 2299
3094 4655
4655 4467
3238 2466
2466 2095
1604 1954
1954 190
2073 6
6 2619
117 4649
4649 2928
3238 3169
3169 813
2244 3452
3452 1227
4242 3861
3861 1620
2956 1799
1799 1438
1061 9
9 1620
1716 4390
4390 1126
1624 3864
3864 4389
1480 2684
2684 2738
4288 101
101 2928
4166 2256
2256 62
1624 2542
2542 1995
564 880
880 1095
3098 636
636 4389
630 507
507 3622
1922 3915
3915 4488
449 3258
3258 997
1141 4521
4521 3217
3512 3287
3287 1187
679 858
858 4167
3098 1268
1268 2593
4288 1212
1212 130
164 4406
4406 845
3461 962
962 1438
114 450
450 1659
3667 1926
1926 2503
2073 3734
3734 2214
449 4034
4034 1278
292 2258
2258 3130
38 1371
1371 311
3098 2416
2416 1266
511 4112
4112 58
3518 2325
2325 3481
3785 1326
1326 2291
4288 2985
2985 1280
4285 1081
1081 3254
60 1442
1442 3588
1585 2678
2678 1172
3280 4547
4547 257
2028 3278
3278 2111
2138 132
132 1138
192 3665
3665 855
1579 2852
2852 150
3413 461
461 2095
1656 319
319 3173
3593 4072
4072 4108
1664 48
48 2593
3238 1134
1134 3626
3857 1612
1612 3213
1087 2486
2486 58
2816 413
413 600
327 4302
4302 1278
453 784
784 4201
2765 4161
4161 62
526 3411
3411 2032
272 3032
3032 4201
3857 4280
4280 1803
1369 2715
2715 4225
102 4609
4609 567
1244 1697
1697 311
2963 2710
2710 997
1087 2483
2483 2858
3593 1021
1021 4523
4288 4313
4313 2593
117 433
433 2032
2963 3599
3599 3805
1624 1788
1788 1388
1014 1957
1957 3423
4319 4050
4050 1994
4014 1161
1161 1278
3412 3514
3514 1109
3410 3290
3290 2323
3274 3266
3266 4036
4158 2429
2429 1388
2643 653
653 257
511 2639
2639 4299
3412 301
301 1297
503 1864
1864 4106
20 2538
2538 1767
3461 2107
2107 58
601 2907
2907 2417
969 4248
4248 4389
60 4253
4253 3646
2683 585
585 1324
2816 495
495 2148
2664 725
725 775
1878 369
369 1819
3886 3596
3596 1457
741 1820
1820 3217
503 2426
2426 3072
2395 4244
4244 3469
3781 3359
3359 567
3728 1286
1286 3423
4522 2289
2289 32
4644 3357
3357 2593
1188 2954
2954 32
2963 2275
2275 2323
744 4231
4231 3087
713 3404
3404 1197
1244 1721
1721 1186
2963 3027
3027 1186
1101 2104
2104 1187
334 2147
2147 1127
892 3577
3577 1457
3923 4587
4587 2528
3611 2171
2171 1984
1480 3247
3247 4106
2963 3321
3321 62
1548 2201
2201 1803
703 2462
2462 257
2162 3928
3928 2972
2288 1764
1764 855
1336 3688
3688 156
3593 4376
4376 1127
2543 1147
1147 232
3781 2469
2469 160
890 1944
1944 812
4166 2128
2128 1278
4177 4573
4573 2949
302 3969
3969 826
71 2588
2588 1984
3412 4123
4123 4106
3410 133
133 1506
2767 1831
1831 2083
1579 2263
2263 1471
4309 970
970 3213
4105 3226
3226 1126
1244 3276
3276 2593
4298 862
862 3292
2315 3088
3088 992
3050 3010
3010 2327
684 4395
4395 4467
482 2175
2175 4025
1210 4187
4187 3087
216 274
274 2707
216 621
621 1297
1878 203
203 2707
3781 689
689 1659
676 4574
4574 4638
2947 3111
3111 1659
1025 2047
2047 4467
114 4030
4030 2349
164 998
998 2214
2960 4128
4128 2858
1664 2514
2514 3940
2683 1560
1560 2148
449 4668
4668 1227
1955 2824
2824 2858
514 2656
2656 3423
526 65
65 2111
3181 3700
3700 577
3923 645
645 129
1328 2835
2835 1172
1955 335
335 4106
526 1242
1242 3627
3461 2471
2471 1324
3280 756
756 3484
353 4157
4157 130
4448 628
628 3056
3090 309
309 156
139 523
523 3646
141 3993
3993 1984
511 2252
2252 2299
1960 349
349 845
3848 3179
3179 151
744 1706
1706 1438
3388 4345
4345 2211
3125 2087
2087 167
1922 1089
1089 2503
3293 2637
2637 997
1877 2539
2539 1172
4539 2413
2413 577
4224 758
758 4523
511 1561
1561 3626
3167 1637
1637 130
139 224
224 1297
1619 718
718 1506
3295 3118
3118 3056
256 774
774 3275
2475 3442
3442 1324
3090 4594
4594 3849
3295 2758
2758 4389
969 934
934 58
703 1258
1258 1457
1579 2911
2911 1324
1141 1945
1945 3217
1205 3249
3249 4225
2368 874
874 1109
1390 501
501 3087
2765 356
356 1227
4003 895
895 2604
3119 973
973 4212
1585 1801
1801 1093
1101 1802
1802 129
2816 3041
3041 3805
20 4117
4117 1606
3410 4454
4454 4036
2956 4613
4613 3254
3899 2006
2006 992
1877 294
294 1819
1014 573
573 2528
2813 1314
1314 2214
984 3741
3741 58
2084 4156
4156 3683
1205 4075
4075 1984
3593 3937
3937 2593
3274 2681
2681 1109
4298 320
320 2291
2138 1426
1426 1995
114 2560
2560 1506
3728 1472
1472 1266
346 4335
4335 3484
3663 451
451 2095
988 2893
2893 2707
2690 180
180 2095
1390 1421
1421 2528
721 4197
4197 3215
2390 2449
2449 2972
1716 3631
3631 106
1664 1750
1750 4620
4644 2552
2552 1170
4424 4342
4342 4296
192 2116
2116 4212
643 4215
4215 2055
4222 2983
2983 1432
1806 4238
4238 1819
3848 3485
3485 4620
4166 1392
1392 3056
2288 1869
1869 3646
572 1526
1526 3683
3857 963
963 3423
1451 3913
3913 3183
1031 4416
4416 311
3090 1772
1772 3484
1727 1343
1343 151
3992 1625
1625 2211
2960 1315
1315 3391
3274 4170
4170 775
1101 2218
2218 992
2073 161
161 3087
511 4572
4572 2652
3785 642
642 4523
3094 1467
1467 2148
2390 4625
4625 3481
2813 1826
1826 167
3294 4441
4441 2291
684 3459
3459 3627
482 1733
1733 3683
2395 1847
1847 3805
2664 1022
1022 2972
3412 2025
2025 1767
1188 3963
3963 3239
2084 3563
3563 2707
4448 4300
4300 3173
1619 4005
4005 3109
1955 985
985 150
4490 1749
1749 4523
1336 1707
1707 4022
3877 872
872 1066
3298 4129
4129 3087
3611 1547
1547 1620
1877 2132
2132 1792
1219 1897
1897 997
3611 3219
3219 1388
2813 2958
2958 1792
988 3767
3767 1227
2390 664
664 3940
1866 1128
1128 129
4177 1177
1177 2055
622 4544
4544 2645
3167 1298
1298 4225
4532 2892
2892 2877
2960 4155
4155 2806
2716 4434
4434 3056
1619 3464
3464 4299
4532 3224
3224 1170
1922 3120
3120 2291
4522 2230
2230 3481
3280 3267
3267 1994
2664 202
202 160
4522 4080
4080 1995
2597 3385
3385 3622
1567 905
905 2593
3999 2264
2264 600
2368 4282
4282 257
141 2388
2388 3109
355 1474
1474 2806
7 574
574 3215
251 3353
3353 1659
1806 2403
2403 2604
1061 3870
3870 4620
744 489
489 2211
3999 2085
2085 4106
4003 24
24 4488
3152 1466
1466 1186
622 1105
1105 4212
4014 2044
2044 129
890 772
772 4638
292 1402
1402 2148
2813 1582
1582 3481
511 3380
3380 1093
1141 1481
1481 32
164 2145
2145 1278
1727 1904
1904 151
2390 158
158 3940
346 297
297 4108
2561 3075
3075 4025
2977 4640
4640 2604
1244 2066
2066 1126
4234 1304
1304 3109
3461 821
821 2299
3512 1781
1781 3217
4424 4502
4502 1513
2162 39
39 1186
3877 3573
3573 1994
2288 1151
1151 4167
2947 1423
1423 2972
2915 393
393 4523
2765 4413
4413 1172
4532 4497
4497 3901
2288 4363
4363 3215
3611 1288
1288 3275
1328 3990
3990 2928
482 3808
3808 2858
2315 690
690 2327
3295 707
707 3627
292 751
751 4389
3289 2515
2515 1266
1087 2918
2918 4025
4141 1131
1131 2944
4424 1898
1898 3183
3923 3754
3754 2949
38 3174
3174 1080
511 457
457 600
1806 3427
3427 62
2813 2522
2522 2214
964 4370
4370 1994
3090 1654
1654 1126
4242 1079
1079 232
2690 1003
1003 1138
251 2185
2185 2972
1014 1762
1762 1227
4644 1496
1496 3940
4288 1770
1770 3130
3848 575
575 812
2690 1510
1510 1819
4224 1431
1431 2095
741 3368
3368 4299
3601 590
590 1093
1747 4526
4526 156
4177 4312
4312 1432
2784 2897
2897 2795
1146 4666
4666 2949
2767 566
566 1620
564 165
165 4106
2664 2375
2375 2830
1656 1596
1596 3056
1353 1488
1488 1187
1141 1248
1248 160
3781 4131
4131 4467
2229 3832
3832 826
2947 4646
4646 3217
4177 1711
1711 167
595 435
435 2619
4286 3843
3843 1620
741 1489
1489 3481
3274 3307
3307 1659
511 2143
2143 1280
4158 1911
1911 1819
3413 836
836 1080
1014 3104
3104 600
679 1785
1785 3637
4014 1541
1541 3805
3667 2245
2245 3254
3785 50
50 3484
1014 805
805 2418
3899 3021
3021 3239
3298 3467
3467 4201
4298 2179
2179 3895
2162 1046
1046 3173
38 617
617 1471
3440 4078
4078 130
1328 3806
3806 2830
4490 3831
3831 1659
2390 370
370 3297
2683 3390
3390 812
1101 1748
1748 1138
3781 4015
4015 1187
3877 3576
3576 311
2162 440
440 3501
4298 4550
4550 3213
1955 1477
1477 4212
4288 1981
1981 3239
526 3628
3628 2291
4539 849
849 3239
1322 732
732 1819
4448 3668
3668 1095
3732 4045
4045 768
4242 3016
3016 3109
2938 2242
2242 3683
3293 4466
4466 1767
3274 2895
2895 4523
2368 1507
1507 1803
1877 4019
4019 1280
1369 2829
2829 2083
1955 1824
1824 3254
20 2338
2338 3901
514 2981
2981 2055
1877 3636
3636 1767
2550 2673
2673 845
4424 3558
3558 3297
4448 3774
3774 2858
251 1809
1809 62
3461 2794
2794 129
2784 3802
3802 818
2028 2488
2488 4212
4141 1455
1455 3087
2765 473
473 4299
1585 4534
4534 3173
2524 1051
1051 1227
1878 2704
2704 4201
141 4382
4382 477
2960 1962
1962 4523
2390 638
638 3805
4158 736
736 2528
3274 979
979 4036
102 4049
4049 2111
4319 2926
2926 232
1188 125
125 2528
815 3983
3983 2349
60 3200
3200 3056
744 89
89 811
192 4081
4081 2299
1205 3839
3839 151
1480 2283
2283 1388
622 787
787 2593
2368 3513
3513 2111
4242 4126
4126 58
3388 389
389 1126
251 3019
3019 812
4552 1832
1832 2707
2084 3414
3414 1221
1141 2736
2736 1419
3999 2316
2316 855
1141 3191
3191 58
1664 1132
1132 577
4552 3758
3758 2083
3877 4144
4144 855
3663 827
827 1606
2767 529
529 2928
863 4352
4352 32
1244 2620
2620 1620
2476 2090
2090 1221
3667 2406
2406 567
526 1379
1379 4519
2915 2202
2202 3183
2395 1890
1890 32
139 281
281 58
4539 1967
1967 1432
1141 2189
2189 818
3877 4337
4337 1930
4014 788
788 2111
449 1001
1001 2949
3593 2165
2165 3940
703 2993
2993 2148
2475 3314
3314 3183
192 2837
2837 2928
3877 3560
3560 577
1336 851
851 1227
3479 4233
4233 1095
3624 3686
3686 3213
272 2884
2884 1419
453 1054
1054 1127
139 4543
4543 1767
2524 3980
3980 855
117 1281
1281 1984
4348 1594
1594 2349
4286 4411
4411 3805
1353 681
681 997
1219 3689
3689 1471
1205 591
591 1606
3877 4320
4320 2418
38 3838
3838 3481
3663 781
781 4620
3289 535
535 4523
4141 2427
2427 2417
1045 4340
4340 1138
1480 873
873 106
4177 3731
3731 477
117 2425
2425 3901
1141 4510
4510 2806
2784 2303
2303 4225
4319 782
782 3940
3167 2647
2647 1438
969 462
462 2604
3518 3687
3687 3895
968 4507
4507 4620
713 2292
2292 1984
2244 2374
2374 1186
2716 4243
4243 2503
3098 3775
3775 4022
216 814
814 4488
3624 3408
3408 3297
4288 1037
1037 1388
2475 3221
3221 1172
1353 2063
2063 4212
3050 3091
3091 2418
595 1276
1276 1513
713 902
902 1388
2765 365
365 1278
3098 670
670 1792
4522 45
45 1197
102 1243
1243 2619
1141 709
709 1803
1655 3736
3736 2949
741 3131
3131 4167
2288 4033
4033 4160
4599 3026
3026 1606
564 2342
2342 3542
4348 1220
1220 1803
503 2389
2389 4160
2476 3790
3790 3130
3785 2112
2112 1767
216 3612
3612 3215
164 1439
1439 3217
1480 1534
1534 813
2947 1753
1753 2148
2690 2190
2190 2593
2808 1403
1403 1471
2977 1752
1752 3484
4014 2741
2741 1127
2938 3306
3306 3622
503 4303
4303 4620
3728 829
829 3588
4185 1099
1099 232
1216 2964
2964 4296
1087 757
757 812
3410 3662
3662 1197
2716 2117
2117 1197
2073 4213
4213 997
4224 2886
2886 2593
1322 2569
2569 4389
2368 196
196 2528
2960 11
11 3895
1087 152
152 1659
1498 513
513 311
4185 1885
1885 106
4285 4137
4137 1126
1567 4351
4351 997
4398 3231
3231 1221
1960 1410
1410 106
3098 4044
4044 4523
346 115
115 1984
984 4188
4188 2148
453 1492
1492 2435
630 3141
3141 1620
1877 3433
3433 1419
1960 551
551 813
4014 1726
1726 32
2664 2869
2869 2858
3785 1679
1679 4212
676 2668
2668 3297
988 993
993 2944
2390 4621
4621 477
511 3724
3724 4638
2664 394
394 2707
3090 4386
4386 3292
3152 4100
4100 3254
863 2723
2723 3130
1878 3086
3086 1620
2915 3679
3679 2645
503 4658
4658 1170
4552 3115
3115 1388
1451 3204
3204 4108
595 4331
4331 1066
3877 4349
4349 1080
1604 3851
3851 811
4177 3850
3850 3213
141 1293
1293 4212
3877 1100
1100 1620
2643 2727
2727 567
4286 2156
2156 2032
4298 724
724 4167
117 4031
4031 2604
1619 2491
2491 2593
2938 697
697 1187
3877 2866
2866 2418
3238 2409
2409 812
141 3891
3891 826
2475 1909
1909 3183
679 3227
3227 150
355 1030
1030 1349
71 4633
4633 477
684 1113
1113 3292
1141 1224
1224 4488
1725 3854
3854 160
4105 124
124 3130
572 140
140 2148
630 2293
2293 997
3289 3975
3975 775
2963 1218
1218 1659
2947 3331
3331 311
3098 3846
3846 3254
2915 396
396 2858
7 2584
2584 2928
514 3967
3967 4106
1806 3230
3230 1095
7 2011
2011 4299
4105 4643
4643 1095
2467 797
797 1066
1548 648
648 3109
601 3541
3541 1266
20 589
589 4523
1655 4568
4568 4296
1655 3279
3279 3275
684 475
475 3215
3181 2720
2720 3481
1716 2241
2241 2417
1031 2874
2874 2055
2315 4394
4394 1186
630 2069
2069 130
964 2195
2195 826
1451 4017
4017 2503
2690 1306
1306 4389
815 3192
3192 3622
4127 1575
1575 2503
216 1428
1428 1792
3785 412
412 62
3518 3654
3654 1606
3294 1648
1648 813
1955 1808
1808 3683
1369 3917
3917 1767
514 1508
1508 1803
355 421
421 1138
2690 4194
4194 4620
3274 4024
4024 3501
1579 3163
3163 2655
3593 1821
1821 130
863 1956
1956 2032
815 3671
3671 4225
3289 1050
1050 3213
684 113
113 768
2716 1837
1837 2032
890 2623
2623 1186
1390 3207
3207 1278
741 1434
1434 2148
4424 1450
1450 1093
2977 1544
1544 1066
4166 3550
3550 1457
1877 2076
2076 1138
3781 3863
3863 3056
3732 1299
1299 3542
1877 2891
2891 1994
815 3798
3798 1767
1210 479
479 2593
327 2697
2697 3072
1877 1289
1289 2949
2813 1342
1342 1187
2073 1307
1307 3173
3999 3168
3168 3588
2915 1639
1639 2083
1866 1774
1774 2604
1567 2411
2411 2928
3886 789
789 1138
3848 3968
3968 3183
302 3435
3435 3542
2915 947
947 3542
4105 3991
3991 1767
1955 2823
2823 2323
2963 339
339 1432
4522 3304
3304 2619
60 4062
4062 3183
3295 458
458 2299
1219 2042
2042 477
1838 3903
3903 1066
4348 3059
3059 4225
334 4314
4314 2418
4153 4134
4134 4212
603 456
456 2111
1585 598
598 2593
1585 882
882 2211
2561 1351
1351 1127
4234 2752
2752 2795
3090 4579
4579 826
1219 3996
3996 106
572 822
822 2707
3274 3360
3360 1278
4522 2053
2053 2214
353 4601
4601 1994
2813 3240
3240 1186
2467 3065
3065 1080
964 1185
1185 3940
3923 1360
1360 1438
3732 1903
1903 1984
1322 3829
3829 2619
216 2551
2551 2095
1838 3340
3340 167
679 3581
3581 3805
3785 1931
1931 3130
572 2434
2434 2949
2162 2810
2810 1227
2073 3178
3178 3130
3181 4542
4542 1994
4286 562
562 130
564 2744
2744 812
511 3491
3491 4022
3388 1608
1608 1138
2947 2397
2397 1187
2162 4097
4097 826
1480 3984
3984 3183
3848 2005
2005 160
3098 1829
1829 3130
256 4357
4357 1187
2467 2583
2583 1606
2690 3933
3933 1126
2938 3894
3894 2858
164 1260
1260 3637
3667 3177
3177 1095
1604 1271
1271 156
2244 4125
4125 4519
595 927
927 3215
2073 1528
1528 3484
4105 3776
3776 1659
355 2077
2077 3173
2561 2452
2452 190
117 2840
2840 2652
3663 3952
3952 818
2467 4142
4142 1819
3167 3607
3607 2055
1451 1495
1495 2349
3098 4164
4164 3637
1101 2308
2308 2211
3098 2031
2031 3213
3413 2499
2499 2148
3238 4077
4077 58
503 213
213 1620
1244 3985
3985 3109
1210 1398
1398 1388
572 3022
3022 3423
3181 3350
3350 2291
3728 1563
1563 3646
2395 3537
3537 1792
1101 4272
4272 1471
3879 1900
1900 1033
684 3392
3392 775
139 387
387 813
4224 1178
1178 2604
4522 2502
2502 2655
1025 2937
2937 2083
3274 753
753 3217
272 378
378 2214
603 2424
2424 3849
2390 1354
1354 1324
2368 3931
3931 4167
2467 1010
1010 3217
1955 923
923 1984
3274 4135
4135 3254
892 3448
3448 4025
4242 704
704 2323
4423 568
568 3683
3667 1616
1616 2593
60 3941
3941 3940
4003 1041
1041 2323
4222 1746
1746 1066
595 4271
4271 1126
3785 1153
1153 4167
1336 3492
3492 2323
883 1942
1942 2055
1567 2836
2836 1995
114 1339
1339 1513
3294 2618
2618 1995
1369 3635
3635 1930
1806 954
954 1349
964 1782
1782 1033
482 1440
1440 1297
3923 4214
4214 1659
272 2693
2693 2593
1585 3505
3505 1126
744 2324
2324 1126
1624 1736
1736 1197
3899 1514
1514 2972
1656 508
508 1984
968 708
708 1819
1014 1857
1857 4225
3410 871
871 3072
1141 2948
2948 4296
4309 174
174 2949
4522 179
179 2503
892 1643
1643 3183
3899 1912
1912 4523
1219 1811
1811 1138
2947 4400
4400 2928
1747 2672
2672 3849
4014 930
930 2830
1725 2763
2763 1138
572 558
558 3627
514 2990
2990 2858
3601 760
760 2645
3294 2635
2635 32
1210 317
317 1221
603 1026
1026 1066
3440 1703
1703 1483
2690 4656
4656 845
4153 254
254 130
603 173
173 4201
3785 2779
2779 2055
164 4257
4257 1388
272 3972
3972 2148
1353 289
289 813
4490 1215
1215 811
4539 1380
1380 2291
595 4475
4475 1127
564 1924
1924 811
4532 314
314 1471
1624 699
699 577
3624 698
698 151
1960 400
400 32
1328 1005
1005 1227
3298 316
316 4389
3611 1399
1399 2949
2390 4250
4250 1620
292 2265
2265 4389
3295 4116
4116 1278
741 1894
1894 4299
1031 2708
2708 156
3295 800
800 1471
3667 570
570 4519
20 2332
2332 4106
526 2634
2634 4212
1031 3250
3250 2214
1747 2204
2204 2083
3440 4094
4094 1280
3238 1305
1305 3072
3624 1279
1279 129
3280 2873
2873 3588
2244 1601
1601 1172
2288 2160
2160 156
141 4391
4391 3292
503 1681
1681 2949
2757 4527
4527 1266
3181 4626
4626 1170
102 548
548 1513
815 3830
3830 4108
2690 633
633 600
449 2490
2490 1324
984 1092
1092 3849
4141 2860
2860 1388
1727 4563
4563 2604
4158 776
776 775
355 928
928 2795
2765 506
506 1471
3512 2317
2317 2111
2808 733
733 1419
334 4557
4557 3895
2947 1316
1316 1483
3992 3853
3853 3481
1725 1018
1018 4108
4490 3159
3159 3056
59 2191
2191 156
1188 2962
2962 1266
4224 2018
2018 4201
968 1023
1023 3646
1655 2510
2510 2619
526 3949
3949 2214
969 1148
1148 232
7 2294
2294 1186
2524 667
667 1438
741 4103
4103 2949
1219 4631
4631 130
251 2755
2755 1278
1353 1206
1206 1127
4105 1675
1675 2944
2138 1199
1199 1506
3848 310
310 2111
3410 201
201 2655
4158 4456
4456 3254
3781 3677
3677 167
1579 2210
2210 151
894 2141
2141 1126
676 2671
2671 2327
2664 4592
4592 845
346 4228
4228 130
572 3495
3495 1513
892 3443
3443 4299
3624 30
30 3213
744 1737
1737 812
20 3061
3061 4296
2765 3580
3580 855
1498 3652
3652 1170
3090 3696
3696 1506
3094 4113
4113 2972
3388 1941
1941 1930
744 1729
1729 62
3899 148
148 3217
2244 2381
2381 1432
353 4634
4634 2323
3992 3711
3711 1080
1031 1617
1617 3297
2765 1425
1425 1803
2938 3556
3556 3683
3238 4623
4623 2349
4288 900
900 1080
2288 2512
2512 1349
4522 4354
4354 2928
643 265
265 4389
984 2222
2222 2619
2956 63
63 1066
1146 3639
3639 1138
4298 1662
1662 2417
2716 1540
1540 1297
741 401
401 2795
2716 439
439 2055
572 1150
1150 2655
1188 1275
1275 129
4398 977
977 1280
890 779
779 813
453 3031
3031 4225
676 2580
2580 775
1877 3703
3703 813
1579 3397
3397 2806
2315 4265
4265 3109
453 1368
1368 2055
4599 4555
4555 2619
346 2320
2320 3588
256 244
244 1221
2162 328
328 1221
3857 1610
1610 3849
2784 1524
1524 1109
2390 680
680 58
1579 999
999 2858
721 2516
2516 2652
1146 4189
4189 1266
1655 1634
1634 1483
3732 448
448 1792
2664 3490
3490 4167
1878 3578
3578 1127
1101 390
390 600
4532 1290
1290 2619
3440 1645
1645 992
4288 3248
3248 2032
4166 3544
3544 3901
4599 816
816 2327
4242 46
46 3637
2956 3396
3396 4467
141 2267
2267 1819
4285 4239
4239 3297
622 1446
1446 2032
334 3884
3884 2299
1045 2566
2566 2503
4003 1246
1246 1297
890 2980
2980 3469
676 86
86 992
1210 3379
3379 257
3293 3517
3517 3940
2683 193
193 2655
3886 4174
4174 32
2956 3546
3546 2830
3879 2567
2567 1432
2784 1597
1597 4036
3992 395
395 3626
2467 4054
4054 3627
4539 4247
4247 2323
1014 83
83 1995
1031 2015
2015 1471
815 3070
3070 1419
2765 2663
2663 160
1585 1318
1318 2111
3796 3675
3675 4160
164 1989
1989 3275
3848 1556
1556 3683
117 4060
4060 775
114 2732
2732 1995
2028 2248
2248 2327
1838 5
5 3213
251 2940
2940 150
1451 1538
1538 106
3050 1834
1834 3849
4288 4175
4175 129
3593 329
329 3683
2475 2040
2040 577
2643 2080
2080 1221
192 1422
1422 1930
1219 4217
4217 3469
3294 3860
3860 1095
1624 2511
2511 1266
4532 3438
3438 58
679 4607
4607 1483
741 74
74 3215
1480 762
762 4201
3785 3310
3310 3423
2543 2039
2039 3173
1877 555
555 3646
3601 2058
2058 811
969 4070
4070 1349
1390 3765
3765 3805
2664 2662
2662 1995
1353 1378
1378 1266
1390 2477
2477 997
4522 1321
1321 2944
1806 2701
2701 1995
4177 91
91 311
601 4611
4611 1080
20 2402
2402 3217
1045 3326
3326 577
1725 771
771 4638
2550 2178
2178 2619
3050 1413
1413 1280
1498 3874
3874 62
1146 3567
3567 2652
1210 4379
4379 1513
60 748
748 4299
3295 3614
3614 2830
1390 4657
4657 3940
3624 2890
2890 2795
514 2578
2578 3183
3280 983
983 4036
4158 3770
3770 1297
3899 2361
2361 2928
3238 4010
4010 1471
1353 138
138 58
4522 2387
2387 4160
1061 3076
3076 2418
4185 1784
1784 3213
3388 904
904 2291
2960 4520
4520 477
4644 3223
3223 1227
603 3816
3816 2795
3667 1330
1330 2291
514 4408
4408 3637
355 1607
1607 1471
3796 2359
2359 4389
353 2885
2885 2349
1878 2013
2013 1227
863 305
305 2083
4288 2878
2878 3901
2084 204
204 3213
3992 4597
4597 4025
503 1284
1284 4519
2467 884
884 156
256 4653
4653 4488
164 474
474 3588
2073 924
924 2435
449 3552
3552 3626
2683 3778
3778 1266
3848 1724
1724 129
2561 3656
3656 2738
4185 4359
4359 3627
622 1705
1705 2858
1451 1816
1816 1803
4003 1584
1584 129
2244 2988
2988 1438
1655 919
919 1506
216 3257
3257 2593
1548 94
94 2928
1244 1247
1247 997
60 116
116 855
3992 2126
2126 3391
1655 1921
1921 4519
1061 1239
1239 156
292 2196
2196 826
4141 2479
2479 768
4522 3976
3976 775
1025 2282
2282 1138
713 1873
1873 2083
890 25
25 2418
679 2166
2166 2418
2368 296
296 3297
601 3766
3766 2972
1336 4465
4465 3213
1585 569
569 3895
2915 2906
2906 160
3512 4536
4536 2655
984 228
228 130
2475 1593
1593 4036
3667 2003
2003 2944
3412 409
409 992
1210 887
887 2972
4423 2556
2556 3588
7 804
804 4160
2476 3842
3842 3173
449 4165
4165 58
1727 283
283 1388
1031 4245
4245 1438
964 3180
3180 1266
2244 3664
3664 3901
741 3482
3482 2593
4242 4410
4410 160
1619 4604
4604 3683
1716 4102
4102 2435
216 1169
1169 3469
892 1359
1359 4025
863 749
749 1126
1664 3660
3660 3588
3663 2541
2541 1172
4141 3068
3068 3087
4224 4090
4090 3622
1101 4480
4480 3627
1216 2157
2157 4160
449 4429
4429 3627
2816 2706
2706 997
1087 1790
1790 1432
2956 2380
2380 3173
1141 3554
3554 4160
3848 2674
2674 1483
684 3498
3498 58
1866 920
920 1080
4448 885
885 3542
3886 333
333 1767
2664 189
189 311
2816 3553
3553 3423
741 3795
3795 1767
2813 3882
3882 4523
2543 1332
1332 150
2368 4122
4122 4299
449 654
654 2211
2028 4262
4262 3072
1604 2393
2393 4523
1025 3383
3383 1606
1336 2612
2612 2738
4319 3244
3244 3627
102 465
465 812
1877 209
209 4299
3098 2020
2020 3275
4158 843
843 1093
482 2778
2778 4519
2028 2092
2092 3542
3992 1998
1998 1388
883 1915
1915 1457
1878 844
844 1138
3388 1891
1891 3481
2757 3001
3001 2435
334 1254
1254 3805
2368 3039
3039 855
2138 801
801 4523
4177 3193
3193 1297
1567 3691
3691 3940
334 4392
4392 1126
2162 908
908 3056
3412 1233
1233 1126
4141 530
530 1388
164 1091
1091 1419
2229 1129
1129 1432
3923 454
454 4519
449 1804
1804 3940
4141 3288
3288 150
4166 731
731 1819
1101 945
945 3087
744 1590
1590 129
3624 3117
3117 129
2757 1139
1139 577
721 1669
1669 3239
3781 4540
4540 151
3167 1234
1234 3217
3479 3327
3327 257
1619 3102
3102 1126
3732 2910
2910 1297
2784 4663
4663 1930
1955 2067
2067 4467
1960 3432
3432 3056
815 488
488 4519
1328 4192
4192 2055
4014 2276
2276 2928
1567 3394
3394 3254
744 2607
2607 2645
2550 4588
4588 1324
1205 1350
1350 1767
7 2455
2455 4167
2765 4297
4297 3213
2765 4545
4545 775
3667 3201
3201 167
964 425
425 1278
4242 2454
2454 1483
1727 4339
4339 1080
1585 2803
2803 190
272 2624
2624 2418
3181 2353
2353 3072
3412 2356
2356 1227
503 4515
4515 156
1216 155
155 567
1624 1591
1591 1197
4448 3382
3382 4108
676 3033
3033 1280
1656 1776
1776 3626
1656 1735
1735 3254
894 3655
3655 1513
256 92
92 62
4423 2448
2448 2299
1716 3904
3904 4225
968 3787
3787 2435
7 1740
1740 129
1619 830
830 567
2368 2068
2068 1138
1960 2616
2616 32
3440 1490
1490 150
2816 2046
2046 3183
2784 4082
4082 4488
4599 722
722 32
2315 886
886 2323
256 745
745 855
3298 3630
3630 997
4224 2480
2480 2619
511 4648
4648 190
1838 1040
1040 1266
1955 2942
2942 600
2716 688
688 2877
327 914
914 3087
2757 755
755 577
2597 2853
2853 4167
3152 3516
3516 1138
3479 3358
3358 4106
1716 3071
3071 156
1838 3161
3161 1126
2716 4107
4107 2795
4177 2917
2917 257
684 1586
1586 4620
38 2281
2281 1197
603 1756
1756 1419
4185 1863
1863 4519
713 583
583 3215
216 2012
2012 3481
2288 1773
1773 1995
630 3018
3018 311
511 1848
1848 1994
622 1761
1761 2645
1031 1461
1461 1767
744 4629
4629 3501
2765 2847
2847 2214
4539 1709
1709 58
815 1004
1004 2795
3512 321
321 2417
4158 3023
3023 2858
38 3334
3334 1186
1878 484
484 151
1960 3551
3551 2214
1480 2589
2589 813
4222 2677
2677 3056
3879 840
840 1297
3781 898
898 2528
4285 1184
1184 150
1866 1704
1704 3292
2162 500
500 2418
3879 1159
1159 3805
3848 2172
2172 1197
4222 1836
1836 3173
703 2
2 3215
703 1657
1657 1187
595 1935
1935 3173
3293 1881
1881 58
684 3709
3709 1221
988 3779
3779 2604
3781 2074
2074 775
59 87
87 477
117 835
835 3481
1480 3110
3110 2299
2765 876
876 2095
3413 1149
1149 813
2625 2630
2630 4036
4105 1269
1269 845
1655 2108
2108 4160
2162 4068
4068 4108
2938 896
896 1033
1328 765
765 190
1101 98
98 2327
4234 1088
1088 4519
2808 229
229 3588
1353 2075
2075 1033
4599 3352
3352 2707
3879 1429
1429 1227
894 2711
2711 2323
595 3430
3430 2435
2938 3555
3555 1994
815 2318
2318 826
2597 1173
1173 812
256 4058
4058 3215
3732 1176
1176 4160
1747 2500
2500 4167
2915 1229
1229 855
346 2186
2186 855
2244 3522
3522 4389
4141 1916
1916 4212
4166 929
929 1127
684 2030
2030 3481
4288 1778
1778 3087
20 3684
3684 4108
3298 2321
2321 2858
2690 737
737 826
3274 3260
3260 129
1656 96
96 2972
3879 27
27 3637
2765 2064
2064 2299
964 2458
2458 813
2664 1777
1777 3173
334 415
415 1186
3857 3906
3906 2619
741 2825
2825 3213
3992 492
492 4108
4522 2237
2237 2111
1878 1842
1842 855
1655 1988
1988 4523
2138 1110
1110 1930
3181 72
72 3501
883 146
146 2738
334 2187
2187 811
3413 2802
2802 2528
1655 4088
4088 3805
355 1174
1174 1109
2757 3515
3515 1109
20 3900
3900 1324
4448 4322
4322 1127
643 2603
2603 2323
3461 870
870 2604
192 61
61 813
2643 3384
3384 2806
4319 3051
3051 2645
3238 3099
3099 2949
4298 533
533 477
1960 418
418 106
4309 614
614 2349
2956 525
525 4160
3879 861
861 190
60 4615
4615 3391
3593 2184
2184 4296
2229 153
153 4106
2395 2642
2642 4488
4166 3557
3557 818
2664 2404
2404 3130
60 380
380 2949
3412 1760
1760 257
3785 3907
3907 2055
601 4119
4119 2211
1188 348
348 2707
3785 4533
4533 4299
1480 2536
2536 1803
2690 4489
4489 1994
1960 4535
4535 4488
744 1405
1405 3683
1548 1211
1211 32
4490 1352
1352 1930
676 3135
3135 1803
3877 1835
1835 2299
2977 2685
2685 3805
643 480
480 1170
3667 750
750 2095
60 1937
1937 3683
2767 18
18 2707
4288 1658
1658 232
2288 2457
2457 1471
1369 3723
3723 1513
2947 1427
1427 1187
334 1317
1317 4519
3050 3657
3657 129
1101 4451
4451 3173
453 3875
3875 812
2524 3938
3938 167
815 828
828 1506
2475 4575
4575 2593
2476 3465
3465 2655
1336 236
236 1197
1579 2613
2613 3901
1219 3107
3107 3087
2683 206
206 768
601 3591
3591 845
883 4162
4162 150
1390 2739
2739 3183
4309 444
444 1127
4127 1621
1621 1186
4285 2819
2819 2299
20 110
110 2795
3274 2760
2760 2972
2813 252
252 3056
4153 3881
3881 3391
511 958
958 62
2162 3855
3855 3895
3413 3454
3454 232
1188 8
8 1297
2475 2295
2295 1095
453 284
284 1095
164 3509
3509 2055
1619 1168
1168 2418
815 2054
2054 4036
4153 2453
2453 1080
2963 1996
1996 1324
1725 4627
4627 2830
744 2140
2140 2299
346 2405
2405 3087
2073 2415
2415 845
3098 205
205 1483
622 238
238 2299
2244 937
937 3183
643 443
443 1138
2073 4421
4421 1659
603 2883
2883 3469
622 524
524 1324
102 3235
3235 1280
3238 4514
4514 311
2956 126
126 257
482 379
379 150
60 3008
3008 2417
1866 2753
2753 4167
892 3184
3184 1930
353 2965
2965 2299
713 3259
3259 2349
3479 3617
3617 2291
526 491
491 4212
863 678
678 2418
4222 3472
3472 4212
327 3134
3134 1126
2963 1906
1906 1080
2028 2091
2091 3056
679 1203
1203 3469
3663 4220
4220 3901
679 2798
2798 3087
2315 2233
2233 3297
2816 3713
3713 3627
1205 2898
2898 1659
968 144
144 4225
676 1902
1902 3637
1336 3739
3739 1513
703 3944
3944 1506
684 3585
3585 4212
2960 4267
4267 4519
713 280
280 2928
1960 4052
4052 3173
703 687
687 1803
482 1213
1213 130
4234 351
351 600
2244 4186
4186 4638
3274 4284
4284 3626
3152 407
407 2435
1451 839
839 1172
721 3719
3719 3254
327 967
967 2503
684 4355
4355 2055
2162 2896
2896 3109
3667 2163
2163 32
4490 1484
1484 812
894 1571
1571 3849
1025 944
944 3940
3294 2599
2599 3469
3601 282
282 1186
251 4230
4230 1803
4285 312
312 2148
894 4304
4304 3109
3119 1578
1578 1349
1619 52
52 1819
1960 4327
4327 3637
4532 2225
2225 160
526 2790
2790 3805
1480 2268
2268 1126
449 31
31 4488
2784 4598
4598 2858
1146 1493
1493 1819
2767 1223
1223 3275
1480 2174
2174 1803
3238 982
982 3254
3611 3053
3053 3173
964 4529
4529 3895
2757 2205
2205 1984
3999 3322
3322 3637
4014 4610
4610 3805
139 4622
4622 1093
1219 1879
1879 2858
2690 1946
1946 3391
1877 1086
1086 811
4185 3820
3820 855
1141 3030
3030 2652
3125 4046
4046 1483
3125 1938
1938 4036
3094 4407
4407 2083
355 2602
2602 4160
2960 430
430 2327
514 2420
2420 2877
964 4136
4136 1266
2475 4470
4470 232
969 4023
4023 4212
744 4385
4385 2830
353 1839
1839 1792
302 3000
3000 3215
3289 1644
1644 3072
3294 4124
4124 3254
3280 3523
3523 3895
4153 1731
1731 3940
3413 1282
1282 1432
1244 2193
2193 567
2315 4163
4163 3056
1604 1887
1887 1792
3293 73
73 813
3785 1958
1958 2877
3410 1116
1116 1095
1061 1978
1978 4201
1188 2228
2228 1419
744 2608
2608 4167
3388 743
743 3849
139 1232
1232 4467
721 4292
4292 2299
1146 2133
2133 577
1579 2734
2734 3254
1585 987
987 3805
744 4275
4275 4389
815 1771
1771 1266
2561 3507
3507 3805
969 1527
1527 167
3886 3069
3069 2830
2643 1674
1674 2604
703 3753
3753 1606
164 646
646 2795
572 163
163 1278
3098 446
446 2944
3050 10
10 2652
1014 3470
3470 2327
3518 1533
1533 1080
4288 2966
2966 2148
4644 253
253 577
601 1553
1553 1095
4309 3166
3166 1138
2368 1370
1370 2928
1548 3618
3618 1197
1604 3409
3409 3622
3667 4316
4316 2323
2244 35
35 812
3663 3685
3685 1186
3518 1965
1965 2593
355 1856
1856 2323
3461 3005
3005 1995
883 1613
1613 1471
3899 186
186 2349
3886 371
371 311
2288 325
325 3646
164 127
127 156
4105 3486
3486 1792
1878 3225
3225 2928
1585 1865
1865 768
4105 2627
2627 3275
2625 2451
2451 1432
2561 2932
2932 1266
3785 2151
2151 2211
2816 2572
2572 2944
1322 2051
2051 768
60 2537
2537 32
251 300
300 1930
139 1059
1059 3481
3857 1569
1569 130
4234 4235
4235 3683
3877 2505
2505 1419
4319 554
554 2645
1353 3847
3847 4212
1336 3811
3811 2528
968 2008
2008 2211
2977 4561
4561 567
684 2725
2725 2928
3796 290
290 2291
4522 3339
3339 1221
2138 3316
3316 1513
968 4524
4524 3627
192 3773
3773 1606
4234 1376
1376 2928
2543 3957
3957 567
3298 4650
4650 1984
1498 3255
3255 1227
1664 3720
3720 4225
969 4040
4040 4212
1579 85
85 4523
1548 3871
3871 3895
4177 3927
3927 2032
3152 3265
3265 3542
3388 4087
4087 2211
3879 1576
1576 2528
721 4240
4240 257
4014 946
946 2944
2625 2527
2527 1126
1336 2432
2432 4389
988 825
825 3895
2390 891
891 1438
38 1545
1545 2928
2947 580
580 3469
4105 42
42 992
327 1341
1341 2655
1031 599
599 1033
2073 3504
3504 167
3479 4397
4397 3130
1955 361
361 1994
2390 4181
4181 2655
2138 1181
1181 311
1219 691
691 3056
595 3035
3035 2299
3280 3819
3819 4225
511 1630
1630 1792
964 119
119 2944
603 2709
2709 3239
1328 1347
1347 4212
3298 910
910 1606
2390 592
592 4160
4539 730
730 2806
1960 735
735 3183
4224 3236
3236 1127
2084 398
398 232
1498 1407
1407 4025
1716 2059
2059 3239
449 352
352 811
514 4000
4000 845
3461 3804
3804 1620
1806 3658
3658 2830
453 520
520 257
192 3078
3078 3627
564 1418
1418 4389
3280 4350
4350 3109
2229 3052
3052 2858
2229 3582
3582 1506
2597 3074
3074 1792
741 738
738 1438
1725 1459
1459 775
3601 913
913 1792
969 1646
1646 2830
1656 1573
1573 2417
2028 2400
2400 1767
4127 1117
1117 1419
3119 3868
3868 1187
1146 1393
1393 2604
2960 2800
2800 2327
3857 1251
1251 2323
2368 470
470 3215
4309 2521
2521 855
2084 1723
1723 2593
3899 3988
3988 2299
1747 414
414 1278
1716 2464
2464 3275
3181 3977
3977 3292
3412 4617
4617 477
1838 1261
1261 1930
863 4154
4154 4389
1838 223
223 4201
2476 1927
1927 2738
2716 1933
1933 1172
3899 2562
2562 3481
3785 1987
1987 2972
4522 957
957 3173
4158 2959
2959 1033
2816 1475
1475 1419
4644 2208
2208 4467
1210 4004
4004 992
2947 442
442 1471
256 1396
1396 1297
2073 2843
2843 2214
894 4503
4503 4036
1188 4089
4089 1620
71 36
36 4467
3848 563
563 2148
272 3729
3729 2655
482 4111
4111 2291
3999 408
408 3423
3181 4021
4021 4108
38 2021
2021 2655
2784 3466
3466 1483
679 79
79 818
2543 3158
3158 1995
3593 856
856 1984
4599 1253
1253 2291
2138 978
978 768
503 1249
1249 3183
894 717
717 2055
601 3953
3953 2111
1548 2658
2658 845
3877 330
330 1033
622 230
230 2593
4242 4008
4008 4160
2808 298
298 4167
1725 1179
1179 2738
3461 1482
1482 32
1725 3954
3954 600
2938 2756
2756 1033
3781 808
808 1388
334 1333
1333 1419
3667 516
516 1266
3879 2330
2330 3109
3181 682
682 1432
4490 2661
2661 1930
1045 1236
1236 3130
622 1102
1102 1438
4423 1615
1615 3217
2960 4616
4616 4225
3119 1858
1858 855
4644 4509
4509 3895
2960 1855
1855 1792
1877 4101
4101 2604
292 3324
3324 4296
2963 1042
1042 62
3119 3042
3042 3109
3152 120
120 2055
2963 4517
4517 2323
4319 2379
2379 1221
3728 2594
2594 1792
292 655
655 311
2664 1007
1007 600
679 4383
4383 1349
1806 3898
3898 1349
2315 3859
3859 4523
1716 3905
3905 2738
4348 1501
1501 2291
2543 1884
1884 2083
2288 3821
3821 1606
703 3036
3036 813
601 2149
2149 2949
1369 4249
4249 3072
4105 342
342 2214
3167 1222
1222 3484
2915 1486
1486 3173
2938 4491
4491 1432
4127 2590
2590 1109
3781 3171
3171 1471
2028 2437
2437 3297
3167 3740
3740 3213
4177 2615
2615 3087
2956 1993
1993 4299
4448 432
432 2435
2963 1348
1348 151
3611 162
162 1170
3728 2461
2461 1438
4224 41
41 3901
334 2978
2978 2148
1498 3750
3750 1995
3412 3362
3362 2327
572 2791
2791 826
2690 702
702 156
302 2601
2601 1438
3877 4152
4152 3423
890 3924
3924 1221
3119 4362
4362 2418
1877 2867
2867 4025
3667 1292
1292 1278
1031 3148
3148 3622
3412 1155
1155 811
572 1335
1335 2528
164 3157
3157 3130
894 1327
1327 1432
2625 26
26 2830
4423 154
154 2327
4532 3025
3025 1620
1244 1452
1452 3805
2690 2507
2507 1930
1548 419
419 129
1548 1667
1667 2111
4490 3044
3044 3109
1210 2484
2484 4167
2229 980
980 2877
2643 542
542 3213
1141 3132
3132 1432
679 3439
3439 232
2813 1535
1535 3588
453 1200
1200 160
3050 2343
2343 1483
3667 3187
3187 1419
863 3747
3747 3849
3181 4074
4074 3056
676 2234
2234 3275
1216 2633
2633 4488
1369 263
263 2055
3512 695
695 812
3440 4493
4493 1172
2767 3586
3586 2830
2138 976
976 3622
1498 308
308 855
2960 1676
1676 2111
4423 2170
2170 1471
141 1165
1165 2349
4224 1024
1024 1819
713 4328
4328 4638
3785 434
434 813
1567 1183
1183 600
595 4461
4461 1349
216 4270
4270 1349
3050 2916
2916 1984
1806 3902
3902 4467
968 2549
2549 2055
2643 2000
2000 1506
4288 627
627 1930
1877 464
464 130
4153 3370
3370 3481
4166 183
183 2604
2816 1517
1517 4160
4234 2086
2086 3469
1727 1635
1635 2738
1045 1780
1780 2652
2028 3694
3694 32
2808 1968
1968 3501
3050 3011
3011 2095
4014 4246
4246 1506
4490 1255
1255 1186
3050 2943
2943 768
1806 1454
1454 855
114 922
922 1994
4348 2611
2611 1080
3413 2366
2366 1994
4522 3845
3845 2928
4644 2088
2088 567
572 3995
3995 4167
4423 2750
2750 3501
2390 2781
2781 4201
3280 2894
2894 4467
2716 1971
1971 2858
2816 4618
4618 4488
815 2052
2052 3173
4158 857
857 62
3624 1098
1098 232
622 1006
1006 1506
1336 3351
3351 3297
3461 803
803 1297
1585 4055
4055 2214
1725 3085
3085 2806
744 4051
4051 2299
601 3699
3699 4212
3601 2694
2694 2806
2956 4195
4195 3895
4105 2284
2284 1197
334 2100
2100 997
643 1779
1779 2055
2643 276
276 2655
4185 3534
3534 4389
4285 4427
4427 1066
139 1387
1387 992
744 2807
2807 2795
2938 3690
3690 4620
1655 4494
4494 3056
4532 3422
3422 2972
4298 1384
1384 3501
2597 4516
4516 1767
526 2987
2987 3542
595 1929
1929 567
3098 3451
3451 2211
3479 1053
1053 3072
192 3583
3583 1457
2390 3784
3784 2652
2073 4401
4401 2327
3293 3722
3722 1432
2138 3101
3101 768
1619 3987
3987 2593
1045 136
136 1266
2315 2699
2699 4201
1061 375
375 855
3593 1557
1557 2323
251 3361
3361 3484
4105 3801
3801 1227
1353 4114
4114 4296
1656 3574
3574 3072
1498 3643
3643 3423
292 2197
2197 2299
164 1800
1800 1819
346 866
866 3895
4286 4219
4219 2928
2757 971
971 2928
721 2531
2531 3130
3728 1687
1687 2944
4158 3888
3888 600
2543 3460
3460 2944
1205 1497
1497 813
482 2834
2834 811
334 131
131 1170
139 3536
3536 1620
984 1680
1680 2830
3413 3604
3604 1095
4423 3356
3356 997
4599 2319
2319 4225
3280 3918
3918 167
4234 2093
2093 2806
863 2666
2666 2949
141 3817
3817 3109
2467 2811
2811 3292
1328 4537
4537 2503
1585 3312
3312 1227
256 2109
2109 1066
1087 3300
3300 813
4177 1456
1456 1930
1205 137
137 2095
2084 3434
3434 1659
251 4110
4110 3173
1664 594
594 3254
2683 3812
3812 2877
703 1334
1334 3484
1664 2057
2057 1080
4423 447
447 2645
2550 4531
4531 32
526 234
234 3626
3796 4418
4418 4160
892 406
406 1419
511 3981
3981 1080
216 1650
1650 2095
3298 1364
1364 3423
3663 3182
3182 992
713 3629
3629 1187
2757 2049
2049 3183
256 2659
2659 1126
2467 1883
1883 2655
346 1340
1340 3275
815 1011
1011 3173
1031 3096
3096 3239
2643 1627
1627 1280
1328 1684
1684 600
3098 2761
2761 2214
1656 1112
1112 1172
4234 3374
3374 3297
3611 3783
3783 3542
2395 3528
3528 311
2084 235
235 2652
1188 3475
3475 1266
514 1358
1358 3805
334 3064
3064 4201
3877 1363
1363 190
3732 4277
4277 1792
7 2754
2754 997
968 3880
3880 812
2073 510
510 1080
601 4193
4193 3588
3667 2889
2889 3239
1146 3707
3707 3481
1451 3746
3746 1227
1219 1905
1905 2323
1624 4642
4642 3501
964 1167
1167 4212
453 1433
1433 3391
3098 4366
4366 813
1727 4011
4011 4467
1877 4325
4325 4106
3624 531
531 2418
3289 4377
4377 151
721 2114
2114 4212
2229 3264
3264 3637
4127 1990
1990 3805
2625 2123
2123 1419
1747 3772
3772 3484
1205 2838
2838 1659
703 3960
3960 2291
1061 4660
4660 2619
102 278
278 1659
3440 960
960 2291
2716 2950
2950 3484
2244 3892
3892 3501
1045 1812
1812 1186
3518 1076
1076 2111
703 2579
2579 1803
4424 4226
4226 3072
4224 2024
2024 3501
4222 3377
3377 1172
741 3020
3020 3901
3999 747
747 232
117 3156
3156 4467
3410 3216
3216 4638
3728 2309
2309 3637
4552 3692
3692 3109
2664 4027
4027 4523
4522 3721
3721 2214
2467 1303
1303 1266
59 3815
3815 3849
2690 4041
4041 3173
4153 1797
1797 3130
2808 536
536 4467
3663 1072
1072 1109
59 2782
2782 4620
7 4333
4333 167
2138 4263
4263 2795
526 2246
2246 3626
1877 3456
3456 2211
3440 3749
3749 845
3624 4605
4605 1297
4490 16
16 1138
117 1815
1815 156
4348 1512
1512 1659
1045 1626
1626 3109
3886 3970
3970 1324
2625 3369
3369 3183
2073 1599
1599 1278
3999 2881
2881 3056
2716 1791
1791 1187
3298 1566
1566 1227
526 3241
3241 32
20 2545
2545 3646
676 262
262 2604
1567 3311
3311 1066
815 3951
3951 1221
2683 2119
2119 257
4398 2277
2277 1172
2084 1104
1104 1349
511 1849
1849 1197
2956 2622
2622 1483
2028 1453
1453 4467
7 3143
3143 1606
2475 1217
1217 2148
3796 3644
3644 4025
4153 2134
2134 3072
1955 4057
4057 1324
684 2296
2296 1388
3125 1207
1207 4620
1838 367
367 190
988 578
578 1930
741 4463
4463 4167
4177 2422
2422 190
2229 1476
1476 1432
20 3175
3175 2645
4141 2799
2799 1187
71 3296
3296 3469
2390 4562
4562 2503
3667 426
426 3622
4222 3712
3712 1324
2716 4037
4037 1388
1451 3761
3761 1513
302 1123
1123 129
3785 3233
3233 3254
3440 1499
1499 3637
964 3024
3024 3940
3388 2986
2986 2417
2765 631
631 1819
1101 4204
4204 3173
3877 2920
2920 4299
2550 2871
2871 1438
4532 3562
3562 992
3479 3543
3543 1080
3877 3769
3769 3297
3440 505
505 2291
4234 275
275 4389
302 357
357 1471
684 3506
3506 3183
2244 2997
2997 2655
3785 3348
3348 3626
2690 3500
3500 4296
2963 2150
2150 3627
2947 2821
2821 1197
3119 2412
2412 58
741 616
616 845
1498 3319
3319 2652
292 4667
4667 1984
3094 1084
1084 2299
721 2460
2460 1506
863 4321
4321 190
353 711
711 3805
2716 3548
3548 2652
2625 3318
3318 151
4158 3210
3210 3239
2625 3436
3436 1984
2028 2695
2695 1221
964 2596
2596 4025
4319 1640
1640 3501
4141 3165
3165 2795
622 4146
4146 2095
2690 1121
1121 3087
4490 1002
1002 2928
2524 1817
1817 1506
2229 4369
4369 1620
3663 4208
4208 3275
3857 2844
2844 3297
2229 3814
3814 3626
3923 940
940 4299
292 1250
1250 1506
984 4417
4417 151
2643 2487
2487 1803
1322 4199
4199 156
2524 3323
3323 3254
2947 386
386 855
2808 4200
4200 477
2244 207
207 3275
1480 1605
1605 4108
2244 3844
3844 2417
4319 4169
4169 129
1548 4388
4388 3292
272 2554
2554 567
2813 3889
3889 1095
815 1702
1702 845
1045 881
881 1066
3732 1827
1827 1221
968 1979
1979 2503
2765 965
965 1278
1216 4636
4636 1457
1567 1982
1982 2858
564 2901
2901 3501
3298 2125
2125 1324
892 4661
4661 106
3298 1078
1078 2619
216 340
340 130
1655 2115
2115 62
3663 4447
4447 3895
883 4559
4559 3072
141 3474
3474 2645
1141 4639
4639 775
1548 260
260 3895
3152 2098
2098 2652
3094 3521
3521 106
988 674
674 2435
815 4435
4435 3423
3848 54
54 3292
2138 4482
4482 4638
4105 2257
2257 2707
1014 4216
4216 1767
1390 1449
1449 1280
2028 2592
2592 2299
20 3998
3998 2652
3098 2768
2768 2503
1146 996
996 3588
1716 1861
1861 2877
3461 211
211 2830
2028 2326
2326 3805
4242 416
416 1513
4224 1464
1464 1994
3857 1546
1546 1126
355 3825
3825 2327
3152 2747
2747 3637
703 4336
4336 2417
564 1973
1973 1513
2765 2121
2121 1297
1838 4184
4184 3622
216 2769
2769 1033
4177 3929
3929 4201
4185 1963
1963 4389
3886 3477
3477 4025
302 878
878 2652
2543 191
191 58
601 4445
4445 4025
2716 3457
3457 1995
139 2312
2312 3469
2956 485
485 2503
3119 1502
1502 3627
192 2558
2558 2972
2475 3416
3416 129
2816 806
806 3901
1664 2270
2270 3239
4224 486
486 826
2664 2506
2506 2349
2963 2094
2094 4160
139 1874
1874 1266
988 2628
2628 1432
1045 2691
2691 1457
1061 2839
2839 3087
4398 3943
3943 1995
251 2905
2905 775
4448 3824
3824 1930
2138 4483
4483 4638
2956 3341
3341 4160
3050 4149
4149 58
3238 1859
1859 1297
2947 368
368 2806
1619 2286
2286 855
302 848
848 1513
272 2378
2378 2083
2938 1074
1074 2858
1014 2912
2912 2707
572 2870
2870 311
3461 2183
2183 2949
4423 2979
2979 4167
453 716
716 1984
1838 4513
4513 577
4285 3910
3910 3292
102 2430
2430 1170
1390 2908
2908 2095
2229 1843
1843 3423
1390 4310
4310 160
1878 3597
3597 3849
2816 1070
1070 3940
1014 2363
2363 775
1328 469
469 4488
3167 4419
4419 2593
4490 2017
2017 997
643 907
907 3217
4014 2665
2665 3849
2808 169
169 845
2390 4258
4258 3626
988 2923
2923 2291
4539 1918
1918 2032
2757 4098
4098 1033
1045 3837
3837 2655
1146 3602
3602 3297
2524 1694
1694 2528
892 918
918 1388
3152 2247
2247 160
3879 2818
2818 4299
1604 4
4 311
1336 951
951 2949
2625 49
49 1419
1219 1441
1441 2111
595 4430
4430 106
3461 44
44 1792
3181 1274
1274 3213
1061 1862
1862 4167
3298 4473
4473 4620
676 468
468 62
3461 3702
3702 3292
3999 411
411 3484
1328 3029
3029 1138
969 3049
3049 2655
4490 2078
2078 1471
4222 4404
4404 1080
2960 2833
2833 2928
892 4440
4440 3215
4224 1470
1470 4036
4158 3198
3198 2503
1866 4551
4551 1513
4158 544
544 1984
3479 326
326 4108
3050 4196
4196 2806
4522 2523
2523 2417
4141 23
23 3895
2915 2168
2168 2417
4423 3782
3782 3183
622 2223
2223 4167
3781 4295
4295 167
2244 4261
4261 1324
1838 1056
1056 3940
1604 659
659 2418
643 1622
1622 2323
1025 2216
2216 2655
679 2629
2629 2830
1624 1097
1097 3183
4177 478
478 1080
4490 1137
1137 2214
2813 3502
3502 3484
1716 243
243 4036
2073 1385
1385 2055
526 12
12 3637
603 2945
2945 4036
514 819
819 3239
1451 1708
1708 167
1878 1602
1602 2619
3294 1948
1948 1170
3440 2370
2370 1278
1101 3858
3858 4036
334 3921
3921 3130
3413 1699
1699 3391
2643 549
549 992
2690 4585
4585 2795
2475 540
540 3109
2808 3718
3718 2619
453 916
916 577
4166 773
773 855
1922 3788
3788 1620
741 2081
2081 3215
883 3705
3705 4025
815 1552
1552 1033
1101 2654
2654 2055
1664 4584
4584 1066
622 3455
3455 1803
3667 3623
3623 3588
3125 2648
2648 3622
3518 3346
3346 2949
3611 3089
3089 3217
1328 4326
4326 3484
4185 3908
3908 1483
4644 796
796 567
721 3974
3974 818
3992 3934
3934 150
2716 640
640 4225
3388 3335
3335 2528
2683 2004
2004 311
1877 3453
3453 1172
4599 4637
4637 1278
3388 635
635 4025
603 4236
4236 129
1045 176
176 2655
2315 3625
3625 3627
3899 3948
3948 3849
4398 2401
2401 1221
3461 1230
1230 3292
38 2329
2329 3297
1061 1728
1728 3637
251 906
906 1080
1922 1469
1469 2738
1087 2772
2772 4488
1567 502
502 3183
1619 4630
4630 1138
4599 2158
2158 1419
1205 3199
3199 2214
630 2206
2206 2877
4127 4038
4038 813
2813 2110
2110 1227
1960 2231
2231 32
3181 3841
3841 3481
514 391
391 818
334 2034
2034 2095
1205 2492
2492 1170
1664 220
220 3183
890 47
47 1513
3624 4474
4474 4389
3461 177
177 32
4014 3743
3743 1126
1727 1287
1287 3217
4288 2587
2587 1080
3518 1570
1570 3292
2084 332
332 3646
3877 2777
2777 2738
1960 350
350 1819
3512 2899
2899 1930
2938 1932
1932 4523
4222 2548
2548 1432
601 4645
4645 1187
1087 1975
1975 257
1656 889
889 2349
3593 2139
2139 160
4105 2796
2796 2795
2757 4063
4063 1172
2757 2200
2200 1659
192 879
879 2949
3238 649
649 1606
892 3447
3447 855
2977 2930
2930 3109
346 4130
4130 992
1877 1038
1038 4108
2543 1581
1581 3213
3785 3564
3564 1432
988 3813
3813 1170
744 2606
2606 3849
1141 3468
3468 3213
1390 181
181 1324
1656 3547
3547 1066
1328 1505
1505 4036
713 270
270 1438
3090 3757
3757 3297
1390 4353
4353 1324
1087 854
854 3254
3388 1516
1516 1227
1087 1577
1577 2972
2390 1985
1985 3501
2550 1895
1895 1221
2938 3153
3153 3072
3293 795
795 2299
164 2153
2153 2619
964 1035
1035 1606
482 719
719 156
2073 4624
4624 160
3785 2879
2879 3109
117 1972
1972 2806
4448 2357
2357 4296
2073 3038
3038 3901
3593 1953
1953 826
3518 3137
3137 3637
4423 1775
1775 2738
355 3793
3793 2738
3518 459
459 768
4552 2002
2002 855
4319 2851
2851 2055
2467 2035
2035 4201
4127 267
267 151
4242 4439
4439 1457
3412 231
231 3215
3877 1696
1696 818
4153 559
559 1506
988 4071
4071 2111
3796 3835
3835 1186
139 2785
2785 3627
2765 2440
2440 1033
1922 1270
1270 2032
2767 3373
3373 855
71 1262
1262 2291
1031 909
909 3254
3388 2776
2776 4225
713 2280
2280 992
2977 2717
2717 1066
863 279
279 1227
511 3680
3680 4638
2162 1893
1893 1388
3663 4143
4143 811
251 75
75 3087
2915 1670
1670 4620
894 4393
4393 1170
3899 417
417 3484
302 2177
2177 2095
4539 2735
2735 1659
2816 3922
3922 2652
1498 2408
2408 1349
721 3520
3520 1471
1838 2198
2198 1033
2977 247
247 3627
4185 1876
1876 4167
3289 3570
3570 1930
3848 543
543 2417
1579 780
780 1227
2813 1509
1509 3213
3440 105
105 1324
38 4209
4209 4108
60 4009
4009 4025
453 3595
3595 4108
4398 338
338 1197
3785 1120
1120 775
703 3866
3866 997
292 1060
1060 4106
4398 4032
4032 4488
679 1463
1463 1620
2475 3947
3947 1197
4166 4179
4179 4201
3593 4402
4402 156
4224 2660
2660 1266
4105 17
17 4167
2229 579
579 3626
192 742
742 62
684 1048
1048 1221
4490 22
22 1266
2368 3727
3727 3627
2084 2657
2657 130
4539 1738
1738 2083
4348 3794
3794 4036
3732 3147
3147 3056
2664 1465
1465 3213
2915 3126
3126 129
1922 2220
2220 812
988 2532
2532 2619
572 4449
4449 3183
3593 504
504 1388
346 4147
4147 3849
964 4569
4569 4638
595 487
487 775
4153 4086
4086 2604
1960 3792
3792 1419
3886 2703
2703 2604
503 4291
4291 768
4141 4496
4496 3637
4490 268
268 2593
1025 1964
1964 1170
4285 3672
3672 1187
984 2207
2207 1109
2938 1487
1487 1170
1548 509
509 1513
272 4647
4647 3469
3667 3503
3503 2323
3298 3956
3956 3087
3857 343
343 2528
1866 2033
2033 3626
1336 1663
1663 818
3119 1337
1337 62
192 3256
3256 1803
3295 382
382 1506
3857 93
93 232
2084 3613
3613 1432
3094 3330
3330 3275
59 3378
3378 2083
676 3789
3789 4638
1655 2253
2253 1080
1141 995
995 3683
3663 2669
2669 2972
3125 3669
3669 4389
1216 3609
3609 130
2390 3925
3925 1324
595 4028
4028 3109
7 3428
3428 2830
4224 3797
3797 2645
1877 867
867 4296
4490 1846
1846 4212
346 607
607 2214
2808 2019
2019 2327
2960 1291
1291 1994
4014 4652
4652 1620
1369 4150
4150 811
2977 705
705 3072
1567 2339
2339 2928
3663 1952
1952 1197
3899 3961
3961 1792
4398 4635
4635 1792
3785 1312
1312 2327
1727 3202
3202 1471
192 3751
3751 1483
2716 897
897 1095
503 4138
4138 3542
4234 3365
3365 4106
1087 2239
2239 190
2543 3966
3966 2214
4127 1069
1069 567
3274 3872
3872 58
3412 618
618 997
3624 3214
3214 4225
2956 3113
3113 1819
4522 3958
3958 167
3119 850
850 190
1960 517
517 3646
1548 2831
2831 3901
4298 212
212 2528
4448 4317
4317 3895
4532 4530
4530 4467
192 2726
2726 3173
2977 4549
4549 311
713 2494
2494 3292
4348 2360
2360 600
1210 4628
4628 3213
4539 4415
4415 1767
1328 336
336 3215
4539 2009
2009 1995
192 2060
2060 1471
703 3619
3619 3683
1727 1365
1365 2528
2229 1798
1798 3275
4222 2649
2649 32
2475 899
899 3183
883 198
198 2032
4177 4469
4469 190
2683 1992
1992 1388
2138 2822
2822 3895
622 2817
2817 3215
741 1462
1462 2503
2963 809
809 2652
1727 1844
1844 855
4234 3572
3572 1126
741 2788
2788 1432
3923 99
99 812
721 2787
2787 1266
2816 1969
1969 3646
3992 2559
2559 855
741 3756
3756 3805
4532 3499
3499 2707
1866 4347
4347 855
1747 3865
3865 2418
4166 911
911 992
3410 2501
2501 2148
2244 182
182 3501
2947 2688
2688 1127
503 438
438 32
3119 2933
2933 1471
863 1794
1794 1819
4448 2702
2702 1419
3877 602
602 2211
2757 3666
3666 3292
4490 3748
3748 1066
883 2127
2127 3501
4166 2176
2176 845
2467 2751
2751 855
164 226
226 2291
2524 2260
2260 1438
59 2118
2118 4488
4286 4485
4485 3646
4234 3726
3726 2655
2947 4338
4338 1513
1664 2783
2783 3292
4490 3876
3876 1438
4158 2304
2304 2593
3518 4076
4076 1930
3440 1083
1083 3217
1101 1677
1677 1127
1579 837
837 1093
1727 2240
2240 2323
1087 4318
4318 2349
1664 1651
1651 3183
2808 519
519 1221
4288 632
632 4160
1087 3040
3040 2928
216 3269
3269 1266
3410 4269
4269 3183
1210 2354
2354 1197
3479 2097
2097 2858
355 675
675 4036
4014 3446
3446 3215
3294 2936
2936 1606
2028 2846
2846 3469
2960 4409
4409 1324
4532 4229
4229 2327
1216 1758
1758 1483
3879 1537
1537 3056
603 3450
3450 2503
2084 3146
3146 992
1747 3911
3911 2707
2543 2793
2793 4299
2244 4293
4293 1506
3785 3155
3155 3895
713 4065
4065 2435
353 4603
4603 3292
3879 2022
2022 2655
1336 3028
3028 1803
2813 2698
2698 2738
4448 3525
3525 2795
1960 3079
3079 1792
4234 641
641 3275
643 4205
4205 1995
2543 2333
2333 2877
3857 3681
3681 1792
1451 953
953 1994
1866 3565
3565 4225
1604 4426
4426 3087
3119 2103
2103 855
3781 4329
4329 2435
3857 620
620 768
2784 1241
1241 257
4003 3733
3733 3217
2467 3402
3402 2299
2550 1961
1961 4467
4398 2226
2226 3637
1219 1320
1320 1513
863 3
3 3481
2813 4560
4560 2707
2028 324
324 4519
1955 3986
3986 2211
2315 4043
4043 2299
679 481
481 477
256 1766
1766 4299
2784 799
799 4025
1336 4140
4140 600
60 3015
3015 2327
216 3387
3387 2830
2664 4608
4608 1349
2813 802
802 1066
4522 926
926 1170
4539 2478
2478 2528
2543 1302
1302 311
892 824
824 4160
2028 3421
3421 1471
1619 1400
1400 812
102 3962
3962 106
1061 2146
2146 2503
164 1689
1689 1995
3238 2880
2880 4167
327 97
97 1419
272 2001
2001 3217
1025 2996
2996 1930
964 2235
2235 1093
883 2428
2428 2214
964 986
986 1419
3479 4013
4013 3292
2625 1214
1214 2795
1878 3121
3121 1109
988 55
55 130
3611 2729
2729 3072
353 1899
1899 106
114 2130
2130 3254
4166 3048
3048 1187
3877 777
777 4467
3923 1765
1765 4296
1336 2348
2348 167
102 2576
2576 1227
3992 3717
3717 1659
20 1039
1039 4212
3667 1923
1923 3217
4185 1633
1633 1792
2543 1338
1338 1432
114 3060
3060 2323
3094 2336
2336 2435
1727 3634
3634 2858
482 4460
4460 1080
2561 3105
3105 3901
1369 3833
3833 1388
3388 2137
2137 1930
2683 1551
1551 3501
4003 938
938 3056
20 2900
2900 2795
3125 1875
1875 106
4552 2632
2632 1349
2524 2043
2043 3072
4234 122
122 3805
4348 147
147 3391
216 739
739 3901
1878 2686
2686 1483
292 363
363 855
2524 1309
1309 1767
3611 307
307 1457
4298 1966
1966 3484
4242 3196
3196 577
355 2563
2563 1606
2084 3497
3497 1457
988 1896
1896 826
4424 2675
2675 1620
3238 1868
1868 768
2625 2072
2072 3423
964 1016
1016 1513
1336 868
868 1138
2938 534
534 232
327 1162
1162 160
327 4571
4571 2349
1369 1519
1519 3292
256 2372
2372 2655
1619 3822
3822 3072
1624 2482
2482 2095
1716 1522
1522 4167
3899 3062
3062 2299
2816 2914
2914 2645
1101 3706
3706 2949
2757 3282
3282 2349
3298 2421
2421 4201
4539 1346
1346 1995
2784 2689
2689 992
3388 981
981 2032
2643 1672
1672 845
2597 3818
3818 3215
2664 2038
2038 1033
114 4478
4478 768
969 4484
4484 32
3877 2740
2740 3215
4522 2748
2748 2299
3181 1075
1075 4389
4319 1417
1417 2211
1725 2362
2362 2972
4286 1136
1136 2214
721 2007
2007 2503
3518 111
111 1984
2138 3123
3123 4638
2757 1741
1741 4523
1146 2570
2570 1767
1655 3349
3349 477
1655 4274
4274 600
4539 3897
3897 1186
676 1688
1688 3683
622 175
175 1483
603 915
915 257
114 2921
2921 1792
1141 1430
1430 1109
4522 2180
2180 1186
139 2394
2394 1093
1866 2045
2045 1170
2947 1889
1889 3542
2073 103
103 2032
2543 2489
2489 1080
3090 299
299 1792
453 2882
2882 2707
1014 1180
1180 2214
2625 3600
3600 2299
2938 3946
3946 1280
2315 2529
2529 2095
302 142
142 1280
703 3649
3649 2418
4014 455
455 3622
1451 2203
2203 156
4158 1238
1238 3626
59 4360
4360 3622
890 1919
1919 2299
141 1853
1853 4467
2138 2398
2398 1792
2716 1310
1310 3213
3923 3162
3162 2055
4285 786
786 4467
1878 2254
2254 2055
4153 496
496 2949
139 673
673 1994
251 360
360 1606
4177 3395
3395 4160
2808 490
490 3254
4298 1198
1198 4389
2550 1854
1854 1471
3295 1028
1028 1513
1585 2600
2600 1109
2550 3496
3496 2928
3388 2272
2272 1221
3479 532
532 3217
4644 1362
1362 151
744 4420
4420 2858
3274 4254
4254 1792
1878 3856
3856 3056
2543 1118
1118 1221
1727 2082
2082 150
3090 4073
4073 4389
4185 3305
3305 4488
595 2568
2568 3469
1328 2842
2842 58
4158 1296
1296 3469
141 109
109 2435
216 3458
3458 2503
4177 1665
1665 1095
2476 2621
2621 1620
2028 134
134 4025
741 200
200 106
1727 1047
1047 992
3848 798
798 1930
3624 4508
4508 58
4298 1294
1294 2593
1727 1111
1111 2211
2476 184
184 1066
2475 1521
1521 3501
3479 1583
1583 2032
2808 2692
2692 2349
4423 1592
1592 3622
3293 2215
2215 2211
3796 1851
1851 3637
4185 241
241 3901
272 2730
2730 2055
2690 2544
2544 2928
3999 1589
1589 2877
3601 3122
3122 4022
4319 2474
2474 4519
3289 1325
1325 2645
595 3633
3633 567
141 56
56 2528
721 1970
1970 3895
4185 1447
1447 2619
1866 3055
3055 2503
713 1974
1974 4160
684 3420
3420 4523
4014 1090
1090 3072
2625 754
754 1187
3125 4428
4428 2055
4177 322
322 3297
4224 3154
3154 855
1210 901
901 1471
292 1381
1381 2528
503 669
669 106
1877 1769
1769 3087
4644 3605
3605 1995
3923 3283
3283 1227
1451 1108
1108 2593
2395 4035
4035 2738
892 1745
1745 167
1664 3708
3708 3254
679 4202
4202 3213
2757 597
597 3481
3667 647
647 477
2475 2465
2465 167
595 2577
2577 1457
1498 2026
2026 3849
1322 571
571 1324
4309 2508
2508 1620
2784 2154
2154 4523
703 1049
1049 567
4424 1252
1252 1297
969 2733
2733 2211
192 445
445 992
4532 3218
3218 4620
1451 4446
4446 2435
1655 932
932 160
1101 2670
2670 1438
292 2213
2213 160
3879 3317
3317 4108
2138 2581
2581 129
3999 2136
2136 2327
2683 556
556 1432
327 4511
4511 3469
1188 2855
2855 3626
2690 3303
3303 3901
2963 3568
3568 3297
2963 2041
2041 1803
1451 3403
3403 3501
3050 3545
3545 4296
1567 677
677 3215
59 706
706 1278
1141 1554
1554 62
3461 3529
3529 4638
892 3315
3315 1388
4644 1908
1908 1984
3877 2827
2827 4022
117 2746
2746 2417
2963 3488
3488 2435
1624 1523
1523 813
2524 2298
2298 151
3999 3405
3405 600
3593 1786
1786 3423
4234 841
841 3254
141 4268
4268 1994
1878 3144
3144 1792
2977 1107
1107 2349
141 3701
3701 3215
4285 2974
2974 4389
3119 3246
3246 1109
355 3616
3616 1432
1579 3661
3661 1994
968 584
584 257
2390 576
576 1278
3992 1068
1068 3072
3886 4495
4495 1438
2597 2444
2444 3254
643 4442
4442 3109
1369 2367
2367 3130
4319 3867
3867 3588
1353 1833
1833 4467
984 3081
3081 2095
60 3195
3195 62
1567 903
903 2095
1061 831
831 1419
1353 515
515 4488
676 4083
4083 4022
3923 358
358 3895
3293 3471
3471 1172
327 3313
3313 4296
256 4172
4172 3297
2938 2989
2989 2652
1725 3673
3673 1297
4552 1910
1910 130
3848 790
790 4519
3848 2888
2888 4025
4166 1668
1668 2972
744 1479
1479 1280
1451 2595
2595 577
3923 3659
3659 3481
3899 2749
2749 2349
564 1375
1375 775
2315 1052
1052 775
4552 4255
4255 2083
3593 3533
3533 845
1205 2841
2841 855
4177 834
834 3469
114 2679
2679 4025
1025 2995
2995 129
1619 21
21 1227
139 3670
3670 1126
71 293
293 1033
4224 2101
2101 1170
2664 3945
3945 2291
1960 431
431 4108
630 3418
3418 129
102 2826
2826 1109
2625 1013
1013 1984
3479 3270
3270 3183
3298 1329
1329 2095
1619 277
277 58
3479 4069
4069 3254
3611 588
588 1349
2784 4306
4306 3901
2475 286
286 1506
1101 2306
2306 311
1877 1301
1301 1186
3090 3653
3653 2830
4298 2419
2419 2795
272 761
761 600
1014 3138
3138 1994
3050 1999
1999 1506
3440 2991
2991 3254
3879 2376
2376 2083
601 4093
4093 1170
3295 3114
3114 826
3601 625
625 2349
3512 1742
1742 4025
1548 3188
3188 1297
1877 1194
1194 1767
3667 1536
1536 4299
1451 1062
1062 2652
1716 4341
4341 1197
2288 2775
2775 1066
2244 3342
3342 818
192 1682
1682 3087
3412 291
291 1930
1336 4183
4183 2619
3294 4504
4504 2327
894 2036
2036 4025
4177 2774
2774 257
1336 974
974 1620
4158 4324
4324 2349
4177 104
104 1349
4286 2369
2369 4523
4490 728
728 2652
3732 3106
3106 1324
59 3742
3742 3130
4490 3642
3642 826
1955 2439
2439 1033
60 1460
1460 3056
1567 972
972 3072
60 2638
2638 151
482 3697
3697 1080
1548 3328
3328 3391
20 194
194 167
3601 157
157 3391
4127 3738
3738 2148
643 3437
3437 3484
3999 552
552 1127
292 2970
2970 1170
4127 384
384 992
3785 4479
4479 3627
3410 1717
1717 2349
2683 1029
1029 2148
1960 522
522 2738
1747 377
377 151
744 225
225 2111
3992 4346
4346 257
2767 3372
3372 1388
643 2048
2048 1659
2288 3762
3762 1419
3879 2513
2513 3805
1922 1160
1160 1349
964 3376
3376 2083
3289 4583
4583 1095
3796 2719
2719 1221
1336 3268
3268 477
38 3786
3786 2593
3152 3695
3695 768
256 436
436 1297
622 1618
1618 4488
1141 3651
3651 826
1548 388
388 151
139 3603
3603 2111
2561 1424
1424 1819
1579 3493
3493 4296
2543 4432
4432 4467
4348 701
701 4389
3119 1934
1934 1513
3274 1880
1880 4389
2597 121
121 1471
2028 1940
1940 3130
4644 3208
3208 4036
3877 4289
4289 2211
2395 3345
3345 129
272 2951
2951 190
1656 2927
2927 3683
3410 3271
3271 2830
2931 2738
1464 1297
742 4638
3864 1266
1320 1819
1583 1109
4168 1606
2595 1278
4194 2148
4180 1767
1642 3901
2889 2327
3209 150
1343 4523
3085 2655
3976 106
4612 3484
623 4467
1938 2949
131 2418
1180 2806
3377 1930
2534 3423
4439 2214
2335 160
1584 2083
461 3109
3030 1419
1380 151
1035 845
942 3217
3223 3130
4665 1506
1132 1324
2052 1127
531 2830
3697 1994
370 1803
409 1186
2554 4025
535 1197
2677 1221
1728 232
2827 3626
244 768
70 257
4231 1432
866 3239
3526 2032
2193 32
2090 2211
638 1792
2941 1349
3157 3683
3616 2944
480 1187
3011 1388
347 4036
4379 4299
919 3254
3898 2299
1706 2435
2053 3215
618 3849
1179 167
3878 4389
73 3637
651 992
3192 1280
3556 3646
279 1172
4145 1995
4566 4160
2805 855
2345 2095
1883 3501
1427 2503
625 3183
2076 2652
3362 1471
2245 811
1896 577
267 4167
3237 4108
337 1984
4484 2111
436 1080
3041 1513
2540 1483
762 997
17 4106
1597 1620
2268 4201
2694 3895
996 311
180 1066
3366 2593
4109 1033
1164 3542
3521 190
2575 3292
3902 2055
3328 2619
1235 1126
3076 2858
2815 3056
1721 3588
2317 3481
2099 812
1351 600
3527 4212
3404 1438
788 4620
315 477
2267 3622
1654 2972
2573 4488
1245 3940
3408 3072
960 3173
2494 1659
3227 62
12 3275
3521 2528
3742 818
1618 1093
2043 3213
1133 3469
3561 813
690 2291
1542 2323
2914 1138
3286 130
3171 2795
2501 2417
4333 1095
2130 3805
4641 2707
4366 567
3407 2877
620 4225
944 3087
3557 3627
1096 3297
185 58
2741 1227
3148 775
2322 2604
3379 129
2269 4022
2156 2645
2062 2928
3096 1170
2279 2349
1953 156
235 3391
2165 826
3228 1457
2677 4296
1873 4519
2256 3021
310 4055
2850 468
3065 3162
4312 1908
1692 1008
2534 970
3462 1512
1932 4571
3129 4545
3899 65
478 3849
1216 2200
3924 2633
3219 1460
1799 3265
1012 920
1054 129
2865 1097
4095 1320
1411 1464
1344 3373
3505 2492
2646 840
4280 2583
2269 2456
993 4341
846 2005
2902 709
1849 795
4447 811
2250 2502
2212 1220
1987 3666
663 4008
3539 524
3978 2586
1982 1999
289 525
1695 2115
1442 2316
1609 2068
1980 3958
4659 2361
3430 3218
2185 2103
758 4440
2629 2045
2371 4514
715 779
3127 2186
405 1726
1255 2284
451 2059
2368 2301
4372 1283
776 1537
4623 4560
1641 3051
3116 3878
4348 2185
875 2965
3355 1207
505 4530
2407 3625
3459 3724
14 3252
3055 4428
1212 3282
3668 2019
2024 2198
2390 284
2251 1194
3677 4409
1954 3218
64 2204
1721 4502
2192 1472
2084 2494
4464 812
1322 4626
875 3594
3073 3927
325 2606
1511 1889
1320 4183
3172 4401
351 1843
2615 469
453 4445
1431 1863
314 92
2597 3302
3778 4385
2718 4507
4121 718
3611 4481
1212 3029
389 3064
3005 3773
2112 2675
2986 1457
2288 15
3617 1137
1914 1919
2612 3110
2509 2866
4320 4653
1274 2501
3238 1398
354 3414
4304 1948
874 4149
1435 3964
4319 637
4623 3008
4541 225
1364 502
831 4108
397 2007
1830 4530
3796 294
144 2098
1234 811
4195 2286
2518 2036
4038 62
3249 3438
898 3562
1148 4010
1357 2661
2473 837
1031 3822
4158 3329
1121 2198
1106 4435
357 2842
1140 2599
429 3161
1639 173
4545 1766
3507 1364
2210 200
2780 4637
2120 2900
3555 311
1867 3618
3100 3634
3337 1856
1014 4352
43 2215
610 680
354 1846
2976 4143
4132 3635
482 385
3553 761
4587 2178
1009 566
3368 270
370 3751
1878 1708
1955 1242
2608 3970
1140 1520
2396 2957
3911 2146
2492 4519
4532 2498
2643 2043
2342 2127
4507 2927
1466 2940
4458 21
376 1639
1539 1687
1267 90
295 173
2116 4040
564 1158
376 3594
3775 488
3794 3622
1860 2688
3307 3837
3967 2126
2142 780
832 4390
1561 3317
832 2421
4307 1037
2744 388
3308 2198
1664 1016
1891 3945
4144 3360
1158 1829
168 4508
2325 3341
482 4266
2271 4567
1754 944
2434 2081
4649 2157
3992 140
135 505
1530 735
654 2615
3294 145
3890 274
2509 743
365 3555
1322 693
1617 522
3355 3536
4307 239
40 3087
1466 536
1452 3749
4348 868
4606 3795
2850 4465
4554 2792
2915 4411
2467 3993
2404 282
4104 1950
2548 597
1445 1089
108 1742
4407 4086
203 2252
4547 4640
1142 1805
15 3164
2538 895
4384 3748
2863 462
4527 230
1762 1486
1789 4665
3396 2559
3512 2500
1077 126
2982 4484
3061 2788
2497 253
2433 3422
284 238
1621 1933
1955 3641
1212 1431
1841 1444
1122 1734
585 1553
3758 211
2436 2067
3407 2042
3182 3922
3965 4040
1342 2580
2259 2478
4448 1354
2037 4596
2087 3951
2517 4468
1568 3481
3200 1602
2557 3187
2598 439
1564 4466
3147 2146
369 30
4648 487
3904 3619
727 4281
61 2855
1146 1233
779 3705
1949 202
1510 2490
888 552
38 406
906 3015
984 454
1208 2829
2678 4073
3274 2971
4624 2841
4161 1203
4462 3301
1391 2892
1706 1417
3835 2882
3870 2926
1824 3055
2138 738
1704 44
2343 1432
3464 2235
4089 1138
273 4278
4404 2751
4570 2372
2701 4058
1370 2008
3010 3846
2340 16
3308 4507
3093 127
1322 1268
1729 2717
1021 1553
1116 226
509 2494
4006 2583
255 48
1290 519
1485 1551
2556 677
3318 3218
511 4347
2162 3746
696 900
3700 3801
1612 3096
507 1081
1611 4652
1494 2195
61 730
3535 3942
3263 803
1018 3365
2598 387
1237 2126
1671 4369
686 326
2934 1250
2457 280
43 3909
4085 3170
2884 400
668 2083
4378 33
1299 1419
100 3597
3851 2294
1055 4426
1603 3223
1741 3106
354 1319
451 1184
4046 1180
2887 4666
1344 2281
430 2899
717 4393
1634 477
1755 1753
4187 322
84 2650
2010 4418
624 121
3682 3584
4050 1276
3386 2506
538 3189
1011 4293
4233 3622
596 4411
4176 3283
1094 1564
331 2583
3058 1640
374 368
875 938
246 4063
1718 2164
3131 2500
1548 2559
1947 3353
2968 756
3147 3239
3645 1596
4456 1740
2443 3397
3763 3106
4440 831
1628 1099
3700 2884
1939 2095
4325 3951
208 985
3467 2357
2317 2370
4662 3943
4444 2387
70 336
3812 2747
1251 4435
3953 3956
3861 1761
3194 3711
2463 3723
3243 180
3291 966
2172 3583
893 594
2199 2856
253 1462
303 4652
4548 2232
1850 3755
1865 1975
77 3498
3165 2323
2319 3814
34 1084
100 446
2985 448
2028 3323
3248 2839
3581 2421
859 3
3363 3653
4095 1179
457 742
3569 739
3803 4265
4319 3075
955 4592
2889 1923
1990 2733
3073 3311
1289 907
1188 3574
2757 3441
3980 18
2960 4273
331 3895
4655 3339
2381 2980
2396 106
3643 1512
3893 3397
4165 1756
3851 2454
3149 3802
3207 2613
1882 3497
1383 174
3514 2185
1235 3642
3299 1931
2683 2998
824 2419
2173 1919
2498 2993
107 1944
2485 389
3810 4392
4600 2888
3674 1864
821 3947
3425 1755
185 136
2841 1080
4089 2484
4236 4299
4435 992
525 981
2025 3439
3526 3275
1997 2652
3521 1483
1716 376
883 4113
276 3895
4283 2877
3711 1512
4489 2487
1564 3515
2849 3549
4610 1325
