5
75 151 1
35 73
11 3
11 41
41 52
35 38
38 52
35 34
34 49
35 19
19 52
11 21
21 52
11 62
62 49
35 24
24 49
35 33
33 52
11 8
8 52
11 58
58 52
11 5
5 49
35 6
6 49
11 26
26 49
11 57
57 49
11 55
55 52
3 49
35 13
13 49
35 53
53 49
35 68
68 49
11 69
69 52
11 42
42 49
11 44
44 52
11 73
73 49
11 7
7 49
11 39
39 49
35 54
54 49
35 50
50 49
11 10
10 52
11 17
17 49
11 14
14 49
35 66
66 52
35 18
18 49
50 52
55 42
33 17
19 42
69 73
38 17
68 18
59 72
20 29
20 70
70 65
20 9
9 4
59 30
30 65
59 23
23 65
20 15
15 65
59 46
46 4
20 36
36 4
59 60
60 65
20 28
28 65
20 74
74 65
59 51
51 4
59 22
22 65
29 4
59 25
25 4
59 75
75 65
20 61
61 4
20 71
71 65
59 12
12 4
59 16
16 65
59 63
63 65
59 40
40 4
59 47
47 65
59 64
64 4
59 32
32 65
20 2
2 4
59 56
56 4
20 72
72 65
59 27
27 65
20 67
67 4
20 1
1 4
20 45
45 65
20 31
31 4
20 43
43 65
59 37
37 4
1 65
74 4
75 67
30 75
29 67
30 51
52 48
49 48
48 20
48 59
79 150 1
64 67
64 17
17 8
64 23
23 36
64 47
47 36
64 50
50 8
64 49
49 36
64 15
15 36
67 8
64 6
6 8
64 21
21 36
64 48
48 8
64 58
58 8
64 32
32 36
64 62
62 36
64 16
16 8
64 1
1 8
64 5
5 36
64 25
25 36
64 9
9 36
64 10
10 8
64 74
74 8
64 72
72 36
64 56
56 8
64 65
65 36
64 4
4 8
64 69
69 36
64 13
13 8
64 30
30 8
64 66
66 8
64 63
63 8
64 57
57 8
64 27
27 8
64 51
51 36
64 34
34 36
64 54
54 36
64 14
14 36
64 39
39 36
17 36
2 37
77 71
77 52
52 42
77 18
18 55
2 43
43 55
2 7
7 42
2 26
26 55
2 33
33 42
77 78
78 55
77 35
35 55
2 31
31 42
77 44
44 42
37 55
77 22
22 55
77 46
46 55
77 45
45 42
77 20
20 42
2 11
11 55
71 42
2 70
70 42
77 3
3 42
2 40
40 55
77 60
60 42
77 38
38 42
77 79
79 55
77 12
12 55
2 61
61 55
77 75
75 55
77 53
53 55
77 73
73 55
77 19
19 55
77 59
59 42
77 29
29 55
77 28
28 42
2 24
24 42
2 41
41 42
77 68
68 55
40 19
37 24
37 42
36 76
8 76
76 2
76 77
78 156 1
68 46
7 46
68 3
3 41
68 19
19 61
68 39
39 41
46 41
68 30
30 41
7 54
54 61
68 67
67 61
7 2
2 61
68 50
50 61
68 58
58 61
68 35
35 41
7 45
45 61
7 43
43 41
7 4
4 61
68 49
49 41
7 22
22 61
68 69
69 61
7 13
13 61
68 9
9 61
68 31
31 41
7 29
29 61
7 5
5 61
68 59
59 41
7 8
8 41
7 71
71 61
7 56
56 41
7 38
38 41
68 36
36 41
68 64
64 41
68 42
42 61
68 23
23 61
68 40
40 61
68 51
51 41
68 32
32 41
43 61
67 41
13 36
8 56
68 8
31 32
45 51
69 51
31 36
33 16
33 53
53 34
33 47
47 34
33 52
52 34
33 25
25 34
33 20
20 6
33 44
44 6
33 17
17 6
33 12
12 34
33 26
26 34
33 74
74 6
33 75
75 34
33 48
48 6
33 57
57 6
33 62
62 6
33 14
14 34
33 77
77 34
33 66
66 34
33 78
78 34
33 28
28 6
33 24
24 34
33 72
72 6
33 10
10 6
33 70
70 34
16 6
33 65
65 34
33 73
73 34
33 11
11 6
33 55
55 34
33 21
21 34
33 63
63 6
33 15
15 6
33 18
18 34
33 76
76 34
33 60
60 6
33 27
27 6
33 37
37 34
15 34
24 6
20 65
61 1
41 1
1 33
96 185 1
84 89
33 91
52 96
5 85
37 38
30 26
48 60
3 34
84 63
63 45
33 62
62 18
37 49
49 9
52 94
94 14
84 40
40 9
84 83
83 18
5 60
60 41
5 39
39 45
5 21
21 45
33 12
12 9
3 74
74 9
84 25
25 29
30 64
64 9
37 72
72 29
5 58
58 29
52 47
47 45
3 82
82 73
84 76
76 14
84 19
19 41
52 51
51 29
91 29
84 80
80 18
30 69
69 61
30 13
13 9
84 34
34 29
48 2
2 9
52 17
17 45
48 44
44 18
52 59
59 14
30 88
88 45
84 66
66 73
84 96
96 61
3 8
8 9
37 67
67 9
3 86
86 14
30 32
32 41
48 56
56 14
5 93
93 45
33 6
6 29
5 7
7 73
48 4
4 73
3 27
27 9
48 70
70 18
30 23
23 14
33 79
79 61
37 22
22 41
48 89
89 41
48 85
85 41
37 50
50 73
52 78
78 41
52 36
36 9
33 42
42 29
3 81
81 9
3 11
11 45
30 38
38 41
33 57
57 14
5 10
10 14
3 53
53 41
5 95
95 61
52 54
54 18
48 68
68 45
30 87
87 41
33 28
28 61
3 1
1 61
30 55
55 73
3 75
75 45
33 92
92 41
5 31
31 61
30 90
90 41
48 46
46 29
5 71
71 29
33 35
35 29
33 15
15 61
84 26
26 29
48 24
24 29
52 65
65 14
33 43
43 9
48 77
77 29
3 20
20 61
37 16
16 29
26 41
79 18
65 73
10 29
10 61
80 14
66 9
58 19
64 24
67 78
8 10
56 20
37 35
32 26
67 16
79 85
31 45
67 70
99 198 1
97 79
81 59
57 69
11 61
12 94
75 98
29 99
80 64
11 35
35 70
29 40
40 43
81 66
66 43
11 87
87 43
29 47
47 24
11 62
62 24
29 76
76 43
57 82
82 24
81 9
9 70
12 8
8 70
81 55
55 70
11 5
5 43
12 21
21 70
97 6
6 24
75 23
23 70
12 1
1 70
81 69
69 24
11 83
83 43
57 41
41 70
29 67
67 43
29 54
54 24
97 77
77 24
75 15
15 43
81 84
84 24
29 46
46 43
97 52
52 24
81 61
61 24
12 36
36 24
80 63
63 70
80 90
90 43
80 49
49 24
81 3
3 43
29 51
51 24
29 94
94 70
29 68
68 24
11 2
2 70
12 37
37 43
11 88
88 70
75 89
89 24
11 53
53 24
75 28
28 70
29 98
98 70
97 64
64 43
75 13
13 24
29 78
78 70
11 27
27 24
11 60
60 24
11 14
14 24
75 20
20 43
57 73
73 43
81 4
4 24
57 65
65 70
81 48
48 24
75 85
85 43
59 43
81 32
32 43
75 42
42 70
97 45
45 70
97 86
86 43
11 7
7 24
75 50
50 24
57 10
10 24
29 95
95 70
29 56
56 43
29 22
22 70
80 33
33 43
75 34
34 70
57 92
92 70
97 71
71 43
75 79
79 43
81 93
93 70
29 30
30 70
97 44
44 70
97 18
18 24
11 19
19 70
57 58
58 24
12 31
31 24
29 96
96 24
97 38
38 24
12 25
25 24
29 16
16 24
99 70
12 74
74 70
97 26
26 43
11 91
91 24
11 39
39 70
29 72
72 70
81 17
17 43
77 43
76 49
5 1
5 84
23 54
57 50
48 39
61 2
46 85
47 93
41 51
55 91
6 1
63 13
6 15
25 43
