1
4709 9795 4425
3878 2080
2539 1189
1874 636
4291 329
2746 4244
1345 1172
2365 1924
4152 4609
650 1872
802 2336
3361 2153
3714 442
465 118
3439 3462
1532 2347
2691 2595
4369 4662
4362 3908
649 1285
1767 253
1385 118
537 3625
597 1758
2138 790
1731 3031
2946 1027
276 1894
833 828
120 1233
12 2018
1509 4076
2895 2878
2021 1243
3490 3811
3161 3096
510 978
2824 2589
2961 3834
1491 3218
1029 1201
4341 3530
3273 1329
871 994
3034 29
1048 661
2417 1397
189 3725
2458 4699
2476 2091
303 2965
1798 2028
1434 1595
363 2072
3742 3921
2149 1949
1227 1020
352 2098
1145 520
2627 1457
1113 3830
4443 134
3938 2520
2275 835
3972 4036
2794 1810
3499 1215
2758 1222
1721 957
4447 170
2705 4269
1523 1336
48 636
2716 3033
1972 1273
4207 2753
2263 3946
3059 3463
2675 3705
1986 4580
3602 2630
1853 3178
2070 470
2218 1967
4071 4117
2416 4507
128 1470
3829 1983
2791 4639
312 541
2631 2321
1999 1456
1378 2394
3367 4664
2536 2862
4289 909
3373 3842
415 1134
1174 1779
2010 1489
3029 1303
1176 3317
2933 448
1592 1779
2251 1996
87 3736
3607 4050
3207 2002
2440 1013
2888 3726
3951 1730
1870 3957
3614 1815
3468 3748
4342 3881
1589 609
627 345
759 3285
1530 4640
4096 57
1450 2780
3200 2514
216 3576
3518 2792
3891 1129
400 1598
1275 395
2973 2358
2135 2209
626 1548
1050 1466
2528 419
1004 2031
999 3203
4070 1675
2684 3465
1871 3031
700 3147
2087 4179
968 655
1015 1727
4385 4700
4577 4529
1138 2283
4230 3112
1845 1913
1957 67
2316 2209
4419 3240
119 3962
3118 2611
4303 2308
49 3543
1678 1894
4555 1774
1059 3950
1905 3721
1531 3746
115 118
1165 4689
2699 784
1125 2292
3924 184
4551 1638
1749 4663
463 1231
2669 472
2385 1958
3755 156
785 1229
4039 679
3265 4325
531 3206
1056 3576
3823 3903
4238 198
1091 1504
4353 993
43 2861
1717 746
3362 4421
1784 2157
4677 3284
4433 3258
2249 2805
1965 2078
3455 3596
2787 2415
2772 2511
1920 2913
2161 1711
1849 3047
1534 184
2117 214
4313 3314
1030 2884
2175 3670
124 1485
1142 2583
2371 2106
822 4016
4300 2918
2007 2993
3241 100
2540 2962
3453 3778
2782 4243
4158 3915
4223 3110
3931 8
1160 158
243 3979
161 2897
963 456
3581 3297
3969 2493
2575 1435
4105 1555
1522 1660
3964 4250
1128 1306
3346 1307
3658 330
2623 4563
3238 2423
2947 4685
1270 2095
1837 2656
3135 604
2573 2230
3018 3851
2017 1551
3351 4382
2289 3370
2698 3589
2146 4199
789 2282
3729 3675
1671 3974
686 4544
2455 2032
4410 2381
3428 2803
1865 1820
1757 2943
1865 1580
1580 2147
1030 366
366 2147
3938 781
781 3197
3658 1326
1326 2714
1434 2802
2802 3652
1845 2597
2597 3219
3207 1285
1285 3652
3118 378
378 3149
2371 4343
4343 1441
3241 4690
4690 3886
2536 2142
2142 3652
4158 4638
4638 3248
4152 3812
3812 4077
3581 2879
2879 2940
1378 399
399 4687
415 4552
4552 3886
43 2463
2463 4305
2705 2252
2252 1930
3931 3712
3712 3919
4353 2992
2992 1787
3878 4695
4695 4125
2573 1922
1922 752
700 606
606 752
2316 62
62 3327
3034 3757
3757 3197
2575 3051
3051 3919
1056 735
735 931
1227 2404
2404 2714
822 854
854 752
3581 2680
2680 1787
2539 2964
2964 594
2275 4425
4425 3890
1030 3026
3026 3919
1731 519
519 319
4362 4384
4384 4605
650 4674
4674 1053
4342 4167
4167 4605
1491 2217
2217 4614
3161 3441
3441 3219
2536 899
899 3919
1056 364
364 4287
4342 2429
2429 2329
1227 3910
3910 931
4300 4074
4074 2329
3891 3300
3300 3919
2746 4243
4243 3522
785 2523
2523 2147
1999 3075
3075 1930
3455 2187
2187 3919
1004 4646
4646 3149
1176 2689
2689 2196
189 1232
1232 4605
3265 2563
2563 3248
4223 828
828 4614
1522 1971
1971 1930
1767 157
157 4305
4551 3741
3741 3248
597 2242
2242 4125
115 1021
1021 92
4362 4431
4431 1255
1434 3913
3913 1441
3755 3166
3166 3890
3455 4214
4214 2714
312 1243
1243 4605
597 60
60 2196
4070 3235
3235 3652
1491 1949
1949 4125
2705 4010
4010 2638
789 2613
2613 2714
1030 852
852 1441
124 1368
1368 2196
2758 102
102 4614
1056 716
716 4614
1849 133
133 2598
1113 384
384 2329
3931 3259
3259 2227
161 1701
1701 3327
3265 1505
1505 3219
2218 574
574 3197
2010 1755
1755 3886
2684 3148
3148 1255
276 3986
3986 4305
2289 3589
3589 2196
87 1009
1009 319
822 2742
2742 2147
1030 2410
2410 2714
2772 523
523 4125
1491 2076
2076 3149
1798 3894
3894 4452
363 3512
3512 1605
2888 2221
2221 3886
1749 732
732 3652
2455 1173
1173 3327
2007 3908
3908 4125
3361 3137
3137 3248
3135 3839
3839 4605
1275 1632
1632 2598
1345 1281
1281 752
1972 2075
2075 1605
2289 3883
3883 4305
2070 446
446 2638
3931 1813
1813 4287
1015 3462
3462 3197
1113 2828
2828 3248
2316 2757
2757 4687
1749 952
952 4077
2539 2272
2272 2034
3924 1827
1827 594
2135 2633
2633 3197
12 2507
2507 1255
2675 333
333 4077
1534 1306
1306 1255
700 947
947 3919
3714 725
725 752
2623 3817
3817 2638
3607 557
557 2329
1091 653
653 2714
2087 2687
2687 3886
2684 286
286 3327
1837 2565
2565 3197
2371 3845
3845 594
1050 4517
4517 1255
627 2761
2761 931
1345 3515
3515 4305
789 4033
4033 2638
597 1521
1521 3197
2933 2188
2188 3652
1986 4680
4680 319
3118 1359
1359 1605
161 3357
3357 3522
1532 4133
4133 2638
3362 2119
2119 1053
1767 4327
4327 1255
3607 508
508 4077
43 67
67 4287
3951 2449
2449 752
2416 2097
2097 2034
3161 4474
4474 1441
3351 4041
4041 4305
48 3482
3482 3522
3969 1978
1978 3652
4551 3127
3127 3197
2787 2514
2514 4287
4313 859
859 2638
531 1082
1082 4452
1056 2
2 3652
2623 2448
2448 931
2251 737
737 3886
4419 3073
3073 3890
2275 2166
2166 1255
243 3950
3950 2227
4105 1567
1567 4614
4577 468
468 2034
2476 4067
4067 1823
463 4296
4296 1255
4577 4290
4290 92
3931 2418
2418 2940
2417 193
193 92
1176 2299
2299 3890
1678 1750
1750 1053
2675 3191
3191 4452
1905 2226
2226 4287
189 2328
2328 4287
2371 3459
3459 3522
510 2881
2881 1787
1999 4678
4678 319
3161 3177
3177 4605
999 1590
1590 2329
120 2968
2968 931
1091 3194
3194 752
1160 3525
3525 2638
2669 2213
2213 3652
531 3343
3343 752
2698 4413
4413 1787
2895 1892
1892 1605
3614 4191
4191 4287
1905 1317
1317 1053
3346 4358
4358 1441
1957 2248
2248 594
3931 4036
4036 2196
822 2509
2509 1255
415 1151
1151 1255
3658 1370
1370 1053
2698 1916
1916 3248
1522 1662
1662 4287
1128 123
123 2714
2791 549
549 3219
3829 58
58 931
2684 1979
1979 1053
2455 3554
3554 3890
2758 1384
1384 2227
87 979
979 3197
3891 2174
2174 3652
4223 3576
3576 1930
2539 2650
2650 2227
785 4399
4399 92
4071 2934
2934 4687
4039 2719
2719 3919
1128 3160
3160 4452
1757 4312
4312 4614
3964 3779
3779 1441
2440 2836
2836 2638
3362 1770
1770 2196
4152 4482
4482 594
3969 192
192 2196
1176 3563
3563 594
4385 1341
1341 3919
1270 1445
1445 1787
4433 1288
1288 4605
2175 3661
3661 3219
2961 220
220 2714
2623 3520
3520 3652
3658 2151
2151 1053
2316 503
503 1441
700 4203
4203 1605
3878 339
339 594
1029 3293
3293 4125
4071 892
892 319
4447 904
904 3149
1905 1081
1081 4305
1870 1950
1950 4687
276 2116
2116 931
2782 4556
4556 4452
2021 3534
3534 2638
4433 718
718 3890
3602 2586
2586 92
2251 1703
1703 3197
3938 2480
2480 2196
3742 4679
4679 3522
3490 4670
4670 3327
4353 887
887 3248
822 2721
2721 92
1534 2645
2645 4605
1138 2089
2089 1255
2782 1754
1754 4077
650 3582
3582 4125
2623 1617
1617 1605
1530 2366
2366 3522
3238 2355
2355 2714
2149 2744
2744 2329
1999 2642
2642 2034
2536 2784
2784 1053
4551 327
327 1053
2371 478
478 2196
1128 72
72 3149
2149 945
945 3248
4551 3052
3052 3652
463 3572
3572 3890
2021 2125
2125 2227
4410 3804
3804 2329
119 1001
1001 3197
4303 2490
2490 3197
4342 498
498 3327
2117 3820
3820 2940
2476 2883
2883 4452
2746 592
592 4605
4105 793
793 1053
2575 2715
2715 1255
2146 2958
2958 92
2684 576
576 3522
1717 1825
1825 1605
2947 4208
4208 594
3018 3643
3643 3890
120 3470
3470 2227
2087 2388
2388 92
1059 1782
1782 1605
2888 4703
4703 3522
1491 3737
3737 3890
2251 1460
1460 3919
2631 277
277 1053
2746 2558
2558 1255
1837 456
456 2598
3658 2537
2537 4125
1589 943
943 4605
2669 1576
1576 2940
531 1882
1882 1787
2371 3528
3528 1255
2536 374
374 1930
3018 1470
1470 1823
1509 4046
4046 2227
2070 3325
3325 1787
2794 920
920 2034
3238 1111
1111 1787
3135 132
132 1441
3207 831
831 1823
4555 281
281 594
3602 438
438 2940
1532 791
791 1823
4238 1860
1860 2638
2536 3675
3675 2147
1056 3033
3033 2598
1113 2391
2391 1255
3428 4642
4642 4287
2698 4530
4530 2638
2684 3223
3223 1823
4433 82
82 752
1091 893
893 2034
1128 3532
3532 3919
4223 640
640 1441
1999 1249
1249 4605
3346 3324
3324 3219
1957 3097
3097 3919
1522 2184
2184 4287
4070 3962
3962 3219
2575 2547
2547 1605
1531 3723
3723 2940
4551 1318
1318 3219
1757 760
760 2940
1717 4448
4448 4614
3135 1382
1382 3652
4342 2527
2527 3522
2146 2693
2693 931
2631 2970
2970 931
3034 787
787 3219
2365 2121
2121 4452
115 4554
4554 4305
4230 4582
4582 4125
1870 3897
3897 2940
1920 3640
3640 1930
1870 559
559 3522
4070 4490
4490 3327
2675 612
612 3919
2316 3120
3120 1787
3367 4525
4525 4687
2787 1577
1577 4305
12 242
242 92
2758 3104
3104 4287
49 2101
2101 4614
2540 2361
2361 3890
999 1137
1137 3522
3029 4627
4627 2034
1029 1503
1503 3886
4300 590
590 3919
2698 335
335 3219
4433 1362
1362 1930
2772 1687
1687 4614
1091 1684
1684 3522
3351 3720
3720 3327
2458 806
806 2034
1986 4100
4100 1053
119 3092
3092 3652
1125 3171
3171 3890
1275 4643
4643 752
822 3141
3141 3919
3455 3647
3647 4687
2540 3344
3344 3890
1874 4307
4307 3652
3518 3210
3210 1787
4230 1347
1347 3890
4223 190
190 319
963 2285
2285 4605
789 897
897 3652
4419 4054
4054 2227
4385 2817
2817 4452
1048 2978
2978 2638
87 3846
3846 1787
2575 1107
1107 1930
3439 1855
1855 2147
3518 2690
2690 2638
3951 3174
3174 594
3729 616
616 2638
3455 1076
1076 2196
3238 4256
4256 1053
3969 989
989 2329
822 3709
3709 2714
2161 561
561 3652
4039 2222
2222 4305
3614 504
504 2638
686 1613
1613 2638
2528 855
855 1787
597 2921
2921 1605
1030 3368
3368 2227
3373 3440
3440 4077
3878 3053
3053 752
2146 397
397 1053
2175 3279
3279 4305
1522 2039
2039 319
3714 3731
3731 1441
2017 1661
1661 319
1050 2484
2484 931
1845 462
462 1053
1125 2602
2602 4614
2675 2866
2866 1053
1874 2718
2718 2147
822 1077
1077 1053
4039 1054
1054 92
1015 81
81 1255
1717 2093
2093 3890
1048 2646
2646 319
4303 3017
3017 4605
2117 1906
1906 1053
3059 108
108 92
1385 430
430 1930
4238 264
264 3149
3351 1902
1902 1930
627 2678
2678 4605
4289 3189
3189 3890
2146 3043
3043 1441
2540 2580
2580 931
4071 1203
1203 4077
1986 1168
1168 2638
1378 1337
1337 1255
3241 2918
2918 1823
1345 3599
3599 1255
1874 555
555 4687
2623 2945
2945 3890
822 1248
1248 4077
1174 4137
4137 3327
3742 3642
3642 752
510 3600
3600 2227
4443 1073
1073 2196
999 4409
4409 3197
4207 4348
4348 3327
531 3347
3347 4614
3367 1376
1376 2940
3829 4193
4193 3327
4577 266
266 4305
2316 3432
3432 1053
2758 299
299 3886
124 2454
2454 2598
2933 1788
1788 3886
2175 4368
4368 2147
3714 1593
1593 3248
700 642
642 752
4152 1423
1423 1823
2539 736
736 4687
3969 2660
2660 2196
2684 1515
1515 752
2973 2199
2199 1823
968 2073
2073 2227
2888 203
203 1605
2417 1903
1903 3219
4071 4533
4533 4605
4039 1431
1431 1441
2117 2910
2910 3219
161 1216
1216 4614
2758 1913
1913 2598
2539 4595
4595 92
2794 350
350 4605
1113 2488
2488 2227
3891 144
144 3919
2251 2136
2136 1255
802 870
870 4614
1871 2307
2307 2196
3938 1093
1093 1441
4342 1686
1686 4305
2007 4598
4598 4287
802 1071
1071 1441
1142 4366
4366 2147
3823 4593
4593 2196
3614 3773
3773 1823
3891 1162
1162 4605
3829 2424
2424 3149
1270 488
488 3652
4577 485
485 3652
4443 1969
1969 4305
1523 1175
1175 1053
2275 4118
4118 3327
597 637
637 2196
3018 730
730 3327
3969 1712
1712 4305
3018 3129
3129 4125
1849 894
894 3197
276 2001
2001 1255
128 3922
3922 3219
822 2732
2732 92
3951 2369
2369 319
2539 326
326 3149
2385 1541
1541 3886
1749 1327
1327 2940
4158 1811
1811 594
1767 1074
1074 4452
1972 1219
1219 2598
2087 1047
1047 92
4039 1251
1251 2227
3972 3297
3297 3522
12 1858
1858 3219
12 315
315 3890
2699 515
515 2714
700 2516
2516 3652
789 2749
2749 2940
4342 2337
2337 4305
48 3027
3027 4077
115 2003
2003 4077
4313 2058
2058 2598
352 3103
3103 3327
2961 7
7 4305
4223 543
543 4687
189 3747
3747 3248
1509 1026
1026 2714
510 1940
1940 3652
276 4143
4143 3327
4039 3764
3764 3149
276 2098
2098 2329
1530 4372
4372 2598
3581 763
763 319
2275 491
491 4077
4105 4613
4613 3652
400 342
342 2196
510 3126
3126 4305
3362 3955
3955 319
4300 4276
4276 4287
128 622
622 4452
1059 3932
3932 1255
1874 796
796 2227
3428 1352
1352 3890
1160 1571
1571 594
1378 2648
2648 2196
1865 236
236 4287
686 138
138 4614
3891 1408
1408 1053
1986 2497
2497 319
626 818
818 2147
3018 2479
2479 1823
1385 3545
3545 3522
3453 705
705 2147
3468 847
847 2714
4158 4132
4132 3197
802 2861
2861 2940
2087 3377
3377 4077
3823 2261
2261 1255
649 2333
2333 2598
2746 1135
1135 4687
1174 4150
4150 4452
1227 1647
1647 1605
3200 3870
3870 2598
3453 1375
1375 2227
510 2109
2109 4077
2070 2008
2008 4305
3964 212
212 4077
119 3745
3745 3327
1128 948
948 1930
400 4659
4659 2196
1227 1126
1126 4605
4238 1775
1775 4452
4238 3359
3359 3890
2631 74
74 3327
2007 3884
3884 2598
2895 2752
2752 4452
2263 191
191 2598
1142 3185
3185 2227
1091 61
61 4125
2087 3744
3744 1255
2669 4597
4597 3522
3969 4115
4115 4452
1227 486
486 4605
2794 1992
1992 752
2691 2577
2577 2227
1767 4099
4099 931
2175 3365
3365 2196
1874 3570
3570 1787
3891 2663
2663 3890
2416 4161
4161 1255
2895 4043
4043 931
4342 3627
3627 319
2087 4249
4249 4287
2146 3179
3179 1255
3891 9
9 931
49 4379
4379 3522
4039 1065
1065 4125
49 3626
3626 3248
537 248
248 3522
276 1724
1724 931
2691 3037
3037 3248
1534 2904
2904 3149
2175 2324
2324 3327
276 598
598 4077
3924 3404
3404 1787
1145 3308
3308 3886
4551 4095
4095 752
686 3245
3245 594
1957 4240
4240 2034
1275 1599
1599 2196
2539 3767
3767 4305
3931 1960
1960 4305
2758 753
753 3919
3373 1548
1548 4287
400 4004
4004 2598
789 1655
1655 2598
115 775
775 2940
1731 3296
3296 3327
1509 2104
2104 3522
3468 2912
2912 3890
1385 4351
4351 2714
510 28
28 3919
963 1454
1454 2638
2251 1156
1156 594
1160 1386
1386 2638
2758 2157
2157 3886
963 1844
1844 3886
789 3936
3936 3919
161 425
425 1605
3602 112
112 2329
2794 798
798 1787
2007 4189
4189 4452
626 619
619 3149
3207 4676
4676 2598
2161 788
788 92
822 4444
4444 2034
1128 2657
2657 2714
4152 3778
3778 3890
363 4498
4498 1823
2895 2129
2129 3890
4362 1817
1817 4605
120 391
391 2196
276 2176
2176 4687
276 874
874 4452
3951 2750
2750 4605
2455 4609
4609 3248
2218 1164
1164 3886
2758 1936
1936 3890
216 1095
1095 4125
1678 1607
1607 1787
2275 587
587 3652
128 3595
3595 4287
1853 1819
1819 2196
1509 3106
3106 319
1721 4306
4306 92
3034 1943
1943 3522
2135 348
348 4614
4096 2215
2215 3890
2698 2103
2103 4614
2275 431
431 1053
43 1908
1908 3149
2455 1072
1072 1823
1015 484
484 2034
128 4008
4008 4452
1845 389
389 594
537 3611
3611 4605
2705 2066
2066 752
2623 494
494 1787
3518 407
407 2034
276 1602
1602 3219
1385 4141
4141 1930
3018 53
53 1441
1757 2468
2468 2196
3161 3400
3400 3219
1345 1988
1988 1255
2007 1230
1230 3149
1128 1464
1464 4687
4577 3927
3927 1441
4158 3616
3616 1787
3602 1256
1256 319
2149 1885
1885 1787
3034 4311
4311 1823
802 624
624 4305
2417 1932
1932 2227
1385 1136
1136 2940
3972 3500
3500 3219
4207 1769
1769 3327
3029 1177
1177 1605
3059 1388
1388 3327
626 2326
2326 2196
465 3608
3608 2196
3455 1225
1225 3886
4342 238
238 2714
3362 3769
3769 752
1138 2349
2349 1605
1534 2258
2258 594
1385 380
380 3890
2458 2902
2902 1605
2888 4370
4370 3886
1965 3057
3057 319
128 1857
1857 2147
3602 2063
2063 4125
2440 3429
3429 319
3362 4640
4640 3327
1534 4699
4699 2638
4419 395
395 3890
2758 987
987 594
3373 2542
2542 4605
510 3844
3844 1255
2007 1469
1469 3652
3029 3128
3128 2196
1029 1049
1049 4305
1509 3147
3147 4077
2631 2359
2359 3652
968 4251
4251 3886
4105 2753
2753 2638
2794 2545
2545 1823
463 3933
3933 4125
1227 4407
4407 2147
2135 1286
1286 2940
352 4666
4666 4452
1837 4464
4464 2598
2946 2246
2246 1823
4385 4064
4064 2638
1056 1451
1451 2638
4152 1381
1381 1053
597 3665
3665 3248
2716 1669
1669 2196
2782 3493
3493 92
2149 3696
3696 931
1849 2951
2951 319
1160 801
801 2196
161 4493
4493 2598
1523 3132
3132 3890
4555 4648
4648 594
4385 722
722 2598
4577 1900
1900 2940
3972 3151
3151 4125
4433 3480
3480 4287
1145 3770
3770 3219
4152 2841
2841 1930
2138 2867
2867 3890
189 3002
3002 2638
1717 2271
2271 2329
1138 2002
2002 3197
968 974
974 1441
2675 1942
1942 4605
2416 4174
4174 4305
216 3541
3541 1823
3428 2019
2019 1441
1784 2360
2360 4077
4291 171
171 4614
4207 2124
2124 3652
243 1898
1898 4605
2251 1539
1539 4305
4342 4455
4455 319
2895 569
569 931
1965 3055
3055 1823
1050 1209
1209 4077
1050 2112
2112 4305
649 2682
2682 4605
4289 1432
1432 1787
4443 297
297 4605
3614 3751
3751 2329
243 1603
1603 3197
3346 2733
2733 4687
785 403
403 319
1589 4378
4378 3197
537 3580
3580 4687
2794 1645
1645 3890
1731 2470
2470 2329
3362 1974
1974 1441
3361 2525
2525 4687
3499 4644
4644 4287
4158 3726
3726 1823
759 1597
1597 2147
43 621
621 3890
4105 2178
2178 4605
2746 797
797 3149
626 1888
1888 1441
4577 492
492 3248
1999 3101
3101 3919
4577 4286
4286 1441
243 1213
1213 4605
1385 1480
1480 3149
276 94
94 2638
1757 572
572 319
2017 22
22 2638
963 3414
3414 2638
1671 3718
3718 3149
3346 200
200 1441
597 1917
1917 3149
3241 3841
3841 319
1059 3497
3497 319
352 2801
2801 4305
189 2422
2422 2638
2787 980
980 752
1589 961
961 3890
4433 2864
2864 2227
128 253
253 3886
1589 3540
3540 4614
2946 1726
1726 2196
120 675
675 2147
352 1453
1453 1930
1798 1681
1681 1255
3614 247
247 1787
2933 4029
4029 4605
3200 3292
3292 3327
87 3268
3268 1930
128 2015
2015 3327
1784 1596
1596 4605
1125 3472
3472 2147
3161 2848
2848 4125
4070 651
651 4077
4096 1742
1742 4125
833 1912
1912 2940
2263 1119
1119 4452
3238 3939
3939 931
2365 4450
4450 4305
120 2783
2783 2638
1999 4426
4426 3327
3207 1109
1109 2147
4300 2203
2203 4305
1965 2530
2530 2638
3581 2726
2726 4614
2539 3944
3944 4287
3059 4294
4294 92
4410 3579
3579 2598
3658 4373
4373 1930
3969 2351
2351 1255
463 3648
3648 4605
1749 932
932 3522
2691 383
383 594
1920 4271
4271 2714
1176 4245
4245 3919
626 4171
4171 4287
2791 2993
2993 3197
1671 2919
2919 319
4070 670
670 1441
4105 4278
4278 3327
2691 168
168 594
785 1796
1796 2196
1048 4436
4436 2598
303 751
751 4452
3135 1391
1391 1441
2539 3165
3165 3886
312 4580
4580 1441
2699 3826
3826 4077
48 890
890 3219
352 1344
1344 1787
2251 2670
2670 3219
871 586
586 92
3714 2032
2032 752
3453 3196
3196 1605
2007 3760
3760 3522
2623 3583
3583 2034
1176 1283
1283 1255
124 4531
4531 4287
2782 2906
2906 2638
4362 704
704 4305
2539 1116
1116 4287
1731 3783
3783 2638
3373 1194
1194 1605
700 231
231 3248
1491 1998
1998 2329
4207 1320
1320 931
3714 2181
2181 2940
2716 2779
2779 3652
3742 4396
4396 1441
2070 976
976 3919
4551 663
663 1053
2791 184
184 3522
1434 2406
2406 4287
161 4339
4339 2227
2684 454
454 1930
2536 3019
3019 4614
2933 3095
3095 931
2772 3521
3521 3219
3373 3419
3419 2329
789 2928
2928 1823
1345 497
497 1787
597 1525
1525 1605
4238 573
573 3219
1837 4625
4625 2034
119 4180
4180 931
4207 2605
2605 3327
649 3134
3134 1255
1972 1374
1374 752
1113 1457
1457 4687
968 749
749 4305
2716 4173
4173 319
2824 2025
2025 3197
2573 177
177 2034
3742 2244
2244 2034
2017 4538
4538 2598
4207 273
273 4452
128 1747
1747 1053
3207 2624
2624 931
3118 3816
3816 2147
1671 1565
1565 2227
1845 3610
3610 3219
1275 4495
4495 3522
3439 3889
3889 2598
2289 2606
2606 3197
3428 835
835 2638
12 1405
1405 1053
649 3706
3706 4452
650 3305
3305 3149
2705 1153
1153 931
2539 2529
2529 2329
537 2193
2193 4305
1717 153
153 4125
1030 2408
2408 1441
2973 667
667 1930
2135 4603
4603 2147
1142 4438
4438 2329
1530 971
971 1823
4369 1847
1847 3149
2087 336
336 3919
3972 4014
4014 2598
4096 4121
4121 4125
3135 1558
1558 3886
3938 1258
1258 594
4230 1169
1169 4305
2946 4013
4013 4305
2458 3717
3717 594
2631 1379
1379 1787
3729 3304
3304 1605
4419 3303
3303 4125
1849 3181
3181 3219
4303 648
648 3652
303 4328
4328 2034
2149 201
201 4077
822 3615
3615 2196
4152 4177
4177 4287
649 1064
1064 3886
4577 1426
1426 1605
4071 1804
1804 319
3972 3163
3163 2714
1091 3066
3066 2598
3891 857
857 2638
2021 3765
3765 3919
1491 2330
2330 319
2218 877
877 3327
963 432
432 3890
4342 617
617 3327
3972 792
792 3652
2895 2508
2508 1823
2070 2472
2472 3219
1056 2839
2839 3327
2249 4301
4301 4077
2146 73
73 4452
2698 1311
1311 2598
3346 3
3 92
4342 1092
1092 3149
2758 2373
2373 2147
4039 3234
3234 2227
2161 1736
1736 4687
2539 1084
1084 1787
1784 4561
4561 1255
3238 2277
2277 4077
4369 1953
1953 4687
4096 2557
2557 1787
700 3061
3061 1441
531 900
900 2034
1589 1685
1685 2329
2175 4269
4269 4687
2010 368
368 2196
216 4349
4349 1255
2627 3256
3256 2638
3931 3040
3040 594
2539 1690
1690 3652
352 2057
2057 2598
4410 2661
2661 931
1270 3083
3083 4305
2249 135
135 3652
2087 3689
3689 1930
2275 3318
3318 4687
1717 109
109 3327
4291 1262
1262 3197
2716 3895
3895 319
3273 4604
4604 4305
968 4076
4076 4452
415 2396
2396 2638
128 1499
1499 2227
2476 1427
1427 594
3729 958
958 4287
2539 64
64 2196
1434 1496
1496 4125
3581 1776
1776 4614
2087 1372
1372 319
2947 4544
4544 4452
2249 1110
1110 752
363 1629
1629 1441
4071 721
721 92
1865 2095
2095 1605
2684 2510
2510 1605
3755 2962
2962 2329
1176 3629
3629 1605
3373 889
889 4287
2787 1863
1863 931
120 4185
4185 3522
2146 2054
2054 3919
4289 903
903 1930
3468 2846
2846 2940
2824 2050
2050 594
3453 2264
2264 4452
363 3109
3109 1441
1849 2118
2118 2714
276 553
553 2714
1270 3808
3808 2227
1870 2654
2654 3248
2146 19
19 4125
4443 1808
1808 3219
3581 4672
4672 2940
626 3150
3150 2227
2010 4528
4528 2598
4677 1487
1487 2638
128 3907
3907 3652
4070 3934
3934 4614
312 1192
1192 2196
2888 4635
4635 4614
1767 141
141 92
1048 3244
3244 2714
627 1421
1421 3886
2416 1633
1633 4605
3351 428
428 4452
216 2877
2877 4605
3931 2767
2767 1823
1784 206
206 4125
650 4302
4302 2196
3238 844
844 319
700 3766
3766 4125
2746 1511
1511 3219
1853 3795
3795 2147
3207 3835
3835 3919
1509 2533
2533 752
2249 412
412 1823
597 2464
2464 319
3607 1436
1436 3886
650 1601
1601 3522
2691 3621
3621 2940
415 4567
4567 1787
2787 3370
3370 4287
2365 4563
4563 2638
1138 4432
4432 3149
2316 260
260 2714
2289 3708
3708 3149
1345 911
911 4077
802 3477
3477 2227
2627 479
479 3522
1450 1236
1236 1053
1523 4608
4608 4687
87 2692
2692 4452
3034 1322
1322 3219
2455 2826
2826 3219
2263 4467
4467 3652
4341 1308
1308 752
4577 4451
4451 2714
1015 2444
2444 1823
2218 3584
3584 1787
276 2935
2935 4614
1125 1790
1790 1605
2631 4340
4340 1053
1534 1801
1801 3149
3428 3313
3313 4287
4362 3070
3070 319
189 4047
4047 3890
1965 1887
1887 1053
3581 1399
1399 3919
785 2640
2640 1787
1965 101
101 3327
3614 930
930 3197
1865 3387
3387 4452
43 1348
1348 2147
1853 405
405 1053
2895 1328
1328 3652
2961 4234
4234 2638
216 634
634 2940
3361 4078
4078 1605
4230 1463
1463 3890
2933 2971
2971 2034
2758 2376
2376 4605
87 83
83 4614
4447 840
840 2940
1174 2820
2820 4452
2365 3531
3531 2034
1530 2950
2950 1823
1589 3654
3654 3522
1270 2282
2282 2034
3607 2189
2189 3149
2371 1586
1586 1441
537 65
65 3522
4410 1214
1214 3919
1128 1927
1927 1930
759 941
941 4125
4353 3701
3701 3886
1798 1462
1462 3149
2161 41
41 2227
3468 3822
3822 3522
2782 1893
1893 1930
3823 322
322 3919
2698 2786
2786 2196
2961 2885
2885 4614
4362 701
701 1930
2746 3954
3954 3149
2316 3144
3144 2638
4313 4006
4006 4305
3265 3022
3022 3652
2070 4183
4183 4687
2669 2609
2609 594
759 1468
1468 2227
2175 2403
2403 2147
3455 2000
2000 319
2275 4093
4093 1441
3602 3349
3349 931
626 1683
1683 1441
1125 4394
4394 4452
87 3753
3753 931
128 114
114 2147
4362 4621
4621 3149
3755 2398
2398 1930
1165 459
459 2147
1957 4500
4500 4452
3207 3295
3295 3522
1015 417
417 1930
1176 1780
1780 2638
686 755
755 3652
1378 2805
2805 2940
510 2423
2423 594
1450 1303
1303 3197
963 2297
2297 3149
3931 2889
2889 4077
999 1178
1178 4125
3714 4352
4352 2598
2316 4420
4420 4125
1798 68
68 2638
2536 551
551 4687
1434 2677
2677 2638
363 1822
1822 2196
2416 2209
2209 931
1531 4624
4624 1255
1434 2629
2629 3886
1450 1240
1240 2940
3238 4388
4388 931
999 4051
4051 4077
3351 3556
3556 931
700 313
313 4125
2021 2318
2318 4305
2623 4389
4389 3197
2794 786
786 319
3361 2834
2834 931
1004 646
646 319
312 1025
1025 1823
4223 1342
1342 2714
2573 3926
3926 4287
2684 517
517 1605
4289 876
876 1053
1849 1105
1105 2940
537 3007
3007 3219
1731 1641
1641 3197
3238 4354
4354 3652
700 2106
2106 931
463 4395
4395 3197
1530 2595
2595 2714
1589 1324
1324 1441
2933 3794
3794 4687
1345 481
481 2147
2947 2855
2855 4452
1015 918
918 3890
2536 4021
4021 931
4303 600
600 3149
2161 1020
1020 4305
4300 1737
1737 319
2947 3754
3754 752
3367 292
292 2147
2895 4565
4565 2598
3490 2152
2152 4305
3018 509
509 319
48 318
318 2598
2135 2317
2317 3886
12 742
742 3248
2705 3974
3974 3149
2251 1477
1477 1053
2746 3789
3789 3522
1905 1663
1663 594
3200 928
928 3149
3518 179
179 2147
785 4347
4347 2196
2895 15
15 4305
1721 3921
3921 2329
4230 1336
1336 2034
789 4190
4190 1787
2365 4044
4044 1441
1870 2745
2745 2196
1849 1944
1944 4305
1138 3697
3697 1823
510 3656
3656 4125
3729 340
340 2940
1145 202
202 3652
963 4375
4375 319
1870 4377
4377 3919
415 4589
4589 1255
3829 868
868 3197
1142 2556
2556 1441
802 2473
2473 3652
2146 143
143 4452
3453 4488
4488 1787
3135 657
657 2598
2758 4483
4483 1441
3018 2059
2059 4452
1589 2338
2338 4077
2149 1935
1935 2227
4433 2996
2996 2638
3346 2747
2747 4077
12 4449
4449 3219
3346 2816
2816 3890
4071 4113
4113 1255
1757 2084
2084 4287
115 4502
4502 1823
3607 4187
4187 3890
2888 3905
3905 1053
3118 4319
4319 3219
2772 3639
3639 931
43 1504
1504 319
312 1087
1087 3919
1048 1354
1354 3522
822 3372
3372 3886
4551 812
812 4287
2691 3291
3291 1255
4577 75
75 3149
1532 652
652 3890
12 3333
3333 3890
276 338
338 2940
3964 1786
1786 4305
189 2195
2195 3522
537 4602
4602 2638
3207 1666
1666 1823
1592 4164
4164 1787
12 230
230 3327
1450 1495
1495 1255
3118 4626
4626 1823
1678 3418
3418 4687
2973 328
328 2227
537 1108
1108 1787
1589 27
27 752
650 4309
4309 752
3034 4257
4257 2329
4369 4299
4299 92
2961 3519
3519 752
3439 489
489 3652
1450 1761
1761 752
4071 3286
3286 4125
2138 3262
3262 1441
1532 2420
2420 1605
2021 3319
3319 1930
4158 461
461 4687
276 1644
1644 4687
2528 1398
1398 1930
189 4398
4398 3886
3964 3965
3965 752
2933 748
748 4614
120 4334
4334 2598
1378 2626
2626 2196
1865 917
917 319
3362 4697
4697 1787
4105 3212
3212 2598
3468 815
815 3327
3755 496
496 594
1128 3645
3645 4287
4433 3806
3806 4605
2017 1099
1099 3149
3238 2072
2072 2638
12 713
713 2940
3742 1710
1710 4287
3951 4081
4081 3219
1853 1152
1152 4614
3964 199
199 1053
3602 4016
4016 2638
2705 1122
1122 3886
3742 196
196 3327
3951 4477
4477 1930
400 3008
3008 931
2888 2777
2777 2147
2017 3072
3072 3248
43 750
750 2940
465 1498
1498 3522
963 3056
3056 1053
3891 3402
3402 2940
1059 2283
2283 3149
3362 413
413 2227
276 3158
3158 752
3951 174
174 4614
3964 2411
2411 1605
4362 2223
2223 92
1905 3220
3220 2196
2138 2804
2804 4305
2007 2685
2685 1255
2716 154
154 1823
759 3782
3782 3919
963 2515
2515 3327
2528 2811
2811 2196
2933 3430
3430 1053
1678 1719
1719 3197
686 3586
3586 3149
3823 3503
3503 2227
1845 4272
4272 3149
4039 800
800 3886
2146 1774
1774 319
1999 1727
1727 2227
1905 795
795 752
3241 811
811 1823
2746 4637
4637 594
1491 1242
1242 2638
1091 4559
4559 1930
759 1910
1910 4614
119 4264
4264 1441
1957 1631
1631 92
465 1183
1183 319
1874 605
605 3522
3439 1166
1166 2196
2528 567
567 1605
2149 521
521 92
1534 2628
2628 2940
3367 1946
1946 2329
2010 2134
2134 1605
2539 1506
1506 4305
1865 3276
3276 594
4419 680
680 2227
1113 2466
2466 4305
3207 2622
2622 1930
2385 4072
4072 1605
1029 3796
3796 2147
3018 396
396 2714
115 2860
2860 3219
1749 2681
2681 2196
2539 1728
1728 752
2946 1016
1016 931
3607 3253
3253 2034
4207 2665
2665 2638
1837 780
780 4687
2782 2445
2445 2196
1534 2549
2549 4287
2791 2562
2562 1441
789 2913
2913 4687
4230 1826
1826 2714
124 3228
3228 1053
243 3113
3113 1053
465 2254
2254 3197
1999 3157
3157 3886
2540 2511
2511 3522
3714 4239
4239 1787
1059 2201
2201 2329
1176 1040
1040 2940
1837 3299
3299 4452
3034 2425
2425 4605
2698 2051
2051 2714
1523 305
305 3327
3367 150
150 1605
3034 1753
1753 2147
3029 3798
3798 4605
1721 1094
1094 2598
871 534
534 4687
2698 2825
2825 931
1450 2616
2616 319
2455 4090
4090 594
1531 2393
2393 3919
1905 3004
3004 3327
216 964
964 2227
3951 439
439 2598
3018 39
39 2714
4207 2526
2526 2147
3018 4267
4267 4287
3135 3360
3360 1605
2961 54
54 2940
2476 4317
4317 2147
1275 2674
2674 4605
2275 4564
4564 4077
871 1123
1123 2714
3453 3133
3133 4452
4096 1879
1879 1605
2758 3683
3683 4125
120 2762
2762 4687
2973 1239
1239 2714
1345 1880
1880 2227
3135 3164
3164 3652
3729 1013
1013 2329
3581 3251
3251 4287
2455 410
410 2329
1142 1433
1433 3652
1845 371
371 4687
1113 4162
4162 2940
1378 2434
2434 2147
4342 3447
3447 3886
3059 2496
2496 2147
2705 506
506 3248
1138 2662
2662 3652
789 611
611 4305
3455 615
615 2638
2070 146
146 3890
2175 912
912 2147
3265 4114
4114 4614
4289 4641
4641 1930
43 4691
4691 3149
2161 1304
1304 1053
1870 162
162 2147
3924 3124
3124 4614
4238 2706
2706 2034
2627 4089
4089 2940
4207 575
575 3197
626 3799
3799 2196
2138 4572
4572 319
1015 2849
2849 3890
3362 3435
3435 92
463 2600
2600 4305
4152 2924
2924 4614
87 3316
3316 1441
3453 1292
1292 4305
3972 2835
2835 3327
1972 3973
3973 2598
3468 1732
1732 4125
2705 1329
1329 4125
2218 4709
4709 92
1125 4430
4430 3886
785 2766
2766 2638
1845 4393
4393 1255
4303 826
826 92
1837 377
377 3890
1048 1389
1389 4452
2417 1679
1679 3149
3729 477
477 4077
2385 3810
3810 3890
1050 4645
4645 1605
276 1000
1000 2940
3602 3068
3068 2227
2758 1159
1159 4305
686 85
85 594
3891 3000
3000 3886
124 816
816 1441
3951 2288
2288 2598
531 850
850 4605
3614 1190
1190 2638
4158 3791
3791 3327
2476 4435
4435 2196
1059 1115
1115 4605
3614 2225
2225 3327
822 1546
1546 4452
276 4400
4400 3219
537 3505
3505 4287
1721 880
880 3652
785 1925
1925 752
3373 3302
3302 2329
1345 1535
1535 594
2758 1080
1080 1441
1345 1163
1163 594
650 3681
3681 3652
4443 593
593 2714
2888 4607
4607 4687
2691 2489
2489 4605
4070 443
443 3149
1145 4440
4440 3248
3428 4459
4459 1053
4362 2986
2986 1823
2070 3222
3222 4605
2010 3233
3233 1787
2289 2857
2857 1930
4105 4456
4456 4287
2135 4508
4508 4614
352 3401
3401 2034
3018 3975
3975 3652
1030 2872
2872 2329
686 768
768 4077
2772 3761
3761 3327
4289 1500
1500 4614
2684 2736
2736 3327
3729 2618
2618 752
3361 3912
3912 2227
4313 3618
3618 2329
1986 495
495 2329
2010 3530
3530 4614
2017 608
608 2147
2746 3116
3116 931
871 2847
2847 4605
3018 1430
1430 3652
1845 518
518 4605
2540 3001
3001 3652
1128 1842
1842 1441
649 3735
3735 1255
1757 2401
2401 3248
2138 2842
2842 4287
3755 2004
2004 594
1056 117
117 2147
1142 3208
3208 1823
2536 2491
2491 92
1837 2712
2712 319
3969 3983
3983 3197
3468 261
261 1930
4433 3649
3649 92
3453 1985
1985 1605
312 710
710 3919
1678 3862
3862 2034
2895 3445
3445 4287
1509 1543
1543 2227
3742 967
967 2147
1050 776
776 4614
2746 2876
2876 92
2017 2819
2819 1441
650 3498
3498 4605
822 4651
4651 4452
2933 1781
1781 931
4551 3865
3865 4287
3361 3725
3725 3248
686 4227
4227 1441
4341 4471
4471 2227
2149 3881
3881 319
1957 1254
1254 3890
3924 2421
2421 2034
871 375
375 3522
2623 580
580 4287
1491 296
296 2034
1434 1199
1199 3219
968 1055
1055 3890
802 354
354 4452
2540 607
607 3219
3029 1346
1346 3890
2455 1794
1794 3197
243 280
280 2034
1345 2596
2596 2034
2161 4263
4263 4605
3367 3338
3338 3219
1138 3487
3487 752
87 1759
1759 4614
3518 3537
3537 3248
627 2929
2929 4452
4300 4136
4136 1930
2146 4242
4242 2034
1871 2197
2197 2227
510 1155
1155 3197
531 3619
3619 2034
650 2235
2235 594
537 2880
2880 3890
1509 3321
3321 4614
1845 3854
3854 2227
3614 3390
3390 3248
2669 1331
1331 1930
3614 14
14 1823
2458 1083
1083 1930
3878 2313
2313 3149
2007 447
447 1255
2961 2270
2270 92
1048 2372
2372 2034
4577 2088
2088 2598
4105 59
59 4077
1138 2459
2459 2940
3273 1695
1695 4125
3059 5
5 4614
4447 2546
2546 2196
1678 2815
2815 3219
128 2216
2216 2196
833 2925
2925 4077
2573 2080
2080 3197
415 4689
4689 4452
1845 3818
3818 3149
3034 4153
4153 2147
833 3538
3538 3919
2895 2442
2442 3197
3455 4557
4557 3890
2087 3426
3426 1053
759 357
357 4605
363 3306
3306 3652
1165 2055
2055 3522
2895 1564
1564 3886
785 3187
3187 4614
465 3850
3850 1053
216 2273
2273 3890
128 4634
4634 2940
3029 1406
1406 4605
3938 1635
1635 4305
2440 35
35 4605
4158 4401
4401 2196
2218 2229
2229 2598
4342 84
84 4305
2684 1226
1226 752
415 4329
4329 2329
3964 3565
3565 3652
686 1035
1035 4305
1731 1741
1741 3149
4289 2790
2790 2598
2973 1676
1676 1441
4342 827
827 594
2895 530
530 2940
3439 3094
3094 2329
1160 3775
3775 2940
1345 1307
1307 931
3428 1713
1713 1787
1717 2943
2943 1053
4289 2878
2878 3652
4289 1259
1259 3327
2417 558
558 3327
833 3028
3028 2598
531 565
565 3652
2175 1245
1245 1255
3241 1428
1428 1053
3602 2044
2044 4125
2536 2207
2207 4687
822 1834
1834 2714
2791 3650
3650 3652
1853 4082
4082 3522
1957 2074
2074 1053
2416 2989
2989 2227
1128 4406
4406 1823
3059 4061
4061 1255
1965 2603
2603 1605
2138 3651
3651 92
2417 1085
1085 4287
2218 2607
2607 2227
216 644
644 1787
4353 689
689 4605
128 3996
3996 2714
1160 1340
1340 2147
2684 4258
4258 2147
700 643
643 3652
1128 4540
4540 4614
303 2353
2353 4287
3034 1310
1310 4614
700 1895
1895 752
49 2364
2364 1053
2249 2560
2560 2227
2631 2133
2133 594
2455 122
122 1255
3755 1709
1709 3327
1270 4367
4367 4077
1227 4166
4166 2034
2007 1315
1315 1930
1029 3814
3814 4305
1986 3417
3417 594
2623 2632
2632 1787
4551 3559
3559 4452
4447 3266
3266 2196
3951 1106
1106 1787
1270 3074
3074 4077
3273 2336
2336 3219
415 1711
1711 1930
2021 3385
3385 4305
3367 2564
2564 931
189 3460
3460 3890
3059 799
799 4605
3581 2932
2932 3149
3346 2374
2374 92
1532 1367
1367 3890
465 3483
3483 2196
415 4250
4250 2196
1128 1121
1121 3248
3135 2023
2023 2598
3924 4692
4692 3890
1972 1792
1792 4614
4385 1228
1228 3522
1870 70
70 931
1757 411
411 4287
2263 830
830 92
1113 183
183 319
363 3800
3800 3248
3118 3715
3715 3149
3742 1612
1612 3919
2573 1187
1187 4305
597 3065
3065 2638
3755 2502
2502 92
161 2306
2306 3219
3059 985
985 2196
2791 949
949 2598
2947 1075
1075 4077
1275 474
474 2598
2933 690
690 4125
3455 2785
2785 2638
4385 1964
1964 3886
650 4335
4335 2329
43 1476
1476 2638
1920 2192
2192 2196
2573 2869
2869 3652
1721 1008
1008 2196
802 1394
1394 931
2135 1097
1097 92
2933 26
26 2196
700 262
262 3327
3373 3825
3825 3219
4291 905
905 1930
2138 1933
1933 4687
686 1146
1146 4125
463 1266
1266 1255
1176 2840
2840 2147
3034 2405
2405 3919
2289 3317
3317 1787
352 3896
3896 2196
4303 4086
4086 3886
49 4075
4075 2196
4447 695
695 1823
2275 4212
4212 4125
3351 3199
3199 752
1378 866
866 3248
2623 3184
3184 1605
2416 2407
2407 319
3241 3280
3280 1053
3351 1716
1716 3522
1865 3201
3201 1441
2138 4154
4154 3890
12 2702
2702 3919
1865 1963
1963 3886
2947 3813
3813 4605
2791 1316
1316 1441
2175 886
886 3327
3969 1517
1517 4614
1270 4325
4325 2227
3453 3239
3239 1255
650 4663
4663 4305
1731 2763
2763 4287
1491 4015
4015 92
2536 3301
3301 3149
3200 239
239 2714
1870 832
832 3522
2540 2724
2724 3919
3428 1665
1665 2196
1142 939
939 2329
120 1729
1729 2147
871 714
714 1823
415 4424
4424 319
2365 1831
1831 2329
1050 370
370 2147
4071 1205
1205 931
789 3342
3342 2196
3373 3710
3710 1787
1385 2357
2357 3197
1767 778
778 4452
3742 1170
1170 2227
2175 4584
4584 2329
1986 1314
1314 92
802 4198
4198 319
2021 3594
3594 4614
1865 3378
3378 2940
1767 4511
4511 1787
2782 1425
1425 1823
463 3792
3792 3197
2758 697
697 1053
4230 4101
4101 931
1091 1502
1502 594
3951 1537
1537 1823
626 4027
4027 1930
1275 757
757 3197
2455 1536
1536 4305
4096 2040
2040 2147
2175 978
978 3522
4158 100
100 2329
1784 344
344 4614
1142 2966
2966 3890
1227 3946
3946 4452
1845 966
966 3890
1837 3030
3030 4605
2961 1046
1046 3652
1385 3990
3990 1053
3823 4042
4042 1053
2631 2431
2431 2598
2973 1501
1501 1255
4577 2740
2740 4287
2455 1339
1339 4305
1509 4527
4527 3219
1798 3622
3622 4452
627 2760
2760 2034
1749 2033
2033 2638
510 3215
3215 1823
3490 3444
3444 2034
1125 4273
4273 2196
759 4365
4365 4077
1522 1520
1520 319
627 4073
4073 2196
2716 2775
2775 2147
1113 4260
4260 2227
2455 1838
1838 4687
1532 3364
3364 2227
1125 3923
3923 4125
2973 807
807 3248
2699 4079
4079 4452
3453 3716
3716 1930
1145 3005
3005 1823
2007 2875
2875 2714
1509 2301
2301 319
1757 1929
1929 4605
1030 2589
2589 2329
87 4386
4386 4125
2675 3732
3732 92
2149 1036
1036 2714
2794 4657
4657 4452
4230 658
658 3886
2070 1524
1524 3219
4362 185
185 3652
4677 4428
4428 3248
2263 1585
1585 3919
2699 1816
1816 92
1731 3010
3010 3522
2476 2985
2985 752
1056 4357
4357 4452
2316 1079
1079 2147
4410 2206
2206 319
4677 2419
2419 4687
2575 4701
4701 3890
2117 1102
1102 4614
3018 118
118 1605
124 3631
3631 4287
3351 3802
3802 3522
3602 4040
4040 3219
4238 188
188 3919
1865 4123
4123 3522
2275 1066
1066 4287
1845 3064
3064 2196
2888 2522
2522 2034
3878 956
956 3219
415 2543
2543 4305
2699 279
279 1787
4342 869
869 4614
3924 3543
3543 594
12 993
993 3327
243 4698
4698 2034
4096 527
527 4305
3439 4650
4650 3248
1671 2856
2856 1823
2440 3711
3711 2147
2933 4068
4068 3919
3951 3606
3606 931
4303 2717
2717 4452
4353 3971
3971 4605
1113 744
744 2147
1385 126
126 1787
2175 1934
1934 1930
1757 4226
4226 4305
463 1023
1023 4305
4207 4117
4117 4287
115 3605
3605 4614
2010 3255
3255 4077
1523 2437
2437 3327
1592 3231
3231 3219
649 1313
1313 4077
2746 1290
1290 3890
3362 148
148 4125
2782 609
609 3327
115 334
334 2598
1145 1300
1300 3886
2017 3847
3847 3149
3373 546
546 3886
3969 1891
1891 1053
1871 2156
2156 2227
2007 3363
3363 3522
3714 4225
4225 4614
510 1642
1642 3149
463 222
222 4305
4555 1114
1114 3248
3755 1622
1622 3197
789 1452
1452 3197
1434 1527
1527 2638
4230 3644
3644 3886
4362 4594
4594 4605
1004 3032
3032 3919
2417 4512
4512 4287
3118 3243
3243 3886
1345 3902
3902 1823
3161 482
482 2714
789 3596
3596 2714
243 455
455 752
3964 3560
3560 2714
537 2903
2903 2196
1378 4346
4346 2714
2528 2901
2901 1930
43 3041
3041 4614
4551 2821
2821 3652
2135 4423
4423 2638
1385 783
783 1255
1142 316
316 2940
2888 4285
4285 3197
2007 2026
2026 1605
3951 207
207 1255
4577 3099
3099 4452
4551 3693
3693 4287
3823 1889
1889 1053
2289 3254
3254 4077
2455 259
259 594
627 3660
3660 594
3453 2302
2302 594
626 824
824 3919
1784 879
879 3890
1030 3609
3609 4614
2149 4465
4465 3327
3351 2240
2240 3327
43 1186
1186 4614
4362 453
453 4305
1142 469
469 4687
1592 4606
4606 2598
2007 803
803 2940
3367 4320
4320 2329
2251 3339
3339 1930
2627 1682
1682 4452
2623 2031
2031 2227
2746 1809
1809 4614
2021 3484
3484 4305
2007 1805
1805 3327
400 4662
4662 3219
2161 1143
1143 2147
4230 2639
2639 4287
4096 4518
4518 3197
597 3633
3633 4305
4303 2793
2793 2329
2218 4192
4192 3522
531 278
278 2034
2782 4003
4003 594
2716 3416
3416 3197
510 2331
2331 4305
1972 214
214 1255
415 2266
2266 2227
4419 4218
4218 752
3607 4390
4390 2598
4443 4131
4131 3219
3361 2983
2983 4305
303 1829
1829 4305
1345 3014
3014 2638
2772 1132
1132 1930
3207 2697
2697 2196
4096 3724
3724 3919
352 1691
1691 2147
3265 4685
4685 1823
4353 3392
3392 2147
3891 925
925 3327
43 810
810 2227
2575 2304
2304 92
128 3768
3768 319
1113 914
914 1823
2888 520
520 3197
2787 1859
1859 92
1145 845
845 3327
1530 1218
1218 3149
1798 522
522 3327
3241 3146
3146 3197
649 3488
3488 4605
2794 819
819 1053
189 2211
2211 1605
1015 3067
3067 1930
4070 2158
2158 3652
1972 1465
1465 4305
4223 4575
4575 3149
3518 2980
2980 3197
2573 288
288 3327
4551 4129
4129 2034
1965 4491
4491 2034
4152 2239
2239 2147
363 3415
3415 2034
3135 116
116 1930
3729 1862
1862 2196
802 3491
3491 2714
2669 1485
1485 2227
627 3868
3868 2638
531 916
916 2598
400 156
156 4687
2684 2096
2096 3652
1749 3031
3031 4687
1050 547
547 1930
3829 3474
3474 4305
2623 3246
3246 2714
1853 814
814 3522
3018 1866
1866 4125
2528 1518
1518 4077
276 4706
4706 3197
4070 2428
2428 319
4039 2899
2899 4687
700 2897
2897 3149
3931 3250
3250 3890
1450 249
249 3886
3161 3169
3169 2227
627 1569
1569 3522
1138 3504
3504 4605
1920 4237
4237 1605
1128 1171
1171 2034
1837 129
129 2714
3029 2812
2812 4305
1870 875
875 3890
871 3666
3666 3219
3351 1861
1861 4614
1522 234
234 1605
4342 1210
1210 2638
363 2212
2212 3248
352 692
692 3652
3518 10
10 931
4362 3140
3140 2638
1270 907
907 1605
3499 355
355 752
1113 3561
3561 319
3891 4707
4707 1787
3455 4222
4222 1441
3265 1609
1609 3890
1378 2915
2915 3197
276 1702
1702 2227
1138 2807
2807 4605
1160 944
944 1255
3207 3588
3588 2598
1972 2198
2198 319
1128 3283
3283 3890
2161 638
638 3248
789 2108
2108 1823
510 1034
1034 4452
1871 2863
2863 1441
3265 2977
2977 4125
3273 3638
3638 4125
1671 2957
2957 3886
3455 4576
4576 4125
2675 1182
1182 4452
2417 1566
1566 3522
1378 113
113 1605
463 3397
3397 1053
4341 2309
2309 1053
1029 3329
3329 2196
1491 2634
2634 1441
1592 4331
4331 1053
124 3702
3702 4614
968 1799
1799 1823
4362 2981
2981 4125
597 4002
4002 2940
4158 1014
1014 2598
4291 937
937 1255
1385 2608
2608 2714
1865 2368
2368 2196
2251 307
307 3522
2758 4376
4376 1787
3829 570
570 1823
2699 3341
3341 3327
1957 2898
2898 3919
2455 2394
2394 2329
3059 2382
2382 1255
115 77
77 4305
999 3063
3063 3197
3018 3536
3536 3219
1378 450
450 4305
4419 2477
2477 3219
2371 556
556 4687
1523 3058
3058 1441
833 337
337 2196
2440 1735
1735 752
48 3405
3405 3219
1227 1698
1698 2196
833 724
724 3248
1004 1697
1697 2714
3439 3298
3298 3652
2691 3395
3395 2638
1849 3981
3981 3248
2249 4681
4681 4305
1125 2231
2231 3886
3938 2183
2183 2227
4313 3641
3641 3197
789 998
998 4614
1491 2833
2833 319
4341 2482
2482 2034
4070 633
633 3522
3265 4060
4060 1053
3059 746
746 3522
3729 2352
2352 2196
276 3514
3514 1255
1845 3613
3613 1787
1871 1704
1704 1255
2791 2143
2143 2196
3938 131
131 3327
1015 173
173 1053
463 960
960 2940
2946 1852
1852 1787
3938 2130
2130 3886
1227 2796
2796 4077
189 2348
2348 3890
2787 4693
4693 3197
1865 3612
3612 4287
189 3323
3323 2196
510 232
232 752
352 4453
4453 4605
4303 2937
2937 2940
1972 3145
3145 2196
686 2022
2022 4305
1717 1984
1984 2147
3499 4585
4585 1787
3581 3771
3771 1787
1145 4160
4160 2329
1999 2236
2236 3149
1532 884
884 4125
3972 1553
1553 2598
1784 671
671 4687
2476 293
293 2329
2573 1446
1446 931
3658 2953
2953 2638
1227 688
688 2638
4447 3535
3535 2598
4207 4437
4437 3522
2263 1404
1404 2598
1160 1312
1312 3219
3658 91
91 4125
463 1995
1995 752
3714 1062
1062 4125
1048 1649
1649 3327
4353 501
501 1605
3969 3828
3828 4614
2371 2637
2637 3652
4230 3682
3682 1787
2946 3738
3738 4077
415 4542
4542 3652
3602 2467
2467 1441
3891 636
636 3919
2787 2091
2091 2598
1056 2582
2582 3149
4410 1783
1783 3919
400 1052
1052 3886
650 2014
2014 4077
1957 1350
1350 4605
119 1215
1215 2714
597 1876
1876 4605
2787 992
992 1930
3742 1574
1574 2598
1174 1883
1883 2638
2791 1758
1758 4687
2623 294
294 1605
2175 1765
1765 3919
4289 3331
3331 3886
700 4108
4108 4077
3361 2720
2720 3919
4341 2944
2944 2227
1920 3069
3069 3886
789 376
376 3219
400 1044
1044 2638
1589 1708
1708 2940
4369 4355
4355 4305
120 2612
2612 3149
2528 176
176 92
1125 1397
1397 1930
463 924
924 3886
3351 404
404 2940
3207 3830
3830 1787
1056 1821
1821 594
4070 76
76 1823
510 2743
2743 4605
627 540
540 3886
2476 618
618 2714
2385 4104
4104 1441
1865 2755
2755 4125
1767 3383
3383 4605
3951 2344
2344 3197
1004 2446
2446 931
1986 2228
2228 4305
2251 1063
1063 4125
3729 4282
4282 2196
3938 1508
1508 1823
2146 50
50 92
2895 3842
3842 3522
2117 591
591 3149
3969 1061
1061 4077
2138 4116
4116 4077
4071 4620
4620 2940
2961 1189
1189 4077
3729 3527
3527 4125
2416 4622
4622 1823
1227 1195
1195 4077
1378 2862
2862 1255
2263 1148
1148 4614
1798 4652
4652 3327
1757 846
846 4452
4385 2868
2868 931
49 632
632 2147
4158 1045
1045 594
161 223
223 594
3373 480
480 3652
1749 1810
1810 2638
626 1833
1833 3197
2371 47
47 2638
1757 4210
4210 2196
2161 3277
3277 4452
49 982
982 3919
626 4062
4062 2147
1534 2291
2291 2598
1845 3190
3190 4687
2021 3617
3617 3197
963 4266
4266 4125
3602 3533
3533 1255
3714 3872
3872 752
2791 1616
1616 319
1957 4617
4617 4125
3823 1513
1513 3886
1865 3486
3486 4125
1128 1600
1600 3522
785 1763
1763 1605
597 1911
1911 2940
352 379
379 1053
2691 4671
4671 4605
1050 2492
2492 4687
3018 1656
1656 3890
1920 422
422 2638
4342 1057
1057 2940
2138 3081
3081 2714
115 1570
1570 3522
1870 2581
2581 2196
4677 4541
4541 1441
2440 3294
3294 2196
415 452
452 3248
871 37
37 4614
1965 3393
3393 1441
3891 2047
2047 2034
3059 3206
3206 4452
4152 3945
3945 2034
48 933
933 594
119 11
11 3890
871 434
434 931
3200 1848
1848 3886
4313 3475
3475 4125
4369 837
837 4305
115 1086
1086 319
2699 3680
3680 4687
3118 628
628 4614
3367 275
275 594
3499 2920
2920 4614
2007 1484
1484 319
4230 1982
1982 2638
3891 325
325 1930
2385 1789
1789 4125
2218 1625
1625 2329
3581 241
241 2598
2947 4144
4144 4305
1798 1235
1235 3919
4362 3956
3956 3197
2476 2141
2141 2329
2947 1939
1939 3522
1176 2655
2655 2940
2161 282
282 3890
312 4675
4675 4614
3238 2219
2219 3248
3602 1355
1355 3522
1920 3719
3719 3219
2251 4330
4330 2714
999 4696
4696 4605
3658 707
707 3327
2007 3984
3984 4125
963 3442
3442 2329
3931 139
139 2329
686 3574
3574 3327
510 4535
4535 931
2275 2748
2748 3327
2010 2874
2874 4605
1798 1657
1657 4605
2417 2128
2128 3219
3969 4145
4145 594
2263 2893
2893 2714
822 362
362 1255
3373 3353
3353 2147
189 1618
1618 4452
1534 1830
1830 3919
3367 2770
2770 2196
531 4661
4661 3890
2772 888
888 3149
1345 2483
2483 3919
243 4255
4255 3886
4551 4270
4270 1605
2161 4151
4151 3919
3755 2806
2806 1605
1113 3508
3508 1930
1176 1269
1269 4605
627 151
151 2598
1671 1120
1120 4687
1871 3252
3252 3219
1434 444
444 1441
1678 1412
1412 4614
400 2808
2808 4287
3265 1981
1981 752
1530 3492
3492 752
2385 2006
2006 1823
531 1393
1393 3248
1784 2105
2105 3886
2947 3915
3915 2227
1853 257
257 4305
1138 1293
1293 3886
3238 1139
1139 4077
1145 1966
1966 319
115 4031
4031 3890
1165 1118
1118 4077
4223 1583
1583 92
1145 1358
1358 3890
1837 533
533 92
3972 250
250 2227
352 3958
3958 931
4300 1890
1890 3248
2371 3549
3549 752
4071 589
589 3248
43 1667
1667 2034
2791 3310
3310 752
1589 2518
2518 319
537 1005
1005 3248
531 3226
3226 4077
3878 2884
2884 1930
4291 4262
4262 3327
4447 3456
3456 1441
1138 1675
1675 3219
3581 2771
2771 4287
3829 654
654 2638
3361 349
349 4614
1589 2535
2535 3327
2947 823
823 1053
3273 4292
4292 3890
3490 2069
2069 4452
4152 2594
2594 2227
2623 2233
2233 3248
3351 3601
3601 1255
400 2013
2013 2714
4443 382
382 3149
276 4322
4322 4125
2251 3848
3848 4287
1534 2067
2067 3890
2675 4422
4422 3886
1532 1212
1212 3886
2385 3088
3088 2034
1048 536
536 1787
2017 1568
1568 2227
1385 314
314 1605
2675 347
347 1441
2961 4630
4630 3652
4362 2711
2711 2598
4303 765
765 92
1004 3021
3021 2598
3468 2071
2071 4605
1434 1868
1868 4687
3729 1007
1007 1255
1531 3375
3375 1930
1721 4363
4363 931
1965 4668
4668 3327
3118 538
538 2147
189 3012
3012 3219
3614 1366
1366 2638
352 2987
2987 3890
4070 346
346 752
2251 372
372 319
4291 825
825 319
2573 2591
2591 1255
1532 2773
2773 4614
1671 4484
4484 2940
1174 1265
1265 3522
1871 3464
3464 2940
3607 3721
3721 752
2365 1278
1278 3149
3891 393
393 2147
4577 2062
2062 4614
2138 3038
3038 3248
3241 1918
1918 3652
49 4371
4371 594
3468 2809
2809 752
243 1356
1356 1605
1050 3260
3260 594
1275 863
863 2227
2371 3966
3966 2940
1004 4586
4586 2147
1530 729
729 1930
115 300
300 2227
2138 1297
1297 1255
363 1407
1407 1605
1798 3849
3849 931
1056 1614
1614 3652
3490 3336
3336 4305
833 471
471 1605
2070 2939
2939 2714
3972 227
227 1930
3351 321
321 2329
12 2284
2284 2940
1056 3707
3707 1605
4105 3450
3450 3522
276 1435
1435 2034
700 267
267 2196
3964 1264
1264 4287
833 3079
3079 2598
1874 1630
1630 1053
2417 3469
3469 4125
2021 1668
1668 3149
4230 387
387 4605
2933 3003
3003 4452
124 3192
3192 4614
2138 3214
3214 4605
1531 1976
1976 2714
2947 3211
3211 4687
4385 2610
2610 1930
12 3728
3728 3149
1721 1772
1772 4287
2249 2267
2267 2034
189 625
625 1605
1870 390
390 1053
189 4139
4139 2638
463 2253
2253 3522
1048 2162
2162 594
2705 353
353 1441
1532 1806
1806 319
1865 1680
1680 4605
3490 1993
1993 3886
2289 4268
4268 3197
2316 2652
2652 92
3029 180
180 2598
128 1373
1373 3886
686 3217
3217 3197
1721 4523
4523 3219
3729 3403
3403 3886
700 274
274 4077
4238 526
526 3890
2716 1559
1559 752
4238 3550
3550 4605
4385 3659
3659 1605
1434 1956
1956 1930
1385 4639
4639 2034
3951 2315
2315 3652
2138 418
418 4077
1731 1738
1738 1787
1589 3734
3734 2147
700 3478
3478 2940
1965 1473
1473 752
400 71
71 3197
1138 706
706 2714
3729 373
373 4305
3059 581
581 1255
1717 1466
1466 92
2794 4611
4611 752
871 2617
2617 3886
4433 2435
2435 4687
4238 2865
2865 92
3428 4461
4461 1787
1749 3918
3918 1787
4341 3386
3386 4305
3607 3198
3198 2147
2138 1674
1674 2329
785 3517
3517 4452
3829 766
766 4125
465 1197
1197 2329
2218 4510
4510 3522
3742 1954
1954 1053
312 2300
2300 2714
1871 3175
3175 2329
963 2512
2512 1605
2573 4172
4172 931
4341 4514
4514 2329
1275 3653
3653 4125
1972 3831
3831 4452
4362 3422
3422 4614
1853 977
977 3197
1749 4571
4571 4605
1113 2667
2667 2638
1874 290
290 1053
1999 1058
1058 1930
1865 2735
2735 4605
1128 3270
3270 1255
124 660
660 4305
3034 4601
4601 752
161 1646
1646 1255
216 194
194 3522
4313 2389
2389 3890
189 2664
2664 4287
1589 3664
3664 2196
4385 2090
2090 1930
3207 4610
4610 1823
3455 2247
2247 1605
2705 560
560 4077
1048 3858
3858 3919
597 4411
4411 3197
3018 4323
4323 1441
3367 2367
2367 3890
4369 1915
1915 931
4291 4658
4658 594
2669 2948
2948 92
1849 4356
4356 4125
2946 4092
4092 4305
1749 3776
3776 3919
3453 1380
1380 2598
3829 1980
1980 3149
3829 2241
2241 3248
4447 762
762 1823
650 1250
1250 752
1874 392
392 1255
3346 1041
1041 1441
1965 369
369 4287
3207 3748
3748 931
1048 226
226 1053
1128 3425
3425 3197
4551 1273
1273 2147
1523 2046
2046 3248
3455 2615
2615 3522
2138 4350
4350 3219
48 2179
2179 3248
2175 2493
2493 3522
968 1051
1051 2034
2289 1526
1526 3522
276 2286
2286 2227
128 3355
3355 1823
1920 2965
2965 1053
597 493
493 1787
2458 464
464 2329
3829 2593
2593 2940
2669 4683
4683 2638
627 4664
4664 319
1837 1896
1896 594
2249 984
984 2598
463 175
175 2940
1142 2107
2107 3219
3714 302
302 1605
1165 2781
2781 4687
1091 3940
3940 4605
2895 3743
3743 1255
3755 1185
1185 2940
1920 2908
2908 3248
3829 458
458 3652
3829 3687
3687 2638
4289 3758
3758 4614
4070 2140
2140 1255
1125 414
414 3522
3878 2503
2503 2714
833 817
817 1053
12 1591
1591 3327
3361 343
343 92
2888 1019
1019 3248
1865 3155
3155 931
2087 2984
2984 3197
48 3943
3943 2227
4105 1705
1705 1053
2540 3722
3722 1255
759 2991
2991 2598
3265 1997
1997 931
2149 1552
1552 3890
3714 545
545 4614
2946 3139
3139 752
43 4197
4197 3197
2627 423
423 2147
2540 2641
2641 3919
1671 2100
2100 1053
3924 2803
2803 2598
1275 1843
1843 3219
2791 1764
1764 3327
2263 4098
4098 2227
3964 4094
4094 3219
1530 3874
3874 3522
2782 4024
4024 3197
3346 579
579 1930
2540 805
805 3890
3823 3989
3989 1053
1450 1795
1795 3219
2249 2520
2520 2034
1870 21
21 92
2794 2519
2519 3522
1056 1751
1751 3522
3367 499
499 2638
3490 3784
3784 4605
1091 4308
4308 4605
2476 4543
4543 2940
627 3108
3108 3919
4039 1257
1257 2714
1050 2501
2501 2196
1385 3407
3407 4287
2782 2780
2780 4452
3351 3369
3369 2940
3265 4472
4472 92
2675 127
127 1823
2573 1429
1429 2329
1965 3558
3558 2714
1671 2768
2768 2329
1837 3045
3045 594
2087 4030
4030 3919
2251 770
770 2196
2385 1179
1179 1255
2631 1549
1549 319
3241 3864
3864 319
2699 1854
1854 2598
2684 2976
2976 1053
3891 4633
4633 1441
1227 2723
2723 3522
3059 2061
2061 3197
1142 1628
1628 3522
785 3086
3086 594
1128 4175
4175 1787
4105 2810
2810 1787
627 3048
3048 2034
1965 2579
2579 2034
2623 1639
1639 2329
2824 2765
2765 1255
2070 881
881 1605
2758 571
571 3219
3455 4038
4038 3890
1749 3060
3060 319
2249 3071
3071 3248
1091 1931
1931 2147
759 3288
3288 1441
4207 3466
3466 2329
4289 1688
1688 4287
3658 2186
2186 3149
2888 2171
2171 1605
3273 3320
3320 2196
2669 1017
1017 2196
2824 3424
3424 92
759 1158
1158 4305
2175 4106
4106 1823
3742 1188
1188 2940
3351 3267
3267 319
1160 3903
3903 4687
1048 4588
4588 4605
1717 1282
1282 3197
3207 2114
2114 4687
1345 33
33 931
649 883
883 1787
3602 4392
4392 2638
2573 3815
3815 3149
1015 1762
1762 2940
1145 2592
2592 2638
3118 4140
4140 3327
4313 3967
3967 4614
1015 1319
1319 4614
963 4211
4211 1255
1385 2843
2843 4614
4238 324
324 319
3931 719
719 3219
4158 3457
3457 2196
1592 4000
4000 3149
3238 213
213 3886
48 895
895 1787
2249 950
950 2329
3351 1557
1557 3890
2772 3698
3698 3522
3938 4316
4316 2714
1986 4458
4458 2329
2416 1864
1864 1930
789 3204
3204 3522
2973 4293
4293 3219
4291 1692
1692 1053
2631 2759
2759 3886
1972 4545
4545 2329
4230 1096
1096 594
3200 1343
1343 3522
4230 3805
3805 2034
2536 3510
3510 4452
2698 3736
3736 4077
597 2018
2018 1787
1275 2789
2789 2714
119 2295
2295 1441
1160 656
656 1787
2631 4228
4228 2329
3931 3352
3352 4687
2528 4248
4248 2714
1589 1234
1234 4614
1059 1357
1357 3149
871 3632
3632 4605
2791 1970
1970 3890
2623 466
466 2147
216 2923
2923 3149
789 3876
3876 4305
1048 95
95 3919
2684 1637
1637 1053
2684 4397
4397 3149
2316 3272
3272 3886
4096 2936
2936 1823
2087 2064
2064 3890
465 4236
4236 2227
1865 726
726 4614
1986 2262
2262 931
3742 341
341 2598
3118 4188
4188 1605
785 3635
3635 4305
2440 1395
1395 3890
1757 1012
1012 1441
352 2082
2082 2940
3453 3322
3322 3149
1165 4281
4281 931
627 4130
4130 3886
1004 2621
2621 1930
4152 1415
1415 2034
4443 3035
3035 319
1845 2384
2384 594
2316 4053
4053 4125
3938 1221
1221 2329
3029 3209
3209 4077
1870 3674
3674 1255
2385 2567
2567 4287
2698 1967
1967 4305
1434 1894
1894 1255
3951 4102
4102 4452
4289 1493
1493 1441
3964 2703
2703 1605
1757 3111
3111 3919
4362 3797
3797 4605
1138 110
110 1053
3455 1652
1652 3886
4152 1696
1696 319
1522 2293
2293 319
1592 3501
3501 594
785 2308
2308 931
1091 3937
3937 4287
1784 3438
3438 3327
3602 2370
2370 4125
3581 2931
2931 1787
3161 3977
3977 2598
119 2462
2462 2714
3034 2967
2967 4605
3969 2738
2738 4077
48 160
160 2227
2017 1554
1554 2196
4238 4215
4215 2638
3241 2614
2614 3886
1029 3282
3282 1930
2070 2037
2037 1823
4443 2550
2550 319
4070 3384
3384 2714
4677 1448
1448 2638
124 1024
1024 3919
3729 1878
1878 1441
3518 3587
3587 2638
465 542
542 4687
2684 969
969 4287
2135 3980
3980 4077
3729 4120
4120 1930
4433 655
655 3149
2455 4463
4463 752
303 3506
3506 3890
4341 385
385 4077
312 105
105 2329
128 994
994 1787
4341 4201
4201 594
3581 2214
2214 3886
2161 4383
4383 2329
3034 1670
1670 2940
4039 3345
3345 2598
999 1149
1149 931
1717 544
544 92
415 3388
3388 2940
2117 4128
4128 3886
686 991
991 3219
2458 4539
4539 3890
1731 57
57 4077
4385 4647
4647 4125
2138 4169
4169 3219
1450 838
838 3522
4341 3597
3597 3886
2218 2122
2122 3890
2149 3756
3756 3886
2627 268
268 319
2772 2679
2679 2196
1957 2436
2436 3219
4071 2611
2611 3890
1957 246
246 3149
4158 3224
3224 2714
1530 2764
2764 4077
1138 2173
2173 3248
3161 4022
4022 1255
1721 4442
4442 4605
2698 3781
3781 2638
3742 394
394 1930
2021 1031
1031 1787
2070 4148
4148 4305
627 3152
3152 4125
3018 1351
1351 4605
2794 1714
1714 3522
1523 2517
2517 1930
3351 4111
4111 4287
1531 919
919 3919
2138 2052
2052 3149
2416 3578
3578 3886
2416 1364
1364 752
4419 4454
4454 2714
48 3947
3947 2034
1145 1542
1542 3327
4291 2722
2722 3886
12 3863
3863 1255
822 1231
1231 3197
1717 500
500 4452
115 630
630 2034
649 2754
2754 3219
3241 2666
2666 2329
4152 3657
3657 92
3972 295
295 4287
3362 3249
3249 2147
1165 2704
2704 2196
3453 470
470 3886
2316 717
717 1823
3118 3887
3887 1053
2458 727
727 4305
1125 2305
2305 4125
1345 596
596 1823
1275 437
437 1605
2263 3509
3509 2227
1142 332
332 3197
2699 4231
4231 3919
3499 4005
4005 2196
4577 3084
3084 2227
2017 1089
1089 4452
3238 4275
4275 3248
1165 331
331 2196
802 2474
2474 1823
43 3085
3085 3149
2698 4499
4499 319
2146 4009
4009 4287
4677 973
973 3197
3351 79
79 3890
1965 4408
4408 3197
3658 3391
3391 931
1798 3452
3452 4614
1113 1824
1824 3219
3241 2220
2220 4305
4158 3371
3371 319
3351 3988
3988 2034
3029 449
449 92
2138 271
271 1605
1450 298
298 931
686 3465
3465 3652
465 2132
2132 1823
1532 3356
3356 2638
3658 1411
1411 2329
1160 1634
1634 2196
999 3443
3443 2940
1849 2636
2636 1823
3614 3917
3917 2598
531 2635
2635 3522
2175 2450
2450 3219
3951 3759
3759 1787
2175 2658
2658 3522
12 149
149 4614
2699 4085
4085 4614
2249 882
882 1930
2070 771
771 3219
2691 1068
1068 3886
2895 1043
1043 4305
1717 2829
2829 4687
3729 1746
1746 2638
2698 2831
2831 1053
1385 1443
1443 1053
4369 1588
1588 2940
4158 1550
1550 2940
4385 3077
3077 2227
2746 4011
4011 2329
2575 779
779 4452
1491 853
853 4452
3714 1745
1745 92
1849 4414
4414 931
87 2029
2029 3197
1048 3679
3679 3890
4369 1841
1841 4287
4577 2397
2397 4125
216 2963
2963 4614
2705 2159
2159 4614
1522 631
631 4614
999 2276
2276 2034
833 3080
3080 3197
1532 487
487 3327
4289 3762
3762 2638
1986 1594
1594 3149
2440 3885
3885 1930
1530 1959
1959 1823
3207 4001
4001 4305
1059 3993
3993 4125
2540 4202
4202 1605
1589 2521
2521 3197
3602 3195
3195 2147
3951 3496
3496 319
1128 4513
4513 594
1174 1771
1771 319
1865 163
163 4687
2010 240
240 3890
2536 1103
1103 2714
1509 1483
1483 3197
3924 4402
4402 4125
4223 2756
2756 4125
700 1856
1856 3890
3029 3013
3013 3652
2371 3855
3855 2638
189 1937
1937 2147
3135 2728
2728 3219
2684 4138
4138 1787
2138 861
861 3149
3238 4254
4254 4305
3714 1528
1528 3890
2698 3257
3257 319
3891 4476
4476 319
3241 1006
1006 3197
2275 981
981 4687
4555 3991
3991 3149
1227 986
986 3248
1125 2081
2081 1605
1522 764
764 2227
3714 1836
1836 4452
1784 1748
1748 4687
400 1516
1516 594
3018 3090
3090 4687
4353 1760
1760 3522
1270 1989
1989 3197
1091 4026
4026 1787
1128 3107
3107 2196
2117 4537
4537 3890
2021 1897
1897 3890
2087 2310
2310 2940
1592 4615
4615 3890
1128 2341
2341 931
2440 4037
4037 3149
2539 773
773 4305
700 1886
1886 1605
3018 1338
1338 3890
2573 965
965 3219
3823 4382
4382 3197
2575 2386
2386 2329
12 1198
1198 3919
1509 2056
2056 1605
1721 2457
2457 3248
2528 3410
3410 1787
4353 3162
3162 1441
4158 448
448 4614
3428 90
90 4287
3602 908
908 3149
216 3183
3183 594
1592 1904
1904 4452
2528 4224
4224 1823
2575 3663
3663 4452
2698 4194
4194 3890
2716 3290
3290 4605
1176 2345
2345 1823
1784 1332
1332 1823
2787 4019
4019 2638
4342 3180
3180 3248
400 1474
1474 1441
4105 3869
3869 2638
3969 3655
3655 1053
3455 2409
2409 4077
1671 4462
4462 594
3351 2131
2131 3248
49 1112
1112 2034
2698 4416
4416 3886
4443 3763
3763 1441
3034 1220
1220 3327
115 1694
1694 2598
3581 4509
4509 1605
1015 3591
3591 3327
1871 2182
2182 4687
119 2461
2461 1605
3455 2160
2160 3219
189 3433
3433 3522
2218 4182
4182 594
789 111
111 3652
4096 1720
1720 4077
789 3968
3968 319
4555 1191
1191 2940
3490 1117
1117 319
2010 2053
2053 931
1671 1961
1961 2329
1345 490
490 2714
2458 3593
3593 4605
2070 3727
3727 3919
1029 3078
3078 2034
1015 1038
1038 4125
3346 1133
1133 931
4341 408
408 3652
4289 1490
1490 4452
2135 2792
2792 2196
2691 728
728 2714
3931 2486
2486 1605
1678 1909
1909 2598
4096 3495
3495 3248
2289 2453
2453 4452
3714 3143
3143 594
2146 2832
2832 931
2087 2237
2237 4452
2218 1204
1204 3886
2794 1947
1947 319
1671 3229
3229 4125
4555 885
885 3919
1050 1353
1353 319
3729 4524
4524 1787
1972 2873
2873 1787
597 3713
3713 4687
2691 843
843 1787
119 1968
1968 3886
3729 1481
1481 4687
2536 40
40 3197
1986 996
996 3219
1227 1814
1814 2638
700 2343
2343 1255
2528 938
938 3522
363 3546
3546 3248
3428 502
502 1053
2691 3398
3398 4605
4353 3172
3172 2196
1721 130
130 1787
3607 3882
3882 3522
1029 2574
2574 3248
3729 3516
3516 4125
2540 2818
2818 3197
4071 2960
2960 2034
3614 505
505 4614
3823 3699
3699 319
1015 4481
4481 2147
531 1519
1519 3890
1523 4486
4486 3149
963 4204
4204 1787
2791 2234
2234 4452
2007 4298
4298 319
3453 1184
1184 4077
2458 4636
4636 1787
1434 1497
1497 1053
1145 1797
1797 3327
2824 3544
3544 3886
1784 1335
1335 594
115 3427
3427 2714
2973 2584
2584 1255
4341 2250
2250 2034
1798 2102
2102 3652
2684 2460
2460 3248
3742 55
55 1823
1865 1672
1672 1930
3964 2900
2900 1255
1853 2238
2238 3522
1345 3827
3827 3522
1015 3774
3774 2196
1870 2321
2321 1441
3361 2701
2701 2329
2316 4336
4336 931
2138 754
754 4077
3200 673
673 1441
2716 678
678 3890
4410 4232
4232 2638
216 1272
1272 1787
2895 56
56 3919
48 1958
1958 1053
3428 910
910 3327
1378 988
988 319
1450 8
8 4077
3351 2604
2604 3327
649 1202
1202 3197
2895 1208
1208 4305
1534 2952
2952 92
4300 906
906 931
3346 3880
3880 594
1845 4083
4083 1930
1905 3374
3374 3219
4158 1447
1447 1441
963 30
30 1930
1004 2137
2137 1605
124 4579
4579 3149
4677 922
922 2940
1385 3999
3999 2638
4291 1305
1305 3890
1849 1150
1150 2598
2699 4221
4221 3890
2528 2882
2882 1823
2458 2325
2325 1787
1530 851
851 2147
2440 3542
3542 3197
4096 858
858 3149
3367 3100
3100 3886
871 209
209 4077
43 666
666 1255
968 4018
4018 1053
2623 3671
3671 1053
119 4546
4546 2638
1522 3502
3502 1605
463 2576
2576 4077
1717 2224
2224 319
4419 2139
2139 2227
3439 2170
2170 2329
1145 2465
2465 4305
2691 3935
3935 2940
2536 664
664 4687
3207 4247
4247 3886
2458 1923
1923 3886
2698 2413
2413 4614
3367 3901
3901 4287
785 3834
3834 1823
4070 2800
2800 4077
2416 4216
4216 3919
2746 2571
2571 4614
3059 1260
1260 3219
3490 457
457 4077
1145 3156
3156 3219
3200 2478
2478 4452
1128 3091
3091 2147
3362 3703
3703 3890
4353 2730
2730 2147
4096 3096
3096 1605
2824 2399
2399 2940
833 1233
1233 3219
2824 3114
3114 1930
1091 2427
2427 2196
1717 186
186 2034
1534 848
848 3652
3034 1563
1563 319
3207 1991
1991 2329
2691 1584
1584 1823
3468 2673
2673 1441
2684 2643
2643 2714
537 2354
2354 3919
2746 367
367 4687
3969 3271
3271 319
1767 639
639 2329
2251 4109
4109 2714
4238 1846
1846 2714
2758 441
441 4287
2698 3278
3278 4287
4419 3042
3042 1787
3455 3176
3176 1823
1530 4600
4600 931
2705 957
957 319
2440 3567
3567 4452
2117 360
360 3890
963 4165
4165 931
2249 1409
1409 2940
2476 3247
3247 1605
1056 2322
2322 4687
1592 1104
1104 4614
3455 1715
1715 4605
4071 1302
1302 4687
4303 1263
1263 3219
1059 2988
2988 4687
312 3412
3412 4614
1849 4023
4023 2598
1029 2028
2028 4605
2888 3216
3216 3886
2536 1706
1706 3219
1721 2092
2092 2329
785 419
419 2714
1731 1277
1277 2227
161 1624
1624 319
3499 2265
2265 4125
3200 1416
1416 931
3367 3811
3811 319
1145 4035
4035 4452
415 1828
1828 4077
2933 698
698 4077
3018 4142
4142 2034
2895 2414
2414 752
4300 1815
1815 1823
1784 2774
2774 4125
1113 4087
4087 3248
363 4012
4012 2227
1920 1478
1478 4125
1048 1718
1718 1441
1165 921
921 3890
2758 774
774 4687
4105 1867
1867 2598
1999 3577
3577 4605
3200 86
86 931
2385 1777
1777 1255
3729 1610
1610 4452
3924 2570
2570 3919
243 4178
4178 3197
3602 647
647 1441
4096 1157
1157 2940
2289 702
702 2034
4230 1587
1587 3652
2417 1424
1424 4125
3200 2342
2342 3886
3135 301
301 3219
2476 2513
2513 4687
537 3942
3942 2196
1048 3348
3348 1605
1160 3930
3930 4125
785 255
255 1441
1972 4553
4553 2714
4291 983
983 931
871 4112
4112 4077
1589 2094
2094 2329
2249 1573
1573 2638
2161 467
467 92
1048 3819
3819 2714
161 4244
4244 1441
1048 568
568 2940
1091 235
235 319
2017 3824
3824 1053
597 2531
2531 3197
1905 4017
4017 4287
2316 3024
3024 3219
3951 2552
2552 2227
3931 1124
1124 3248
1345 2036
2036 4452
120 2620
2620 4687
276 1301
1301 1787
128 4059
4059 4614
1385 2194
2194 3522
2371 4497
4497 3149
1717 3376
3376 1787
3361 1673
1673 3522
3029 4235
4235 3248
43 1247
1247 3652
1385 3476
3476 4605
1491 2204
2204 3327
1749 258
258 4077
1678 1689
1689 92
3207 2030
2030 4605
3059 2113
2113 3919
597 1471
1471 2940
963 4522
4522 1441
1865 3020
3020 4614
1015 476
476 2638
4362 4176
4176 4605
2973 4660
4660 3919
128 2795
2795 3149
2175 915
915 931
119 16
16 931
400 942
942 2940
2794 2127
2127 1823
2536 2544
2544 2147
3969 2700
2700 1823
3453 595
595 2196
2824 2035
2035 92
1965 289
289 3149
2536 1640
1640 2147
120 69
69 3248
3238 2257
2257 4305
2691 4566
4566 1823
4447 1664
1664 1605
3964 1387
1387 3149
2218 2871
2871 3149
2440 777
777 1930
3614 291
291 931
1048 3119
3119 4605
759 2994
2994 1787
1004 2500
2500 2034
2249 1392
1392 4305
3755 3153
3153 594
1015 2165
2165 4605
2536 3423
3423 3890
4362 3960
3960 2147
3742 4200
4200 1823
3428 4581
4581 2598
2623 345
345 3327
3029 946
946 2329
243 1803
1803 3652
2895 3539
3539 3248
2161 2647
2647 1605
3034 4590
4590 1255
802 529
529 2598
1531 3159
3159 3919
2536 3006
3006 2940
4313 2695
2695 2714
4303 524
524 2227
3029 2327
2327 3919
1589 4252
4252 3522
1798 743
743 1441
1671 3704
3704 3248
789 4277
4277 752
2135 3985
3985 4687
3238 3193
3193 4614
2017 142
142 3197
1965 3564
3564 2329
3972 99
99 3886
2746 2990
2990 2638
3924 2438
2438 594
4071 2859
2859 4287
3367 3700
3700 752
3034 233
233 2714
4039 2524
2524 2598
4313 215
215 2940
1678 52
52 2227
3581 867
867 4287
3972 4360
4360 1053
700 3590
3590 3219
2575 167
167 1441
2010 1207
1207 2940
1176 3970
3970 4614
2824 3173
3173 2227
2371 577
577 931
43 2568
2568 752
3373 2590
2590 2714
789 2532
2532 4077
4152 4655
4655 752
3714 1033
1033 2714
626 2430
2430 2598
3362 3399
3399 2638
4039 4146
4146 4125
4230 1562
1562 3327
627 2126
2126 2227
2973 4124
4124 2714
1920 2475
2475 4687
2138 3082
3082 2598
2316 2625
2625 3327
3938 1529
1529 3886
2087 2347
2347 3327
2699 959
959 2227
2716 2471
2471 1605
4410 601
601 4614
2476 3575
3575 4305
3499 4246
4246 1255
2365 2830
2830 1787
4353 1244
1244 3248
1523 3562
3562 4077
3455 1962
1962 4125
2316 283
283 2196
4096 4326
4326 2147
3518 3569
3569 2034
2263 1619
1619 4305
1845 125
125 2147
2149 1130
1130 3652
2251 36
36 3248
3951 539
539 1053
43 3573
3573 1441
2758 709
709 4452
2007 4155
4155 1930
3518 4404
4404 1787
4551 2079
2079 1441
4410 2298
2298 3890
4362 3953
3953 1787
3428 2274
2274 3327
4096 3688
3688 2598
1509 1653
1653 3522
4362 1401
1401 1255
3029 3686
3686 319
1056 1693
1693 4452
1849 29
29 1930
4555 4163
4163 2227
2961 1914
1914 4287
3034 2390
2390 3919
2705 1172
1172 594
3924 1818
1818 4605
1050 472
472 2329
2933 320
320 594
2249 1365
1365 1053
4385 1598
1598 4614
276 1512
1512 2598
510 1941
1941 319
2536 451
451 4687
2623 1267
1267 4125
3729 1850
1850 3890
43 820
820 3919
4096 2651
2651 2196
3273 3733
3733 4125
4433 270
270 1823
3273 1442
1442 2034
303 252
252 92
3742 1390
1390 594
1145 1224
1224 3327
2455 2566
2566 2714
1227 3976
3976 2196
4577 3287
3287 3197
1999 1299
1299 2196
4313 935
935 4614
4443 2350
2350 2638
115 940
940 4305
2946 1779
1779 1823
1845 3843
3843 3652
4447 4361
4361 319
3823 4381
4381 3522
3207 554
554 1823
2699 3867
3867 3919
822 665
665 2227
3964 3690
3690 2034
627 1658
1658 4687
1176 1246
1246 3248
243 1638
1638 3919
2263 254
254 1441
3351 2447
2447 4305
999 3136
3136 4687
1845 1951
1951 931
1176 3098
3098 3522
1870 2452
2452 4687
1142 862
862 2196
1004 4688
4688 1053
626 3692
3692 1787
3742 1643
1643 1823
649 1472
1472 594
3362 245
245 1787
4291 550
550 4605
4070 3396
3396 2147
2371 1835
1835 2196
1030 2185
2185 4305
1784 2377
2377 4287
1509 1280
1280 3149
3490 3117
3117 1605
1767 3471
3471 1053
1870 2886
2886 3248
463 909
909 3248
2007 3461
3461 2329
1532 3122
3122 2638
999 229
229 4077
649 2456
2456 4614
4039 1606
1606 2940
3361 1987
1987 1930
1113 1677
1677 1605
3969 2688
2688 4605
1048 2494
2494 4287
352 1926
1926 3197
415 2729
2729 3248
2540 2751
2751 1930
2455 4364
4364 1441
1870 3205
3205 4605
2161 3620
3620 319
1227 2260
2260 2147
243 610
610 594
1378 2164
2164 4287
4385 4405
4405 4125
2175 4669
4669 3327
2251 3089
3089 3327
1128 42
42 2196
1671 4532
4532 1053
1905 2694
2694 3248
400 3851
3851 3327
3118 3909
3909 1930
2691 584
584 594
2575 311
311 2329
4369 740
740 1605
2135 2381
2381 92
1491 1201
1201 3919
2251 929
929 2329
1059 3551
3551 1605
4362 4418
4418 3919
128 3188
3188 3919
3265 3340
3340 2227
2416 1088
1088 92
4105 733
733 4125
1174 1027
1027 3149
2933 2656
2656 1787
363 2441
2441 752
627 3925
3925 1441
2540 1211
1211 4687
3755 1901
1901 3248
2716 3929
3929 4125
2573 2922
2922 1930
1029 2294
2294 1823
2161 4415
4415 2598
1176 4534
4534 3149
1749 1161
1161 1605
1509 2676
2676 4452
2961 1222
1222 2034
4385 1417
1417 4687
2699 2559
2559 2940
871 140
140 2638
1176 2339
2339 4077
312 513
513 1441
4152 386
386 4305
2758 1994
1994 2034
1030 4318
4318 1823
2794 164
164 3919
3455 1582
1582 92
700 2498
2498 2034
2539 2538
2538 4077
161 2011
2011 1930
2117 1973
1973 1605
2684 351
351 2034
2539 3093
3093 3886
1015 4025
4025 1441
161 2534
2534 1255
2536 990
990 3886
1015 4052
4052 2638
2138 1722
1722 4614
4433 3236
3236 3919
216 1237
1237 3327
3755 1011
1011 3652
1757 1459
1459 92
1227 2727
2727 931
2070 2838
2838 2638
3891 1928
1928 319
4071 1807
1807 92
3034 2601
2601 2329
4385 1802
1802 3149
4551 2415
2415 4287
531 758
758 4452
1531 1098
1098 2638
2946 1437
1437 1823
4677 3523
3523 3219
4105 668
668 3886
1845 3420
3420 2147
700 4032
4032 1053
2933 4654
4654 2940
3241 2769
2769 3327
1050 1377
1377 4305
785 4628
4628 319
649 244
244 1787
4158 2387
2387 1441
243 614
614 931
3351 1200
1200 4452
4105 4496
4496 752
650 3507
3507 2034
968 2280
2280 2714
4070 3121
3121 3248
1091 1907
1907 3890
1125 3036
3036 3197
2316 1945
1945 4605
2289 3489
3489 4125
1165 1734
1734 3919
1678 2043
2043 1255
49 2045
2045 4605
1029 3186
3186 2638
3969 2009
2009 1053
4238 3529
3529 931
3265 3677
3677 3327
4158 4536
4536 1787
3351 3213
3213 1823
3273 4304
4304 1441
3273 3571
3571 3197
3742 2323
2323 92
4341 3994
3994 2034
2536 997
997 2598
1378 1488
1488 3919
4291 4521
4521 4287
2070 734
734 2147
1125 1467
1467 594
2385 4616
4616 3197
415 3668
3668 2714
1523 3856
3856 1787
3490 2506
2506 4305
4577 4694
4694 3919
3518 2734
2734 4605
3059 3637
3637 3652
3829 2741
2741 4125
463 1349
1349 4614
1531 2148
2148 4452
2698 3281
3281 1255
276 2982
2982 3327
2684 1919
1919 2329
1030 4429
4429 2940
3373 1621
1621 2147
2973 2979
2979 4605
1522 2553
2553 3652
1592 323
323 3522
3265 953
953 2034
3602 3366
3366 4452
1871 3557
3557 92
400 3275
3275 3197
1678 1482
1482 4125
3428 4612
4612 931
2824 3307
3307 2598
3964 3524
3524 1930
3455 3899
3899 1441
626 1627
1627 3219
352 629
629 1787
3135 2551
2551 4125
4362 1881
1881 1053
4070 3941
3941 3327
2289 155
155 92
1385 926
926 594
2669 4195
4195 1441
3455 1875
1875 3652
2782 1147
1147 1787
2888 2268
2268 2147
1721 3785
3785 3522
4551 4547
4547 3652
3499 1154
1154 3890
12 2042
2042 752
1957 3662
3662 3248
833 1921
1921 2034
1589 4034
4034 1255
1176 4091
4091 4605
1874 4110
4110 4125
1509 2177
2177 1053
1227 4134
4134 1255
2371 1507
1507 2598
3658 4705
4705 1255
3891 2686
2686 3149
1957 3788
3788 3890
43 251
251 1823
1870 2917
2917 2714
510 4253
4253 2940
3439 46
46 1930
627 1252
1252 92
822 4653
4653 594
4419 3957
3957 1255
3373 426
426 2196
871 1572
1572 1787
2539 3625
3625 1787
303 548
548 2147
963 4279
4279 3652
2010 1039
1039 1787
4410 2907
2907 2196
2973 4629
4629 2196
871 703
703 3219
531 4048
4048 4077
1522 2395
2395 752
363 2822
2822 2147
3029 2896
2896 2227
4342 3740
3740 4305
3714 3888
3888 3248
627 2469
2469 2940
4230 4220
4220 2940
2961 4421
4421 4305
2631 2887
2887 2227
3029 1028
1028 319
759 507
507 4125
2698 1100
1100 3919
189 681
681 1930
49 4485
4485 4614
4158 269
269 1930
87 1167
1167 4687
4291 4391
4391 319
759 429
429 931
3200 603
603 4452
4362 2942
2942 2329
1522 63
63 3919
1749 4562
4562 4605
2455 2278
2278 2638
120 1832
1832 1605
4577 4515
4515 594
3951 2851
2851 4452
968 329
329 1930
1125 2110
2110 594
3238 2210
2210 2196
2824 4506
4506 92
4419 3463
3463 1255
4158 3604
3604 2638
871 2205
2205 3327
3351 25
25 319
2218 2191
2191 2196
597 951
951 752
3362 3380
3380 4614
1905 2016
2016 2034
4447 3016
3016 594
2705 2870
2870 2714
3951 1241
1241 3197
4096 1873
1873 3652
1530 4168
4168 1441
3135 3691
3691 4614
3891 3916
3916 2329
2385 1561
1561 3522
128 3178
3178 4452
2946 3167
3167 4305
1784 1475
1475 4452
352 3949
3949 92
2539 359
359 2638
12 4656
4656 2940
3518 4209
4209 1823
2895 3011
3011 3886
822 2319
2319 3197
1784 2911
2911 3197
833 2314
2314 2196
2573 211
211 1441
1145 3142
3142 752
3607 2432
2432 1255
1522 2060
2060 1787
4555 66
66 3197
4555 2713
2713 2638
626 1196
1196 3652
1849 3801
3801 4125
3658 3358
3358 4614
3602 1420
1420 3919
216 4583
4583 931
4105 2180
2180 4605
2669 1938
1938 4614
4555 1325
1325 4305
3029 4468
4468 3919
510 635
635 92
1434 1078
1078 4305
2417 2941
2941 3890
2669 4682
4682 594
128 511
511 1255
2087 1793
1793 3327
1434 228
228 4077
510 3982
3982 1605
789 3202
3202 1053
1113 3315
3315 1053
1798 3123
3123 3890
1965 237
237 3886
2087 3330
3330 4287
1491 3911
3911 3197
871 4460
4460 4305
2623 440
440 319
303 2439
2439 2034
400 3050
3050 2227
3581 1022
1022 3522
3273 2797
2797 3886
1029 902
902 1255
4238 3585
3585 3919
2705 3623
3623 1930
1798 420
420 2227
1050 2505
2505 3652
1592 2335
2335 2638
1029 4578
4578 4452
2146 1458
1458 1605
1678 159
159 2598
1986 1410
1410 3652
2021 2854
2854 1823
1522 424
424 4614
2010 3274
3274 3219
3742 2739
2739 4452
4362 2555
2555 3522
2017 145
145 3219
415 1402
1402 752
2623 3451
3451 2196
1717 2358
2358 4125
1845 3838
3838 3652
1509 460
460 319
2791 409
409 752
1784 3634
3634 1441
115 1069
1069 319
3742 954
954 3890
12 224
224 3919
3931 4229
4229 2638
1059 265
265 4287
4291 672
672 3248
1865 3049
3049 2940
3729 738
738 4687
3135 829
829 2638
650 2443
2443 3522
3518 3138
3138 3890
4342 1581
1581 3919
1059 1983
1983 2147
2021 4159
4159 1605
2888 4199
4199 92
2017 1955
1955 1053
1717 197
197 931
3034 4475
4475 2147
1270 3752
3752 3197
650 790
790 594
2149 219
219 319
4096 3332
3332 3197
2249 4265
4265 3327
415 3047
3047 3248
463 2644
2644 4305
3135 2153
2153 752
2070 3959
3959 2329
700 2172
2172 1441
2218 3076
3076 319
2787 3237
3237 931
4291 3479
3479 1930
1059 4520
4520 1255
1174 4314
4314 931
352 2709
2709 2227
2536 3673
3673 4287
3373 1296
1296 1823
2684 3963
3963 4125
2787 2955
2955 1930
2135 2541
2541 2196
2973 2731
2731 1255
1767 1400
1400 2714
700 98
98 2227
1531 4119
4119 3522
1849 4587
4587 4614
1531 2292
2292 4605
1671 1438
1438 931
3059 723
723 3327
2675 181
181 1441
3951 3434
3434 3197
2575 304
304 1605
115 3900
3900 2598
1530 1067
1067 4605
2791 3893
3893 3197
3373 3803
3803 752
2691 3458
3458 2638
3518 4708
4708 3197
4096 3857
3857 2034
650 2583
2583 4305
4223 669
669 3890
2631 4233
4233 3248
4223 1461
1461 2940
1491 3240
3240 92
1986 1003
1003 2034
2794 687
687 3652
1957 3337
3337 1053
3200 3875
3875 3219
4410 4196
4196 1441
1270 2038
2038 4077
3518 3408
3408 2147
2017 2255
2255 1787
3265 4261
4261 3149
626 2823
2823 4125
1275 1489
1489 594
3367 684
684 4614
1749 720
720 4605
2249 32
32 3219
686 3054
3054 3886
4410 1289
1289 3248
785 1977
1977 3522
1721 1990
1990 1930
649 2334
2334 3197
2705 4526
4526 1930
1270 4457
4457 4305
1920 195
195 1823
2698 3409
3409 4125
1227 4412
4412 3652
4410 1733
1733 752
1920 2914
2914 3522
3453 4570
4570 3919
1849 4213
4213 2034
119 2585
2585 2034
2365 1547
1547 4452
968 204
204 2329
312 3046
3046 1930
4443 4441
4441 1605
3361 4284
4284 1441
1920 13
13 4125
415 3749
3749 1787
2385 3592
3592 1605
2973 1620
1620 1255
3969 4618
4618 1930
1029 1778
1778 2940
2933 2487
2487 3327
1784 2588
2588 752
2440 3821
3821 1823
4070 24
24 752
2961 1756
1756 3886
2385 3130
3130 3919
2684 4295
4295 4614
1434 4126
4126 4614
400 1369
1369 2227
1757 2259
2259 1930
649 3603
3603 2227
2787 3852
3852 2329
4677 756
756 2034
48 2909
2909 92
2791 3389
3389 1823
4677 3421
3421 3652
871 2027
2027 2147
2175 3225
3225 3248
3118 4494
4494 2147
1128 4103
4103 3197
2782 4596
4596 4614
3468 4504
4504 594
2275 3170
3170 4687
1491 1615
1615 92
243 3411
3411 3890
4230 747
747 2598
2746 715
715 2940
2573 4107
4107 4125
1874 708
708 4687
4105 1276
1276 1823
1378 3809
3809 3919
4291 3807
3807 3219
3891 1752
1752 2227
4207 3203
3203 1255
2539 1440
1440 4605
2973 137
137 594
4158 1330
1330 4077
1845 3695
3695 594
2691 2296
2296 2940
4096 1291
1291 3890
1849 2949
2949 3149
120 1333
1333 319
3351 4333
4333 3197
2416 3025
3025 3197
802 3624
3624 4125
1113 1238
1238 2598
650 975
975 3886
999 3705
3705 2638
161 2099
2099 3327
115 3786
3786 4605
3602 1884
1884 2714
3972 1538
1538 594
2416 745
745 3522
1531 6
6 4305
4551 3978
3978 4287
785 3861
3861 4077
415 4280
4280 931
1865 358
358 2147
2946 1217
1217 2034
2536 4170
4170 3886
312 3227
3227 2034
649 970
970 3248
3200 4344
4344 1605
3265 1229
1229 2638
1749 873
873 3197
3714 4568
4568 4077
2787 2320
2320 3890
4433 38
38 4605
4341 1018
1018 3149
303 2167
2167 4287
3367 620
620 92
700 3678
3678 3886
3829 4056
4056 3149
3161 1556
1556 4077
1986 3961
3961 3197
3607 1294
1294 3919
4105 1422
1422 2034
3607 1206
1206 4452
2455 435
435 92
1531 514
514 4305
216 4157
4157 1787
2316 1334
1334 3149
3969 2340
2340 1255
1784 2230
2230 4605
3931 4439
4439 752
1871 4558
4558 1441
2758 1070
1070 3652
2888 2481
2481 1930
4551 1449
1449 4614
216 4631
4631 3890
2440 4470
4470 4687
1160 4063
4063 92
4207 3987
3987 2638
1227 1636
1636 4452
537 582
582 3149
4433 3382
3382 1053
3742 1839
1839 3248
999 3628
3628 2638
3029 3062
3062 4687
4070 4427
4427 931
3238 3102
3102 2940
415 4478
4478 4452
3200 3772
3772 4452
1717 2710
2710 2227
1113 1575
1575 4605
2961 4259
4259 1053
4039 878
878 319
3891 1626
1626 2940
3938 2572
2572 3248
3453 2659
2659 4077
2791 1872
1872 2227
3742 103
103 4077
4433 1611
1611 3522
1523 583
583 3149
2365 2154
2154 2638
2138 3168
3168 92
3468 3997
3997 3919
3931 2998
2998 2940
626 4147
4147 2638
1671 2169
2169 4125
1522 841
841 2147
2149 821
821 4605
2249 1060
1060 4077
1532 205
205 2598
802 1595
1595 319
1920 3979
3979 3886
2758 78
78 3197
1522 972
972 2147
3034 1261
1261 1053
1270 1924
1924 3652
597 1396
1396 1930
1731 2619
2619 4305
119 473
473 3652
2316 2708
2708 4614
2575 427
427 3248
1227 2245
2245 2329
3161 2279
2279 2638
597 3684
3684 4125
3755 4501
4501 2598
415 1181
1181 1441
3823 210
210 931
3518 1274
1274 3919
3453 1877
1877 3219
3518 2858
2858 319
4238 1309
1309 4614
1145 285
285 4305
4071 1791
1791 319
822 445
445 3522
1004 2346
2346 92
1671 1279
1279 2034
3938 4088
4088 319
1509 836
836 2196
3581 2569
2569 1053
2458 2049
2049 3652
463 147
147 2196
3200 1295
1295 1255
1678 4241
4241 1787
2010 2005
2005 3890
3931 3840
3840 4077
1920 1739
1739 3886
3439 741
741 3149
2895 3646
3646 2638
1845 2144
2144 4605
1845 1660
1660 3652
3581 4507
4507 752
1534 4217
4217 1605
1491 3746
3746 2598
4207 4097
4097 594
1534 1403
1403 594
2675 552
552 1787
4070 136
136 4077
1050 3473
3473 2227
1491 1540
1540 3890
1870 3481
3481 3248
4207 483
483 4077
3346 4489
4489 2940
3602 2599
2599 319
650 1899
1899 2940
465 4135
4135 1605
3924 3750
3750 931
3362 3860
3860 319
1050 3914
3914 1605
87 4080
4080 1053
4105 562
562 4687
2716 1455
1455 3652
1050 2778
2778 4077
3265 613
613 2638
4300 3833
3833 4305
686 3314
3314 4125
3468 4548
4548 1930
2627 677
677 752
650 4057
4057 4077
2675 1287
1287 4125
4039 809
809 594
2684 2587
2587 319
1030 2163
2163 2598
1004 2938
2938 4614
312 4310
4310 1823
510 566
566 1823
2263 4
4 3886
4419 2111
2111 2329
4385 923
923 4077
2947 3548
3548 1787
4551 310
310 1823
968 3685
3685 1053
3059 2578
2578 4605
1227 2312
2312 4305
1853 4315
4315 3890
115 772
772 4125
3241 4324
4324 4287
4410 3454
3454 1605
2017 4181
4181 1930
4342 3154
3154 319
2947 2548
2548 594
3938 4055
4055 2598
2631 4466
4466 3327
3972 3284
3284 3197
3273 4359
4359 4605
2772 693
693 4452
2698 674
674 2598
3241 1494
1494 594
4433 3221
3221 3652
1784 3555
3555 319
2021 2926
2926 4125
1874 834
834 2598
216 4321
4321 3219
3029 4700
4700 1053
1030 2232
2232 931
1113 532
532 2714
1174 44
44 2034
1113 3131
3131 1053
2371 121
121 2034
1434 3436
3436 1787
4238 1323
1323 1605
2070 3898
3898 2329
2675 3636
3636 3652
3439 1419
1419 1053
2476 3230
3230 1441
2365 1579
1579 1823
4410 4505
4505 4687
2175 696
696 4687
822 166
166 1787
1015 1042
1042 1053
48 361
361 3919
3455 2852
2852 3919
2573 3866
3866 2196
3829 4492
4492 3197
1059 3446
3446 931
312 256
256 92
3829 4487
4487 3890
3200 3777
3777 1441
2758 2653
2653 3890
802 3906
3906 3197
2536 662
662 3919
463 2083
2083 3890
700 217
217 2598
1050 4288
4288 1787
4303 1371
1371 2598
2705 3494
3494 4077
1865 1840
1840 3149
871 1284
1284 3149
2691 2190
2190 2940
2623 3511
3511 1605
531 3015
3015 319
4223 1604
1604 1255
312 3437
3437 1053
1434 3547
3547 2196
833 3110
3110 2638
4410 1037
1037 4287
415 2894
2894 3197
3742 104
104 3219
352 1800
1800 2940
2946 2927
2927 92
2699 901
901 1787
4342 739
739 3522
1767 4529
4529 3149
1270 3873
3873 3890
3714 1533
1533 2227
2021 433
433 3522
3951 4058
4058 92
2087 1785
1785 4687
1532 528
528 2034
2888 1869
1869 3890
1905 3513
3513 3197
3161 1321
1321 2598
1378 3526
3526 1823
243 4045
4045 3652
3468 4667
4667 4687
2539 3328
3328 4452
4443 317
317 1053
4342 1820
1820 2940
2791 4684
4684 3149
1522 308
308 4287
1378 4387
4387 3149
2746 2504
2504 1441
1671 3269
3269 1441
4223 2451
2451 319
2787 2303
2303 2714
3439 767
767 3219
4223 198
198 2940
87 4184
4184 4614
400 2813
2813 1605
400 4704
4704 2598
1227 17
17 2196
1029 2208
2208 3219
2316 401
401 4125
465 512
512 1605
531 711
711 4077
4303 602
602 2940
2275 4573
4573 2034
4341 4084
4084 752
2758 2379
2379 2034
1845 541
541 3652
1999 3995
3995 1930
597 3793
3793 1823
2961 3836
3836 4305
1849 659
659 2598
1870 398
398 2329
1678 2969
2969 2329
1125 416
416 1053
3969 2041
2041 594
2758 2024
2024 594
1965 1948
1948 4077
4577 3023
3023 1787
2087 1766
1766 4614
1784 2311
2311 1053
4385 1439
1439 2196
2539 3354
3354 3149
1174 4665
4665 4452
531 1608
1608 931
2623 679
679 4687
43 683
683 752
2631 3892
3892 2940
2218 4338
4338 3890
2365 182
182 2714
1999 865
865 2196
1905 306
306 4305
2536 3920
3920 3327
2575 2959
2959 4452
3714 2363
2363 2598
2787 525
525 92
1865 1723
1723 2227
2275 3998
3998 4452
1798 4337
4337 3522
2746 4473
4473 4077
3602 402
402 2940
2440 3568
3568 4077
4677 1253
1253 2638
3972 330
330 2940
189 864
864 3327
789 3904
3904 3919
312 1551
1551 1605
2417 1418
1418 4125
3207 2845
2845 4605
2251 3350
3350 1441
649 2077
2077 4125
1767 4380
4380 3652
2289 2850
2850 4305
3823 1555
1555 4305
4342 165
165 4077
3200 152
152 4605
3135 2256
2256 1823
2536 106
106 4125
3829 309
309 4614
3607 2776
2776 2598
2175 1851
1851 4125
3135 18
18 4452
3969 3125
3125 2638
2316 3948
3948 2147
2385 4686
4686 2638
1845 1141
1141 1823
2691 4503
4503 3652
3161 80
80 1441
2698 96
96 4452
1845 2671
2671 2638
4419 2356
2356 2598
4070 2668
2668 1605
3607 3087
3087 2147
3135 421
421 2196
465 158
158 4687
3602 4446
4446 1441
2365 813
813 931
2540 1361
1361 92
4369 2837
2837 2227
4353 3182
3182 1930
4410 2999
2999 3219
1534 1032
1032 3652
822 2433
2433 3886
49 1651
1651 3890
2017 804
804 4605
1871 3258
3258 2940
2699 585
585 3149
115 2375
2375 2638
627 3630
3630 1823
2933 1812
1812 3919
1050 4283
4283 2034
1767 872
872 3149
2627 2202
2202 2196
2371 2412
2412 3327
686 2362
2362 2638
1865 535
535 3919
1798 1654
1654 3219
1717 2672
2672 3919
2218 3449
3449 92
2316 4516
4516 1605
1125 4122
4122 3248
4433 4374
4374 4605
2794 2085
2085 92
1530 2485
2485 2940
216 1510
1510 92
1671 1492
1492 1823
537 208
208 2329
4577 2400
2400 4305
4313 169
169 3197
2698 2975
2975 2638
2175 2844
2844 3219
2070 3832
3832 3886
1920 4434
4434 752
1142 782
782 4452
1145 3694
3694 3919
4300 134
134 3219
759 2078
2078 2196
2275 623
623 1605
2973 3261
3261 2940
531 2012
2012 3327
968 2554
2554 319
2365 2954
2954 2196
3729 4469
4469 1930
626 3672
3672 2227
1870 2891
2891 319
4341 1545
1545 4287
1385 20
20 1441
48 218
218 2598
4230 2905
2905 2940
3658 225
225 3219
1125 1740
1740 1787
3161 34
34 931
1113 4332
4332 3886
1671 3448
3448 2227
3439 4069
4069 3327
2175 2827
2827 3327
4577 1002
1002 2227
1142 1773
1773 3197
2251 913
913 1787
2416 2380
2380 1255
2021 4619
4619 3219
2138 849
849 1255
2961 2243
2243 4605
4071 3242
3242 1787
4207 1560
1560 594
1174 2495
2495 594
2455 3379
3379 4605
1837 4206
4206 3652
3614 2561
2561 1823
2218 1659
1659 2196
1091 1131
1131 3890
1004 4574
4574 4305
822 170
170 3248
1731 2332
2332 594
1378 3790
3790 3919
2021 1180
1180 1823
1845 1101
1101 931
3931 3730
3730 1053
1905 3787
3787 752
531 3312
3312 4305
1509 2168
2168 92
3829 1268
1268 3522
1165 272
272 3219
1138 3992
3992 4077
4289 962
962 594
1142 3285
3285 931
3931 1129
1129 2196
1905 2281
2281 3890
4341 2048
2048 3890
1509 2972
2972 2714
3951 3485
3485 2638
3714 3566
3566 3652
3373 4049
4049 2940
3373 3406
3406 3219
2888 682
682 319
4577 4445
4445 1441
1784 3739
3739 2714
2455 4550
4550 2714
2138 2269
2269 1823
189 896
896 4305
1270 2287
2287 1053
2021 2392
2392 594
2070 4623
4623 3248
4410 4632
4632 3219
3455 3309
3309 4687
2946 4702
4702 4125
128 4417
4417 1823
2888 1952
1952 1787
2017 1479
1479 1053
4289 51
51 3652
1522 645
645 319
2675 4297
4297 752
1125 97
97 2034
2087 4186
4186 1053
2758 3381
3381 2147
4303 3598
3598 1605
2705 564
564 1053
3938 934
934 4687
3518 3879
3879 752
3614 3676
3676 3652
1048 406
406 3327
3265 3553
3553 3652
2385 89
89 1053
465 2150
2150 2598
3241 4345
4345 4687
465 2683
2683 3149
2440 3044
3044 2638
1275 2853
2853 3522
802 2799
2799 2329
2455 2290
2290 2638
4105 2630
2630 4687
2575 4560
4560 2940
3972 860
860 92
2476 3552
3552 1823
2117 2798
2798 4614
1523 1486
1486 3652
3135 2378
2378 3197
537 1514
1514 1823
4039 842
842 752
3602 4028
4028 4077
1176 284
284 92
2888 2402
2402 931
1592 4673
4673 1930
3361 4179
4179 2196
1450 107
107 92
1015 4065
4065 2227
87 2788
2788 3327
1030 3780
3780 2714
2684 1271
1271 4614
128 604
604 4305
3135 516
516 92
4677 1730
1730 2196
3938 2997
2997 3919
4230 3667
3667 92
1523 1010
1010 1255
3059 2916
2916 92
1965 955
955 3652
1870 4050
4050 2638
1434 3877
3877 3197
2684 839
839 3248
2146 287
287 3652
4555 4592
4592 1605
627 4569
4569 4125
1589 3039
3039 2147
4443 3112
3112 1053
124 1768
1768 2638
1849 1140
1140 594
3755 3115
3115 3522
87 1193
1193 752
2146 2956
2956 2714
4223 2892
2892 1255
1345 4219
4219 594
2149 2995
2995 2714
789 691
691 92
1091 45
45 3248
161 3232
3232 3886
1160 2725
2725 2227
1671 1743
1743 1441
2758 3928
3928 2147
4410 1383
1383 4614
1678 1223
1223 2940
2539 4007
4007 4614
3823 2499
2499 3886
686 1744
1744 1255
1522 3871
3871 752
3029 1650
1650 3886
1757 1578
1578 3886
1717 1298
1298 931
1056 4479
4479 3890
2289 4066
4066 3522
2791 2086
2086 3197
968 2068
2068 3197
1522 4549
4549 3219
216 356
356 1441
4447 1725
1725 2598
2455 31
31 3886
2824 4274
4274 3248
3428 1134
1134 3652
4158 2426
2426 2638
4419 4205
4205 4605
2946 3952
3952 4077
303 1363
1363 3652
4300 3670
3670 3652
2070 2120
2120 3327
1050 3853
3853 3652
4419 4591
4591 2196
1227 187
187 4305
531 3311
3311 4605
1345 2155
2155 4452
400 2974
2974 2638
650 995
995 2940
2476 685
685 2940
1174 2123
2123 594
3938 2649
2649 3652
1767 588
588 1787
1870 2115
2115 1441
4433 2890
2890 2227
4303 578
578 92
2946 891
891 1823
531 808
808 92
759 731
731 4687
415 4020
4020 3890
1345 769
769 2227
1920 1456
1456 92
1113 4156
4156 3522
3614 2930
2930 1930
4555 4649
4649 3919
1378 1127
1127 3197
785 1707
1707 3919
2895 3105
3105 1605
3367 172
172 752
2017 3859
3859 3248
1113 2020
2020 4452
4070 388
388 1823
686 3218
3218 4605
3200 3467
3467 2147
48 88
88 2227
1749 2814
2814 4605
4223 699
699 3219
415 263
263 2196
3207 3264
3264 3248
1165 1700
1700 2598
1534 1413
1413 3919
2895 1414
1414 2147
1849 2065
2065 594
1784 2383
2383 3652
626 4127
4127 594
3742 2145
2145 2196
686 599
599 1823
3658 2707
2707 2940
4070 4480
4480 3886
2627 178
178 2714
1270 2737
2737 3886
4342 3669
3669 752
1270 1444
1444 4077
3428 1623
1623 2714
1671 3326
3326 4452
1378 381
381 4452
1849 4519
4519 2196
2946 221
221 3327
3018 1975
1975 4125
2021 856
856 931
276 4403
4403 3197
1717 1699
1699 1441
2699 936
936 4125
822 93
93 92
1999 784
784 1605
2416 3009
3009 319
3714 1996
1996 2714
650 761
761 3886
627 4599
4599 2638
4207 1360
1360 4305
189 694
694 752
1957 3394
3394 3886
3362 3263
3263 1787
3607 794
794 1787
4070 23
23 3919
4223 3431
3431 2598
700 442
442 92
3439 436
436 3652
1145 1544
1544 1787
1671 1090
1090 319
2146 475
475 1823
686 661
661 2329
3029 1648
1648 2329
3714 2200
2200 1441
649 3289
3289 594
1534 563
563 3522
3969 927
927 1053
1957 4149
4149 1787
1174 712
712 3652
802 1
1 2196
3373 641
641 3890
2010 365
365 2940
4291 898
898 92
2146 2696
2696 1787
312 3334
3334 1823
463 3413
3413 92
1721 1144
1144 1255
1530 676
676 4605
1798 3335
3335 4125
1142 3837
3837 752
3744 319
1818 752
4599 4305
1482 3248
1087 3652
712 4452
3529 2940
1457 3522
1664 4614
731 594
634 2147
1511 1255
979 1441
1453 3890
481 1605
2324 3219
3515 2329
1564 2034
4186 2714
2323 931
2541 3149
3510 4687
88 1053
2819 2196
3089 4125
1576 4077
4415 3327
1557 2638
2203 1930
1660 92
1007 1823
944 3197
3411 2598
3268 4287
3275 4605
3242 3919
3519 3886
1079 2227
139 4445
1568 3577
3962 966
216 2243
3331 566
1190 1513
4695 1325
4672 3529
3286 2045
3744 4528
575 1289
405 2044
2282 1935
3094 125
64 4414
3770 2499
1518 234
4625 50
1178 3247
2678 2765
907 1221
4355 1948
3275 4337
1125 777
3706 1367
2523 3402
852 3076
1714 252
3680 2230
4256 2572
2882 1514
397 3537
415 730
4477 2789
2883 402
3069 1489
4005 1272
183 865
1820 1545
4004 3089
989 3400
2477 3388
141 1897
2017 2055
4390 3514
2709 1648
485 409
1008 4454
1900 3698
1198 3154
1025 3942
4401 2571
4043 372
2226 194
2875 1053
985 1872
1894 3634
4593 3497
234 1357
1345 3281
2059 1403
3191 1690
4451 1774
744 3236
1759 2053
2324 3632
1192 588
3343 4672
405 1948
1836 34
2877 4060
16 3461
1825 2863
1972 3274
2945 4086
1362 289
4041 1779
2075 4666
4270 946
3313 4560
2195 1035
3620 427
2705 232
3372 2803
266 2065
4584 3734
2339 3752
2284 3121
3938 742
2405 3594
2980 4181
3618 4268
3985 3328
1092 3994
4620 1473
1308 3863
1555 51
2457 3330
2254 599
2384 3406
2010 1977
877 2880
1569 3354
1774 3984
4609 1990
4690 2624
3346 4115
3444 4168
60 2465
495 545
561 2096
838 1127
3029 509
378 18
1340 2812
3196 2651
844 821
126 2797
1879 4610
504 1626
1379 2450
2507 2307
626 4548
3974 4108
2732 2337
943 1787
2862 228
1593 4233
3321 3703
1085 2998
4436 2617
621 4687
704 1591
4250 1740
760 3686
2749 551
2603 525
1978 1440
1905 171
3403 2739
2360 2284
1688 1840
1655 4308
1194 1897
1927 1786
1708 2601
2800 901
2564 1996
1288 3927
2758 1115
787 2679
4228 1413
2142 4155
2401 3623
4637 3001
1916 4091
2258 1304
1882 4682
3299 4607
3795 3114
306 2974
1394 3763
3694 3261
1507 2296
1935 196
3360 4297
1621 4480
3087 3890
4617 3180
3642 3945
1194 2212
155 2332
2166 534
391 2796
1525 1215
3342 3858
4662 526
802 3903
1511 4400
3605 251
1505 1037
2310 733
3559 965
2984 3898
4234 2688
2359 3062
3984 1840
4690 85
1588 578
1897 2942
1061 3871
2211 4244
4191 1354
3542 2844
2816 527
2184 2137
2429 439
626 2763
1880 867
1601 1899
1710 4068
2920 848
3718 3258
1691 4201
2244 1654
3614 3323
283 3054
1645 4636
2884 172
3804 2555
4164 2170
4571 809
3619 1321
754 529
1487 3167
3631 4632
3525 2521
4448 3261
4031 1568
3026 4160
437 419
3428 1613
3351 582
2004 1689
1286 359
3344 3074
2772 28
1355 487
963 3505
190 1967
247 3797
1780 4198
2537 304
77 4489
690 3993
2270 3489
801 105
4279 767
242 4383
1849 1555
4428 1172
1163 3630
2599 1545
1831 3354
2821 1746
2506 842
2218 232
4542 1439
4164 1915
778 3406
973 2481
3048 3977
3942 45
2895 476
4651 294
3058 1129
1000 1224
3706 4414
294 931
1226 4148
2627 1618
2462 89
3917 3959
518 2321
2494 1743
551 3730
2642 1315
1220 1208
1682 33
3056 2847
3641 2664
4118 2584
2546 3511
1849 376
4070 2285
1270 4363
3517 3834
3362 1216
932 3911
2295 3529
3642 2306
1292 4266
3445 490
1092 66
3476 2890
1033 3025
3294 4472
544 1818
202 2561
2511 3956
1450 4274
1911 1263
3857 1648
2125 3399
1176 2414
3794 449
1882 1349
1065 2212
4252 2837
2820 770
2374 2788
1993 1403
76 2538
2883 1094
2082 4553
12 2328
2847 1672
3445 2821
1708 4469
608 2884
2895 4330
2374 1623
4454 4614
257 1387
3319 211
1721 3672
2824 3786
4307 2559
431 2785
1685 3371
3962 1411
1341 1330
4357 2552
4443 3535
1246 2686
889 2167
2176 3116
2961 1954
826 3802
2021 4366
3588 2342
3085 1323
1631 4068
2609 4220
4023 1003
1834 3652
3794 3728
4117 4611
2187 487
606 96
2536 901
4631 3920
4597 2695
3189 4304
1885 3216
352 2607
4122 2954
2480 3663
3399 254
3395 3598
893 1963
2935 1536
2882 2312
963 3106
1570 285
438 2842
1135 4156
478 547
574 4142
4378 1287
2247 3668
3177 864
181 2998
3346 3877
2621 1924
1106 2568
2633 2488
4143 3209
4362 4205
399 1908
3433 1743
2264 4550
2088 3680
142 25
2698 1686
1463 3311
422 872
3313 429
2410 4222
3619 2667
2530 4545
2338 1604
4339 4508
2353 3107
4360 2659
3296 2584
1497 2997
3074 1371
1482 205
1580 906
1242 1695
2740 1413
2463 4295
2496 160
3433 1519
781 2937
1411 2311
2176 591
1249 3198
2483 1966
201 837
2609 2555
937 4215
3689 2379
2881 4699
1531 4374
2110 4135
2223 3802
1599 2279
544 1945
3979 674
1070 1872
1445 1126
1920 4549
1286 2313
3767 4122
900 2031
2677 3121
2782 2565
3302 1772
3725 2214
2423 829
1775 3946
575 4018
2484 878
1309 225
3990 1524
3118 1009
1428 2427
1747 2147
4130 3787
3699 601
646 2925
4061 3679
303 4428
3706 6
3617 4617
1484 2967
3297 1765
1224 3982
2927 4274
1646 4110
500 2859
3468 1996
1462 535
2489 1702
983 1977
1754 3335
3317 2843
945 3539
1092 2741
2511 2552
3520 2907
4644 3893
3299 3861
3673 1271
2602 4140
831 1169
3600 1258
1099 1149
3515 3917
58 2162
2423 3466
57 602
537 3906
1647 1718
3026 3558
1412 3887
2182 1928
3151 2503
3830 1402
1671 987
352 1596
2680 3095
1174 2611
2001 2084
1064 1471
2637 2291
4397 2851
4430 2751
1834 4391
3305 2234
2372 4704
446 2767
577 962
1209 2298
3453 2688
2883 3332
792 2055
214 682
1986 3678
4352 505
3330 4573
1861 1890
3782 1714
2142 2878
4230 3333
1170 147
2646 3724
3401 2013
3716 4704
1187 3637
3764 2284
4027 1282
1859 2394
2187 132
4597 106
3912 2543
2539 1283
60 3193
65 4018
2686 1101
2199 4465
1254 258
1489 2926
2607 251
282 31
407 2584
2004 1619
2832 2858
1976 4374
1242 4594
901 3311
3913 858
72 702
1388 4605
4243 1003
1415 2427
4648 4002
831 643
469 2822
3477 3814
3873 170
1388 156
3462 1417
2047 3173
2454 3048
1111 2601
122 3657
2596 2344
3556 884
4299 3693
1944 3257
1988 3469
3049 1253
2072 4560
2449 1727
2531 3961
3826 3594
407 2035
2199 334
2161 1783
837 3859
664 4058
62 2156
2156 3420
1306 2708
3726 682
2021 1617
3060 16
3679 677
2257 2905
4059 2569
109 2976
3186 4304
4010 1258
3325 1606
2945 2607
628 770
312 2486
4036 2953
1711 3209
3557 1396
1603 228
1065 3696
1972 411
4508 4494
2662 2452
2744 3949
529 1677
117 1638
1572 3149
2773 2764
2740 1843
2459 3536
3500 976
4192 2862
833 3423
312 2506
3253 3014
4311 3471
1858 103
4691 2872
2284 3153
4076 4183
484 994
3577 4614
3758 3899
3383 2107
2866 4338
2406 1016
2754 1945
176 2808
4670 1758
2248 2751
3116 3456
2461 317
4210 2667
1535 3702
1378 2701
1423 181
742 77
2948 3114
1726 2114
1684 4541
1800 134
2482 950
1662 652
4528 3035
110 2461
2128 514
3346 2238
3884 2324
2221 2854
1112 529
2213 1288
248 671
2351 565
3295 1568
534 4393
4528 284
29 2334
4662 2164
1457 285
3073 1167
1949 3327
2176 1889
1536 2630
1379 3715
4250 807
3239 3762
1026 1850
1007 955
2144 2813
340 3228
4259 1551
1368 4086
4140 1193
2213 1161
1788 1948
2599 1659
1677 1400
1754 2658
2052 3703
2774 4429
937 1301
4399 1716
793 1779
3377 1426
1602 213
2734 842
