1
4681 9095 3875
3320 567
4549 1530
3481 3507
1156 2394
2692 2392
850 340
2615 1893
550 3098
2373 1264
3429 4439
1284 4378
2153 1132
1212 3739
2232 1781
780 846
952 680
36 2670
66 4607
3384 719
513 1992
1075 3956
4352 1025
1233 3979
4482 3013
3 3572
936 2940
576 3785
3658 78
3662 674
2428 546
2003 1231
3710 2681
4661 168
2866 4221
1941 3181
3145 3211
541 2790
2084 1080
4370 3141
3018 586
3501 245
3214 1637
105 1493
123 347
1689 1208
1898 4431
2188 3667
667 2098
146 1701
456 490
1649 2680
4507 1331
1525 138
450 4547
3656 3375
3421 2846
640 100
3818 455
2073 2633
271 2984
2979 3687
722 3020
4634 121
1321 2453
1510 2765
4328 4072
4005 1845
316 1386
3470 2888
4644 815
3576 642
1763 3999
2565 1042
3989 4317
611 2374
4228 729
3681 4117
553 461
181 1500
1657 1402
217 295
2473 4185
3079 2990
4095 951
1371 3219
2987 702
3390 4134
947 485
3366 1020
4094 1173
1752 1215
4395 2476
3628 2037
1255 543
3253 652
3157 2841
1326 803
4384 173
2997 4506
664 1445
3650 210
4192 962
2152 2202
899 4110
4214 1644
2511 3638
715 275
1287 3943
4580 4038
3435 2553
1512 263
4462 631
4438 1530
2789 231
1271 820
3261 3705
4680 1888
3879 4026
4057 247
150 3318
3973 422
2251 3944
4448 2255
3058 1964
2451 1795
627 2410
1860 1972
2485 3732
1946 4265
3092 1092
377 3671
396 2582
4520 3951
3075 1085
2081 2325
3408 2438
2815 4273
141 3189
2389 162
3942 2960
2455 4310
1010 1727
2967 1564
2654 2992
1628 362
3039 1802
2182 2266
4540 2136
2066 2564
1636 1678
742 1911
3995 4303
4678 3622
3764 2779
3229 4065
906 4032
1002 2824
867 2658
4333 3161
379 4440
4457 3949
350 893
417 3573
1548 2873
700 1852
852 3731
2177 3256
2462 2040
2760 2965
2471 1879
2204 2095
4257 4565
3975 975
407 103
3026 1331
3472 3901
1562 4022
1067 2027
4399 1085
1414 1062
48 4040
2975 4145
3759 3515
401 4607
2816 72
3651 4516
2184 1543
4128 101
1920 3607
1150 3986
666 1930
2834 3589
969 2943
4261 636
4096 4338
3395 4078
3709 929
1994 3820
1050 2104
2648 2423
2377 892
3861 2318
3675 179
4289 4163
3306 1701
4373 4035
628 101
870 935
1629 1424
161 2521
3974 962
3657 2099
2560 3169
861 4626
1165 1616
4252 168
4436 468
4591 404
902 3606
4173 343
12 3935
2076 1045
3920 2338
392 2583
548 3057
3235 3293
1677 3347
1303 2858
3025 4586
3787 853
3537 2762
1987 3293
2690 1735
2552 2418
296 1958
180 1491
693 2124
4290 1568
2541 2993
3056 4648
3670 4115
3105 1112
1521 1666
3477 2360
3969 1522
3439 3372
282 2467
3914 194
2154 491
3368 3560
235 3814
3248 4562
380 4636
3240 236
2675 3317
2689 2714
3551 1646
4453 1662
4059 3141
2429 331
2549 1989
2393 770
268 2731
3358 432
3458 822
797 3886
3528 669
1631 2847
2400 757
2515 4552
1063 910
224 1089
4002 145
2447 697
3597 4327
3903 933
437 3205
364 1377
1944 521
2171 1248
1472 4220
86 1882
649 4254
3605 796
292 2837
2264 4136
1788 2710
3592 1895
71 1998
3121 2064
972 3076
2957 2772
4263 4048
2622 3108
1343 1745
4014 3967
1279 555
1661 311
755 2067
863 537
3178 4118
3888 491
402 2536
3906 3586
2955 2420
1452 4676
232 1951
1516 3589
3414 1586
1354 4021
333 3454
4088 1719
2088 1702
1550 2486
4422 4535
4402 4270
2945 145
1222 2880
4023 156
4407 1108
448 2784
3450 3030
2725 24
2857 721
4473 1479
355 2083
3388 1844
568 85
4502 4176
2894 3947
1959 3168
3831 1028
531 1755
1181 4279
2747 3526
1605 2798
1804 3148
1896 1041
1358 1466
4546 4514
2063 3811
400 129
3448 3457
4548 3108
1277 2631
2172 478
4494 4276
2686 4097
1598 501
4304 2736
3642 2313
2679 1703
2210 975
132 1465
1265 632
1837 4414
2448 3267
1775 2513
3480 1813
2591 2074
2641 2931
3993 2587
2763 1530
4625 2277
1416 3095
2869 3544
1618 2858
1721 4273
1388 4667
2854 1581
2588 1317
440 2170
2021 2363
1808 1383
4241 3567
1833 1822
3990 3492
3338 4187
3431 1325
3135 1441
1049 866
473 4667
1097 4447
189 4275
4127 341
2059 1105
802 1933
1169 2006
4001 2676
2357 2841
1067 3845
3845 3878
2429 3815
3815 869
1169 4011
4011 1022
3628 3425
3425 1443
4438 2219
2219 4087
2866 3345
3345 369
407 3119
3119 2545
3056 484
484 4471
3121 4332
4332 914
1010 2040
2040 4350
12 2497
2497 2341
513 90
90 1655
1452 1537
1537 2333
548 3532
3532 43
1946 2784
2784 3309
3551 3032
3032 2463
2021 2292
2292 409
4096 2853
2853 596
667 720
720 3618
1548 2091
2091 2468
123 4501
4501 182
2854 1419
1419 1818
1941 4392
4392 4577
2815 2577
2577 1003
4328 1606
1606 2904
2448 4383
4383 4324
611 3493
3493 1754
4540 3364
3364 4207
2182 4455
4455 1506
3025 1832
1832 4204
1605 2566
2566 561
1472 3746
3746 285
899 34
34 3070
292 1688
1688 4207
1987 3197
3197 3804
36 3198
3198 1518
780 2218
2218 3303
1233 122
122 4544
2153 1290
1290 3303
2462 1243
1243 526
235 4003
4003 3464
1598 3717
3717 1594
2760 1547
1547 398
3920 284
284 3927
1775 771
771 1407
2232 4506
4506 3401
1097 2709
2709 3401
3472 698
698 4429
2177 3582
3582 4544
3018 3094
3094 1024
3366 1351
1351 1814
3528 1931
1931 4281
3481 973
973 3464
550 3880
3880 4100
4289 4101
4101 3298
141 2685
2685 3498
4680 609
609 749
3501 41
41 3315
4014 1998
1998 1990
3993 425
425 2592
861 1654
1654 1488
1661 1684
1684 3464
541 3781
3781 2876
2451 887
887 2809
3408 4035
4035 990
2152 4016
4016 2876
4448 1042
1042 2495
3470 1028
1028 634
3995 2986
2986 1614
3470 2411
2411 4577
2471 1187
1187 2248
1165 1578
1578 2578
3920 4633
4633 1518
1097 685
685 2556
3079 4234
4234 4489
3551 1046
1046 1838
3261 602
602 1857
146 2158
2158 4334
150 3588
3588 2335
664 4150
4150 2333
1063 635
635 4350
4290 3512
3512 1754
1388 3296
3296 1054
268 3171
3171 4155
3470 3272
3272 2899
437 1855
1855 2741
1050 2695
2695 1003
189 1538
1538 2640
4352 4162
4162 4132
1049 1888
1888 2167
1222 873
873 119
292 1574
1574 760
292 763
763 2782
553 4224
4224 182
2153 1523
1523 876
2152 1076
1076 1251
1181 4523
4523 3984
440 79
79 2881
3651 2065
2065 3065
2679 3768
3768 1021
3368 1616
1616 876
3501 4527
4527 2495
2088 3982
3982 249
3861 3057
3057 3227
2979 2285
2285 3065
3470 3653
3653 2758
667 55
55 888
947 1432
1432 2980
531 1080
1080 2903
4173 2470
2470 4613
2393 1026
1026 2833
2789 2298
2298 53
870 496
496 4300
4549 2796
2796 2989
2081 4115
4115 3518
71 2504
2504 2844
48 1709
1709 4443
271 1029
1029 4085
2549 421
421 526
1075 89
89 409
3408 3052
3052 2013
3214 813
813 691
4625 1560
1560 4281
2188 2109
2109 4085
456 1787
1787 1201
3058 4454
4454 2814
1287 547
547 4281
3056 3648
3648 3613
3605 1409
1409 2111
4482 4205
4205 1771
4023 183
183 2616
3662 4364
4364 321
861 3294
3294 2068
2997 1587
1587 1446
3975 4611
4611 413
863 4092
4092 4528
2154 2933
2933 4324
3470 15
15 599
4057 3106
3106 2592
1279 3940
3940 137
1562 3006
3006 1814
4634 1282
1282 982
3145 3490
3490 1015
1354 1210
1210 3162
972 3774
3774 20
292 2369
2369 1783
3390 1110
1110 3149
3079 1081
1081 3309
86 243
243 2881
1618 4543
4543 4010
392 1465
1465 3487
4088 1448
1448 1869
2184 1308
1308 876
1414 595
595 1186
2059 4472
4472 1274
3214 4525
4525 1021
1169 438
438 4530
3338 2593
2593 2103
2689 2596
2596 3846
4540 3324
3324 3970
700 2313
2313 2155
4402 2246
2246 1443
666 2754
2754 3763
4407 3221
3221 2782
3472 665
665 1201
4014 2301
2301 3303
2172 2083
2083 3804
3075 2948
2948 1889
2997 4375
4375 4489
1860 3724
3724 4090
440 207
207 148
4192 1610
1610 3594
271 1648
1648 996
3105 3216
3216 1758
1516 2990
2990 4487
2210 3509
3509 1655
2588 2946
2946 634
576 2018
2018 3871
2003 3263
3263 3002
2471 3116
3116 398
3787 1727
1727 44
3248 4181
4181 3387
3248 4676
4676 1283
576 3607
3607 3227
4548 2395
2395 3464
1002 3754
3754 2495
3990 2780
2780 3646
2172 3895
3895 4210
611 2261
2261 3842
1156 1954
1954 3984
667 1715
1715 462
132 14
14 4193
628 4262
4262 3791
2428 469
469 610
3261 898
898 1967
4352 4655
4655 1602
2232 2606
2606 2103
1752 3731
3731 3816
3235 2180
2180 1963
3537 1280
1280 1411
1775 1483
1483 2626
4395 2915
2915 474
296 3488
3488 3464
3906 2323
2323 2490
123 188
188 2111
4263 3614
3614 855
4540 1357
1357 43
1343 4249
4249 3927
4290 1997
1997 3894
2066 2164
2164 4477
2451 3337
3337 2889
2400 2963
2963 2490
4127 518
518 3401
611 348
348 3616
2560 1817
1817 3279
4422 3564
3564 3574
1516 216
216 582
2393 3843
3843 3636
3431 3729
3729 1038
722 2788
2788 1023
2641 2630
2630 321
3662 2918
2918 2495
899 385
385 1501
2648 2564
2564 1319
1649 1395
1395 1758
3650 4006
4006 3715
235 3175
3175 1054
401 3389
3389 3771
3501 1601
1601 2833
1631 2895
2895 4528
4241 4635
4635 2010
969 4268
4268 492
1512 1020
1020 3029
1605 1676
1676 4090
1097 1429
1429 2996
4540 162
162 2838
1050 2781
2781 3692
150 4012
4012 3616
189 3621
3621 4090
780 2835
2835 2283
3105 3269
3269 938
1657 1996
1996 2490
1156 1543
1543 3177
1636 3723
3723 3927
3105 4278
4278 2814
2182 1146
1146 3464
3472 199
199 2291
2171 699
699 3716
3501 4647
4647 4437
1287 570
570 4377
870 736
736 1180
1657 467
467 1136
1002 2329
2329 3991
1287 3849
3849 3400
4634 4329
4329 338
1279 2191
2191 1411
4407 3455
3455 3980
1605 3854
3854 1476
3395 3430
3430 2269
1628 818
818 2833
1097 1625
1625 1003
867 3474
3474 3203
2690 569
569 2616
3121 2476
2476 182
2975 203
203 2326
3974 2542
2542 2122
2834 878
878 1634
2184 261
261 3716
1631 1897
1897 2283
440 225
225 3315
4520 2982
2982 599
4448 794
794 3760
3658 4240
4240 2034
531 3090
3090 3245
952 1566
1566 2988
1354 278
278 3387
2987 1871
1871 995
4507 3127
3127 3203
2815 549
549 134
3759 2570
2570 3842
271 3952
3952 3881
4494 900
900 3167
3261 2950
2950 2333
224 4170
4170 3816
1416 158
158 2683
553 2410
2410 3464
2747 2415
2415 3177
364 326
326 596
3429 3910
3910 3401
105 169
169 1758
3975 4452
4452 1880
4661 1034
1034 888
1598 1640
1640 2490
379 2823
2823 4477
1049 185
185 3270
3879 1433
1433 1655
2428 1717
1717 2385
4328 659
659 2996
3764 459
459 31
3650 3436
3436 708
1050 2865
2865 4121
4192 3959
3959 1488
666 2870
2870 2086
3248 2514
2514 2833
4001 2791
2791 4196
3879 556
556 996
3670 1859
1859 938
3480 332
332 3518
282 2399
2399 4477
3039 3545
3545 3796
2854 8
8 2341
3240 1349
1349 1857
850 2293
2293 2492
1752 1124
1124 1793
936 2366
2366 1186
550 4129
4129 3078
3384 1633
1633 1838
2377 713
713 3925
640 1454
1454 3856
850 272
272 3856
1896 4616
4616 1136
2679 1926
1926 1838
3576 673
673 1013
2088 4171
4171 2326
2204 2875
2875 2592
2622 3998
3998 2592
2560 310
310 3616
3764 1955
1955 3485
2081 4027
4027 4121
2172 1719
1719 3574
1516 2276
2276 3884
4289 28
28 2103
1265 765
765 596
4473 2864
2864 1857
4370 3523
3523 3251
4328 2386
2386 511
3990 2970
2970 1476
2725 3678
3678 1012
2560 3721
3721 2315
4678 2042
2042 2775
2648 2037
2037 3485
2154 2467
2467 398
2429 903
903 4172
3597 643
643 1820
3358 1801
1801 3594
2725 4073
4073 2746
1255 3623
3623 3803
2171 1708
1708 4281
664 1209
1209 2463
4448 2830
2830 462
1661 2469
2469 3636
4096 3753
3753 1556
1629 4111
4111 2664
1959 680
680 1027
2210 2840
2840 3760
3592 3733
3733 2168
161 4320
4320 1021
3214 4238
4238 2507
4448 786
786 3984
3906 4669
4669 882
2690 2442
2442 1726
2455 843
843 4570
271 4043
4043 4400
3429 2513
2513 3937
1661 1551
1551 1501
4634 343
343 526
1049 1066
1066 3795
3764 3442
3442 1038
3537 367
367 4210
4088 1439
1439 938
3026 4385
4385 182
1628 2618
2618 1411
4546 1910
1910 2068
3709 1338
1338 681
3135 840
840 1726
3914 4636
4636 681
448 716
716 2738
4127 575
575 398
48 648
648 3927
4252 796
796 1889
4352 3138
3138 2989
780 1176
1176 1928
3592 2334
2334 43
4402 830
830 1024
1452 3734
3734 1013
3942 1128
1128 760
3395 1774
1774 3763
513 2924
2924 1624
1165 1925
1925 1831
722 2303
2303 4010
3662 3396
3396 3078
2866 2643
2643 3078
123 1883
1883 3716
2894 3637
3637 599
3650 294
294 2900
1941 1112
1112 4400
2675 2378
2378 2490
969 3494
3494 2832
2021 4308
4308 4207
1181 2236
2236 1655
4678 4652
4652 1437
355 4137
4137 3410
3973 2496
2496 2551
3597 1692
1692 492
1788 1852
1852 3680
715 1344
1344 1928
3481 2397
2397 2996
3551 1643
1643 2977
4261 3277
3277 3203
1598 2221
2221 3068
4352 3530
3530 3203
4644 3101
3101 2758
3026 1043
1043 1827
2232 4518
4518 3635
1775 4386
4386 1024
906 4114
4114 1827
2622 358
358 3878
1416 1061
1061 1894
3368 4237
4237 3407
86 1322
1322 2764
1516 2228
2228 2592
755 493
493 4013
3 131
131 2664
3429 3566
3566 2996
1550 927
927 1634
86 1904
1904 2155
3121 1759
1759 3162
4290 2825
2825 4499
1233 917
917 2844
2448 714
714 1022
1605 4062
4062 2174
2515 2493
2493 3594
3229 4008
4008 20
902 4645
4645 2291
224 4025
4025 4537
1265 3547
3547 1876
3537 56
56 134
541 1748
1748 1783
3079 2512
2512 914
333 558
558 3765
4438 3274
3274 1180
2552 3257
3257 2133
1416 1593
1593 2174
1987 3367
3367 43
3888 3807
3807 2903
1618 2095
2095 2782
902 4033
4033 3635
4257 1198
1198 1012
3450 2100
2100 4471
3240 1637
1637 2929
282 291
291 3298
4088 2772
2772 3804
1550 3353
3353 1446
2389 2069
2069 4478
402 3992
3992 2889
1049 1741
1741 2616
2654 3918
3918 4429
3861 1070
1070 229
2957 1332
1332 3401
4228 23
23 3899
180 393
393 2738
2834 1803
1803 3927
3 1068
1068 242
3480 2309
2309 2079
899 1469
1469 3673
2066 1032
1032 3791
722 1318
1318 3217
1358 485
485 912
4549 798
798 1824
3920 57
57 3771
12 2663
2663 2554
4407 1391
1391 53
3388 2287
2287 2507
2393 3836
3836 2930
797 709
709 2696
3261 3958
3958 3077
4095 3586
3586 1443
3528 2119
2119 3616
3670 2310
2310 1283
3025 3473
3473 20
296 3202
3202 3167
2866 411
411 2495
380 2306
2306 1148
852 4597
4597 242
4482 1622
1622 4010
2834 139
139 1148
2869 3687
3687 229
1649 2672
2672 2758
3320 2808
2808 3464
2869 1456
1456 869
2400 3960
3960 2034
4096 4086
4086 3765
1631 2874
2874 2782
4095 3456
3456 3518
1629 2901
2901 2492
715 2213
2213 4139
667 1875
1875 1183
1414 1604
1604 1990
1944 1839
1839 986
4540 3788
3788 3708
292 1373
1373 888
863 928
928 1136
1661 265
265 2838
2760 4466
4466 527
1689 61
61 1634
12 3905
3905 119
2979 1714
1714 2556
2975 2258
2258 995
1649 2149
2149 3803
1165 2804
2804 1319
3576 1691
1691 2782
1150 173
173 2929
3240 4020
4020 2315
4678 1843
1843 2201
1181 460
460 1880
3658 2879
2879 1683
1808 4360
4360 1990
2816 3601
3601 4085
2184 3195
3195 1431
4453 3722
3722 1869
1649 4504
4504 3203
2448 2912
2912 2838
448 3379
3379 1021
1212 1047
1047 4400
364 3907
3907 3839
3764 250
250 3881
1321 2729
2729 4063
2084 1735
1735 2495
3969 1090
1090 31
2232 1367
1367 3980
4661 1413
1413 2173
2073 781
781 4613
2153 381
381 875
3597 2766
2766 487
4494 24
24 1846
396 704
704 2174
628 4051
4051 3070
4014 816
816 3167
2373 1257
1257 1818
235 410
410 2463
1414 3672
3672 1838
181 4531
4531 1899
2448 913
913 3884
3914 3049
3049 732
292 1106
1106 4341
3969 719
719 2929
4002 1867
1867 1831
3320 565
565 1793
4549 4451
4451 249
3989 2159
2159 3251
232 2718
2718 938
1661 4226
4226 634
4095 2214
2214 522
3914 3062
3062 413
4402 2559
2559 2616
4473 1154
1154 2844
2654 799
799 321
217 835
835 1831
2081 2961
2961 882
2204 4605
4605 3128
568 4191
4191 3078
3018 1276
1276 4017
1689 2125
2125 2934
952 3702
3702 2015
3973 1674
1674 2407
1804 4277
4277 869
2549 3784
3784 3842
2987 4545
4545 634
400 1073
1073 2876
2373 1732
1732 1309
1959 2527
2527 1846
86 766
766 2068
217 3503
3503 2980
2591 3559
3559 1309
268 293
293 346
1521 1418
1418 1506
802 2862
2862 3574
548 2642
2642 3771
316 2530
2530 4085
268 1877
1877 2556
3477 1921
1921 346
355 1545
1545 634
2615 2057
2057 3078
2552 1084
1084 3070
3248 3141
3141 3716
1763 1502
1502 1556
2066 3271
3271 4577
4644 4672
4672 1889
2679 2850
2850 1096
548 560
560 3315
2184 4194
4194 4334
1326 2253
2253 2903
2003 563
563 2746
2251 2538
2538 3984
1898 408
408 4487
693 980
980 1624
2232 3539
3539 1831
1472 412
412 1476
870 915
915 2201
4448 1968
1968 732
2088 1662
1662 409
3450 597
597 4196
1987 4640
4640 1726
3481 3160
3160 1274
2997 471
471 3803
235 2712
2712 3534
1721 163
163 1827
1067 2801
2801 4550
3018 4374
4374 1939
2485 3349
3349 3407
333 4225
4225 2173
2686 3698
3698 3003
2565 2523
2523 2407
1629 3679
3679 3351
2073 1731
1731 31
86 2229
2229 2002
1763 1457
1457 3303
3435 1383
1383 182
4192 1246
1246 3128
2789 1114
1114 4013
1987 2274
2274 1811
4261 85
85 986
1321 1220
1220 4613
3759 4406
4406 148
755 2288
2288 3077
3477 925
925 2758
3358 790
790 1818
3657 960
960 44
3656 3809
3809 3003
649 269
269 3813
952 3091
3091 2122
3481 279
279 3664
4438 3820
3820 4570
71 3872
3872 3791
448 325
325 3804
850 1821
1821 2168
4057 4330
4330 4487
4384 1467
1467 6
861 3427
3427 182
132 881
881 1096
640 84
84 1054
2560 1948
1948 1024
2549 3516
3516 3925
936 4417
4417 102
2692 331
331 1928
4661 81
81 2899
2177 828
828 2746
531 1250
1250 4487
715 1712
1712 2086
755 206
206 3217
2588 2043
2043 532
450 1260
1260 4087
2448 951
951 2592
863 2124
2124 137
3903 1695
1695 756
755 2877
2877 4193
700 4396
4396 825
146 4459
4459 650
3472 3085
3085 1799
513 2075
2075 875
3092 2058
2058 4437
4304 3525
3525 4400
4580 2848
2848 154
797 2422
2422 2626
1277 3610
3610 462
2955 2041
2041 2013
693 1579
1579 4478
4241 641
641 75
292 59
59 732
3366 2327
2327 1846
4128 2744
2744 1621
1628 4145
4145 3303
3480 2254
2254 1201
2955 2703
2703 3044
1628 1035
1035 2551
4448 3418
3418 2495
2204 3449
3449 3578
3787 1690
1690 681
2945 2092
2092 4090
355 72
72 3351
4580 4176
4176 1857
2184 705
705 75
235 2070
2070 4550
1049 2678
2678 3351
715 1646
1646 2468
141 4201
4201 4085
2588 979
979 2015
4407 441
441 2590
3470 1964
1964 4172
189 2908
2908 3166
4680 3571
3571 2079
1896 4064
4064 1990
1156 3158
3158 4100
296 2006
2006 3987
1321 4036
4036 4157
3075 190
190 1621
3368 1702
1702 557
292 4583
4583 154
2066 2923
2923 148
4290 1471
1471 4196
2816 1813
1813 3002
2857 964
964 1754
4540 3641
3641 2168
3681 3476
3476 2020
1677 1205
1205 2385
3470 3883
3883 3636
3501 101
101 3763
3989 819
819 1786
1343 3302
3302 3217
1002 3611
3611 2269
316 4578
4578 1758
3178 4358
4358 1607
150 3398
3398 2545
1358 1812
1812 2487
4457 601
601 1309
4680 1558
1558 634
2455 1645
1645 1876
3135 689
689 492
2816 2976
2976 3984
3759 3230
3230 3479
146 3779
3779 599
4057 2038
2038 4622
3681 465
465 4679
150 3215
3215 3251
1303 1865
1865 353
667 2995
2995 4063
4520 300
300 2233
224 2135
2135 869
2152 4022
4022 2616
3395 2372
2372 996
2641 2540
2540 4172
3670 4561
4561 2889
4507 2008
2008 4613
2789 1369
1369 996
1628 3492
3492 1148
4373 2140
2140 1180
2945 3699
3699 1614
4370 3556
3556 1818
3306 1790
1790 353
123 3962
3962 1799
401 2953
2953 3673
2471 1555
1555 492
2073 1520
1520 1180
2622 3423
3423 4204
802 4551
4551 938
3658 45
45 3760
4462 2014
2014 1681
4173 4343
4343 3716
4214 1266
1266 1683
2648 1978
1978 1967
3989 1
1 3629
2251 1109
1109 2590
2945 212
212 2903
3178 2767
2767 154
1987 3573
3573 3925
2210 1529
1529 888
48 3540
3540 1754
906 3311
3311 1054
3675 871
871 1023
3650 688
688 3760
4127 2027
2027 4193
4304 39
39 3149
4096 3643
3643 2173
3408 230
230 4132
3229 322
322 4087
1277 1423
1423 4210
2177 1909
1909 1857
1002 1221
1221 3279
3481 1195
1195 3747
4001 4186
4186 3024
863 4353
4353 4445
1605 2272
2272 4530
861 3730
3730 4172
1414 255
255 876
1358 3785
3785 3242
4290 1375
1375 1201
3025 3786
3786 1726
4192 4211
4211 2155
863 4650
4650 3839
473 374
374 2876
316 3898
3898 4679
3253 2751
2751 1148
1303 2160
2160 930
3990 3825
3825 3410
2975 29
29 1007
531 1353
1353 2980
1763 3292
3292 1251
3710 1087
1087 2696
899 978
978 3401
3390 4250
4250 4093
2389 4040
4040 2111
4540 3126
3126 1518
513 3417
3417 2996
4634 9
9 2814
2177 3814
3814 3716
2689 679
679 3464
3470 4021
4021 44
1358 2409
2409 1653
141 2480
2480 1038
1279 2033
2033 4528
217 446
446 1614
4352 78
78 1437
3414 4381
4381 1869
2171 2710
2710 2640
3975 727
727 1584
4023 621
621 127
1321 2978
2978 2578
4328 1259
1259 4204
2760 3947
3947 4090
1941 3399
3399 4013
12 2465
2465 4087
3973 3168
3168 596
2021 2728
2728 2592
3439 1099
1099 2174
1181 1394
1394 986
4173 2435
2435 1183
3501 2960
2960 1435
1752 1095
1095 2235
4625 2518
2518 3251
3879 744
744 527
628 2731
2731 1607
2210 1151
1151 1411
3472 1487
1487 3580
3831 636
636 2020
450 1781
1781 346
333 672
672 2920
2654 4140
4140 2167
1326 2277
2277 3984
867 3585
3585 3616
1255 3603
3603 20
755 4079
4079 1488
1284 3976
3976 1861
2076 943
943 920
3576 2797
2797 1584
2377 1093
1093 75
3135 3732
3732 1621
3662 1078
1078 4157
2485 3397
3397 3149
2549 3893
3893 2341
640 1145
1145 346
2511 724
724 2996
1472 1559
1559 242
4678 302
302 2529
3906 2011
2011 2561
3888 3695
3695 2741
4005 2475
2475 3270
1063 3823
3823 1814
2565 1235
1235 756
863 2331
2331 3464
2511 3655
3655 2900
4546 4195
4195 20
1050 2128
2128 2103
407 1000
1000 3646
4241 1780
1780 4478
899 1262
1262 3167
3121 330
330 1939
3092 3928
3928 1251
2686 3312
3312 2233
1775 1363
1363 1148
2648 3220
3220 1022
377 1017
1017 1437
450 2969
2969 779
2789 2336
2336 4679
2177 2836
2836 1990
3390 3262
3262 1319
1804 4182
4182 1319
146 3776
3776 3298
3888 1519
1519 1309
742 4122
4122 1857
1452 1103
1103 3534
1287 4034
4034 1857
440 3047
3047 2904
3056 523
523 986
1752 2795
2795 3534
3989 2602
2602 2216
2471 213
213 2216
870 2635
2635 4577
2059 1938
1938 522
2471 3087
3087 2291
1994 1564
1564 1985
3879 4419
4419 3878
3135 966
966 2079
4241 3615
3615 4087
4580 4628
4628 2002
715 2405
2405 875
355 639
639 634
3121 604
604 4400
1510 1983
1983 522
1562 2289
2289 2746
4228 3000
3000 1506
4088 1596
1596 2640
3472 3561
3561 3346
755 172
172 1476
3178 3701
3701 338
742 3043
3043 2930
3026 762
762 413
2059 1760
1760 3842
4384 2441
2441 3842
36 3522
3522 2492
3214 3824
3824 3407
2462 2999
2999 511
2428 3444
3444 1201
3628 1174
1174 749
1860 2665
2665 2201
1452 3055
3055 920
3366 1936
1936 1407
4680 891
891 2269
1097 851
851 527
2171 2818
2818 2315
3229 516
516 4193
1452 1328
1328 3616
3448 864
864 492
2979 3669
3669 3894
3662 1527
1527 2876
3973 3374
3374 4577
640 363
363 2079
4399 3676
3676 2201
292 647
647 338
1279 663
663 474
456 3342
3342 2640
4462 2175
2175 4013
450 3625
3625 2201
3092 1474
1474 3077
4373 1490
1490 2832
3861 3120
3120 4139
1287 1583
1583 2407
4252 2379
2379 3970
3477 4117
4117 44
2448 789
789 3203
4304 3413
3413 1838
2373 2444
2444 3899
1326 613
613 888
947 4231
4231 3856
1788 2519
2519 1783
531 4319
4319 492
292 1030
1030 1857
3759 1836
1836 338
2389 3953
3953 4158
548 1853
1853 2833
3831 707
707 338
1233 2374
2374 2545
3092 1272
1272 2920
2789 3579
3579 2814
4436 2165
2165 2551
4057 1001
1001 3737
2689 1585
1585 4499
861 4441
4441 3149
4540 3013
3013 3074
576 3604
3604 1653
2967 4292
4292 2283
2690 4444
4444 3795
4580 3207
3207 3765
2076 508
508 2034
1788 201
201 3771
2679 94
94 31
2763 701
701 229
66 1627
1627 3078
4192 2290
2290 1621
3501 1742
1742 3846
448 3961
3961 912
1959 2339
2339 1251
4059 1297
1297 6
1284 4514
4514 3580
1303 2071
2071 3003
3039 1168
1168 1003
146 2056
2056 3128
906 17
17 3162
3366 244
244 2201
456 4572
4572 875
235 4460
4460 3804
66 2583
2583 4157
1629 2905
2905 3068
2967 894
894 3316
3480 3012
3012 1783
333 785
785 938
235 2684
2684 3927
2511 945
945 888
1343 2211
2211 3816
401 1031
1031 1012
852 452
452 3410
141 1988
1988 4090
1657 3567
3567 346
235 240
240 3795
4395 3146
3146 3616
3338 3626
3626 2086
2059 2563
2563 1431
1284 2661
2661 3074
2182 3917
3917 4622
1525 1372
1372 3899
3388 2734
2734 2556
666 1206
1206 4622
3 3932
3932 2758
4373 2120
2120 2977
3253 820
820 2947
2565 2887
2887 4132
4014 2398
2398 1758
450 2985
2985 3534
3450 1580
1580 3245
1631 2644
2644 360
1416 422
422 3980
2448 4269
4269 44
3429 1849
1849 691
541 2981
2981 1183
355 4331
4331 599
649 4349
4349 1378
4094 2660
2660 2002
1512 1513
1513 1251
4059 77
77 2015
2210 2281
2281 462
1548 1171
1171 4121
4290 805
805 2833
3368 2061
2061 825
1452 4284
4284 3128
4661 3293
3293 1857
268 68
68 285
4127 227
227 2034
2654 1902
1902 2068
3458 4401
4401 1726
1521 839
839 2590
3481 2032
2032 982
123 3327
3327 1015
3390 4254
4254 3984
180 1728
1728 4544
4241 378
378 4341
296 3405
3405 3846
1898 3015
3015 1319
1959 718
718 285
3920 2799
2799 1754
2462 1746
1746 4537
1002 464
464 3791
3079 1743
1743 4090
1343 3322
3322 3242
2615 3446
3446 2900
1521 1912
1912 3737
4023 618
618 2326
2389 2242
2242 2683
2251 3219
3219 2333
4520 2414
2414 4570
271 323
323 134
969 3703
3703 2833
364 2365
2365 2333
3605 4440
4440 338
715 510
510 1443
3366 546
546 2947
2560 3875
3875 4544
3450 306
306 4499
3384 865
865 134
2076 2845
2845 137
1414 303
303 353
4214 2185
2185 3407
693 801
801 1820
2515 1773
1773 3884
3989 844
844 4324
2511 4169
4169 2764
3 3719
3719 2407
3759 3369
3369 4087
541 4279
4279 2814
867 524
524 2068
4520 116
116 1518
2389 2150
2150 1985
3390 921
921 3068
4438 3352
3352 3856
4520 3549
3549 2934
2154 2425
2425 2174
3121 1950
1950 492
3248 1960
1960 2015
852 3742
3742 596
1416 2589
2589 2819
1808 1505
1505 346
3306 3691
3691 2529
2560 3054
3054 1990
3642 1517
1517 3309
4328 2256
2256 3518
666 3314
3314 582
780 2434
2434 3991
3658 3713
3713 920
1512 4047
4047 2133
4678 2433
2433 2832
3358 1815
1815 3024
1628 3857
3857 1201
649 2286
2286 1054
4228 2077
2077 3737
2400 1680
1680 1621
2448 3694
3694 995
1721 4286
4286 760
2894 1749
1749 474
1181 1094
1094 3316
1775 1044
1044 1024
3414 2959
2959 3162
2066 1668
1668 2934
2560 1461
1461 3078
4453 3180
3180 1683
1631 295
295 1771
4482 4297
4297 2929
2987 2178
2178 2167
3366 1528
1528 4377
4634 2132
2132 3074
4057 4439
4439 526
4257 3541
3541 2507
3388 3923
3923 1754
1255 1346
1346 4477
2153 4091
4091 2640
1649 1288
1288 2291
36 1822
1822 3878
2389 4222
4222 1309
4448 694
694 20
1525 515
515 2546
3448 3599
3599 1524
1212 2829
2829 1758
863 3151
3151 2283
2515 16
16 1251
2686 1489
1489 2111
867 2143
2143 4613
1521 2096
2096 3927
86 3148
3148 511
2997 2481
2481 2492
4094 3152
3152 527
1598 2489
2489 1251
36 3232
3232 4400
4257 368
368 2009
2377 1126
1126 1024
1860 877
877 1136
1388 2634
2634 1501
693 2902
2902 2934
1303 4296
4296 1923
2816 1364
1364 409
947 1756
1756 3771
1222 1217
1217 3894
3429 3792
3792 1621
3421 3467
3467 1024
3450 142
142 1655
2975 3461
3461 3680
1804 301
301 1824
1165 889
889 148
2428 2402
2402 634
3092 4103
4103 4281
2063 311
311 4528
3903 3233
3233 1431
2975 4430
4430 2989
3 3994
3994 2551
1804 3210
3210 2173
755 1608
1608 3478
401 1725
1725 2233
2447 4442
4442 102
71 4387
4387 1939
2689 3766
3766 1435
4005 1436
1436 2592
132 4024
4024 1653
2552 2348
2348 3070
1562 2202
2202 4400
553 2364
2364 2155
1181 815
815 1437
3145 1445
1445 2086
664 622
622 3074
2725 3957
3957 3574
628 2949
2949 2173
2232 4083
4083 2235
4436 620
620 2487
3025 1919
1919 1007
1628 2022
2022 2838
2588 3415
3415 1283
4462 4089
4089 3298
1010 3718
3718 1857
2641 313
313 2775
1512 108
108 4121
1326 4541
4541 3068
4257 4244
4244 2155
4241 1227
1227 3618
1562 165
165 4377
1233 3619
3619 2269
2654 3506
3506 3351
4290 4147
4147 3618
2955 2312
2312 1476
4625 3955
3955 3166
3240 751
751 2989
3528 1552
1552 3149
802 1972
1972 445
2462 671
671 3899
1343 4167
4167 4471
1657 1215
1215 2741
3879 1718
1718 1786
2747 3335
3335 3716
2451 1071
1071 1990
2760 544
544 1939
3670 737
737 855
3990 3851
3851 1726
217 2116
2116 2507
3993 2121
2121 2468
2894 1977
1977 3024
3710 2611
2611 1820
1629 578
578 1681
2081 1881
1881 3128
3709 2186
2186 2079
640 304
304 3987
48 1706
1706 2545
3477 4569
4569 2111
2400 2355
2355 1201
2692 4019
4019 321
181 3218
3218 3878
947 4267
4267 3029
3306 3930
3930 3580
4520 2134
2134 3128
48 1468
1468 321
4096 4076
4076 2833
906 1203
1203 44
3861 2713
2713 3103
1525 2271
2271 3487
333 129
129 3044
4128 2510
2510 2020
4462 73
73 3987
1277 3552
3552 3673
1321 178
178 1985
2834 4305
4305 1758
3651 383
383 4409
2471 2704
2704 1963
1763 2555
2555 3839
4095 1089
1089 3008
3764 1442
1442 1251
1837 3301
3301 1038
4384 675
675 3479
132 2573
2573 3077
4591 1242
1242 2782
4546 2991
2991 2819
3831 3234
3234 1013
1371 3913
3913 3008
3975 4641
4641 2900
797 1567
1567 2664
3421 3243
3243 4400
666 4151
4151 2086
3472 2212
2212 4196
1944 893
893 102
972 1019
1019 749
2591 3885
3885 4157
3974 3111
3111 2578
1255 194
194 1726
1618 1747
1747 4437
268 197
197 1967
1525 336
336 1201
4402 976
976 2977
1452 2237
2237 3498
1944 3783
3783 19
4252 4323
4323 875
4241 4299
4299 1928
450 1005
1005 3578
2692 3104
3104 2844
2154 4427
4427 6
2204 1420
1420 346
448 1300
1300 1793
1994 1016
1016 53
3395 909
909 986
217 1048
1048 1857
2451 2822
2822 2122
1618 3583
3583 3927
4540 3150
3150 2988
3320 2839
2839 2326
4625 1850
1850 3021
1414 427
427 777
268 3968
3968 634
235 3515
3515 876
2400 1503
1503 888
1775 2123
2123 3103
628 3612
3612 1786
1994 1131
1131 2133
4580 4564
4564 1556
66 2628
2628 825
4096 2198
2198 4324
3650 4492
4492 3839
1002 1847
1847 4168
1525 3275
3275 1699
947 3712
3712 596
3395 3950
3950 1378
3039 4631
4631 1783
550 4637
4637 2988
437 500
500 3881
1562 3988
3988 3387
4438 1267
1267 1820
2679 4078
4078 3594
2451 1937
1937 3029
628 3817
3817 914
3338 4495
4495 4530
402 3129
3129 3856
861 3577
3577 148
2815 4202
4202 1894
1628 2446
2446 2977
906 2534
2534 3401
2975 3007
3007 2903
2462 4461
4461 3162
2188 3661
3661 1889
4333 344
344 1488
217 482
482 2412
3018 1058
1058 3070
4057 1173
1173 2333
4448 4298
4298 995
902 3890
3890 1876
3975 2659
2659 1899
3914 424
424 353
3528 3587
3587 1378
3388 312
312 1876
2152 2474
2474 511
3025 2343
2343 3899
531 4208
4208 1038
4214 3463
3463 2111
3306 614
614 4172
1521 3508
3508 629
3759 457
457 4577
1010 192
192 4139
1562 3187
3187 2782
437 4077
4077 4477
1165 2928
2928 3580
1775 3332
3332 511
4228 1508
1508 2876
1326 4009
4009 1411
1156 4052
4052 487
3439 2421
2421 582
2591 2368
2368 2738
3439 1311
1311 1309
2648 1772
1772 3070
1516 4614
4614 1634
666 4512
4512 369
3551 2356
2356 1013
1512 4485
4485 4437
1833 616
616 1506
3681 534
534 1518
417 2380
2380 1022
780 3855
3855 1435
2894 1324
1324 4204
2648 2909
2909 1365
2021 4265
4265 1793
3439 3163
3163 3162
2690 4056
4056 1814
1472 1345
1345 3806
1628 1238
1238 3315
132 4217
4217 1013
3058 2517
2517 2929
1303 3546
3546 3970
401 3258
3258 3765
400 745
745 3594
2955 2702
2702 2996
3248 686
686 1634
4352 2324
2324 4530
902 2954
2954 3629
2264 837
837 3574
2679 2906
2906 2696
2428 2304
2304 3578
3914 1844
1844 2529
4395 4379
4379 3813
1358 1382
1382 1799
217 3896
3896 1407
863 1298
1298 888
1677 362
362 2900
2675 1535
1535 2764
2945 3954
3954 2671
531 1331
1331 990
1049 3850
3850 321
3395 3420
3420 3636
627 1055
1055 2947
627 2353
2353 3464
1156 1152
1152 3881
36 586
586 1939
628 535
535 1437
2188 4105
4105 3315
742 4165
4165 3716
473 2217
2217 3715
568 2505
2505 2664
4057 1834
1834 3578
3477 2457
2457 3387
2955 1514
1514 2929
2357 807
807 1584
2171 4677
4677 3251
48 442
442 4600
456 3738
3738 522
3501 3748
3748 3782
3435 3598
3598 875
4192 3179
3179 4577
1165 2296
2296 986
150 2567
2567 3765
2692 3099
3099 1990
4333 1377
1377 4139
1657 2384
2384 2315
3628 4435
4435 990
235 2129
2129 3078
1804 214
214 2122
4002 2586
2586 4341
2515 4216
4216 44
1049 2498
2498 1096
2188 3997
3997 3613
4634 911
911 4017
2967 916
916 4613
3338 2595
2595 1758
4407 2820
2820 3217
1721 4604
4604 159
3429 64
64 3316
3657 529
529 31
364 4030
4030 182
628 1685
1685 1186
1255 3777
3777 1990
667 1385
1385 3162
3435 195
195 986
400 2680
2680 2904
3421 3256
3256 3203
268 838
838 1024
3681 2252
2252 3478
2622 3144
3144 1653
1808 985
985 1003
407 2656
2656 4570
4373 4302
4302 3803
4095 4104
4104 53
2073 1164
1164 1653
867 3951
3951 1880
4096 804
804 159
1354 3799
3799 3594
105 3331
3331 4443
401 1767
1767 760
2076 118
118 3878
3338 2753
2753 1889
2232 1462
1462 445
2815 1316
1316 1820
4373 4654
4654 3270
4546 3268
3268 1899
4023 4080
4080 2546
2789 3996
3996 3925
189 1887
1887 44
628 1532
1532 2291
2679 4607
4607 2844
4263 2
2 3410
2210 3514
3514 1038
3818 2423
2423 2020
2172 4582
4582 2947
2689 3181
3181 650
4422 3041
3041 2133
2760 62
62 1754
2686 99
99 4207
4494 3632
3632 1274
402 3591
3591 137
316 3362
3362 760
797 3063
3063 1963
355 222
222 4550
4438 1188
1188 159
3 4220
4220 4443
2615 1600
1600 4100
3818 1546
1546 44
3597 788
788 4204
3920 1018
1018 2554
48 112
112 4530
3787 2337
2337 154
3056 2984
2984 1602
3145 370
370 285
1618 3355
3355 1506
3709 2234
2234 1584
1987 2599
2599 1814
1321 3575
3575 4013
4370 489
489 3664
640 3901
3901 3279
292 853
853 1501
2153 4184
4184 2977
3240 946
946 3937
1677 2016
2016 1374
3320 517
517 1501
1181 4197
4197 1180
667 4311
4311 2758
4448 3489
3489 3351
3662 959
959 4017
2429 2837
2837 599
3764 505
505 413
3975 2203
2203 1831
417 218
218 2554
4644 4480
4480 6
2615 1334
1334 1319
3240 4135
4135 2068
2549 967
967 4172
2377 955
955 1846
4263 175
175 369
3576 1932
1932 1673
4549 3040
3040 2233
1049 4123
4123 4210
4023 1700
1700 2013
4304 140
140 4679
2154 1157
1157 1607
3973 499
499 3991
1898 2666
2666 1827
4002 1913
1913 2529
3390 937
937 4157
448 2484
2484 148
3105 1707
1707 92
2560 2842
2842 2463
2357 1177
1177 2626
3429 2387
2387 2809
271 3097
3097 4193
2088 3770
3770 3021
3075 1753
1753 3673
1181 1744
1744 1876
1452 847
847 2590
2357 584
584 2010
2066 3915
3915 920
4057 646
646 681
4241 288
288 1681
4502 2582
2582 2590
3537 209
209 930
861 2843
2843 3070
1808 1370
1370 2250
664 533
533 2764
4214 337
337 875
3605 2966
2966 3464
271 3740
3740 3242
3472 1213
1213 4544
2815 486
486 2086
2154 3933
3933 3664
2747 3440
3440 1880
1516 1802
1802 3806
2565 3457
3457 2201
3650 3154
3154 3166
333 1573
1573 242
2429 3696
3696 4168
4370 4199
4199 2590
3681 1401
1401 4577
333 587
587 1038
2455 537
537 285
4402 4532
4532 2463
3079 2161
2161 3804
4002 1776
1776 3315
628 764
764 4281
3435 1100
1100 561
2866 3761
3761 3919
4128 4321
4321 1274
1788 1224
1224 3554
3920 87
87 2626
1941 4519
4519 1022
4352 1891
1891 1683
4462 2614
2614 557
1414 179
179 1805
2975 2697
2697 3747
1860 4420
4420 2487
2232 3797
3797 159
4384 276
276 3074
440 4068
4068 1054
4580 1679
1679 1148
3993 866
866 4622
224 254
254 4063
450 1268
1268 137
1920 3468
3468 1827
450 1405
1405 1476
1629 4144
4144 4281
550 1396
1396 2103
1860 4291
4291 1446
2789 60
60 2341
2389 449
449 1928
3879 2114
2114 6
4261 4054
4054 137
2182 767
767 2607
440 3173
3173 3316
4438 297
297 2881
627 1163
1163 777
4370 3321
3321 2412
4088 3107
3107 3919
902 2544
2544 1431
1598 2000
2000 2947
3435 1108
1108 2233
797 205
205 3387
1516 1264
1264 2468
105 1135
1135 3074
3253 184
184 3629
2690 30
30 4139
2377 1722
1722 1814
1371 2858
2858 4341
4333 2520
2520 1831
4005 4615
4615 2833
4482 585
585 159
3975 1697
1697 1437
2997 3654
3654 3580
4263 1056
1056 2819
1860 1368
1368 1805
2264 1275
1275 2838
2816 1006
1006 1655
700 1893
1893 532
550 247
247 3881
4014 1617
1617 249
1233 2913
2913 2671
3920 2190
2190 1022
4023 4612
4612 3485
863 1934
1934 938
1321 2146
2146 53
316 2826
2826 777
2549 998
998 4013
2088 1651
1651 102
2393 2619
2619 3613
4214 386
386 2492
1150 3133
3133 1899
3551 3526
3526 3680
2957 4053
4053 1894
4228 1991
1991 825
235 256
256 1374
448 3668
3668 2876
181 3048
3048 3070
4304 2432
2432 4350
4402 890
890 413
355 3821
3821 3816
2641 2733
2733 779
4370 4131
4131 4679
2894 1590
1590 2168
3229 1687
1687 1278
3058 3237
3237 1148
4370 4141
4141 4550
2400 4423
4423 3816
3408 1981
1981 1876
550 1248
1248 2775
3450 2157
2157 1251
3450 2719
2719 3167
4549 3756
3756 3613
3472 1947
1947 3763
146 1478
1478 4622
2857 1582
1582 4013
742 4344
4344 2554
3969 2629
2629 1758
2957 1745
1745 3816
1388 2941
2941 413
4436 2821
2821 2412
217 1830
1830 3485
4680 171
171 137
1265 4488
4488 1201
576 574
574 708
161 4424
4424 31
568 1117
1117 3925
1788 2994
2994 2034
3993 1703
1703 2876
1525 1398
1398 360
3253 1765
1765 4334
693 2295
2295 3103
3969 3313
3313 777
36 1453
1453 182
2957 2779
2779 1407
722 1216
1216 2616
4088 2610
2610 1437
969 3402
3402 1831
473 2938
2938 3925
4263 1451
1451 1443
548 461
461 242
4290 1252
1252 321
355 3200
3200 691
541 3926
3926 4478
1920 1884
1884 2578
3975 2031
2031 3128
2866 501
501 3664
1629 754
754 3680
3537 253
253 2904
3253 1141
1141 2009
2763 1249
1249 3618
1631 329
329 2881
3537 1841
1841 1771
1233 2645
2645 1614
553 1236
1236 1831
649 4410
4410 4157
755 4177
4177 1990
235 466
466 1602
2084 96
96 3899
1631 1975
1975 2833
2076 2345
2345 2492
36 3406
3406 1435
4192 4649
4649 3029
3178 3465
3465 557
4333 2479
2479 249
2747 1286
1286 2269
2081 555
555 1054
1321 1230
1230 3796
402 50
50 1501
86 1062
1062 285
863 4232
4232 2832
132 2892
2892 4487
417 2762
2762 4139
1388 965
965 875
3888 3081
3081 3839
48 1491
1491 346
3450 933
933 154
1510 3909
3909 137
1303 1493
1493 321
1898 1175
1175 2554
4548 2416
2416 1673
3993 488
488 1811
1287 4274
4274 2904
1371 4486
4486 4445
1371 4316
4316 1437
3414 2872
2872 3984
3650 3780
3780 3635
2232 4663
4663 2819
3528 3371
3371 3270
4494 1170
1170 522
379 2956
2956 1407
3366 4481
4481 4013
2955 3800
3800 3618
2076 4149
4149 3217
2641 2169
2169 3680
4399 2046
2046 1054
36 3840
3840 3103
71 3252
3252 1365
1512 4675
4675 4121
2393 1807
1807 3021
1067 354
354 4085
3079 2098
2098 2764
548 2239
2239 492
1075 3460
3460 2775
3787 1791
1791 1594
1388 152
152 409
3787 1784
1784 2664
4214 2937
2937 3242
1661 725
725 825
2987 759
759 4409
755 4061
4061 3070
2789 3288
3288 3251
4680 80
80 2556
1452 827
827 749
1212 4408
4408 3680
2177 4638
4638 1963
550 314
314 2015
3025 2714
2714 4570
2182 1147
1147 3813
333 1119
1119 1201
3920 3684
3684 3673
380 2130
2130 3894
1946 1733
1733 610
36 3773
3773 2930
380 3652
3652 4172
2763 4251
4251 3003
2560 4340
4340 1278
2957 3794
3794 1880
4473 432
432 1024
1833 1672
1672 2341
3229 674
674 3316
3576 2790
2790 4085
2641 2550
2550 1524
576 3030
3030 3894
2815 4619
4619 4172
550 2181
2181 691
401 1254
1254 346
3861 3164
3164 3580
4540 2925
2925 6
4399 1161
1161 1805
3831 2639
2639 3316
1516 1828
1828 1027
316 2942
2942 2696
4502 115
115 2250
4094 2688
2688 2738
1371 1336
1336 1180
2429 1199
1199 4324
1287 2968
2968 134
3121 1782
1782 2844
1050 2856
2856 249
1303 2138
2138 1726
4214 4318
4318 1274
2689 4596
4596 1278
396 2340
2340 527
548 2921
2921 4530
1721 4110
4110 1699
3975 3433
3433 2746
2003 4303
4303 4570
3903 4082
4082 3884
1222 1667
1667 3002
141 2798
2798 2934
4680 2361
2361 3166
224 2107
2107 2546
396 3510
3510 4429
2692 741
741 1374
4494 1208
1208 1180
4548 3609
3609 2173
2184 1313
1313 1699
1550 389
389 1435
2232 3469
3469 3485
3787 121
121 4281
3879 2535
2535 1985
4540 2105
2105 610
48 170
170 2996
3592 2004
2004 1990
3670 248
248 1013
700 4287
4287 4168
4407 4413
4413 4017
1946 935
935 3242
2184 3037
3037 2592
1833 2223
2223 1411
2081 1698
1698 4528
576 423
423 369
3974 2739
2739 2904
3395 3191
3191 995
3879 3193
3193 242
4257 4081
4081 3316
2945 4230
4230 3242
3472 26
26 610
456 651
651 1985
1287 21
21 445
3105 2197
2197 1754
3764 1957
1957 462
693 4366
4366 3881
531 1194
1194 3629
3145 2308
2308 914
235 2932
2932 4550
1010 3045
3045 1799
3818 3517
3517 1758
2763 1764
1764 1624
2084 4136
4136 3765
1525 3017
3017 3791
282 4521
4521 3464
3058 2265
2265 159
1521 3869
3869 4613
3429 975
975 1023
3709 3176
3176 353
3018 1794
1794 3796
1343 2187
2187 3692
3358 2052
2052 582
1804 258
258 4350
1512 3640
3640 1846
1150 926
926 3839
3358 3125
3125 20
3439 228
228 3804
1598 1701
1701 2814
333 3452
3452 2889
180 1611
1611 2335
4591 1355
1355 3635
2188 1723
1723 4350
146 3319
3319 2758
1326 4326
4326 2819
715 3010
3010 3387
1548 782
782 4010
2679 2363
2363 691
86 3343
3343 3162
271 1862
1862 3002
1689 1929
1929 4087
3592 1008
1008 1021
3675 2270
2270 2155
2622 286
286 3791
2184 1256
1256 3002
355 4233
4233 2086
4005 384
384 3162
2357 2873
2873 3065
2552 4190
4190 4530
3472 795
795 3270
640 1536
1536 338
3974 1158
1158 338
3787 3377
3377 2291
396 233
233 1024
1994 1342
1342 134
1050 1228
1228 4196
627 1949
1949 3927
450 1966
1966 3410
1657 1665
1665 4300
2622 3083
3083 20
1303 752
752 3251
3039 1693
1693 3024
3501 1261
1261 4085
4546 3963
3963 2814
4402 1397
1397 2590
693 1302
1302 1365
2511 3403
3403 3070
3366 2144
2144 3044
4261 810
810 1681
86 3529
3529 2201
181 475
475 3680
4494 1785
1785 4196
3261 3841
3841 102
2591 2136
2136 285
3026 2571
2571 4204
3658 2962
2962 1814
1416 281
281 4168
3942 1845
1845 708
3079 3113
3113 1446
2177 3381
3381 2326
3439 2958
2958 1022
3368 447
447 3673
3039 2547
2547 1594
3448 1134
1134 4017
3605 3944
3944 777
333 726
726 1754
4014 2524
2524 1278
2377 3790
3790 2764
2084 4398
4398 3763
867 1237
1237 2133
2066 3965
3965 3401
1277 4133
4133 4350
899 3707
3707 1889
4502 3704
3704 3316
4520 356
356 1683
1946 2807
2807 3074
4407 3228
3228 3315
1548 2533
2533 3487
850 1864
1864 3816
4549 4065
4065 6
3656 3325
3325 474
513 4283
4283 1180
1548 4055
4055 4528
181 4432
4432 4172
2945 319
319 2889
2447 2347
2347 2013
1548 11
11 4204
1944 1130
1130 4530
1150 4259
4259 2495
282 4026
4026 2664
3764 2740
2740 3927
392 210
210 1411
1920 3443
3443 1013
350 739
739 3245
2675 2131
2131 1431
2987 4160
4160 3574
2429 4301
4301 2977
86 669
669 2980
4678 583
583 3594
513 3939
3939 3796
4457 3847
3847 1793
380 4200
4200 2934
3092 1736
1736 3937
952 1153
1153 3970
4678 1105
1105 1876
2979 4256
4256 3925
2816 1341
1341 1923
3537 4659
4659 1894
2389 2585
2585 3816
3390 2682
2682 1584
3914 2418
2418 3478
2251 4362
4362 1607
2997 1473
1473 4409
2447 1482
1482 4550
1941 390
390 3646
4399 1953
1953 3315
4328 3285
3285 2168
2059 219
219 2167
2357 769
769 44
4088 3805
3805 1681
396 1127
1127 1506
1788 3860
3860 4537
3388 2090
2090 182
1525 2627
2627 1569
3306 2383
2383 732
3121 1531
1531 2683
364 2575
2575 1827
1416 2460
2460 1624
2066 1340
1340 3479
2264 4575
4575 1818
3969 2691
2691 1673
870 856
856 1012
1277 2047
2047 3242
850 2722
2722 3024
4473 1004
1004 930
4462 204
204 3316
2182 1335
1335 1488
4263 4581
4581 4168
146 1542
1542 2819
3058 1137
1137 2758
2177 1166
1166 2068
3764 2262
2262 3894
4540 414
414 2920
3942 4138
4138 4377
2451 4236
4236 869
3390 2406
2406 825
2448 317
317 2086
2648 3663
3663 1183
1165 1819
1819 1446
3709 2952
2952 4445
3989 1376
1376 2013
693 1172
1172 3673
232 1479
1479 2904
4399 4246
4246 1054
181 2478
2478 3245
4014 4037
4037 4478
3477 1159
1159 4537
3759 3155
3155 4622
2591 1412
1412 3970
4173 4317
4317 2989
1212 3608
3608 2133
4023 1704
1704 1251
3135 3682
3682 462
1277 2147
2147 154
4661 2863
2863 1023
3058 3548
3548 938
1156 2382
2382 1136
3993 2783
2783 285
4678 1098
1098 2385
2834 962
962 2103
640 4533
4533 474
513 3046
3046 2507
2834 1591
1591 3813
3079 1806
1806 2989
3448 4617
4617 3804
531 1522
1522 2551
2622 3972
3972 2844
3662 3295
3295 681
3229 5
5 3708
473 2499
2499 3149
4290 4215
4215 462
3235 2584
2584 1518
296 1167
1167 2988
2622 97
97 2103
3942 4185
4185 1857
3390 1642
1642 1524
1896 4266
4266 3806
3657 4412
4412 102
1287 2604
2604 119
3 812
812 2168
2171 4414
4414 1683
392 95
95 44
1689 4465
4465 4093
3384 2730
2730 1446
3528 1292
1292 2838
396 4598
4598 1431
2957 372
372 2495
3253 2711
2711 1827
4370 4639
4639 2764
3903 1823
1823 650
4304 1952
1952 53
4352 1914
1914 3894
3450 4629
4629 409
268 603
603 4478
2763 495
495 1319
2686 1229
1229 3103
2171 821
821 3673
3395 3867
3867 888
3642 3769
3769 2996
3450 521
521 1283
2210 2199
2199 154
2153 4126
4126 2545
3787 1045
1045 2881
4520 2050
2050 3708
3501 4592
4592 4193
1010 2240
2240 3715
1358 3666
3666 1673
355 993
993 2592
2894 3082
3082 681
4482 4388
4388 2934
1689 600
600 413
271 512
512 4544
2373 591
591 3842
2686 4415
4415 2833
1941 3286
3286 4010
2615 594
594 1827
271 2910
2910 996
396 1430
1430 474
2679 2072
2072 1621
1944 4258
4258 3782
4549 1269
1269 1857
1896 4497
4497 3044
2188 2531
2531 2195
132 2662
2662 3487
3 2231
2231 3177
2834 2450
2450 2746
3974 3677
3677 2013
232 2813
2813 4489
3993 3876
3876 1928
36 4048
4048 1939
4014 2723
2723 1023
379 3378
3378 2407
2648 2777
2777 4300
3390 4500
4500 2546
1287 166
166 3716
3056 2322
2322 2809
568 3560
3560 3487
4023 4594
4594 1201
2565 3182
3182 1726
292 1092
1092 869
1598 1858
1858 1805
268 2581
2581 31
2171 124
124 3594
3240 4642
4642 2930
2084 3660
3660 3636
401 814
814 182
2654 49
49 398
3501 4345
4345 2996
4502 706
706 3782
146 1730
1730 1928
531 3558
3558 3242
48 1863
1863 1673
3974 3102
3102 3479
396 3009
3009 3806
4680 1908
1908 4324
2997 4483
4483 2809
2997 3132
3132 3487
364 4648
4648 2385
377 1563
1563 596
649 1314
1314 2881
4634 1402
1402 1990
553 1086
1086 3203
4059 653
653 6
224 1441
1441 749
2967 800
800 3594
3435 2200
2200 1309
1156 577
577 599
755 506
506 1899
4462 1477
1477 3646
4644 2650
2650 3884
268 4112
4112 137
2654 1511
1511 20
1049 2594
2594 3884
867 4664
4664 3387
217 4276
4276 681
1010 1204
1204 1274
1833 658
658 182
3650 2094
2094 4437
132 324
324 582
3650 1705
1705 610
440 2587
2587 4544
4395 4547
4547 2233
553 3186
3186 3613
1649 4148
4148 3166
4453 2466
2466 2495
3092 2620
2620 4679
1987 1927
1927 1799
4057 3276
3276 3401
1010 2525
2525 346
3368 2698
2698 3629
3537 483
483 1309
2675 32
32 2977
4370 1671
1671 102
3358 3380
3380 2683
3240 1750
1750 2616
224 2509
2509 1136
1512 1069
1069 3646
1550 4069
4069 938
3650 2431
2431 4487
3253 2579
2579 3804
2955 3495
3495 4063
3975 4219
4219 756
3448 4568
4568 1022
2428 2325
2325 986
189 2927
2927 2904
2549 4272
4272 1820
1284 4601
4601 487
1548 2183
2183 1824
568 1666
1666 3980
3214 1878
1878 2746
3178 2453
2453 4499
1631 808
808 2492
4252 1404
1404 3346
4214 4593
4593 2013
1075 2911
2911 31
3358 274
274 2086
3628 2438
2438 3646
3075 1241
1241 1831
3576 2737
2737 2068
902 1599
1599 3128
271 4032
4032 3351
473 2443
2443 2333
936 3238
3238 1681
2232 3022
3022 1928
3448 4529
4529 2881
4591 1196
1196 4085
1941 82
82 582
1233 3376
3376 1136
3920 3593
3593 1411
235 1905
1905 2876
2763 2207
2207 3024
1010 883
883 4600
1550 1572
1572 2626
3395 4004
4004 2468
3408 519
519 3771
1165 502
502 996
3157 3572
3572 527
3178 4124
4124 4400
3995 1239
1239 4445
2854 3536
3536 31
2648 687
687 3002
4546 3194
3194 2758
4402 2749
2749 982
1605 1592
1592 825
2177 4179
4179 2546
2565 2638
2638 321
235 1408
1408 2002
4290 3267
3267 2463
1075 656
656 3029
628 2655
2655 4679
4436 1942
1942 1183
2204 1039
1039 3760
4096 3110
3110 4489
2188 3929
3929 875
3888 4367
4367 4013
2081 1499
1499 1653
3920 27
27 3737
4644 2196
2196 3646
392 1630
1630 2168
3105 4517
4517 3782
2654 822
822 4341
1994 3543
3543 1963
1212 3562
3562 154
1321 2279
2279 582
2894 4681
4681 1021
4094 579
579 20
666 3019
3019 1899
1689 1111
1111 2590
2815 3350
3350 2561
4384 2141
2141 4471
548 3212
3212 3629
2373 1917
1917 102
3993 571
571 3991
1512 4603
4603 338
2997 4120
4120 445
2373 1554
1554 634
1661 4357
4357 2546
4002 3749
3749 1923
2541 3354
3354 1939
3592 3639
3639 3763
1002 328
328 527
48 1873
1873 92
1833 2039
2039 4207
4546 283
283 2899
4395 2617
2617 3021
4252 3956
3956 2068
1944 2943
2943 3203
870 477
477 1437
861 470
470 3167
3537 1533
1533 4487
4625 3946
3946 474
1661 2005
2005 2988
4241 4643
4643 2838
531 977
977 4429
3135 2705
2705 2233
1598 774
774 708
3448 1965
1965 4010
1631 1603
1603 2590
3421 3830
3830 3279
870 252
252 532
3261 2320
2320 2764
4395 4405
4405 4087
2471 823
823 3970
1371 2792
2792 3839
1287 1734
1734 31
3135 1386
1386 708
3675 4447
4447 4281
4127 710
710 4085
2641 2608
2608 4334
3710 3739
3739 4445
3338 1125
1125 760
1416 2768
2768 2235
1920 347
347 2015
1414 4651
4651 2934
3429 334
334 3077
3990 750
750 229
3472 2701
2701 2592
1677 880
880 1990
4261 4542
4542 4622
867 617
617 4613
296 3827
3827 2216
224 3986
3986 3149
2021 1675
1675 3309
2957 1544
1544 1054
3759 2139
2139 2341
4263 3752
3752 2900
4399 3887
3887 2020
333 2521
2521 1021
3650 3067
3067 6
180 2846
2846 159
1833 3196
3196 1990
2747 3318
3318 2764
1284 2170
2170 1594
1326 3620
3620 2671
456 4371
4371 930
2675 3454
3454 986
3658 3511
3511 4207
3026 1352
1352 285
2073 2647
2647 3894
3975 2539
2539 75
3253 2452
2452 1726
2182 4574
4574 4157
2955 1380
1380 3128
3431 100
100 2664
3 2636
2636 148
1631 3889
3889 4013
852 371
371 2269
2690 3667
3667 474
4395 2318
2318 2122
396 478
478 882
3481 2951
2951 1411
1804 956
956 2996
2675 2824
2824 3346
797 2238
2238 338
2686 922
922 2590
4057 3630
3630 1805
3709 4042
4042 855
4548 3317
3317 1827
1279 896
896 3878
664 275
275 6
2357 3244
3244 3881
2485 3726
3726 242
123 1107
1107 398
2654 4559
4559 1985
4661 2300
2300 1624
3157 200
200 3315
3368 3908
3908 4477
861 202
202 2326
755 4354
4354 1726
666 4306
4306 3217
1255 792
792 4158
401 3142
3142 3635
2184 4505
4505 154
4494 970
970 249
1629 3848
3848 3574
3240 676
676 875
316 1356
1356 3782
700 3705
3705 2168
2088 98
98 2174
4678 2502
2502 1726
3888 2624
2624 1007
2063 1682
1682 4204
1233 259
259 708
3135 2215
2215 2335
1959 919
919 3351
2264 4163
4163 2216
1067 4356
4356 2947
417 307
307 1378
3408 3524
3524 3316
2473 2007
2007 3518
852 3924
3924 3464
4014 1835
1835 2545
611 3683
3683 4085
4453 2302
2302 2248
870 2417
2417 1990
2400 564
564 2899
4128 1330
1330 2010
2967 1589
1589 1889
906 2243
2243 1614
1343 4393
4393 3791
3818 1182
1182 1985
2622 593
593 148
2448 3935
3935 2977
3576 2142
2142 3177
3253 4161
4161 3594
1512 2376
2376 3613
4261 1492
1492 982
1860 3789
3789 2133
1629 1800
1800 526
1233 948
948 31
1472 4513
4513 732
1388 4610
4610 3925
863 3131
3131 779
693 1868
1868 148
2686 2263
2263 4622
3759 1123
1123 398
3990 4535
4535 4477
1510 4668
4668 3315
3831 2707
2707 4544
2588 2371
2371 4281
224 884
884 1015
3969 4242
4242 1013
3214 2437
2437 1183
1837 2847
2847 4204
355 2503
2503 1783
1677 4446
4446 3991
3157 4368
4368 4544
4422 3308
3308 1894
4644 1962
1962 2103
2692 3115
3115 1013
1808 4071
4071 4528
1416 2189
2189 2899
1049 1225
1225 3881
12 3061
3061 1967
2084 988
988 1857
3075 1348
1348 462
2869 1362
1362 982
440 4223
4223 4013
1181 4404
4404 462
473 4369
4369 1096
4520 2732
2732 3245
3528 3361
3361 4429
1452 3833
3833 3987
232 3330
3330 4157
2511 2803
2803 2407
541 1940
1940 92
1414 4314
4314 4204
3710 1916
1916 1283
3214 3098
3098 3708
2560 2755
2755 159
3989 4630
4630 3635
513 3118
3118 1923
3431 4522
4522 2546
3879 3638
3638 2068
3121 476
476 445
852 3264
3264 3021
861 539
539 3635
3528 2501
2501 1594
1472 2770
2770 43
1321 2706
2706 1023
2429 503
503 3078
3121 4665
4665 4090
4520 1142
1142 285
3366 2897
2897 321
379 3459
3459 2738
3026 2459
2459 4570
161 4178
4178 3298
1222 4558
4558 1811
2588 357
357 3166
3642 2743
2743 2920
2373 1025
1025 3747
2154 416
416 4300
450 1825
1825 2250
2854 3819
3819 1607
3993 2403
2403 2248
2957 4421
4421 1967
4548 176
176 1274
3135 1956
1956 2578
2591 4391
4391 20
105 2884
2884 634
2686 4099
4099 2741
1833 4031
4031 4437
4462 2026
2026 1584
1075 4587
4587 522
2789 748
748 134
780 3728
3728 1148
3477 1060
1060 4530
36 4618
4618 1894
4096 1995
1995 3485
86 2227
2227 4429
4241 1945
1945 3806
1510 4576
4576 1683
2967 1549
1549 1027
2815 215
215 2833
553 4632
4632 1186
1452 983
983 3574
2021 1969
1969 1846
1598 3281
3281 1923
2448 3134
3134 3309
627 3829
3829 1831
3261 3208
3208 3791
3551 1874
1874 2980
3989 428
428 3003
1987 289
289 532
3039 2964
2964 1799
1169 3555
3555 249
3421 4571
4571 360
952 3334
3334 4537
1994 4282
4282 2838
217 1540
1540 3279
2675 40
40 4445
2692 4416
4416 2155
4289 2806
2806 4281
2377 1609
1609 1518
3026 1339
1339 2250
1354 1033
1033 990
4502 4159
4159 1899
2210 589
589 875
3358 4264
4264 912
1944 3978
3978 474
1788 1866
1866 3217
4548 3241
3241 3251
4005 1761
1761 2315
3058 3372
3372 2283
377 1202
1202 3279
2182 4599
4599 1022
2560 2516
2516 2133
364 1065
1065 321
401 2687
2687 2920
3435 4288
4288 2696
401 1961
1961 4013
1452 341
341 3692
3366 4579
4579 1015
1763 4590
4590 4017
4001 2794
2794 2782
316 3174
3174 3103
1562 770
770 2616
3995 3114
3114 102
2894 1895
1895 2900
2451 231
231 321
1510 1406
1406 825
448 3633
3633 487
3831 4623
4623 4622
1987 3310
3310 3227
576 498
498 3410
1550 2922
2922 2315
1165 2651
2651 3316
2615 287
287 650
1721 3265
3265 1186
969 1320
1320 3919
2251 1903
1903 3554
3764 3775
3775 2015
2955 4493
4493 1655
2076 420
420 4478
1165 738
738 1186
4422 1660
1660 511
1618 2800
2800 3315
4395 67
67 75
3075 1459
1459 3919
71 299
299 4210
1994 2080
2080 3747
2003 157
157 3765
180 4325
4325 3737
1775 1384
1384 596
3025 2118
2118 4196
1326 2115
2115 4478
1946 63
63 2315
1287 2396
2396 148
2692 1057
1057 1027
1284 3028
3028 1594
1326 472
472 2385
3973 2603
2603 2920
3969 42
42 930
316 4464
4464 4499
4257 3838
3838 4196
3429 1663
1663 1136
867 415
415 75
553 3873
3873 1251
3592 3736
3736 2616
1550 2965
2965 1754
4482 2674
2674 3842
2447 4221
4221 4577
936 4285
4285 1270
4399 2653
2653 2015
3458 1040
1040 3024
3248 1390
1390 2492
742 4554
4554 242
3710 3521
3521 1880
180 3020
3020 3919
3989 3767
3767 777
3628 4327
4327 4193
3458 4584
4584 2664
2393 3542
3542 3578
1265 1104
1104 3937
3605 3147
3147 1653
4644 3199
3199 346
972 3949
3949 1518
2689 2330
2330 3534
86 1829
1829 3987
105 4355
4355 1634
2428 2224
2224 4622
852 768
768 2819
1516 2708
2708 3763
2515 941
941 4063
1721 885
885 596
3975 298
298 3919
1063 4260
4260 3245
3592 3084
3084 1012
4192 2896
2896 3629
3592 4346
4346 1378
3914 4411
4411 2233
2679 733
733 4377
3157 3112
3112 4193
2188 2745
2745 2626
3421 1140
1140 1148
2182 1294
1294 3303
2172 3945
3945 4196
12 2817
2817 1846
4462 3278
3278 154
3306 1132
1132 3980
1284 3644
3644 3315
4370 1619
1619 2980
2073 3531
3531 2333
1946 2445
2445 2819
576 70
70 4207
2204 2477
2477 3842
355 3627
3627 3401
3229 2156
2156 4196
3135 630
630 4334
4228 3563
3563 2775
2021 2346
2346 137
861 573
573 2899
1277 117
117 1437
1414 4608
4608 995
1049 4467
4467 1437
3306 605
605 2111
3026 3159
3159 3487
4678 846
846 2283
1763 918
918 4063
2692 2632
2632 3578
2615 625
625 3021
3039 153
153 3804
3458 3344
3344 3629
2866 905
905 3407
899 3328
3328 321
850 315
315 3227
2373 4389
4389 346
640 2557
2557 3782
4580 2230
2230 2529
2654 2244
2244 708
2675 3419
3419 1013
1303 2761
2761 3806
1284 2774
2774 3680
1002 2390
2390 249
3178 4253
4253 4409
4644 2669
2669 3044
1775 1586
1586 2741
3390 4662
4662 1201
2541 1696
1696 1831
1371 3209
3209 4437
1472 552
552 2741
3435 403
403 4577
3903 290
290 1793
3470 4508
4508 3479
3670 4431
4431 2590
189 2536
2536 4132
780 3690
3690 557
1516 1179
1179 2738
4096 2321
2321 532
2957 1577
1577 1846
2204 4347
4347 2616
3995 2108
2108 3804
3657 436
436 3636
4001 1872
1872 2741
4548 1350
1350 2696
437 2260
2260 3167
3338 1317
1317 1607
1628 2426
2426 527
1808 2064
2064 3664
456 4562
4562 2546
2389 3005
3005 4090
1752 1565
1565 3765
3105 778
778 4350
780 3290
3290 6
1808 833
833 3003
802 2222
2222 1838
2854 1219
1219 242
2264 2724
2724 2844
4014 1360
1360 2133
3235 3828
3828 3618
350 2099
2099 4350
4261 3837
3837 1799
3787 3900
3900 1446
4548 2882
2882 3103
1277 2017
2017 2996
553 1234
1234 1699
936 2916
2916 338
2063 3394
3394 2903
4023 3520
3520 1186
3759 2893
2893 4437
141 1301
1301 1012
4241 1854
1854 3846
181 1470
1470 777
3145 339
339 2833
2455 3983
3983 353
2172 1623
1623 2546
3414 2359
2359 888
952 4166
4166 2079
2073 453
453 1634
3 4378
4378 2315
3592 657
657 1818
1525 458
458 3574
4059 939
939 2412
3501 1189
1189 2009
2854 1359
1359 3029
2471 1285
1285 1283
1303 2162
2162 2155
4001 1160
1160 137
3253 365
365 1446
282 1258
1258 75
1284 1890
1890 691
181 2860
2860 3203
3974 3192
3192 3737
3681 1197
1197 1602
3969 632
632 6
1689 3912
3912 3407
797 3185
3185 3479
4059 4365
4365 3763
1343 3967
3967 3635
1649 514
514 1814
4473 4397
4397 749
3306 944
944 2233
4192 3093
3093 1038
3320 3550
3550 2235
664 3700
3700 599
3338 949
949 4489
4457 2625
2625 102
3025 2637
2637 2996
66 509
509 2507
123 1658
1658 3485
4407 4322
4322 996
1959 4627
4627 1634
628 746
746 4193
2357 624
624 1811
3990 1425
1425 1990
2979 430
430 182
2251 1930
1930 2407
3439 4456
4456 19
2428 3595
3595 511
2955 1620
1620 1683
3990 431
431 2551
2987 2012
2012 2546
4407 1273
1273 2683
4023 3190
3190 3878
3075 2316
2316 681
4373 968
968 321
3470 4336
4336 1201
4384 2919
2919 134
4057 2812
2812 3987
2552 1121
1121 650
473 405
405 527
440 3347
3347 1818
146 3772
3772 2903
3681 924
924 1148
550 2971
2971 3077
4373 1299
1299 2326
947 52
52 2034
3662 2036
2036 3351
611 606
606 474
271 1193
1193 2009
271 273
273 413
448 494
494 2335
4462 1816
1816 1488
3551 3445
3445 2738
3395 1796
1796 3177
666 4380
4380 2068
2021 1133
1133 2216
2763 3289
3289 6
2063 198
198 2671
3597 2621
2621 930
4257 3686
3686 2507
1605 2972
2972 398
2021 4361
4361 4350
189 454
454 182
2471 1901
1901 2814
1562 3862
3862 3554
316 4363
4363 2507
4002 480
480 102
4402 3971
3971 3351
627 136
136 2507
66 4490
4490 4570
1279 13
13 3464
3421 1495
1495 1270
2975 83
83 3217
4128 3499
3499 777
3657 2332
2332 2561
1354 2472
2472 1274
899 3184
3184 2977
2689 1933
1933 2333
3214 4449
4449 3816
2088 104
104 3166
3528 1713
1713 1378
3026 3941
3941 777
3018 1434
1434 360
3388 1900
1900 3765
3384 155
155 1869
2154 3502
3502 1923
4352 2811
2811 2233
2373 3341
3341 1939
4333 1993
1993 3068
531 3392
3392 3008
4257 4503
4503 1518
3092 2297
2297 4341
4002 4295
4295 1683
232 1792
1792 1621
3056 3053
3053 1607
2591 3570
3570 3245
2204 1415
1415 127
1860 3671
3671 44
1959 2568
2568 2507
3605 35
35 4409
400 3050
3050 492
3906 3124
3124 3410
755 3447
3447 462
1837 4469
4469 749
2063 3482
3482 2103
3658 4403
4403 1186
2549 1943
1943 3782
1343 135
135 1771
4214 3711
3711 2407
86 1656
1656 1783
3368 504
504 4622
1550 3943
3943 2738
1371 644
644 2174
3787 3697
3697 31
3710 633
633 2068
3 2548
2548 3407
316 340
340 3167
1165 638
638 756
4373 3247
3247 1990
3903 3409
3409 3763
1067 2597
2597 1365
4448 4566
4566 1754
1808 4557
4557 4300
3920 433
433 2980
2511 309
309 413
1941 1484
1484 249
3973 3357
3357 148
850 2278
2278 882
3429 463
463 2103
392 54
54 3804
2675 4348
4348 2580
2059 1597
1597 1274
3592 1333
1333 3346
4438 22
22 1894
2059 3674
3674 2996
3942 3206
3206 4281
1548 2993
2993 2929
1550 2456
2456 2832
3229 2609
2609 4341
553 2101
2101 1861
3025 542
542 3771
4407 1644
1644 1607
350 2652
2652 2407
4438 4188
4188 2291
4192 4510
4510 3616
4304 1797
1797 4093
417 2855
2855 2758
4257 4474
4474 3692
1414 1870
1870 2876
3025 4606
4606 3554
417 3832
3832 2201
1472 2338
2338 3970
4095 543
543 610
3670 931
931 3871
417 697
697 2930
4422 238
238 4158
1657 2940
2940 338
3235 4563
4563 1022
4173 4183
4183 2616
2081 1143
1143 3763
3157 4470
4470 2233
3261 3882
3882 1928
377 2793
2793 3003
1358 1716
1716 2947
1944 1387
1387 914
3429 1958
1958 53
232 110
110 3636
350 435
435 990
2957 404
404 1793
3650 4015
4015 2176
2857 2408
2408 4204
2834 3072
3072 2013
3358 3117
3117 3594
3657 3291
3291 2889
4457 1427
1427 3791
1860 1570
1570 102
3480 1970
1970 1411
3993 886
886 1634
2692 4271
4271 3716
2429 3370
3370 2809
1371 1515
1515 2696
2377 58
58 629
4192 971
971 2463
2152 2035
2035 4168
4228 3519
3519 912
3914 1976
1976 1758
2152 25
25 1501
2171 1325
1325 3987
450 1190
1190 369
3058 4491
4491 2250
1721 4203
4203 2758
3253 3602
3602 2195
3338 2087
2087 882
3501 4142
4142 990
2184 2054
2054 3925
2815 2089
2089 3464
2945 1253
1253 3346
548 4044
4044 634
2473 1211
1211 4489
2945 4565
4565 1180
1169 1980
1980 3070
1804 1973
1973 2988
2789 662
662 3899
189 1392
1392 610
3675 619
619 2407
715 1840
1840 3878
4173 4270
4270 2758
3388 1757
1757 4377
802 3204
3204 4121
1833 4255
4255 4613
71 3014
3014 2764
4001 2381
2381 1501
3320 3156
3156 4300
1002 93
93 3806
3121 1289
1289 3871
3058 2028
2028 3270
2153 2163
2163 353
4548 2078
2078 1407
1898 1480
1480 3351
3395 1281
1281 3487
531 1971
1971 3925
1550 1588
1588 3387
1920 2151
2151 920
2251 1885
1885 1251
417 2110
2110 2746
4373 1632
1632 3846
1959 2117
2117 2738
1605 4458
4458 102
2565 1295
1295 3024
2073 1366
1366 1838
2393 961
961 732
2979 4039
4039 3070
1222 3762
3762 4341
268 2598
2598 3167
1525 3172
3172 4409
4473 1974
1974 3980
3157 3866
3866 346
3388 2424
2424 3316
3214 3307
3307 3149
3366 4130
4130 596
2945 4674
4674 4528
4128 1678
1678 2385
3414 3305
3305 4204
4333 3042
3042 1786
2967 4072
4072 1861
3408 957
957 756
2232 2464
2464 3309
1010 1641
1641 409
1752 703
703 2235
2834 1906
1906 2929
2073 530
530 2904
3092 3453
3453 511
936 1417
1417 2468
3395 4074
4074 3574
1303 1561
1561 3162
2204 1449
1449 1506
12 1393
1393 242
2869 4556
4556 681
2153 623
623 3816
2473 236
236 990
2894 1327
1327 2195
2987 3391
3391 511
180 3811
3811 353
742 3462
3462 2607
4494 3213
3213 3534
66 879
879 2487
3253 1497
1497 3298
396 1481
1481 2167
3388 2314
2314 1518
4095 3226
3226 2607
4005 2532
2532 3646
1548 3649
3649 1928
3670 775
775 1007
4241 4041
4041 3771
541 1496
1496 2580
105 2569
2569 1805
1512 2727
2727 1861
180 670
670 650
2251 4108
4108 154
2373 2024
2024 4087
161 2268
2268 2195
700 3432
3432 3715
2171 908
908 561
3974 991
991 3594
2377 1669
1669 4168
3650 4075
4075 3074
2184 2522
2522 285
3429 241
241 3251
3261 2716
2716 3991
1516 4536
4536 2607
2689 2935
2935 650
141 1686
1686 1251
4228 2500
2500 3791
2747 1486
1486 398
1326 1911
1911 2341
867 4116
4116 4499
640 2694
2694 119
3145 2553
2553 888
3338 4621
4621 2283
2182 1795
1795 1443
3759 426
426 3518
4453 1421
1421 1771
1097 1178
1178 3077
380 3624
3624 4010
3831 1191
1191 3839
640 4673
4673 2664
3470 3246
3246 3782
3861 2307
2307 1861
123 4671
4671 3554
3597 144
144 2876
2393 2245
2245 3316
3592 2413
2413 1274
3969 2137
2137 1894
1150 1440
1440 990
4678 4526
4526 1007
3658 1778
1778 2904
1721 2717
2717 75
952 1088
1088 2626
2073 2491
2491 3245
1721 690
690 1024
2152 3284
3284 1928
2428 237
237 920
3974 2736
2736 990
1605 1223
1223 3177
141 318
318 4155
401 4585
4585 360
3145 308
308 3245
3975 260
260 1805
3975 2360
2360 3128
2153 1347
1347 3217
2615 637
637 2248
541 2508
2508 1805
4373 2786
2786 4477
1946 3858
3858 1634
448 2600
2600 3839
4402 376
376 3464
2866 4106
4106 1683
2473 160
160 2838
4370 4425
4425 44
1002 320
320 44
2679 3735
3735 1634
1898 999
999 1506
2549 2528
2528 2176
867 113
113 3024
1063 3169
3169 2561
3390 1101
1101 3534
2967 394
394 1524
2455 1116
1116 1820
863 3475
3475 1621
4580 520
520 338
2834 753
753 2696
4059 1886
1886 2326
902 387
387 3003
2622 3035
3035 3078
1763 832
832 4158
2021 4307
4307 4577
664 174
174 1624
86 191
191 1602
628 3505
3505 1476
4678 743
743 4613
3990 4382
4382 2844
4370 1381
1381 3401
1833 848
848 3636
2021 2658
2658 2176
448 2861
2861 3813
2834 305
305 3003
456 1400
1400 1754
1598 3553
3553 1818
400 729
729 930
906 2750
2750 4132
3675 1118
1118 4063
2084 2427
2427 492
3481 3964
3964 2269
66 1918
1918 708
861 4
4 2554
1657 211
211 3242
1165 1557
1557 1201
71 3239
3239 995
2654 1079
1079 1681
402 1464
1464 3351
437 660
660 2333
3969 1526
1526 2103
4540 257
257 511
2866 874
874 3534
2763 1879
1879 4445
350 2350
2350 3765
3092 857
857 2020
1222 3504
3504 1038
2448 1984
1984 1673
3253 4609
4609 2412
3058 2483
2483 1786
456 3223
3223 1805
1618 1361
1361 681
3121 932
932 2738
780 3280
3280 1431
3439 168
168 2002
4422 2404
2404 3594
3989 2030
2030 1443
3368 3886
3886 1793
1629 1041
1041 1827
1521 3645
3645 4489
2675 1951
1951 2904
2188 1113
1113 1007
4252 2769
2769 346
2675 1798
1798 4157
3973 1694
1694 557
2588 3706
3706 4121
1763 1789
1789 3149
2073 3326
3326 912
1097 2025
2025 3842
4263 3793
3793 2920
4289 7
7 1818
2763 2851
2851 3782
2690 2752
2752 2664
333 382
382 3708
2894 2880
2880 4622
268 4293
4293 1607
2063 997
997 1594
224 1162
1162 1634
576 4235
4235 3594
3431 3852
3852 3068
2622 4418
4418 1007
1516 538
538 2640
1303 2439
2439 3980
1097 2461
2461 2758
3058 1155
1155 4377
1920 2852
2852 2640
2967 4484
4484 2490
86 4315
4315 995
2264 3507
3507 1726
180 406
406 3871
2565 958
958 1831
161 953
953 2487
1788 3822
3822 159
4014 3130
3130 3806
3903 3466
3466 3664
316 4555
4555 3177
2565 2939
2939 3842
1941 156
156 1183
4263 3778
3778 2013
2066 4372
4372 3673
3993 234
234 2696
4370 1650
1650 4478
1896 2275
2275 338
4088 2449
2449 4204
3642 1450
1450 1374
4453 2805
2805 4487
1510 1615
1615 2758
4261 193
193 3980
3642 4589
4589 681
181 860
860 2904
627 868
868 2980
863 3874
3874 3646
2686 654
654 3410
2429 4198
4198 3594
4228 1240
1240 31
86 3977
3977 360
1049 263
263 3309
2591 4475
4475 1506
1510 655
655 4499
867 2773
2773 2989
1265 3916
3916 3899
1649 588
588 3987
3989 1571
1571 127
3458 3069
3069 2248
2675 3336
3336 92
2373 490
490 2167
3995 1575
1575 3315
4634 3283
3283 398
2455 455
455 242
316 3931
3931 134
553 711
711 398
2815 4245
4245 2122
2171 2430
2430 938
4263 3513
3513 2195
217 1036
1036 2495
3879 2526
2526 1963
150 1541
1541 2155
3675 2458
2458 4499
3990 783
783 4204
3710 103
103 3881
3235 4667
4667 2315
2957 245
245 2920
407 399
399 1437
3240 3496
3496 4544
3818 1329
1329 3899
3075 69
69 2174
1775 4658
4658 3692
1165 1507
1507 3813
1279 2127
2127 2133
1860 4602
4602 4570
667 1064
1064 1831
3675 3720
3720 1939
2648 4206
4206 4155
4304 1935
1935 2546
2182 735
735 3925
316 2623
2623 1024
553 3441
3441 3128
3157 126
126 3763
1388 4058
4058 1022
3551 1635
1635 1201
3969 4376
4376 596
969 3109
3109 1990
2389 4511
4511 2876
3435 747
747 2269
4214 3165
3165 3747
4059 1581
1581 3024
541 757
757 2947
4680 3122
3122 4544
36 1059
1059 3024
1752 351
351 3044
2373 2362
2362 492
2654 4586
4586 462
1657 702
702 44
1689 4338
4338 53
2251 1770
1770 3518
1946 2097
2097 2554
1808 3922
3922 4281
2377 1498
1498 3029
715 4213
4213 1022
4088 3471
3471 3021
2615 1077
1077 1838
1050 4426
4426 2758
473 1576
1576 3103
1472 592
592 4528
292 507
507 3003
3092 2486
2486 3881
1677 4595
4595 561
1860 3859
3859 3021
2171 1122
1122 2412
3787 2802
2802 1365
4453 1922
1922 3616
2210 1337
1337 4155
3 572
572 596
296 1293
1293 1476
2679 4552
4552 1365
2153 4060
4060 777
1562 2613
2613 3708
2084 1139
1139 3763
1169 1626
1626 1556
2615 3438
3438 2079
2894 4626
4626 4377
3248 3981
3981 634
3092 1568
1568 249
3092 1842
1842 2758
1279 2693
2693 3227
355 130
130 2900
2690 4515
4515 3613
3018 1085
1085 4334
2894 3527
3527 2683
2172 2670
2670 75
3993 1312
1312 1024
969 1051
1051 3387
513 4468
4468 2086
12 607
607 20
105 2440
2440 3298
3229 858
858 3024
3818 590
590 779
2789 2778
2778 3925
181 826
826 888
4263 3137
3137 2746
3710 1659
1659 1990
1063 3979
3979 3991
2447 1809
1809 134
627 491
491 1007
755 2282
2282 1274
1326 3096
3096 2492
2428 3617
3617 2561
2560 1595
1595 681
902 4098
4098 2988
3903 3596
3596 3478
3429 859
859 1838
3470 2436
2436 4443
2462 2998
2998 749
2654 1247
1247 3070
71 3259
3259 242
4580 3170
3170 4437
2172 1184
1184 2079
3675 4496
4496 1180
12 1138
1138 445
664 4156
4156 3747
2854 2885
2885 1201
392 74
74 3716
3670 1999
1999 4063
1629 3188
3188 1283
2188 1037
1037 2696
2172 3865
3865 4550
2641 845
845 2626
3414 280
280 2556
3989 4134
4134 777
3818 226
226 3987
2076 246
246 1771
150 696
696 1594
1636 3011
3011 1278
4520 3891
3891 43
379 2328
2328 1602
568 1458
1458 3407
2565 2106
2106 1793
850 2506
2506 4489
3145 3073
3073 3279
3338 3535
3535 3029
3528 143
143 732
1371 3340
3340 2133
2251 2827
2827 3008
3026 1444
1444 1818
576 3544
3544 1861
1920 1848
1848 492
4059 3500
3500 1861
4407 1979
1979 249
4252 668
668 986
3145 2060
2060 229
628 3835
3835 2168
2232 3205
3205 3636
802 1389
1389 1524
2692 2676
2676 3796
870 3356
3356 2782
969 4109
4109 930
2815 545
545 4204
180 1892
1892 2551
1525 2401
2401 4157
1898 1779
1779 1378
3408 2646
2646 1602
3421 2633
2633 3346
715 2044
2044 3796
2251 1447
1447 1621
1063 3938
3938 3618
4644 4534
4534 3980
1896 1720
1720 3970
4088 3486
3486 137
3995 1475
1475 596
3421 3659
3659 4528
1808 2859
2859 3534
3477 4174
4174 2013
3338 2249
2249 2838
448 1399
1399 1899
4057 2681
2681 1431
2541 989
989 532
4546 772
772 2168
4333 1310
1310 2988
1944 4538
4538 3708
1414 3538
3538 2315
3 2576
2576 1013
3439 598
598 561
4678 3231
3231 3846
2373 1534
1534 4158
4290 2974
2974 3594
972 4646
4646 92
2182 2657
2657 3795
1303 1304
1304 2930
666 3236
3236 346
1181 114
114 3177
3592 2019
2019 1374
4625 842
842 3791
4644 1014
1014 522
3431 3868
3868 2551
271 3750
3750 3554
3458 854
854 610
437 1102
1102 2664
863 128
128 3871
3358 3393
3393 982
473 2888
2888 2103
1326 2299
2299 1186
3431 836
836 4445
3501 642
642 3804
2615 2273
2273 445
1837 1460
1460 3303
3670 3383
3383 708
2816 4107
4107 3270
2232 3665
3665 1923
440 3877
3877 159
2957 2983
2983 3298
3537 4312
4312 4528
3759 3565
3565 2640
3787 4045
4045 2133
4096 2883
2883 920
1156 3071
3071 3763
2648 3266
3266 561
2789 4125
4125 3217
4448 2349
2349 1963
1388 2148
2148 3782
4263 267
267 3765
4384 2543
2543 6
1763 829
829 3534
2081 418
418 3167
4507 4153
4153 134
4395 2572
2572 2235
667 1755
1755 2009
1512 2917
2917 1431
3710 793
793 2764
3628 1466
1466 20
3650 4479
4479 1435
2615 3222
3222 3303
2088 645
645 1861
3135 2726
2726 2463
2560 111
111 511
1303 712
712 2683
3472 2370
2370 102
3942 1982
1982 43
1150 3892
3892 3485
2549 2113
2113 134
316 3801
3801 3387
3414 3911
3911 229
947 895
895 4334
3429 3140
3140 1811
4228 3685
3685 732
3320 3001
3001 2487
780 2284
2284 409
396 4666
4666 4443
3710 2973
2973 2934
71 4084
4084 3464
2393 2721
2721 3782
355 2849
2849 1786
3366 3999
3999 1437
292 151
151 2009
3026 4567
4567 3765
4661 3260
3260 3227
2560 2419
2419 2590
1002 1494
1494 1027
3501 3497
3497 4477
377 4434
4434 1407
3942 731
731 1786
693 3382
3382 338
3597 872
872 3760
1636 2241
2241 610
36 4620
4620 4121
3240 3714
3714 532
1222 3424
3424 2546
150 3902
3902 2529
3261 3404
3404 1889
232 4524
4524 137
3025 566
566 1007
4494 3365
3365 996
3651 677
677 2495
123 2344
2344 2167
863 3808
3808 650
715 730
730 681
3628 1882
1882 3715
3576 3086
3086 1012
2541 904
904 511
473 1810
1810 2174
3642 950
950 3816
1279 277
277 353
2515 3693
3693 3747
1156 3036
3036 4537
2081 4070
4070 1894
947 4656
4656 986
3121 1226
1226 2592
3414 1638
1638 102
947 2605
2605 3479
861 147
147 2683
2515 270
270 2315
3429 1856
1856 119
2654 3810
3810 4544
2760 2179
2179 749
4304 4463
4463 31
1416 1214
1214 1614
2692 4067
4067 2155
4549 2558
2558 3771
2747 4309
4309 1811
2815 3373
3373 1435
3759 862
862 2283
2552 1455
1455 1985
1516 567
567 1857
4678 2562
2562 2554
3670 3411
3411 996
3435 981
981 522
1752 559
559 3070
4005 2394
2394 3298
1860 787
787 3708
1303 138
138 3782
4462 3904
3904 3078
3995 2259
2259 44
3384 2420
2420 3782
1959 2891
2891 4100
1521 3299
3299 1501
2184 2898
2898 1411
1063 2074
2074 3680
1181 4560
4560 229
3145 1509
1509 1365
852 1729
1729 3351
1721 2759
2759 2195
3709 528
528 1876
3592 359
359 1309
3105 434
434 3763
4257 1766
1766 2122
4402 2871
2871 3984
2515 1296
1296 4478
333 373
373 708
4014 1664
1664 1096
972 375
375 3251
2152 2886
2886 2168
3390 525
525 2545
2515 773
773 2989
3861 2051
2051 2487
4625 33
33 3316
400 3201
3201 2195
3658 1710
1710 777
3092 221
221 1027
3650 4119
4119 3518
4088 728
728 462
1284 692
692 3616
3969 106
106 3919
4096 2926
2926 2819
3973 1245
1245 2009
4634 2612
2612 3245
2003 2104
2104 3842
1752 1613
1613 3899
12 942
942 1488
2552 776
776 2889
1075 1639
1639 3635
132 3100
3100 1939
4304 2673
2673 3270
3018 3802
3802 3518
1516 2053
2053 4121
4395 1200
1200 1278
2894 262
262 2173
1775 2145
2145 3816
3974 3568
3568 2492
2210 2454
2454 3919
2451 3282
3282 4537
3039 76
76 1411
3973 4175
4175 3487
693 987
987 321
473 4038
4038 3149
3079 167
167 1023
161 51
51 1054
4241 683
683 3796
1994 3076
3076 4300
4502 4154
4154 3715
1233 264
264 159
3026 1740
1740 53
3528 4428
4428 1201
568 3864
3864 3763
1156 717
717 1319
392 2367
2367 3894
4261 1307
1307 4570
450 2537
2537 1799
1649 361
361 1556
1416 4273
4273 1771
972 2392
2392 3839
1763 3089
3089 2881
550 1768
1768 1319
2448 2305
2305 2947
4625 2045
2045 4121
4023 849
849 154
2066 419
419 3878
550 395
395 1283
437 758
758 2833
2690 2992
2992 3554
3178 2867
2867 3925
1233 562
562 1990
2511 3249
3249 875
611 451
451 1569
3657 4248
4248 3816
4192 784
784 4499
2967 1553
1553 4530
3592 3647
3647 2988
4214 2166
2166 4172
1808 4187
4187 3991
4473 1011
1011 3162
2471 1769
1769 1624
66 940
940 413
722 3569
3569 4158
3650 3034
3034 708
400 4670
4670 3003
3481 3590
3590 2934
1388 4164
4164 1683
568 2082
2082 3270
3395 907
907 4121
4457 2001
2001 1783
2188 2831
2831 3839
4625 107
107 1407
3026 1231
1231 4577
2552 3921
3921 3715
4591 38
38 532
2448 934
934 3791
1649 4553
4553 134
1287 429
429 610
1631 3323
3323 4570
3145 3189
3189 3796
2760 3359
3359 995
3431 266
266 321
902 186
186 1446
2967 1652
1652 3387
1661 892
892 2335
1150 349
349 629
1277 4390
4390 3715
1371 2266
2266 4613
2560 1463
1463 2819
3818 3584
3584 3044
1941 10
10 527
1833 1323
1323 3616
4644 439
439 3534
3135 1777
1777 1569
531 2255
2255 855
3056 3985
3985 1783
407 2742
2742 4528
513 4351
4351 681
268 3634
3634 4570
3628 2699
2699 4499
3592 3416
3416 2545
2957 1129
1129 760
2588 2936
2936 3803
2373 4335
4335 4204
3656 4339
4339 4600
1287 910
910 1437
4001 388
388 3680
4333 4018
4018 4090
4399 834
834 2920
3597 2023
2023 1569
3764 1530
1530 3149
2648 3004
3004 982
1808 740
740 1614
440 3033
3033 2490
1416 4509
4509 1869
350 1185
1185 3315
3888 901
901 938
3903 2907
2907 487
3650 3589
3589 1681
2975 3386
3386 1673
722 984
984 2248
2210 1052
1052 1407
649 540
540 3795
4438 3016
3016 3487
2021 2093
2093 1023
181 1738
1738 3782
3157 4313
4313 1820
3026 811
811 3400
4304 125
125 912
2866 1009
1009 1857
1636 91
91 1524
3145 3727
3727 2545
3450 47
47 2889
3157 3689
3689 2640
4290 2067
2067 4530
700 2878
2878 249
3439 4113
4113 2103
3592 554
554 3765
1358 3333
3333 4204
377 3224
3224 2929
1920 3095
3095 2111
3235 551
551 1096
2541 3211
3211 2671
863 2319
2319 353
4289 2700
2700 20
3650 3023
3023 3795
2692 1263
1263 610
4214 4310
4310 413
3366 342
342 3715
1944 615
615 2326
4399 1053
1053 4158
3576 4218
4218 4341
456 4657
4657 92
4261 3060
3060 2546
852 4143
4143 1274
4591 1500
1500 1793
3656 1305
1305 4445
380 3250
3250 3580
4001 4152
4152 1726
4059 580
580 1183
3229 1428
1428 369
3320 3051
3051 3242
2815 3143
3143 4158
1837 2810
2810 2980
3439 3870
3870 3162
3261 2205
2205 1007
4591 612
612 53
2182 626
626 1653
1343 1438
1438 1814
2641 1737
1737 3407
66 3757
3757 1584
2171 1724
1724 4281
3229 897
897 4528
3974 4394
4394 2920
2462 3108
3108 2492
2081 761
761 75
3338 4476
4476 629
1510 4118
4118 3242
3429 4180
4180 3316
2428 3385
3385 2068
664 929
929 3401
3178 4227
4227 3400
4328 581
581 2546
4402 1504
1504 2326
2182 1711
1711 2122
4261 223
223 2174
2955 345
345 3878
3450 1232
1232 1407
2747 2841
2841 3074
3576 791
791 2468
3576 187
187 876
3501 327
327 3574
3605 481
481 2782
1067 4229
4229 2315
189 1315
1315 2468
4370 3254
3254 249
3408 3451
3451 4204
2088 3834
3834 338
3248 3255
3255 1443
271 2482
2482 511
1343 2208
2208 3856
2172 2354
2354 2176
3920 120
120 1653
1416 2226
2226 1024
1689 1072
1072 2122
4373 2342
2342 1096
1959 2311
2311 338
3368 2294
2294 1584
3056 2388
2388 1805
4473 3622
3622 995
1763 497
497 995
4289 4359
4359 53
2210 1670
1670 2947
3470 4102
4102 3839
4241 994
994 4334
2615 2055
2055 1673
4546 4189
4189 2248
4088 3038
3038 2881
4241 18
18 3315
292 3161
3161 3074
4407 2649
2649 3578
1358 4212
4212 2881
780 4573
4573 4093
2725 88
88 360
3974 177
177 1673
3993 2257
2257 3816
2747 2868
2868 2616
3650 831
831 3636
1920 3183
3183 1283
2451 2890
2890 1985
1920 734
734 2490
4263 3744
3744 2333
141 3897
3897 4489
2816 3287
3287 4499
456 1422
1422 4577
2451 4588
4588 3629
550 65
65 4544
4352 2102
2102 582
1763 3064
3064 3479
2389 4239
4239 1186
2622 4624
4624 1624
1896 2375
2375 1183
3306 3758
3758 369
473 251
251 3003
1326 695
695 3400
2447 208
208 3984
899 3360
3360 2335
2648 992
992 2809
1605 4450
4450 4489
2063 133
133 629
2747 2317
2317 3177
1994 2720
2720 1594
3368 1410
1410 3167
693 2112
2112 982
715 2062
2062 321
2063 1924
1924 2122
2689 954
954 3618
3658 2785
2785 1838
1002 1082
1082 882
3472 443
443 3795
2393 3741
3741 1607
667 2944
2944 2899
296 2488
2488 1437
4128 3491
3491 3410
3551 1120
1120 2838
1050 1218
1218 2900
3429 1291
1291 3765
123 479
479 2833
3105 841
841 321
2153 723
723 4437
4373 974
974 19
867 3426
3426 3804
3470 3844
3844 825
4328 4046
4046 2920
3429 3751
3751 409
972 4000
4000 1799
2389 631
631 995
3240 2771
2771 4437
3214 1751
1751 3078
4457 3329
3329 1374
4005 468
468 1319
217 2757
2757 749
2588 3484
3484 4537
2955 3088
3088 3646
1920 3412
3412 3578
1255 2494
2494 3664
1222 1739
1739 1607
3658 4275
4275 1584
3592 824
824 249
3481 4516
4516 3980
2171 1992
1992 1584
3651 2225
2225 3899
1763 1091
1091 4622
2153 2194
2194 3856
473 2715
2715 3217
4546 2776
2776 1183
1063 2756
2756 2934
1808 4050
4050 3737
1371 536
536 4577
3942 4209
4209 3594
71 149
149 1201
12 661
661 2590
2447 3688
3688 2487
377 2931
2931 3580
755 923
923 4196
1548 4049
4049 3303
2073 3139
3139 3400
4634 46
46 2079
852 3297
3297 3927
2184 1647
1647 561
4453 4660
4660 2590
3395 3631
3631 777
4059 3936
3936 3464
2373 3363
3363 154
3650 352
352 3796
3537 2574
2574 2176
2232 678
678 2546
628 721
721 1726
2815 3136
3136 3796
863 963
963 3804
742 1403
1403 1818
4546 164
164 2580
4192 2247
2247 2551
1271 4029
4029 3716
2485 2828
2828 2592
2429 220
220 2490
3366 1192
1192 1506
3229 2631
2631 3795
232 3557
3557 3485
2084 3422
3422 3580
3995 444
444 2002
4438 2206
2206 1278
1631 2085
2085 1488
180 3483
3483 4204
1598 2267
2267 930
4407 2358
2358 3485
224 3966
3966 148
2541 3948
3948 3806
1516 1826
1826 3227
2377 1115
1115 760
3906 809
809 4570
3075 1074
1074 19
3888 2677
2677 2640
4128 4066
4066 3680
3458 3863
3863 1824
2957 3123
3123 4350
105 2352
2352 3894
2153 4007
4007 855
4192 2209
2209 875
2473 1539
1539 19
553 1762
1762 4157
3597 2667
2667 1861
3974 196
196 2556
2815 1244
1244 1818
4634 3225
3225 599
4422 2351
2351 2832
3261 366
366 1894
2473 4028
4028 75
1605 1083
1083 2616
1548 109
109 2545
4214 3743
3743 2556
3501 1144
1144 1136
2451 4294
4294 1805
2152 3428
3428 148
4634 3533
3533 1771
2549 817
817 409
3429 1424
1424 3044
3831 3755
3755 2900
141 1915
1915 1846
722 3826
3826 2122
2763 397
397 1818
1649 2668
2668 825
3656 3348
3348 2341
4289 4539
4539 2020
4591 2765
2765 1602
4057 3434
3434 2335
3481 806
806 1699
3235 4433
4433 3316
364 1986
1986 2333
1677 37
37 2412
296 3745
3745 1013
3710 391
391 914
3906 682
682 912
2473 3066
3066 3646
4482 239
239 876
1284 1989
1989 1673
2686 1426
1426 1180
550 3339
3339 474
2975 3059
3059 3680
3973 4498
4498 2996
3675 4247
4247 3765
12 3606
3606 2235
649 3581
3581 3760
2447 2192
2192 2283
797 3798
3798 3618
1063 145
145 2833
4395 2735
2735 4158
146 3934
3934 3309
4095 652
652 2507
2679 803
803 2561
2686 3080
3080 3782
3973 2787
2787 930
4625 2280
2280 487
3472 1612
1612 1270
2866 4342
4342 3167
3145 3600
3600 1524
1661 4097
4097 1814
4192 3437
3437 2996
440 4653
4653 4377
3470 1149
1149 1027
1837 2220
2220 20
123 3027
3027 3803
2188 3853
3853 4528
3384 1306
1306 3737
161 4243
4243 4121
2088 2601
2601 1274
3995 1485
1485 3177
450 3725
3725 2876
2377 4280
4280 582
1414 2126
2126 1012
1169 3304
3304 3613
1358 1907
1907 996
1284 2048
2048 3128
1002 684
684 1054
456 608
608 353
4436 3273
3273 1569
3597 3375
3375 1758
3879 4146
4146 3578
4094 2049
2049 3894
3658 2029
2029 1013
282 2391
2391 398
3429 1851
1851 413
232 335
335 2764
2622 1207
1207 3925
4591 3031
3031 2235
4473 3153
3153 1443
4678 2748
2748 1506
553 2193
2193 1857
667 1379
1379 1831
742 3300
3300 1148
3576 3812
3812 3796
2689 2914
2914 3937
448 4337
4337 1556
547 3629
2605 2900
2351 119
4112 629
1659 346
3345 2341
3254 2889
219 1435
451 3760
3490 4487
332 1799
3607 4622
3113 1838
255 1758
658 3242
2508 1614
1399 1186
2169 1793
3799 2034
1892 760
4595 3737
3402 532
1310 3806
993 2333
680 3970
1455 3856
1333 2671
3807 1278
3418 3227
3257 462
2906 1894
3957 4157
1158 3881
3295 2546
3440 474
2405 4100
714 3984
1731 20
2745 1607
2303 914
4033 1015
438 3270
2924 92
484 134
2212 2168
2681 912
1984 634
1051 2315
4335 1365
2868 2590
1637 4121
2384 3578
1144 1003
3181 2814
3815 2738
4142 409
2288 3925
594 3074
1008 2174
2888 3166
1807 3315
1042 285
1174 1411
1329 855
4296 3070
2205 779
3354 1818
3415 1653
2363 2412
1738 3987
2090 995
789 2696
362 3279
2602 3401
3342 3303
3511 2010
1140 1096
2465 2545
4062 2529
4603 1013
4236 3479
2044 2507
1198 3846
4366 3636
3558 2903
3038 338
3788 1183
2046 1476
1078 3003
1904 2385
1537 1274
503 487
4310 4400
735 756
4516 1022
4369 3894
2423 492
3226 1673
1474 3899
57 3646
3022 1180
1828 413
4308 4679
1111 1524
4440 2015
2318 1594
2971 2833
1260 2111
1656 1683
671 4478
1688 3077
834 44
2442 1027
4245 2079
801 2930
510 3485
1492 3518
3241 2233
2939 3478
15 4613
886 1876
709 4085
498 4544
1945 2492
793 557
4604 353
3503 1831
3682 875
954 986
654 3298
3684 3594
872 249
4645 1407
381 229
2230 2996
4298 1985
2516 1939
3386 4063
2859 4013
4416 1556
1654 2929
4431 3878
4220 3351
1483 1319
1383 4350
4343 3839
2908 3245
4125 2133
4411 1431
501 2881
1402 1569
2275 3203
2970 4499
948 3574
1029 1506
3619 4489
4585 3002
4260 1681
3034 920
2281 1446
1573 527
3841 2844
3073 1624
193 3177
1603 1038
3274 360
2192 2068
85 1811
4610 3580
2837 3813
712 398
4666 1437
1497 3796
4480 2250
1707 1899
2190 3008
2234 4207
4007 53
2249 3816
3981 869
979 1880
2336 3464
2576 2683
374 2838
151 1928
671 2626
4411 321
2852 3407
1433 1783
124 4132
2714 4210
734 4204
3567 4158
4260 888
4666 1655
2072 1374
3175 708
534 2809
4097 3162
1955 1443
3161 2086
3375 1990
3753 825
1951 2934
4504 154
76 102
712 4196
1448 2775
1426 3316
1749 1820
2284 777
595 3664
1579 599
4401 19
968 2758
2135 582
2322 596
2533 3937
56 3613
836 4437
534 2173
166 4577
3494 3791
4511 1967
4068 3251
654 1283
4234 990
481 1136
1422 4409
509 1805
2839 3024
4099 1923
3223 3680
4029 3884
3761 522
2267 1007
2300 3410
279 650
626 3871
3634 1148
3083 1771
3198 3708
661 1861
935 1889
3573 3387
4424 2551
2312 2616
3446 1786
1685 3400
4076 732
2509 2155
4060 2020
70 43
950 3692
4593 2195
652 2216
1258 242
2125 1602
4135 2764
2354 1824
2382 2201
2897 3554
211 4193
2685 2640
772 2283
245 2876
2969 1857
3690 3217
1339 1270
728 2235
368 1846
1540 2291
1440 3795
3731 1699
4385 3128
4604 4155
393 2248
798 3616
2403 3149
1372 4550
2530 1634
2583 2920
3409 2977
830 2664
877 2592
948 4168
1302 2176
2501 4300
2731 3029
1977 3765
3926 1201
3929 4281
341 2487
1669 3715
2481 3167
2161 1754
3828 369
2813 4445
2146 4471
1367 1726
3684 1584
2045 3498
1400 1309
3677 1963
2384 2832
314 2103
1904 2989
1873 4570
2650 1024
2293 3842
2600 1827
3504 4010
1852 3309
810 882
3460 2002
1227 4477
581 3919
89 511
1349 2980
3567 4172
4083 4087
566 4090
3582 2495
143 3771
2701 691
1739 137
2040 3044
3084 2468
2469 127
2360 930
3741 4334
2822 1251
3120 561
4389 4341
4426 3021
1910 3673
766 4429
2813 159
4229 2580
1933 2009
1863 3763
3459 3065
4410 2490
1260 681
1917 526
1908 2556
2259 2167
1340 1869
3342 3804
465 2013
4234 2407
4004 3346
1692 4093
1660 3747
945 182
927 2269
4390 3991
4148 938
1223 3078
2203 4324
1263 2819
1842 2746
2025 2947
2650 2578
724 1021
4398 749
3677 4139
1315 1621
1853 3782
3767 3103
4434 2122
537 4537
1704 31
2754 2904
406 3068
4627 3618
1931 2335
3916 1054
1333 1501
2243 2741
544 1518
3259 1488
4317 445
1648 1814
4114 4530
2907 3927
3022 2899
2713 996
3011 3716
2083 2607
1979 2782
303 2988
2880 3534
2022 2561
2092 3803
2049 4528
4260 2554
1404 4600
307 3980
4483 4377
2032 3635
1216 4443
3607 6
602 982
1366 3487
1725 2326
879 610
2219 1378
457 4017
3091 876
3423 2463
4190 148
3132 1023
2497 75
275 1012
530 3881
690 3765
2583 832
2598 3260
3777 767
1630 3249
2587 3803
898 166
3959 2936
1776 858
3714 923
1282 127
1627 3383
1287 2879
3275 1446
393 2233
72 1062
763 3209
3168 1041
1523 1074
2199 4397
3929 67
1423 2814
248 4598
212 914
72 4055
2850 1569
1997 3849
2165 2337
1171 1778
3172 1102
1268 528
509 2449
72 1813
1237 319
2075 4134
3127 687
1572 53
1277 1286
3285 3816
1238 52
1134 3934
1722 2720
2489 156
188 3637
3043 1314
17 4331
1912 1842
2451 2687
2743 3984
1574 490
4106 4586
1964 3475
1691 3024
2991 366
1179 992
884 1958
746 557
2232 674
1612 2900
881 1737
1413 4474
544 3862
713 1315
724 3394
657 1381
265 107
2180 912
322 1470
3845 3080
3582 2780
4217 3563
3110 1389
1586 2155
1833 2419
421 1611
3054 4346
4681 1811
3544 3407
2306 1875
1498 2787
4535 1003
1351 45
4479 3765
377 2403
2402 806
3459 4322
3962 4287
3976 3938
3358 2469
2423 3689
1337 359
3249 1149
84 3172
425 83
3628 3252
3052 408
2880 443
2848 3692
4263 2739
4572 3565
2348 3372
2125 4526
2499 2104
4593 1561
3588 4308
244 1298
4163 1036
3730 3256
3523 4243
3666 1015
2523 2824
1060 2899
1521 214
3477 1141
2475 1670
4388 3853
27 2420
767 4363
2452 1570
1266 618
2410 4630
558 3796
3314 3804
893 2479
393 3051
3271 3712
1951 395
3196 3617
3913 831
1238 2078
3541 1786
1752 8
4112 3225
774 3003
152 1899
1898 923
4042 3042
4208 4070
3525 1614
1034 245
2917 4097
2311 4294
3523 1145
2181 3260
3292 1497
4062 4561
341 3072
1409 2266
62 1121
1199 2494
2142 1872
1454 2738
1489 270
3273 582
3906 1317
1579 4335
2774 474
4234 2260
3182 2320
2723 2761
4278 654
2862 2819
2857 2221
442 1239
3107 1491
2885 3078
313 387
2377 2891
1049 2598
602 1864
2441 1829
3575 2787
529 3252
3033 1518
286 543
3847 1799
3576 2491
437 1263
380 2224
835 1544
2453 542
4140 3833
4375 3577
4014 2350
3180 194
3652 4354
521 615
426 1118
3018 991
4501 4437
918 2244
4677 1441
3425 1438
2336 1850
1587 4631
1342 2509
3458 2509
1666 2108
4574 38
3773 2436
4256 1664
3704 2792
121 2344
4126 63
673 695
4192 1903
1161 3193
879 1185
1734 559
307 2110
741 3059
3105 1099
2361 4118
3614 4311
3179 845
2379 3082
427 826
4568 2176
3604 2994
595 1199
2703 2548
3473 1085
2455 2016
480 3029
230 2437
188 3212
900 1129
4408 1160
2909 2371
4676 744
840 2014
348 841
833 2507
3439 4526
3512 4674
2271 2322
275 4294
1110 131
3342 1144
1376 1476
3388 1785
4660 3434
1344 1609
3131 732
1241 2516
95 31
3537 3567
322 1923
1405 1769
1224 5
125 3254
183 3189
3215 1196
713 33
4298 3078
3428 2029
2433 1098
2798 1779
1297 2891
3472 3201
372 3093
185 2248
1836 746
4213 1270
291 1665
37 1612
1048 1392
1432 84
3779 280
350 2493
2276 4606
3450 3952
2839 3750
4117 3008
121 3279
290 2891
630 345
3907 3084
3571 1617
203 641
4 47
699 3853
3331 1196
4567 2936
611 13
2446 4447
1433 4325
3126 3686
4136 1806
4356 624
3064 3088
2709 3484
213 1013
3252 2322
3719 4273
4672 3524
1316 3095
4215 811
60 706
3521 1192
3091 3099
3703 1069
1479 1350
1339 1534
2334 661
4191 3984
1714 1059
1545 2993
3018 932
4546 1081
3753 4071
1250 3899
2697 1673
1572 732
77 3243
747 2401
331 3741
2825 393
1080 3743
846 1967
1187 1607
1297 4379
1946 2028
2460 3203
3696 2770
903 2960
686 2677
810 2916
3452 1137
1657 358
1605 1079
2320 341
1644 125
2229 3760
3 257
2118 1984
2196 3487
3959 2878
4669 434
1871 4605
2414 792
3515 4161
1257 727
906 3392
765 1249
453 1361
4420 1230
4292 4152
4629 3511
1674 2453
377 1573
2939 4511
4365 266
2808 2039
2958 1800
2544 3471
2643 1444
3046 4243
2710 11
3093 1620
2011 4458
4527 3203
583 395
99 3868
3264 3372
3295 44
3633 668
4451 2838
4122 3674
1322 2307
2512 1912
3643 2241
1694 221
3455 239
268 4076
3617 2328
21 233
1388 3249
1289 3863
1645 2803
664 4381
1445 2991
3045 4218
3630 339
3197 2017
2050 3394
1116 3029
3754 4441
3384 2100
387 599
3610 1909
941 990
2152 4147
24 2132
3501 1670
1778 2034
2160 3758
4504 1057
1018 660
2582 2064
4006 856
550 3742
685 1168
1223 2074
4255 3485
3235 3703
1384 2284
4610 3568
3075 3822
284 3679
2077 577
3214 4143
584 4433
1265 1755
3506 4557
4181 3645
2564 1638
2887 231
1047 1542
2161 4584
3809 300
1551 2500
1063 3562
2276 1910
1208 3688
348 1995
4634 381
4441 1960
2451 3272
2286 3789
1303 2221
4385 566
1945 3365
3788 2365
12 957
1302 2737
2191 4130
3774 2141
4328 3112
3408 3521
4035 2256
3621 4021
2387 2716
3260 3387
2337 1791
4494 482
180 1126
2149 4489
4047 1359
549 3254
3321 619
2513 1334
3324 2851
2552 1229
4033 2655
1020 1971
3561 1174
2935 2926
1370 319
1691 2098
2154 2028
2583 3689
2160 4231
334 1144
3585 2820
2329 1957
380 1561
2781 1103
1387 46
1727 2556
2953 1536
2369 2895
2708 4168
1606 1353
4311 2488
3344 1325
1775 2215
1213 2205
2218 444
4627 1458
3048 1398
2152 1124
2693 1739
1747 3077
454 907
2138 1052
2094 3572
4512 2268
679 4155
4052 2671
2416 3051
692 1827
2514 2785
3175 2033
2324 2730
4237 263
1582 791
4208 3183
844 3858
3573 2776
1279 1552
3548 2738
4184 2996
3566 1051
2594 391
2306 2103
4057 1163
4133 2625
1674 2740
185 737
1375 391
4502 3678
2038 1405
448 2057
4521 2769
1902 1776
3845 3850
1604 926
1987 4179
3492 4164
2198 829
1858 3741
755 2720
48 1870
78 354
3476 2561
8 2069
2444 399
2420 2673
1546 4666
1723 4163
3709 2044
2134 3934
4278 2321
1663 2917
1951 772
2756 4210
