5
937 1809 864
853 529
298 339
722 48
415 283
858 495
54 885
253 885
167 937
10 779
690 402
467 914
925 82
753 399
112 809
154 846
352 340
610 679
455 42
881 655
8 833
580 325
171 474
732 202
342 238
116 657
124 714
905 341
96 391
110 174
738 593
73 353
442 525
299 723
257 567
683 141
200 100
417 94
821 849
448 295
729 916
575 256
904 691
90 664
793 314
792 707
526 910
452 699
26 381
907 811
278 659
930 801
243 639
882 91
713 350
643 51
429 855
213 510
117 929
365 655
861 332
434 181
625 3
113 778
186 836
417 338
338 543
904 107
107 755
110 616
616 574
124 508
508 543
243 315
315 574
448 215
215 47
930 828
828 755
526 520
520 47
925 638
638 121
90 558
558 531
124 669
669 47
429 241
241 531
853 689
689 755
417 71
71 712
8 354
354 47
365 906
906 121
96 175
175 531
907 386
386 584
625 556
556 755
442 897
897 574
690 577
577 755
467 648
648 755
442 275
275 531
858 372
372 574
213 51
51 584
904 641
641 584
96 656
656 47
186 787
787 531
8 763
763 712
54 451
451 531
792 839
839 121
580 408
408 47
116 59
59 121
365 855
855 584
448 846
846 584
738 483
483 543
186 645
645 531
925 739
739 44
467 551
551 755
253 762
762 543
278 487
487 44
722 306
306 574
257 534
534 44
625 499
499 531
124 287
287 755
729 286
286 712
110 507
507 47
925 922
922 755
417 562
562 574
90 803
803 543
365 89
89 584
257 11
11 712
930 189
189 44
858 212
212 543
90 505
505 712
753 104
104 543
278 36
36 543
861 927
927 531
738 644
644 755
690 173
173 574
253 695
695 755
526 132
132 584
96 657
657 574
113 198
198 44
257 777
777 755
112 81
81 755
117 69
69 531
253 831
831 584
154 476
476 755
713 252
252 531
10 87
87 755
171 742
742 44
186 228
228 543
793 619
619 531
200 323
323 584
54 271
271 531
243 815
815 574
448 425
425 543
853 864
864 44
73 395
395 584
298 770
770 755
124 484
484 755
110 402
402 47
792 396
396 584
904 665
665 543
112 438
438 47
213 273
273 47
73 262
262 44
429 482
482 712
26 754
754 531
925 503
503 531
643 680
680 712
792 751
751 44
116 135
135 531
610 659
659 755
821 651
651 712
154 76
76 531
690 443
443 584
213 473
473 543
167 776
776 47
925 156
156 47
243 336
336 47
417 75
75 47
299 157
157 755
861 407
407 543
930 547
547 44
342 885
885 584
342 91
91 574
116 159
159 574
116 513
513 543
467 184
184 755
278 126
126 121
26 883
883 47
690 568
568 574
429 5
5 47
792 416
416 44
213 486
486 44
455 579
579 121
73 77
77 44
452 908
908 121
907 603
603 574
73 31
31 121
54 424
424 47
26 449
449 574
253 238
238 584
10 334
334 543
73 497
497 755
448 383
383 574
96 606
606 584
452 760
760 755
10 541
541 47
729 254
254 755
467 932
932 584
907 663
663 712
683 6
6 574
186 661
661 44
154 929
929 574
575 321
321 531
299 129
129 531
243 444
444 121
526 388
388 531
732 799
799 755
448 911
911 584
10 869
869 574
167 725
725 584
722 331
331 47
452 876
876 584
904 653
653 574
442 559
559 712
925 67
67 543
434 43
43 121
452 379
379 712
713 39
39 755
713 223
223 712
881 806
806 712
442 509
509 712
610 230
230 755
73 376
376 755
112 571
571 531
167 655
655 755
10 827
827 574
821 710
710 121
171 98
98 47
352 92
92 574
753 235
235 584
26 843
843 574
792 325
325 712
853 144
144 44
54 42
42 121
26 676
676 712
434 496
496 531
26 266
266 584
112 394
394 44
417 450
450 121
713 741
741 47
575 772
772 543
905 465
465 584
753 813
813 531
110 502
502 531
73 544
544 44
117 221
221 712
124 871
871 543
738 60
60 584
821 15
15 574
110 477
477 584
8 66
66 531
186 2
2 121
213 674
674 121
925 671
671 574
526 251
251 531
442 211
211 531
861 785
785 531
882 7
7 531
167 297
297 531
821 567
567 574
110 658
658 755
821 662
662 712
793 902
902 531
925 94
94 44
434 757
757 584
526 308
308 121
575 202
202 531
575 621
621 574
434 923
923 44
753 305
305 543
526 164
164 584
174 574
352 414
414 531
113 670
670 755
442 816
816 574
732 240
240 47
434 586
586 584
575 466
466 543
171 528
528 712
54 14
14 531
930 356
356 574
610 624
624 121
167 433
433 712
116 214
214 584
90 744
744 755
73 261
261 121
575 234
234 531
753 389
389 755
904 280
280 44
257 804
804 531
448 427
427 755
417 620
620 47
821 377
377 47
352 419
419 121
455 903
903 121
861 272
272 574
526 399
399 121
625 931
931 531
452 138
138 121
610 791
791 755
90 390
390 574
729 370
370 47
96 536
536 47
575 435
435 531
690 16
16 755
73 453
453 543
610 701
701 755
722 195
195 531
925 406
406 44
434 34
34 44
186 148
148 543
467 756
756 47
352 573
573 574
96 798
798 574
213 423
423 531
352 454
454 543
124 329
329 121
8 730
730 584
905 404
404 755
729 563
563 712
925 589
589 574
257 137
137 584
690 231
231 121
448 548
548 531
200 686
686 543
116 819
819 574
580 894
894 574
10 633
633 44
729 64
64 531
167 361
361 584
96 860
860 712
575 469
469 121
925 38
38 531
90 480
480 44
54 459
459 531
904 808
808 543
112 446
446 44
713 120
120 712
930 33
33 584
73 851
851 543
610 723
723 755
738 679
679 47
26 233
233 121
417 313
313 584
904 194
194 712
26 9
9 574
821 766
766 44
96 432
432 574
732 141
141 44
907 68
68 47
907 152
152 121
442 848
848 574
365 818
818 574
881 735
735 584
625 263
263 755
793 629
629 712
467 727
727 543
580 783
783 574
853 681
681 584
753 378
378 44
713 295
295 47
253 127
127 712
429 842
842 44
124 667
667 543
171 711
711 712
253 516
516 584
575 145
145 755
10 259
259 755
526 387
387 712
116 699
699 531
690 265
265 712
610 146
146 574
732 836
836 584
278 826
826 755
467 554
554 543
729 191
191 44
352 35
35 755
792 118
118 121
154 639
639 755
154 630
630 531
434 351
351 47
8 747
747 584
738 290
290 531
722 180
180 755
448 163
163 755
434 385
385 574
116 491
491 574
738 708
708 531
580 849
849 574
213 103
103 543
442 758
758 543
110 270
270 47
117 430
430 44
455 615
615 712
821 30
30 574
298 276
276 755
738 293
293 531
434 542
542 47
73 302
302 44
278 761
761 531
722 86
86 44
738 823
823 121
112 168
168 47
112 893
893 712
110 462
462 543
610 151
151 584
90 673
673 44
821 510
510 574
881 319
319 44
905 347
347 531
73 420
420 47
73 436
436 584
90 55
55 712
90 660
660 584
907 309
309 712
299 822
822 121
113 721
721 44
452 647
647 121
110 136
136 47
171 346
346 584
186 811
811 531
415 801
801 44
882 521
521 121
643 900
900 574
365 601
601 712
792 409
409 712
930 495
495 584
643 640
640 121
930 705
705 755
253 537
537 584
610 740
740 755
452 718
718 47
167 873
873 543
116 20
20 121
580 899
899 584
417 282
282 574
881 481
481 543
625 362
362 531
792 692
692 712
171 814
814 44
26 422
422 543
753 250
250 47
342 731
731 47
821 237
237 543
110 879
879 47
154 585
585 755
792 289
289 574
200 703
703 712
853 844
844 531
575 57
57 584
278 743
743 712
861 867
867 755
442 209
209 584
881 896
896 531
526 750
750 531
905 694
694 44
112 501
501 712
253 403
403 531
434 84
84 47
278 833
833 543
278 696
696 712
124 587
587 44
278 854
854 584
452 707
707 755
298 341
341 574
452 105
105 543
925 891
891 574
455 800
800 712
690 204
204 44
732 924
924 755
729 56
56 121
213 693
693 44
683 578
578 755
882 569
569 584
467 326
326 712
732 917
917 44
905 288
288 531
213 608
608 44
112 764
764 47
117 353
353 121
580 381
381 47
575 859
859 584
278 774
774 531
113 500
500 584
793 274
274 584
792 719
719 584
882 856
856 712
925 111
111 584
113 553
553 712
112 807
807 47
792 411
411 44
792 529
529 755
793 810
810 543
167 539
539 755
853 768
768 712
10 910
910 121
580 916
916 755
342 720
720 712
448 324
324 584
643 684
684 44
117 886
886 712
683 463
463 584
299 592
592 712
732 561
561 543
738 797
797 712
90 524
524 755
882 437
437 543
732 511
511 121
683 155
155 47
853 714
714 584
713 870
870 574
90 780
780 44
429 318
318 121
442 675
675 755
200 748
748 121
793 767
767 584
113 344
344 574
442 919
919 543
417 852
852 755
365 835
835 531
455 460
460 47
96 593
593 584
298 201
201 755
154 45
45 543
729 631
631 44
434 759
759 44
167 337
337 121
154 820
820 755
429 632
632 584
881 99
99 543
429 700
700 531
417 3
3 712
113 74
74 574
90 382
382 543
683 339
339 543
930 591
591 712
429 936
936 543
154 549
549 47
8 188
188 584
575 160
160 584
580 322
322 584
352 400
400 712
683 236
236 712
90 349
349 44
342 598
598 531
904 892
892 574
429 398
398 574
171 832
832 712
342 401
401 47
625 599
599 574
298 602
602 47
575 717
717 755
112 320
320 584
738 182
182 584
455 397
397 574
200 335
335 121
90 468
468 121
722 426
426 712
117 522
522 584
278 303
303 712
434 471
471 47
861 935
935 121
110 4
4 47
253 506
506 47
124 46
46 574
905 348
348 543
278 333
333 121
753 805
805 584
113 374
374 531
793 413
413 47
853 169
169 531
171 781
781 755
96 736
736 574
455 535
535 755
732 50
50 44
713 393
393 712
526 649
649 543
610 418
418 531
116 258
258 121
90 310
310 47
643 664
664 755
299 285
285 584
113 327
327 121
26 779
779 584
907 794
794 121
429 461
461 755
904 863
863 44
257 357
357 121
73 19
19 712
186 928
928 543
442 190
190 531
729 519
519 44
575 709
709 755
738 582
582 543
167 726
726 121
167 85
85 47
793 410
410 121
729 636
636 755
167 192
192 543
171 447
447 584
467 527
527 755
73 796
796 755
278 872
872 44
442 301
301 584
278 170
170 121
455 226
226 712
467 21
21 47
904 786
786 755
690 532
532 584
683 52
52 755
610 363
363 755
625 80
80 47
467 560
560 47
365 277
277 121
298 181
181 755
904 458
458 574
298 307
307 543
10 368
368 584
690 255
255 574
298 596
596 47
299 604
604 584
154 178
178 543
116 172
172 531
690 913
913 121
821 840
840 44
186 715
715 543
54 61
61 574
257 294
294 712
243 830
830 574
683 888
888 44
113 304
304 543
417 652
652 584
117 239
239 47
452 457
457 47
434 100
100 47
171 890
890 44
580 83
83 47
580 197
197 584
904 494
494 44
467 784
784 584
171 687
687 44
278 704
704 531
925 504
504 121
243 218
218 47
167 887
887 584
580 677
677 755
113 595
595 44
580 795
795 543
116 131
131 574
643 106
106 584
171 150
150 44
243 249
249 47
793 512
512 755
253 773
773 121
753 176
176 574
853 771
771 584
110 392
392 584
904 775
775 755
448 550
550 584
257 682
682 44
455 914
914 121
26 227
227 44
580 224
224 584
625 746
746 47
167 812
812 574
907 384
384 712
415 366
366 531
738 72
72 531
213 752
752 531
117 809
809 712
722 328
328 44
625 581
581 47
610 440
440 531
881 909
909 531
113 367
367 584
112 193
193 543
243 724
724 584
448 857
857 121
738 82
82 543
186 734
734 531
729 208
208 543
580 428
428 755
253 29
29 755
442 618
618 584
299 63
63 584
365 515
515 755
8 79
79 531
365 745
745 755
904 364
364 44
904 37
37 531
90 391
391 543
575 588
588 584
882 102
102 712
299 149
149 47
580 140
140 712
243 845
845 47
930 926
926 47
821 628
628 121
342 245
245 531
112 27
27 531
278 58
58 584
738 375
375 712
729 267
267 584
575 874
874 755
54 918
918 712
112 25
25 712
10 555
555 543
200 889
889 121
352 53
53 44
793 431
431 531
467 698
698 44
907 242
242 121
429 345
345 44
213 371
371 121
154 128
128 712
625 332
332 543
925 552
552 584
882 210
210 44
124 256
256 44
793 838
838 543
853 125
125 531
186 216
216 755
342 490
490 584
10 733
733 574
753 1
1 44
625 78
78 121
417 878
878 531
352 802
802 531
417 199
199 755
417 101
101 121
26 912
912 531
526 489
489 47
732 498
498 44
861 206
206 543
8 441
441 47
257 153
153 574
729 41
41 531
113 702
702 584
243 220
220 47
575 525
525 712
575 139
139 121
299 312
312 44
154 219
219 543
112 147
147 47
729 380
380 712
417 179
179 121
257 412
412 755
738 716
716 44
738 291
291 574
738 884
884 121
116 70
70 531
26 937
937 543
455 232
232 44
257 108
108 44
8 920
920 531
352 875
875 543
112 23
23 584
365 650
650 44
96 642
642 531
722 177
177 574
26 517
517 574
8 369
369 531
930 817
817 543
442 95
95 574
26 866
866 543
580 518
518 44
881 600
600 44
738 590
590 712
729 22
22 531
113 24
24 47
117 283
283 531
167 545
545 531
171 475
475 584
257 824
824 755
455 207
207 543
200 40
40 584
722 570
570 44
930 622
622 47
171 626
626 121
625 222
222 531
821 360
360 712
90 691
691 531
112 474
474 531
429 244
244 712
448 203
203 531
352 217
217 584
925 557
557 531
278 769
769 121
853 493
493 121
452 470
470 47
257 229
229 121
200 185
185 543
110 93
93 543
342 445
445 531
434 300
300 47
213 311
311 44
821 672
672 543
417 158
158 574
186 613
613 712
610 464
464 755
243 788
788 121
729 530
530 44
722 576
576 44
753 688
688 712
881 479
479 121
186 850
850 712
821 637
637 44
90 88
88 712
580 142
142 574
112 405
405 755
881 611
611 543
434 165
165 574
110 895
895 47
904 119
119 574
278 358
358 44
167 597
597 543
722 485
485 755
167 65
65 44
683 284
284 755
26 472
472 543
526 749
749 574
54 355
355 584
858 296
296 531
455 330
330 574
729 790
790 712
10 523
523 574
575 28
28 755
116 269
269 712
732 915
915 44
167 183
183 712
683 13
13 712
10 538
538 543
186 246
246 574
904 340
340 543
124 627
627 47
625 109
109 574
753 868
868 531
10 666
666 531
713 166
166 121
54 133
133 44
580 847
847 531
925 123
123 712
26 617
617 47
116 187
187 574
243 359
359 574
116 880
880 47
124 533
533 543
455 279
279 47
526 865
865 531
117 654
654 543
643 634
634 44
452 130
130 531
722 161
161 121
905 12
12 584
278 97
97 755
26 115
115 543
352 933
933 712
732 841
841 44
342 314
314 543
124 706
706 121
112 728
728 584
729 546
546 543
167 122
122 755
365 825
825 44
455 778
778 531
881 668
668 44
243 439
439 755
110 49
49 574
278 492
492 574
365 697
697 44
253 421
421 584
722 921
921 584
738 456
456 47
213 623
623 584
8 247
247 44
861 114
114 121
690 877
877 574
112 834
834 531
821 898
898 531
732 292
292 47
415 343
343 574
905 862
862 584
713 488
488 755
753 48
48 543
299 514
514 574
853 607
607 574
278 565
565 574
124 281
281 584
753 635
635 574
442 32
32 712
904 934
934 584
722 540
540 584
243 260
260 47
113 901
901 44
434 678
678 47
580 609
609 531
792 837
837 755
526 373
373 712
154 829
829 584
732 685
685 574
930 264
264 755
690 350
350 121
96 789
789 712
342 17
17 584
930 765
765 755
429 646
646 121
738 134
134 47
124 162
162 584
690 62
62 584
793 614
614 584
448 196
196 584
467 612
612 584
110 268
268 574
54 566
566 121
722 316
316 574
278 605
605 543
8 564
564 712
904 317
317 531
792 583
583 121
853 225
225 47
858 572
572 121
113 478
478 574
171 782
782 531
853 205
205 47
683 594
594 531
171 143
143 584
117 18
18 574
575 248
248 755
861 737
737 121
695 47
144 584
394 712
550 531
555 44
851 574
327 543
863 755
265 391
414 555
770 418
544 95
73 601
168 660
90 785
75 527
684 584
76 607
963 1814 852
771 120
75 743
549 71
108 468
530 443
371 574
466 24
401 568
658 693
766 307
605 635
601 491
179 528
311 345
228 168
726 805
209 241
16 31
842 684
915 372
673 405
561 416
355 635
428 888
744 420
7 748
540 948
148 955
184 574
363 689
932 163
281 923
936 544
52 495
889 279
344 213
844 691
846 149
697 690
817 737
753 349
686 107
178 353
288 898
238 750
58 326
919 364
774 957
433 269
85 788
354 125
135 32
361 804
94 210
89 116
580 800
477 313
670 187
378 685
189 409
591 788
253 188
334 729
239 625
328 5
407 72
539 176
455 114
875 274
831 8
167 822
165 796
645 583
569 312
492 786
590 812
287 907
575 392
894 162
941 888
509 592
756 456
756 66
66 885
844 329
329 493
328 860
860 872
846 472
472 885
281 594
594 675
253 390
390 675
455 224
224 21
165 568
568 675
844 451
451 741
932 158
158 872
774 765
765 146
16 547
547 901
658 62
62 146
492 423
423 259
361 203
203 369
253 110
110 954
281 346
346 901
281 272
272 146
549 810
810 493
774 168
168 146
744 376
376 754
530 244
244 260
167 331
331 866
726 500
500 866
831 180
180 21
561 939
939 146
363 100
100 934
334 69
69 833
477 87
87 934
477 187
187 833
371 109
109 422
670 940
940 794
844 740
740 252
842 84
84 675
697 24
24 146
89 149
149 741
932 701
701 410
209 488
488 259
932 900
900 741
311 247
247 833
744 352
352 963
75 552
552 39
361 250
250 21
889 646
646 461
334 571
571 954
288 282
282 754
184 821
821 833
209 360
360 410
334 114
114 39
328 175
175 260
889 953
953 260
932 380
380 493
580 296
296 735
844 74
74 493
89 161
161 21
842 624
624 461
148 899
899 461
549 925
925 493
771 13
13 21
726 321
321 675
334 59
59 963
455 684
684 885
184 614
614 754
371 240
240 845
697 918
918 260
354 270
270 422
428 246
246 735
58 722
722 410
771 597
597 934
189 851
851 493
605 297
297 146
238 353
353 963
601 843
843 259
915 762
762 146
605 273
273 901
539 486
486 252
936 820
820 885
334 796
796 461
875 585
585 885
94 704
704 39
75 413
413 21
355 415
415 741
328 907
907 866
889 506
506 741
209 599
599 513
378 152
152 885
401 4
4 513
363 516
516 794
539 534
534 461
355 400
400 493
915 169
169 794
726 215
215 845
753 828
828 532
575 177
177 513
894 956
956 934
846 545
545 794
287 798
798 369
575 527
527 252
354 693
693 252
697 147
147 422
378 417
417 493
328 874
874 422
455 732
732 735
148 456
456 146
744 397
397 963
846 639
639 754
178 452
452 954
16 805
805 422
697 660
660 21
89 677
677 369
179 829
829 493
58 613
613 934
135 411
411 901
894 674
674 885
178 476
476 260
344 310
310 754
287 235
235 963
344 517
517 901
179 640
640 872
842 649
649 754
179 349
349 21
539 251
251 39
844 348
348 513
492 381
381 741
355 526
526 885
744 144
144 260
311 832
832 885
89 124
124 735
16 414
414 369
658 393
393 39
936 742
742 513
334 656
656 461
875 533
533 872
756 881
881 885
135 60
60 146
184 159
159 252
52 64
64 422
670 902
902 21
165 122
122 493
842 764
764 461
228 301
301 493
281 815
815 461
75 443
443 885
288 696
696 675
766 56
56 563
756 142
142 369
477 863
863 754
363 197
197 954
894 792
792 833
167 10
10 872
915 322
322 735
354 911
911 532
361 926
926 963
178 501
501 954
52 633
633 675
85 799
799 954
334 718
718 146
919 113
113 260
355 772
772 954
539 745
745 252
492 258
258 260
178 351
351 259
645 734
734 754
492 837
837 833
407 373
373 252
7 46
46 259
831 88
88 845
686 611
611 21
378 131
131 146
645 343
343 833
363 758
758 934
941 431
431 252
178 316
316 39
355 654
654 866
16 948
948 845
756 163
163 260
58 79
79 369
179 487
487 866
575 665
665 954
371 412
412 866
569 662
662 741
915 82
82 461
167 808
808 461
477 6
6 21
889 785
785 461
530 880
880 21
575 676
676 39
401 786
786 410
670 824
824 260
894 681
681 833
311 111
111 901
311 607
607 872
941 43
43 866
355 98
98 754
530 818
818 741
378 155
155 410
645 367
367 39
179 621
621 741
645 680
680 735
238 664
664 369
919 67
67 885
311 54
54 675
771 265
265 954
817 864
864 146
894 47
47 146
875 535
535 146
354 565
565 39
936 313
313 845
846 873
873 866
915 471
471 735
817 185
185 954
673 219
219 259
52 912
912 963
477 669
669 21
238 435
435 901
744 921
921 259
184 522
522 422
148 648
648 934
591 809
809 252
673 441
441 563
89 86
86 39
932 140
140 532
766 233
233 146
549 494
494 901
189 467
467 21
94 385
385 872
932 23
23 794
539 713
713 461
932 679
679 260
94 814
814 563
540 405
405 146
361 510
510 259
844 955
955 21
148 121
121 735
645 807
807 872
842 464
464 21
817 489
489 934
189 840
840 422
919 769
769 754
165 387
387 39
846 566
566 741
466 307
307 885
355 606
606 146
591 731
731 252
726 781
781 532
575 498
498 833
530 141
141 872
753 886
886 963
756 126
126 21
492 383
383 735
355 602
602 866
591 327
327 741
569 105
105 833
509 120
120 901
344 743
743 954
361 271
271 563
108 279
279 146
179 931
931 741
108 572
572 563
238 503
503 754
165 26
26 461
941 813
813 563
915 283
283 422
561 650
650 735
371 57
57 260
842 315
315 885
530 671
671 410
361 770
770 410
766 598
598 735
575 101
101 21
7 70
70 146
591 558
558 252
569 425
425 675
492 357
357 735
726 636
636 532
766 689
689 741
774 877
877 885
311 856
856 422
94 630
630 493
601 647
647 146
915 661
661 532
189 854
854 410
817 688
688 833
549 479
479 493
844 190
190 260
697 751
751 901
287 399
399 410
575 836
836 39
673 112
112 833
549 567
567 741
328 757
757 422
846 292
292 493
753 305
305 866
58 729
729 146
361 45
45 563
477 379
379 954
766 73
73 21
889 916
916 146
932 475
475 493
108 518
518 754
239 853
853 872
941 314
314 532
178 761
761 461
842 554
554 422
148 694
694 845
590 263
263 410
401 593
593 754
253 908
908 410
658 668
668 885
328 782
782 954
844 356
356 934
52 337
337 954
726 162
162 513
915 775
775 741
16 319
319 21
455 275
275 901
932 728
728 146
591 653
653 741
311 895
895 513
354 83
83 866
407 40
40 259
766 868
868 794
355 852
852 410
941 778
778 422
401 760
760 422
52 474
474 461
108 25
25 21
932 426
426 252
108 749
749 513
433 862
862 513
753 733
733 754
771 55
55 146
756 891
891 845
466 72
72 513
85 176
176 735
941 429
429 39
179 368
368 954
673 298
298 754
932 959
959 410
148 444
444 735
355 595
595 259
477 848
848 735
575 721
721 21
530 838
838 901
915 739
739 954
311 294
294 754
179 164
164 21
184 791
791 735
281 797
797 872
509 692
692 934
539 156
156 901
889 34
34 422
287 80
80 675
919 822
822 845
753 102
102 954
580 869
869 422
590 629
629 410
288 667
667 866
590 277
277 741
355 38
38 934
569 690
690 369
575 913
913 872
189 465
465 563
569 448
448 422
165 49
49 410
334 3
3 252
846 41
41 866
936 470
470 259
344 254
254 845
433 350
350 39
167 183
183 259
771 643
643 369
539 923
923 866
673 132
132 675
569 394
394 461
189 570
570 410
549 469
469 866
85 50
50 369
89 312
312 146
915 295
295 21
915 924
924 885
875 81
81 954
407 293
293 954
58 442
442 963
401 710
710 885
354 214
214 21
658 117
117 146
509 157
157 845
941 897
897 461
915 780
780 885
407 299
299 21
569 707
707 369
466 642
642 954
894 596
596 21
311 241
241 259
591 424
424 833
167 391
391 410
766 51
51 885
189 249
249 885
842 589
589 885
941 478
478 259
401 943
943 754
361 406
406 532
591 91
91 963
363 483
483 146
52 887
887 21
894 127
127 963
238 812
812 252
328 416
416 252
334 174
174 369
7 612
612 422
89 341
341 422
831 200
200 735
184 738
738 963
75 608
608 493
148 858
858 563
239 603
603 741
875 286
286 754
209 9
9 934
919 374
374 563
509 76
76 845
363 432
432 369
492 876
876 872
178 512
512 39
530 150
150 872
932 651
651 934
590 581
581 872
530 560
560 845
670 453
453 872
936 236
236 252
575 134
134 513
509 257
257 422
372 259
148 678
678 794
7 619
619 866
288 128
128 369
591 217
217 845
184 752
752 259
344 898
898 833
590 97
97 146
371 687
687 675
189 386
386 885
936 622
622 21
89 22
22 754
355 626
626 794
509 481
481 39
354 96
96 845
673 514
514 563
817 834
834 513
919 438
438 21
889 104
104 563
334 708
708 901
561 564
564 146
561 32
32 934
670 151
151 252
932 553
553 532
540 683
683 845
530 695
695 833
228 717
717 252
932 637
637 39
601 878
878 885
591 507
507 794
844 382
382 563
311 65
65 754
726 362
362 754
569 795
795 934
167 170
170 885
575 917
917 410
85 531
531 146
540 463
463 39
165 691
691 833
539 395
395 741
569 95
95 741
466 48
48 754
287 225
225 885
344 617
617 675
844 137
137 461
941 19
19 259
941 375
375 532
328 706
706 532
288 53
53 885
363 634
634 461
590 712
712 563
363 237
237 963
75 427
427 954
89 962
962 735
591 340
340 833
549 171
171 901
428 138
138 461
569 776
776 563
58 139
139 146
179 806
806 493
844 366
366 833
407 12
12 845
401 562
562 422
875 521
521 563
936 542
542 259
135 920
920 39
281 579
579 146
569 625
625 735
915 610
610 369
239 202
202 563
817 458
458 901
774 473
473 934
842 788
788 493
590 365
365 493
189 724
724 369
239 550
550 794
686 364
364 741
378 205
205 934
344 615
615 21
492 264
264 845
94 130
130 21
605 370
370 885
726 937
937 260
831 230
230 934
936 460
460 563
744 123
123 532
774 850
850 741
932 333
333 885
7 800
800 963
148 672
672 675
371 20
20 885
492 663
663 866
7 396
396 735
605 468
468 794
52 576
576 21
477 618
618 493
766 300
300 513
889 511
511 39
686 136
136 735
466 308
308 39
846 945
945 146
726 515
515 513
549 720
720 252
281 234
234 845
915 216
216 422
492 482
482 963
591 896
896 563
831 332
332 675
209 871
871 513
334 525
525 885
673 274
274 259
686 628
628 934
52 727
727 963
697 502
502 252
85 402
402 754
774 823
823 741
580 449
449 833
726 204
204 410
344 336
336 252
673 857
857 410
209 107
107 866
530 490
490 963
238 115
115 901
540 929
929 422
549 280
280 885
492 922
922 741
771 323
323 532
209 536
536 754
549 338
338 872
645 508
508 954
428 546
546 563
844 930
930 146
932 784
784 833
239 398
398 493
455 196
196 513
645 61
61 410
58 641
641 369
580 698
698 146
455 342
342 461
846 454
454 493
466 631
631 493
361 592
592 493
591 802
802 675
407 388
388 259
575 551
551 866
477 711
711 532
673 528
528 845
7 31
31 39
85 826
826 675
239 330
330 901
89 317
317 461
697 960
960 675
407 68
68 532
817 269
269 735
846 523
523 422
817 556
556 260
108 632
632 513
433 480
480 934
253 951
951 369
466 291
291 39
697 211
211 833
361 730
730 259
288 392
392 794
189 261
261 754
846 763
763 260
135 11
11 513
108 767
767 369
407 434
434 934
549 491
491 675
697 944
944 21
894 212
212 901
108 847
847 39
167 638
638 563
726 927
927 885
842 555
555 493
363 819
819 735
371 620
620 260
575 358
358 369
311 2
2 252
941 938
938 410
831 384
384 39
189 5
5 513
601 496
496 410
165 816
816 493
936 578
578 21
846 961
961 954
466 777
777 252
58 188
188 259
919 92
92 146
328 35
35 369
932 462
462 675
378 905
905 410
334 588
588 259
148 906
906 369
165 419
419 866
539 702
702 369
844 193
193 513
540 223
223 866
433 320
320 794
52 609
609 872
915 206
206 410
165 201
201 493
407 409
409 845
686 892
892 422
184 119
119 845
85 166
166 934
428 445
445 369
89 325
325 845
288 666
666 963
401 278
278 901
941 199
199 259
52 839
839 954
817 644
644 845
915 63
63 532
378 42
42 259
605 870
870 866
492 849
849 410
178 559
559 532
753 256
256 260
539 946
946 735
477 33
33 532
228 942
942 422
189 499
499 146
433 27
27 885
744 950
950 833
328 519
519 259
530 210
210 934
831 248
248 260
89 548
548 39
401 903
903 410
842 116
116 845
580 883
883 369
334 213
213 845
766 194
194 461
148 14
14 754
52 221
221 963
288 909
909 901
771 450
450 410
108 229
229 735
108 755
755 741
540 106
106 954
540 538
538 493
601 181
181 493
52 587
587 901
509 577
577 21
16 191
191 410
539 659
659 259
238 207
207 422
401 403
403 934
831 882
882 794
771 103
103 259
658 893
893 532
239 803
803 369
645 685
685 963
209 436
436 794
697 715
715 872
108 793
793 885
108 623
623 513
766 377
377 741
228 37
37 259
875 218
218 754
135 290
290 369
756 543
543 39
371 768
768 21
354 78
78 872
575 242
242 901
842 345
345 369
477 324
324 422
842 787
787 461
178 495
495 741
16 459
459 833
433 682
682 794
753 484
484 39
355 825
825 963
842 306
306 833
85 173
173 845
184 703
703 872
673 439
439 369
919 309
309 146
378 586
586 252
363 957
957 872
580 437
437 866
238 404
404 872
401 318
318 410
753 790
790 901
108 30
30 493
549 705
705 513
135 15
15 532
686 604
604 885
85 524
524 754
344 759
759 934
287 326
326 901
697 457
457 369
135 285
285 259
875 359
359 513
670 700
700 735
875 958
958 872
686 861
861 146
919 302
302 675
686 736
736 833
378 699
699 845
361 830
830 794
605 600
600 260
288 947
947 21
670 447
447 675
361 719
719 146
363 855
855 513
344 537
537 260
363 304
304 901
670 118
118 885
288 339
339 146
371 268
268 422
844 154
154 39
875 952
952 754
58 865
865 901
686 276
276 885
466 186
186 39
407 430
430 39
561 485
485 866
85 574
574 954
509 811
811 741
189 573
573 422
766 904
904 252
401 773
773 735
89 627
627 845
590 1
1 259
209 44
44 532
590 884
884 259
726 129
129 963
561 153
153 833
334 8
8 259
575 389
389 422
148 231
231 833
7 17
17 260
753 914
914 833
540 583
583 963
932 408
408 259
670 582
582 532
361 789
789 675
428 172
172 260
179 497
497 513
354 725
725 735
726 160
160 741
941 255
255 39
16 133
133 39
378 182
182 21
844 841
841 146
363 262
262 369
58 835
835 754
919 746
746 532
184 227
227 21
771 737
737 369
941 723
723 754
7 910
910 866
540 801
801 901
477 29
29 563
287 804
804 885
590 28
28 845
238 143
143 369
239 750
750 146
184 783
783 845
288 747
747 741
281 303
303 369
354 529
529 252
744 36
36 735
407 226
226 872
569 616
616 954
941 657
657 252
530 928
928 754
697 714
714 259
605 284
284 872
889 652
652 563
52 933
933 410
509 949
949 901
94 145
145 872
178 289
289 845
253 709
709 885
407 440
440 252
178 18
18 963
842 505
505 963
148 890
890 934
135 243
243 260
605 93
93 934
281 446
446 493
355 232
232 21
686 125
125 963
844 245
245 39
148 198
198 422
569 584
584 934
605 859
859 934
455 716
716 954
433 421
421 901
842 99
99 833
407 541
541 21
401 267
267 901
371 71
71 794
726 867
867 410
477 779
779 901
817 90
90 735
466 222
222 954
673 655
655 901
167 420
420 532
108 748
748 563
58 77
77 754
919 220
220 410
726 208
208 954
401 635
635 963
771 520
520 422
561 418
418 845
253 544
544 934
407 335
335 934
165 935
935 493
239 879
879 735
540 504
504 410
189 195
195 845
530 192
192 901
936 827
827 369
466 347
347 260
344 888
888 369
605 557
557 513
561 266
266 963
759 735
899 754
905 563
98 410
722 513
892 532
197 493
295 260
397 369
54 422
873 146
382 675
61 872
829 963
198 885
434 833
272 21
181 461
835 259
737 741
254 934
211 39
938 901
773 252
700 866
718 794
663 845
982 1875 875
59 759
262 545
134 203
180 404
279 911
572 971
505 181
936 464
595 351
376 832
204 374
241 332
892 871
109 920
867 735
461 829
919 769
955 590
475 605
397 918
731 185
823 436
298 599
396 917
600 161
675 503
254 68
521 551
73 953
901 698
466 712
907 350
795 532
634 183
722 644
633 975
136 148
539 840
128 599
1 604
677 516
12 715
853 323
978 320
550 212
233 573
685 369
583 650
902 904
803 618
445 643
170 676
142 862
607 146
69 441
395 274
665 268
280 320
94 96
15 290
88 512
117 230
51 470
130 649
302 34
501 86
699 300
679 768
560 491
477 882
656 439
467 369
236 407
688 284
963 890
361 655
326 325
666 691
153 377
107 850
276 616
603 317
718 156
87 456
488 663
396 732
732 228
902 708
708 554
677 354
354 646
396 690
690 38
955 860
860 330
978 946
946 100
109 703
703 192
395 509
509 330
475 157
157 38
298 384
384 311
521 704
704 510
521 606
606 119
276 378
378 228
677 261
261 566
550 705
705 250
656 559
559 192
109 507
507 408
361 799
799 250
279 862
862 739
233 439
439 228
665 143
143 311
134 437
437 566
445 199
199 408
109 238
238 65
262 370
370 646
688 179
179 330
445 923
923 124
679 832
832 100
136 747
747 330
656 277
277 119
505 167
167 739
521 57
57 646
59 121
121 554
901 226
226 510
853 286
286 228
718 925
925 411
142 753
753 566
461 927
927 100
607 56
56 228
397 96
96 386
376 16
16 7
395 74
74 839
688 345
345 408
521 712
712 311
236 748
748 510
326 17
17 192
170 538
538 228
731 300
300 192
675 301
301 386
241 982
982 38
51 532
532 554
466 599
599 739
656 543
543 119
539 518
518 192
600 33
33 311
397 401
401 311
396 886
886 566
241 86
86 250
607 58
58 192
15 458
458 739
978 951
951 38
87 667
667 739
73 421
421 408
396 805
805 510
718 127
127 7
376 93
93 411
505 271
271 65
69 290
290 646
955 328
328 192
87 485
485 65
853 515
515 38
298 903
903 192
656 849
849 119
280 912
912 38
902 947
947 311
560 368
368 408
142 758
758 739
867 585
585 100
298 243
243 446
170 148
148 839
685 413
413 311
280 36
36 510
718 457
457 390
607 431
431 100
280 21
21 330
461 893
893 330
656 772
772 839
326 42
42 7
241 174
174 386
376 949
949 311
936 246
246 100
795 223
223 311
262 590
590 554
1 156
156 7
656 786
786 124
722 676
676 839
501 742
742 554
204 791
791 38
94 960
960 228
679 948
948 446
280 562
562 311
134 884
884 408
298 838
838 311
69 967
967 839
279 809
809 65
679 767
767 250
73 792
792 192
130 313
313 646
475 890
890 554
572 567
567 510
396 850
850 330
521 863
863 739
461 391
391 411
461 581
581 408
550 132
132 446
376 394
394 119
88 491
491 228
276 569
569 386
361 802
802 510
505 818
818 7
634 108
108 386
572 964
964 7
12 878
878 330
803 658
658 839
488 558
558 408
254 641
641 386
572 110
110 554
572 898
898 7
539 941
941 839
853 687
687 119
936 785
785 566
955 50
50 566
505 320
320 446
254 263
263 554
560 44
44 38
466 402
402 411
550 161
161 739
475 231
231 510
467 775
775 38
675 400
400 250
677 806
806 510
550 520
520 330
361 410
410 646
722 307
307 330
901 168
168 7
128 63
63 38
170 765
765 250
803 563
563 330
583 735
735 646
276 163
163 390
396 418
418 330
633 835
835 554
902 255
255 119
280 232
232 386
88 522
522 124
853 436
436 839
117 938
938 192
302 347
347 390
675 528
528 446
87 929
929 119
633 582
582 408
87 945
945 510
603 930
930 554
560 371
371 119
69 908
908 510
978 696
696 566
280 668
668 228
688 11
11 250
595 52
52 566
466 807
807 124
130 904
904 119
87 70
70 7
633 470
470 330
69 728
728 739
892 536
536 100
477 282
282 7
107 497
497 7
204 137
137 65
1 129
129 330
142 517
517 119
467 764
764 646
583 725
725 250
134 377
377 510
233 430
430 7
936 293
293 250
128 587
587 411
376 631
631 408
467 503
503 38
936 442
442 739
142 193
193 386
675 104
104 124
867 438
438 510
361 737
737 408
254 420
420 566
679 498
498 192
461 23
23 408
488 822
822 119
688 629
629 554
204 698
698 124
901 643
643 124
892 869
869 390
298 304
304 250
128 350
350 446
298 887
887 38
109 917
917 646
276 331
331 839
550 452
452 446
656 627
627 408
69 465
465 411
280 776
776 739
376 826
826 510
955 268
268 446
853 493
493 646
901 409
409 739
94 218
218 7
665 359
359 566
572 891
891 510
477 842
842 330
803 601
601 330
461 556
556 386
15 43
43 228
12 29
29 646
634 495
495 250
376 693
693 311
677 678
678 228
180 962
962 119
236 577
577 119
51 840
840 739
677 476
476 446
376 707
707 38
634 150
150 566
600 248
248 38
633 881
881 119
488 252
252 124
656 448
448 646
679 508
508 566
731 880
880 390
699 46
46 7
892 388
388 124
153 841
841 228
902 709
709 330
595 425
425 411
550 527
527 192
69 414
414 311
685 473
473 739
280 670
670 119
461 8
8 119
955 64
64 65
677 297
297 510
505 188
188 228
675 206
206 250
907 837
837 739
539 611
611 739
688 172
172 739
978 672
672 386
170 598
598 228
1 82
82 65
677 714
714 100
823 106
106 566
298 68
68 7
59 874
874 411
595 644
644 7
607 114
114 566
130 208
208 311
539 954
954 124
501 162
162 510
180 245
245 311
180 852
852 38
978 319
319 228
395 729
729 192
280 716
716 646
907 516
516 408
505 34
34 124
142 717
717 124
51 247
247 566
634 49
49 250
170 857
857 510
241 309
309 646
87 265
265 646
488 22
22 192
12 432
432 330
688 756
756 411
298 621
621 446
395 623
623 330
233 931
931 839
376 187
187 192
607 763
763 386
180 30
30 311
853 178
178 411
51 958
958 390
699 177
177 390
488 383
383 38
665 895
895 192
679 3
3 65
302 463
463 411
718 811
811 7
919 403
403 446
73 37
37 7
892 613
613 7
679 312
312 646
466 144
144 390
445 471
471 839
302 472
472 311
665 512
512 311
117 363
363 250
679 743
743 100
233 537
537 390
136 815
815 124
69 310
310 119
361 346
346 739
170 974
974 228
572 662
662 38
907 651
651 7
180 639
639 739
677 915
915 119
128 513
513 390
397 351
351 510
539 145
145 330
136 237
237 228
254 133
133 311
685 499
499 446
685 636
636 119
867 883
883 554
656 733
733 124
396 836
836 566
59 723
723 65
279 32
32 311
853 54
54 250
901 702
702 192
505 910
910 311
963 258
258 311
254 584
584 554
505 594
594 510
180 171
171 566
955 207
207 119
665 888
888 119
600 266
266 330
130 664
664 510
892 78
78 411
461 659
659 411
795 531
531 566
302 2
2 411
142 13
13 250
550 217
217 311
94 138
138 330
395 547
547 839
233 419
419 311
521 920
920 510
902 182
182 250
136 734
734 739
892 339
339 839
107 529
529 411
136 586
586 739
461 212
212 390
107 680
680 510
795 149
149 124
901 866
866 100
699 640
640 390
130 169
169 330
130 604
604 124
361 504
504 100
109 83
83 446
803 289
289 7
69 548
548 228
901 697
697 646
919 453
453 566
128 484
484 839
15 404
404 311
477 244
244 250
73 221
221 311
560 761
761 119
254 909
909 386
795 253
253 119
233 159
159 38
134 506
506 390
907 580
580 250
572 487
487 554
853 249
249 7
501 727
727 65
136 768
768 390
936 972
972 408
595 235
235 119
376 27
27 124
461 340
340 739
521 804
804 250
262 769
769 839
892 663
663 390
51 626
626 65
12 67
67 7
505 372
372 124
572 90
90 739
107 827
827 646
823 882
882 411
280 294
294 100
572 851
851 250
892 281
281 408
396 257
257 124
180 578
578 124
550 482
482 408
180 45
45 330
12 433
433 386
15 542
542 411
467 922
922 124
302 440
440 411
936 366
366 7
665 429
429 119
262 648
648 411
59 944
944 124
679 812
812 646
560 889
889 311
298 635
635 192
279 968
968 65
936 259
259 411
107 26
26 554
560 632
632 739
521 211
211 839
595 831
831 646
722 260
260 839
130 856
856 411
600 333
333 100
823 292
292 554
902 367
367 554
117 200
200 739
395 692
692 311
488 873
873 38
677 284
284 100
901 154
154 124
376 943
943 119
397 327
327 7
666 844
844 510
902 459
459 7
665 630
630 7
136 684
684 408
326 77
77 7
280 219
219 311
233 98
98 124
180 14
14 65
595 808
808 192
204 194
194 839
892 196
196 192
666 189
189 446
572 9
9 510
180 352
352 446
902 380
380 646
978 39
39 192
603 817
817 311
254 273
273 228
128 829
829 566
396 315
315 7
262 858
858 411
276 754
754 839
130 673
673 839
936 35
35 446
731 464
464 7
59 18
18 446
233 190
190 566
699 896
896 390
560 726
726 510
560 796
796 390
361 814
814 446
241 872
872 510
280 939
939 446
204 976
976 411
634 773
773 386
361 443
443 739
170 592
592 250
853 324
324 646
539 385
385 7
550 619
619 7
892 942
942 124
397 864
864 124
94 434
434 510
823 540
540 228
600 834
834 250
718 787
787 228
955 186
186 386
501 589
589 646
236 770
770 330
204 961
961 124
539 85
85 554
204 428
428 311
130 222
222 7
236 557
557 446
907 481
481 446
59 6
6 646
583 781
781 330
298 288
288 408
955 135
135 566
88 489
489 228
679 738
738 554
276 921
921 124
467 139
139 100
130 783
783 554
361 314
314 124
241 530
530 739
501 342
342 228
276 360
360 390
521 544
544 100
170 553
553 7
170 191
191 119
963 19
19 124
88 969
969 411
279 229
229 739
233 53
53 408
902 462
462 566
978 20
20 510
665 514
514 228
94 855
855 250
699 392
392 119
501 357
357 124
461 335
335 38
572 975
975 38
583 575
575 192
572 848
848 124
795 389
389 411
731 701
701 839
901 565
565 311
699 622
622 38
461 546
546 739
254 41
41 228
395 755
755 100
675 55
55 390
656 911
911 408
665 224
224 65
539 762
762 7
907 492
492 38
109 730
730 7
117 175
175 739
262 287
287 311
963 801
801 250
685 534
534 390
51 234
234 7
461 358
358 65
656 713
713 7
936 373
373 411
466 615
615 38
12 649
649 646
600 683
683 65
907 706
706 739
445 285
285 386
361 423
423 446
907 642
642 510
699 523
523 330
475 116
116 408
501 885
885 38
254 4
4 250
51 95
95 119
397 225
225 65
731 66
66 65
488 653
653 100
892 700
700 554
955 105
105 330
501 525
525 250
607 494
494 192
666 291
291 566
583 956
956 390
603 854
854 250
665 682
682 554
153 953
953 386
12 660
660 554
302 166
166 7
467 84
84 119
550 846
846 839
254 299
299 739
963 152
152 839
665 937
937 119
603 570
570 100
666 681
681 386
395 691
691 386
51 62
62 739
501 322
322 566
603 332
332 839
1 323
323 411
634 618
618 411
94 31
31 7
607 164
164 250
117 355
355 554
134 272
272 330
867 588
588 124
901 120
120 330
326 349
349 119
241 40
40 38
595 416
416 119
550 790
790 330
302 415
415 119
795 381
381 119
128 216
216 228
560 579
579 192
572 308
308 446
262 147
147 38
501 417
417 510
978 820
820 250
170 239
239 739
572 950
950 192
892 131
131 566
1 924
924 554
603 736
736 228
656 398
398 510
467 101
101 408
73 80
80 330
254 72
72 386
656 745
745 38
12 593
593 38
279 674
674 446
88 779
779 646
254 479
479 124
919 451
451 124
488 141
141 100
901 828
828 100
539 819
819 554
901 468
468 65
718 256
256 408
276 176
176 510
361 317
317 228
130 928
928 7
560 897
897 124
685 283
283 646
69 977
977 386
539 480
480 192
134 296
296 390
803 61
61 119
376 511
511 510
892 184
184 330
445 122
122 739
94 551
551 554
236 830
830 7
233 933
933 192
795 782
782 646
603 405
405 100
134 406
406 390
550 694
694 124
675 780
780 408
677 91
91 839
298 24
24 646
603 934
934 330
262 60
60 192
326 541
541 7
633 202
202 192
87 215
215 38
572 798
798 386
892 71
71 311
603 778
778 839
109 450
450 250
722 5
5 411
73 774
774 65
326 111
111 390
685 597
597 386
665 833
833 65
572 926
926 390
867 959
959 250
87 210
210 192
892 76
76 124
665 719
719 510
595 871
871 386
607 220
220 192
505 624
624 739
109 115
115 100
665 48
48 386
867 571
571 100
688 469
469 386
279 118
118 100
607 230
230 65
94 894
894 386
254 321
321 739
722 140
140 228
795 47
47 566
302 412
412 330
128 214
214 390
803 533
533 390
467 353
353 228
699 486
486 566
666 382
382 311
634 81
81 250
633 596
596 65
87 500
500 38
853 306
306 330
539 274
274 100
823 365
365 124
572 343
343 228
803 79
79 566
665 913
913 250
803 362
362 510
94 970
970 228
180 741
741 124
94 549
549 390
130 752
752 38
823 793
793 411
1 877
877 446
396 356
356 100
180 784
784 100
656 478
478 7
361 160
160 408
302 374
374 311
59 750
750 250
395 979
979 510
1 341
341 554
397 777
777 330
936 875
875 250
204 535
535 119
128 483
483 554
607 10
10 411
718 905
905 839
521 213
213 566
902 749
749 330
130 375
375 65
634 940
940 554
936 740
740 510
677 25
25 38
15 652
652 119
262 526
526 411
241 797
797 411
488 620
620 510
795 28
28 124
685 336
336 386
634 766
766 119
279 710
710 330
901 209
209 739
679 720
720 7
823 197
197 124
488 99
99 119
467 650
650 192
505 112
112 124
59 269
269 100
397 519
519 228
595 75
75 65
204 278
278 228
679 671
671 386
397 816
816 192
59 612
612 566
677 952
952 411
677 270
270 100
73 151
151 330
183 100
595 932
932 510
892 89
89 250
603 545
545 124
280 861
861 250
15 369
369 65
88 316
316 408
656 305
305 386
475 625
625 411
803 203
203 38
466 695
695 566
595 825
825 65
298 689
689 446
505 251
251 446
488 616
616 228
170 337
337 250
280 876
876 408
603 868
868 100
467 407
407 386
326 568
568 65
276 610
610 839
475 561
561 446
501 628
628 330
298 657
657 311
395 318
318 311
902 460
460 510
298 617
617 250
583 899
899 228
298 721
721 124
117 393
393 554
583 364
364 119
853 576
576 7
279 865
865 411
595 965
965 646
634 123
123 510
262 847
847 446
963 759
759 119
488 447
447 119
892 637
637 739
254 794
794 646
550 240
240 446
298 981
981 411
572 426
426 390
445 564
564 124
475 195
195 7
679 524
524 411
170 455
455 646
361 227
227 739
560 92
92 386
595 125
125 38
867 655
655 739
731 181
181 330
595 555
555 446
107 502
502 386
280 608
608 7
907 275
275 65
919 399
399 65
51 916
916 192
521 474
474 124
823 906
906 119
142 757
757 311
153 441
441 65
466 661
661 390
550 686
686 65
505 456
456 554
88 800
800 311
153 669
669 408
276 746
746 228
475 824
824 330
666 490
490 228
955 102
102 739
550 264
264 38
936 870
870 38
795 788
788 386
685 379
379 65
241 329
329 311
699 158
158 65
88 387
387 566
395 647
647 38
853 185
185 250
583 879
879 446
666 126
126 311
600 165
165 100
722 859
859 739
180 344
344 566
572 605
605 510
572 957
957 38
919 845
845 38
603 789
789 330
867 760
760 124
396 724
724 119
665 614
614 65
59 201
201 124
1 574
574 566
688 295
295 386
466 980
980 250
634 966
966 411
280 325
325 408
823 198
198 250
688 914
914 566
853 971
971 100
718 449
449 411
170 173
173 390
361 771
771 408
550 454
454 386
803 552
552 408
445 715
715 566
298 155
155 65
461 935
935 7
902 843
843 228
262 334
334 65
560 103
103 7
907 348
348 408
204 422
422 446
395 97
97 192
656 591
591 7
1 813
813 411
109 303
303 510
361 427
427 65
467 744
744 646
153 205
205 38
688 654
654 386
978 424
424 330
963 435
435 330
795 602
602 330
88 973
973 510
1 444
444 408
153 242
242 510
867 810
810 311
59 900
900 192
376 338
338 311
803 609
609 411
600 918
918 446
109 113
113 7
853 821
821 330
128 146
146 119
505 711
711 228
15 638
638 65
488 645
645 566
795 573
573 411
718 267
267 386
679 496
496 119
901 751
751 839
716 7
958 646
512 228
578 119
164 739
49 330
650 510
472 65
956 554
356 38
838 390
638 411
164 446
680 124
589 839
574 192
808 250
164 408
451 386
750 100
353 311
259 566
664 289
642 454
902 574
243 900
722 368
212 412
924 612
333 240
290 640
175 628
921 422
314 736
672 278
600 457
488 242
297 482
176 76
811 534
516 833
956 1815 854
140 514
222 183
771 376
500 797
574 464
519 671
698 296
11 950
556 373
260 195
735 860
406 596
838 904
128 593
924 869
664 475
330 900
120 119
585 254
443 611
731 452
440 66
745 60
247 385
874 949
31 670
234 122
401 607
108 413
118 343
19 620
295 416
780 558
662 333
431 607
103 872
3 612
690 868
308 212
132 471
49 450
659 853
95 369
331 188
405 29
748 926
600 368
547 69
330 948
948 377
103 925
925 781
401 627
627 193
874 676
676 214
500 153
153 445
748 766
766 455
659 199
199 196
118 815
815 57
431 113
113 314
331 708
708 622
140 356
356 509
49 324
324 198
330 762
762 913
108 215
215 245
234 607
607 913
662 798
798 550
308 471
471 781
924 229
229 756
547 292
292 258
401 886
886 905
330 475
475 579
431 794
794 256
3 482
482 256
308 542
542 788
308 953
953 535
401 693
693 939
19 361
361 288
731 502
502 913
731 322
322 159
600 636
636 214
260 414
414 812
600 778
778 193
11 360
360 161
120 849
849 267
698 595
595 58
431 930
930 258
103 560
560 256
222 125
125 913
664 1
1 455
664 37
37 622
120 462
462 624
519 225
225 622
838 15
15 256
698 106
106 701
659 741
741 941
771 34
34 425
443 867
867 939
128 820
820 176
406 684
684 267
443 620
620 105
308 77
77 756
838 744
744 159
49 335
335 455
745 407
407 956
95 194
194 256
924 888
888 639
132 73
73 812
120 950
950 58
405 141
141 905
406 927
927 941
222 779
779 198
330 368
368 939
690 488
488 159
874 897
897 298
247 738
738 258
440 877
877 193
745 413
413 298
295 793
793 939
103 846
846 747
698 538
538 264
664 271
271 509
574 326
326 264
330 302
302 58
519 385
385 622
500 599
599 159
748 27
27 211
103 316
316 535
19 474
474 57
698 124
124 946
748 883
883 258
331 588
588 756
308 56
56 377
838 835
835 372
401 860
860 211
331 47
47 425
247 334
334 198
132 249
249 256
443 829
829 377
735 254
254 196
924 419
419 288
664 940
940 160
331 609
609 639
331 484
484 282
401 136
136 871
690 69
69 176
585 952
952 282
49 487
487 314
401 795
795 913
330 617
617 105
874 852
852 509
745 614
614 83
108 808
808 298
874 526
526 781
585 565
565 564
664 618
618 58
118 878
878 57
331 283
283 550
118 834
834 377
401 695
695 828
745 13
13 701
519 651
651 105
140 72
72 198
664 646
646 622
49 357
357 445
500 185
185 282
401 584
584 372
405 673
673 509
295 184
184 159
331 656
656 105
3 450
450 946
662 424
424 214
31 421
421 509
690 955
955 622
735 119
119 298
924 297
297 459
748 642
642 193
874 592
592 913
771 68
68 445
519 189
189 445
662 885
885 946
234 366
366 828
431 757
757 871
331 679
679 160
698 508
508 176
519 121
121 747
874 601
601 747
731 699
699 865
600 649
649 905
120 400
400 176
440 373
373 799
247 370
370 941
406 353
353 193
295 587
587 196
500 454
454 258
547 85
85 564
771 97
97 425
838 514
514 871
128 810
810 193
128 623
623 264
735 371
371 579
295 739
739 282
838 685
685 788
234 133
133 105
234 59
59 871
735 463
463 264
547 24
24 211
748 30
30 939
401 218
218 701
771 764
764 956
664 887
887 913
519 821
821 377
874 590
590 865
547 769
769 425
519 402
402 632
308 818
818 160
103 694
694 57
295 819
819 756
405 559
559 159
500 134
134 161
874 25
25 639
874 12
12 214
659 367
367 264
745 348
348 939
874 265
265 105
748 479
479 264
780 532
532 372
664 840
840 57
3 644
644 941
234 374
374 564
140 101
101 941
600 434
434 747
295 399
399 564
771 687
687 264
838 290
290 956
331 938
938 747
838 594
594 781
659 277
277 812
664 830
830 509
19 306
306 781
308 408
408 211
132 675
675 211
140 259
259 632
600 717
717 946
745 39
39 176
745 660
660 535
49 168
168 781
574 449
449 624
222 800
800 176
120 719
719 956
748 472
472 828
132 299
299 747
431 7
7 535
780 517
517 579
924 826
826 282
11 444
444 160
556 278
278 756
731 937
937 256
664 332
332 193
924 902
902 624
556 855
855 445
659 714
714 258
330 683
683 445
431 433
433 245
260 907
907 535
664 802
802 298
443 875
875 256
330 568
568 509
662 262
262 372
132 536
536 939
838 499
499 282
406 541
541 455
600 895
895 865
11 67
67 267
295 344
344 701
401 641
641 314
132 232
232 459
308 257
257 211
108 441
441 747
132 274
274 799
500 191
191 509
3 327
327 176
140 403
403 579
295 333
333 701
132 692
692 956
838 742
742 939
19 640
640 946
247 423
423 196
664 511
511 377
780 789
789 459
308 611
611 377
443 44
44 258
698 605
605 256
247 230
230 176
690 96
96 905
108 204
204 865
247 898
898 372
260 175
175 196
222 246
246 550
103 894
894 913
132 551
551 828
664 945
945 788
664 296
296 83
780 244
244 946
95 942
942 161
128 52
52 288
132 670
670 639
405 737
737 564
574 391
391 193
140 87
87 196
431 853
853 377
19 236
236 622
331 291
291 282
780 70
70 946
11 668
668 214
247 14
14 622
690 195
195 161
443 901
901 828
31 791
791 372
308 145
145 445
748 822
822 624
3 669
669 871
120 615
615 245
600 436
436 828
547 212
212 788
19 415
415 198
600 882
882 57
748 700
700 298
330 386
386 258
331 395
395 939
771 758
758 622
103 284
284 160
924 896
896 264
664 583
583 214
19 654
654 159
659 84
84 298
222 773
773 214
108 908
908 377
330 872
872 159
431 104
104 455
11 382
382 245
401 375
375 105
659 891
891 564
128 279
279 939
331 567
567 632
31 478
478 58
780 40
40 788
331 637
637 160
331 426
426 211
95 790
790 425
771 178
178 159
556 79
79 425
838 573
573 256
585 730
730 632
874 315
315 509
406 266
266 550
406 123
123 105
401 914
914 258
108 147
147 639
128 429
429 193
600 416
416 799
519 729
729 298
128 844
844 105
600 505
505 214
731 518
518 176
500 628
628 314
664 763
763 267
49 635
635 865
431 881
881 941
500 537
537 161
49 760
760 946
103 845
845 905
405 658
658 956
771 342
342 160
234 707
707 865
600 412
412 579
308 276
276 564
118 578
578 256
443 523
523 939
103 209
209 913
874 186
186 161
330 606
606 941
698 625
625 799
405 347
347 245
31 323
323 905
600 647
647 913
735 910
910 193
95 66
66 298
140 718
718 579
556 705
705 946
222 190
190 211
11 355
355 58
698 761
761 211
443 359
359 781
31 555
555 701
924 470
470 57
31 777
777 550
118 553
553 747
19 310
310 256
698 341
341 747
120 206
206 701
558 83
11 491
491 639
443 569
569 865
3 180
180 812
838 643
643 161
31 566
566 509
838 22
22 214
519 354
354 535
585 80
80 425
260 220
220 211
103 663
663 939
874 570
570 314
443 169
169 781
519 337
337 214
574 531
531 828
547 728
728 372
3 879
879 159
698 490
490 913
11 387
387 747
295 498
498 509
108 586
586 939
401 575
575 159
247 752
752 288
585 33
33 196
128 501
501 298
308 655
655 196
874 46
46 781
443 691
691 941
295 515
515 828
440 598
598 550
222 86
86 298
128 75
75 105
247 394
394 58
874 166
166 622
519 533
533 756
222 255
255 812
49 909
909 372
118 114
114 288
405 280
280 314
331 138
138 865
574 711
711 747
556 293
293 372
662 522
522 624
780 369
369 799
519 652
652 956
440 933
933 509
405 343
343 956
838 702
702 865
405 921
921 865
556 467
467 58
574 680
680 198
330 346
346 632
698 446
446 828
108 577
577 550
698 813
813 193
924 787
787 756
574 943
943 946
120 916
916 828
103 203
203 258
659 363
363 639
731 768
768 509
406 912
912 781
731 696
696 946
440 743
743 193
745 876
876 159
874 513
513 288
874 94
94 264
874 805
805 264
519 496
496 298
247 417
417 905
838 906
906 939
731 510
510 105
440 831
831 946
120 817
817 176
780 294
294 445
443 317
317 913
222 873
873 314
519 112
112 288
140 435
435 579
330 270
270 105
234 231
231 245
260 221
221 160
3 825
825 193
600 307
307 288
659 801
801 288
500 469
469 105
500 130
130 632
120 200
200 198
234 393
393 258
295 483
483 799
745 23
23 245
600 715
715 632
401 380
380 905
11 544
544 939
431 638
638 298
247 610
610 564
31 645
645 579
260 126
126 196
132 851
851 161
500 678
678 865
556 608
608 455
128 863
863 258
260 473
473 756
331 858
858 196
838 809
809 256
662 503
503 799
31 880
880 871
664 117
117 288
19 850
850 425
234 205
205 747
662 383
383 756
585 732
732 865
547 572
572 377
331 261
261 622
108 102
102 905
95 725
725 264
3 540
540 946
735 219
219 956
140 202
202 564
330 351
351 161
735 286
286 198
443 303
303 624
745 868
868 939
3 93
93 799
745 349
349 788
3 529
529 211
331 213
213 445
662 320
320 939
664 783
783 83
406 410
410 176
405 328
328 639
405 109
109 425
222 534
534 701
443 856
856 161
405 494
494 57
519 115
115 288
745 201
201 550
780 188
188 161
234 16
16 372
431 192
192 579
838 64
64 83
140 197
197 799
585 289
289 288
519 90
90 176
440 922
922 57
600 210
210 756
120 107
107 624
924 917
917 865
443 2
2 176
600 776
776 871
547 665
665 579
874 457
457 211
874 580
580 176
924 226
226 57
924 420
420 245
120 207
207 159
118 339
339 865
405 43
43 939
406 893
893 193
331 181
181 828
31 506
506 564
331 710
710 256
659 358
358 747
662 837
837 105
500 786
786 264
838 146
146 747
664 437
437 632
574 884
884 905
401 900
900 550
440 29
29 282
664 300
300 781
547 911
911 941
698 814
814 939
519 111
111 639
745 275
275 298
731 50
50 622
406 775
775 905
924 528
528 176
19 251
251 214
247 869
869 198
140 485
485 905
838 378
378 828
659 156
156 445
662 751
751 258
330 859
859 176
103 272
272 258
731 602
602 913
260 336
336 622
406 823
823 747
118 650
650 632
234 422
422 372
771 82
82 535
128 62
62 747
874 866
866 624
771 477
477 105
3 557
557 282
698 432
432 245
308 304
304 624
103 709
709 564
698 749
749 83
500 754
754 159
924 686
686 535
838 428
428 756
49 18
18 314
19 281
281 939
690 172
172 939
120 666
666 747
664 269
269 701
406 727
727 946
838 621
621 314
780 712
712 176
431 157
157 196
443 486
486 865
440 442
442 747
735 447
447 639
547 626
626 159
748 242
242 214
924 944
944 214
690 932
932 196
247 35
35 245
780 543
543 425
103 461
461 298
500 152
152 258
662 681
681 176
698 724
724 639
690 154
154 939
330 60
60 632
140 9
9 214
118 806
806 747
556 163
163 372
574 173
173 196
838 755
755 314
600 135
135 372
659 836
836 264
118 854
854 941
771 116
116 812
662 847
847 747
405 516
516 198
401 504
504 828
11 507
507 57
331 252
252 214
440 143
143 288
924 110
110 211
585 239
239 828
874 183
183 288
659 889
889 198
118 720
720 701
295 476
476 58
500 546
546 372
664 736
736 258
547 312
312 756
547 918
918 459
585 562
562 161
662 243
243 314
556 527
527 564
118 26
26 639
500 88
88 214
924 949
949 176
698 634
634 282
698 481
481 865
247 238
238 747
556 857
857 57
120 796
796 58
120 890
890 939
295 785
785 632
120 492
492 258
500 301
301 160
406 697
697 445
247 733
733 160
585 21
21 941
659 389
389 159
401 6
6 425
120 581
581 298
780 661
661 256
519 448
448 550
406 688
688 564
574 591
591 946
500 458
458 267
771 78
78 160
574 305
305 214
49 92
92 781
132 162
162 445
500 633
633 445
331 91
91 193
771 329
329 445
406 235
235 455
735 127
127 946
659 155
155 639
330 89
89 372
234 71
71 198
735 460
460 377
118 250
250 445
19 48
48 509
600 497
497 282
295 767
767 377
745 657
657 946
234 726
726 160
874 364
364 245
405 612
612 196
118 576
576 622
780 28
28 828
49 404
404 812
120 713
713 445
771 158
158 193
234 689
689 256
222 248
248 161
662 811
811 57
331 653
653 211
222 17
17 264
31 468
468 865
924 228
228 314
731 149
149 905
547 512
512 282
331 703
703 105
574 321
321 159
585 45
45 264
838 63
63 377
247 151
151 939
247 224
224 756
838 929
929 193
247 179
179 214
547 548
548 913
11 142
142 939
748 217
217 159
745 273
273 747
330 721
721 425
519 613
613 377
574 55
55 83
103 589
589 57
308 453
453 871
500 381
381 161
103 554
554 176
745 723
723 245
735 682
682 159
431 285
285 956
95 430
430 455
49 165
165 282
140 582
582 288
120 870
870 314
690 456
456 377
585 148
148 256
128 521
521 176
19 177
177 245
659 619
619 455
401 931
931 264
600 287
287 282
140 396
396 812
574 552
552 535
585 144
144 198
330 313
313 535
780 827
827 193
260 150
150 756
924 677
677 956
234 350
350 372
731 164
164 377
3 32
32 455
556 182
182 946
308 915
915 756
574 571
571 372
547 398
398 946
132 41
41 939
771 841
841 264
247 418
418 445
128 524
524 445
49 706
706 550
600 549
549 747
140 319
319 58
745 951
951 828
585 629
629 781
103 233
233 57
31 904
904 105
780 848
848 956
331 8
8 579
662 131
131 509
247 539
539 941
405 750
750 781
128 842
842 871
406 466
466 83
659 170
170 176
19 223
223 57
748 122
122 624
11 740
740 264
330 100
100 245
547 604
604 314
664 240
240 288
247 227
227 535
731 765
765 509
103 704
704 105
234 919
919 161
662 797
797 509
780 774
774 264
11 759
759 871
3 237
237 58
838 563
563 282
731 392
392 298
222 171
171 624
234 465
465 871
3 216
216 939
780 61
61 58
440 464
464 781
3 597
597 871
31 208
208 176
585 672
672 913
406 861
861 579
443 253
253 211
664 65
65 564
331 862
862 756
401 489
489 812
308 833
833 788
95 439
439 105
132 451
451 58
19 139
139 459
698 593
593 256
780 603
603 256
519 648
648 445
780 803
803 788
260 318
318 939
874 20
20 509
662 671
671 161
11 379
379 83
406 137
137 105
120 397
397 58
431 947
947 160
31 839
839 956
103 493
493 564
443 4
4 211
698 816
816 161
120 376
376 788
222 74
74 747
222 5
5 58
874 923
923 196
440 311
311 941
690 782
782 211
659 903
903 865
748 674
674 956
519 772
772 372
431 630
630 160
401 495
495 564
108 42
42 913
771 892
892 459
745 362
362 57
295 411
411 160
664 36
36 701
519 804
804 455
664 807
807 632
600 340
340 256
128 545
545 956
585 596
596 579
49 954
954 939
600 667
667 245
556 309
309 198
500 345
345 198
664 10
10 756
3 390
390 799
330 864
864 622
698 936
936 83
547 722
722 455
780 770
770 956
690 520
520 956
556 934
934 550
19 525
525 282
103 384
384 941
440 54
54 913
547 843
843 160
128 784
784 632
401 338
338 57
330 832
832 871
330 926
926 632
405 824
824 258
698 129
129 445
659 268
268 939
103 631
631 781
108 928
928 871
3 734
734 939
120 561
561 579
574 920
920 105
547 241
241 747
431 746
746 83
745 452
452 747
31 325
325 622
103 480
480 639
443 98
98 624
574 53
53 871
431 438
438 865
431 365
365 425
780 899
899 828
401 81
81 211
874 716
716 159
556 753
753 865
585 935
935 828
103 530
530 211
19 167
167 377
556 99
99 211
19 51
51 865
574 174
174 913
443 76
76 83
222 263
263 632
405 38
38 564
731 616
616 214
31 792
792 245
924 427
427 160
745 187
187 264
780 409
409 622
128 388
388 298
11 352
352 564
312 956
915 159
648 632
581 550
433 535
369 282
560 913
285 245
645 288
463 193
44 812
274 639
850 865
501 455
727 445
233 372
618 377
692 701
43 161
685 624
879 160
283 57
730 176
875 258
782 905
40 198
846 267
439 799
766 579
458 939
644 298
338 314
513 58
52 425
923 564
744 83
229 211
581 214
218 828
889 256
9 105
915 264
858 781
646 871
465 946
421 622
872 788
79 747
178 941
629 459
9 509
610 196
834 756
303 50
289 946
754 535
281 476
715 115
979 1992 937
300 961
541 912
345 677
499 673
256 670
700 511
433 827
780 803
300 283
283 481
300 344
344 444
780 569
569 174
780 431
431 751
433 405
405 150
256 182
182 306
300 227
227 306
780 425
425 444
700 408
408 306
345 861
861 751
780 103
103 751
780 652
652 384
433 24
24 570
345 645
645 751
345 572
572 384
256 958
958 617
345 549
549 873
700 456
456 481
345 161
161 805
433 813
813 111
541 911
911 975
345 89
89 873
780 953
953 975
780 707
707 614
345 696
696 238
780 771
771 149
700 171
171 469
541 419
419 150
780 223
223 150
499 650
650 288
700 51
51 332
541 594
594 959
345 399
399 757
345 451
451 805
345 36
36 751
433 204
204 860
433 404
404 757
499 683
683 384
499 582
582 238
780 498
498 150
345 237
237 617
345 310
310 873
780 356
356 366
499 551
551 617
780 12
12 975
433 638
638 838
433 121
121 762
300 20
20 149
541 711
711 444
300 83
83 751
433 716
716 614
499 738
738 975
345 693
693 128
345 491
491 149
499 647
647 617
541 533
533 16
300 281
281 751
780 629
629 332
541 192
192 150
345 639
639 805
300 260
260 751
345 546
546 838
433 373
373 149
700 222
222 366
256 299
299 873
256 810
810 516
345 88
88 368
433 363
363 469
541 902
902 163
780 875
875 860
345 573
573 332
700 311
311 306
433 176
176 614
256 923
923 617
256 47
47 288
433 732
732 379
541 562
562 238
256 552
552 306
300 840
840 111
256 480
480 306
345 58
58 111
345 871
871 111
256 495
495 149
433 268
268 444
300 916
916 751
345 881
881 306
780 316
316 128
700 48
48 111
499 726
726 444
700 949
949 773
300 869
869 959
780 801
801 16
541 97
97 617
541 486
486 238
541 874
874 617
700 951
951 838
700 468
468 805
256 190
190 16
499 609
609 860
541 68
68 838
256 553
553 959
541 812
812 751
780 443
443 379
780 497
497 751
433 749
749 773
433 514
514 617
541 120
120 838
300 713
713 860
433 500
500 163
780 168
168 469
961 149
433 969
969 481
541 758
758 163
780 636
636 614
499 898
898 762
541 737
737 149
499 924
924 469
256 323
323 873
499 877
877 805
345 581
581 959
700 155
155 384
780 564
564 805
345 290
290 111
541 901
901 288
300 335
335 111
780 833
833 757
780 271
271 366
300 972
972 444
499 454
454 379
345 907
907 149
433 34
34 306
499 280
280 860
541 69
69 516
499 621
621 368
780 782
782 570
499 49
49 757
433 926
926 481
499 681
681 860
433 580
580 873
433 173
173 288
700 338
338 384
780 518
518 757
345 776
776 288
300 99
99 368
433 392
392 332
300 848
848 368
700 326
326 751
780 407
407 617
433 412
412 163
256 446
446 332
541 4
4 111
300 870
870 570
300 655
655 481
300 508
508 384
499 532
532 614
499 761
761 384
499 104
104 366
780 752
752 959
499 587
587 238
300 648
648 16
256 925
925 773
541 21
21 111
499 291
291 773
433 735
735 111
300 234
234 174
300 619
619 384
433 886
886 805
345 305
305 288
433 199
199 306
433 180
180 332
780 703
703 368
541 739
739 368
541 899
899 873
541 285
285 128
300 940
940 469
541 240
240 570
700 550
550 469
433 321
321 306
541 941
941 306
541 439
439 288
433 511
511 368
541 799
799 516
256 736
736 838
433 139
139 873
345 385
385 469
300 424
424 288
780 430
430 773
499 809
809 136
499 119
119 288
499 2
2 570
541 567
567 873
499 579
579 150
256 292
292 959
345 558
558 128
912 614
780 701
701 163
700 575
575 368
700 228
228 959
499 642
642 111
541 962
962 149
780 889
889 16
300 663
663 762
780 610
610 757
433 362
362 762
345 471
471 838
499 725
725 128
345 185
185 384
345 186
186 751
345 524
524 238
499 529
529 366
700 863
863 136
300 542
542 444
433 206
206 16
433 709
709 332
433 360
360 469
345 437
437 773
433 651
651 136
541 624
624 469
300 434
434 368
700 209
209 469
433 87
87 174
300 202
202 379
345 608
608 384
256 158
158 444
345 189
189 614
433 934
934 368
300 417
417 805
499 836
836 174
345 633
633 379
780 70
70 149
345 92
92 136
700 224
224 149
700 308
308 860
780 475
475 136
700 428
428 481
433 697
697 149
780 667
667 111
433 1
1 805
300 817
817 805
541 184
184 516
780 885
885 288
433 829
829 570
433 27
27 288
700 748
748 136
499 708
708 773
433 484
484 751
780 252
252 873
433 255
255 762
345 148
148 469
780 7
7 16
499 688
688 773
345 694
694 805
499 225
225 751
433 501
501 757
433 893
893 379
700 331
331 570
499 513
513 860
499 534
534 379
700 894
894 111
300 561
561 959
256 236
236 444
345 775
775 516
256 106
106 481
499 685
685 444
541 974
974 838
541 756
756 757
780 403
403 469
345 474
474 16
541 265
265 757
256 706
706 174
700 892
892 288
345 134
134 751
300 165
165 332
700 476
476 444
541 850
850 150
780 592
592 332
499 62
62 136
780 383
383 617
300 157
157 570
780 63
63 751
433 731
731 751
345 488
488 614
256 504
504 757
433 668
668 959
256 342
342 174
780 387
387 773
433 816
816 163
256 544
544 959
780 779
779 873
700 814
814 174
433 77
77 379
345 906
906 805
433 94
94 751
300 765
765 959
256 554
554 959
300 883
883 384
541 679
679 614
700 578
578 516
300 420
420 873
256 143
143 959
300 560
560 873
300 510
510 751
780 135
135 174
345 261
261 614
345 835
835 860
433 13
13 617
541 918
918 150
345 921
921 469
345 547
547 149
256 584
584 838
780 406
406 860
780 85
85 149
499 336
336 366
541 415
415 111
780 213
213 368
780 153
153 481
256 931
931 860
433 286
286 288
780 114
114 288
541 137
137 306
300 692
692 444
499 61
61 149
433 745
745 136
345 658
658 617
300 935
935 975
499 915
915 762
345 179
179 873
541 54
54 751
345 520
520 873
780 634
634 873
300 936
936 516
256 464
464 288
499 680
680 384
780 314
314 384
780 105
105 873
300 67
67 368
499 166
166 614
780 952
952 757
256 689
689 174
700 110
110 860
499 672
672 150
780 297
297 16
700 819
819 128
300 126
126 751
541 414
414 757
700 46
46 959
345 887
887 149
256 229
229 516
300 968
968 136
345 269
269 379
499 449
449 16
700 720
720 860
541 249
249 873
499 248
248 570
433 538
538 469
499 467
467 111
300 472
472 469
541 710
710 379
700 930
930 757
700 11
11 757
433 343
343 366
256 626
626 805
780 221
221 873
780 820
820 959
541 177
177 163
433 217
217 306
256 943
943 757
780 917
917 757
499 507
507 238
345 932
932 16
345 519
519 128
499 583
583 838
541 691
691 614
499 535
535 614
780 957
957 516
541 734
734 136
541 939
939 975
499 346
346 516
700 669
669 306
780 386
386 306
700 753
753 366
433 396
396 570
780 909
909 444
700 571
571 751
499 695
695 368
256 618
618 128
433 967
967 975
499 963
963 805
780 246
246 128
700 39
39 128
700 964
964 366
541 262
262 873
256 426
426 128
256 169
169 163
700 702
702 481
345 187
187 751
541 395
395 762
499 556
556 368
499 435
435 306
780 333
333 306
700 322
322 762
780 132
132 757
433 543
543 288
345 715
715 238
433 781
781 570
300 920
920 128
433 43
43 16
256 490
490 959
780 485
485 111
256 602
602 617
700 509
509 838
300 913
913 150
499 145
145 111
256 842
842 366
700 837
837 762
256 760
760 751
300 81
81 614
700 822
822 773
433 687
687 16
433 788
788 838
541 671
671 469
433 340
340 570
499 72
72 975
300 778
778 860
345 646
646 332
256 91
91 366
541 876
876 238
541 613
613 469
541 950
950 617
345 727
727 516
780 905
905 860
345 264
264 128
300 207
207 570
256 276
276 860
780 477
477 238
256 351
351 163
780 678
678 751
300 537
537 481
300 772
772 614
700 247
247 149
499 859
859 128
541 717
717 805
541 795
795 111
499 677
677 860
433 370
370 614
700 523
523 481
700 382
382 481
433 15
15 570
700 245
245 174
300 910
910 150
345 17
17 128
541 278
278 481
499 453
453 762
541 919
919 773
300 45
45 136
300 675
675 288
700 612
612 614
700 841
841 16
433 214
214 306
700 6
6 873
700 851
851 838
700 369
369 481
300 220
220 838
433 843
843 481
433 423
423 757
541 767
767 379
300 152
152 805
256 721
721 444
541 593
593 149
780 496
496 838
700 852
852 163
780 82
82 773
499 856
856 469
345 649
649 481
700 929
929 860
541 897
897 111
541 596
596 516
256 661
661 16
256 896
896 481
345 555
555 366
300 699
699 757
345 786
786 805
300 127
127 751
541 350
350 570
433 557
557 959
345 846
846 149
256 84
84 149
499 319
319 366
433 195
195 238
345 858
858 805
300 50
50 379
700 8
8 238
433 632
632 306
300 754
754 959
700 811
811 163
345 102
102 481
256 9
9 805
345 825
825 368
256 458
458 838
499 979
979 469
345 131
131 163
345 606
606 368
256 698
698 174
433 977
977 384
700 574
574 128
700 665
665 873
300 565
565 16
433 803
803 469
345 970
970 617
345 445
445 959
300 112
112 751
345 528
528 332
256 900
900 773
433 882
882 757
700 440
440 805
345 978
978 149
700 599
599 149
780 462
462 570
541 798
798 444
300 676
676 860
700 662
662 805
300 90
90 838
433 397
397 860
300 830
830 838
433 122
122 366
700 733
733 805
499 113
113 617
256 235
235 516
256 804
804 444
433 232
232 805
700 354
354 762
300 455
455 128
433 660
660 873
780 457
457 150
300 35
35 751
700 317
317 288
256 257
257 368
256 304
304 163
700 216
216 16
499 388
388 379
780 505
505 366
499 590
590 136
300 684
684 570
256 361
361 617
541 512
512 288
499 945
945 150
345 138
138 975
541 956
956 332
780 108
108 751
780 380
380 16
300 208
208 332
700 44
44 150
300 868
868 516
300 109
109 959
499 521
521 366
345 631
631 757
300 32
32 384
780 903
903 163
433 657
657 16
300 66
66 16
345 159
159 288
499 29
29 762
499 890
890 614
300 750
750 873
433 643
643 751
256 19
19 174
345 296
296 838
541 101
101 174
256 452
452 757
300 178
178 366
541 40
40 469
700 31
31 306
345 327
327 128
780 330
330 238
700 364
364 873
300 5
5 614
541 793
793 174
433 666
666 773
541 563
563 163
433 747
747 16
541 878
878 873
541 674
674 838
256 880
880 368
256 622
622 149
300 670
670 614
256 976
976 238
541 200
200 238
780 704
704 368
780 302
302 516
499 466
466 751
499 611
611 975
300 641
641 150
433 33
33 149
499 250
250 111
700 723
723 384
541 450
450 368
256 790
790 975
345 933
933 614
780 714
714 959
780 459
459 16
700 312
312 959
780 432
432 288
499 71
71 150
345 927
927 150
541 539
539 617
433 797
797 860
300 349
349 570
780 948
948 174
433 78
78 163
345 75
75 805
541 259
259 873
300 615
615 773
256 303
303 444
499 328
328 444
433 494
494 288
300 156
156 111
780 376
376 860
300 381
381 306
300 416
416 379
700 116
116 288
541 219
219 469
433 277
277 614
433 398
398 332
345 849
849 959
780 337
337 975
433 22
22 975
433 746
746 838
256 839
839 873
700 183
183 366
300 690
690 959
345 284
284 163
499 827
827 368
256 515
515 16
541 429
429 614
256 38
38 288
300 251
251 570
256 196
196 16
700 525
525 136
700 855
855 288
433 742
742 860
345 796
796 384
300 95
95 614
433 230
230 469
541 64
64 150
541 244
244 384
780 272
272 838
780 448
448 469
700 320
320 16
541 73
73 332
541 359
359 617
433 410
410 614
256 18
18 238
345 787
787 366
345 791
791 516
700 358
358 838
780 540
540 444
700 656
656 873
300 653
653 570
300 203
203 288
433 743
743 149
780 352
352 959
499 212
212 959
256 275
275 873
700 944
944 751
300 517
517 444
541 140
140 306
256 853
853 306
300 263
263 163
345 966
966 570
499 718
718 366
700 597
597 959
433 585
585 136
780 295
295 773
345 438
438 481
541 946
946 959
499 866
866 617
433 422
422 481
700 628
628 128
541 56
56 751
700 777
777 368
345 151
151 773
345 37
37 136
256 107
107 149
541 274
274 332
345 57
57 975
700 226
226 751
256 239
239 469
345 640
640 288
433 942
942 516
345 334
334 136
433 41
41 379
256 52
52 136
780 210
210 238
499 960
960 174
780 627
627 570
499 625
625 16
433 298
298 163
780 365
365 751
345 576
576 332
345 93
93 975
499 318
318 617
345 600
600 379
256 301
301 163
300 764
764 163
433 389
389 805
780 129
129 163
433 947
947 762
433 785
785 614
256 409
409 469
780 26
26 384
700 644
644 959
256 413
413 873
700 147
147 773
541 53
53 238
433 25
25 838
499 124
124 238
256 847
847 149
499 258
258 379
499 844
844 516
256 559
559 614
700 442
442 516
499 215
215 384
345 205
205 163
345 682
682 481
541 307
307 751
700 928
928 860
433 891
891 136
433 172
172 975
780 267
267 838
433 473
473 366
700 273
273 128
700 470
470 860
433 123
123 762
499 242
242 306
300 130
130 617
780 282
282 751
780 865
865 128
541 154
154 614
499 937
937 174
541 766
766 332
700 294
294 384
256 42
42 238
499 603
603 111
256 402
402 238
345 857
857 366
345 400
400 805
256 3
3 368
345 100
100 805
700 193
193 860
256 341
341 805
433 722
722 617
256 14
14 757
345 815
815 368
499 792
792 873
256 831
831 757
256 478
478 444
433 884
884 757
256 789
789 366
256 724
724 128
345 463
463 873
499 493
493 481
541 309
309 873
499 201
201 111
256 888
888 860
700 372
372 128
345 712
712 149
300 254
254 959
700 371
371 959
700 895
895 762
780 79
79 163
433 198
198 174
700 483
483 368
700 845
845 762
345 313
313 757
780 487
487 306
499 339
339 306
300 800
800 757
780 821
821 332
780 28
28 384
256 673
673 444
300 378
378 174
300 502
502 751
780 325
325 762
700 141
141 481
541 768
768 288
433 461
461 128
256 527
527 614
345 566
566 368
345 293
293 481
499 279
279 773
499 568
568 751
345 243
243 16
256 74
74 617
541 10
10 128
780 586
586 959
433 270
270 751
780 436
436 174
499 531
531 860
541 828
828 150
433 55
55 163
541 577
577 384
700 479
479 288
256 759
759 469
499 447
447 773
433 955
955 975
700 133
133 959
541 218
218 757
499 623
623 16
433 194
194 614
345 806
806 751
345 506
506 111
256 705
705 444
541 30
30 150
780 421
421 959
541 441
441 384
256 160
160 805
780 854
854 617
780 770
770 469
700 503
503 128
300 741
741 975
256 231
231 16
499 117
117 163
780 191
191 838
780 588
588 174
700 834
834 149
499 375
375 805
300 144
144 481
700 922
922 617
780 536
536 773
345 374
374 614
541 616
616 332
433 60
60 469
433 390
390 762
541 411
411 873
700 589
589 306
300 908
908 757
541 394
394 379
345 347
347 288
433 637
637 444
345 965
965 469
499 348
348 838
541 353
353 288
256 973
973 379
345 818
818 762
780 357
357 805
541 783
783 469
256 728
728 614
499 904
904 617
433 197
197 773
780 167
167 516
499 763
763 838
433 146
146 128
499 241
241 773
700 115
115 805
700 719
719 614
345 170
170 805
780 522
522 111
499 367
367 366
780 324
324 469
345 730
730 174
433 465
465 757
541 595
595 805
300 96
96 368
780 526
526 16
541 401
401 174
499 729
729 617
433 620
620 614
780 654
654 288
499 826
826 873
433 253
253 614
300 125
125 444
700 23
23 306
700 774
774 384
780 530
530 379
700 164
164 163
780 287
287 481
499 391
391 516
541 630
630 975
345 460
460 384
700 755
755 617
300 607
607 757
541 879
879 762
780 427
427 384
700 545
545 762
700 98
98 111
700 914
914 163
499 489
489 366
700 740
740 332
433 188
188 332
499 807
807 368
256 824
824 384
433 211
211 444
300 598
598 516
300 971
971 306
345 867
867 570
700 872
872 16
433 591
591 860
433 355
355 773
433 162
162 128
256 393
393 838
499 80
80 617
300 181
181 762
433 118
118 163
700 769
769 163
433 604
604 306
256 289
289 805
345 266
266 111
433 142
142 516
345 65
65 469
345 686
686 469
433 377
377 617
499 794
794 805
345 664
664 873
433 823
823 860
345 329
329 570
700 808
808 975
300 492
492 163
541 76
76 306
345 954
954 288
541 605
605 860
499 175
175 174
541 784
784 366
700 601
601 873
433 802
802 366
780 832
832 238
433 418
418 751
780 864
864 516
300 938
938 805
300 86
86 366
345 659
659 444
541 233
233 959
345 862
862 469
499 635
635 762
300 744
744 16
300 482
482 617
780 315
315 174
256 59
59 163
780 548
548 516
357 16
797 444
171 757
297 516
314 128
924 617
559 136
908 306
599 751
817 174
453 469
203 975
972 149
821 860
189 366
944 614
475 238
928 773
972 384
603 762
198 570
552 379
827 150
953 805
939 368
335 288
884 332
207 959
9 111
573 873
445 481
695 838
953 467
669 837
936 763
416 80
471 688
46 808
602 590
49 178
533 720
298 411
202 402
858 230
768 616
99 612
67 528
474 415
431 364
11 528
752 135
518 134
320 413
446 675
259 25
877 445
225 959
883 400
376 334
290 46
875 53
945 146
72 421
501 409
34 340
909 442
758 389
663 910
454 667
752 441
849 654
853 922
345 643
692 333
829 262
738 612
87 90
450 777
874 919
976 790
736 293
629 122
958 102
555 31
945 942
454 170
657 359
299 312
953 522
839 79
693 6
594 75
189 630
755 838
437 727
569 773
352 329
491 105
746 160
907 680
553 272
791 42
480 635
572 448
335 578
584 147
199 450
632 821
40 347
159 473
