5
93 187 1
93 42
93 11
11 54
93 13
13 31
93 22
22 64
93 49
49 31
93 83
83 31
93 50
50 31
93 45
45 14
93 43
43 31
93 34
34 1
93 90
90 1
93 87
87 64
93 4
4 75
93 65
65 41
93 67
67 68
93 33
33 41
93 21
21 31
93 32
32 68
93 17
17 14
93 78
78 1
93 91
91 64
93 40
40 41
93 92
92 75
93 12
12 14
93 72
72 75
93 81
81 31
93 71
71 14
93 48
48 41
93 5
5 68
93 37
37 41
93 69
69 68
93 7
7 41
93 35
35 1
93 24
24 1
93 55
55 41
93 82
82 54
93 26
26 68
93 77
77 31
93 59
59 1
93 79
79 75
93 6
6 75
93 84
84 31
93 56
56 75
93 60
60 31
93 80
80 54
93 53
53 54
93 86
86 64
93 58
58 1
93 74
74 31
93 36
36 64
93 76
76 14
93 19
19 41
93 51
51 41
93 18
18 1
93 30
30 75
93 63
63 41
93 39
39 1
93 27
27 54
93 2
2 75
42 41
93 89
89 1
93 15
15 14
93 62
62 75
93 8
8 68
93 73
73 14
93 9
9 14
93 25
25 54
93 88
88 1
93 23
23 1
93 85
85 68
93 10
10 1
93 20
20 54
93 57
57 68
93 61
61 14
93 47
47 64
93 46
46 1
93 44
44 68
93 3
3 14
93 70
70 31
93 16
16 75
93 38
38 14
93 52
52 54
93 66
66 68
93 28
28 54
93 29
29 75
72 64
73 54
84 41
36 1
46 31
26 75
29 68
60 14
9 64
17 88
6 54
78 16
33 53
11 37
4 2
36 30
13 83
73 23
59 80
99 188 1
78 31
45 14
30 81
78 76
76 57
78 11
11 65
45 71
71 65
45 73
73 33
45 90
90 57
30 28
28 46
14 57
30 98
98 65
78 9
9 46
30 23
23 46
78 75
75 70
45 21
21 70
78 44
44 57
45 36
36 33
30 2
2 65
45 42
42 57
30 63
63 46
30 86
86 57
78 96
96 57
30 97
97 65
45 88
88 65
30 10
10 57
78 61
61 57
78 77
77 33
78 85
85 57
45 29
29 33
30 60
60 33
45 19
19 46
45 15
15 65
45 6
6 46
30 17
17 70
30 38
38 46
30 32
32 46
78 48
48 33
30 82
82 57
45 35
35 57
78 91
91 70
45 95
95 65
45 64
64 70
30 93
93 70
30 69
69 70
30 31
31 70
78 25
25 33
30 39
39 46
45 59
59 65
78 18
18 46
78 74
74 65
45 4
4 65
45 92
92 65
30 68
68 65
30 62
62 46
30 49
49 57
30 37
37 70
45 83
83 46
30 27
27 46
30 66
66 33
45 40
40 33
78 43
43 65
78 89
89 57
30 53
53 65
30 54
54 57
30 50
50 70
45 94
94 33
45 51
51 70
45 5
5 65
30 58
58 33
30 87
87 70
45 52
52 57
45 7
7 65
78 22
22 57
30 41
41 70
45 80
80 70
45 84
84 33
45 79
79 46
45 16
16 65
30 55
55 57
30 34
34 46
45 12
12 70
30 99
99 33
30 24
24 33
78 3
3 33
45 8
8 57
78 47
47 33
45 67
67 57
78 1
1 70
78 72
72 46
78 20
20 65
78 13
13 65
81 57
45 56
56 65
30 26
26 46
63 33
16 46
87 65
73 70
75 57
93 191 1
85 51
57 46
19 42
35 31
52 53
48 26
65 14
52 31
31 45
53 38
48 89
89 67
19 6
6 82
48 60
60 43
85 39
39 87
35 79
79 87
42 67
57 88
88 43
52 64
64 67
85 86
86 87
52 78
78 43
48 50
50 43
57 2
2 38
35 3
3 45
57 7
7 87
57 23
23 87
35 74
74 67
35 30
30 67
48 18
18 67
19 33
33 82
57 28
28 38
35 59
59 45
65 10
10 82
65 44
44 38
65 77
77 38
85 68
68 82
48 62
62 67
57 93
93 45
35 1
1 43
52 5
5 82
48 13
13 43
85 12
12 87
52 26
26 43
19 20
20 82
65 32
32 82
52 71
71 87
35 91
91 82
48 69
69 45
35 55
55 82
65 63
63 43
65 76
76 67
52 34
34 82
65 51
51 43
52 8
8 43
19 58
58 82
35 11
11 87
35 66
66 43
52 14
14 67
19 56
56 67
35 47
47 43
85 83
83 67
85 81
81 45
85 25
25 67
48 9
9 43
85 73
73 87
52 61
61 45
19 16
16 38
19 17
17 45
48 24
24 82
65 49
49 82
35 37
37 87
85 21
21 43
57 84
84 38
52 29
29 87
85 80
80 82
52 41
41 87
48 4
4 45
35 70
70 43
35 22
22 82
19 90
90 67
35 72
72 67
35 92
92 43
65 75
75 87
35 27
27 67
48 36
36 43
19 54
54 43
65 15
15 45
35 46
46 82
35 40
40 43
77 87
20 67
28 82
40 38
89 43
25 46
9 17
34 15
2 26
69 73
81 37
78 62
23 66
23 46
48 77
58 49
77 22
12 92
76 56
30 14
2 34
89 63
18 12
53 72
79 88
8 46
74 153 1
58 37
19 52
39 5
39 65
65 57
58 33
33 57
58 16
16 35
58 24
24 57
19 49
49 35
19 48
48 57
58 27
27 35
19 17
17 57
58 30
30 57
52 35
58 36
36 57
58 59
59 35
5 57
39 37
37 35
58 9
9 35
19 15
15 35
58 56
56 57
19 61
61 57
19 74
74 35
58 26
26 57
19 21
21 57
58 38
38 35
39 29
29 57
39 46
46 57
19 8
8 57
39 68
68 35
58 22
22 35
19 13
13 35
58 32
32 57
58 63
63 57
39 71
71 57
39 40
40 35
22 57
38 63
39 38
63 35
59 63
15 22
36 68
65 32
20 34
51 28
44 66
51 54
54 23
44 25
25 23
44 70
70 60
44 42
42 23
51 1
1 60
51 34
34 60
44 12
12 60
20 4
4 23
44 50
50 47
44 73
73 23
51 69
69 60
51 10
10 47
20 14
14 60
44 45
45 23
44 72
72 47
44 31
31 60
51 7
7 47
51 18
18 60
51 66
66 47
44 53
53 23
44 41
41 23
20 55
55 47
44 43
43 60
20 28
28 60
51 67
67 47
44 64
64 23
44 6
6 60
44 11
11 60
44 2
2 47
20 3
3 60
72 60
28 47
20 2
66 11
50 23
42 12
73 72
69 72
20 6
70 11
66 60
69 53
35 62
57 62
62 44
62 51
62 20
77 156 1
64 58
17 21
16 30
17 6
6 24
17 1
1 37
16 20
20 37
16 15
15 24
16 9
9 37
16 23
23 24
16 71
71 24
64 3
3 24
64 73
73 37
16 12
12 24
16 70
70 24
64 76
76 37
17 65
65 24
16 72
72 37
64 35
35 37
16 19
19 24
17 60
60 24
16 32
32 24
64 30
30 37
16 50
50 24
64 8
8 24
16 14
14 24
64 18
18 24
17 51
51 37
21 37
17 63
63 37
17 67
67 37
64 69
69 24
17 22
22 37
16 58
58 37
64 53
53 37
16 41
41 37
16 33
33 37
17 56
56 37
33 24
12 32
20 19
64 70
14 69
70 8
43 48
55 45
43 68
68 7
55 40
40 7
55 5
5 7
55 44
44 7
43 59
59 7
55 27
27 7
55 31
31 7
55 25
25 7
55 2
2 7
55 36
36 7
55 42
42 7
43 52
52 7
55 74
74 7
43 4
4 7
43 54
54 7
55 46
46 7
55 77
77 7
43 62
62 7
45 7
55 29
29 7
43 28
28 7
55 49
49 7
55 66
66 7
43 13
13 7
55 57
57 7
48 7
55 75
75 7
43 38
38 7
55 61
61 7
55 34
34 7
55 10
10 7
55 39
39 7
43 26
26 7
55 11
11 7
2 45
13 38
2 48
25 52
36 42
59 2
59 48
2 39
24 47
37 47
47 43
47 55
