5
94 188 1
17 21
11 61
3 37
35 2
35 9
9 74
21 1
11 8
8 54
3 25
25 54
35 24
24 1
35 87
87 74
3 5
5 1
11 40
40 74
35 53
53 1
35 82
82 1
17 57
57 54
3 58
58 74
17 93
93 1
17 66
66 54
11 33
33 43
17 47
47 74
3 51
51 43
11 31
31 74
35 45
45 43
3 61
61 74
17 26
26 1
11 71
71 43
17 46
46 1
35 52
52 43
3 91
91 74
11 90
90 74
3 72
72 1
35 55
55 43
11 16
16 74
3 56
56 54
35 38
38 54
3 22
22 1
3 30
30 1
11 6
6 74
35 69
69 43
35 78
78 54
3 7
7 54
3 39
39 74
35 81
81 54
17 64
64 74
3 12
12 54
3 86
86 1
11 18
18 54
3 68
68 43
35 14
14 54
3 10
10 74
35 79
79 74
11 85
85 54
3 77
77 74
11 29
29 43
3 70
70 43
3 44
44 1
3 32
32 74
11 2
2 1
11 20
20 74
35 15
15 54
17 60
60 74
17 34
34 1
3 80
80 1
17 4
4 54
3 73
73 1
35 37
37 74
11 59
59 43
17 42
42 54
17 19
19 43
11 89
89 43
3 76
76 43
11 36
36 74
35 92
92 1
17 63
63 43
17 49
49 74
11 48
48 54
3 23
23 1
17 62
62 54
11 41
41 74
35 13
13 74
17 28
28 54
3 75
75 1
17 27
27 54
17 94
94 74
3 65
65 74
3 84
84 43
35 83
83 1
17 88
88 54
11 50
50 43
11 67
67 1
75 74
18 1
67 54
82 43
87 63
66 83
65 67
93 89
78 4
72 32
42 92
89 92
7 89
95 186 1
28 25
28 79
79 70
28 29
29 49
28 61
61 49
28 6
6 47
28 33
33 70
28 17
17 10
28 15
15 70
28 89
89 47
28 31
31 10
28 36
36 49
25 11
28 38
38 70
28 94
94 10
28 58
58 70
28 81
81 10
28 46
46 11
28 86
86 11
28 74
74 70
28 85
85 10
28 26
26 11
28 57
57 49
28 71
71 11
28 65
65 47
28 40
40 49
28 66
66 49
28 55
55 49
28 50
50 47
28 80
80 11
28 63
63 10
28 48
48 70
28 68
68 47
28 95
95 49
28 67
67 70
28 88
88 11
28 18
18 70
28 2
2 11
28 43
43 11
28 51
51 10
28 45
45 49
28 77
77 10
28 35
35 11
28 78
78 49
28 34
34 10
28 30
30 10
28 54
54 11
28 21
21 11
28 82
82 11
28 39
39 70
28 69
69 70
28 1
1 70
28 83
83 47
28 27
27 70
28 76
76 49
28 24
24 49
28 75
75 11
28 12
12 11
28 42
42 47
28 14
14 70
28 59
59 70
28 19
19 70
28 22
22 49
28 87
87 10
28 93
93 10
28 37
37 49
28 7
7 10
28 16
16 49
28 62
62 70
28 52
52 47
28 91
91 10
28 53
53 70
28 64
64 11
28 23
23 49
28 90
90 49
28 92
92 47
28 13
13 70
28 41
41 70
28 3
3 11
28 4
4 10
28 32
32 47
28 73
73 47
28 20
20 49
28 9
9 10
28 60
60 49
28 44
44 70
28 56
56 47
28 5
5 70
28 72
72 47
28 84
84 47
28 8
8 11
16 10
45 47
67 11
91 49
2 52
57 63
74 49
3 56
73 148 1
11 8
11 2
2 23
11 15
15 23
11 26
26 23
11 64
64 23
11 3
3 65
11 30
30 23
8 65
11 51
51 23
11 59
59 50
11 27
27 50
11 55
55 23
11 63
63 23
11 16
16 50
11 44
44 65
11 28
28 50
11 58
58 65
11 40
40 65
11 42
42 65
11 53
53 65
11 54
54 23
11 25
25 65
11 62
62 50
11 29
29 65
11 46
46 50
11 45
45 50
11 35
35 50
11 57
57 65
11 17
17 23
11 49
49 23
11 66
66 23
11 71
71 23
11 12
12 23
54 65
12 50
8 23
46 65
3 57
44 17
49 65
40 50
60 38
60 4
4 43
60 69
69 13
60 18
18 43
60 70
70 43
60 32
32 43
60 33
33 21
60 19
19 43
60 22
22 13
60 14
14 43
60 39
39 13
60 72
72 21
60 68
68 13
60 31
31 21
60 34
34 13
60 56
56 43
60 36
36 21
60 73
73 21
60 1
1 13
60 47
47 43
60 9
9 43
60 6
6 43
60 20
20 13
60 48
48 43
60 24
24 13
60 52
52 13
60 61
61 43
60 37
37 21
60 41
41 21
60 7
7 43
60 67
67 21
60 5
5 21
38 21
70 21
5 13
1 9
48 61
73 41
52 37
36 24
22 52
23 10
65 10
50 10
10 60
79 159 1
78 24
78 58
58 62
78 19
19 45
78 76
76 45
78 18
18 62
78 16
16 45
78 42
42 62
78 71
71 62
78 23
23 20
78 2
2 62
78 26
26 62
78 14
14 45
78 68
68 62
78 63
63 62
78 12
12 62
78 70
70 20
78 54
54 45
78 34
34 45
78 44
44 62
78 35
35 62
78 50
50 62
24 45
78 43
43 20
78 52
52 45
78 49
49 45
78 27
27 62
78 29
29 62
78 72
72 20
78 3
3 45
78 77
77 20
78 55
55 45
78 13
13 62
78 47
47 20
78 41
41 62
78 32
32 45
78 74
74 62
41 20
72 62
26 13
2 3
2 77
75 37
8 10
38 57
8 31
31 21
75 1
1 21
8 57
57 21
75 33
33 21
8 53
53 21
75 36
36 9
8 48
48 21
75 28
28 21
75 5
5 9
75 51
51 9
75 56
56 9
8 6
6 21
8 11
11 9
75 60
60 9
38 17
17 21
38 73
73 9
8 66
66 9
75 64
64 9
8 69
69 9
38 15
15 9
38 37
37 21
75 79
79 21
75 59
59 21
8 61
61 21
38 65
65 9
75 40
40 21
38 22
22 9
38 7
7 21
8 30
30 9
38 39
39 21
8 25
25 9
75 10
10 21
75 4
4 21
38 67
67 9
22 21
73 79
36 60
48 25
36 73
6 9
59 10
45 46
20 46
62 46
46 75
46 8
46 38
73 157 1
56 30
43 16
43 42
42 45
56 19
19 15
56 29
29 15
43 66
66 45
56 12
12 15
43 26
26 45
43 48
48 15
43 61
61 45
43 65
65 45
56 21
21 45
56 71
71 15
43 59
59 15
56 33
33 45
43 8
8 45
56 40
40 15
43 13
13 15
56 32
32 45
56 49
49 15
56 9
9 15
43 10
10 45
56 67
67 15
16 45
56 52
52 45
56 7
7 15
43 64
64 45
56 70
70 45
43 55
55 15
56 68
68 15
30 45
43 38
38 45
43 3
3 15
56 2
2 45
33 15
59 45
9 16
65 71
52 70
42 21
56 66
32 7
66 38
40 9
19 9
36 63
47 20
47 28
28 62
47 51
51 62
36 31
31 62
36 23
23 62
47 41
41 18
36 60
60 18
47 53
53 18
36 72
72 62
47 14
14 62
47 35
35 62
36 6
6 62
47 34
34 18
47 39
39 18
47 5
5 18
36 44
44 18
47 46
46 18
47 73
73 62
47 63
63 18
36 57
57 62
36 27
27 18
36 54
54 18
36 1
1 62
47 25
25 18
36 69
69 62
20 62
47 58
58 18
36 4
4 62
47 17
17 62
36 24
24 62
36 11
11 62
36 50
50 62
36 22
22 18
11 50
5 54
23 14
46 57
63 11
17 22
44 69
72 22
23 58
72 46
28 46
41 58
44 22
45 37
15 37
37 47
37 36
