5
935 1806 846
401 797
573 114
733 54
522 592
828 48
636 43
404 519
96 87
695 318
104 348
587 795
107 824
179 319
26 650
867 395
514 891
71 231
586 570
569 610
742 472
758 615
372 113
613 10
296 705
175 727
290 830
653 52
461 178
585 666
438 465
494 743
909 516
826 455
790 463
210 529
544 278
206 924
416 224
405 330
385 236
148 610
400 262
508 274
39 529
589 58
878 145
313 374
211 72
552 846
147 127
609 637
99 485
312 273
85 567
394 422
38 474
11 863
624 265
59 317
690 933
681 744
858 388
194 703
406 846
628 801
843 155
275 486
133 23
115 430
50 272
192 663
838 370
632 109
159 771
110 455
55 428
21 165
450 242
53 15
429 331
172 500
563 46
473 892
736 487
679 156
552 239
239 403
586 221
221 299
405 332
332 403
429 723
723 403
450 153
153 480
679 577
577 299
115 457
457 403
85 200
200 299
843 930
930 480
586 339
339 299
110 119
119 299
653 72
72 403
636 419
419 480
107 557
557 299
653 820
820 480
563 477
477 299
159 504
504 299
172 393
393 299
175 661
661 299
210 894
894 299
858 273
273 403
828 316
316 403
96 685
685 403
695 646
646 299
194 921
921 480
461 146
146 480
104 760
760 403
175 449
449 403
53 202
202 299
104 388
388 403
133 94
94 480
401 593
593 480
110 100
100 480
758 310
310 480
573 427
427 403
585 8
8 299
71 67
67 403
569 109
109 299
147 418
418 403
115 356
356 480
679 591
591 299
878 710
710 299
385 470
470 299
522 374
374 403
589 286
286 480
110 77
77 403
210 431
431 480
394 208
208 403
290 89
89 480
312 842
842 403
828 891
891 299
653 33
33 480
514 321
321 299
296 853
853 403
679 228
228 299
826 902
902 403
394 274
274 480
133 934
934 403
742 825
825 299
211 176
176 480
194 20
20 480
867 325
325 299
405 686
686 299
742 177
177 403
609 304
304 299
192 620
620 403
21 345
345 299
206 157
157 299
695 677
677 480
508 580
580 403
50 650
650 480
59 380
380 403
544 323
323 480
206 447
447 299
211 185
185 403
544 712
712 480
296 542
542 480
172 444
444 403
406 311
311 480
790 489
489 403
394 767
767 299
508 852
852 299
867 621
621 403
695 756
756 480
179 353
353 480
569 254
254 403
175 729
729 299
522 248
248 480
878 817
817 403
544 337
337 480
587 56
56 480
296 516
516 299
85 459
459 299
636 343
343 299
679 861
861 403
394 697
697 299
679 605
605 403
71 2
2 480
628 802
802 480
867 320
320 403
401 35
35 480
416 402
402 299
394 45
45 299
296 409
409 403
522 893
893 299
544 155
155 480
736 463
463 480
401 856
856 299
858 455
455 480
290 737
737 403
39 810
810 480
695 903
903 299
508 562
562 299
99 905
905 480
790 840
840 480
394 752
752 403
522 27
27 403
404 377
377 403
826 285
285 403
110 819
819 403
569 630
630 403
867 920
920 480
681 188
188 403
494 160
160 480
632 421
421 299
613 672
672 403
26 794
794 480
569 535
535 299
404 778
778 403
206 916
916 480
544 638
638 299
385 596
596 403
587 655
655 480
653 521
521 403
624 771
771 403
107 849
849 299
522 561
561 480
96 807
807 403
843 256
256 403
544 919
919 299
733 411
411 299
589 101
101 403
96 10
10 299
733 822
822 480
636 572
572 299
172 165
165 403
406 786
786 403
695 871
871 480
838 863
863 480
653 625
625 403
11 491
491 403
21 440
440 480
544 540
540 480
159 643
643 403
429 302
302 480
312 851
851 403
636 24
24 299
148 399
399 403
461 619
619 403
400 16
16 299
878 125
125 299
742 468
468 299
867 926
926 480
211 168
168 299
55 800
800 403
313 95
95 299
50 246
246 480
107 262
262 299
613 551
551 403
636 124
124 403
210 554
554 403
210 570
570 480
85 541
541 403
450 765
765 403
296 629
629 403
11 887
887 299
624 266
266 403
385 689
689 299
909 927
927 480
508 292
292 480
50 47
47 299
690 14
14 403
11 164
164 403
104 390
390 480
909 79
79 403
494 334
334 403
838 352
352 299
71 704
704 480
59 69
69 403
586 698
698 299
867 770
770 299
742 207
207 299
587 706
706 480
858 914
914 299
312 627
627 480
690 138
138 299
628 634
634 480
613 753
753 299
514 169
169 403
609 144
144 299
99 30
30 299
514 80
80 299
194 295
295 480
147 453
453 480
406 242
242 480
828 792
792 299
275 511
511 403
39 186
186 480
569 835
835 403
681 261
261 299
758 740
740 299
416 705
705 403
826 708
708 299
790 131
131 299
681 19
19 299
172 899
899 480
736 860
860 403
404 917
917 403
179 215
215 299
690 928
928 299
624 724
724 480
653 36
36 403
838 64
64 299
867 918
918 480
653 382
382 403
401 888
888 403
826 191
191 403
11 199
199 403
494 588
588 299
405 804
804 403
194 471
471 403
653 375
375 299
313 197
197 299
192 780
780 403
406 288
288 403
416 263
263 403
401 231
231 403
438 167
167 299
179 873
873 480
385 252
252 403
39 582
582 480
909 250
250 299
758 898
898 299
147 407
407 403
211 68
68 299
695 731
731 480
473 548
548 299
742 298
298 299
11 451
451 403
172 257
257 299
59 446
446 403
878 170
170 299
758 384
384 480
522 58
58 403
473 293
293 480
55 48
48 299
59 846
846 480
909 536
536 480
573 346
346 480
313 688
688 480
210 267
267 403
312 224
224 299
290 182
182 299
71 145
145 403
826 526
526 403
312 798
798 403
96 237
237 299
508 225
225 403
586 18
18 480
99 162
162 299
11 499
499 403
624 670
670 403
573 622
622 403
96 868
868 480
450 651
651 480
53 87
87 299
400 633
633 480
172 547
547 403
133 773
773 403
736 330
330 403
372 454
454 299
194 885
885 480
175 815
815 480
736 612
612 299
828 764
764 403
878 606
606 403
573 441
441 480
429 875
875 480
508 49
49 403
867 639
639 480
544 854
854 299
624 264
264 403
450 360
360 299
585 412
412 403
50 652
652 480
405 748
748 299
632 268
268 299
107 715
715 480
473 931
931 480
838 111
111 403
110 518
518 480
416 658
658 403
828 106
106 480
372 663
663 480
508 776
776 403
494 598
598 480
690 832
832 403
589 154
154 480
632 811
811 403
55 503
503 299
147 935
935 403
563 675
675 480
624 17
17 480
99 761
761 403
742 128
128 299
690 484
484 480
147 398
398 480
450 506
506 299
148 31
31 480
867 271
271 403
695 234
234 480
636 82
82 403
429 338
338 480
429 84
84 403
159 354
354 299
736 831
831 480
159 869
869 299
39 301
301 299
148 93
93 299
115 801
801 480
194 284
284 299
736 276
276 299
50 209
209 480
586 493
493 480
653 41
41 480
587 333
333 480
867 923
923 480
290 739
739 480
133 486
486 299
416 866
866 480
148 232
232 403
690 703
703 403
55 611
611 299
858 196
196 480
39 348
348 480
609 437
437 403
147 501
501 299
104 291
291 299
59 757
757 299
494 116
116 403
192 364
364 480
628 217
217 299
867 567
567 299
552 642
642 299
210 381
381 403
742 680
680 299
385 617
617 403
71 700
700 480
96 720
720 299
405 283
283 299
385 277
277 403
429 641
641 480
733 227
227 299
609 481
481 480
206 876
876 480
406 342
342 299
690 121
121 403
690 877
877 480
210 149
149 299
679 775
775 299
290 139
139 299
586 34
34 299
39 892
892 480
172 32
32 480
38 297
297 480
653 676
676 299
401 103
103 480
39 664
664 403
110 229
229 403
115 249
249 403
585 102
102 480
838 324
324 299
26 911
911 299
514 223
223 403
107 436
436 403
843 884
884 480
210 432
432 299
632 5
5 403
104 883
883 480
192 924
924 403
400 376
376 480
653 105
105 480
613 922
922 403
843 517
517 299
843 755
755 299
573 812
812 403
71 495
495 299
508 184
184 403
194 565
565 480
416 497
497 480
690 198
198 480
514 370
370 480
192 818
818 299
210 590
590 403
211 265
265 403
179 57
57 480
828 294
294 299
552 604
604 403
147 599
599 403
55 682
682 480
194 127
127 403
296 513
513 403
461 890
890 403
404 329
329 299
50 600
600 403
210 797
797 299
405 318
318 480
50 151
151 403
522 631
631 299
59 126
126 403
790 749
749 299
681 666
666 480
838 425
425 299
39 709
709 299
312 490
490 480
55 845
845 299
790 465
465 480
681 7
7 480
59 601
601 480
406 805
805 403
313 571
571 299
206 417
417 480
99 673
673 480
613 243
243 299
115 772
772 299
107 13
13 480
21 303
303 403
179 415
415 480
405 912
912 299
909 669
669 403
404 719
719 480
909 578
578 403
508 150
150 299
867 181
181 299
690 738
738 403
742 485
485 403
275 929
929 403
450 212
212 299
110 745
745 299
828 134
134 403
26 235
235 480
473 408
408 403
636 691
691 480
313 81
81 480
71 656
656 480
586 152
152 480
573 608
608 299
115 15
15 403
508 307
307 480
573 844
844 403
450 850
850 480
405 743
743 403
632 824
824 480
50 510
510 403
429 9
9 403
613 515
515 480
312 726
726 403
312 784
784 403
632 253
253 403
39 725
725 403
147 795
795 480
96 889
889 299
405 479
479 403
573 759
759 480
53 410
410 299
175 640
640 480
624 555
555 480
790 781
781 480
695 821
821 299
406 906
906 299
372 808
808 299
632 327
327 299
589 46
46 299
312 592
592 480
71 728
728 480
405 135
135 480
55 841
841 299
175 602
602 403
585 328
328 403
147 118
118 299
429 300
300 403
313 395
395 299
312 258
258 480
838 717
717 299
681 378
378 480
695 907
907 480
312 423
423 403
690 693
693 299
147 129
129 480
290 505
505 299
450 28
28 299
400 900
900 299
573 882
882 403
461 396
396 403
275 527
527 299
828 886
886 299
843 383
383 299
85 78
78 403
206 373
373 299
632 347
347 403
385 721
721 480
406 859
859 403
587 648
648 299
372 180
180 299
736 158
158 299
628 618
618 403
838 247
247 299
609 913
913 480
690 12
12 480
450 897
897 480
609 233
233 403
147 331
331 480
636 684
684 299
609 203
203 299
133 367
367 480
55 113
113 403
742 496
496 299
96 464
464 299
573 322
322 299
758 369
369 480
372 782
782 299
313 123
123 480
172 422
422 403
679 574
574 403
104 120
120 403
867 305
305 299
39 659
659 480
563 813
813 403
585 735
735 480
401 827
827 480
406 549
549 480
733 722
722 480
115 70
70 480
275 442
442 299
843 779
779 299
909 350
350 299
790 645
645 299
909 98
98 480
115 649
649 403
96 583
583 299
406 870
870 403
175 130
130 299
450 607
607 480
450 3
3 480
632 532
532 403
544 281
281 403
473 319
319 299
39 809
809 299
211 750
750 299
473 244
244 403
858 86
86 299
632 314
314 480
609 414
414 480
175 193
193 299
71 702
702 403
104 741
741 480
159 222
222 403
695 559
559 403
828 469
469 403
172 836
836 480
613 793
793 299
313 857
857 403
71 83
83 299
585 556
556 480
147 173
173 480
210 830
830 403
53 466
466 480
429 66
66 299
416 519
519 480
429 718
718 403
313 483
483 403
624 439
439 403
695 272
272 480
175 707
707 403
514 730
730 403
211 61
61 403
653 108
108 403
742 896
896 403
55 566
566 299
406 362
362 480
401 472
472 403
275 769
769 403
544 509
509 480
107 777
777 480
742 117
117 480
192 538
538 480
438 236
236 403
790 791
791 299
385 615
615 480
406 910
910 299
628 29
29 403
313 668
668 299
695 796
796 299
461 189
189 299
400 614
614 299
313 751
751 403
587 357
357 480
26 623
623 480
312 637
637 403
828 92
92 480
148 575
575 403
400 502
502 403
628 507
507 299
613 391
391 403
826 74
74 480
210 872
872 299
104 361
361 480
736 389
389 403
585 543
543 403
838 674
674 299
115 814
814 299
508 833
833 403
867 90
90 299
758 309
309 480
194 213
213 299
438 932
932 403
508 837
837 403
406 865
865 403
514 428
428 299
438 716
716 480
742 43
43 299
21 687
687 480
406 63
63 299
148 799
799 480
573 657
657 480
110 904
904 403
313 848
848 403
372 475
475 299
494 694
694 480
508 73
73 299
394 534
534 480
450 774
774 480
21 654
654 299
147 245
245 403
385 260
260 299
172 368
368 403
147 183
183 299
416 37
37 403
552 879
879 480
133 523
523 299
563 23
23 299
450 498
498 480
372 365
365 299
107 762
762 403
624 915
915 403
404 678
678 403
159 816
816 403
461 474
474 299
438 864
864 299
589 40
40 299
192 420
420 403
609 553
553 480
147 171
171 403
53 433
433 299
909 829
829 299
211 667
667 480
107 895
895 299
733 874
874 299
733 699
699 403
514 387
387 403
211 448
448 403
38 201
201 480
147 701
701 480
429 576
576 299
405 626
626 299
790 137
137 403
59 306
306 299
473 62
62 299
416 379
379 480
55 766
766 403
400 692
692 403
290 564
564 403
39 143
143 299
843 344
344 299
438 460
460 480
11 788
788 480
110 75
75 480
210 492
492 299
404 204
204 480
11 326
326 480
148 44
44 480
679 52
52 299
586 595
595 299
406 594
594 480
59 467
467 403
790 430
430 480
589 42
42 480
838 259
259 403
206 190
190 403
55 25
25 299
404 278
278 403
679 445
445 299
450 54
54 299
99 336
336 403
514 524
524 480
733 141
141 299
522 456
456 480
59 823
823 480
653 581
581 299
586 366
366 403
110 768
768 299
39 488
488 480
401 341
341 299
313 434
434 299
400 500
500 299
742 1
1 480
147 65
65 480
400 226
226 480
838 358
358 299
400 713
713 299
21 443
443 480
461 806
806 299
909 610
610 403
828 240
240 403
758 458
458 299
21 214
214 403
758 452
452 480
59 662
662 403
99 925
925 299
206 308
308 480
147 754
754 480
867 51
51 403
653 763
763 480
736 525
525 403
107 140
140 299
147 747
747 299
586 530
530 403
573 178
178 480
194 744
744 480
690 97
97 299
438 280
280 403
828 156
156 299
290 269
269 480
586 644
644 299
172 426
426 299
406 136
136 299
192 251
251 403
39 205
205 403
878 363
363 299
53 847
847 299
653 881
881 480
192 241
241 480
758 88
88 299
858 839
839 299
461 282
282 480
312 166
166 403
624 901
901 403
400 478
478 299
681 187
187 403
53 537
537 299
296 789
789 299
394 91
91 299
450 683
683 480
26 647
647 403
39 317
317 403
38 616
616 403
110 371
371 480
385 696
696 299
59 114
114 299
416 289
289 403
828 579
579 299
790 287
287 403
21 584
584 403
514 386
386 403
632 933
933 403
858 355
355 480
733 230
230 299
609 671
671 480
71 462
462 299
192 520
520 480
21 635
635 480
21 220
220 480
429 545
545 480
96 76
76 480
107 558
558 480
59 603
603 480
586 785
785 480
96 424
424 403
206 787
787 403
828 6
6 403
828 435
435 403
589 880
880 403
695 568
568 480
275 142
142 403
405 218
218 299
39 413
413 403
210 531
531 480
147 803
803 299
695 546
546 403
192 335
335 403
653 22
22 403
609 711
711 480
858 783
783 299
115 550
550 299
628 734
734 403
681 665
665 480
878 528
528 403
624 219
219 299
679 270
270 403
733 560
560 299
473 862
862 299
175 60
60 299
838 714
714 480
828 315
315 480
690 512
512 299
211 279
279 403
206 727
727 403
406 660
660 403
613 349
349 403
563 746
746 480
21 163
163 403
110 359
359 480
26 476
476 299
867 487
487 403
26 340
340 480
589 392
392 480
681 732
732 299
385 908
908 480
909 539
539 480
790 533
533 299
695 855
855 299
290 597
597 299
175 216
216 480
11 238
238 299
404 397
397 480
148 174
174 403
71 161
161 480
290 112
112 403
50 122
122 299
733 529
529 299
313 195
195 480
104 482
482 403
681 132
132 480
416 4
4 403
290 834
834 299
736 255
255 480
275 351
351 403
678 299
325 428
875 40
337 257
868 890
321 131
170 87
120 260
661 304
786 169
36 645
848 584
840 272
822 306
323 625
898 559
224 108
503 376
276 415
536 479
631 538
455 111
162 904
469 614
409 270
84 571
764 350
988 1986 875
982 504
189 939
241 377
794 760
700 900
268 601
96 963
399 651
661 832
70 554
265 465
822 664
778 917
746 42
383 125
184 426
709 514
668 716
169 599
60 775
609 702
507 605
510 756
460 569
728 356
84 853
392 297
230 512
44 262
692 231
606 466
221 47
225 818
534 49
402 434
363 628
790 406
899 21
583 873
846 934
868 33
656 338
767 983
803 824
926 977
302 476
395 288
209 318
241 461
461 927
846 598
598 576
510 212
212 890
609 836
836 386
60 659
659 817
189 811
811 207
534 841
841 886
510 542
542 160
700 91
91 595
241 85
85 771
728 240
240 951
656 980
980 607
221 331
331 306
392 604
604 357
794 552
552 942
606 837
837 786
402 360
360 7
383 529
529 31
399 690
690 165
184 553
553 751
169 479
479 595
96 351
351 277
846 741
741 493
822 871
871 410
399 176
176 165
402 15
15 386
44 235
235 721
44 567
567 281
767 484
484 277
583 512
512 614
767 497
497 845
746 21
21 160
241 190
190 281
363 724
724 845
778 397
397 817
822 641
641 751
383 111
111 380
982 738
738 614
209 187
187 147
70 909
909 385
668 985
985 717
692 196
196 385
225 503
503 410
709 579
579 277
221 368
368 614
692 314
314 7
606 159
159 562
184 156
156 987
460 287
287 948
265 950
950 345
746 928
928 256
507 80
80 845
70 362
362 845
899 855
855 890
606 921
921 65
668 466
466 726
268 785
785 162
221 413
413 619
49 139
460 685
685 758
70 28
28 420
209 882
882 277
846 850
850 562
803 757
757 838
709 808
808 380
189 114
114 612
803 163
163 160
392 250
250 54
169 438
438 971
606 440
440 54
402 801
801 717
583 264
264 54
803 586
586 65
606 649
649 890
460 6
6 817
700 328
328 435
392 874
874 971
982 551
551 721
510 520
520 31
209 593
593 386
265 451
451 669
70 117
117 987
668 770
770 412
778 681
681 951
668 110
110 562
846 590
590 838
265 915
915 277
926 325
325 614
609 720
720 886
982 783
783 165
189 465
465 139
982 213
213 160
84 556
556 420
96 723
723 951
868 409
409 412
609 472
472 612
399 24
24 624
609 559
559 147
803 976
976 642
363 889
889 147
209 840
840 726
868 103
103 817
96 18
18 845
399 329
329 247
656 508
508 786
794 161
161 669
402 984
984 386
982 349
349 740
383 437
437 602
507 478
478 9
709 795
795 31
609 154
154 717
661 830
830 717
44 408
408 845
926 284
284 256
230 876
876 642
583 301
301 281
534 171
171 942
96 784
784 345
583 217
217 864
982 936
936 595
982 131
131 771
822 232
232 380
399 600
600 31
606 676
676 345
510 857
857 165
803 988
988 595
302 94
94 372
583 422
422 576
794 203
203 87
363 967
967 717
794 364
364 493
661 227
227 721
383 736
736 485
583 861
861 54
44 390
390 948
790 214
214 886
402 705
705 721
668 715
715 277
84 835
835 207
790 492
492 890
767 613
613 726
846 768
768 435
363 143
143 886
510 374
374 410
767 547
547 385
778 427
427 612
84 72
72 165
982 414
414 385
184 549
549 758
926 35
35 410
803 382
382 410
583 729
729 751
709 101
101 207
510 121
121 256
656 186
186 758
230 22
22 485
728 418
418 207
460 500
500 886
899 458
458 624
460 775
775 607
790 373
373 56
460 732
732 827
268 931
931 9
510 839
839 372
709 324
324 987
395 307
307 162
392 12
12 160
510 304
304 247
84 249
249 886
700 807
807 380
778 585
585 147
583 348
348 886
96 58
58 7
460 531
531 827
265 90
90 56
822 691
691 669
746 544
544 751
668 658
658 602
709 779
779 562
692 812
812 412
668 426
426 247
926 920
920 139
189 702
702 281
395 498
498 147
790 327
327 412
84 765
765 87
230 398
398 435
169 261
261 54
209 266
266 485
746 568
568 207
803 61
61 602
184 655
655 786
209 17
17 751
846 823
823 951
846 804
804 987
60 787
787 726
692 37
37 65
700 865
865 247
460 99
99 607
265 13
13 951
609 972
972 771
189 970
970 256
402 134
134 247
184 814
814 380
84 425
425 281
700 63
63 619
460 973
973 987
507 490
490 160
189 968
968 357
609 869
869 717
230 894
894 624
794 220
220 306
399 587
587 786
84 175
175 607
402 906
906 758
794 782
782 493
399 941
941 281
692 326
326 971
709 210
210 147
583 16
16 948
899 806
806 827
96 152
152 740
395 833
833 886
363 737
737 385
209 488
488 160
189 650
650 721
583 518
518 435
899 322
322 602
609 271
271 987
189 82
82 614
583 245
245 595
668 469
469 971
661 2
2 576
609 453
453 7
96 25
25 817
790 102
102 771
926 128
128 951
399 504
504 147
709 401
401 9
184 505
505 838
230 635
635 493
534 272
272 619
383 895
895 87
606 897
897 412
265 637
637 642
728 346
346 717
169 238
238 948
661 237
237 987
189 122
122 7
728 777
777 864
60 953
953 624
700 611
611 927
534 496
496 602
265 495
495 165
169 276
276 971
746 514
514 410
746 38
38 277
399 643
643 751
184 476
476 7
225 561
561 717
606 133
133 864
302 443
443 751
392 381
381 721
44 750
750 845
822 130
130 281
507 260
260 786
225 821
821 786
363 20
20 607
868 842
842 987
507 716
716 576
767 670
670 927
822 181
181 256
221 211
211 595
363 760
760 357
363 179
179 162
184 219
219 380
982 434
434 619
728 340
340 612
794 352
352 281
790 550
550 886
583 452
452 771
363 350
350 54
510 199
199 386
822 136
136 726
402 977
977 162
221 417
417 385
692 623
623 306
661 711
711 435
70 354
354 607
868 788
788 987
767 671
671 207
846 26
26 562
221 938
938 817
728 727
727 281
268 432
432 162
899 457
457 160
790 269
269 971
230 603
603 771
225 852
852 669
899 361
361 420
661 904
904 883
803 254
254 740
268 288
288 602
899 40
40 345
790 151
151 886
60 937
937 726
510 433
433 562
268 428
428 607
460 234
234 758
230 747
747 607
534 678
678 412
395 246
246 9
268 118
118 357
268 115
115 751
822 748
748 717
60 282
282 256
169 29
29 7
822 860
860 454
534 672
672 619
507 259
259 886
241 267
267 669
583 675
675 619
661 353
353 207
268 366
366 890
609 922
922 54
44 730
730 951
225 863
863 139
70 191
191 890
44 687
687 751
692 192
192 845
189 167
167 864
241 339
339 357
926 589
589 410
96 228
228 345
692 538
538 162
700 105
105 345
609 828
828 607
60 824
824 602
241 242
242 420
609 849
849 951
778 706
706 31
846 813
813 435
225 445
445 7
265 957
957 31
44 527
527 160
656 858
858 56
221 877
877 669
209 961
961 493
70 791
791 721
268 145
145 864
510 983
983 619
241 854
854 380
184 113
113 838
778 689
689 247
70 896
896 454
209 450
450 948
70 239
239 942
383 138
138 576
794 69
69 65
668 917
917 54
746 605
605 357
583 627
627 165
778 471
471 87
709 95
95 614
609 76
76 207
728 815
815 612
268 974
974 751
184 916
916 838
460 194
194 751
692 1
1 726
169 870
870 971
803 763
763 306
746 912
912 147
209 536
536 607
609 618
618 864
899 805
805 485
363 415
415 165
767 226
226 380
790 530
530 306
778 521
521 31
460 557
557 817
225 582
582 717
44 74
74 247
846 943
943 786
395 610
610 345
399 55
55 56
803 229
229 162
265 48
48 927
460 947
947 7
265 964
964 721
728 667
667 890
656 97
97 493
767 629
629 56
392 300
300 165
399 516
516 454
60 555
555 357
692 67
67 31
70 713
713 827
221 599
599 669
692 809
809 971
778 106
106 306
609 83
83 786
268 141
141 595
169 962
962 493
184 798
798 420
189 802
802 619
661 584
584 864
899 447
447 740
926 148
148 386
846 36
36 838
709 537
537 817
822 620
620 256
169 714
714 454
507 244
244 607
668 665
665 624
606 463
463 726
402 919
919 669
460 743
743 758
265 640
640 771
507 601
601 139
60 929
929 717
668 719
719 602
668 969
969 642
709 517
517 9
221 703
703 971
899 86
86 619
460 722
722 160
790 489
489 357
363 885
885 927
241 321
321 786
399 338
338 595
794 577
577 147
656 387
387 9
241 100
100 927
60 764
764 54
460 53
53 65
778 431
431 7
767 566
566 277
44 46
46 740
899 519
519 56
926 774
774 56
692 370
370 256
746 391
391 612
822 23
23 740
395 19
19 971
302 913
913 927
661 487
487 160
846 104
104 9
225 525
525 864
225 430
430 256
302 41
41 927
169 698
698 576
184 725
725 948
709 126
126 607
221 674
674 942
982 283
283 612
926 33
33 987
982 222
222 385
184 900
900 669
926 960
960 890
507 88
88 9
510 793
793 786
790 384
384 139
982 198
198 281
982 591
591 751
926 792
792 624
189 166
166 372
982 107
107 624
230 734
734 87
534 491
491 614
189 981
981 357
268 677
677 721
221 796
796 562
822 180
180 345
846 935
935 87
728 891
891 838
778 621
621 948
609 419
419 207
583 708
708 139
460 295
295 740
209 396
396 602
534 421
421 607
899 57
57 306
746 50
50 607
803 109
109 595
790 564
564 786
767 248
248 987
778 539
539 160
225 68
68 642
868 236
236 948
241 319
319 420
70 884
884 380
583 157
157 948
728 654
654 576
668 578
578 845
668 639
639 987
606 986
986 147
700 558
558 56
383 704
704 817
778 688
688 165
230 930
930 827
363 888
888 9
534 832
832 886
402 243
243 721
184 825
825 54
44 197
197 385
767 149
149 717
982 71
71 838
44 341
341 614
225 625
625 927
794 526
526 162
794 337
337 65
392 533
533 612
606 940
940 845
656 274
274 971
44 64
64 927
302 146
146 9
302 188
188 607
778 298
298 817
221 292
292 435
982 483
483 576
661 27
27 562
96 879
879 306
926 34
34 454
510 979
979 256
822 596
596 65
982 294
294 380
803 201
201 971
583 753
753 139
395 140
140 31
402 903
903 160
383 918
918 951
534 954
954 162
803 653
653 147
778 880
880 624
460 332
332 31
209 371
371 942
221 441
441 951
265 810
810 817
868 499
499 942
402 367
367 751
668 511
511 951
230 501
501 612
44 406
406 612
507 638
638 306
982 30
30 139
399 914
914 65
609 77
77 277
609 407
407 987
395 978
978 65
169 155
155 817
395 608
608 942
534 816
816 642
609 762
762 385
230 358
358 493
692 153
153 56
84 697
697 864
184 336
336 758
767 439
439 160
169 707
707 890
402 781
781 247
169 881
881 493
692 684
684 277
709 673
673 412
609 315
315 717
169 164
164 607
534 129
129 642
656 135
135 619
846 308
308 162
583 98
98 87
225 303
303 838
383 843
843 410
507 853
853 493
363 444
444 624
241 481
481 380
507 296
296 256
846 318
318 31
60 597
597 420
70 400
400 758
868 4
4 642
230 253
253 624
692 369
369 717
668 522
522 927
709 712
712 147
583 683
683 31
84 403
403 147
583 252
252 306
709 62
62 493
392 789
789 56
982 79
79 87
392 528
528 435
402 178
178 669
225 569
569 576
383 93
93 602
822 630
630 619
668 718
718 817
225 335
335 771
184 330
330 721
868 934
934 619
399 486
486 751
96 755
755 886
767 494
494 306
899 51
51 306
926 305
305 160
383 554
554 717
583 379
379 817
803 799
799 614
70 334
334 886
778 893
893 987
399 78
78 758
221 644
644 838
822 662
662 717
803 59
59 786
392 279
279 624
96 735
735 951
583 456
456 987
383 872
872 306
656 565
565 758
822 73
73 786
265 866
866 576
507 262
262 420
302 844
844 614
982 924
924 883
265 263
263 562
221 405
405 726
169 588
588 758
460 862
862 256
189 647
647 951
60 320
320 971
661 631
631 165
221 963
963 9
241 168
168 751
84 622
622 864
84 759
759 817
268 333
333 435
302 92
92 951
302 666
666 410
778 898
898 139
534 112
112 410
209 570
570 56
767 834
834 410
268 137
137 139
692 761
761 256
700 548
548 412
383 826
826 602
221 89
89 345
803 39
39 619
231 277
692 144
144 721
507 185
185 306
746 829
829 817
184 474
474 624
668 573
573 845
241 182
182 372
221 933
933 614
609 455
455 948
668 216
216 786
899 752
752 56
507 574
574 607
383 462
462 386
609 923
923 602
230 123
123 485
510 651
651 87
395 902
902 410
868 477
477 162
868 359
359 602
822 946
946 9
606 442
442 7
728 343
343 147
460 769
769 864
982 218
218 207
982 119
119 493
822 975
975 420
383 290
290 817
265 925
925 247
221 11
11 65
507 468
468 160
803 820
820 751
507 14
14 886
926 273
273 624
803 233
233 786
302 202
202 281
363 475
475 410
899 955
955 165
392 901
901 951
302 316
316 412
609 540
540 642
728 280
280 740
302 847
847 65
700 311
311 845
265 378
378 207
700 965
965 614
225 739
739 595
169 873
873 883
460 594
594 951
169 464
464 595
507 648
648 619
709 949
949 372
668 546
546 435
84 313
313 740
767 43
43 281
746 524
524 602
728 831
831 927
606 177
177 256
399 682
682 147
44 851
851 817
606 376
376 165
225 183
183 139
692 404
404 890
268 772
772 256
460 754
754 751
221 571
571 951
302 480
480 786
363 436
436 454
606 127
127 160
460 459
459 927
668 887
887 7
402 616
616 380
709 695
695 864
790 66
66 595
868 617
617 162
656 45
45 612
668 467
467 619
383 482
482 420
395 47
47 721
609 344
344 372
392 710
710 162
778 388
388 971
790 626
626 576
692 878
878 612
794 515
515 669
507 5
5 454
778 733
733 864
534 170
170 817
661 289
289 602
60 172
172 827
700 932
932 614
609 905
905 886
169 224
224 160
534 285
285 277
507 206
206 717
609 636
636 614
583 174
174 410
221 120
120 619
225 563
563 256
822 545
545 883
209 286
286 420
668 342
342 385
302 543
543 410
778 523
523 595
899 255
255 247
383 365
365 162
692 952
952 31
728 800
800 493
534 150
150 717
926 116
116 576
728 205
205 758
460 173
173 864
899 416
416 87
265 317
317 493
510 693
693 372
868 892
892 162
926 780
780 827
302 193
193 771
534 592
592 614
383 375
375 595
899 532
532 948
534 848
848 786
803 411
411 207
728 819
819 948
534 299
299 771
794 908
908 771
868 696
696 602
189 275
275 576
184 377
377 726
169 257
257 642
209 355
355 883
790 797
797 827
692 215
215 493
221 356
356 562
402 310
310 771
692 195
195 410
507 132
132 927
84 312
312 207
395 258
258 612
221 208
208 139
221 125
125 412
268 907
907 562
383 32
32 165
661 766
766 607
221 200
200 827
265 744
744 277
982 731
731 948
507 634
634 435
926 773
773 65
70 575
575 619
822 81
81 380
184 278
278 948
803 446
446 435
221 560
560 357
583 581
581 740
44 628
628 412
268 679
679 165
926 251
251 160
209 393
393 147
668 470
470 357
926 52
52 485
700 389
389 357
668 680
680 642
383 645
645 147
803 10
10 410
96 856
856 160
746 699
699 247
668 223
223 751
221 956
956 162
700 124
124 9
510 323
323 890
392 541
541 385
709 875
875 886
189 745
745 971
84 944
944 256
189 652
652 595
302 939
939 410
790 749
749 987
302 646
646 817
606 75
75 838
926 742
742 948
84 966
966 758
510 664
664 951
44 776
776 139
184 959
959 385
221 657
657 927
460 473
473 56
96 513
513 927
184 424
424 207
583 502
502 971
534 8
8 420
399 429
429 420
668 42
42 380
383 535
535 942
606 910
910 31
790 506
506 927
184 204
204 927
399 3
3 165
926 859
859 786
534 347
347 827
189 423
423 576
709 756
756 162
534 818
818 380
728 911
911 65
767 945
945 306
692 291
291 890
265 448
448 607
609 309
309 162
656 449
449 951
510 509
509 277
399 293
293 721
60 142
142 642
982 615
615 306
230 867
867 827
822 663
663 786
846 701
701 951
778 686
686 493
692 580
580 306
700 958
958 614
265 694
694 951
363 270
270 420
846 108
108 385
297 281
606 394
394 595
60 660
660 642
899 632
632 256
265 633
633 256
383 158
158 65
846 572
572 357
616 817
149 614
416 277
278 619
79 883
959 372
496 971
431 281
807 385
314 31
456 607
961 717
869 890
216 380
505 357
236 485
528 147
299 256
843 838
33 87
835 65
384 576
933 624
689 726
164 162
881 345
475 751
436 165
166 160
155 7
255 562
299 758
153 454
727 886
636 493
255 435
646 786
499 56
737 412
432 9
200 669
789 420
355 139
629 386
654 827
360 927
918 410
486 987
599 595
923 951
278 642
109 845
554 721
584 612
103 306
704 207
48 740
742 247
888 602
11 771
206 942
891 54
599 845
95 473
451 481
593 115
928 719
716 744
95 949
358 305
374 548
46 222
232 839
801 645
544 462
71 165
18 644
582 802
329 267
912 979
480 878
767 833
304 511
556 821
972 157
114 867
548 776
445 758
980 688
566 182
466 757
743 601
164 651
156 599
753 332
91 832
135 769
621 394
564 978
169 882
784 198
807 113
761 905
527 698
852 282
80 682
171 443
566 303
30 290
802 886
74 71
383 945
136 773
600 366
884 810
824 252
453 151
960 371
242 946
823 610
510 736
844 200
401 776
354 962
952 345
584 742
915 229
964 816
654 404
235 766
811 512
691 13
637 430
390 880
564 695
801 150
676 93
246 754
668 756
907 744
368 718
295 448
874 825
885 388
42 818
598 72
188 347
723 171
80 77
20 816
408 299
764 631
868 252
891 571
705 568
625 173
447 965
631 859
510 185
587 23
713 914
28 454
176 893
687 530
916 515
157 848
126 341
70 17
51 633
723 806
325 48
246 798
437 866
484 883
567 533
185 378
866 344
512 727
176 567
923 273
486 949
913 699
795 524
171 79
474 386
25 179
112 165
346 847
340 766
908 1996 737
832 404
235 345
652 128
176 526
293 377
901 51
767 744
889 209
260 760
278 130
426 568
75 773
504 331
511 791
272 496
833 102
904 684
177 313
326 10
839 156
655 818
785 444
646 854
381 791
234 699
885 444
719 16
323 65
449 346
152 229
34 766
743 872
759 507
718 161
413 24
819 696
164 40
746 697
895 71
740 906
21 289
57 134
442 648
117 89
668 88
151 560
640 382
194 505
184 867
758 776
316 20
13 894
529 409
12 246
439 311
242 68
237 805
28 809
132 71
153 296
108 510
259 790
787 195
201 352
292 37
336 713
401 518
360 798
437 624
473 427
114 476
704 795
144 859
249 694
142 372
69 696
340 800
587 295
500 484
250 348
205 196
775 435
606 199
785 440
440 533
69 565
565 30
13 62
62 533
316 537
537 42
889 742
742 533
340 599
599 541
336 229
229 698
235 297
297 591
718 689
689 335
895 539
539 107
234 503
503 679
785 771
771 434
194 190
190 466
439 99
99 902
704 391
391 97
587 31
31 169
904 616
616 466
439 462
462 127
250 777
777 736
75 357
357 129
69 341
341 679
904 11
11 399
293 850
850 902
34 403
403 335
237 666
666 826
278 596
596 186
21 343
343 428
75 483
483 873
316 377
377 801
704 384
384 838
75 605
605 851
413 296
296 186
13 684
684 127
413 480
480 186
767 159
159 873
164 894
894 169
152 147
147 58
740 748
748 362
652 906
906 567
668 251
251 873
529 128
128 95
787 187
187 547
237 524
524 399
114 287
287 688
832 691
691 58
500 705
705 887
832 124
124 815
775 696
696 304
278 198
198 831
889 738
738 615
901 412
412 275
259 338
338 165
235 43
43 525
12 673
673 288
529 345
345 882
743 46
46 679
787 692
692 801
153 98
98 428
205 291
291 536
194 829
829 95
500 499
499 563
250 793
793 217
13 138
138 801
34 364
364 70
28 394
394 460
895 387
387 547
75 568
568 506
184 32
32 851
767 102
102 838
500 3
3 852
194 216
216 304
787 706
706 167
901 230
230 335
12 756
756 167
901 897
897 66
194 510
510 129
606 261
261 852
500 9
9 129
234 280
280 399
177 121
121 778
655 453
453 107
144 49
49 831
819 61
61 428
152 361
361 852
75 844
844 335
758 642
642 172
668 552
552 434
529 378
378 288
646 755
755 604
787 419
419 169
132 162
162 638
69 376
376 42
426 661
661 902
108 320
320 778
759 557
557 831
819 556
556 107
237 154
154 66
259 318
318 452
758 468
468 747
75 601
601 525
895 877
877 169
237 620
620 550
901 226
226 366
323 239
239 335
177 168
168 63
57 16
16 638
381 695
695 638
237 346
346 536
895 351
351 679
278 395
395 550
152 96
96 95
587 369
369 66
426 274
274 105
194 493
493 66
740 27
27 525
57 609
609 217
787 613
613 593
108 765
765 399
272 86
86 792
21 125
125 167
336 279
279 100
278 17
17 319
646 871
871 466
381 212
212 826
885 118
118 42
142 311
311 428
655 650
650 792
746 800
800 107
152 827
827 106
746 784
784 325
587 610
610 525
655 44
44 778
132 36
36 93
889 501
501 536
740 653
653 73
242 92
92 362
28 598
598 106
234 611
611 679
785 600
600 460
21 126
126 506
250 714
714 838
69 672
672 525
504 299
299 93
746 540
540 129
57 682
682 547
235 383
383 532
381 555
555 273
201 816
816 907
34 818
818 688
278 490
490 533
205 94
94 563
652 467
467 752
234 508
508 852
759 145
145 58
108 337
337 679
442 333
333 532
153 683
683 452
832 375
375 105
316 779
779 547
28 200
200 127
743 893
893 100
152 352
352 547
176 262
262 106
587 733
733 73
442 219
219 95
326 298
298 105
249 725
725 73
587 104
104 107
28 519
519 750
758 575
575 536
237 731
731 533
606 735
735 852
413 722
722 63
69 498
498 750
234 206
206 100
668 807
807 547
895 840
840 567
272 868
868 105
259 380
380 129
235 416
416 163
787 68
68 107
293 178
178 127
360 571
571 521
272 796
796 172
889 702
702 838
292 834
834 815
237 476
476 591
205 631
631 536
504 469
469 107
21 91
91 567
144 71
71 167
292 429
429 97
426 626
626 838
904 113
113 399
437 52
52 434
21 867
867 106
401 676
676 366
785 47
47 54
152 886
886 215
132 509
509 325
250 155
155 349
152 583
583 536
885 888
888 129
242 846
846 604
184 573
573 851
401 23
23 638
901 448
448 58
889 15
15 370
901 192
192 105
205 220
220 399
449 592
592 541
164 175
175 567
340 270
270 366
250 10
10 54
117 65
65 506
500 90
90 532
668 803
803 567
242 788
788 852
75 227
227 638
234 656
656 70
652 697
697 304
164 438
438 452
69 156
156 172
235 824
824 550
833 872
872 106
323 589
589 688
235 80
80 63
340 415
415 887
177 670
670 615
57 123
123 466
833 85
85 747
57 241
241 838
132 290
290 466
473 632
632 434
439 577
577 370
885 161
161 778
235 485
485 533
785 595
595 460
272 757
757 66
775 520
520 466
758 576
576 736
176 687
687 275
259 244
244 319
401 806
806 165
108 398
398 63
176 657
657 163
500 24
24 363
153 72
72 93
719 594
594 615
194 87
87 165
360 120
120 852
895 527
527 70
34 334
334 750
184 140
140 335
839 344
344 736
260 845
845 167
885 584
584 550
775 410
410 215
668 238
238 428
117 83
83 66
437 856
856 106
787 854
854 428
839 880
880 93
449 588
588 97
646 427
427 688
449 773
773 525
360 727
727 30
278 842
842 563
249 861
861 106
272 671
671 567
743 103
103 873
205 461
461 215
28 208
208 801
205 774
774 366
473 379
379 752
832 686
686 127
259 257
257 167
442 896
896 167
235 734
734 186
785 77
77 815
746 207
207 186
587 634
634 432
759 444
444 70
360 67
67 399
901 14
14 399
413 569
569 452
668 488
488 73
114 458
458 792
640 635
635 541
901 723
723 679
646 454
454 550
668 578
578 563
340 310
310 581
743 732
732 97
833 667
667 452
69 585
585 826
640 258
258 887
529 321
321 217
293 204
204 460
278 639
639 772
473 308
308 804
833 240
240 42
260 281
281 325
529 843
843 273
28 830
830 778
529 891
891 167
785 864
864 42
885 881
881 778
832 790
790 319
292 729
729 370
235 813
813 567
250 35
35 349
259 516
516 325
132 166
166 165
326 330
330 466
177 40
40 432
889 267
267 273
242 770
770 428
606 2
2 93
839 139
139 852
511 365
365 466
249 197
197 801
587 450
450 105
326 810
810 434
323 443
443 801
249 809
809 750
272 715
715 541
606 265
265 593
259 737
737 460
235 665
665 434
292 817
817 581
668 256
256 105
177 286
286 335
326 392
392 335
655 875
875 273
449 768
768 107
142 289
289 273
740 482
482 460
144 625
625 638
740 820
820 563
242 64
64 335
194 554
554 288
164 471
471 127
504 408
408 105
326 603
603 815
885 60
60 97
511 685
685 679
326 284
284 434
381 26
26 254
12 402
402 275
336 660
660 105
743 305
305 593
740 514
514 119
759 548
548 460
250 766
766 319
272 869
869 119
767 477
477 179
176 472
472 105
646 675
675 460
142 491
491 105
114 232
232 325
775 713
713 100
108 574
574 466
839 50
50 169
12 865
865 736
249 644
644 97
117 209
209 434
895 762
762 95
234 41
41 506
439 332
332 288
529 109
109 815
250 174
174 615
652 457
457 593
504 621
621 349
278 761
761 525
889 283
283 887
249 411
411 591
646 431
431 363
13 252
252 54
235 445
445 432
142 38
38 563
278 82
82 167
819 847
847 58
758 211
211 828
381 459
459 815
164 487
487 63
442 699
699 106
895 513
513 273
511 749
749 638
759 424
424 907
205 647
647 533
775 628
628 335
360 905
905 254
144 545
545 688
832 561
561 698
646 246
246 127
785 517
517 73
413 495
495 533
819 627
627 567
832 530
530 97
743 358
358 186
832 149
149 288
69 356
356 593
176 393
393 325
832 202
202 42
473 266
266 217
442 629
629 747
668 649
649 275
69 823
823 563
885 724
724 536
201 512
512 533
164 717
717 907
500 324
324 217
529 193
193 532
655 157
157 319
340 763
763 547
401 350
350 100
69 433
433 163
326 464
464 851
743 255
255 179
819 764
764 593
587 20
20 167
152 799
799 541
442 137
137 747
249 271
271 550
885 630
630 804
242 664
664 63
500 405
405 541
587 703
703 167
292 386
386 163
381 111
111 100
787 677
677 254
819 84
84 273
511 760
760 452
75 456
456 792
278 841
841 452
234 572
572 95
293 566
566 93
437 158
158 550
529 497
497 615
473 436
436 851
34 373
373 688
885 623
623 95
114 494
494 93
904 48
48 254
316 388
388 217
640 233
233 172
184 879
879 399
473 39
39 815
177 221
221 58
142 883
883 107
57 348
348 54
775 716
716 273
640 76
76 325
326 475
475 778
249 654
654 349
839 51
51 536
234 745
745 792
439 522
522 536
132 721
721 772
787 538
538 127
746 835
835 288
439 418
418 97
57 479
479 851
177 115
115 363
529 812
812 428
759 674
674 349
177 196
196 42
746 614
614 638
426 253
253 541
326 396
396 804
500 112
112 550
895 680
680 66
184 406
406 167
249 8
8 533
292 726
726 335
704 276
276 325
381 884
884 736
606 821
821 536
759 455
455 105
132 231
231 362
201 282
282 851
194 579
579 399
326 210
210 100
746 307
307 119
473 549
549 54
606 769
769 163
272 269
269 304
278 730
730 304
114 422
422 399
668 214
214 215
316 182
182 902
340 189
189 506
437 711
711 815
746 371
371 165
152 225
225 547
272 643
643 679
655 414
414 97
511 825
825 107
34 37
37 66
901 551
551 186
775 619
619 186
164 618
618 873
767 88
88 58
272 543
543 887
132 728
728 335
889 791
791 593
646 797
797 536
21 694
694 801
904 407
407 882
235 648
648 254
34 301
301 434
292 662
662 129
250 133
133 801
176 560
560 165
13 203
203 907
668 564
564 254
176 53
53 105
340 481
481 349
132 848
848 167
839 700
700 828
278 878
878 30
785 892
892 349
237 328
328 688
646 447
447 319
640 55
55 541
833 558
558 169
250 874
874 887
164 622
622 254
234 693
693 882
184 489
489 615
194 678
678 325
57 858
858 804
895 837
837 506
587 302
302 815
785 863
863 215
787 199
199 801
340 213
213 521
242 776
776 563
901 808
808 217
504 294
294 399
401 56
56 752
904 367
367 63
316 268
268 58
740 710
710 335
740 312
312 752
57 374
374 325
746 110
110 536
819 641
641 679
323 900
900 107
28 342
342 831
746 582
582 127
153 794
794 887
587 720
720 215
511 553
553 370
743 143
143 750
177 484
484 792
69 570
570 638
704 531
531 66
718 339
339 525
260 903
903 815
785 602
602 679
640 300
300 804
785 420
420 815
260 741
741 452
743 708
708 815
142 322
322 679
743 180
180 349
833 389
389 736
587 612
612 319
249 45
45 804
114 712
712 567
704 690
690 506
205 496
496 172
234 908
908 335
511 185
185 460
340 309
309 105
743 355
355 550
278 870
870 319
775 188
188 105
473 645
645 366
323 836
836 593
401 18
18 93
787 181
181 581
740 74
74 366
360 116
116 851
381 183
183 106
237 669
669 215
449 890
890 167
652 409
409 129
201 404
404 66
500 6
6 536
234 223
223 129
108 150
150 679
719 753
753 851
108 277
277 163
323 421
421 838
153 590
590 434
442 651
651 432
785 636
636 567
132 523
523 852
511 160
160 97
13 248
248 852
259 218
218 273
704 130
130 873
153 131
131 902
895 789
789 466
176 315
315 506
292 709
709 815
473 617
617 688
529 798
798 778
704 263
263 679
34 744
744 882
426 359
359 97
759 857
857 370
439 786
786 105
69 597
597 615
606 385
385 172
235 802
802 370
205 148
148 119
740 29
29 215
12 247
247 366
237 681
681 95
153 390
390 887
176 1
1 217
668 285
285 828
718 562
562 873
511 859
859 179
473 633
633 801
278 4
4 363
132 580
580 736
323 534
534 363
250 465
465 129
832 866
866 186
413 853
853 349
205 417
417 525
500 470
470 506
743 5
5 506
652 849
849 638
473 7
7 363
719 327
327 563
201 739
739 826
819 707
707 604
740 195
195 63
606 243
243 165
117 814
814 563
142 899
899 902
449 782
782 804
237 171
171 100
758 191
191 54
473 659
659 319
785 435
435 581
449 751
751 460
142 19
19 107
316 535
535 907
401 306
306 679
142 368
368 167
323 526
526 304
439 89
89 679
201 860
860 567
13 876
876 70
151 507
507 42
260 228
228 581
511 586
586 217
889 78
78 66
895 423
423 638
652 170
170 547
718 397
397 604
775 25
25 428
787 518
518 127
439 446
446 533
640 754
754 525
775 224
224 547
740 492
492 165
889 474
474 466
381 22
22 567
144 314
314 349
12 317
317 581
746 811
811 362
655 81
81 873
587 780
780 778
442 146
146 179
839 502
502 217
144 528
528 58
704 425
425 826
205 79
79 750
132 608
608 273
151 607
607 887
426 559
559 638
237 353
353 100
235 486
486 698
758 795
795 93
177 33
33 873
194 59
59 563
13 101
101 428
587 544
544 747
743 781
781 95
250 122
122 452
21 515
515 452
272 400
400 752
587 136
136 581
69 141
141 434
473 313
313 815
668 430
430 567
57 478
478 186
205 135
135 533
292 173
173 679
401 372
372 325
759 331
331 106
360 347
347 593
292 441
441 750
142 637
637 428
12 805
805 169
646 245
245 750
205 624
624 521
12 382
382 70
134 165
719 658
658 73
259 822
822 907
164 295
295 736
132 898
898 688
316 701
701 169
704 303
303 581
743 862
862 73
646 354
354 852
151 505
505 119
323 236
236 105
13 451
451 736
785 222
222 525
323 546
546 792
235 463
463 30
164 264
264 567
785 663
663 73
117 329
329 349
895 855
855 750
272 542
542 349
437 783
783 638
415 370
279 275
214 70
358 349
807 851
450 186
837 907
436 804
678 852
406 615
445 54
23 319
49 887
503 536
899 179
633 750
420 452
135 325
554 254
197 363
896 172
148 30
390 902
799 698
256 581
734 873
220 532
121 466
657 105
337 217
400 521
524 366
510 460
617 273
174 506
861 838
723 165
36 169
871 167
471 163
641 772
769 129
390 525
287 95
774 362
847 831
219 736
628 63
181 288
200 434
732 688
344 73
59 547
79 563
268 747
552 428
339 533
32 593
701 100
81 778
380 127
417 541
751 591
1 432
238 550
389 106
224 399
667 567
380 638
359 58
505 815
712 679
137 215
344 97
730 604
768 882
453 119
862 752
269 107
231 826
552 93
670 42
444 66
64 801
880 792
513 828
613 304
108 211
842 257
437 637
592 149
697 4
148 505
396 107
777 634
198 694
159 574
431 497
426 905
376 517
833 906
578 472
565 46
476 97
820 302
208 368
482 169
453 309
147 844
82 264
448 35
871 133
877 399
740 59
718 17
111 593
800 679
571 659
278 248
512 582
437 145
232 185
868 238
490 644
789 317
284 619
599 92
278 731
519 475
316 244
695 324
823 547
498 639
740 221
209 66
85 643
791 170
600 805
480 27
683 481
555 905
377 228
34 394
530 641
812 417
82 693
75 858
829 298
619 859
594 87
749 739
775 347
840 215
91 466
746 622
414 466
174 826
753 804
342 347
548 698
527 179
872 263
240 546
274 861
818 675
393 902
502 119
98 394
381 320
677 518
424 367
491 367
411 45
759 753
607 179
266 724
753 275
674 797
761 883
27 383
587 220
628 354
777 533
742 657
490 137
71 185
282 58
164 156
859 826
565 83
377 266
276 543
200 603
832 741
454 664
378 172
888 663
620 594
113 861
672 8
90 232
294 160
455 688
672 639
555 416
11 672
196 805
775 251
703 636
248 25
621 801
219 370
388 648
729 675
358 93
640 120
86 402
854 693
52 728
737 70
548 356
757 489
401 369
513 302
501 710
893 167
843 665
669 285
669 478
651 359
488 554
152 125
552 92
555 463
57 675
336 479
378 525
20 489
832 438
99 58
668 518
596 813
770 530
654 312
742 491
573 576
681 172
775 443
871 88
564 679
24 55
221 470
635 561
748 429
149 434
371 617
631 445
543 367
842 569
403 517
326 341
271 247
49 729
11 275
721 182
371 186
740 203
213 633
218 637
893 851
111 669
775 888
132 425
334 783
580 882
14 309
654 51
886 110
495 214
336 834
380 406
901 619
67 831
381 20
640 197
241 595
734 858
216 567
283 78
734 857
553 586
665 368
413 225
157 143
187 209
572 404
665 538
251 683
442 687
576 368
324 5
592 481
771 610
793 331
601 723
282 422
194 760
613 878
318 405
839 84
861 255
282 417
714 23
606 55
561 823
904 537
489 288
430 801
668 411
101 173
57 268
524 876
784 574
689 608
395 167
468 476
488 119
27 613
395 179
575 579
396 42
647 688
139 505
188 586
490 851
609 427
644 466
323 610
14 536
819 817
500 397
618 263
645 167
689 146
741 218
156 842
98 146
391 488
475 908
746 233
260 872
578 433
142 544
799 641
793 622
746 790
605 328
552 80
98 866
577 447
743 830
384 574
820 112
759 572
298 780
80 708
47 264
455 248
62 133
59 106
834 282
559 127
483 516
212 663
237 51
292 78
843 713
861 407
88 400
117 269
242 435
328 106
683 817
717 789
220 809
799 115
566 89
120 42
775 876
90 628
574 358
237 643
23 85
810 728
837 651
836 536
511 491
575 451
724 681
623 314
369 783
738 355
439 248
730 181
692 35
50 460
272 647
2 224
494 708
318 750
133 372
108 814
596 692
808 608
462 870
299 273
65 826
280 71
109 42
874 224
396 22
240 149
743 745
655 33
40 602
448 694
757 26
85 671
713 319
606 206
569 749
219 637
16 402
499 657
743 802
153 402
834 307
677 614
738 477
569 518
922 1885 822
273 842
155 726
592 729
918 532
780 178
799 848
649 412
719 150
779 12
357 727
406 570
374 647
244 246
356 904
558 263
463 234
493 143
220 402
819 288
77 820
245 609
538 893
269 603
786 627
427 133
54 817
552 521
838 361
833 809
862 404
458 711
767 872
326 521
278 439
606 774
81 517
149 645
159 587
108 856
230 122
3 354
747 595
202 258
291 485
105 666
715 234
853 198
620 355
343 46
345 608
8 317
514 778
651 688
248 290
910 163
847 661
125 782
738 746
63 176
499 613
844 900
511 489
475 258
622 260
569 827
267 749
24 18
344 760
805 377
352 281
272 911
194 522
365 184
451 67
668 241
356 116
116 718
463 322
322 599
108 836
836 599
853 225
225 745
24 395
395 718
248 486
486 745
805 158
158 299
202 644
644 64
847 385
385 712
278 342
342 139
910 837
837 419
738 664
664 505
463 96
96 505
427 785
785 432
779 587
587 419
592 563
563 139
344 701
701 434
356 148
148 126
245 321
321 36
819 231
231 139
862 94
94 449
8 533
533 502
910 392
392 712
24 367
367 502
273 773
773 98
715 375
375 126
3 647
647 657
108 380
380 502
910 78
78 449
374 854
854 657
538 258
258 634
345 373
373 757
344 233
233 139
272 684
684 98
458 223
223 311
291 528
528 36
538 791
791 139
54 572
572 37
538 46
46 505
569 443
443 98
105 469
469 745
245 782
782 98
799 867
867 64
458 504
504 505
149 760
760 419
343 866
866 745
649 130
130 36
918 40
40 548
54 485
485 757
267 176
176 432
248 880
880 657
344 416
416 37
54 530
530 745
352 163
163 37
427 752
752 299
592 13
13 126
511 424
424 449
910 135
135 757
651 338
338 64
155 689
689 432
427 517
517 139
273 704
704 126
63 47
47 505
63 512
512 37
862 437
437 139
499 683
683 37
244 431
431 634
779 282
282 757
592 580
580 676
838 307
307 449
63 749
749 434
651 182
182 434
220 632
632 634
24 26
26 37
779 589
589 505
248 671
671 505
278 886
886 419
838 686
686 657
3 595
595 718
780 482
482 434
159 497
497 449
767 84
84 718
202 820
820 64
862 73
73 548
514 366
366 599
715 905
905 718
202 633
633 548
63 911
911 676
786 641
641 548
220 226
226 502
592 369
369 449
844 370
370 36
499 883
883 657
862 59
59 36
8 724
724 434
24 204
204 311
125 792
792 657
356 597
597 745
862 235
235 712
451 162
162 634
267 196
196 201
451 624
624 311
357 390
390 201
786 254
254 139
267 51
51 502
149 141
141 434
719 360
360 757
278 310
310 657
649 4
4 434
538 138
138 419
344 239
239 37
326 169
169 415
819 95
95 98
357 851
851 502
326 21
21 599
799 846
846 599
499 455
455 299
847 462
462 139
779 270
270 432
592 536
536 745
514 192
192 505
245 618
618 434
499 852
852 548
569 899
899 676
374 379
379 712
451 206
206 599
54 56
56 712
475 433
433 505
853 319
319 634
779 355
355 676
451 146
146 201
833 754
754 37
847 731
731 657
248 711
711 36
910 350
350 299
356 579
579 505
918 143
143 599
3 648
648 415
248 29
29 311
105 205
205 434
245 513
513 37
649 288
288 449
738 615
615 201
651 147
147 434
105 38
38 599
668 30
30 311
458 229
229 36
738 832
832 505
819 1
1 432
273 34
34 36
406 628
628 434
511 224
224 718
272 775
775 299
511 473
473 745
853 445
445 712
514 900
900 745
149 877
877 676
552 898
898 415
838 478
478 745
202 179
179 745
719 112
112 502
767 405
405 505
910 643
643 98
3 349
349 415
273 18
18 98
475 364
364 505
853 346
346 415
499 435
435 201
3 477
477 712
272 894
894 505
278 144
144 415
799 612
612 505
8 577
577 718
606 642
642 434
81 520
520 505
799 640
640 432
668 659
659 712
805 362
362 449
668 789
789 98
220 323
323 757
862 55
55 139
475 23
23 36
267 656
656 502
365 277
277 745
569 575
575 139
747 363
363 415
767 759
759 712
786 841
841 64
269 76
76 64
365 123
123 502
267 52
52 201
291 503
503 64
356 690
690 415
538 510
510 434
552 168
168 657
24 420
420 548
844 309
309 36
862 674
674 634
356 218
218 599
54 65
65 548
451 663
663 434
805 142
142 432
847 298
298 505
159 765
765 757
620 521
521 634
552 60
60 634
108 275
275 299
651 811
811 419
365 551
551 37
779 831
831 676
54 699
699 599
499 753
753 599
780 675
675 64
747 688
688 712
767 27
27 299
272 428
428 548
326 241
241 718
493 316
316 36
155 16
16 505
514 317
317 712
538 260
260 502
715 164
164 37
77 384
384 634
54 20
20 311
838 506
506 311
649 639
639 676
719 746
746 634
357 257
257 419
780 814
814 311
499 131
131 415
54 596
596 718
538 610
610 502
780 347
347 201
345 770
770 139
910 62
62 718
458 325
325 757
3 259
259 657
159 411
411 98
159 397
397 432
291 744
744 419
269 28
28 505
620 698
698 37
592 251
251 548
738 9
9 36
499 444
444 311
365 764
764 657
738 705
705 36
356 750
750 745
592 263
263 502
8 608
608 505
155 560
560 299
853 529
529 37
786 145
145 415
8 129
129 449
326 232
232 449
451 10
10 139
668 802
802 712
357 340
340 126
345 733
733 415
819 57
57 415
853 271
271 757
108 537
537 201
427 68
68 502
738 788
788 634
668 134
134 299
24 167
167 432
514 630
630 419
105 778
778 505
248 865
865 98
651 89
89 434
668 673
673 299
245 212
212 548
8 710
710 126
220 39
39 299
343 198
198 432
499 815
815 415
244 645
645 36
220 869
869 311
622 919
919 432
719 483
483 502
343 871
871 657
344 301
301 434
538 91
91 599
833 921
921 599
458 564
564 64
552 532
532 139
805 703
703 36
244 803
803 434
155 368
368 432
592 696
696 657
244 527
527 37
344 518
518 505
291 672
672 449
345 403
403 201
514 763
763 548
569 774
774 676
291 468
468 449
451 240
240 126
245 726
726 434
833 217
217 201
267 665
665 757
272 300
300 139
159 49
49 37
514 393
393 415
267 500
500 599
278 48
48 419
352 895
895 449
511 531
531 676
511 602
602 676
805 795
795 36
149 14
14 676
606 86
86 126
651 857
857 599
622 465
465 718
278 758
758 415
357 219
219 676
799 400
400 657
799 331
331 419
738 339
339 657
230 909
909 419
910 140
140 311
511 203
203 419
569 136
136 634
838 423
423 139
77 191
191 757
719 523
523 502
747 438
438 434
779 457
457 502
715 90
90 432
125 446
446 712
125 702
702 676
149 772
772 718
248 590
590 139
326 287
287 37
108 670
670 599
719 290
290 434
514 119
119 37
833 823
823 299
558 784
784 548
620 413
413 126
475 679
679 37
8 87
87 311
668 907
907 634
108 459
459 657
343 113
113 139
514 629
629 126
267 461
461 449
194 872
872 419
77 185
185 745
155 600
600 502
844 383
383 299
819 209
209 415
622 348
348 419
819 281
281 201
538 71
71 311
511 381
381 745
357 566
566 419
805 188
188 449
738 58
58 449
159 266
266 139
326 797
797 599
273 903
903 502
269 809
809 634
780 172
172 98
910 175
175 634
805 66
66 634
54 793
793 201
3 234
234 634
245 806
806 599
538 798
798 434
245 388
388 201
511 573
573 712
269 697
697 434
592 706
706 64
738 238
238 712
538 102
102 548
245 193
193 434
838 292
292 419
24 246
246 548
54 864
864 718
63 913
913 98
651 402
402 676
345 817
817 126
606 915
915 37
620 104
104 64
244 268
268 505
558 262
262 299
248 337
337 98
244 466
466 634
738 549
549 634
343 559
559 64
511 118
118 139
451 464
464 432
799 101
101 548
105 472
472 676
780 450
450 37
738 812
812 745
779 378
378 505
514 156
156 37
269 184
184 139
910 769
769 599
356 881
881 419
344 187
187 657
406 353
353 712
105 693
693 419
569 414
414 419
819 766
766 634
406 652
652 36
345 901
901 449
8 213
213 757
649 314
314 599
499 297
297 718
592 741
741 36
833 544
544 599
149 498
498 415
838 429
429 311
105 376
376 599
779 583
583 64
844 371
371 419
54 75
75 311
326 591
591 599
862 737
737 98
799 534
534 434
622 237
237 502
538 508
508 712
558 609
609 434
374 261
261 434
910 887
887 449
552 494
494 676
267 807
807 201
155 70
70 432
245 850
850 502
81 736
736 657
63 539
539 718
356 501
501 712
458 585
585 676
651 332
332 676
649 666
666 502
8 681
681 505
558 906
906 757
558 912
912 126
149 256
256 311
558 902
902 37
220 507
507 745
538 717
717 676
838 153
153 599
668 306
306 98
8 174
174 676
668 570
570 98
356 42
42 139
202 19
19 419
244 541
541 718
833 824
824 745
220 547
547 415
8 67
67 505
374 654
654 139
406 456
456 415
719 284
284 64
356 476
476 449
844 242
242 745
606 707
707 201
278 305
305 415
475 336
336 201
125 509
509 98
244 103
103 434
344 304
304 299
819 860
860 419
406 730
730 126
514 122
122 434
105 247
247 718
269 361
361 64
569 581
581 434
244 481
481 712
511 682
682 126
63 516
516 415
819 341
341 599
511 826
826 64
291 295
295 505
374 658
658 745
838 274
274 311
499 787
787 757
844 761
761 37
853 755
755 548
847 439
439 502
278 215
215 98
862 843
843 64
918 885
885 434
272 834
834 548
77 495
495 502
738 243
243 434
343 121
121 419
202 571
571 757
668 111
111 419
786 653
653 657
767 540
540 37
278 922
922 432
853 351
351 745
77 567
567 139
838 554
554 434
108 627
627 98
245 776
776 139
747 562
562 311
493 842
842 299
592 222
222 505
272 137
137 299
344 417
417 311
819 181
181 634
538 713
713 415
499 728
728 548
833 920
920 139
592 897
897 139
8 848
848 634
719 83
83 634
273 189
189 37
159 453
453 64
273 324
324 299
622 92
92 599
475 407
407 98
622 117
117 37
365 389
389 64
406 82
82 432
779 723
723 434
451 387
387 548
538 889
889 718
805 879
879 311
622 578
578 548
248 781
781 432
592 372
372 657
155 157
157 126
8 377
377 548
463 333
333 201
149 280
280 299
269 253
253 718
269 133
133 139
81 41
41 432
552 605
605 139
463 739
739 548
357 214
214 201
463 442
442 201
799 601
601 432
747 412
412 311
194 312
312 657
715 565
565 139
343 17
17 37
326 255
255 419
230 849
849 434
125 858
858 502
805 264
264 634
862 422
422 201
220 441
441 139
819 285
285 36
620 734
734 657
202 822
822 599
649 88
88 634
343 790
790 676
552 97
97 745
194 768
768 64
8 114
114 299
344 855
855 505
81 743
743 415
805 732
732 657
918 709
709 64
475 555
555 64
159 491
491 419
343 561
561 126
406 294
294 757
552 7
7 419
844 200
200 657
853 296
296 299
569 669
669 505
458 598
598 505
345 170
170 432
159 426
426 757
649 197
197 718
918 401
401 126
365 249
249 434
475 45
45 745
291 748
748 311
248 604
604 676
374 50
50 419
273 302
302 415
202 801
801 718
738 576
576 548
767 821
821 505
552 177
177 502
606 896
896 311
365 893
893 712
278 12
12 718
719 454
454 634
569 61
61 745
77 828
828 712
738 740
740 718
511 840
840 415
715 127
127 299
344 617
617 201
819 359
359 745
805 720
720 676
326 190
190 64
267 2
2 415
475 716
716 599
738 32
32 599
463 904
904 718
451 6
6 657
538 611
611 757
838 680
680 64
244 623
623 718
715 546
546 757
499 236
236 311
326 436
436 657
493 425
425 415
149 830
830 757
719 35
35 745
651 74
74 299
194 870
870 745
552 603
603 449
552 252
252 37
668 315
315 502
24 265
265 311
108 678
678 98
63 892
892 505
558 31
31 757
54 151
151 299
244 5
5 299
805 15
15 757
805 210
210 657
799 861
861 311
552 556
556 502
105 488
488 434
54 550
550 718
819 107
107 299
273 195
195 599
649 636
636 449
499 816
816 718
3 545
545 676
719 519
519 745
805 810
810 37
786 22
22 36
786 207
207 548
105 888
888 419
786 868
868 299
862 276
276 36
278 878
878 64
862 474
474 757
291 396
396 718
475 250
250 657
3 166
166 434
244 908
908 757
406 687
687 299
273 619
619 634
451 553
553 502
499 440
440 718
343 607
607 449
245 692
692 757
918 109
109 434
273 873
873 126
427 762
762 505
3 25
25 657
344 777
777 634
272 515
515 634
406 492
492 64
326 128
128 502
406 335
335 757
3 484
484 745
622 211
211 139
606 448
448 449
149 132
132 634
8 542
542 98
344 394
394 37
220 631
631 599
799 180
180 37
108 115
115 37
499 835
835 36
149 535
535 36
357 334
334 757
365 568
568 449
799 165
165 449
780 655
655 311
202 661
661 757
194 99
99 419
738 859
859 676
592 489
489 676
365 756
756 657
77 286
286 548
155 586
586 139
230 289
289 757
272 729
729 718
738 613
613 299
558 584
584 98
819 526
526 64
230 813
813 201
592 186
186 419
622 882
882 757
406 662
662 432
3 452
452 657
248 460
460 139
63 637
637 718
499 700
700 548
767 320
320 415
272 106
106 37
326 221
221 676
838 839
839 634
719 725
725 599
799 399
399 299
569 616
616 126
805 386
386 139
499 161
161 718
668 677
677 415
24 874
874 757
345 44
44 64
278 543
543 634
668 804
804 712
278 525
525 36
63 742
742 311
291 714
714 419
278 522
522 36
427 727
727 449
427 11
11 657
63 216
216 745
108 327
327 419
365 479
479 757
343 876
876 634
3 408
408 434
244 308
308 757
493 447
447 432
220 470
470 37
278 418
418 98
738 863
863 657
847 667
667 299
374 43
43 676
81 183
183 712
620 646
646 599
427 574
574 505
606 524
524 657
499 916
916 657
427 638
638 449
8 794
794 449
805 721
721 757
844 293
293 676
202 751
751 548
622 354
354 757
719 329
329 36
365 914
914 432
81 152
152 449
514 33
33 126
833 150
150 676
326 480
480 201
108 890
890 36
833 410
410 745
833 557
557 676
365 124
124 548
514 685
685 745
569 467
467 415
862 398
398 419
220 708
708 502
24 808
808 712
230 487
487 505
649 917
917 449
719 695
695 64
273 85
85 449
715 800
800 98
475 279
279 64
159 69
69 311
344 173
173 311
719 404
404 64
649 178
178 712
622 829
829 718
668 825
825 599
272 80
80 311
715 884
884 299
715 303
303 98
592 691
691 36
125 313
313 745
499 588
588 634
620 471
471 98
475 110
110 657
125 635
635 712
458 120
120 434
8 228
228 634
244 796
796 139
847 100
100 98
345 199
199 415
54 626
626 676
569 358
358 299
125 827
827 419
622 891
891 311
155 582
582 505
499 594
594 712
248 593
593 712
838 625
625 757
844 430
430 98
918 818
818 449
738 208
208 676
715 409
409 36
719 382
382 449
738 771
771 201
838 783
783 37
910 160
160 599
63 722
722 718
77 856
856 548
499 614
614 757
833 53
53 634
245 621
621 502
819 330
330 311
780 72
72 745
649 318
318 548
918 421
421 599
8 660
660 415
108 735
735 419
272 650
650 676
374 496
496 64
357 79
79 311
606 93
93 299
245 283
283 745
475 875
875 745
248 154
154 599
326 227
227 745
149 694
694 201
715 328
328 64
833 391
391 201
352 490
490 548
3 845
845 505
819 171
171 201
331 37
403 299
90 745
439 712
841 434
205 449
578 64
587 98
812 757
61 36
628 201
734 419
695 676
865 505
13 548
392 126
416 139
582 634
402 311
234 415
402 718
782 502
596 208
784 781
149 801
40 410
514 607
172 127
369 215
403 542
686 640
812 306
441 692
135 890
244 471
278 250
535 613
778 716
134 133
416 915
34 688
778 216
531 284
918 588
76 540
34 23
846 250
181 732
672 840
205 817
558 130
217 93
819 334
340 732
719 241
653 593
18 656
726 383
663 913
751 120
13 740
23 774
400 376
202 412
708 650
20 399
281 729
373 188
922 2
42 452
248 371
864 892
451 367
82 565
696 472
734 72
517 387
589 128
626 582
67 599
904 692
215 484
111 137
301 567
226 913
127 546
390 904
560 203
364 841
682 801
300 566
559 502
590 476
280 718
195 607
142 468
832 721
282 825
28 716
395 444
102 448
494 761
645 613
886 479
232 87
347 382
627 299
254 221
5 152
746 71
747 600
520 23
458 16
341 716
424 445
246 442
912 889
759 171
770 456
764 425
140 505
629 697
284 700
89 474
352 509
881 879
765 243
530 570
558 177
48 574
144 810
242 578
422 535
279 432
514 664
655 79
10 430
741 334
774 222
514 467
339 401
413 828
268 117
892 434
470 490
486 113
831 359
760 917
13 898
732 748
18 362
172 452
817 614
528 851
244 633
175 253
840 613
819 754
786 507
577 726
263 305
78 477
499 760
369 401
345 310
143 496
964 1909 947
584 847
816 667
217 867
627 467
15 152
607 879
212 957
381 656
531 496
35 711
268 557
842 851
876 647
627 920
920 61
531 688
688 523
212 292
292 371
35 70
70 371
842 630
630 523
15 783
783 61
35 36
36 523
217 745
745 371
15 124
124 523
816 127
127 523
816 473
473 371
381 709
709 61
35 751
751 61
217 679
679 61
15 117
117 523
381 75
75 523
627 216
216 371
15 239
239 371
217 107
107 61
876 740
740 523
607 122
122 371
627 956
956 523
531 427
427 523
531 404
404 371
268 901
901 523
217 903
903 61
531 902
902 371
268 661
661 61
627 908
908 523
816 47
47 523
584 475
475 523
627 357
357 523
212 298
298 523
876 83
83 523
584 545
545 61
217 505
505 61
35 195
195 371
268 73
73 523
842 715
715 523
381 456
456 523
531 338
338 61
842 741
741 371
217 69
69 371
35 50
50 371
35 828
828 61
35 791
791 523
876 114
114 371
816 310
310 61
268 544
544 371
35 436
436 371
876 622
622 523
381 337
337 371
381 375
375 371
381 574
574 61
381 300
300 61
842 294
294 61
876 923
923 61
531 933
933 371
35 718
718 523
268 796
796 61
15 921
921 371
607 803
803 61
217 594
594 523
381 5
5 371
876 439
439 523
816 634
634 371
876 81
81 371
816 167
167 523
816 171
171 523
607 772
772 523
816 118
118 523
268 276
276 61
876 329
329 523
607 510
510 523
381 733
733 523
381 16
16 371
381 746
746 523
607 457
457 61
217 472
472 371
15 655
655 371
816 476
476 523
627 705
705 371
212 451
451 523
607 478
478 61
816 105
105 523
212 533
533 523
627 748
748 523
35 204
204 61
217 110
110 371
15 269
269 371
876 266
266 61
531 941
941 523
212 7
7 371
35 408
408 523
584 3
3 523
584 332
332 61
627 912
912 523
217 366
366 61
607 208
208 523
268 236
236 61
381 151
151 523
531 78
78 61
584 821
821 371
627 494
494 523
627 344
344 61
531 691
691 61
531 848
848 523
381 558
558 61
217 897
897 371
876 856
856 523
217 74
74 523
876 360
360 523
627 411
411 523
35 252
252 523
217 685
685 523
627 677
677 61
816 62
62 61
876 210
210 61
876 209
209 61
876 684
684 61
268 935
935 523
816 957
957 61
627 915
915 523
217 792
792 61
381 200
200 371
268 440
440 61
816 94
94 523
217 767
767 523
842 41
41 371
842 405
405 523
212 500
500 61
15 743
743 61
381 720
720 371
842 378
378 61
842 188
188 61
607 319
319 61
607 67
67 523
212 249
249 371
584 461
461 371
381 540
540 371
212 744
744 371
15 43
43 61
531 633
633 61
15 567
567 371
816 428
428 523
607 866
866 371
584 465
465 523
212 757
757 61
607 390
390 523
876 407
407 523
268 146
146 371
15 559
559 61
212 140
140 371
842 553
553 371
816 278
278 371
627 362
362 523
15 506
506 371
584 675
675 523
627 579
579 61
816 728
728 523
584 681
681 371
35 875
875 523
35 814
814 523
842 126
126 371
381 30
30 61
15 479
479 523
217 387
387 371
842 606
606 371
381 295
295 371
816 566
566 523
212 813
813 61
15 547
547 371
627 490
490 523
842 572
572 371
876 6
6 523
531 729
729 371
381 9
9 371
607 773
773 523
627 26
26 371
531 63
63 371
268 54
54 371
217 507
507 371
212 893
893 371
35 213
213 371
842 170
170 61
842 11
11 61
842 89
89 371
584 699
699 523
842 449
449 523
842 922
922 371
842 879
879 61
35 917
917 61
842 159
159 371
607 948
948 61
381 686
686 61
212 952
952 371
381 963
963 61
607 865
865 523
876 384
384 61
842 693
693 371
584 314
314 371
816 599
599 371
381 645
645 371
217 555
555 523
531 488
488 61
15 867
867 371
816 955
955 61
607 672
672 371
816 138
138 371
35 696
696 61
212 379
379 61
842 631
631 61
217 759
759 61
816 928
928 61
842 442
442 371
268 509
509 523
381 690
690 371
35 812
812 523
35 482
482 371
35 237
237 523
217 615
615 371
627 153
153 371
607 617
617 523
381 148
148 371
268 769
769 61
531 296
296 61
381 86
86 523
842 346
346 61
381 616
616 371
842 180
180 61
842 242
242 61
584 386
386 61
627 29
29 523
268 578
578 61
607 766
766 523
217 583
583 371
584 108
108 371
842 402
402 61
842 771
771 61
217 226
226 523
876 582
582 523
876 732
732 523
584 738
738 523
35 155
155 61
217 539
539 371
816 356
356 61
268 125
125 61
217 778
778 371
381 612
612 61
217 417
417 371
212 682
682 371
531 844
844 61
35 497
497 523
15 913
913 523
876 174
174 61
607 291
291 371
217 133
133 523
381 695
695 371
584 614
614 371
212 311
311 61
268 202
202 523
212 610
610 523
212 522
522 371
627 714
714 371
35 905
905 371
607 113
113 61
212 235
235 371
584 421
421 61
268 214
214 371
531 349
349 371
35 422
422 371
35 939
939 371
268 179
179 61
607 877
877 371
627 111
111 61
876 946
946 371
842 480
480 61
212 750
750 61
584 657
657 61
842 273
273 61
816 474
474 523
842 906
906 523
268 420
420 61
876 233
233 371
531 25
25 371
531 911
911 61
212 954
954 61
381 663
663 523
842 367
367 371
607 561
561 523
842 372
372 61
217 958
958 523
842 415
415 61
217 459
459 371
212 869
869 371
627 365
365 523
531 809
809 523
381 290
290 371
607 756
756 371
627 206
206 61
584 910
910 523
15 671
671 61
627 383
383 523
584 347
347 523
212 438
438 371
15 489
489 523
35 810
810 371
607 872
872 371
212 259
259 61
607 777
777 523
212 834
834 523
842 423
423 523
584 434
434 371
35 45
45 523
268 277
277 523
35 501
501 523
212 327
327 61
876 697
697 523
217 192
192 61
876 585
585 371
212 721
721 523
627 852
852 61
842 389
389 61
15 942
942 523
531 199
199 523
531 48
48 523
15 275
275 371
531 76
76 523
217 568
568 523
627 163
163 371
627 191
191 523
15 432
432 61
627 554
554 523
531 396
396 61
381 229
229 371
842 776
776 61
217 871
871 61
607 491
491 371
35 836
836 371
842 562
562 61
15 164
164 523
607 227
227 523
876 85
85 371
876 712
712 371
876 787
787 523
842 162
162 523
212 307
307 371
842 77
77 61
531 543
543 371
876 883
883 61
381 267
267 61
217 678
678 371
842 274
274 61
876 560
560 61
381 904
904 61
627 65
65 523
15 724
724 523
217 644
644 371
268 602
602 523
842 780
780 523
607 224
224 61
876 517
517 523
217 609
609 371
268 546
546 61
627 12
12 371
842 526
526 371
816 669
669 371
531 632
632 61
842 826
826 61
842 416
416 371
627 135
135 371
531 336
336 61
816 39
39 523
15 437
437 523
268 486
486 61
35 536
536 371
217 752
752 523
876 541
541 61
212 313
313 61
584 53
53 523
35 68
68 523
816 318
318 523
467 523
268 361
361 523
268 354
354 371
876 56
56 61
531 498
498 61
15 279
279 371
607 519
519 371
212 143
143 523
607 651
651 523
876 42
42 523
212 664
664 371
876 58
58 523
268 528
528 371
268 112
112 61
876 702
702 523
627 352
352 371
217 96
96 371
531 788
788 523
35 71
71 371
816 444
444 523
212 641
641 61
607 128
128 371
584 806
806 371
381 706
706 371
212 37
37 371
584 207
207 523
35 587
587 61
816 951
951 371
584 142
142 523
212 499
499 371
607 896
896 371
816 799
799 61
531 189
189 61
15 870
870 523
584 504
504 61
381 240
240 523
268 621
621 523
212 92
92 371
35 723
723 61
217 335
335 523
212 283
283 61
217 253
253 371
268 550
550 523
816 60
60 523
217 413
413 61
15 841
841 371
268 862
862 371
584 837
837 523
15 947
947 523
268 592
592 371
876 640
640 61
876 370
370 61
268 800
800 61
15 717
717 61
531 400
400 371
627 363
363 371
217 248
248 371
627 515
515 371
627 27
27 523
816 464
464 523
876 838
838 61
584 658
658 523
816 328
328 61
842 193
193 371
217 17
17 523
876 508
508 371
212 735
735 61
531 907
907 61
381 178
178 523
15 100
100 523
35 299
299 523
876 376
376 523
842 481
481 61
607 471
471 523
584 819
819 523
816 134
134 523
607 548
548 61
268 719
719 523
35 484
484 61
584 230
230 371
15 64
64 371
217 822
822 523
212 493
493 523
15 880
880 61
876 373
373 523
212 19
19 371
381 452
452 61
35 964
964 371
15 930
930 61
381 925
925 523
217 960
960 61
268 676
676 523
381 301
301 371
876 72
72 371
842 285
285 61
607 807
807 371
842 392
392 371
35 694
694 523
531 959
959 61
217 953
953 61
842 55
55 61
212 849
849 523
35 433
433 371
876 914
914 523
381 271
271 523
268 591
591 371
15 764
764 371
268 66
66 523
627 839
839 371
842 203
203 371
35 815
815 61
584 103
103 523
584 4
4 523
268 453
453 61
842 637
637 371
816 264
264 371
627 49
49 523
627 789
789 523
584 620
620 371
212 873
873 371
217 80
80 371
268 196
196 371
35 502
502 523
381 763
763 61
816 653
653 371
876 382
382 371
531 325
325 523
268 514
514 523
584 355
355 371
217 670
670 523
876 586
586 371
607 425
425 523
584 326
326 523
381 673
673 371
15 477
477 523
842 302
302 523
627 824
824 523
531 847
847 523
381 270
270 523
381 350
350 61
35 662
662 523
584 846
846 523
816 23
23 61
35 931
931 523
217 441
441 371
531 916
916 523
35 401
401 61
35 937
937 61
15 121
121 371
217 221
221 523
842 395
395 61
584 330
330 371
607 747
747 371
627 334
334 371
531 521
521 371
816 119
119 523
584 564
564 371
268 542
542 523
607 932
932 61
217 962
962 523
842 722
722 523
607 840
840 371
381 144
144 371
842 317
317 61
217 784
784 371
816 57
57 61
627 643
643 523
268 8
8 523
816 409
409 371
842 245
245 371
584 626
626 371
15 557
557 371
212 648
648 61
584 306
306 371
647 61
584 445
445 61
217 201
201 371
212 961
961 523
381 736
736 371
212 642
642 523
381 246
246 523
35 377
377 61
531 918
918 61
268 805
805 523
876 397
397 523
607 403
403 523
217 943
943 61
381 762
762 371
876 598
598 61
607 308
308 523
268 410
410 523
816 297
297 61
842 619
619 523
627 141
141 371
584 868
868 371
627 165
165 61
381 524
524 61
627 749
749 61
381 315
315 523
35 169
169 371
607 123
123 61
876 468
468 371
876 716
716 371
35 312
312 523
381 667
667 61
212 102
102 371
607 703
703 61
212 595
595 371
816 892
892 523
816 261
261 61
381 156
156 61
584 758
758 371
627 322
322 371
212 38
38 371
584 534
534 61
268 820
820 61
531 460
460 371
381 549
549 61
268 726
726 61
381 708
708 371
531 898
898 61
627 466
466 371
381 938
938 371
607 623
623 371
816 446
446 523
816 628
628 523
35 804
804 523
876 768
768 523
35 258
258 61
15 463
463 61
842 666
666 523
217 857
857 371
816 399
399 61
842 742
742 523
268 469
469 61
531 324
324 523
842 430
430 61
584 761
761 61
584 137
137 523
842 424
424 371
531 899
899 523
15 774
774 371
15 168
168 371
268 220
220 61
816 730
730 523
842 600
600 61
381 394
394 523
35 853
853 523
217 625
625 371
876 385
385 523
15 369
369 523
816 147
147 371
842 571
571 61
876 40
40 371
876 888
888 371
217 737
737 523
607 223
223 61
35 601
601 61
381 429
429 371
876 698
698 523
584 190
190 523
607 368
368 61
212 254
254 61
816 919
919 523
217 495
495 523
15 537
537 523
816 927
927 61
627 323
323 523
35 32
32 61
584 348
348 371
35 734
734 371
15 790
790 61
212 577
577 61
212 652
652 61
607 636
636 61
627 817
817 61
212 87
87 61
842 513
513 61
381 24
24 523
35 949
949 371
217 341
341 61
627 340
340 61
876 895
895 523
268 575
575 61
15 593
593 371
607 262
262 61
584 832
832 61
876 940
940 371
627 886
886 523
35 232
232 61
217 818
818 371
584 512
512 371
816 496
496 523
607 185
185 61
212 618
618 523
876 881
881 523
607 760
760 523
217 158
158 523
627 785
785 371
842 635
635 61
381 343
343 523
212 115
115 523
607 639
639 61
842 161
161 61
531 351
351 371
212 152
152 61
876 725
725 61
217 926
926 523
15 570
570 61
268 359
359 61
584 605
605 61
217 929
929 523
816 552
552 371
15 863
863 371
212 701
701 371
607 149
149 371
816 665
665 61
627 753
753 61
816 530
530 371
627 20
20 523
627 272
272 61
842 646
646 371
217 219
219 371
35 31
31 61
381 845
845 523
268 426
426 523
607 99
99 61
268 860
860 523
627 551
551 371
217 13
13 523
15 166
166 61
627 28
28 371
816 303
303 371
268 52
52 523
268 864
864 523
816 238
238 523
268 222
222 61
15 823
823 371
531 448
448 371
15 228
228 61
15 782
782 523
842 656
656 523
584 398
398 371
217 198
198 523
15 573
573 371
584 581
581 371
268 241
241 523
531 205
205 61
842 711
711 523
607 90
90 371
212 765
765 371
607 145
145 371
268 944
944 523
876 556
556 371
876 576
576 371
217 891
891 371
217 374
374 523
607 1
1 523
584 175
175 523
212 414
414 371
816 14
14 523
268 511
511 523
842 793
793 371
268 288
288 371
212 798
798 371
531 160
160 523
217 173
173 371
627 215
215 371
816 293
293 61
531 260
260 371
584 520
520 61
584 850
850 371
816 801
801 523
842 858
858 371
381 447
447 61
607 184
184 61
876 882
882 371
876 443
443 61
816 843
843 371
876 924
924 61
816 689
689 371
876 608
608 523
607 181
181 61
268 251
251 523
584 580
580 523
842 244
244 371
35 104
104 523
212 487
487 371
876 589
589 523
842 150
150 523
217 603
603 523
381 177
177 371
268 462
462 371
627 412
412 523
212 874
874 371
15 120
120 523
816 157
157 523
816 255
255 61
15 710
710 371
842 18
18 523
531 154
154 371
584 225
225 371
268 316
316 61
268 611
611 371
816 833
833 371
584 687
687 61
212 280
280 61
217 692
692 371
35 649
649 371
35 136
136 61
381 286
286 523
607 532
532 371
842 890
890 371
627 909
909 61
35 98
98 371
217 563
563 61
217 129
129 371
15 680
680 523
15 854
854 371
607 435
435 523
531 321
321 371
35 34
34 523
816 97
97 371
217 755
755 371
607 406
406 371
381 250
250 523
15 538
538 523
584 289
289 61
584 139
139 523
15 418
418 61
531 10
10 61
15 794
794 523
607 518
518 523
607 731
731 371
212 770
770 371
627 604
604 523
584 2
2 371
268 525
525 61
627 797
797 61
607 485
485 523
607 257
257 523
35 739
739 61
381 851
851 523
876 835
835 371
15 613
613 61
531 51
51 371
15 380
380 371
842 936
936 523
584 82
82 523
212 234
234 371
35 900
900 371
531 331
331 371
842 894
894 61
35 945
945 371
381 483
483 61
842 889
889 61
268 79
79 371
816 527
527 61
531 588
588 371
531 182
182 371
212 287
287 61
816 825
825 61
842 779
779 523
584 282
282 371
212 353
353 61
584 516
516 61
607 419
419 371
607 827
827 523
15 101
101 61
627 211
211 523
381 624
624 523
842 231
231 61
268 88
88 523
35 281
281 523
35 529
529 523
627 391
391 61
627 650
650 61
584 183
183 523
627 829
829 523
816 106
106 371
876 781
781 523
876 388
388 523
876 172
172 523
531 339
339 61
816 590
590 371
212 130
130 61
217 492
492 523
35 855
855 523
381 629
629 371
212 131
131 61
381 263
263 61
531 654
654 61
816 830
830 523
842 885
885 371
212 808
808 371
217 454
454 523
531 265
265 371
15 44
44 61
35 831
831 61
627 431
431 61
15 176
176 61
15 597
597 523
217 754
754 371
217 218
218 523
15 683
683 523
627 109
109 371
381 638
638 523
842 707
707 371
627 187
187 61
842 345
345 61
584 674
674 61
842 660
660 61
531 503
503 371
15 565
565 61
212 704
704 371
607 786
786 61
627 59
59 61
35 21
21 523
531 887
887 523
531 713
713 523
607 727
727 523
268 884
884 61
627 194
194 61
816 309
309 61
268 116
116 61
627 659
659 61
268 455
455 523
268 256
256 371
627 342
342 371
217 33
33 371
876 304
304 523
15 596
596 61
217 535
535 61
268 358
358 61
607 950
950 523
531 95
95 523
584 569
569 61
212 811
811 61
842 247
247 523
816 91
91 523
816 46
46 61
816 22
22 61
212 197
197 523
217 93
93 61
607 333
333 61
15 802
802 61
217 132
132 61
212 393
393 61
212 186
186 371
876 470
470 523
381 364
364 371
607 284
284 523
876 859
859 523
381 700
700 371
607 458
458 523
268 795
795 523
15 878
878 523
876 775
775 371
816 934
934 523
816 450
450 371
217 84
84 523
876 861
861 523
627 243
243 371
531 305
305 523
15 320
320 61
268 668
668 523
678 61
696 371
