5
946 1954 863
853 403
528 757
381 655
19 901
855 479
156 301
781 886
565 78
897 81
583 784
708 768
217 885
866 829
554 624
360 391
217 425
425 336
853 945
945 910
583 22
22 720
708 303
303 742
554 444
444 821
156 459
459 873
381 431
431 738
381 671
671 586
708 825
825 147
708 124
124 586
781 265
265 739
853 13
13 353
217 323
323 736
217 868
868 720
866 524
524 529
217 305
305 932
853 311
311 557
528 613
613 777
897 886
886 469
565 136
136 537
583 858
858 17
528 816
816 849
554 474
474 938
866 505
505 777
19 763
763 818
708 482
482 648
866 490
490 738
855 601
601 367
565 473
473 823
855 234
234 147
853 129
129 753
708 275
275 213
360 365
365 343
853 678
678 934
19 69
69 821
855 566
566 808
381 939
939 213
381 402
402 910
554 922
922 220
554 936
936 818
853 744
744 213
708 65
65 742
583 326
326 343
360 219
219 849
360 296
296 586
360 454
454 777
855 113
113 736
381 451
451 356
583 632
632 833
217 481
481 898
554 133
133 777
554 157
157 686
554 835
835 14
156 228
228 753
528 567
567 171
855 468
468 753
554 203
203 415
381 670
670 147
855 864
864 343
528 759
759 753
855 374
374 353
217 155
155 220
381 580
580 87
381 35
35 932
381 595
595 686
360 530
530 742
528 642
642 813
708 699
699 147
554 247
247 934
156 941
941 77
19 241
241 469
19 216
216 42
853 209
209 736
528 274
274 254
217 338
338 87
897 871
871 762
217 180
180 213
554 776
776 572
19 650
650 761
528 465
465 821
853 20
20 910
897 64
64 42
381 600
600 586
583 472
472 594
156 165
165 77
554 844
844 932
583 872
872 594
708 532
532 356
781 385
385 557
19 445
445 343
897 130
130 412
866 497
497 586
583 687
687 818
554 674
674 220
781 799
799 87
554 284
284 586
19 148
148 77
554 10
10 818
381 924
924 823
156 740
740 557
554 82
82 753
156 758
758 220
855 98
98 873
554 515
515 736
781 229
229 742
853 120
120 147
565 349
349 564
156 164
164 264
855 29
29 106
381 278
278 738
866 489
489 336
708 102
102 412
897 935
935 739
897 199
199 537
897 912
912 937
897 629
629 648
381 408
408 910
528 568
568 898
781 630
630 353
781 242
242 762
554 206
206 913
217 417
417 336
565 169
169 913
528 99
99 343
217 624
624 14
708 434
434 17
855 661
661 849
708 875
875 720
583 218
218 913
381 841
841 17
853 735
735 910
360 614
614 529
897 194
194 762
156 277
277 336
866 51
51 808
565 702
702 336
554 52
52 739
781 240
240 818
381 659
659 753
708 414
414 906
217 450
450 77
554 436
436 77
528 290
290 932
19 507
507 171
217 842
842 934
19 649
649 412
853 293
293 938
897 262
262 586
565 405
405 937
565 501
501 813
708 788
788 529
554 734
734 873
897 244
244 343
853 467
467 762
381 285
285 264
381 531
531 648
855 647
647 213
565 245
245 937
528 615
615 821
528 67
67 213
381 645
645 821
897 57
57 415
855 21
21 937
853 319
319 77
781 409
409 686
583 70
70 851
554 215
215 353
897 358
358 415
866 109
109 813
853 685
685 343
866 235
235 833
156 692
692 564
528 627
627 738
554 84
84 932
156 43
43 254
897 201
201 557
217 423
423 261
554 96
96 721
528 729
729 586
583 719
719 873
156 191
191 410
853 877
877 413
855 766
766 761
528 321
321 469
528 418
418 213
565 295
295 934
781 513
513 742
381 263
263 529
708 195
195 77
708 143
143 410
866 787
787 898
853 455
455 938
565 126
126 356
554 281
281 14
217 175
175 761
897 779
779 356
853 891
891 898
781 607
607 739
897 464
464 823
565 279
279 220
855 427
427 739
781 605
605 808
360 394
394 469
554 330
330 17
217 110
110 87
565 141
141 77
897 32
32 343
19 202
202 557
583 933
933 739
583 677
677 589
217 573
573 410
583 227
227 356
19 824
824 761
360 809
809 873
781 61
61 213
897 894
894 171
156 342
342 410
156 16
16 712
781 487
487 712
897 514
514 910
583 698
698 762
781 618
618 738
855 9
9 937
565 89
89 721
381 667
667 42
217 555
555 849
583 173
173 720
554 253
253 469
156 224
224 686
866 794
794 529
583 638
638 87
381 304
304 720
360 870
870 932
156 523
523 738
19 433
433 818
853 366
366 537
360 663
663 594
19 606
606 753
381 646
646 42
381 900
900 913
217 499
499 106
853 421
421 77
855 784
784 851
156 578
578 586
853 750
750 415
855 352
352 537
855 223
223 932
156 619
619 589
565 188
188 884
583 355
355 171
781 668
668 171
897 755
755 537
156 545
545 821
381 491
491 415
19 1
1 679
565 127
127 106
360 318
318 87
156 359
359 356
554 538
538 572
156 869
869 937
528 830
830 910
781 558
558 884
554 168
168 261
866 854
854 77
554 225
225 695
217 492
492 898
217 236
236 813
19 139
139 469
217 333
333 564
528 577
577 42
360 640
640 410
565 815
815 686
853 344
344 873
554 306
306 906
381 238
238 564
565 797
797 264
554 309
309 934
19 36
36 823
156 862
862 883
853 222
222 220
217 764
764 87
866 796
796 353
781 641
641 808
866 66
66 106
156 728
728 932
853 272
272 818
866 778
778 808
565 774
774 910
217 519
519 17
217 406
406 14
897 107
107 738
897 390
390 213
360 793
793 410
554 741
741 738
897 861
861 17
855 498
498 572
583 484
484 264
528 379
379 761
866 587
587 469
554 722
722 572
381 377
377 648
708 368
368 415
866 25
25 336
781 751
751 410
866 792
792 695
554 511
511 849
156 904
904 220
897 18
18 932
19 683
683 410
708 243
243 712
853 384
384 564
583 874
874 356
853 654
654 883
19 731
731 572
583 111
111 777
479 937
708 836
836 367
528 588
588 720
853 919
919 910
866 715
715 937
855 878
878 639
528 536
536 261
528 903
903 761
866 584
584 106
381 893
893 264
360 62
62 761
583 362
362 823
381 495
495 254
156 899
899 589
855 669
669 898
360 226
226 648
855 92
92 932
708 159
159 679
583 946
946 777
708 655
655 849
528 324
324 736
855 24
24 679
897 745
745 712
708 710
710 77
855 575
575 213
853 163
163 739
583 200
200 913
897 117
117 813
583 660
660 261
866 251
251 833
381 138
138 934
217 300
300 906
866 152
152 720
19 389
389 937
583 805
805 564
583 626
626 679
528 927
927 736
897 475
475 106
781 571
571 529
217 289
289 356
781 676
676 415
708 439
439 87
781 700
700 254
360 161
161 883
554 340
340 413
554 56
56 356
554 942
942 742
853 684
684 353
853 196
196 686
866 944
944 351
19 930
930 884
565 772
772 679
855 526
526 264
583 416
416 873
781 843
843 147
381 704
704 884
583 424
424 883
528 38
38 562
156 48
48 413
381 458
458 938
565 611
611 648
554 691
691 106
19 765
765 648
217 271
271 833
855 8
8 564
583 748
748 821
381 407
407 557
528 885
885 818
708 725
725 147
866 183
183 254
853 859
859 537
866 378
378 851
853 791
791 77
708 208
208 686
583 252
252 106
853 621
621 147
853 771
771 884
708 348
348 356
583 268
268 586
19 205
205 913
156 273
273 87
528 345
345 898
217 33
33 213
381 496
496 412
381 257
257 564
381 520
520 14
360 822
822 17
853 88
88 343
217 517
517 913
19 814
814 213
583 757
757 851
866 569
569 410
708 112
112 639
708 457
457 823
381 888
888 147
381 811
811 679
897 294
294 808
565 310
310 808
855 644
644 777
853 914
914 720
781 800
800 254
708 335
335 937
866 72
72 410
360 146
146 777
554 266
266 818
583 101
101 851
565 599
599 913
528 596
596 261
866 500
500 813
853 839
839 937
554 892
892 736
19 848
848 932
855 617
617 356
360 178
178 343
853 921
921 934
583 767
767 833
528 831
831 913
381 197
197 761
565 706
706 77
565 60
60 147
866 743
743 106
217 819
819 753
866 917
917 721
781 834
834 761
866 522
522 469
866 95
95 823
708 703
703 412
554 286
286 813
781 590
590 261
781 100
100 823
853 170
170 171
19 705
705 739
156 636
636 106
360 462
462 594
853 71
71 356
156 931
931 648
866 371
371 883
708 690
690 343
381 308
308 873
565 6
6 564
866 688
688 910
554 746
746 220
360 928
928 910
708 802
802 42
360 372
372 823
853 478
478 761
855 563
563 572
708 867
867 883
554 810
810 937
554 682
682 851
360 780
780 220
19 151
151 367
381 534
534 14
855 363
363 762
156 701
701 412
360 221
221 412
554 442
442 721
360 890
890 762
781 909
909 572
708 754
754 594
866 789
789 823
360 269
269 264
217 828
828 884
19 158
158 906
781 53
53 823
217 503
503 679
855 297
297 412
583 239
239 906
866 428
428 932
866 249
249 813
554 539
539 821
781 376
376 898
855 579
579 594
19 769
769 254
360 184
184 171
565 709
709 937
156 724
724 938
19 332
332 777
19 549
549 353
565 388
388 906
708 198
198 739
583 752
752 898
381 166
166 594
708 845
845 562
217 616
616 564
866 807
807 720
583 339
339 906
217 182
182 356
156 918
918 17
360 104
104 742
897 237
237 42
781 11
11 261
897 790
790 220
528 5
5 586
708 282
282 695
19 23
23 906
565 887
887 469
853 396
396 720
528 441
441 849
360 31
31 906
554 653
653 823
781 172
172 261
565 255
255 412
855 782
782 572
781 527
527 883
528 404
404 833
19 512
512 883
528 58
58 564
156 453
453 686
554 276
276 147
381 250
250 77
781 718
718 906
381 553
553 738
897 437
437 906
381 504
504 938
381 116
116 695
360 480
480 639
897 135
135 14
853 876
876 695
381 150
150 17
19 543
543 695
565 27
27 679
708 542
542 254
781 154
154 739
583 121
121 336
853 461
461 910
855 307
307 351
781 634
634 736
217 63
63 261
708 552
552 572
853 137
137 884
360 114
114 937
866 488
488 586
217 347
347 808
855 28
28 906
528 846
846 686
528 429
429 367
217 214
214 564
866 713
713 220
897 470
470 932
217 301
301 910
853 292
292 679
781 786
786 679
360 37
37 851
156 361
361 412
866 608
608 937
156 125
125 254
853 550
550 87
554 39
39 712
781 581
581 739
554 723
723 77
781 591
591 762
19 401
401 336
853 97
97 736
853 45
45 884
708 322
322 586
156 643
643 562
217 346
346 808
554 666
666 264
853 593
593 336
708 132
132 557
554 547
547 808
554 726
726 557
897 598
598 412
853 140
140 883
554 911
911 415
855 207
207 873
897 232
232 742
853 693
693 356
565 176
176 469
565 81
81 686
528 86
86 761
855 533
533 572
855 597
597 42
360 192
192 171
583 280
280 594
528 675
675 14
217 447
447 761
855 929
929 712
866 383
383 813
528 246
246 913
381 889
889 739
708 446
446 586
19 773
773 851
583 576
576 412
866 15
15 410
866 879
879 833
565 856
856 736
19 662
662 367
528 153
153 17
583 119
119 937
708 574
574 351
781 518
518 77
528 483
483 529
381 652
652 913
156 895
895 562
781 85
85 695
528 3
3 367
583 714
714 367
554 134
134 761
381 186
186 937
708 144
144 883
19 118
118 736
360 47
47 695
381 506
506 883
156 392
392 833
583 430
430 147
360 525
525 106
855 231
231 808
708 350
350 367
565 603
603 753
360 508
508 562
19 920
920 261
583 50
50 679
156 716
716 808
528 664
664 77
853 185
185 106
554 521
521 721
19 463
463 353
866 541
541 356
565 604
604 648
565 658
658 937
897 80
80 469
360 167
167 589
708 260
260 87
19 838
838 469
554 493
493 261
866 40
40 220
897 298
298 910
855 477
477 254
855 426
426 679
897 622
622 367
781 44
44 934
554 561
561 851
217 556
556 17
156 609
609 413
781 448
448 738
554 204
204 351
583 75
75 742
19 233
233 910
381 189
189 821
554 548
548 873
156 54
54 884
360 68
68 147
866 90
90 171
381 248
248 412
853 760
760 14
565 315
315 742
866 411
411 147
156 623
623 736
853 108
108 586
781 397
397 934
554 865
865 213
565 631
631 171
855 812
812 87
866 267
267 679
360 806
806 351
360 460
460 851
781 382
382 742
554 857
857 353
897 749
749 572
217 55
55 898
528 502
502 213
781 651
651 913
866 908
908 910
853 179
179 171
381 258
258 736
19 375
375 777
19 93
93 761
897 325
325 738
708 620
620 883
853 115
115 849
217 466
466 849
360 211
211 712
360 7
7 17
19 680
680 415
554 673
673 762
381 732
732 77
156 768
768 537
583 328
328 564
19 494
494 639
19 612
612 557
381 625
625 639
708 419
419 898
156 901
901 213
528 341
341 808
360 923
923 648
866 803
803 823
360 30
30 686
897 370
370 586
855 399
399 873
565 592
592 171
528 907
907 720
217 329
329 413
866 91
91 410
583 354
354 808
528 730
730 589
217 49
49 356
866 551
551 572
866 327
327 410
781 707
707 777
781 142
142 171
381 337
337 910
855 896
896 586
583 131
131 712
897 145
145 739
855 122
122 813
583 540
540 14
360 485
485 572
708 486
486 87
156 829
829 586
528 288
288 849
855 585
585 910
381 804
804 884
156 737
737 883
565 852
852 884
19 817
817 849
583 26
26 823
528 420
420 353
583 826
826 413
565 915
915 367
897 320
320 720
528 181
181 14
528 696
696 336
583 943
943 851
897 94
94 686
217 681
681 873
708 259
259 883
381 544
544 343
866 386
386 910
19 820
820 412
855 128
128 823
554 369
369 721
19 881
881 777
866 190
190 849
853 391
391 42
583 801
801 679
866 559
559 586
528 78
78 356
855 727
727 851
781 380
380 562
853 860
860 537
156 105
105 738
583 785
785 849
360 456
456 738
897 74
74 367
781 432
432 932
554 510
510 264
156 850
850 264
897 373
373 87
855 187
187 356
897 535
535 648
156 657
657 356
528 435
435 171
855 299
299 686
866 452
452 938
217 400
400 833
381 317
317 761
708 471
471 562
897 694
694 264
360 193
193 213
360 387
387 562
217 840
840 213
855 59
59 695
897 783
783 343
217 656
656 537
19 398
398 753
866 12
12 762
360 316
316 910
781 438
438 884
554 832
832 813
156 256
256 351
866 314
314 873
855 403
403 721
19 270
270 639
554 837
837 87
528 76
76 42
866 287
287 721
583 711
711 932
897 476
476 410
855 162
162 833
528 798
798 261
217 665
665 906
853 672
672 77
583 546
546 813
781 123
123 562
19 847
847 849
853 882
882 639
781 73
73 562
583 509
509 413
781 334
334 938
855 747
747 813
708 41
41 469
381 395
395 586
381 902
902 410
528 4
4 938
554 916
916 934
156 610
610 147
156 83
83 648
708 863
863 808
897 149
149 213
708 440
440 777
781 212
212 742
565 795
795 712
528 283
283 679
583 697
697 77
19 775
775 336
19 733
733 410
565 2
2 410
853 364
364 937
381 357
357 594
708 174
174 415
360 79
79 910
360 756
756 686
381 717
717 147
360 46
46 934
360 291
291 910
381 34
34 412
855 602
602 562
781 313
313 742
156 210
210 762
19 880
880 761
217 635
635 254
156 393
393 761
156 560
560 742
528 628
628 742
583 177
177 937
866 633
633 557
217 925
925 171
565 422
422 738
554 940
940 594
781 312
312 883
565 103
103 557
781 905
905 720
781 230
230 353
554 582
582 410
381 160
160 572
554 637
637 14
781 449
449 594
360 827
827 412
156 443
443 721
853 516
516 14
156 770
770 777
156 331
331 913
866 570
570 884
708 689
689 818
528 302
302 883
156 926
926 884
706 906
262 753
535 351
434 410
441 821
770 883
397 356
820 220
209 932
141 777
180 367
330 873
160 261
520 721
283 913
376 762
807 934
451 564
475 884
666 77
97 87
710 17
610 761
788 898
891 42
616 818
114 742
754 557
289 712
445 469
751 537
422 213
283 343
382 938
618 851
568 412
420 415
303 254
879 147
513 849
584 738
96 529
31 572
334 937
525 413
812 562
734 648
221 808
816 686
626 594
886 813
911 720
48 14
285 586
313 264
498 736
844 679
728 106
613 336
922 353
803 589
701 171
756 833
801 639
530 823
590 651
187 254
36 493
101 11
278 486
36 608
467 179
698 123
844 8
866 43
530 280
258 261
404 453
875 70
815 361
136 191
396 79
92 716
109 205
492 753
797 320
404 380
799 915
196 910
262 16
98 847
531 672
229 298
567 371
870 839
16 641
218 824
534 910
607 485
488 39
363 76
151 361
64 84
684 104
788 429
321 541
652 59
766 738
358 653
409 547
691 801
465 577
431 500
228 749
491 258
53 429
820 883
265 188
597 315
109 898
407 71
666 399
723 694
265 233
774 911
654 297
638 856
839 603
606 836
617 537
169 808
705 85
597 302
828 539
335 419
868 28
366 704
897 429
797 132
205 817
678 165
309 707
668 644
32 352
9 415
552 79
870 144
478 681
278 800
330 376
157 400
255 846
836 283
636 915
349 743
523 834
820 689
484 88
784 715
575 726
136 48
364 934
642 929
638 198
668 768
406 771
263 746
684 760
769 44
99 21
862 778
265 111
477 44
166 664
445 309
828 463
503 270
89 770
173 499
617 118
598 823
102 208
646 706
100 30
163 621
323 53
126 406
912 344
701 581
18 116
216 76
459 341
825 893
149 738
52 929
939 812
838 923
569 803
862 59
735 646
227 790
874 47
897 251
719 519
303 728
793 806
472 446
381 94
605 457
614 728
904 77
168 341
773 943
614 187
967 1813 847
357 867
574 184
159 673
231 339
90 645
521 616
937 399
200 95
604 501
967 739
458 5
92 233
31 826
887 693
170 849
139 81
258 484
451 274
219 328
824 431
924 171
513 448
417 196
895 633
634 613
553 369
36 370
418 546
313 668
877 213
59 687
799 740
812 783
748 570
11 499
27 533
547 931
859 896
606 289
774 18
910 585
459 160
422 637
894 294
550 99
134 844
250 791
512 568
920 750
624 484
561 704
142 317
337 927
48 758
8 802
173 566
411 280
13 487
964 570
8 208
208 278
173 445
445 101
422 454
454 238
624 272
272 278
604 239
239 401
561 503
503 667
459 800
800 699
894 721
721 101
512 220
220 657
964 270
270 699
895 268
268 278
8 598
598 579
967 399
399 515
159 140
140 137
411 825
825 893
964 332
332 137
219 665
665 214
887 125
125 956
36 507
507 238
920 959
959 963
877 108
108 732
451 672
672 847
142 872
872 238
48 577
577 174
920 251
251 216
92 584
584 699
250 731
731 278
774 564
564 965
937 166
166 141
887 318
318 573
411 330
330 827
458 789
789 228
553 556
556 101
574 651
651 893
59 921
921 732
31 567
567 893
411 300
300 760
606 717
717 847
13 162
162 214
967 873
873 238
92 432
432 714
92 352
352 214
924 879
879 228
134 953
953 589
561 566
566 893
48 587
587 589
48 463
463 97
937 12
12 128
512 850
850 573
748 351
351 68
924 63
63 536
231 617
617 527
924 639
639 851
458 302
302 536
313 483
483 401
411 918
918 401
910 886
886 216
574 485
485 657
634 407
407 271
90 538
538 42
36 588
588 609
27 135
135 127
606 290
290 515
812 636
636 214
90 640
640 68
134 393
393 851
231 382
382 714
134 157
157 97
219 204
204 699
11 554
554 401
964 773
773 214
824 329
329 102
547 64
64 174
799 56
56 589
313 594
594 963
36 207
207 843
824 496
496 822
59 15
15 238
313 960
960 214
142 260
260 536
547 612
612 760
417 919
919 732
200 884
884 145
418 306
306 874
92 837
837 847
159 153
153 957
411 155
155 101
937 218
218 42
812 274
274 843
550 616
616 238
964 519
519 216
604 785
785 141
634 585
585 722
859 857
857 145
553 178
178 527
624 303
303 732
924 348
348 714
550 233
233 714
513 603
603 609
924 468
468 401
910 129
129 145
313 532
532 238
258 150
150 579
799 356
356 394
48 83
83 965
910 807
807 527
200 791
791 73
31 581
581 128
924 535
535 228
357 860
860 482
937 336
336 482
200 267
267 515
512 546
546 221
910 497
497 101
36 358
358 482
920 511
511 843
459 232
232 627
895 421
421 874
458 502
502 573
574 520
520 221
604 821
821 68
337 430
430 847
173 891
891 117
937 349
349 893
418 675
675 128
561 642
642 106
36 912
912 579
411 448
448 106
357 230
230 808
422 654
654 238
634 362
362 106
8 829
829 893
134 505
505 627
512 517
517 42
887 359
359 957
877 562
562 338
258 777
777 394
634 110
110 214
521 955
955 527
170 888
888 137
139 486
486 957
859 409
409 732
219 518
518 843
895 21
21 401
458 24
24 221
8 909
909 722
142 764
764 722
313 126
126 117
8 465
465 174
624 898
898 238
258 916
916 579
134 209
209 851
513 365
365 482
553 138
138 732
31 608
608 728
142 34
34 710
604 118
118 482
8 900
900 722
8 673
673 73
624 211
211 214
48 834
834 141
634 442
442 965
173 526
526 589
422 95
95 101
231 678
678 699
774 782
782 68
937 720
720 72
173 177
177 401
173 61
61 589
512 241
241 956
877 670
670 214
11 629
629 657
895 426
426 106
250 109
109 710
521 171
171 579
36 328
328 843
159 67
67 627
624 381
381 743
634 389
389 228
964 623
623 965
36 613
613 589
411 353
353 72
418 841
841 732
357 243
243 808
553 282
282 515
937 481
481 221
937 638
638 710
895 491
491 68
36 737
737 965
313 215
215 102
139 132
132 42
250 291
291 657
258 655
655 42
231 264
264 72
48 172
172 609
451 361
361 42
90 235
235 73
812 908
908 141
250 52
52 128
250 428
428 238
173 534
534 343
451 305
305 589
748 741
741 221
748 697
697 137
417 666
666 216
937 424
424 238
11 713
713 536
910 759
759 221
422 471
471 527
59 276
276 874
139 749
749 714
90 784
784 811
250 690
690 72
92 954
954 221
13 96
96 714
895 91
91 667
924 836
836 238
31 542
542 963
887 371
371 278
748 592
592 808
774 222
222 827
200 403
403 579
170 952
952 174
967 385
385 141
451 279
279 73
967 405
405 963
13 610
610 657
877 823
823 847
604 509
509 214
634 682
682 627
634 315
315 732
964 307
307 743
774 838
838 97
11 187
187 174
90 863
863 338
134 931
931 728
36 950
950 174
459 263
263 743
231 677
677 228
748 633
633 527
937 425
425 957
173 718
718 579
357 149
149 843
411 295
295 965
550 269
269 609
604 217
217 174
219 500
500 394
48 121
121 843
604 947
947 728
337 379
379 728
799 324
324 699
142 725
725 573
90 182
182 808
547 2
2 141
937 80
80 72
824 333
333 822
920 881
881 847
634 438
438 573
90 308
308 343
799 404
404 238
799 100
100 401
337 10
10 956
824 797
797 214
170 44
44 228
547 236
236 657
417 50
50 482
337 813
813 127
748 708
708 956
418 637
637 609
799 576
576 710
937 433
433 216
139 539
539 893
13 412
412 221
604 32
32 710
967 19
19 589
895 948
948 97
910 281
281 73
170 571
571 811
964 156
156 73
200 858
858 101
8 388
388 657
895 917
917 851
134 869
869 482
604 763
763 573
142 136
136 117
606 311
311 338
11 802
802 847
606 941
941 965
173 650
650 714
13 504
504 847
13 301
301 811
90 312
312 97
357 649
649 589
219 292
292 401
48 653
653 145
59 866
866 137
887 469
469 102
937 939
939 278
748 531
531 743
550 719
719 847
8 479
479 338
799 194
194 145
550 240
240 216
8 487
487 343
799 151
151 827
92 14
14 97
561 98
98 101
36 706
706 278
231 321
321 106
11 413
413 811
357 419
419 710
31 614
614 174
513 689
689 573
606 49
49 145
604 3
3 137
417 283
283 102
8 545
545 527
411 99
99 68
859 449
449 127
170 408
408 667
547 354
354 344
910 904
904 527
11 835
835 627
967 762
762 847
357 28
28 743
142 867
867 722
170 619
619 73
967 225
225 722
36 297
297 822
48 66
66 515
513 870
870 141
8 167
167 343
824 492
492 101
139 862
862 221
313 842
842 401
561 779
779 145
59 902
902 714
887 615
615 216
606 618
618 127
964 514
514 145
812 456
456 851
547 287
287 957
574 467
467 73
574 112
112 73
634 815
815 527
90 635
635 851
90 929
929 344
357 795
795 728
142 165
165 221
799 864
864 221
894 568
568 847
859 420
420 874
521 656
656 847
139 544
544 822
458 327
327 957
799 255
255 338
937 58
58 145
11 93
93 271
748 746
746 482
451 202
202 722
513 707
707 73
887 193
193 127
604 414
414 843
964 794
794 732
812 206
206 97
159 692
692 394
513 868
868 527
937 384
384 847
967 933
933 141
250 611
611 714
799 364
364 73
606 865
865 278
895 901
901 527
11 914
914 174
894 335
335 963
604 605
605 957
357 935
935 221
812 602
602 141
799 684
684 579
894 705
705 957
634 476
476 127
31 727
727 102
173 85
85 137
937 510
510 73
550 124
124 722
799 176
176 102
139 396
396 579
812 923
923 72
36 273
273 97
422 641
641 338
458 390
390 174
967 203
203 515
258 309
309 228
170 277
277 338
313 796
796 536
748 175
175 216
90 523
523 338
521 298
298 728
967 169
169 145
924 798
798 72
553 787
787 714
357 477
477 714
887 951
951 238
59 94
94 722
967 195
195 609
604 805
805 527
27 590
590 216
173 435
435 394
521 552
552 963
337 632
632 72
606 664
664 874
624 962
962 106
859 878
878 536
170 647
647 174
513 489
489 627
604 380
380 97
799 70
70 42
812 447
447 874
774 184
184 851
59 188
188 956
824 861
861 338
895 185
185 760
36 4
4 589
36 801
801 137
411 853
853 609
910 439
439 401
337 772
772 338
200 903
903 73
92 712
712 102
142 429
429 482
11 621
621 963
748 201
201 963
417 317
317 573
774 716
716 106
337 660
660 871
459 198
198 482
27 57
57 536
417 506
506 667
604 341
341 732
200 22
22 145
547 130
130 278
894 84
84 117
142 288
288 874
313 817
817 714
512 190
190 728
36 18
18 174
159 33
33 714
887 771
771 527
458 897
897 127
90 560
560 657
231 679
679 117
459 533
533 102
250 402
402 843
451 572
572 760
887 484
484 401
937 932
932 811
604 189
189 42
547 158
158 956
134 342
342 117
967 310
310 238
31 466
466 228
418 46
46 174
337 906
906 874
313 788
788 710
48 622
622 732
604 890
890 228
877 683
683 401
550 423
423 536
910 645
645 893
8 54
54 141
357 275
275 536
967 498
498 722
13 355
355 851
250 453
453 874
964 74
74 117
8 745
745 760
812 115
115 732
774 183
183 536
561 758
758 127
173 723
723 101
574 806
806 808
574 334
334 728
910 846
846 482
59 631
631 482
553 296
296 42
417 596
596 238
280 893
574 160
160 657
92 715
715 699
604 437
437 137
574 830
830 722
624 299
299 174
159 107
107 714
774 686
686 699
812 643
643 893
634 446
446 482
173 161
161 732
859 934
934 728
606 116
116 710
937 525
525 956
877 152
152 221
561 375
375 732
513 575
575 128
910 88
88 221
513 522
522 963
859 441
441 667
547 832
832 657
521 883
883 101
799 940
940 609
258 245
245 394
967 71
71 893
774 926
926 216
824 501
501 68
159 470
470 827
134 259
259 127
799 766
766 732
553 625
625 145
13 43
43 965
36 163
163 515
604 856
856 515
200 563
563 710
877 223
223 515
634 286
286 338
250 319
319 228
458 105
105 657
250 739
739 97
561 792
792 145
459 82
82 68
90 726
726 760
624 77
77 827
11 1
1 965
910 730
730 874
159 528
528 760
574 911
911 714
895 363
363 394
59 752
752 728
887 767
767 72
422 87
87 808
887 628
628 699
159 662
662 827
11 320
320 893
634 475
475 72
313 366
366 871
574 961
961 141
920 81
81 42
624 431
431 573
920 345
345 343
895 472
472 847
13 966
966 515
417 601
601 589
31 793
793 117
59 942
942 847
877 494
494 811
553 855
855 957
910 23
23 871
748 41
41 811
859 154
154 527
258 249
249 536
774 688
688 822
513 224
224 216
8 7
7 699
561 237
237 827
561 949
949 871
748 246
246 338
967 199
199 667
967 119
119 714
877 37
37 579
799 738
738 228
859 770
770 394
458 65
65 827
173 480
480 344
859 461
461 957
139 123
123 338
411 9
9 874
937 443
443 145
48 595
595 401
59 652
652 573
574 254
254 128
634 803
803 851
920 555
555 871
250 734
734 722
170 372
372 579
634 676
676 68
337 113
113 827
561 781
781 228
624 814
814 699
250 38
38 728
550 537
537 482
859 6
6 657
459 889
889 710
250 754
754 394
924 346
346 238
521 398
398 278
59 852
852 216
337 524
524 871
458 373
373 722
142 146
146 216
173 378
378 609
173 831
831 102
90 383
383 851
142 630
630 238
13 620
620 843
920 212
212 127
774 210
210 101
748 244
244 728
258 591
591 216
337 350
350 627
967 266
266 760
337 460
460 589
937 284
284 73
13 186
186 667
512 508
508 847
964 558
558 714
894 704
704 843
313 490
490 536
459 946
946 627
59 304
304 228
451 253
253 145
48 450
450 957
550 370
370 893
11 529
529 963
574 693
693 228
458 427
427 338
139 658
658 42
547 751
751 174
634 20
20 72
574 488
488 732
561 761
761 338
748 668
668 722
231 586
586 106
604 25
25 589
313 945
945 343
139 316
316 851
574 164
164 573
142 744
744 573
11 659
659 579
48 499
499 627
451 410
410 851
574 644
644 401
920 252
252 515
11 626
626 141
521 265
265 42
422 47
47 221
458 213
213 238
231 326
326 847
624 143
143 874
458 750
750 73
200 736
736 68
8 569
569 728
812 368
368 732
139 181
181 627
937 765
765 722
11 701
701 589
139 227
227 401
92 30
30 271
513 549
549 811
887 740
740 827
139 816
816 221
748 778
778 527
11 247
247 573
139 854
854 589
418 896
896 627
553 698
698 72
604 599
599 221
574 234
234 221
134 648
648 722
895 882
882 710
547 839
839 822
48 928
928 145
550 261
261 174
812 289
289 102
634 711
711 394
748 938
938 657
513 131
131 627
219 86
86 117
624 285
285 73
910 747
747 401
13 597
597 344
219 669
669 732
624 53
53 343
624 416
416 874
604 180
180 743
920 663
663 228
964 376
376 401
748 790
790 214
357 844
844 102
337 583
583 68
13 674
674 871
521 570
570 72
547 661
661 956
59 709
709 851
90 17
17 271
142 593
593 97
910 114
114 811
48 905
905 101
561 548
548 106
799 457
457 42
417 462
462 482
8 148
148 271
418 434
434 893
859 89
89 117
13 226
226 102
134 103
103 956
521 702
702 394
8 922
922 73
159 444
444 238
459 735
735 73
859 168
168 760
547 294
294 956
36 580
580 609
418 925
925 394
895 76
76 117
92 340
340 573
877 39
39 137
606 322
322 699
59 367
367 73
250 756
756 515
561 775
775 579
27 400
400 338
634 880
880 68
859 397
397 760
774 769
769 956
451 694
694 579
512 551
551 732
142 192
192 536
231 724
724 221
859 944
944 579
417 943
943 743
859 331
331 847
634 229
229 965
553 26
26 527
910 753
753 732
313 848
848 228
547 40
40 137
458 907
907 871
92 45
45 827
13 559
559 843
894 392
392 216
553 530
530 760
512 757
757 822
937 440
440 271
895 495
495 97
550 646
646 822
159 930
930 808
799 600
600 893
799 703
703 145
422 374
374 106
634 377
377 101
258 685
685 72
11 681
681 536
159 464
464 874
513 133
133 710
459 927
927 515
606 578
578 73
250 783
783 101
411 256
256 743
967 29
29 573
859 913
913 871
258 936
936 627
258 810
810 278
250 755
755 101
451 840
840 956
748 826
826 710
513 55
55 238
313 768
768 579
250 473
473 609
812 493
493 808
812 257
257 874
553 391
391 760
422 516
516 97
799 892
892 871
59 804
804 101
937 809
809 394
887 406
406 699
924 875
875 106
574 262
262 128
924 729
729 871
458 742
742 174
159 387
387 128
547 958
958 609
937 691
691 216
859 5
5 847
8 325
325 963
458 75
75 174
27 786
786 401
859 323
323 847
604 369
369 760
13 51
51 589
313 293
293 127
458 179
179 73
417 436
436 732
799 16
16 699
27 915
915 743
11 478
478 128
231 415
415 106
521 849
849 714
606 69
69 956
231 144
144 536
250 360
360 956
877 104
104 127
553 35
35 42
417 79
79 956
142 899
899 811
458 205
205 843
877 386
386 137
910 733
733 228
748 120
120 728
219 828
828 732
159 541
541 145
910 242
242 145
624 557
557 515
547 111
111 141
521 833
833 722
231 474
474 145
313 776
776 847
774 696
696 394
574 700
700 573
967 540
540 482
231 565
565 956
895 543
543 573
8 62
62 579
887 680
680 579
159 395
395 482
142 582
582 808
894 820
820 141
422 196
196 238
512 671
671 394
357 197
197 811
748 607
607 811
31 314
314 228
90 339
339 609
459 122
122 128
36 876
876 73
824 819
819 843
458 78
78 847
90 845
845 106
219 687
687 843
92 147
147 573
964 347
347 714
887 818
818 72
142 248
248 657
920 885
885 589
411 191
191 722
159 452
452 72
92 780
780 743
159 60
60 145
90 695
695 657
513 455
455 216
369 579
154 589
780 271
466 760
180 957
358 627
454 827
682 102
966 714
586 808
914 893
787 965
233 732
70 743
777 238
478 174
182 536
592 214
307 278
178 68
932 710
374 657
289 401
715 117
909 97
524 73
966 609
340 728
776 722
376 847
493 106
265 515
572 956
628 851
50 343
463 221
280 843
577 128
429 963
35 394
800 811
818 822
477 141
654 42
785 482
551 527
927 72
475 216
757 344
454 127
476 145
320 871
646 137
542 228
191 874
58 699
421 573
688 667
395 101
988 1917 887
118 827
322 371
983 864
981 582
840 987
30 324
917 349
601 776
112 120
70 460
263 357
407 334
332 171
562 722
417 137
271 96
813 526
619 782
623 500
198 475
616 924
114 1
803 132
266 385
153 376
422 94
308 557
647 519
358 933
645 473
27 108
540 922
85 152
426 563
3 885
183 904
227 569
110 355
602 286
610 605
446 92
301 521
454 788
159 466
642 194
565 613
316 24
649 39
961 822
307 560
249 582
242 858
15 142
21 731
941 106
448 93
459 432
688 966
329 14
754 18
437 428
597 473
470 713
375 874
406 408
439 836
725 681
840 149
149 107
565 66
66 969
623 808
808 488
316 55
55 405
754 621
621 51
159 860
860 368
15 781
781 368
840 945
945 766
15 605
605 300
301 980
980 841
470 201
201 232
601 894
894 694
448 517
517 568
301 90
90 618
316 128
128 223
271 49
49 495
688 735
735 495
597 202
202 125
249 566
566 488
961 205
205 673
417 533
533 368
329 743
743 123
725 535
535 232
725 380
380 164
961 115
115 129
332 87
87 969
266 82
82 71
454 200
200 665
725 732
732 164
448 105
105 164
448 507
507 401
725 909
909 359
813 260
260 401
159 440
440 246
725 285
285 129
153 397
397 125
70 283
283 673
459 443
443 618
271 709
709 908
623 525
525 673
426 949
949 78
159 906
906 757
422 312
312 78
917 742
742 351
426 237
237 405
110 764
764 129
454 305
305 268
307 739
739 841
329 856
856 223
917 184
184 246
459 796
796 793
266 162
162 673
375 859
859 488
375 944
944 351
597 982
982 452
813 576
576 129
85 569
569 351
322 240
240 488
70 25
25 452
406 189
189 673
332 755
755 359
15 190
190 268
21 236
236 125
446 714
714 960
417 83
83 568
917 355
355 618
159 683
683 665
417 678
678 268
840 37
37 841
840 681
681 969
803 979
979 401
15 170
170 694
446 166
166 51
322 884
884 908
242 617
617 78
422 560
560 351
27 962
962 123
437 919
919 960
610 216
216 300
565 457
457 495
562 874
874 969
15 244
244 123
183 80
80 793
27 871
871 766
446 590
590 841
981 150
150 164
263 929
929 618
813 41
41 359
406 67
67 51
3 127
127 223
647 56
56 673
448 788
788 223
263 379
379 488
263 543
543 223
110 805
805 793
562 6
6 960
308 631
631 71
30 933
933 368
565 758
758 164
118 855
855 452
426 395
395 730
597 776
776 129
266 967
967 452
301 331
331 123
110 474
474 246
813 138
138 107
623 548
548 495
153 804
804 223
308 970
970 841
619 136
136 665
562 349
349 71
27 915
915 694
249 293
293 164
597 179
179 125
308 921
921 300
439 834
834 766
198 715
715 223
153 282
282 405
981 425
425 452
85 761
761 618
562 633
633 618
649 953
953 223
983 550
550 123
602 835
835 495
422 502
502 268
725 438
438 359
941 109
109 223
983 552
552 123
322 640
640 78
803 726
726 51
263 243
243 71
110 558
558 223
437 77
77 351
983 511
511 268
688 573
573 300
114 853
853 368
426 895
895 71
110 10
10 351
448 46
46 129
602 498
498 123
470 317
317 401
249 609
609 766
565 197
197 78
647 581
581 51
30 939
939 405
70 72
72 568
941 32
32 129
840 333
333 359
301 361
361 300
619 845
845 405
645 703
703 246
754 321
321 300
446 668
668 51
562 635
635 665
112 38
38 71
322 889
889 71
446 180
180 78
422 416
416 359
70 222
222 495
322 413
413 568
426 873
873 129
981 291
291 568
110 819
819 452
159 632
632 164
454 608
608 495
616 40
40 766
645 988
988 246
308 475
475 107
375 275
275 568
118 702
702 405
301 773
773 618
619 851
851 495
623 203
203 960
307 928
928 246
329 458
458 908
407 281
281 793
118 869
869 730
417 849
849 71
307 486
486 71
183 881
881 673
448 451
451 232
610 589
589 129
242 515
515 78
459 233
233 665
3 611
611 969
470 848
848 300
439 888
888 123
322 464
464 232
647 722
722 495
642 549
549 246
110 473
473 51
754 313
313 223
30 578
578 405
153 299
299 71
110 922
922 488
981 864
864 730
358 69
69 351
266 340
340 452
725 527
527 495
114 907
907 452
803 431
431 841
448 720
720 495
597 414
414 969
417 364
364 359
645 362
362 793
85 31
31 351
112 809
809 841
417 391
391 268
917 100
100 908
941 986
986 757
422 436
436 351
358 904
904 730
308 902
902 246
917 352
352 908
983 298
298 246
597 347
347 908
307 886
886 960
725 231
231 268
645 412
412 129
27 820
820 568
917 13
13 766
840 456
456 107
271 311
311 129
983 890
890 730
981 330
330 960
358 152
152 673
249 924
924 107
316 555
555 51
375 273
273 960
198 250
250 730
114 33
33 766
917 514
514 107
725 599
599 568
540 171
171 129
322 252
252 71
619 465
465 123
565 121
121 969
316 195
195 164
332 267
267 164
183 26
26 51
301 54
54 368
645 708
708 452
642 376
376 618
725 157
157 123
407 816
816 694
332 716
716 757
21 704
704 730
616 24
24 351
754 17
17 673
446 644
644 246
597 637
637 351
159 900
900 78
649 248
248 51
647 777
777 694
470 235
235 351
21 630
630 246
439 696
696 618
459 587
587 488
623 794
794 51
917 625
625 123
565 931
931 495
159 974
974 730
85 211
211 908
619 14
14 107
249 287
287 125
358 73
73 51
112 806
806 673
301 489
489 51
316 667
667 359
610 169
169 359
21 948
948 488
540 571
571 405
263 892
892 730
459 927
927 673
21 501
501 665
813 752
752 351
198 538
538 405
27 671
671 730
110 264
264 694
840 872
872 401
332 670
670 495
562 238
238 488
110 839
839 452
446 821
821 51
21 768
768 129
3 863
863 969
941 145
145 125
647 964
964 129
623 613
613 107
301 778
778 673
459 817
817 368
597 334
334 125
961 393
393 71
426 797
797 568
266 825
825 766
332 826
826 268
112 737
737 673
118 604
604 757
21 553
553 568
375 239
239 123
470 686
686 401
15 710
710 51
332 258
258 51
153 12
12 125
454 499
499 359
459 763
763 730
540 925
925 495
21 381
381 618
645 432
432 665
448 729
729 960
602 304
304 568
406 61
61 568
114 563
563 107
623 378
378 368
27 342
342 452
30 411
411 300
981 292
292 51
597 481
481 71
754 838
838 793
27 327
327 960
27 854
854 359
27 196
196 300
27 545
545 730
645 957
957 673
602 567
567 107
454 254
254 730
446 434
434 757
70 740
740 488
437 450
450 78
459 449
449 123
263 447
447 757
153 345
345 452
688 641
641 841
688 536
536 125
448 770
770 78
112 88
88 730
322 461
461 730
110 965
965 78
803 95
95 568
917 403
403 495
358 905
905 673
562 140
140 969
602 213
213 969
27 799
799 351
540 306
306 730
110 978
978 123
417 818
818 793
983 370
370 665
407 878
878 300
322 858
858 969
813 903
903 618
153 336
336 129
85 603
603 452
266 695
695 673
840 294
294 568
840 579
579 164
623 34
34 960
540 877
877 793
448 455
455 125
645 767
767 730
983 400
400 488
316 208
208 164
110 829
829 405
85 791
791 351
649 719
719 960
15 505
505 359
271 676
676 452
198 484
484 452
242 280
280 960
597 544
544 359
623 531
531 232
308 582
582 452
406 261
261 673
645 595
595 164
110 738
738 488
322 679
679 618
406 636
636 568
85 723
723 107
3 50
50 164
601 769
769 164
85 168
168 129
70 192
192 359
616 760
760 71
110 772
772 841
422 22
22 665
417 272
272 78
642 786
786 51
3 394
394 300
30 643
643 268
642 18
18 766
647 711
711 246
981 506
506 71
308 628
628 359
426 478
478 969
27 537
537 495
623 624
624 495
983 209
209 125
3 323
323 232
159 108
108 246
70 151
151 246
249 707
707 730
266 310
310 246
70 920
920 123
454 4
4 51
562 191
191 908
422 899
899 908
725 687
687 164
688 469
469 405
619 968
968 359
754 367
367 268
21 942
942 164
322 84
84 969
459 976
976 568
183 713
713 766
597 712
712 908
329 862
862 757
437 103
103 401
601 692
692 766
649 546
546 452
540 42
42 71
565 932
932 730
110 344
344 51
301 795
795 107
332 782
782 618
3 950
950 908
597 419
419 368
446 512
512 107
983 728
728 969
308 383
383 452
15 887
887 618
645 650
650 673
301 977
977 908
562 912
912 51
597 880
880 51
266 492
492 665
616 577
577 665
271 823
823 123
249 626
626 969
725 510
510 488
981 102
102 368
562 539
539 694
619 350
350 969
983 898
898 359
439 564
564 129
961 160
160 51
332 247
247 246
422 320
320 359
249 318
318 71
803 893
893 694
198 186
186 960
407 265
265 568
308 135
135 129
565 718
718 793
266 460
460 232
271 485
485 452
917 833
833 694
271 622
622 129
917 204
204 78
407 111
111 300
249 572
572 300
840 583
583 268
329 229
229 268
446 188
188 495
448 918
918 405
619 399
399 268
316 234
234 618
118 745
745 71
329 354
354 452
407 210
210 223
242 163
163 665
322 612
612 78
21 173
173 793
619 901
901 969
437 117
117 841
15 615
615 78
642 433
433 268
565 357
357 568
459 5
5 123
316 57
57 618
322 60
60 125
565 847
847 268
649 812
812 123
114 256
256 960
437 119
119 107
21 278
278 488
565 427
427 618
983 584
584 766
249 214
214 123
470 811
811 51
307 523
523 300
981 363
363 908
249 274
274 223
112 736
736 368
249 410
410 694
329 382
382 960
271 861
861 125
15 542
542 51
329 482
482 568
417 218
218 969
470 245
245 568
426 780
780 51
70 146
146 164
249 875
875 125
941 662
662 452
85 387
387 618
271 113
113 78
941 975
975 405
422 984
984 268
30 534
534 123
725 430
430 665
70 784
784 268
446 614
614 405
406 675
675 368
249 669
669 78
329 182
182 793
446 480
480 495
406 591
591 960
159 341
341 568
642 296
296 246
308 156
156 960
118 315
315 618
153 75
75 452
813 867
867 401
642 747
747 452
983 646
646 71
961 253
253 673
21 844
844 401
407 429
429 757
597 721
721 452
470 335
335 368
375 963
963 673
266 360
360 164
407 221
221 841
85 276
276 766
459 43
43 665
649 257
257 665
647 682
682 300
602 366
366 107
21 424
424 246
159 832
832 401
983 471
471 351
562 926
926 841
983 685
685 125
153 7
7 123
85 727
727 125
15 516
516 766
540 92
92 129
813 343
343 495
470 29
29 232
271 934
934 568
813 487
487 793
332 559
559 125
917 594
594 51
439 423
423 618
159 774
774 232
813 842
842 766
198 76
76 730
329 124
124 841
454 2
2 793
417 680
680 246
27 389
389 51
70 339
339 123
422 64
64 107
470 338
338 452
602 302
302 300
307 865
865 694
446 938
938 125
601 882
882 246
249 896
896 665
754 677
677 107
981 194
194 969
941 792
792 71
437 529
529 793
375 913
913 359
316 585
585 164
307 779
779 232
21 224
224 246
602 659
659 125
183 396
396 665
332 574
574 841
118 228
228 401
619 303
303 405
406 133
133 618
642 442
442 665
375 28
28 405
803 63
63 359
754 193
193 694
619 697
697 405
437 409
409 488
15 167
167 452
263 11
11 488
619 120
120 969
307 503
503 359
422 746
746 223
983 185
185 351
118 807
807 969
70 508
508 908
118 421
421 125
645 985
985 71
645 701
701 757
307 783
783 51
754 384
384 300
602 883
883 164
448 698
698 405
332 259
259 730
198 652
652 960
562 850
850 107
301 420
420 71
961 836
836 78
329 445
445 960
15 98
98 960
30 262
262 368
375 653
653 351
249 606
606 673
198 870
870 71
470 973
973 618
227 936
936 71
406 16
16 51
21 828
828 793
803 651
651 368
375 154
154 568
446 547
547 618
426 251
251 452
249 101
101 793
813 937
937 405
112 428
428 123
597 580
580 673
439 935
935 123
316 620
620 368
30 500
500 766
263 116
116 223
422 207
207 673
840 86
86 78
597 309
309 71
422 731
731 71
118 444
444 51
307 79
79 495
118 509
509 232
110 441
441 673
70 852
852 908
470 490
490 129
332 230
230 359
983 830
830 757
406 940
940 757
407 598
598 495
623 279
279 164
688 374
374 129
642 58
58 618
159 93
93 125
803 524
524 351
459 765
765 841
645 176
176 405
153 269
269 71
316 951
951 694
647 165
165 757
601 734
734 793
917 724
724 368
623 575
575 960
198 831
831 618
961 143
143 488
422 346
346 246
470 520
520 223
597 398
398 568
198 418
418 766
329 369
369 694
263 68
68 495
840 634
634 969
437 876
876 488
153 930
930 452
322 241
241 164
649 148
148 495
183 519
519 246
322 356
356 969
70 911
911 223
725 139
139 51
15 94
94 125
198 959
959 107
619 733
733 232
249 1
1 757
602 65
65 969
322 700
700 300
725 99
99 123
941 53
53 568
645 521
521 300
417 846
846 673
619 385
385 841
70 753
753 359
448 277
277 452
813 402
402 495
308 771
771 495
649 530
530 268
597 290
290 125
446 600
600 495
198 946
946 665
454 750
750 268
112 532
532 766
266 762
762 223
562 377
377 359
30 629
629 268
616 174
174 164
21 789
789 129
375 371
371 841
983 479
479 665
983 955
955 488
459 35
35 694
375 415
415 164
439 966
966 300
439 144
144 232
114 319
319 618
459 326
326 223
242 657
657 164
417 837
837 452
27 131
131 368
322 759
759 223
917 798
798 694
85 493
493 232
21 790
790 757
619 690
690 351
725 328
328 495
407 314
314 268
3 19
19 618
3 593
593 401
407 987
987 969
446 810
810 78
15 952
952 268
649 8
8 123
446 91
91 232
322 435
435 405
426 466
466 246
249 177
177 268
645 353
353 78
446 130
130 793
70 518
518 368
227 958
958 757
426 627
627 841
159 497
497 841
112 392
392 969
249 648
648 129
266 866
866 495
426 561
561 71
242 513
513 495
358 596
596 71
249 751
751 452
454 706
706 71
332 483
483 766
642 674
674 164
459 586
586 164
308 388
388 51
941 476
476 969
358 661
661 766
437 96
96 495
448 284
284 300
803 270
270 123
263 491
491 618
983 741
741 488
329 607
607 300
426 787
787 757
329 528
528 757
941 122
122 123
227 390
390 164
307 472
472 730
114 104
104 793
70 748
748 766
941 74
74 129
649 175
175 841
642 666
666 960
446 181
181 673
754 220
220 618
803 956
956 123
688 59
59 730
562 142
142 793
159 504
504 78
647 81
81 618
21 373
373 694
227 879
879 223
725 199
199 164
983 325
325 300
249 655
655 673
917 288
288 841
198 824
824 368
112 187
187 246
649 639
639 368
813 137
137 123
30 36
36 51
375 947
947 125
610 324
324 908
649 348
348 452
358 408
408 246
407 404
404 757
332 801
801 51
426 868
868 969
159 541
541 665
649 386
386 694
649 212
212 618
417 972
972 359
358 39
39 129
437 97
97 268
961 132
132 665
448 570
570 568
263 155
155 232
307 255
255 673
961 45
45 123
308 522
522 129
601 106
106 401
688 664
664 568
454 286
286 268
70 158
158 730
30 161
161 730
459 477
477 488
183 910
910 125
249 526
526 488
183 557
557 405
159 971
971 766
597 775
775 123
446 592
592 908
803 891
891 673
470 551
551 401
153 494
494 78
601 372
372 488
114 556
556 730
406 147
147 401
271 717
717 405
329 785
785 757
602 923
923 757
110 217
217 969
301 126
126 129
602 62
62 78
803 463
463 960
332 827
827 730
308 467
467 908
602 141
141 232
961 744
744 129
601 554
554 969
198 815
815 223
642 289
289 793
917 800
800 969
407 914
914 488
961 843
843 618
647 219
219 766
159 699
699 793
597 814
814 401
301 89
89 78
242 178
178 969
406 663
663 125
159 365
365 730
112 226
226 300
725 297
297 969
227 215
215 757
448 857
857 488
601 672
672 969
307 916
916 223
85 295
295 793
941 48
48 673
446 705
705 793
3 496
496 368
198 206
206 107
454 658
658 495
183 689
689 71
118 23
23 495
242 47
47 107
417 684
684 300
227 691
691 401
332 885
885 960
688 44
44 78
112 134
134 368
961 172
172 757
446 453
453 125
981 897
897 125
153 802
802 125
688 693
693 300
562 337
337 495
183 954
954 78
540 638
638 694
85 9
9 908
271 943
943 405
840 588
588 841
263 20
20 495
329 468
468 405
112 822
822 125
406 756
756 730
249 52
52 125
30 654
654 401
271 749
749 488
597 660
660 665
198 462
462 368
153 225
225 123
961 656
656 268
791 107
820 164
853 268
245 495
979 665
295 71
312 232
864 757
433 694
541 300
270 568
378 618
718 351
785 908
388 452
238 359
65 401
476 841
204 766
50 78
142 730
18 125
655 960
50 129
130 368
900 488
753 123
861 793
755 969
362 673
736 246
318 405
217 223
780 664
470 912
983 276
520 664
602 291
887 116
526 401
49 828
517 155
569 86
628 592
844 841
396 837
498 680
67 306
571 60
239 98
642 613
871 185
644 168
34 187
555 314
636 800
829 441
31 427
582 585
972 246
307 938
482 490
507 644
835 771
653 694
878 946
112 103
820 449
716 366
560 718
133 556
5 705
708 447
364 89
112 77
400 423
989 1941 948
276 188
843 410
237 425
801 570
118 313
8 382
773 23
660 974
38 33
223 744
545 324
380 643
944 385
436 125
304 172
406 434
290 775
213 733
406 337
337 354
118 863
863 547
944 860
860 812
213 339
339 959
213 747
747 727
406 160
160 165
436 158
158 336
545 26
26 583
38 353
353 760
406 167
167 366
118 217
217 950
801 104
104 529
213 709
709 583
213 926
926 897
118 506
506 374
843 495
495 607
38 431
431 957
223 394
394 374
660 427
427 377
801 72
72 284
406 536
536 529
290 782
782 897
843 776
776 957
801 291
291 950
406 9
9 366
944 697
697 813
290 40
40 284
436 671
671 529
660 451
451 727
801 928
928 897
773 804
804 897
380 455
455 374
290 515
515 727
545 783
783 165
406 34
34 813
773 37
37 274
223 355
355 284
223 724
724 812
290 608
608 113
223 478
478 366
944 157
157 377
8 192
192 583
773 150
150 336
276 576
576 372
843 488
488 583
944 684
684 583
436 296
296 727
8 806
806 372
276 128
128 372
436 853
853 813
118 88
88 727
223 565
565 366
304 143
143 812
843 50
50 274
944 238
238 374
237 865
865 284
843 480
480 957
801 467
467 377
843 923
923 529
38 575
575 812
304 6
6 374
304 247
247 727
213 968
968 113
843 18
18 372
237 388
388 760
660 905
905 583
660 256
256 372
406 634
634 583
118 631
631 727
545 700
700 284
223 295
295 941
545 833
833 957
406 736
736 941
380 198
198 165
213 898
898 812
380 386
386 354
944 540
540 377
8 807
807 354
276 245
245 377
773 319
319 547
406 570
570 941
545 313
313 366
304 546
546 113
773 562
562 760
380 36
36 529
545 974
974 284
304 969
969 113
304 504
504 959
843 823
823 529
545 507
507 529
38 528
528 113
8 315
315 583
118 723
723 583
290 769
769 113
773 407
407 607
843 435
435 529
276 938
938 547
223 490
490 813
380 521
521 607
38 30
30 366
380 134
134 366
276 282
282 113
843 268
268 583
545 559
559 812
773 916
916 372
290 781
781 336
773 759
759 113
660 688
688 941
660 593
593 950
38 74
74 374
436 692
692 165
276 362
362 354
38 358
358 165
773 151
151 607
290 881
881 547
660 664
664 366
773 115
115 813
223 98
98 529
380 913
913 284
213 802
802 812
8 917
917 354
8 770
770 336
8 307
307 812
660 915
915 336
660 581
581 372
118 345
345 941
660 111
111 760
436 903
903 354
801 987
987 529
8 201
201 897
38 691
691 959
38 333
333 336
380 181
181 165
8 434
434 274
801 696
696 950
213 137
137 941
290 410
410 727
380 571
571 760
118 838
838 366
773 935
935 274
545 114
114 274
304 970
970 607
8 822
822 959
406 20
20 812
545 657
657 113
843 66
66 813
223 169
169 274
118 48
48 950
406 458
458 354
223 800
800 813
213 306
306 529
237 293
293 366
118 878
878 374
213 97
97 377
801 774
774 897
660 979
979 941
843 183
183 336
660 788
788 354
8 299
299 727
545 103
103 897
276 86
86 336
304 855
855 760
38 471
471 812
8 539
539 354
38 578
578 354
773 11
11 760
843 189
189 959
276 889
889 354
8 69
69 529
660 922
922 377
436 93
93 760
304 326
326 284
237 849
849 957
801 19
19 165
660 375
375 274
290 21
21 607
436 675
675 284
290 77
77 760
660 535
535 950
801 763
763 760
545 29
29 727
304 494
494 284
276 316
316 336
304 674
674 547
38 805
805 812
380 558
558 284
223 563
563 547
380 344
344 727
944 967
967 113
213 955
955 897
304 973
973 607
223 718
718 284
223 363
363 957
290 479
479 354
436 190
190 760
660 263
263 377
290 265
265 897
38 170
170 274
660 327
327 377
118 752
752 336
237 121
121 957
276 343
343 583
118 251
251 372
237 477
477 607
773 175
175 274
276 779
779 607
944 229
229 959
380 945
945 727
213 412
412 165
406 267
267 897
380 679
679 284
118 561
561 941
545 473
473 959
801 109
109 950
304 592
592 583
843 537
537 583
545 883
883 547
406 777
777 812
773 910
910 812
660 554
554 113
944 640
640 377
290 569
569 959
773 597
597 354
660 803
803 284
801 826
826 959
944 876
876 727
944 508
508 113
773 422
422 760
213 164
164 113
237 668
668 113
406 91
91 957
8 882
882 284
290 135
135 377
843 847
847 812
223 594
594 583
276 768
768 727
223 870
870 812
8 859
859 583
380 405
405 372
660 582
582 113
660 5
5 950
118 468
468 366
944 117
117 372
223 617
617 284
237 650
650 547
304 163
163 372
545 585
585 529
276 619
619 583
237 871
871 529
8 942
942 941
773 174
174 165
843 314
314 727
436 52
52 366
8 649
649 547
406 715
715 813
843 845
845 113
213 680
680 813
8 257
257 727
38 648
648 760
380 964
964 529
38 654
654 950
237 323
323 284
276 17
17 366
436 722
722 547
118 381
381 812
276 591
591 760
8 383
383 959
290 735
735 607
223 797
797 366
290 199
199 366
801 450
450 354
801 821
821 959
545 325
325 812
118 132
132 274
304 869
869 113
436 834
834 372
223 484
484 165
660 75
75 529
406 320
320 165
801 623
623 366
8 439
439 354
545 28
28 607
545 469
469 813
38 767
767 372
276 643
643 812
118 32
32 274
843 549
549 165
380 16
16 354
773 195
195 366
276 661
661 377
436 466
466 950
276 418
418 165
213 712
712 812
801 670
670 284
406 929
929 941
290 496
496 813
118 400
400 529
276 428
428 760
223 784
784 354
944 601
601 113
801 616
616 941
380 584
584 607
304 373
373 727
843 652
652 113
118 280
280 727
843 753
753 113
213 927
927 284
380 555
555 950
223 347
347 113
38 756
756 284
436 667
667 113
8 976
976 727
38 432
432 165
276 464
464 607
406 655
655 812
660 896
896 941
213 59
59 354
38 632
632 959
290 85
85 950
223 511
511 941
276 677
677 607
843 832
832 941
843 70
70 812
773 476
476 284
406 152
152 377
237 463
463 897
213 456
456 354
237 396
396 959
290 277
277 813
276 142
142 274
118 162
162 372
8 300
300 941
801 2
2 812
406 273
273 897
773 613
613 607
380 342
342 897
944 231
231 547
237 369
369 959
118 641
641 547
660 208
208 607
660 186
186 959
38 233
233 760
304 714
714 374
213 443
443 897
660 234
234 374
276 15
15 336
223 146
146 760
380 89
89 959
213 218
218 760
380 961
961 372
436 260
260 941
773 73
73 727
304 202
202 760
843 382
382 547
773 690
690 165
944 874
874 583
237 785
785 274
773 329
329 274
801 888
888 941
843 244
244 113
660 909
909 897
436 799
799 813
545 556
556 950
773 105
105 583
436 787
787 897
406 176
176 366
237 639
639 607
660 401
401 366
801 678
678 727
660 854
854 941
213 541
541 372
660 726
726 813
237 560
560 372
213 683
683 529
237 230
230 760
276 348
348 607
223 846
846 547
290 862
862 897
801 596
596 760
801 755
755 760
8 92
92 354
660 57
57 354
545 437
437 812
237 665
665 366
801 108
108 941
304 4
4 813
118 730
730 377
801 638
638 727
38 886
886 336
801 80
80 374
545 746
746 727
290 564
564 547
660 64
64 165
545 662
662 336
276 622
622 374
843 602
602 760
380 962
962 354
406 884
884 813
304 831
831 374
38 53
53 941
406 985
985 377
38 844
844 897
406 253
253 274
436 587
587 284
290 901
901 274
118 235
235 959
406 352
352 354
223 663
663 760
118 130
130 760
944 416
416 950
380 754
754 950
843 101
101 583
801 841
841 374
237 248
248 959
8 978
978 957
436 78
78 374
843 567
567 547
304 287
287 607
545 614
614 165
304 609
609 529
660 598
598 959
38 224
224 583
8 568
568 529
406 933
933 336
213 275
275 354
436 269
269 165
843 856
856 583
304 975
975 529
801 144
144 583
118 711
711 959
660 907
907 284
38 203
203 813
237 266
266 950
545 442
442 547
38 497
497 812
8 868
868 372
8 153
153 377
304 240
240 812
843 322
322 957
8 65
65 274
843 686
686 113
843 734
734 607
436 965
965 165
213 330
330 374
276 178
178 336
290 312
312 336
223 532
532 897
38 579
579 366
801 725
725 274
660 879
879 583
843 703
703 941
406 627
627 760
545 303
303 274
843 55
55 950
213 398
398 727
380 76
76 366
276 837
837 336
545 408
408 950
406 187
187 607
944 133
133 941
944 673
673 354
380 644
644 354
660 851
851 547
8 958
958 354
290 653
653 547
223 110
110 366
545 429
429 547
660 361
361 113
406 41
41 727
944 737
737 529
8 42
42 113
213 906
906 284
843 45
45 284
276 125
125 372
406 106
106 959
304 919
919 897
436 225
225 274
276 817
817 377
436 61
61 113
290 984
984 366
660 766
766 372
213 102
102 897
8 82
82 529
38 828
828 950
380 324
324 284
406 236
236 957
660 552
552 760
237 701
701 897
290 902
902 366
843 491
491 529
843 720
720 897
380 646
646 547
304 509
509 583
38 939
939 812
660 63
63 813
843 475
475 372
660 397
397 374
237 465
465 760
406 123
123 547
38 171
171 372
436 630
630 607
118 250
250 113
213 100
100 366
223 35
35 529
8 241
241 941
8 573
573 366
773 517
517 377
660 357
357 336
545 839
839 950
406 953
953 165
660 13
13 727
380 243
243 727
38 54
54 760
118 520
520 941
436 270
270 354
237 530
530 165
843 433
433 377
290 867
867 529
304 885
885 284
436 305
305 813
436 239
239 374
436 819
819 354
380 977
977 941
304 368
368 377
380 194
194 812
213 829
829 113
237 278
278 941
843 599
599 336
118 989
989 950
118 544
544 950
290 764
764 529
380 71
71 366
801 827
827 377
290 27
27 959
545 921
921 284
660 772
772 950
380 23
23 950
436 791
791 727
436 297
297 377
944 403
403 366
38 748
748 727
944 379
379 529
406 672
672 813
406 534
534 813
436 318
318 941
843 83
83 583
843 932
932 760
380 669
669 354
8 687
687 165
276 835
835 950
38 385
385 274
223 259
259 607
801 738
738 727
304 637
637 760
276 426
426 959
223 197
197 377
801 413
413 113
276 226
226 374
380 414
414 274
223 750
750 813
801 533
533 727
8 522
522 284
406 196
196 941
660 294
294 957
660 145
145 274
276 742
742 897
223 830
830 959
436 389
389 957
545 951
951 113
223 161
161 529
118 96
96 607
8 364
364 812
380 820
820 897
843 502
502 274
406 470
470 813
801 420
420 274
237 376
376 547
118 840
840 284
38 212
212 813
237 472
472 727
843 550
550 941
8 857
857 374
290 713
713 113
223 441
441 813
8 359
359 377
436 706
706 284
436 566
566 354
660 900
900 377
304 842
842 374
213 136
136 583
436 988
988 607
380 526
526 813
8 892
892 727
944 281
281 366
843 445
445 366
436 586
586 941
290 286
286 813
223 880
880 957
406 425
425 812
660 762
762 374
118 395
395 374
276 173
173 813
843 184
184 897
223 636
636 529
436 220
220 354
801 872
872 547
237 249
249 113
223 387
387 957
8 512
512 165
237 524
524 274
843 728
728 547
290 981
981 897
843 461
461 760
660 980
980 941
660 67
67 547
213 719
719 336
8 704
704 377
276 24
24 274
8 551
551 957
773 215
215 727
276 411
411 950
38 332
332 727
118 645
645 165
801 419
419 165
304 624
624 113
801 971
971 583
290 595
595 372
223 107
107 547
545 271
271 607
38 986
986 377
304 39
39 950
237 899
899 897
304 983
983 897
223 46
46 812
380 10
10 354
380 531
531 813
223 154
154 366
304 893
893 274
304 94
94 727
213 351
351 959
118 572
572 372
276 848
848 607
436 120
120 957
801 811
811 374
223 731
731 547
545 647
647 813
276 721
721 813
436 126
126 897
660 542
542 583
801 338
338 274
38 58
58 374
773 633
633 813
436 850
850 813
545 778
778 760
436 604
604 727
545 346
346 950
213 825
825 529
801 685
685 897
843 219
219 813
237 474
474 165
944 487
487 813
237 341
341 950
406 298
298 950
118 615
615 374
223 501
501 274
436 930
930 354
223 698
698 354
545 790
790 113
843 81
81 727
304 952
952 813
223 798
798 897
213 49
49 354
223 254
254 113
38 258
258 284
290 695
695 377
38 982
982 377
380 603
603 812
660 328
328 377
773 954
954 959
290 676
676 950
276 31
31 813
406 255
255 366
213 789
789 354
290 523
523 950
223 717
717 377
380 60
60 547
118 875
875 372
801 127
127 354
213 949
949 274
8 481
481 812
276 780
780 957
304 588
588 377
436 920
920 959
276 131
131 372
118 702
702 959
304 25
25 377
8 148
148 366
773 818
818 165
304 741
741 113
773 699
699 727
380 486
486 377
843 182
182 336
213 940
940 547
237 729
729 897
38 543
543 284
8 87
87 959
436 200
200 950
38 95
95 959
944 743
743 583
773 651
651 583
118 252
252 957
843 744
744 284
773 809
809 274
38 689
689 529
213 308
308 941
38 873
873 583
276 761
761 377
38 808
808 374
944 912
912 583
406 836
836 959
436 626
626 813
843 852
852 354
801 887
887 812
38 516
516 760
773 207
207 607
944 864
864 547
223 628
628 336
276 492
492 113
436 810
810 547
304 605
605 959
436 956
956 165
223 457
457 760
304 656
656 354
660 527
527 284
380 771
771 957
118 179
179 366
436 206
206 113
223 858
858 950
213 139
139 727
38 156
156 813
801 519
519 377
290 751
751 583
276 510
510 727
380 188
188 274
380 795
795 941
304 589
589 583
843 232
232 547
223 331
331 813
118 483
483 950
290 707
707 607
276 462
462 165
118 642
642 366
773 625
625 374
801 814
814 959
773 272
272 374
660 409
409 374
276 453
453 274
213 317
317 583
118 934
934 607
436 894
894 607
380 140
140 607
118 149
149 941
237 966
966 366
213 503
503 959
436 180
180 959
406 891
891 165
304 489
489 760
436 301
301 165
237 895
895 812
38 708
708 113
406 292
292 941
237 283
283 957
276 402
402 113
773 340
340 941
38 612
612 812
380 155
155 941
801 775
775 583
660 943
943 529
213 493
493 274
843 367
367 284
304 421
421 941
406 459
459 372
406 138
138 941
773 937
937 607
406 557
557 336
8 79
79 336
290 1
1 813
213 890
890 959
545 159
159 760
118 14
14 607
843 460
460 274
38 168
168 529
843 749
749 336
304 112
112 959
406 621
621 374
223 399
399 372
290 538
538 274
290 716
716 336
660 861
861 812
213 658
658 727
38 44
44 950
237 946
946 354
213 12
12 366
38 620
620 366
237 448
448 113
801 710
710 547
290 733
733 957
380 454
454 354
237 444
444 165
944 553
553 374
801 911
911 366
436 246
246 760
8 334
334 813
8 172
172 165
237 185
185 165
223 580
580 813
213 681
681 336
380 390
390 372
290 417
417 284
406 211
211 165
290 452
452 374
276 498
498 336
8 84
84 374
545 56
56 813
304 500
500 897
290 972
972 274
545 384
384 165
773 606
606 336
237 505
505 336
545 960
960 284
436 209
209 354
118 574
574 113
304 404
404 372
304 447
447 354
237 765
765 529
223 438
438 583
276 378
378 583
237 659
659 354
276 635
635 813
406 693
693 957
213 792
792 897
773 449
449 959
436 309
309 377
801 518
518 336
304 548
548 957
406 360
360 165
304 285
285 336
660 222
222 284
290 119
119 583
545 191
191 165
660 794
794 336
276 611
611 813
406 289
289 959
660 261
261 336
944 33
33 813
38 193
193 165
406 514
514 113
290 116
116 165
213 262
262 727
843 618
618 336
801 141
141 950
38 705
705 959
773 485
485 950
380 440
440 336
118 393
393 336
406 694
694 760
660 666
666 959
660 391
391 374
213 3
3 957
944 371
371 354
118 210
210 813
380 370
370 372
944 866
866 760
380 732
732 812
773 177
177 165
118 629
629 113
118 904
904 377
406 415
415 366
380 936
936 897
237 745
745 727
944 166
166 274
406 321
321 727
801 22
22 284
118 147
147 354
406 786
786 354
237 349
349 165
8 51
51 377
944 423
423 284
545 947
947 941
118 122
122 374
773 214
214 529
545 482
482 113
801 908
908 813
660 279
279 336
801 424
424 374
406 392
392 607
213 228
228 959
660 577
577 813
660 513
513 760
304 302
302 113
223 446
446 941
237 430
430 950
545 124
124 897
8 914
914 607
660 365
365 377
276 525
525 366
406 824
824 165
660 204
204 957
276 948
948 941
660 62
62 727
237 590
590 957
276 43
43 547
436 242
242 354
843 963
963 812
290 757
757 813
223 499
499 727
8 931
931 583
213 877
877 354
223 288
288 547
8 793
793 113
213 350
350 354
944 925
925 372
436 600
600 374
660 129
129 284
237 610
610 760
276 796
796 165
223 227
227 547
38 221
221 607
118 815
815 336
38 205
205 284
944 7
7 372
290 47
47 336
223 758
758 760
406 90
90 377
660 264
264 760
660 739
739 336
276 740
740 760
406 682
682 583
843 918
918 165
773 816
816 813
436 216
216 374
436 335
335 165
38 99
99 957
304 356
356 959
8 310
310 547
237 924
924 366
290 68
68 374
118 311
311 354
690 372
70 165
763 812
31 607
313 897
791 113
307 366
256 760
245 374
815 377
860 336
662 529
559 583
946 727
939 547
682 284
445 354
178 957
233 941
293 813
478 274
496 950
873 409
268 125
650 284
103 393
684 584
925 1940 876
9 596
126 240
96 19
702 657
235 451
879 408
317 462
26 785
809 825
809 59
59 891
126 630
630 543
126 556
556 6
235 788
788 483
879 651
651 210
235 429
429 483
809 519
519 119
702 909
909 441
702 314
314 370
96 153
153 86
126 143
143 86
879 420
420 641
317 135
135 826
235 544
544 441
809 19
19 829
317 467
467 503
96 313
313 186
96 471
471 713
9 780
780 441
317 875
875 721
126 686
686 543
96 396
396 441
879 465
465 426
26 309
309 799
317 109
109 84
26 277
277 842
96 162
162 84
235 872
872 62
809 650
650 426
317 491
491 186
809 458
458 35
126 585
585 708
9 200
200 842
879 163
163 483
126 901
901 543
702 852
852 86
96 233
233 829
809 130
130 84
26 629
629 627
96 667
667 6
96 174
174 186
126 591
591 370
809 864
864 713
9 247
247 441
26 660
660 216
235 128
128 426
26 195
195 35
702 55
55 503
809 383
383 315
702 506
506 483
809 8
8 35
879 154
154 799
96 270
270 891
9 209
209 35
9 427
427 891
26 184
184 62
702 114
114 119
702 138
138 799
126 276
276 789
879 448
448 829
26 161
161 35
317 805
805 129
879 609
609 129
9 804
804 532
317 434
434 755
235 337
337 789
317 899
899 216
9 5
5 62
235 845
845 799
702 421
421 883
317 616
616 483
879 744
744 189
96 331
331 755
702 348
348 483
879 311
311 689
317 70
70 483
9 775
775 689
126 245
245 483
809 401
401 426
809 289
289 799
9 559
559 102
96 141
141 210
317 502
502 102
809 283
283 789
96 604
604 799
702 570
570 216
809 913
913 441
879 683
683 483
26 303
303 708
809 22
22 62
702 828
828 456
126 431
431 455
235 46
46 729
702 549
549 116
809 454
454 6
26 382
382 62
26 268
268 503
26 170
170 842
702 113
113 829
879 808
808 84
96 486
486 455
702 693
693 370
126 157
157 119
96 499
499 729
879 290
290 370
702 394
394 543
702 47
47 627
235 745
745 441
879 718
718 119
879 286
286 426
235 878
878 86
96 904
904 35
879 423
423 713
96 223
223 441
9 407
407 129
96 432
432 6
235 882
882 116
235 584
584 503
9 214
214 86
317 398
398 426
9 497
497 729
9 327
327 86
235 894
894 186
9 37
37 441
702 329
329 186
9 127
127 799
317 860
860 721
9 548
548 842
96 714
714 455
879 692
692 315
235 410
410 426
809 920
920 216
96 419
419 455
96 424
424 186
96 768
768 116
235 892
892 426
126 759
759 119
9 255
255 483
126 889
889 102
26 53
53 129
26 150
150 119
809 58
58 35
126 436
436 483
317 479
479 119
9 492
492 441
702 297
297 829
126 405
405 441
879 733
733 315
317 535
535 315
96 846
846 729
702 514
514 216
9 368
368 713
96 522
522 441
317 772
772 455
126 273
273 119
235 23
23 755
96 78
78 789
809 717
717 627
879 346
346 102
9 232
232 116
126 594
594 86
879 89
89 789
235 869
869 829
235 359
359 842
235 836
836 689
9 833
833 119
126 438
438 116
809 182
182 789
809 472
472 641
126 569
569 721
702 252
252 186
702 885
885 829
235 831
831 627
9 579
579 186
879 219
219 441
126 445
445 116
9 239
239 363
809 511
511 102
702 403
403 708
96 914
914 483
235 756
756 216
809 802
802 129
809 413
413 641
26 749
749 84
235 199
199 426
702 720
720 755
126 726
726 86
9 323
323 116
317 437
437 216
235 724
724 315
96 865
865 654
235 279
279 799
317 356
356 35
235 180
180 86
317 310
310 370
809 306
306 129
702 853
853 35
317 725
725 186
126 687
687 84
235 676
676 119
26 861
861 483
126 88
88 708
809 606
606 102
235 457
457 86
702 681
681 456
879 244
244 713
126 866
866 370
96 838
838 62
235 542
542 654
317 132
132 842
809 797
797 713
702 133
133 35
809 520
520 186
317 167
167 503
879 430
430 6
26 203
203 370
702 117
117 654
126 622
622 799
879 229
229 789
809 250
250 84
9 925
925 483
702 841
841 102
9 341
341 35
126 101
101 315
702 305
305 129
809 657
657 755
235 284
284 84
126 698
698 503
809 534
534 116
317 510
510 84
96 422
422 503
235 547
547 129
126 213
213 363
96 275
275 186
96 361
361 84
809 682
682 315
702 1
1 654
126 74
74 216
879 487
487 713
235 169
169 363
126 526
526 689
235 192
192 842
702 292
292 829
702 818
818 86
235 827
827 641
126 850
850 713
26 902
902 721
879 661
661 627
317 710
710 708
809 44
44 455
879 63
63 426
26 917
917 315
879 389
389 829
879 709
709 689
702 679
679 689
317 188
188 216
26 764
764 116
317 915
915 35
317 612
612 689
235 516
516 503
702 495
495 799
879 610
610 532
235 242
242 543
702 696
696 829
235 60
60 826
235 830
830 755
26 459
459 755
9 171
171 641
702 300
300 826
702 69
69 186
809 201
201 84
702 217
217 883
317 837
837 62
26 246
246 84
26 919
919 441
809 922
922 216
235 218
218 35
879 751
751 708
702 40
40 363
9 267
267 102
235 51
51 755
809 719
719 755
879 261
261 210
809 312
312 35
809 123
123 503
879 617
617 641
879 848
848 721
809 288
288 116
879 106
106 119
126 923
923 119
26 663
663 789
879 56
56 627
879 38
38 729
26 176
176 186
9 858
858 627
235 574
574 729
96 480
480 755
126 737
737 755
26 580
580 789
9 285
285 455
879 900
900 483
126 652
652 102
317 644
644 721
96 832
832 826
26 727
727 532
26 538
538 35
9 104
104 455
879 440
440 210
9 640
640 102
26 183
183 654
26 336
336 363
702 763
763 6
126 560
560 543
9 241
241 789
879 316
316 532
26 194
194 119
879 711
711 826
702 649
649 799
235 227
227 363
317 322
322 84
879 220
220 210
879 870
870 826
235 558
558 842
96 787
787 654
235 351
351 210
126 761
761 708
9 715
715 483
9 85
85 210
879 172
172 641
702 785
785 721
702 13
13 799
26 568
568 713
809 765
765 216
879 177
177 641
96 700
700 483
879 475
475 829
126 425
425 891
235 463
463 721
702 781
781 713
702 25
25 370
126 760
760 799
126 583
583 363
809 107
107 532
26 369
369 641
9 16
16 363
96 293
293 119
9 208
208 315
235 505
505 455
702 262
262 315
317 747
747 654
96 344
344 483
317 639
639 829
9 740
740 186
235 90
90 370
235 896
896 186
126 43
43 370
317 411
411 62
96 202
202 883
702 95
95 189
317 484
484 826
9 251
251 755
9 253
253 543
126 39
39 35
235 125
125 826
126 385
385 216
126 470
470 532
126 536
536 689
879 524
524 186
126 648
648 441
702 598
598 456
879 680
680 6
809 373
373 315
879 451
451 641
26 240
240 129
702 397
397 789
809 61
61 721
809 231
231 86
9 597
597 729
317 406
406 532
879 433
433 6
9 528
528 483
126 835
835 189
702 685
685 189
26 706
706 891
235 735
735 455
26 435
435 883
702 462
462 6
96 819
819 755
702 595
595 186
9 581
581 315
26 32
32 654
317 343
343 119
96 924
924 84
702 537
537 216
809 798
798 799
879 572
572 102
235 494
494 842
809 611
611 210
9 518
518 102
702 590
590 35
317 10
10 789
879 792
792 543
809 739
739 829
9 307
307 210
702 801
801 455
126 736
736 455
702 769
769 62
702 147
147 370
317 296
296 826
809 561
561 654
879 259
259 826
702 131
131 216
96 256
256 426
126 794
794 210
9 57
57 186
235 295
295 216
26 589
589 721
235 748
748 210
235 146
146 826
879 320
320 441
235 743
743 116
809 603
603 62
702 354
354 86
317 79
79 102
26 204
204 627
702 843
843 627
126 372
372 789
702 41
41 86
317 871
871 689
317 392
392 210
809 906
906 456
809 156
156 483
879 777
777 713
317 45
45 532
26 191
191 456
879 582
582 829
9 656
656 426
702 326
326 116
702 226
226 883
702 593
593 713
879 152
152 84
26 523
523 84
96 366
366 883
96 880
880 363
879 265
265 119
26 263
263 86
879 386
386 315
26 531
531 210
96 181
181 826
9 754
754 116
317 105
105 129
879 134
134 689
879 80
80 6
879 353
353 186
26 98
98 456
809 11
11 891
702 27
27 216
9 628
628 315
126 488
488 84
96 539
539 35
879 481
481 186
879 557
557 641
809 393
393 883
317 248
248 829
26 770
770 426
126 757
757 189
702 82
82 102
96 347
347 84
9 376
376 627
96 588
588 689
235 587
587 84
26 625
625 455
317 618
618 119
809 881
881 483
317 626
626 654
317 631
631 641
235 355
355 503
9 688
688 891
96 345
345 455
9 554
554 543
96 774
774 315
9 791
791 503
317 108
108 62
235 857
857 455
96 48
48 86
9 578
578 627
235 752
752 35
809 786
786 210
26 675
675 483
235 496
496 532
9 855
855 883
879 684
684 689
126 890
890 186
96 34
34 363
126 816
816 216
235 668
668 842
809 912
912 363
702 120
120 799
126 608
608 86
702 207
207 186
235 468
468 729
702 521
521 315
235 571
571 713
809 388
388 799
702 365
365 370
9 99
99 86
26 404
404 426
126 599
599 883
317 814
814 315
126 493
493 654
96 395
395 708
879 907
907 713
235 83
83 315
235 175
175 35
317 859
859 789
126 807
807 721
9 328
328 86
126 553
553 62
126 478
478 503
809 806
806 315
9 391
391 35
26 762
762 842
235 18
18 755
9 136
136 119
126 911
911 426
96 767
767 842
96 97
97 627
235 811
811 116
235 264
264 842
126 211
211 708
126 206
206 826
317 815
815 62
126 73
73 186
317 643
643 6
702 381
381 455
26 849
849 708
126 671
671 455
879 712
712 891
809 142
142 721
317 545
545 426
26 867
867 441
235 349
349 441
9 164
164 829
235 863
863 363
26 490
490 532
96 409
409 689
317 236
236 186
9 474
474 503
126 93
93 829
317 874
874 532
702 449
449 186
235 408
408 829
9 118
118 456
235 793
793 891
26 893
893 455
235 592
592 721
879 779
779 789
702 552
552 729
879 731
731 799
9 884
884 826
809 282
282 799
879 212
212 799
317 321
321 315
702 418
418 503
317 77
77 483
235 839
839 842
96 800
800 532
879 575
575 799
9 205
205 129
235 742
742 426
26 179
179 789
879 695
695 35
9 672
672 189
235 517
517 426
235 647
647 826
809 137
137 210
9 485
485 315
9 601
601 689
702 813
813 627
9 489
489 799
317 586
586 102
702 390
390 789
235 111
111 116
235 834
834 86
235 72
72 119
809 17
17 84
702 482
482 116
702 330
330 189
879 674
674 102
702 653
653 729
702 318
318 116
317 691
691 119
126 750
750 532
96 530
530 532
809 515
515 729
809 703
703 729
26 91
91 826
702 68
68 829
317 705
705 35
702 439
439 708
26 773
773 654
96 291
291 86
126 716
716 84
126 851
851 789
126 178
178 708
702 399
399 755
26 877
877 826
879 319
319 721
9 820
820 102
26 335
335 891
879 621
621 189
126 670
670 116
809 741
741 84
26 620
620 129
9 338
338 654
9 266
266 102
26 460
460 426
96 704
704 315
126 452
452 116
126 903
903 315
702 71
71 721
702 294
294 129
809 367
367 62
317 707
707 456
809 563
563 641
235 862
862 370
879 155
155 483
809 645
645 532
702 564
564 789
235 299
299 35
126 910
910 689
126 916
916 426
96 352
352 456
26 110
110 129
809 573
573 826
9 825
825 641
702 100
100 86
96 333
333 789
809 607
607 62
879 165
165 627
809 782
782 426
26 173
173 721
702 42
42 713
317 469
469 755
126 895
895 829
809 224
224 729
26 302
302 641
317 187
187 708
809 613
613 829
235 795
795 315
235 602
602 456
809 234
234 363
235 624
624 216
317 453
453 116
809 140
140 129
96 416
416 186
9 873
873 216
809 7
7 116
126 638
638 503
96 269
269 102
879 758
758 755
235 260
260 799
96 50
50 102
317 384
384 799
96 149
149 543
879 258
258 315
9 362
362 216
126 148
148 426
9 243
243 426
702 730
730 729
9 308
308 503
235 596
596 789
96 796
796 6
702 139
139 426
126 287
287 102
9 525
525 35
879 567
567 189
702 339
339 129
879 225
225 755
702 325
325 883
126 555
555 543
879 887
887 116
879 776
776 86
809 193
193 116
126 124
124 102
702 64
64 441
317 15
15 119
317 778
778 543
126 54
54 729
235 697
697 503
809 238
238 116
9 350
350 210
879 81
81 86
809 823
823 721
235 21
21 84
126 678
678 35
809 334
334 370
235 115
115 119
235 415
415 116
235 856
856 370
809 527
527 543
96 14
14 543
702 237
237 883
317 378
378 503
96 600
600 842
702 121
121 713
96 504
504 216
809 3
3 891
809 461
461 62
702 790
790 210
702 342
342 189
317 400
400 503
879 304
304 315
9 824
824 84
96 746
746 315
126 159
159 129
126 673
673 755
235 324
324 654
9 566
566 119
809 375
375 532
126 822
822 216
809 412
412 116
809 332
332 119
702 360
360 186
9 623
623 35
809 577
577 441
9 215
215 216
126 30
30 543
126 33
33 532
879 473
473 6
879 844
844 86
879 694
694 789
235 690
690 216
317 501
501 35
26 4
4 210
702 550
550 689
702 500
500 86
702 812
812 86
126 12
12 729
317 738
738 210
9 886
886 119
96 230
230 426
702 732
732 455
702 76
76 689
126 278
278 483
26 512
512 891
9 377
377 210
317 513
513 210
317 257
257 627
9 677
677 6
96 364
364 363
235 784
784 363
702 642
642 713
702 766
766 689
317 94
94 315
879 734
734 532
809 103
103 363
317 821
821 129
26 29
29 883
9 31
31 370
235 221
221 713
26 921
921 441
126 665
665 543
317 158
158 721
26 190
190 426
879 615
615 713
702 387
387 483
235 666
666 708
96 634
634 35
235 36
36 216
317 340
340 826
809 728
728 216
809 466
466 455
879 633
633 86
702 374
374 755
317 876
876 729
317 840
840 363
235 508
508 641
317 897
897 426
317 198
198 426
9 888
888 116
9 443
443 641
96 546
546 210
26 380
380 721
235 197
197 842
879 810
810 483
26 402
402 689
26 144
144 829
879 271
271 210
9 669
669 654
809 145
145 689
96 67
67 35
702 655
655 119
702 112
112 84
96 65
65 789
9 533
533 129
96 249
249 62
26 446
446 6
26 66
66 441
235 854
854 543
96 646
646 189
702 358
358 891
9 565
565 842
809 637
637 826
702 614
614 891
879 817
817 729
96 541
541 789
879 371
371 455
235 662
662 483
126 701
701 755
96 254
254 826
26 151
151 210
235 529
529 441
96 228
228 883
235 24
24 689
317 280
280 713
9 664
664 6
809 477
477 62
26 160
160 755
879 122
122 6
702 274
274 426
26 168
168 627
96 635
635 755
26 908
908 186
879 771
771 654
809 272
272 116
317 699
699 721
235 52
52 654
9 803
803 689
26 428
428 829
9 847
847 708
9 722
722 189
702 507
507 6
235 898
898 129
96 447
447 216
879 658
658 102
26 417
417 62
879 196
196 441
702 619
619 119
317 753
753 689
702 918
918 654
26 659
659 532
9 442
442 370
9 281
281 62
879 905
905 627
235 540
540 456
96 632
632 186
126 414
414 799
702 379
379 483
126 868
868 543
809 476
476 363
96 723
723 455
9 87
87 799
879 20
20 129
809 2
2 721
879 28
28 6
235 49
49 455
879 551
551 315
809 605
605 729
9 75
75 641
126 636
636 891
702 222
222 689
879 444
444 86
317 357
357 62
126 185
185 689
317 498
498 441
879 576
576 116
317 298
298 455
317 166
166 455
317 92
92 708
9 562
562 713
809 509
509 826
235 301
301 883
702 450
450 543
809 464
464 35
317 783
783 35
616 210
730 441
289 426
703 543
155 891
888 456
918 721
350 363
687 370
586 455
209 216
397 483
893 119
852 627
32 189
864 186
202 86
662 708
310 129
587 829
411 116
387 883
267 62
239 84
901 799
598 789
221 654
719 826
67 532
593 641
512 315
312 503
907 6
828 102
397 35
291 842
5 689
304 713
301 755
795 729
109 23
599 503
448 331
203 614
397 216
239 451
369 24
12 428
909 394
32 408
606 664
74 618
88 409
345 321
798 886
596 886
25 385
162 773
798 330
808 904
384 168
141 355
672 7
580 318
628 637
774 84
719 322
497 371
176 208
779 766
785 505
96 196
13 843
88 333
889 446
213 611
677 498
445 851
564 350
791 358
306 697
805 31
550 441
661 566
783 721
8 514
170 873
157 24
393 599
772 147
113 275
832 166
117 347
920 464
890 485
591 255
96 724
795 873
497 834
680 28
133 25
764 52
355 551
120 704
200 793
629 123
743 757
277 609
808 619
424 488
301 35
468 839
305 767
153 617
680 731
583 895
736 158
427 384
336 811
352 230
574 890
607 379
401 836
268 712
836 323
652 739
604 147
217 176
781 881
248 206
740 814
899 776
526 258
381 294
59 394
640 249
313 573
359 328
696 527
872 551
79 671
568 411
15 713
702 345
458 758
852 334
584 54
247 726
487 258
218 602
738 842
388 527
712 76
555 822
73 379
64 190
593 488
890 645
68 746
872 487
366 84
26 836
345 641
756 732
424 240
436 512
305 810
773 829
138 256
752 678
664 357
431 418
524 332
684 452
196 789
603 674
490 456
657 453
650 97
