5
931 1874 789
597 910
500 105
120 162
171 818
709 401
679 58
307 713
820 1
29 240
494 74
551 163
85 14
172 389
642 502
811 452
614 370
680 167
797 87
723 583
741 915
841 594
864 863
544 121
525 927
823 403
876 650
333 248
469 670
729 481
45 840
676 533
179 801
897 301
33 794
865 681
145 489
146 881
696 32
117 840
397 683
426 94
922 884
385 704
53 292
724 472
6 813
697 895
127 67
675 672
717 135
238 536
875 721
189 336
440 126
140 231
51 459
409 350
609 730
128 190
321 640
194 718
272 728
534 36
698 324
735 788
552 395
91 449
4 637
671 98
497 59
739 131
666 495
476 107
888 1
379 363
159 844
486 322
422 777
549 714
539 325
306 704
123 163
738 131
849 736
908 265
203 441
756 17
546 715
394 660
122 231
908 228
228 211
642 501
501 903
698 201
201 510
739 566
566 103
797 347
347 764
738 480
480 911
4 371
371 232
642 669
669 734
676 836
836 658
811 751
751 903
91 88
88 586
127 350
350 852
549 887
887 44
409 821
821 211
717 732
732 381
888 349
349 136
203 462
462 541
741 507
507 232
697 660
660 300
120 421
421 136
486 314
314 267
85 264
264 414
497 760
760 699
597 712
712 300
544 13
13 251
534 594
594 178
394 224
224 226
440 135
135 129
171 725
725 880
735 612
612 830
171 624
624 35
546 258
258 496
87 196
4 139
139 381
426 134
134 830
85 515
515 699
500 459
459 845
45 771
771 658
494 348
348 129
53 915
915 555
723 626
626 103
671 604
604 251
117 119
119 541
203 285
285 845
922 860
860 496
203 672
672 284
122 66
66 251
120 227
227 541
145 807
807 44
497 109
109 448
534 701
701 142
820 138
138 911
724 312
312 781
704 800
379 428
428 577
820 288
288 253
91 158
158 267
171 415
415 734
717 102
102 35
85 857
857 792
614 28
28 868
189 153
153 510
120 302
302 641
140 638
638 35
841 910
910 44
29 207
207 253
614 163
163 381
865 92
92 300
888 547
547 364
33 250
250 496
823 917
917 822
549 356
356 658
729 435
435 510
908 481
481 764
525 115
115 300
738 838
838 903
675 640
640 830
140 806
806 381
709 255
255 817
53 15
15 845
53 170
170 911
409 520
520 35
189 275
275 781
123 863
863 364
238 434
434 196
53 393
393 792
422 733
733 129
117 221
221 364
146 263
263 662
723 653
653 584
723 114
114 577
45 799
799 868
841 63
63 284
426 57
57 845
238 564
564 641
729 573
573 856
676 905
905 253
820 165
165 129
876 315
315 817
642 785
785 845
486 244
244 496
51 234
234 35
397 629
629 764
724 583
583 800
680 388
388 253
679 688
688 700
85 643
643 868
551 326
326 178
609 106
106 817
551 30
30 764
534 891
891 781
875 181
181 571
876 690
690 35
385 610
610 658
385 241
241 132
671 768
768 781
128 77
77 734
811 403
403 267
122 433
433 817
440 683
683 658
171 611
611 253
614 39
39 641
738 432
432 817
544 155
155 251
307 759
759 541
642 58
58 880
486 121
121 136
671 317
317 911
922 404
404 381
140 749
749 792
823 598
598 541
426 38
38 903
379 212
212 293
494 721
721 414
679 831
831 571
172 257
257 129
739 754
754 44
897 574
574 129
497 247
247 142
51 533
533 800
120 436
436 699
172 324
324 658
614 446
446 448
549 718
718 132
189 8
8 136
426 576
576 142
865 447
447 136
642 259
259 781
426 592
592 662
127 537
537 734
679 851
851 781
735 826
826 577
697 463
463 300
897 46
46 35
875 254
254 817
756 256
256 226
469 901
901 764
841 107
107 211
486 550
550 792
140 678
678 868
735 164
164 381
741 482
482 35
117 491
491 822
675 335
335 381
476 332
332 822
51 855
855 764
820 628
628 35
797 846
846 284
29 343
343 414
671 215
215 510
888 695
695 129
738 375
375 103
53 195
195 129
675 766
766 245
117 277
277 129
91 726
726 845
820 361
361 414
422 655
655 232
385 94
94 584
171 815
815 880
127 62
62 364
671 438
438 571
4 41
41 448
333 907
907 35
159 442
442 734
145 70
70 734
724 219
219 658
117 859
859 586
546 752
752 44
739 113
113 510
127 352
352 253
666 881
881 577
238 295
295 792
123 661
661 414
597 736
736 414
306 890
890 510
642 456
456 245
723 23
23 845
820 854
854 852
494 805
805 35
91 420
420 142
306 20
20 132
426 778
778 364
179 591
591 880
409 166
166 284
534 493
493 267
865 19
19 880
671 180
180 817
146 742
742 586
875 273
273 178
426 36
36 44
145 927
927 734
494 191
191 267
179 646
646 211
897 793
793 284
426 252
252 208
127 886
886 253
306 556
556 251
551 452
452 700
440 843
843 555
409 743
743 764
385 360
360 510
735 784
784 781
500 204
204 792
146 782
782 196
51 621
621 555
908 504
504 232
679 681
681 129
128 693
693 781
544 893
893 293
675 289
289 577
697 635
635 245
120 27
27 208
698 110
110 103
876 373
373 211
179 354
354 253
811 535
535 300
409 585
585 800
756 870
870 699
698 439
439 541
51 862
862 555
33 622
622 911
422 599
599 555
51 242
242 129
642 318
318 586
394 151
151 103
698 363
363 381
120 731
731 226
534 484
484 232
864 540
540 903
486 68
68 251
865 65
65 845
698 818
818 792
53 630
630 903
422 920
920 448
739 377
377 555
614 150
150 856
159 412
412 868
140 787
787 700
679 5
5 381
696 488
488 510
897 581
581 103
476 837
837 448
333 686
686 856
680 217
217 448
666 467
467 555
486 687
687 196
333 674
674 448
117 281
281 132
497 715
715 571
642 924
924 364
203 523
523 245
394 3
3 35
379 605
605 253
897 400
400 44
189 1
1 852
29 340
340 868
238 383
383 641
379 689
689 496
908 287
287 577
864 143
143 700
4 692
692 800
642 553
553 226
172 130
130 662
394 2
2 734
172 530
530 132
552 248
248 734
544 694
694 911
675 80
80 35
741 543
543 196
922 271
271 496
642 755
755 555
551 330
330 496
194 600
600 245
51 450
450 232
875 746
746 868
333 474
474 641
51 737
737 586
6 43
43 911
679 889
889 911
724 531
531 510
238 747
747 571
525 386
386 584
91 538
538 764
6 387
387 35
140 235
235 208
29 528
528 781
539 112
112 510
888 877
877 764
189 720
720 911
729 118
118 293
679 774
774 817
306 72
72 577
238 406
406 245
140 457
457 208
642 26
26 132
729 42
42 132
307 441
441 44
122 825
825 868
696 111
111 132
549 18
18 699
544 230
230 129
29 156
156 35
642 162
162 293
841 78
78 132
614 367
367 822
409 722
722 414
238 137
137 662
729 292
292 555
123 274
274 555
741 812
812 136
849 311
311 253
127 313
313 662
117 16
16 245
597 125
125 586
697 588
588 541
823 309
309 129
379 443
443 267
53 76
76 129
534 301
301 541
385 568
568 211
333 331
331 584
729 200
200 856
379 56
56 584
333 454
454 232
698 578
578 496
51 813
813 577
127 342
342 577
756 615
615 211
724 464
464 129
864 767
767 129
546 559
559 178
397 475
475 662
729 753
753 764
875 645
645 571
146 627
627 196
597 398
398 541
820 502
502 911
51 532
532 510
117 916
916 253
609 490
490 734
29 61
61 856
897 801
801 226
697 378
378 448
729 298
298 781
321 97
97 830
797 338
338 856
145 353
353 132
469 632
632 822
888 761
761 700
117 657
657 448
29 623
623 284
797 157
157 584
717 769
769 284
738 176
176 510
159 124
124 132
922 427
427 129
888 390
390 178
875 268
268 658
551 548
548 132
820 325
325 541
146 83
83 555
897 444
444 245
53 55
55 251
680 465
465 381
675 305
305 196
238 926
926 571
539 931
931 571
379 829
829 764
811 407
407 800
500 344
344 903
908 466
466 734
697 286
286 822
51 634
634 232
307 239
239 792
864 804
804 211
307 376
376 903
922 225
225 35
203 9
9 178
724 329
329 178
500 262
262 44
238 229
229 571
717 294
294 232
841 197
197 196
865 719
719 208
671 677
677 903
697 925
925 208
729 396
396 662
394 900
900 35
4 322
322 577
525 32
32 800
876 96
96 44
422 842
842 132
676 923
923 196
53 105
105 845
922 108
108 496
123 278
278 364
51 819
819 822
888 871
871 571
735 487
487 792
127 879
879 868
849 509
509 800
85 580
580 44
525 473
473 251
172 12
12 208
45 899
899 253
122 702
702 577
698 904
904 253
140 416
416 641
117 563
563 293
179 186
186 584
500 930
930 792
29 392
392 364
534 691
691 142
145 168
168 251
476 750
750 44
194 508
508 822
476 744
744 196
272 516
516 300
145 810
810 136
697 345
345 178
875 708
708 830
539 636
636 541
539 601
601 245
179 595
595 856
272 75
75 781
91 706
706 211
409 779
779 699
696 618
618 293
127 154
154 584
307 745
745 571
307 570
570 103
422 558
558 44
486 844
844 734
735 892
892 103
238 270
270 251
544 101
101 868
820 714
714 662
394 468
468 699
875 411
411 208
122 763
763 658
546 824
824 911
486 499
499 142
735 50
50 35
117 913
913 510
544 187
187 293
551 579
579 577
897 152
152 792
534 885
885 251
614 791
791 541
85 575
575 852
551 757
757 781
696 25
25 267
723 17
17 662
426 160
160 284
597 323
323 232
876 684
684 852
679 503
503 571
128 126
126 781
811 869
869 868
697 374
374 129
486 894
894 868
385 67
67 903
738 596
596 364
675 685
685 414
551 402
402 496
33 327
327 734
875 231
231 584
497 517
517 267
552 884
884 414
724 148
148 852
908 220
220 792
145 529
529 496
440 798
798 251
33 365
365 381
908 319
319 586
409 545
545 822
500 866
866 764
698 828
828 510
486 847
847 584
544 455
455 764
6 453
453 253
876 249
249 293
29 95
95 792
823 236
236 178
397 589
589 208
385 707
707 903
385 461
461 129
922 216
216 817
179 206
206 136
194 582
582 132
140 283
283 800
666 620
620 822
609 389
389 253
45 357
357 208
597 213
213 662
676 929
929 196
145 297
297 136
820 848
848 226
539 431
431 196
333 359
359 817
666 355
355 541
409 511
511 586
698 167
167 641
756 853
853 293
307 740
740 586
494 174
174 35
741 617
617 103
6 527
527 700
333 670
670 822
409 71
71 586
321 505
505 251
307 149
149 911
534 276
276 700
189 651
651 880
128 429
429 830
908 79
79 734
888 308
308 103
549 730
730 196
194 656
656 852
735 659
659 764
379 728
728 700
865 478
478 641
45 86
86 245
85 341
341 251
534 878
878 267
120 269
269 555
146 310
310 232
739 279
279 414
739 650
650 364
179 902
902 196
597 873
873 414
307 458
458 300
122 64
64 658
33 445
445 208
642 260
260 103
145 506
506 196
189 161
161 856
717 775
775 253
189 222
222 208
321 748
748 251
321 485
485 211
53 282
282 448
551 449
449 496
117 654
654 781
741 199
199 852
91 602
602 868
841 593
593 448
675 909
909 267
440 663
663 232
756 542
542 764
53 652
652 208
426 795
795 196
680 99
99 35
29 424
424 641
841 290
290 284
497 34
34 903
426 569
569 856
321 202
202 822
422 337
337 852
680 399
399 845
53 193
193 792
189 919
919 699
497 190
190 541
469 237
237 911
307 246
246 868
849 827
827 293
379 832
832 103
525 173
173 792
120 104
104 700
120 536
536 300
140 54
54 129
33 858
858 35
525 82
82 211
797 177
177 911
486 233
233 103
922 471
471 903
128 789
789 364
494 7
7 208
552 802
802 555
676 40
40 699
723 182
182 852
500 358
358 852
238 850
850 911
91 48
48 868
385 47
47 845
724 192
192 103
717 874
874 35
127 198
198 903
709 625
625 448
476 372
372 284
597 380
380 253
307 334
334 852
614 631
631 196
676 24
24 734
238 261
261 103
797 861
861 381
4 644
644 830
697 369
369 448
422 572
572 700
698 90
90 364
544 796
796 817
698 619
619 293
33 682
682 245
525 218
218 880
426 266
266 136
51 883
883 781
865 713
713 700
321 183
183 880
123 304
304 267
841 921
921 700
614 758
758 251
876 673
673 381
549 37
37 571
811 49
49 903
179 31
31 267
321 100
100 641
864 303
303 852
385 339
339 44
85 89
89 364
756 384
384 414
426 147
147 734
194 554
554 136
823 780
780 781
379 84
84 136
497 633
633 734
642 470
470 792
551 495
495 44
117 773
773 577
476 814
814 251
385 912
912 142
497 395
395 571
864 557
557 658
922 223
223 845
426 816
816 178
333 565
565 132
739 265
265 226
272 606
606 496
172 10
10 381
552 60
60 142
738 710
710 822
741 22
22 911
671 366
366 448
671 561
561 658
426 770
770 142
426 648
648 792
709 133
133 856
614 489
489 103
709 243
243 541
140 299
299 103
120 703
703 253
642 477
477 300
128 419
419 142
29 776
776 658
486 777
777 584
123 772
772 226
552 512
512 792
549 408
408 541
551 362
362 845
6 705
705 293
811 405
405 658
189 667
667 103
597 320
320 734
823 437
437 880
159 898
898 800
45 835
835 586
172 296
296 284
756 205
205 132
194 52
52 414
379 914
914 699
189 608
608 700
797 81
81 880
676 521
521 284
735 526
526 641
922 346
346 293
544 649
649 267
238 73
73 245
117 479
479 510
189 188
188 251
675 560
560 700
614 840
840 132
729 896
896 245
671 928
928 293
122 141
141 364
123 498
498 880
159 834
834 577
172 368
368 822
717 514
514 658
123 786
786 555
394 808
808 510
922 370
370 414
422 637
637 448
922 790
790 448
671 185
185 571
729 328
328 830
394 492
492 868
724 906
906 577
697 716
716 555
179 291
291 800
609 788
788 880
551 518
518 903
675 867
867 764
469 809
809 245
333 391
391 856
494 430
430 903
321 765
765 300
642 210
210 44
544 665
665 792
469 93
93 800
823 664
664 911
698 401
401 35
51 418
418 300
849 316
316 284
91 882
882 364
494 413
413 196
91 209
209 226
486 472
472 300
539 280
280 880
306 98
98 658
45 410
410 196
741 607
607 571
91 214
214 211
128 144
144 448
897 603
603 129
128 116
116 781
724 524
524 136
864 175
175 700
333 562
562 178
888 483
483 293
723 425
425 856
146 895
895 510
272 567
567 103
865 519
519 103
409 451
451 211
194 184
184 764
440 839
839 658
272 11
11 845
676 762
762 300
6 513
513 586
849 522
522 178
189 639
639 541
552 668
668 103
544 803
803 284
306 21
21 800
409 351
351 267
307 240
240 103
29 783
783 364
422 613
613 555
534 711
711 764
189 131
131 136
549 616
616 555
189 59
59 658
841 69
69 253
811 74
74 641
146 169
169 830
128 417
417 792
539 794
794 700
739 727
727 208
539 460
460 911
6 382
382 734
194 423
423 232
140 833
833 641
409 918
918 800
614 872
872 132
676 590
590 226
897 14
14 284
756 647
647 251
696 587
587 584
494 336
336 658
323 734
733 253
877 136
248 267
335 662
25 830
513 641
465 44
751 571
758 856
257 496
591 541
180 414
714 142
463 448
365 196
365 699
204 300
519 245
63 822
404 35
124 586
829 800
590 178
64 868
668 700
382 584
42 226
201 880
73 293
121 103
250 781
482 817
339 381
54 764
688 132
452 510
335 577
399 208
441 232
558 792
366 903
682 364
682 284
310 911
854 845
338 658
78 852
184 555
742 251
593 211
411 589
891 297
497 326
144 184
561 882
198 883
205 792
333 105
618 734
432 183
666 227
559 320
644 872
692 892
379 601
671 848
905 222
290 414
330 569
540 699
389 834
530 706
350 719
721 894
476 415
263 683
20 879
201 390
481 607
646 380
759 449
394 248
250 540
624 19
221 829
806 787
815 34
378 417
421 629
304 492
99 21
191 443
37 928
635 137
70 810
908 825
476 16
429 24
321 509
626 399
915 906
676 892
254 708
155 730
616 417
563 47
615 802
836 338
56 279
820 558
77 602
6 623
785 60
42 398
96 460
759 770
343 213
858 320
250 387
443 308
28 376
807 530
735 265
236 445
552 215
330 169
56 286
684 210
761 596
57 492
73 641
768 454
889 762
751 83
624 210
30 319
275 927
41 554
672 625
860 380
409 608
771 339
676 353
120 111
864 269
530 529
365 620
849 661
135 834
626 795
784 720
312 868
426 689
640 923
462 911
785 900
611 283
194 40
434 50
363 581
335 351
114 234
76 95
41 854
660 695
515 346
350 687
573 215
486 246
64 479
680 64
527 303
273 437
618 405
806 541
315 685
150 514
6 600
463 149
753 834
653 652
741 97
494 335
4 653
135 700
474 495
624 204
821 232
821 456
295 152
439 747
603 14
335 232
841 89
580 270
841 554
13 133
528 880
354 496
531 141
138 783
675 592
125 869
275 129
127 7
263 60
931 376
920 1835 875
79 733
794 91
143 105
143 491
491 829
794 785
785 109
794 896
896 209
143 563
563 109
794 441
441 552
794 875
875 676
794 557
557 617
79 815
815 724
79 33
33 133
143 193
193 617
143 311
311 239
794 102
102 912
143 309
309 281
79 648
648 133
143 515
515 676
143 700
700 703
79 545
545 2
143 539
539 803
143 737
737 509
794 588
588 189
79 783
783 609
79 849
849 611
143 410
410 591
794 264
264 678
143 416
416 45
143 667
667 591
143 756
756 345
794 549
549 829
794 111
111 281
143 637
637 713
794 231
231 345
143 41
41 209
79 729
729 135
794 910
910 345
143 787
787 567
794 559
559 230
143 222
222 109
79 728
728 617
794 446
446 534
79 570
570 504
143 492
492 345
143 765
765 211
794 668
668 920
79 321
321 534
143 378
378 798
143 215
215 45
143 208
208 135
143 137
137 230
794 630
630 676
794 432
432 480
79 250
250 817
79 89
89 509
794 735
735 211
794 444
444 230
143 53
53 509
143 762
762 504
794 788
788 552
79 638
638 147
79 178
178 147
143 642
642 703
143 396
396 209
794 348
348 211
794 50
50 803
79 614
614 281
143 886
886 157
79 802
802 552
79 467
467 147
143 303
303 534
794 162
162 534
79 514
514 109
143 790
790 611
794 397
397 281
79 634
634 724
79 796
796 817
143 473
473 239
79 841
841 534
143 40
40 281
79 425
425 133
79 468
468 567
794 779
779 717
143 35
35 817
143 730
730 534
79 315
315 239
79 280
280 509
143 578
578 504
143 60
60 230
143 450
450 331
79 119
119 701
79 548
548 281
79 123
123 713
79 31
31 617
143 636
636 499
79 606
606 147
143 324
324 713
79 145
145 2
143 633
633 713
794 792
792 701
143 478
478 829
794 46
46 609
79 429
429 717
794 610
610 678
794 620
620 920
143 675
675 552
794 685
685 480
79 221
221 499
143 627
627 724
79 20
20 803
794 683
683 209
79 820
820 829
794 518
518 109
143 261
261 611
79 210
210 713
79 423
423 211
79 680
680 552
79 838
838 591
143 249
249 706
794 180
180 504
143 318
318 713
79 824
824 157
79 656
656 189
143 516
516 157
794 804
804 345
79 373
373 135
794 475
475 45
794 71
71 724
794 58
58 331
143 184
184 746
79 246
246 499
794 232
232 717
79 117
117 617
79 399
399 717
794 298
298 746
143 622
622 2
794 379
379 2
79 691
691 509
794 660
660 829
143 538
538 480
794 574
574 45
143 72
72 239
794 474
474 920
79 149
149 678
143 526
526 45
79 140
140 189
143 16
16 676
143 782
782 135
794 442
442 611
143 688
688 706
794 461
461 678
143 161
161 567
143 433
433 609
794 424
424 2
143 719
719 109
794 256
256 45
794 462
462 534
794 629
629 157
79 417
417 509
79 282
282 746
143 583
583 611
79 684
684 534
794 107
107 509
143 856
856 552
79 108
108 109
79 917
917 912
79 587
587 829
794 186
186 281
79 731
731 504
143 64
64 701
79 163
163 617
143 24
24 552
794 385
385 189
143 267
267 803
143 313
313 713
794 17
17 676
794 616
616 534
143 858
858 701
794 84
84 331
143 312
312 209
79 659
659 534
79 532
532 817
143 595
595 189
794 654
654 45
143 830
830 2
143 652
652 109
79 30
30 211
143 428
428 701
794 438
438 109
794 764
764 817
79 422
422 480
794 689
689 509
79 336
336 2
794 878
878 552
143 115
115 676
143 831
831 912
79 34
34 157
79 365
365 706
143 387
387 239
794 451
451 189
794 382
382 109
794 237
237 912
143 704
704 817
794 694
694 230
79 707
707 703
143 164
164 746
794 349
349 713
794 715
715 499
143 884
884 746
143 736
736 239
794 897
897 920
79 302
302 239
794 809
809 230
143 212
212 611
143 57
57 552
143 615
615 706
79 778
778 701
143 542
542 331
143 269
269 504
79 408
408 724
79 483
483 157
794 502
502 209
79 67
67 920
79 165
165 717
794 612
612 147
79 3
3 678
143 870
870 717
143 347
347 713
143 698
698 701
79 275
275 746
143 291
291 552
794 116
116 912
794 383
383 724
143 287
287 281
794 381
381 829
794 7
7 504
143 644
644 617
794 415
415 239
79 47
47 239
143 127
127 2
794 671
671 157
79 76
76 798
79 791
791 713
794 124
124 567
794 439
439 829
79 560
560 45
79 374
374 480
79 558
558 499
794 353
353 345
143 144
144 157
794 507
507 817
79 70
70 713
794 363
363 147
794 139
139 209
143 650
650 713
143 128
128 912
143 6
6 345
794 151
151 189
143 789
789 209
143 411
411 703
143 367
367 2
79 455
455 717
794 868
868 609
794 540
540 611
79 380
380 701
794 472
472 552
79 550
550 147
794 103
103 617
143 94
94 209
794 297
297 331
79 253
253 133
143 641
641 701
794 662
662 703
143 880
880 209
794 51
51 609
794 681
681 345
143 435
435 552
79 95
95 211
794 333
333 920
794 819
819 157
143 484
484 509
143 816
816 499
79 342
342 135
794 65
65 803
79 105
105 133
79 292
292 591
794 59
59 147
143 899
899 803
79 745
745 920
79 54
54 817
143 341
341 230
794 219
219 591
794 893
893 209
79 460
460 706
794 243
243 678
79 466
466 567
79 900
900 133
143 294
294 798
794 406
406 912
79 440
440 239
143 891
891 109
79 597
597 703
143 185
185 713
794 304
304 534
143 361
361 701
79 32
32 617
143 285
285 133
143 767
767 552
79 14
14 701
143 158
158 611
79 799
799 509
794 503
503 701
143 317
317 567
79 759
759 147
79 360
360 609
794 872
872 591
79 452
452 701
79 594
594 499
143 585
585 189
79 286
286 2
143 812
812 147
143 697
697 331
794 716
716 534
79 605
605 345
794 301
301 109
794 823
823 331
794 404
404 912
79 136
136 45
143 711
711 724
79 600
600 133
143 510
510 703
794 366
366 504
794 305
305 706
79 813
813 798
79 894
894 552
143 141
141 209
794 10
10 713
794 226
226 701
794 300
300 617
79 541
541 706
143 511
511 678
79 320
320 912
79 327
327 912
79 344
344 724
794 87
87 676
794 523
523 617
143 110
110 552
79 384
384 504
143 846
846 817
79 918
918 209
79 618
618 230
79 69
69 676
79 338
338 829
79 693
693 504
79 572
572 331
79 649
649 331
794 631
631 345
794 81
81 209
143 270
270 676
79 774
774 912
143 619
619 189
79 271
271 567
79 9
9 499
79 99
99 499
794 93
93 2
143 393
393 230
143 390
390 676
143 68
68 678
79 828
828 920
794 825
825 157
143 906
906 345
79 525
525 499
794 521
521 920
794 126
126 798
143 183
183 2
794 92
92 713
79 569
569 133
79 372
372 678
79 401
401 504
143 865
865 798
79 566
566 803
794 430
430 713
79 905
905 803
79 500
500 746
794 710
710 2
143 839
839 509
143 236
236 504
143 646
646 189
794 555
555 133
79 653
653 609
794 169
169 817
143 822
822 2
79 506
506 211
794 561
561 281
79 248
248 157
794 73
73 133
79 739
739 611
79 335
335 552
794 217
217 591
794 748
748 480
79 477
477 345
794 904
904 829
79 1
1 591
79 632
632 591
143 536
536 676
143 836
836 678
143 405
405 703
79 90
90 499
79 456
456 829
79 881
881 2
794 409
409 534
143 860
860 703
794 266
266 45
143 562
562 609
143 513
513 189
143 695
695 591
143 874
874 480
143 257
257 829
143 18
18 591
794 512
512 189
794 100
100 331
143 673
673 239
143 319
319 239
794 742
742 920
143 657
657 717
143 702
702 45
794 295
295 920
143 202
202 746
794 571
571 135
79 898
898 230
794 274
274 591
143 772
772 135
79 727
727 567
79 847
847 157
143 66
66 713
794 23
23 676
79 27
27 157
143 544
544 912
143 601
601 509
794 602
602 331
794 413
413 239
143 895
895 499
143 391
391 611
79 62
62 331
79 531
531 45
794 418
418 609
79 56
56 717
794 431
431 609
143 322
322 2
794 206
206 499
794 551
551 147
79 635
635 509
79 530
530 509
79 485
485 239
794 890
890 157
79 866
866 829
79 489
489 504
143 86
86 713
794 537
537 717
143 805
805 746
794 15
15 724
794 589
589 717
794 36
36 609
79 251
251 609
143 370
370 109
794 310
310 480
143 307
307 803
143 645
645 609
79 306
306 717
794 919
919 331
794 901
901 157
794 198
198 504
79 599
599 611
143 892
892 803
794 426
426 676
79 42
42 480
794 268
268 609
79 194
194 239
79 427
427 239
143 326
326 717
79 436
436 798
143 758
758 534
794 172
172 480
794 911
911 746
143 113
113 189
794 679
679 281
794 859
859 147
794 358
358 480
794 543
543 676
79 682
682 611
79 528
528 798
79 867
867 803
79 712
712 499
794 690
690 609
794 808
808 509
794 843
843 706
794 907
907 591
79 863
863 701
143 240
240 920
794 395
395 701
143 204
204 157
143 4
4 746
794 674
674 611
143 864
864 239
143 142
142 480
79 871
871 480
79 5
5 703
794 214
214 109
143 181
181 211
794 465
465 817
794 37
37 567
143 43
43 552
79 112
112 609
794 279
279 239
794 887
887 567
143 665
665 912
794 520
520 45
794 235
235 211
794 61
61 45
79 273
273 281
79 661
661 676
143 598
598 920
79 254
254 678
79 293
293 611
794 218
218 703
79 853
853 2
143 586
586 717
143 909
909 912
143 131
131 617
143 580
580 817
143 453
453 717
794 547
547 617
794 362
362 281
79 584
584 45
79 463
463 920
794 699
699 717
79 352
352 746
79 176
176 45
733 701
794 332
332 701
143 354
354 147
794 106
106 509
79 96
96 135
794 122
122 829
794 201
201 133
143 91
91 157
794 146
146 676
794 290
290 480
794 496
496 724
79 889
889 706
79 200
200 567
79 786
786 724
143 494
494 717
79 77
77 829
794 227
227 567
79 734
734 133
143 213
213 817
794 174
174 817
143 412
412 676
143 223
223 230
79 793
793 703
143 173
173 331
143 546
546 211
143 148
148 701
143 330
330 45
794 190
190 920
143 175
175 617
79 840
840 135
794 168
168 724
143 766
766 678
794 818
818 676
794 529
529 147
79 179
179 611
143 771
771 567
794 625
625 609
794 225
225 534
794 582
582 2
143 49
49 724
79 414
414 133
794 228
228 676
79 876
876 703
79 252
252 133
143 389
389 678
79 556
556 803
79 879
879 109
794 85
85 480
143 150
150 135
143 394
394 724
143 75
75 239
79 299
299 209
79 821
821 331
143 323
323 912
143 187
187 703
794 628
628 534
79 577
577 713
143 443
443 211
79 328
328 331
79 568
568 611
143 357
357 746
79 664
664 567
79 316
316 209
79 718
718 798
79 388
388 713
794 376
376 552
143 837
837 534
143 873
873 230
143 842
842 281
794 613
613 147
143 482
482 817
143 801
801 2
794 757
757 713
794 458
458 189
794 851
851 567
143 855
855 331
79 220
220 2
79 11
11 817
79 705
705 239
143 761
761 717
143 80
80 135
143 810
810 829
143 647
647 920
794 407
407 724
143 129
129 798
143 245
245 509
79 350
350 611
794 329
329 591
143 658
658 239
794 750
750 509
79 590
590 135
143 663
663 920
143 343
343 803
79 670
670 534
79 470
470 480
79 827
827 611
143 672
672 701
79 346
346 798
143 167
167 609
79 337
337 798
79 708
708 211
79 97
97 211
794 781
781 230
143 686
686 239
794 78
78 803
79 666
666 189
143 769
769 331
79 604
604 109
79 334
334 829
79 155
155 281
79 196
196 703
794 655
655 211
143 754
754 912
79 554
554 480
79 325
325 135
79 459
459 567
79 434
434 746
794 403
403 713
79 527
527 499
79 386
386 706
79 104
104 345
143 776
776 230
143 752
752 133
79 289
289 504
794 121
121 609
794 869
869 817
143 262
262 209
794 726
726 713
79 191
191 567
79 134
134 147
143 784
784 331
794 234
234 803
794 535
535 912
143 852
852 345
79 101
101 2
143 255
255 135
794 171
171 724
79 288
288 912
143 524
524 829
794 284
284 45
79 770
770 701
79 55
55 920
143 364
364 230
794 835
835 803
143 833
833 803
79 154
154 591
143 166
166 345
143 768
768 567
143 233
233 135
143 913
913 281
143 908
908 499
143 476
476 611
143 553
553 591
79 192
192 331
794 579
579 746
79 497
497 798
79 98
98 798
794 832
832 2
794 356
356 209
794 800
800 331
794 623
623 2
79 565
565 504
794 608
608 157
143 753
753 239
794 153
153 803
79 740
740 912
143 807
807 713
794 170
170 509
143 883
883 230
143 850
850 509
143 88
88 480
79 247
247 678
794 138
138 829
143 276
276 829
79 481
481 239
794 902
902 724
79 340
340 480
143 488
488 552
79 259
259 701
79 738
738 157
794 486
486 912
79 258
258 2
79 197
197 678
79 207
207 920
79 229
229 703
794 114
114 509
794 607
607 189
794 448
448 135
143 351
351 829
79 720
720 209
794 749
749 717
143 861
861 281
79 640
640 920
794 224
224 211
143 780
780 504
79 814
814 509
79 493
493 509
79 696
696 504
794 359
359 617
143 241
241 803
79 882
882 703
143 775
775 147
79 12
12 2
794 714
714 331
794 469
469 133
79 314
314 239
794 52
52 798
79 339
339 189
143 420
420 724
794 651
651 609
143 132
132 717
143 643
643 803
143 419
419 829
79 368
368 920
794 797
797 703
143 741
741 713
143 26
26 746
143 564
564 109
794 159
159 157
143 44
44 746
794 885
885 798
143 8
8 534
794 505
505 189
794 205
205 499
794 498
498 706
79 621
621 724
79 421
421 209
143 888
888 706
79 575
575 331
79 13
13 133
79 795
795 499
143 188
188 281
143 83
83 109
794 517
517 724
143 21
21 499
79 773
773 230
794 277
277 109
143 573
573 701
794 471
471 717
143 260
260 717
143 593
593 798
143 160
160 189
794 857
857 706
794 130
130 504
143 709
709 2
794 533
533 552
79 806
806 211
143 751
751 480
79 28
28 109
79 592
592 189
79 677
677 817
794 903
903 706
794 375
375 499
79 437
437 109
794 265
265 591
79 877
877 109
143 272
272 147
79 760
760 591
794 457
457 829
143 400
400 281
143 603
603 135
79 721
721 746
794 216
216 920
79 687
687 281
143 692
692 912
79 369
369 803
143 296
296 480
794 82
82 817
79 120
120 534
794 508
508 209
143 48
48 676
794 596
596 746
143 177
177 746
794 38
38 920
794 39
39 920
79 242
242 567
794 182
182 920
79 845
845 133
143 495
495 609
794 118
118 230
794 454
454 676
794 826
826 534
79 392
392 817
79 763
763 703
794 195
195 552
143 263
263 2
794 744
744 209
79 501
501 701
143 283
283 504
794 377
377 567
794 402
402 713
143 490
490 567
794 834
834 552
143 203
203 230
79 848
848 798
79 74
74 147
143 914
914 912
794 732
732 798
794 22
22 133
143 355
355 609
79 725
725 135
794 152
152 331
794 576
576 552
79 624
624 281
143 811
811 552
79 25
25 798
794 639
639 829
794 445
445 534
143 479
479 499
794 371
371 2
79 915
915 509
79 19
19 676
794 238
238 189
143 862
862 609
79 669
669 567
79 844
844 211
143 916
916 135
79 29
29 920
794 722
722 701
143 244
244 345
143 464
464 552
79 278
278 157
794 626
626 552
794 125
125 803
143 449
449 230
143 777
777 345
79 522
522 567
143 156
156 829
79 199
199 803
794 487
487 2
143 854
854 499
79 743
743 591
79 747
747 676
79 398
398 499
794 723
723 817
79 308
308 2
143 755
755 157
794 519
519 798
143 447
447 701
143 63
63 135
79 581
581 617
606 609
455 678
4 703
849 499
557 717
60 591
625 706
568 567
78 552
263 157
142 109
243 724
154 611
308 211
258 509
424 817
691 912
433 803
826 230
257 504
161 480
644 534
669 281
161 331
330 189
261 676
40 2
312 798
174 133
27 713
253 746
123 829
908 147
854 701
586 239
515 617
906 45
149 209
662 135
443 920
190 12
128 173
823 766
843 761
84 120
73 657
107 271
240 740
376 114
66 686
779 689
463 345
896 855
809 338
539 493
257 552
786 187
397 690
541 390
384 599
909 371
144 351
292 908
34 724
846 692
408 552
4 908
525 27
758 205
919 625
387 245
688 591
116 643
549 621
119 20
404 658
891 611
683 864
347 159
778 67
650 628
934 1905 817
459 926
556 286
345 545
737 360
274 553
239 407
194 98
287 890
513 152
330 373
80 482
702 766
125 819
878 283
314 205
146 1
520 511
764 666
717 483
736 515
241 217
96 5
378 1
658 745
783 619
415 433
170 329
657 543
786 301
683 386
88 671
705 588
550 54
41 545
228 803
246 716
316 561
524 220
219 266
267 375
457 478
87 633
703 123
4 843
853 839
111 222
487 320
11 600
82 633
835 698
97 297
124 600
162 399
672 122
429 255
701 586
880 297
691 339
44 50
636 23
914 65
385 695
774 831
597 211
555 899
429 264
264 676
44 334
334 367
555 227
227 177
764 331
331 481
555 831
831 242
170 76
76 796
246 870
870 167
555 390
390 109
124 33
33 260
597 233
233 481
41 24
24 706
267 617
617 720
219 268
268 367
457 419
419 706
835 494
494 508
683 165
165 395
878 387
387 706
636 223
223 265
124 152
152 2
520 838
838 800
736 333
333 609
241 611
611 167
429 19
19 782
672 461
461 609
513 856
856 854
44 319
319 187
783 667
667 602
513 405
405 800
246 868
868 628
786 881
881 347
170 46
46 836
124 430
430 45
672 342
342 439
82 859
859 55
550 592
592 503
457 659
659 45
267 682
682 395
701 755
755 481
330 522
522 575
702 570
570 395
683 876
876 208
880 698
698 371
555 266
266 609
125 506
506 676
835 36
36 481
330 573
573 55
736 537
537 800
764 435
435 151
672 921
921 782
880 576
576 742
703 533
533 208
316 127
127 371
672 269
269 367
672 610
610 2
717 293
293 323
111 630
630 508
246 874
874 99
520 114
114 395
555 102
102 61
345 276
276 187
287 448
448 242
345 286
286 99
44 392
392 412
146 220
220 323
658 469
469 55
88 305
305 371
125 759
759 602
330 731
731 91
556 49
49 508
170 12
12 151
736 263
263 323
786 897
897 481
4 642
642 371
330 623
623 323
701 308
308 2
82 645
645 402
125 674
674 676
111 560
560 432
683 358
358 692
415 549
549 347
703 309
309 99
878 517
517 323
82 315
315 55
316 911
911 836
786 489
489 720
82 541
541 692
774 843
843 151
736 733
733 260
717 776
776 99
487 930
930 61
124 892
892 177
146 529
529 151
783 626
626 924
880 802
802 481
672 927
927 99
170 77
77 602
520 606
606 395
385 202
202 432
835 543
543 45
691 712
712 55
314 443
443 93
82 130
130 742
415 262
262 609
316 454
454 109
97 844
844 93
683 185
185 742
378 651
651 628
764 26
26 692
316 546
546 177
691 813
813 2
717 410
410 45
246 681
681 757
672 222
222 412
124 62
62 151
162 784
784 347
274 156
156 432
487 310
310 655
125 289
289 388
97 37
37 109
162 376
376 631
170 224
224 55
4 270
270 836
287 530
530 167
162 910
910 628
702 668
668 432
287 654
654 768
429 627
627 628
241 690
690 757
691 180
180 367
4 273
273 768
524 619
619 323
597 613
613 768
702 29
29 432
520 397
397 167
853 678
678 55
11 407
407 242
4 335
335 655
378 545
545 508
717 39
39 609
702 281
281 55
524 650
650 99
705 675
675 924
429 594
594 742
82 754
754 187
146 728
728 347
672 695
695 481
162 116
116 796
487 59
59 768
44 561
561 692
241 17
17 655
459 851
851 503
11 917
917 99
267 599
599 439
82 614
614 412
835 285
285 800
764 872
872 323
429 734
734 845
274 57
57 91
111 900
900 45
878 584
584 782
550 112
112 742
246 579
579 412
786 472
472 757
878 794
794 706
717 279
279 347
96 191
191 242
219 694
694 655
11 67
67 167
764 275
275 208
385 106
106 55
520 913
913 481
657 68
68 800
316 926
926 167
737 375
375 628
162 364
364 412
524 282
282 402
228 777
777 395
597 451
451 187
124 143
143 388
853 629
629 91
88 660
660 432
786 416
416 836
658 401
401 177
287 680
680 260
524 318
318 367
246 648
648 371
702 679
679 55
125 730
730 61
241 467
467 439
274 184
184 298
378 527
527 99
701 351
351 265
88 810
810 93
786 272
272 61
705 827
827 93
691 108
108 800
194 399
399 757
701 47
47 187
459 732
732 412
702 175
175 782
701 159
159 208
487 329
329 720
96 791
791 371
783 381
381 388
880 366
366 412
657 781
781 371
4 758
758 466
658 95
95 481
4 328
328 692
162 362
362 167
44 322
322 432
97 155
155 602
330 332
332 371
124 749
749 854
705 355
355 631
672 473
473 628
11 250
250 395
314 891
891 2
702 558
558 836
853 356
356 109
97 123
123 768
345 577
577 845
556 104
104 265
4 137
137 631
11 828
828 845
835 204
204 854
41 427
427 242
717 840
840 242
345 1
1 45
87 718
718 800
555 873
873 167
345 176
176 481
82 879
879 412
705 773
773 655
459 915
915 466
194 744
744 503
124 925
925 720
239 148
148 439
170 153
153 432
487 23
23 242
691 75
75 402
736 899
899 260
597 567
567 395
880 670
670 631
914 243
243 655
97 760
760 676
246 42
42 631
487 841
841 91
597 304
304 151
835 895
895 55
415 235
235 61
556 884
884 631
703 234
234 757
705 708
708 151
914 729
729 706
835 158
158 503
764 209
209 628
239 403
403 796
513 902
902 187
880 600
600 323
162 669
669 706
162 365
365 45
170 474
474 93
556 326
326 508
550 256
256 836
764 360
360 109
82 644
644 706
228 519
519 706
330 521
521 151
111 240
240 609
97 101
101 609
415 119
119 109
246 735
735 388
457 426
426 367
80 677
677 692
636 343
343 481
459 714
714 432
162 456
456 61
82 875
875 167
246 247
247 371
246 425
425 151
691 113
113 854
457 217
217 347
97 296
296 412
683 932
932 93
162 811
811 99
287 53
53 768
274 154
154 466
124 475
475 2
378 413
413 323
702 707
707 800
691 445
445 854
82 922
922 45
124 747
747 371
80 775
775 742
194 495
495 503
378 790
790 481
170 149
149 151
241 710
710 91
378 34
34 439
786 589
589 208
736 696
696 742
487 662
662 367
314 43
43 575
219 563
563 768
385 259
259 298
702 516
516 631
345 291
291 757
111 40
40 402
241 748
748 628
274 697
697 323
457 663
663 800
378 893
893 55
4 292
292 796
636 438
438 45
415 357
357 388
239 27
27 395
783 536
536 167
330 590
590 796
672 336
336 575
44 440
440 602
267 909
909 836
124 740
740 260
246 799
799 800
87 565
565 93
764 94
94 854
786 28
28 93
672 182
182 2
170 507
507 655
4 795
795 177
487 499
499 388
219 919
919 692
914 588
588 167
786 379
379 323
194 5
5 99
597 826
826 796
124 144
144 208
80 9
9 395
330 213
213 796
658 174
174 298
246 437
437 151
556 221
221 388
774 523
523 742
658 408
408 757
241 161
161 91
267 666
666 45
597 770
770 796
764 929
929 55
658 719
719 242
170 193
193 99
124 806
806 93
246 83
83 402
316 882
882 208
239 905
905 99
520 526
526 208
703 145
145 298
550 157
157 323
87 311
311 55
705 688
688 412
246 245
245 61
717 788
788 167
274 711
711 151
705 673
673 742
556 132
132 432
111 295
295 265
457 312
312 575
513 181
181 432
87 585
585 503
385 907
907 242
550 852
852 854
705 574
574 466
170 693
693 395
672 518
518 298
783 470
470 676
657 906
906 109
87 505
505 91
878 542
542 800
914 581
581 45
835 686
686 609
835 120
120 388
774 414
414 99
4 652
652 323
44 640
640 61
82 801
801 924
701 751
751 99
97 169
169 371
80 888
888 347
737 253
253 508
4 54
54 796
555 616
616 61
80 257
257 628
914 284
284 91
97 493
493 692
378 288
288 177
97 74
74 609
146 877
877 55
80 896
896 768
513 229
229 503
702 361
361 631
267 752
752 655
703 863
863 412
378 620
620 55
555 638
638 631
702 823
823 602
239 236
236 187
162 71
71 55
274 699
699 367
786 637
637 782
415 134
134 655
378 150
150 109
672 140
140 395
658 818
818 167
783 327
327 208
783 377
377 742
878 238
238 796
683 214
214 109
97 237
237 800
853 646
646 323
316 855
855 388
219 301
301 655
520 762
762 93
239 632
632 367
736 771
771 55
11 369
369 402
80 50
50 800
556 442
442 800
672 142
142 388
162 374
374 99
764 901
901 260
125 254
254 655
556 468
468 93
87 290
290 854
657 858
858 367
345 58
58 2
170 251
251 367
415 450
450 466
457 444
444 99
783 908
908 265
287 903
903 61
146 595
595 187
459 847
847 575
80 704
704 768
345 110
110 151
385 428
428 628
429 13
13 466
520 860
860 503
170 7
7 208
228 22
22 845
345 593
593 609
97 578
578 395
658 344
344 655
124 70
70 347
717 373
373 800
786 571
571 800
524 869
869 187
314 885
885 854
683 248
248 242
111 709
709 347
219 700
700 93
783 713
713 367
459 726
726 836
125 203
203 503
239 918
918 439
146 618
618 631
520 363
363 655
774 792
792 720
194 622
622 655
82 586
586 167
80 138
138 167
194 553
553 242
556 131
131 466
96 458
458 242
878 173
173 706
520 297
297 706
241 179
179 796
146 396
396 692
597 716
716 167
146 18
18 395
111 624
624 167
736 433
433 177
385 920
920 298
657 133
133 481
459 81
81 242
162 320
320 796
737 321
321 845
41 904
904 323
658 384
384 836
556 201
201 757
82 834
834 845
97 572
572 323
330 887
887 845
287 864
864 796
520 391
391 260
246 912
912 208
385 721
721 412
330 639
639 782
878 135
135 167
330 509
509 836
11 551
551 323
274 306
306 432
786 205
205 432
880 464
464 924
513 815
815 720
162 207
207 187
914 100
100 845
267 199
199 367
274 48
48 655
246 60
60 836
124 916
916 2
111 78
78 45
267 485
485 151
87 453
453 167
241 136
136 742
717 727
727 757
702 837
837 371
683 79
79 924
701 635
635 367
80 30
30 412
111 812
812 61
786 446
446 109
287 889
889 402
345 511
511 757
520 483
483 692
701 603
603 503
853 725
725 742
97 128
128 503
636 393
393 187
124 283
283 265
878 340
340 55
880 183
183 796
556 664
664 260
880 665
665 208
524 69
69 109
330 804
804 481
683 789
789 845
314 25
25 503
683 647
647 768
41 192
192 265
774 866
866 55
786 601
601 628
878 787
787 706
162 197
197 692
487 163
163 742
287 750
750 628
274 548
548 439
170 501
501 371
429 147
147 631
385 514
514 782
11 14
14 388
316 449
449 187
287 534
534 742
556 515
515 432
241 821
821 298
672 557
557 575
316 277
277 388
87 6
6 265
11 842
842 466
783 832
832 742
162 671
671 757
314 633
633 99
658 422
422 757
487 871
871 2
385 122
122 412
330 317
317 503
80 172
172 575
146 604
604 109
520 107
107 481
597 160
160 628
658 848
848 768
82 778
778 655
524 337
337 676
267 685
685 323
330 51
51 854
556 218
218 854
524 164
164 924
385 539
539 55
80 434
434 177
513 168
168 466
111 455
455 367
737 115
115 187
774 338
338 187
783 608
608 367
786 538
538 503
314 313
313 481
219 117
117 432
4 66
66 402
97 756
756 347
683 488
488 93
97 225
225 402
701 139
139 371
683 478
478 55
146 10
10 208
703 934
934 61
241 261
261 402
316 200
200 800
287 531
531 388
11 126
126 260
672 689
689 208
44 797
797 924
702 424
424 836
636 471
471 347
672 171
171 439
691 141
141 347
672 528
528 265
487 566
566 609
267 121
121 242
597 850
850 298
658 621
621 796
80 496
496 242
550 441
441 347
880 411
411 676
88 484
484 720
764 65
65 854
345 857
857 151
88 353
353 609
524 359
359 265
513 206
206 167
774 98
98 432
267 867
867 347
457 418
418 177
737 394
394 298
228 724
724 575
914 722
722 395
194 894
894 323
241 398
398 432
702 739
739 836
701 805
805 242
737 3
3 45
835 743
743 177
672 226
226 298
457 510
510 508
96 465
465 99
672 278
278 439
705 886
886 692
111 307
307 466
556 928
928 575
657 544
544 854
287 166
166 692
764 492
492 924
88 64
64 347
125 803
803 395
636 820
820 481
914 431
431 628
524 741
741 151
228 564
564 395
702 85
85 575
287 90
90 836
457 406
406 323
125 294
294 432
274 822
822 720
764 258
258 388
672 625
625 242
657 793
793 298
246 615
615 167
11 612
612 323
194 580
580 631
228 559
559 602
239 303
303 298
786 829
829 347
96 486
486 655
80 816
816 575
880 32
32 609
97 255
255 836
513 634
634 439
703 409
409 93
274 354
354 91
194 195
195 371
82 656
656 260
11 368
368 508
96 417
417 99
691 436
436 109
274 216
216 439
774 779
779 260
345 16
16 575
239 809
809 782
41 38
38 503
550 596
596 602
314 482
482 655
82 780
780 265
774 861
861 412
513 653
653 655
124 649
649 655
11 765
765 782
705 210
210 800
378 370
370 845
146 738
738 395
737 211
211 61
783 825
825 854
636 512
512 481
96 923
923 845
737 302
302 481
737 587
587 412
80 772
772 432
267 817
817 109
146 252
252 706
44 476
476 388
246 190
190 466
520 423
423 796
783 643
643 432
853 230
230 91
162 339
339 187
786 766
766 706
378 865
865 388
717 562
562 298
429 118
118 151
162 15
15 347
736 525
525 742
246 504
504 61
82 212
212 412
44 807
807 402
170 745
745 265
878 715
715 782
691 479
479 187
702 420
420 91
125 232
232 676
44 178
178 388
11 92
92 367
287 300
300 692
97 86
86 347
11 73
73 742
267 189
189 466
228 883
883 481
764 196
196 628
239 341
341 503
11 785
785 371
457 661
661 836
705 753
753 655
914 348
348 208
87 198
198 177
702 819
819 412
87 400
400 55
459 931
931 836
636 839
839 757
658 830
830 2
239 687
687 854
194 767
767 602
82 607
607 242
124 352
352 395
111 324
324 260
550 447
447 402
241 746
746 706
87 325
325 323
459 500
500 432
736 389
389 692
82 480
480 402
162 547
547 395
314 280
280 800
87 188
188 91
783 460
460 845
11 20
20 61
385 598
598 631
705 568
568 782
80 849
849 854
345 824
824 93
44 535
535 796
11 605
605 109
96 89
89 260
636 684
684 796
701 452
452 151
97 933
933 800
228 540
540 481
658 552
552 655
345 249
249 45
853 498
498 371
385 421
421 347
703 231
231 402
736 890
890 260
683 35
35 187
737 186
186 706
125 554
554 655
429 763
763 260
878 52
52 854
246 463
463 187
703 346
346 432
246 215
215 55
737 462
462 347
345 583
583 371
124 898
898 742
691 502
502 412
683 862
862 768
658 497
497 854
597 372
372 347
88 723
723 298
330 271
271 800
705 582
582 481
683 769
769 602
658 833
833 782
378 350
350 503
783 846
846 265
287 56
56 167
41 386
386 655
513 569
569 395
513 299
299 388
520 380
380 402
162 383
383 151
41 404
404 45
44 349
349 503
764 21
21 61
330 477
477 55
111 532
532 208
880 31
31 371
737 808
808 628
241 591
591 742
44 105
105 836
41 814
814 260
82 103
103 402
87 129
129 655
783 72
72 481
703 641
641 109
316 63
63 854
717 491
491 367
513 798
798 109
702 490
490 466
853 244
244 93
125 8
8 55
636 84
84 91
88 761
761 706
124 382
382 782
745 768
527 395
735 55
192 854
396 187
117 757
141 655
599 323
158 845
184 503
577 367
233 91
926 61
798 298
734 151
81 439
810 692
527 432
12 706
320 260
147 177
741 371
294 109
527 265
237 208
785 466
639 631
453 45
808 93
539 99
755 800
760 742
121 2
335 575
47 602
166 242
543 676
590 412
322 836
193 782
231 628
414 609
855 796
881 508
375 924
775 402
386 388
338 481
903 347
930 167
658 148
645 803
426 832
474 569
429 867
545 1
149 871
550 312
461 801
826 503
666 716
309 282
356 64
588 839
690 85
513 358
648 578
506 890
126 382
493 406
543 753
200 105
310 187
860 168
479 395
630 735
427 807
769 21
638 117
44 918
434 552
450 621
390 743
133 757
573 649
604 280
636 128
548 817
716 348
220 822
907 164
60 471
185 761
428 716
76 188
134 167
546 720
209 217
305 712
281 253
724 583
219 495
257 129
915 760
675 753
737 747
907 920
927 857
254 503
910 552
240 119
305 234
375 726
281 782
276 440
868 135
792 512
606 59
318 253
4 322
736 626
69 431
262 341
324 231
182 213
560 178
838 859
810 236
483 547
18 421
642 864
930 79
589 641
13 21
881 159
392 822
712 621
859 104
219 142
133 805
306 323
100 756
325 349
926 756
13 51
619 306
624 501
895 374
722 303
235 339
216 587
126 587
176 491
723 575
114 231
714 646
241 143
283 466
878 823
843 521
801 339
594 814
701 874
838 730
919 206
137 8
176 240
668 571
17 1
764 329
489 734
710 323
175 426
736 539
688 207
618 35
266 722
37 738
922 622
27 685
522 492
922 324
794 208
513 612
332 888
589 32
636 21
108 158
635 91
197 544
96 625
550 547
555 875
919 145
170 365
695 15
68 920
549 422
162 279
145 898
749 884
83 369
87 53
841 534
943 1803 798
363 145
530 317
906 942
395 862
743 277
892 851
883 298
725 694
675 471
914 241
867 130
194 809
158 484
274 616
221 147
348 715
193 41
553 285
749 829
716 668
259 910
580 759
388 71
873 897
820 152
639 355
726 431
677 832
205 476
825 53
475 331
9 394
804 618
755 473
425 440
765 120
265 439
665 188
575 280
534 541
679 687
93 137
614 247
291 369
323 360
493 907
98 599
164 574
65 889
866 18
814 357
683 20
423 849
14 621
340 209
749 672
672 903
194 630
630 641
677 444
444 494
726 135
135 155
614 316
316 669
866 240
240 522
205 673
673 370
425 450
450 132
765 337
337 697
348 727
727 15
221 591
591 641
274 525
525 66
221 760
760 132
98 477
477 728
425 283
283 932
98 631
631 535
291 86
86 597
725 53
53 155
193 771
771 535
340 333
333 745
725 930
930 235
675 687
687 836
388 110
110 330
395 895
895 220
93 540
540 818
725 185
185 127
892 33
33 438
323 585
585 179
14 335
335 491
914 49
49 303
914 228
228 619
814 463
463 132
259 830
830 842
340 8
8 30
388 214
214 697
914 846
846 466
665 255
255 756
743 379
379 512
363 643
643 728
906 852
852 414
726 89
89 446
639 655
655 234
677 97
97 903
825 195
195 579
93 858
858 720
340 461
461 818
873 674
674 139
14 845
845 144
158 415
415 836
530 531
531 30
93 417
417 466
914 752
752 343
749 798
798 154
679 615
615 745
14 803
803 898
679 137
137 695
867 200
200 813
867 143
143 836
475 447
447 838
274 58
58 155
93 50
50 293
363 419
419 66
259 884
884 619
493 588
588 276
639 933
933 349
193 729
729 518
93 583
583 134
883 705
705 370
867 252
252 191
158 652
652 384
725 564
564 841
193 94
94 836
221 280
280 229
825 186
186 818
274 319
319 303
14 896
896 808
575 299
299 276
340 851
851 557
804 647
647 649
906 71
71 917
820 486
486 795
194 267
267 289
93 657
657 46
665 722
722 898
575 328
328 81
820 78
78 535
683 876
876 343
883 779
779 836
825 198
198 642
348 862
862 262
493 292
292 303
530 556
556 127
93 225
225 494
755 381
381 66
423 644
644 23
755 544
544 330
348 610
610 182
93 865
865 512
873 711
711 134
716 480
480 182
575 157
157 132
65 940
940 619
388 460
460 330
665 24
24 642
804 261
261 414
866 257
257 596
716 663
663 669
804 452
452 370
867 464
464 537
675 391
391 813
274 568
568 728
866 599
599 390
348 318
318 932
679 844
844 808
194 662
662 303
580 847
847 695
883 180
180 596
765 376
376 276
892 658
658 903
425 775
775 220
883 829
829 903
749 519
519 438
679 735
735 30
221 117
117 220
575 809
809 917
716 648
648 330
291 36
36 330
725 99
99 229
553 855
855 535
158 515
515 697
580 296
296 522
725 870
870 720
259 916
916 250
866 153
153 842
388 516
516 903
553 462
462 841
804 689
689 344
804 268
268 537
820 474
474 154
755 432
432 155
274 312
312 620
323 61
61 667
475 397
397 11
475 936
936 667
9 549
549 669
873 839
839 356
553 509
509 491
65 181
181 303
205 604
604 838
158 354
354 220
867 364
364 23
892 383
383 537
259 684
684 841
914 27
27 127
291 698
698 108
683 603
603 446
265 170
170 289
665 227
227 546
683 62
62 162
65 879
879 818
867 704
704 446
423 362
362 132
883 402
402 446
277 220
749 313
313 579
348 389
389 898
93 919
919 667
743 490
490 390
866 731
731 557
98 815
815 46
425 520
520 600
425 634
634 30
493 875
875 813
291 543
543 917
98 555
555 11
475 190
190 30
340 718
718 649
679 424
424 144
259 300
300 546
639 567
567 714
98 612
612 898
291 37
37 155
743 416
416 466
259 709
709 494
749 527
527 154
820 298
298 250
639 715
715 302
423 918
918 154
425 608
608 745
749 147
147 375
265 168
168 229
423 701
701 144
291 501
501 349
575 696
696 838
639 688
688 276
679 233
233 370
679 13
13 162
883 810
810 115
93 441
441 15
265 442
442 220
291 479
479 414
677 712
712 289
475 926
926 522
221 713
713 700
765 131
131 177
614 152
152 414
340 754
754 276
423 418
418 697
553 133
133 262
804 586
586 745
65 305
305 836
679 750
750 324
765 751
751 546
425 372
372 23
14 263
263 15
804 488
488 132
867 605
605 700
665 213
213 546
194 55
55 813
814 872
872 836
883 640
640 535
749 762
762 898
14 427
427 191
291 638
638 30
804 161
161 619
749 342
342 932
906 517
517 293
265 790
790 139
677 744
744 491
749 244
244 262
906 670
670 132
98 817
817 384
274 202
202 289
164 87
87 108
716 584
584 134
814 119
119 596
866 347
347 115
814 574
574 414
530 777
777 132
164 12
12 293
914 498
498 466
475 547
547 795
580 719
719 46
726 412
412 557
825 34
34 619
425 79
79 932
639 656
656 649
759 293
755 56
56 115
493 496
496 390
423 907
907 11
164 593
593 466
804 160
160 714
193 724
724 155
98 542
542 836
93 91
91 646
906 393
393 813
194 172
172 414
14 59
59 700
265 478
478 932
755 100
100 127
259 627
627 667
892 457
457 344
873 840
840 384
259 623
623 30
194 523
523 134
530 167
167 596
423 819
819 728
14 831
831 669
423 70
70 235
493 577
577 66
873 52
52 179
726 401
401 466
749 121
121 641
388 938
938 179
98 176
176 596
873 843
843 191
873 911
911 250
158 578
578 641
580 723
723 932
825 788
788 229
675 114
114 46
665 761
761 932
873 231
231 262
363 776
776 646
866 633
633 491
98 80
80 700
683 136
136 579
825 571
571 177
530 130
130 818
363 380
380 177
530 321
321 728
534 859
859 898
164 481
481 649
825 21
21 695
425 352
352 535
423 601
601 745
804 222
222 182
820 264
264 23
873 499
499 349
814 487
487 414
749 32
32 289
164 793
793 563
530 861
861 182
65 545
545 818
14 107
107 144
98 16
16 557
158 47
47 220
743 43
43 30
914 710
710 234
677 451
451 579
534 653
653 155
158 939
939 154
475 353
353 491
677 140
140 66
825 753
753 229
363 885
885 818
906 782
782 390
14 927
927 720
892 345
345 108
274 361
361 576
814 440
440 466
867 828
828 642
679 175
175 695
820 500
500 115
475 821
821 669
883 611
611 15
906 125
125 370
755 196
196 836
323 882
882 293
814 258
258 700
867 528
528 349
14 929
929 600
530 559
559 576
575 850
850 108
883 774
774 720
906 691
691 289
259 232
232 813
425 773
773 466
755 570
570 518
677 26
26 23
493 270
270 108
158 409
409 700
291 149
149 234
580 436
436 370
867 326
326 293
259 253
253 841
679 197
197 632
914 4
4 15
614 408
408 23
340 269
269 303
9 832
832 134
340 538
538 795
221 471
471 620
867 101
101 330
804 338
338 375
575 827
827 177
9 863
863 728
866 860
860 191
164 784
784 491
425 341
341 597
493 606
606 134
323 943
943 576
291 778
778 191
906 864
864 720
193 184
184 646
423 504
504 537
530 237
237 537
743 685
685 370
425 802
802 697
475 272
272 330
65 465
465 384
205 219
219 563
221 453
453 537
743 386
386 720
639 732
732 667
716 741
741 177
93 236
236 375
873 118
118 134
340 707
707 262
363 218
218 491
164 420
420 349
755 757
757 795
665 848
848 537
423 128
128 144
906 17
17 898
575 508
508 535
530 796
796 30
340 122
122 512
867 77
77 162
873 681
681 191
716 868
868 838
755 888
888 182
363 529
529 491
14 3
3 728
575 242
242 162
749 889
889 46
388 207
207 522
291 805
805 597
683 371
371 646
749 706
706 649
883 445
445 81
683 358
358 917
425 359
359 714
677 834
834 557
867 581
581 302
423 357
357 30
388 392
392 30
193 306
306 235
665 226
226 596
749 878
878 600
493 484
484 695
726 96
96 132
679 54
54 46
205 315
315 491
892 801
801 30
679 495
495 563
683 63
63 903
914 41
41 262
348 789
789 619
534 215
215 343
765 654
654 81
743 285
285 898
221 533
533 522
98 39
39 546
221 120
120 182
98 598
598 597
363 216
216 115
873 410
410 563
93 189
189 903
675 339
339 66
93 455
455 808
867 256
256 700
755 560
560 620
193 717
717 330
639 217
217 127
749 426
426 579
820 833
833 596
765 106
106 262
575 92
92 700
914 398
398 293
475 22
22 179
683 747
747 144
493 178
178 932
677 73
73 15
683 924
924 344
892 336
336 262
679 468
468 66
395 430
430 795
221 472
472 535
291 254
254 512
575 103
103 596
755 734
734 695
665 497
497 11
221 613
613 220
93 166
166 46
675 837
837 795
493 602
602 813
675 327
327 494
194 403
403 795
9 897
897 115
93 266
266 23
575 823
823 898
580 587
587 808
665 105
105 917
755 514
514 220
164 511
511 522
580 439
439 917
675 351
351 667
749 692
692 289
291 42
42 641
725 443
443 344
221 102
102 649
221 112
112 293
534 637
637 842
679 350
350 15
743 482
482 343
363 922
922 370
205 304
304 127
530 51
51 234
726 470
470 139
755 694
694 220
194 367
367 466
259 485
485 669
193 794
794 576
914 826
826 838
892 671
671 303
65 406
406 579
388 239
239 370
883 767
767 250
804 88
88 15
906 733
733 134
388 853
853 155
348 562
562 446
93 208
208 641
614 174
174 932
395 550
550 512
93 910
910 127
873 693
693 276
363 925
925 134
873 624
624 11
804 573
573 522
291 113
113 127
363 123
123 932
725 900
900 576
193 31
31 132
388 676
676 898
205 893
893 66
675 746
746 303
873 334
334 563
749 368
368 579
9 572
572 546
323 320
320 620
553 373
373 579
679 311
311 745
363 626
626 917
892 920
920 546
825 510
510 597
193 7
7 700
14 57
57 619
892 909
909 375
158 871
871 695
814 6
6 667
755 287
287 81
363 618
618 597
575 211
211 250
194 766
766 144
221 396
396 728
677 246
246 262
9 431
431 646
804 422
422 522
683 621
621 30
65 768
768 756
423 780
780 813
158 708
708 667
716 109
109 438
639 72
72 154
749 849
849 132
804 28
28 343
825 150
150 127
395 473
473 756
65 651
651 642
65 331
331 30
906 437
437 127
580 251
251 289
363 365
365 234
765 203
203 620
553 84
84 649
716 650
650 446
9 905
905 649
530 660
660 384
274 294
294 597
614 748
748 139
883 288
288 324
493 459
459 438
716 489
489 649
765 325
325 154
323 382
382 576
639 346
346 302
726 314
314 262
274 854
854 808
677 661
661 795
323 668
668 494
575 874
874 127
614 552
552 700
265 941
941 842
825 428
428 191
867 76
76 81
675 310
310 813
205 387
387 917
348 476
476 649
274 429
429 903
873 822
822 813
93 458
458 46
749 40
40 642
580 739
739 370
323 682
682 842
677 360
360 438
553 129
129 563
866 2
2 191
580 880
880 557
726 928
928 838
530 942
942 842
493 405
405 134
65 935
935 646
158 297
297 127
98 856
856 667
639 284
284 632
323 569
569 898
323 931
931 370
755 248
248 115
755 38
38 535
553 146
146 162
221 558
558 262
221 308
308 619
716 503
503 46
825 378
378 235
530 764
764 30
363 67
67 81
194 301
301 349
193 156
156 356
867 187
187 262
323 35
35 344
639 260
260 220
914 435
435 522
683 29
29 917
873 690
690 537
158 799
799 115
820 204
204 596
265 786
786 303
873 75
75 932
866 636
636 66
820 411
411 720
716 582
582 177
340 142
142 728
814 83
83 229
726 736
736 642
553 278
278 191
323 399
399 795
425 5
5 898
614 138
138 132
580 561
561 596
575 507
507 139
665 48
48 139
348 163
163 343
274 385
385 695
804 645
645 795
205 797
797 695
363 678
678 898
749 881
881 535
639 369
369 596
914 467
467 127
683 763
763 132
726 309
309 641
193 224
224 446
530 622
622 390
194 770
770 191
726 90
90 700
883 282
282 414
348 279
279 356
825 769
769 898
348 781
781 518
906 454
454 557
726 188
188 390
534 902
902 330
575 502
502 818
743 394
394 898
665 126
126 600
683 785
785 132
164 307
307 535
475 901
901 557
867 230
230 518
340 506
506 494
755 869
869 30
530 329
329 30
553 209
209 446
679 800
800 384
883 18
18 546
580 590
590 302
883 923
923 808
530 617
617 512
665 609
609 30
340 173
173 234
425 322
322 356
348 791
791 303
93 60
60 344
725 210
210 330
194 74
74 813
65 589
589 132
726 521
521 191
814 635
635 235
274 629
629 836
575 421
421 898
866 913
913 220
765 666
666 576
749 159
159 491
323 680
680 596
614 912
912 343
677 82
82 795
205 68
68 414
530 937
937 557
675 433
433 714
534 64
64 522
340 772
772 932
194 145
145 302
725 877
877 813
265 10
10 842
158 899
899 818
743 541
541 390
221 25
25 182
749 212
212 596
575 199
199 619
825 290
290 343
575 554
554 669
493 165
165 795
274 628
628 494
363 366
366 127
475 664
664 842
892 44
44 182
743 271
271 177
158 192
192 600
814 890
890 838
749 241
241 229
158 295
295 841
423 505
505 179
9 536
536 144
14 934
934 375
98 483
483 579
395 811
811 466
804 245
245 795
93 69
69 177
580 374
374 144
395 434
434 179
193 792
792 384
814 807
807 756
873 904
904 356
530 548
548 697
193 740
740 132
725 595
595 356
291 524
524 390
665 404
404 250
675 887
887 293
914 19
19 619
716 594
594 600
493 456
456 446
906 891
891 838
825 824
824 182
348 469
469 144
825 894
894 714
804 625
625 154
65 738
738 494
475 513
513 262
883 758
758 546
665 247
247 632
323 151
151 356
98 616
616 695
395 566
566 330
193 111
111 356
348 816
816 115
348 607
607 563
423 286
286 813
9 592
592 115
363 702
702 276
892 171
171 600
804 45
45 132
14 449
449 619
340 1
1 132
675 400
400 903
323 223
223 132
340 492
492 537
580 183
183 162
553 787
787 234
274 730
730 818
291 532
532 115
716 915
915 134
716 124
124 182
743 413
413 108
221 243
243 600
425 85
85 813
716 526
526 728
804 686
686 756
323 95
95 697
873 806
806 700
534 659
659 557
867 317
317 144
425 407
407 234
65 206
206 646
323 551
551 182
575 201
201 494
93 742
742 66
914 699
699 66
9 721
721 903
363 355
355 344
553 448
448 324
906 116
116 139
259 921
921 795
221 539
539 293
534 857
857 667
274 908
908 898
9 737
737 818
677 273
273 714
14 703
703 669
14 141
141 842
530 886
886 446
493 281
281 303
193 238
238 234
675 104
104 302
164 275
275 356
553 332
332 154
614 812
812 756
274 249
249 81
265 20
20 597
883 835
835 745
867 565
565 303
820 783
783 154
423 169
169 597
639 148
148 649
665 377
377 557
698 293
712 597
445 191
573 127
426 720
391 808
131 842
422 714
317 446
508 262
464 438
380 600
166 596
930 154
848 115
367 349
176 155
95 838
310 632
702 289
477 177
776 903
498 220
198 667
62 302
501 384
879 11
467 813
601 557
255 522
637 641
399 139
666 375
315 795
681 642
895 649
869 179
210 818
713 537
548 695
920 697
711 512
89 932
77 518
296 276
574 620
281 162
252 66
113 15
364 466
860 669
735 917
227 356
237 134
255 182
200 390
829 235
617 229
306 836
624 23
80 234
411 728
526 546
312 841
603 414
819 491
170 370
301 898
881 144
377 756
33 108
329 330
615 46
405 344
792 576
297 563
456 619
463 343
230 324
248 303
124 579
202 494
426 646
902 700
237 81
688 745
789 250
662 187
321 877
895 429
413 191
631 228
740 824
827 512
376 304
296 706
180 432
240 684
897 659
13 133
586 762
372 413
575 59
749 63
32 68
94 656
59 836
605 882
938 821
12 82
383 215
884 701
515 220
913 145
916 149
298 682
884 865
201 390
200 931
311 434
216 818
337 75
205 379
637 794
509 834
254 317
184 178
283 491
574 682
397 593
664 404
312 155
402 901
314 937
435 15
282 466
256 112
822 279
339 156
205 31
562 552
372 123
683 775
117 796
224 700
876 358
608 467
639 45
461 656
418 34
796 116
752 361
716 409
754 598
997 1880 878
732 644
140 17
26 785
476 131
939 135
165 662
198 564
731 760
404 400
207 593
444 329
800 469
733 716
779 191
488 760
802 266
282 643
554 681
518 222
186 639
499 758
547 899
99 535
407 169
260 173
340 986
43 908
578 289
35 793
850 257
458 292
809 122
254 250
819 605
41 644
585 302
96 791
536 345
202 195
601 621
445 318
845 551
919 904
177 405
393 273
49 319
624 783
306 437
799 417
322 108
719 970
388 14
737 400
768 951
158 686
75 545
689 115
642 76
668 861
34 782
693 336
91 308
625 696
253 272
161 228
543 415
756 879
935 58
426 758
235 633
412 996
844 77
16 666
965 353
314 321
875 169
288 825
968 831
39 169
817 839
722 633
762 828
325 213
384 869
227 281
279 337
196 754
534 331
396 860
668 108
108 242
731 765
765 62
325 238
238 402
202 526
526 897
279 713
713 490
536 870
870 490
444 70
70 380
642 470
470 242
260 370
370 130
165 583
583 193
26 93
93 217
235 613
613 262
719 446
446 650
91 920
920 805
444 151
151 193
49 21
21 242
444 835
835 78
719 611
611 741
819 582
582 741
41 290
290 577
543 653
653 650
26 626
626 493
488 52
52 796
34 113
113 484
458 599
599 402
288 345
345 830
260 598
598 78
536 602
602 78
75 584
584 92
601 169
169 841
202 392
392 650
844 123
123 577
314 173
173 232
518 22
22 805
800 540
540 92
49 386
386 242
43 867
867 248
75 556
556 484
719 12
12 796
306 538
538 741
91 65
65 805
625 868
868 493
919 28
28 796
800 589
589 223
161 475
475 380
282 278
278 402
625 981
981 796
939 305
305 107
34 419
419 796
393 149
149 212
499 264
264 130
254 144
144 484
578 64
64 841
407 27
27 619
819 517
517 217
722 539
539 402
99 320
320 78
260 44
44 796
253 659
659 830
16 748
748 223
35 716
716 402
732 231
231 796
393 629
629 78
578 492
492 212
404 494
494 805
642 833
833 796
314 566
566 650
733 77
77 493
426 276
276 402
844 224
224 193
43 563
563 217
731 707
707 242
737 125
125 78
322 697
697 796
731 883
883 78
279 482
482 248
99 185
185 223
719 677
677 612
693 360
360 841
207 291
291 107
41 790
790 897
762 176
176 62
177 68
68 212
875 749
749 92
96 703
703 62
488 422
422 380
817 991
991 62
39 430
430 490
518 639
639 841
314 946
946 402
99 205
205 830
91 936
936 193
96 753
753 741
817 244
244 248
850 890
890 78
817 695
695 830
719 771
771 248
253 136
136 107
165 382
382 796
668 220
220 490
340 726
726 612
919 644
644 262
322 496
496 650
99 614
614 217
43 793
793 702
939 646
646 242
186 887
887 380
306 66
66 78
235 106
106 490
585 548
548 805
198 316
316 107
196 953
953 805
601 593
593 232
198 673
673 193
445 58
58 212
140 565
565 490
49 460
460 223
968 104
104 380
253 950
950 232
844 437
437 62
819 759
759 217
733 862
862 217
177 89
89 741
518 909
909 223
404 301
301 107
393 652
652 402
534 878
878 217
499 19
19 796
809 996
996 193
554 853
853 107
601 333
333 212
279 678
678 619
41 705
705 130
404 884
884 248
444 927
927 484
733 32
32 612
935 375
375 702
554 180
180 380
404 145
145 130
458 882
882 577
819 813
813 262
800 299
299 897
96 600
600 380
488 523
523 702
458 72
72 796
850 334
334 493
800 680
680 130
426 797
797 217
426 15
15 193
412 462
462 380
693 324
324 232
384 36
36 741
445 903
903 223
282 501
501 380
207 806
806 484
322 791
791 242
845 366
366 619
161 184
184 248
518 985
985 493
536 750
750 107
625 987
987 223
731 191
191 612
536 735
735 223
384 874
874 232
282 67
67 796
75 114
114 242
817 440
440 78
96 546
546 577
518 95
95 805
99 670
670 897
968 119
119 490
75 210
210 741
207 188
188 92
404 491
491 402
802 924
924 223
393 346
346 78
412 553
553 62
260 603
603 380
340 367
367 490
340 873
873 702
800 79
79 830
253 977
977 248
388 409
409 262
732 369
369 796
850 531
531 62
140 834
834 212
99 69
69 402
340 807
807 130
817 609
609 248
39 778
778 796
733 973
973 242
625 980
980 577
39 888
888 212
426 120
120 248
624 441
441 796
158 436
436 805
322 454
454 490
177 590
590 612
384 989
989 380
554 510
510 193
543 658
658 402
393 495
495 490
802 134
134 78
768 852
852 223
488 226
226 242
733 328
328 217
384 712
712 212
393 865
865 62
325 341
341 107
388 364
364 619
499 751
751 78
75 270
270 490
177 571
571 78
799 463
463 484
722 30
30 484
875 711
711 217
195 212
919 962
962 741
819 397
397 217
260 880
880 741
161 147
147 702
601 285
285 841
722 515
515 193
388 71
71 78
445 203
203 130
800 45
45 897
737 442
442 232
799 871
871 490
96 154
154 702
819 280
280 830
34 812
812 223
260 822
822 897
585 963
963 805
99 831
831 223
762 399
399 242
260 121
121 650
161 374
374 702
41 376
376 830
96 520
520 107
499 274
274 741
476 479
479 741
177 655
655 380
722 701
701 805
585 860
860 402
91 269
269 217
732 489
489 897
919 803
803 402
412 17
17 650
177 855
855 741
388 994
994 702
968 843
843 262
809 818
818 841
253 907
907 212
518 175
175 217
935 80
80 897
198 849
849 841
186 233
233 490
393 4
4 223
817 764
764 897
39 574
574 193
968 866
866 796
396 385
385 493
737 784
784 78
282 760
760 805
202 275
275 796
198 550
550 650
844 295
295 223
393 483
483 223
845 143
143 619
737 886
886 830
322 530
530 107
34 423
423 380
939 857
857 130
96 1
1 232
99 921
921 841
875 979
979 212
779 331
331 702
404 451
451 490
322 353
353 78
965 684
684 841
499 391
391 107
919 86
86 897
756 559
559 830
227 522
522 619
227 309
309 897
476 398
398 223
488 604
604 619
919 832
832 805
384 891
891 380
314 162
162 402
624 273
273 484
96 899
899 650
518 421
421 217
642 754
754 805
16 401
401 490
488 856
856 193
488 641
641 380
624 620
620 490
384 881
881 741
585 211
211 612
719 181
181 897
547 297
297 830
476 767
767 242
177 387
387 830
850 418
418 741
325 969
969 242
91 194
194 248
768 744
744 62
16 349
349 193
384 814
814 248
35 372
372 130
756 90
90 841
779 781
781 805
458 357
357 130
404 828
828 493
253 24
24 484
161 192
192 232
578 795
795 619
41 189
189 897
393 932
932 796
260 327
327 577
499 816
816 380
325 682
682 262
722 312
312 650
384 467
467 262
96 245
245 107
227 564
564 619
476 97
97 619
322 688
688 130
779 506
506 262
35 815
815 223
536 690
690 223
919 60
60 484
306 222
222 796
325 110
110 107
737 533
533 577
543 356
356 107
325 298
298 402
158 129
129 830
939 984
984 796
601 350
350 193
534 379
379 248
668 858
858 262
844 912
912 650
388 174
174 830
968 964
964 62
186 573
573 92
935 615
615 223
547 414
414 193
91 400
400 577
939 236
236 490
16 109
109 612
35 197
197 577
689 456
456 242
445 131
131 107
39 390
390 217
488 82
82 619
779 394
394 484
722 336
336 741
668 511
511 897
756 313
313 217
536 900
900 402
43 810
810 897
499 377
377 484
16 827
827 193
39 739
739 62
254 801
801 619
306 911
911 741
202 956
956 62
585 940
940 212
41 371
371 841
165 669
669 92
875 664
664 612
819 516
516 193
768 215
215 92
719 509
509 217
850 142
142 232
96 938
938 484
34 164
164 490
819 700
700 78
819 721
721 232
325 413
413 193
935 755
755 650
935 837
837 830
196 645
645 702
668 361
361 619
161 318
318 223
340 675
675 223
260 25
25 402
235 33
33 380
198 101
101 841
802 525
525 262
578 443
443 650
939 595
595 248
158 8
8 577
693 628
628 107
719 141
141 262
817 14
14 650
844 782
782 242
202 424
424 702
396 156
156 805
306 286
286 830
779 552
552 493
412 128
128 493
817 558
558 78
91 532
532 232
689 472
472 232
384 135
135 232
253 542
542 484
279 47
47 380
26 662
662 92
499 53
53 242
689 773
773 78
642 259
259 741
253 139
139 248
279 172
172 212
35 906
906 484
43 763
763 612
426 433
433 232
393 182
182 577
165 249
249 193
476 798
798 242
845 954
954 796
554 709
709 796
625 811
811 897
578 955
955 92
809 471
471 380
325 365
365 796
536 256
256 402
306 300
300 380
624 417
417 577
543 304
304 619
844 917
917 741
625 338
338 702
198 524
524 248
396 457
457 619
536 910
910 897
624 308
308 262
518 889
889 62
322 201
201 841
227 892
892 830
689 127
127 619
722 507
507 223
624 163
163 223
202 229
229 217
158 947
947 130
809 497
497 232
965 373
373 741
325 581
581 232
260 836
836 130
165 901
901 380
445 864
864 62
260 240
240 248
850 685
685 78
762 745
745 484
207 428
428 493
817 133
133 78
404 579
579 107
779 952
952 78
288 317
317 484
140 544
544 402
91 13
13 577
845 654
654 130
850 241
241 262
41 427
427 741
845 410
410 490
26 6
6 130
488 321
321 212
719 640
640 380
802 638
638 92
445 576
576 193
99 85
85 612
585 596
596 223
779 429
429 493
393 926
926 78
819 204
204 830
624 758
758 650
668 728
728 193
340 347
347 78
458 597
597 232
314 606
606 402
554 808
808 262
935 61
61 702
799 277
277 650
177 315
315 702
845 676
676 402
547 105
105 612
227 351
351 402
965 466
466 212
426 415
415 493
207 448
448 232
819 622
622 897
325 904
904 493
601 674
674 78
965 118
118 841
488 9
9 92
939 477
477 612
388 368
368 107
488 885
885 490
732 183
183 796
75 307
307 130
536 527
527 612
458 971
971 796
158 46
46 650
384 18
18 248
282 354
354 107
968 718
718 242
99 251
251 796
733 914
914 232
35 588
588 796
340 972
972 248
668 960
960 193
279 153
153 490
731 663
663 493
939 848
848 402
968 122
122 62
719 214
214 193
844 610
610 577
624 152
152 130
288 905
905 493
543 826
826 130
196 895
895 380
601 150
150 650
547 465
465 262
196 931
931 897
919 772
772 619
325 586
586 484
26 941
941 217
35 567
567 577
227 786
786 490
875 631
631 897
536 949
949 78
799 263
263 130
39 411
411 402
578 87
87 217
731 206
206 380
404 167
167 796
731 352
352 62
534 692
692 796
624 76
76 248
202 478
478 217
393 137
137 897
227 335
335 78
41 687
687 223
279 872
872 262
99 537
537 493
49 310
310 702
35 219
219 577
314 190
190 484
547 776
776 702
39 59
59 805
96 621
621 130
762 329
329 830
625 617
617 619
817 743
743 193
585 213
213 702
91 923
923 130
253 637
637 248
426 155
155 212
161 452
452 223
625 666
666 92
458 820
820 490
968 473
473 92
39 869
869 107
731 84
84 702
819 656
656 493
845 166
166 805
719 560
560 805
543 330
330 619
543 450
450 242
444 48
48 78
534 498
498 78
534 943
943 380
819 794
794 62
325 945
945 262
732 694
694 223
96 50
50 242
196 729
729 92
737 514
514 830
140 159
159 612
279 529
529 223
476 959
959 107
762 500
500 897
779 551
551 223
165 821
821 796
817 995
995 62
207 37
37 796
279 706
706 107
817 792
792 92
844 761
761 612
965 326
326 380
731 616
616 841
445 704
704 490
140 435
435 78
733 343
343 248
768 783
783 223
161 146
146 107
762 730
730 380
919 975
975 217
227 63
63 262
39 502
502 380
737 672
672 78
177 957
957 262
601 406
406 92
642 408
408 242
196 918
918 484
762 395
395 402
165 187
187 242
802 209
209 897
935 686
686 577
809 829
829 193
393 627
627 262
844 643
643 650
693 29
29 380
543 679
679 493
75 824
824 702
186 775
775 62
499 124
124 841
693 323
323 619
91 55
55 248
49 671
671 232
306 389
389 577
165 876
876 490
737 757
757 796
158 73
73 130
762 647
647 741
384 846
846 92
965 736
736 232
426 708
708 242
260 126
126 484
756 469
469 92
198 937
937 62
254 896
896 830
91 742
742 217
939 267
267 490
39 296
296 830
49 592
592 262
809 785
785 380
235 990
990 62
719 922
922 841
407 545
545 841
845 966
966 130
325 738
738 78
388 823
823 805
799 383
383 796
202 100
100 490
554 723
723 650
177 789
789 493
534 747
747 242
919 710
710 830
325 661
661 830
404 485
485 619
288 51
51 242
554 221
221 62
534 951
951 702
91 439
439 741
393 464
464 741
325 431
431 380
322 902
902 612
49 293
293 248
75 358
358 490
737 258
258 130
536 607
607 212
196 486
486 741
445 283
283 841
668 572
572 232
935 649
649 484
768 132
132 242
177 271
271 484
426 930
930 130
340 635
635 232
719 528
528 223
819 268
268 223
968 487
487 232
802 605
605 796
412 31
31 741
845 777
777 650
99 432
432 741
965 54
54 380
207 57
57 402
779 265
265 62
875 825
825 193
140 56
56 92
49 287
287 577
624 970
970 841
968 449
449 796
41 992
992 577
799 246
246 242
43 913
913 78
196 724
724 830
585 381
381 805
198 958
958 805
719 618
618 262
253 986
986 223
384 557
557 612
412 974
974 248
543 788
788 248
202 591
591 484
845 634
634 841
235 988
988 577
756 961
961 493
49 562
562 92
41 942
942 805
534 5
5 130
186 660
660 650
819 468
468 577
768 877
877 493
412 929
929 223
75 252
252 702
161 993
993 650
693 117
117 897
534 3
3 217
282 580
580 619
207 840
840 619
722 102
102 92
165 594
594 232
499 842
842 577
554 575
575 92
16 734
734 232
314 348
348 262
288 636
636 92
965 541
541 62
585 847
847 741
731 434
434 805
458 23
23 130
404 505
505 212
534 160
160 217
282 648
648 841
196 178
178 741
158 355
355 741
161 851
851 741
393 780
780 223
198 83
83 62
314 717
717 92
534 225
225 402
499 438
438 78
43 512
512 741
325 157
157 796
388 98
98 212
227 344
344 130
689 630
630 62
39 319
319 262
850 727
727 193
16 623
623 841
99 239
239 130
384 787
787 619
809 339
339 805
412 42
42 62
624 568
568 490
809 752
752 223
499 948
948 612
426 447
447 402
624 997
997 619
844 247
247 796
140 513
513 493
601 115
115 223
762 250
250 741
34 10
10 217
935 893
893 92
235 933
933 741
279 148
148 612
396 453
453 262
554 983
983 242
693 378
378 841
314 74
74 897
819 261
261 741
393 740
740 619
227 569
569 262
26 459
459 484
39 720
720 484
196 2
2 841
534 289
289 619
412 774
774 212
578 587
587 232
965 715
715 619
426 461
461 619
16 691
691 702
35 898
898 223
340 11
11 493
578 859
859 490
543 103
103 841
396 405
405 217
41 303
303 805
96 925
925 841
733 770
770 741
722 769
769 223
939 978
978 248
965 632
632 248
161 746
746 741
140 766
766 650
668 266
266 796
625 474
474 78
260 237
237 223
488 332
332 242
253 359
359 232
16 420
420 212
625 228
228 130
325 403
403 402
668 481
481 212
158 908
908 805
817 651
651 897
202 714
714 248
41 311
311 493
919 363
363 741
322 425
425 262
719 218
218 193
488 230
230 490
99 171
171 193
875 416
416 650
850 839
839 796
578 667
667 130
642 292
292 223
279 503
503 262
799 854
854 193
768 255
255 577
585 234
234 107
388 633
633 402
762 302
302 741
279 915
915 490
817 40
40 897
198 657
657 830
625 982
982 130
396 138
138 78
875 81
81 380
817 294
294 62
518 535
535 262
488 879
879 212
547 934
934 619
444 179
179 193
384 928
928 484
578 281
281 130
99 861
861 741
340 257
257 841
322 608
608 484
41 549
549 805
384 208
208 78
26 112
112 805
407 508
508 577
288 894
894 232
624 696
696 223
322 561
561 248
445 683
683 242
396 168
168 193
802 20
20 619
819 976
976 897
340 362
362 741
819 116
116 612
196 284
284 107
34 480
480 130
412 838
838 741
779 342
342 805
207 555
555 619
844 216
216 493
43 94
94 107
768 916
916 702
756 944
944 78
384 111
111 217
458 804
804 741
499 681
681 223
16 521
521 805
919 455
455 217
314 698
698 830
158 7
7 107
253 504
504 217
476 519
519 741
919 699
699 650
554 725
725 130
340 199
199 650
412 863
863 212
585 243
243 650
844 88
88 223
534 665
665 650
693 337
337 62
585 967
967 841
875 38
38 217
817 200
200 490
235 170
170 897
96 272
272 490
325 570
570 702
436 212
377 702
513 78
420 619
790 402
728 242
552 484
664 577
788 741
887 223
825 796
44 841
682 193
561 92
610 490
721 493
961 897
609 107
856 232
636 248
566 380
331 830
160 62
930 262
195 217
618 805
783 650
714 612
706 130
392 85
677 924
190 521
681 7
52 704
