100
970 9
3344769 2535850
2 25
52 8
16396450 3853
720 55491978
7 0
2 1605162
35428 33377
601012 383
67135 513314252
7649 16
28 0
8626 2
870362760 8527
634 289394824
0 9401
0 158658703
88995 80007
257 745348
32 64177575
43975161 4562
5 0
482581 964771545
3 96497
83 561575922
940 880325280
737 645
14326 76
9639022 7246687
19 2257
0 32407658
41281 60940220
1 9053
955279 401273949
70864236 618535
33 53626246
140718 90536727
2797136 50770
2 0
172 795161
3914868 641006488
323757 69
8280 0
7909510 5086
583403 6930160
357410 232712257
33832 64
8825015 707
8250 975994509
147 42
8 717051418
227984 8
14 31
59852962 54409259
51 208
5 368817743
61735832 21
4962134 1358013
4284 317
554 5985434
7 0
6562 0
6400 8161987
0 11364779
729 18387
8025537 883911
4 33
956694 92
338994 696326
0 875
61 25625748
304232 0
9486419 4563302
5 3956
0 25610
24602842 8424387
473073579 91
683287 59022940
56 329111
108540 2
944908 36612716
820214102 2842484
45261 18
783826723 6563300
12 0
67 45958342
929137729 146909495
0 433834742
0 3
78801560 606486
4 3
90346 280119
0 8350192
38 0
7597882 9617764
8 6774
988 553824111
69664845 35
0 318524277
