7303855908388128813192171648043735051410422317027183509956122019840
735523689494907931009059813686125610000077992508252506750869391214443992598683049461
54536063106056652842640498212048356521970205415863585895676810584250812220576
669486232853064744652161470101239736482583254167709708093320693158839958548720110613
291504034109344581445982195043031006149723534367722010866567952272775273278
34842607685477200283752407836627677576173755280308947
428984254016976192556487371
862080105146067541425207924920553499356908694905339423675775242880685038
97564746044858531399756169755239435627882473054789778132129763076157477931178700
6240483494909976072479888639442920810005230646537895586470534654981600125921414039818813972693704057
2903887070161679233848474706869515622191
348630300374
5936698833950802924667675275296189049408703817355399943220193928816567
106384139899479882065067586486626333107522967072907712537100199920434237341390
4051237025287935563842491501410616613014
46947017734075113964
47650665091159364493507901533972957458018907224259081808491174118779477910137374
98850038682034237479898304215325029466506845933853535175189660242944987651941243692128305
6916808766178683419022678869821764583187743623909196142620089687944085927737805307253304
5508863345457998884374326843353497965752678152371805319698101869494739119943962426013347695276260
8968426310222015733163502197773126165505744399365158898299887441453987566654999
17598014188016864404458
7535695374041652392378141886422024285575695483349985953902176688
1702258750881413282518305558402281367192684120919006859401998621440544067979179528597362695791
93077988227899659178915495876551428804568959437428564489499997848924697023598048082102994
56546679847885665329678725871699244605619586711276064734784778318702510756412633222308
98206638938406021607068224957794182069782259300227613229915603471068900686595725324273
577395227624187865615180555246111436441275181361493408231154499331415328035820804177926429535377
452316649251827329692187396820576001094544613814651299512825293397685241588282398026220016487339496
785409253249304601184095843432672292406194948559373195915721585200003736238900743130104646744405
20604032275927869987175367788
13043498975324833717784570217377336277398200310374879934330233458824691557812072143050002414037
705478428239489838682214480682541514309738030350784390891153065805188173869709
52579257845812633885714
3151950423572835952251026600666290423185
8488878375745858648541129610784236553617197789374783393329476345469385976353306479272
988997008758718820392144782934524087119515736005883281207257563037766689311978
2029544835277613882522942241829332096344803
76643565817974293340012296
545633050945789109883965019479285292684243241402008784518157349374747009967283626909540502078
70602876053325257689738002198556865300835380289169350234698427924188
3879332541935656605731187073021868714377602286040456512975681371539178595171806582227977464124
1668290002068553610279921150958077062544513356623709437358336454926403230693377493815713565
280204153742882700888746029260024408243309732920718455836200621
213351635755430998562876846332499970036477971376275634294059935394571661677716
51988079323192829903490797244143872507261297454
579538033386169060390867777267689572649628372074631977381905930826402169454495111383416149800
607902431141819854452324523287556023855745968217990646670852133428075701529510947374039244385
3465796968135011741098024174522234634530147579598829815724726
740878111491
378257665435883687847353979014034097106726047955664711615567053840156
48900541077835105068304727279942105504655116254998540076073709221237109524633679453663231
8673033298587438204377140325209241778902337927915710046675649015686814303903965877593
7935079310244934185175449829997056519655872508868103458672
766667485800569651744
8332264272707284960800743506595551021539097588283838561196126890070490900
29073019899903579862108820318592676755455501983053
9132780405032779451818448299
1070066201622083557954648337892920846908122739174106479344147873210109504746905099325
4046422345852460768012573629406259390232923928583843699854778494489351541008168791653782
9975691609575414292412903786750120557135173846457
61392654155287615379517041478502914457742192747734049296309376032122738984365615580
21479980797902400643857402874723
836165762271132332384857848197309332177593696257614187254121895479474565457583325464326689521740487
1991983663057511875276686337549292379970467303031989840246759347786038249117974091839210903903322
7468978491964
5357326404364953577030640762980541400435199115507088417761801732545639322881778673044477
39400573316196948916285641554237497534304174981043659
26147003304648199248593972346490996580895730265035028181520045180324998775
2911422231664349767555855823905708612
3545720600231561915849413820967348963907574194840560293
88987346208930642197697542618752793387316994715573098236630659232344001646270882037097165961041
36419579693284343293752458837290216358854758772143272639357837536724342160999968038676847943359
4397668354539788208562841462535747681
14942611237888859333418375507161991680670
24963543722688081826601489425735511735791620680707575243659033568411013169325381
706064207260415823217004789102504710149539201970619374293840207505046093392584285529389783971082
16639821487781849006699470242584544946023624418268747665539610301520693800908705334271926707703
95160665153932943272143531590781439369626105354274366570
765045754474
82580263366643586305749005459870538148196660133700186859995310157364
37521437549022235323552645225097228472382426315749825531142832722514
9657333083676647447811819387652344654988110348771205020200994911169960161971446429297592092
2148540702815430460106470088052698247753049
7360907152621274007696876841573927948633321
208170223064188399084854523004638326
6008210340833617424540470113599225218629517125946051341018039233514115598070461245725061629316489229
979080445322990134731456256251156175401419985
343224150017461312138043666455808488672202579259926096753745526905037055052275560537256600733924
356972739566780468013714401200660360822292550479661779443
460814784023383201777071923454597185456339946906941067514219833673800898824054341551733975
6229410836774067101175563348278738580510909291927227343471549007997960951
25334527029295242263848094539520391223890698628017986767
9888822230776530857116654209627631062080650212410501978759235554882724744158510522789697081058850917
3975112526867854589100475858459074155664119633547075691142963723554667215788378214
8082865606705055604111035144290963217870027172698370597182441774560924701657045301699919540755
4837994313651701631988065001400382378829836199251072168552617771947904003371912236
1621129279724270893757342519979028137982044891
3716371086222567054114931450009469042307270586664481061962
572494509052474520786640307851460945825012777976433238568425091544436265246976560579208412730866
