12541212342083040812060449262818633495172
20745263125772391645591414832185088398269246672175508580886885278332044121105016849864730428469
66346514328514945375627182102513489723479831144475142083531228007
9635229277882287210288486157806769587890911065971937735854808666928732109
56402015268451591258396364188293373138391342848247036901612543038376983529567518241186250878
71357743157665718328871577727335216145553716660246329
775605829706620159495241638201705386318241498048150252684245
96397936946110822099542826957938911591162944631176509532964257755427316806153286883677475
2346957941457451211849371528023671826439424165385290053858228502434701766591588254922
1304961668919972818233536864739640139422784698089125966545909916305988494814239868088282364185
24069283096746649083624382793774170387562029331672895747778950954743723
314849557018685501857190543864932274801498390107902686258916497683644448805609981748204
8300458364009437665704370056032628799941410544247004837764332056691892965175696988123
830773152608391396914511446960064652411961118135307607
841572815386405231580179305231860747633746652878497667477103330794
9955896878963540564471518249100638140127562530589067916887770260988305938688
1426240001500634783570493842966242379019204327663862553924124098807254731
3540897896624673987657444732491475649178374468297410574276203243096
890879088289592252611767971182977055929555521163363763115142942916967948084055
611357756893755630445828526151774937006487461318392461240629163637790811921962730174084
73793916126232295754457755668730949211478899617510514042890105379432852160847
748214692145496907493551791443660400449631281194789724139090279705800823906428775313311318345793819
6266342856355955060675388903
27079335852548841030964485105862526985263180656282461133128341492429493975717989034
922650317380346214847097170794129494099671755810582719762529116806921709843850952965992406
540048646160803832675049278568695532386159612122256698
7699876093826715529447234966679331423659405146474257004
658335920537050913841013419819977105115985251211307561687676
581337758957195239919685810501484337984759356874822142487
6472560372269059018340520714341673598201510227232105796653
33356284750000382292047363647388317412760532357565567338395576116
826015468906976304770103697497605873094175287022357216799021005401901332794310597207435170692679
446265289535484459028038404079244986070800140675727604898873342942842297807820350321
10112466029460153793094351248217130936931094078561750798208492182010380673391282
52486683581712558187516690508255681345137039922641
4142404531574594592740331789614279543475489029476004133
28091279751491987871458850635120588892759241372186495
783746320330202787558688053563907577963052704779376043330177731963819560530530291385336119350
5288901427047161765104289760177786028767802297318
8903051516371205726592192436234220533685479738162869830211941354
1992198527928829967805586614341225350102541420095489365542330791889502709
742781194125177929648218432675692109535050409895613019085611750668564931024824932119369
626701125721086575494222317968342038506605045676826758761860391946808
72456439824260406290698113505061627470115333264054199631
971885483893797679875840461937586728933373753
1801877856560166948285736126150344481033719776648764393712348664153909926404406188
544602837377358594
527953890400869603767395646592956330743151287312278346023105117652206539098
2538749779558791074592101882839871225033343932925177894312443
584561706941554710644688443687393269066008254691059209941626705586429084500541376845308660368
97263060159300084558179790833371736957559601910372565616856167863929509759161414331802128119389852
4271149498383657700885613427670849
1142165776673413436217057952417608350068637402981996778246265203238699057729396241894859638356025220
679287373728378154757062661313145894371346766557798132820734089957150893277695044580243185
193555016925097598576684581434863189070252033706227634327340840
9996144103166286891947368626196629099427208889375536766
274965644595639070890435370228392549220575742755255511632293769494883
86449588502241123253985297188804986581389895677073038773
8029168211988923528831277193215020344367836
129976396582494850218417636807880270392378971067377105336482596949087491
2890087943137502267215894924261441617591634319209
27123503560251684130561454880020906506151981484249633279952005608016601329376875
51472727764793688889204736585161150523387797211312925320896519572445906030818838085659888
4591894538998596356731411831312759724527823935853619307534408883174563147506646276333722088844218
9644800462606114016264436868096412401330552807404388
2849524627085875742556705021152397037401544488956172781041111501396659059867605084752921955742955
544898083107123735407553715213244573012234357897529471749066913634254871241576584446257361606389823
30391176928361096396227733544235022124613135
725959491455138692675710247191254791961
3894096255581305221615903492303418298994449979364674103439396355517572803018180587818898683023763618
14324514537778853585933720465287420143673915548182313599790904400042630255242039235739269
6958963681712939375212566187435724
438158444594906257539585168918699149493225749493041123915899591132
41395930201404036673905428648151140976605524364261072168741876
144667509568454455142805659865179011936174196233733463323225185755473817274655968841095396219
454516123140867759420949509182613977438484942802352510
504938957064820490957485708299419275
32245330801134784278305904015640669239103909960979659276915010930929802766980197612810
706515279244062337921103907591437528260935884455862860
24830667743561609934866711362386984998761877049944774602884519438578060090480126
126639704432434161124122555954502982451695653265060889361852831221116554865188303659535523382151542
418006381681837268535278980165174599717872686305460320054858575468
44571038810561462435896769679256142847809895650238169308809706443395191025815141767246
8189364059396281858905313811857358745163391774646722014575249912772814191823214173
16194972518354143900656235189338793129784618484627396539978009619092962421028201460113111940297
5881611643560320970576839022738623008752404981468069
368140138370474115080126315651258814273193369784202187062395932392065840526947057123388288
868757428746364903888436319826545973754037964449773315832918467568
95584076229103867765542881389644741727239424090903217452304423327662658949
210419706239333613350878793650848675667583940689434878118127440586870043627082832101320625982362
3942836199011460751645461951417705
619831377472134668259
159496822718087236260418614047578897389400806514830563806906867266086335256994860534196365701407
37536535560946540230478576077899924488054005530412908577080339552322041012427383932386543565071454
58679109976276432321670896257853555128830
77083694491378629455250664481205556114552677272622623822814321595439795850535976115373604607424
3541034143124866287702644069771624855696691267017
688275634547408618229029493062382298706203262877590287905607782625217752132206
19422266526260321181151000086802306484950091330311438193934317260612178476931067888
44704525650240408974126770168722585271264287150271881833871628199228181
