12610818641657521048442621925944330307851349982917818591585978992395213
1450841796723718936872111564470547660753317909712384112092031704429810609
79717743510563412921074203766
38337230862563080637326520745517592150834256446804430746725941871100482159995968878
9670646572867620341951286402838784311
1955190517331331247022207588785677814842709205778125572665959627495064896729607728276231124457392319
881852860778797289586252987784863856974313578
30074435605230302893
19936712414758727352890734170848156357525934201980155096922900139878
77360043631605956404716730518602130863224413864099566234533391002970
82117396644013956811114361799613236412299806660673562109919852895973002075783390111831969134841
7349841270667653753166150813107090842616351178643693217529094752323295630294052
2996651868591391274073450212252976633091112236980232943872289126352873196527535271
4488060557709633563183710038645152848
7333699040130501
1470659870630549757356681147374640807493495192216346850676113827048609
1404844997404875191755180377756619006018531956858559703584053466216517206065944263954
65374285846433122878980272
426025714342664708236019858112020478205184780805286064645761407197703
3971562722755845869997706462430840354310511567984025980772582136999361614
3340334373859956664975250427908244762811921342732434393916516016804916200171918590179603
469119421689889070699506601603236672919470210322586386727021357597353312980059350902253975336182
4233015585192941942518823301005140158360994536535143492195609966219378020195123510
99711572758317170966665130188079117063303771062701190239264486858785108220802828813007511117799162
47038492190983088680515342698599417167476
41828350450495645742711945187862927801414025966597833623111342654345832800428343
553892192305516718972909304383300174784802027883853672853634568233488060259744322
349218273177257212454807289481699388246461617676282516823849426782582035624478122544133146
25628555543357656170041313429669786135822608529177513019499080842
8501918418591006102720143434092300510596268619534605121781216548970438142123735
359407592886074860125139179265463314351924034777871466788100985448564218939115748022270881863
752726507085262759240431063279360575234368126084966858536299
620641608193052524860923060651447223871472541432097870070063739591712741147965351691776329
6249728975634478225343043181493028667112960
90911170156172831295624169481570746616612454537824654907560724680642431
31096210692300315124917927348205841425546766844365665561534798477812742791897474962717223663
3184373707143066235385204499073643456604
323083493644328777608123596701515483011680139175588367948725972982968842
742760239257250479453434476083371175216335034990756965490654091138015940984909
278405753477100768913402354
5903460605962931056458419099742899293611463988965005628714689337667900188985025344835445
7538450888902865176685668155570968936804254374982875232129542869660683804600934
2975748222768642926097282156484785848
119827606340272737
2888174615403701607976837967410876025303214262213156675157927879887016247275129035
8032204748264797089387027650606967957247644675581470956298739011303448554170173223296268737
188130792620895274458562204804017024601986207335851653456337111153023657902984045580277837560
10698796674823266220619383690357614803628263152517603034215568674679988214355777760209495216
11345204765456690619404177970756812437828524316065723995160179789997009120022270963529528689
7255778402416140116933323039174467308589446570750
782622529778983250245466252970825
739957881355269089828939990245150339568403645071128444675323532629872594099407372143520920985
16340298314696099779488021480205652059642153740226911652107729319719005651880
23568136753721121800
885361698041879605134455987470260705719617728412376926267101665910378094884318244591691063403684
629320806614855663985613425981968382896656824737599
2466866545909440432576222097722025691984772478246868299950994
43328095600698498205131148292807677529405164918878911086470805682886309000769623495607
1073175070270579994028089431017120591438709922061698348952667069546659432459640394044
23509709587438636503150898893
8490936069076085185298753578221489831
17309045302338911432280109360519680866732301719619539219966032908797413
5873047895649291459883154870896476202123776799772116
46419341605561215909482514352403150
14367231225092687200630743584413707653029255028879616291505140537905069075513923434914
102499719069740691185660982259940
61264563605230445254343697791162314296799039428901939287918564469177929345372453094264891723
8902257180612881476377395958608217743747877580691383752882364412861174160805626909360487208916
4142858913125414493041829107931381557
3203666215901592599819515314321248008879263055158697532241354197248212108670040097
96203445070114228816773145808296332105167901077891019564174796687633877897091997277786
1773442530757398073821585937839859794285159713267181328241028114718962667196254
544895954705979304792545478558161893025163105115918551331739451619302818623324062
35786329982374613420659519943183943323134715391012272242686349916573
321388144502454267090586492415405650169716758230524692923866783752321286165
22689411401694937306722141199947018081360681699907207647335262313942167249752647861101007
556472149320639629578590989858813822550746058438689036221537365386
47492597410021457179338781009510245794336662454837957520398408012548423073824308760438
712306231237368583111361466771250118277078237535175184627419477164365692399258161380
26980210549483132198332850545691703072041822
86160904302283151491653517196554538211833854288250447117748865088443813662830786781592585312749329
487775127116155401002297351981950950265546792399735185587171523267
6083880390266323059915471261942194918917963475800214630908782149479749710222720807827465989597
1169910138346340674934697311347270887
859710843389380139990890135662207008273452478851917
164622451008135220941708
90361350886020790804856025445515602884222689714620017799827272150384380052653408291302687
458661142577750886205474697190283032665625988967160698128809860791675374863049135
6043907994665957425275547525275048499614094812022779495857306911320909091868682147068902036
39909855972435466270581596935297355071894547
44786329749600041333400945654079982129657250255476444360337800395
880805440309812069321633052852339967
98109448181729544742097891207545855501862862874677815895625487847520932664
4711157993578746488998420086499366824832626
46780627518475622757824427307165473026622143008523333480254632
9984932786769734973221351082702518461193813682837200445864310
18111293991103554028699508184740980529656191593177691658255557720079655139300120082251561327143
334059516636788828011372520772102724612402744250507756908656505945397030979001530559857709043900
881113282505299602720674694402199757656204149941830376963132122128524028682403161266884578127732
72922938562935964457500725468788839913665631077844468948265862624041761147045838
