5
97 191 86
51 15
32 80
51 5
5 11
51 63
63 86
51 75
75 4
51 93
93 86
51 45
45 86
32 78
78 4
51 70
70 11
51 43
43 96
32 29
29 86
51 82
82 88
51 71
71 7
32 18
18 62
32 34
34 7
51 61
61 11
51 8
8 86
32 83
83 11
32 56
56 88
51 79
79 88
32 92
92 7
51 68
68 4
32 97
97 96
32 33
33 7
51 46
46 4
51 27
27 7
32 54
54 4
51 52
52 88
51 59
59 62
51 42
42 62
51 41
41 10
32 67
67 86
32 53
53 62
32 77
77 86
32 73
73 4
32 16
16 86
51 60
60 62
32 84
84 62
32 17
17 62
32 19
19 88
51 31
31 4
51 39
39 11
51 36
36 86
51 58
58 88
51 23
23 11
51 24
24 10
51 76
76 11
51 64
64 11
32 1
1 11
32 44
44 62
51 35
35 88
32 22
22 11
51 12
12 10
32 25
25 4
51 20
20 86
51 95
95 10
51 85
85 4
51 81
81 88
32 38
38 86
51 2
2 4
32 48
48 88
51 9
9 88
51 21
21 10
51 50
50 96
51 87
87 11
32 57
57 62
32 66
66 11
51 14
14 86
51 30
30 88
15 11
51 80
80 88
32 90
90 4
32 72
72 10
51 94
94 11
51 26
26 7
51 74
74 4
32 91
91 7
32 69
69 86
32 89
89 10
32 6
6 11
32 65
65 88
32 40
40 96
51 49
49 86
51 55
55 11
51 47
47 96
51 3
3 86
32 28
28 88
51 37
37 86
51 13
13 96
47 88
87 62
63 4
59 96
65 86
80 7
35 10
19 14
8 19
82 55
69 28
67 44
84 31
87 57
68 37
52 26
99 192 85
81 63
79 43
57 44
13 54
97 59
27 61
18 63
97 68
68 66
97 44
44 6
97 38
38 80
57 64
64 66
79 42
42 6
13 30
30 94
57 12
12 80
57 23
23 10
81 2
2 80
81 31
31 80
27 65
65 66
97 37
37 94
27 43
43 80
13 49
49 66
13 36
36 94
13 89
89 10
79 53
53 6
81 9
9 60
57 96
96 6
97 17
17 80
79 82
82 6
79 4
4 94
81 24
24 10
81 54
54 60
81 48
48 66
97 1
1 6
57 39
39 10
57 16
16 10
27 41
41 80
13 88
88 66
57 67
67 66
59 94
13 51
51 94
18 95
95 60
27 46
46 10
81 93
93 94
13 35
35 94
81 83
83 10
27 84
84 60
27 45
45 66
13 62
62 80
97 85
85 66
13 26
26 80
57 28
28 80
81 92
92 94
81 61
61 80
57 47
47 80
97 29
29 66
18 76
76 80
79 32
32 94
57 21
21 80
79 78
78 60
13 14
14 60
81 3
3 66
81 72
72 6
79 40
40 10
97 7
7 6
18 71
71 66
18 77
77 10
13 22
22 80
97 58
58 66
57 55
55 10
13 20
20 66
13 56
56 94
13 25
25 6
57 69
69 60
81 5
5 66
27 74
74 66
27 99
99 66
18 34
34 94
81 87
87 60
13 63
63 66
27 98
98 6
81 75
75 94
27 70
70 10
81 86
86 66
97 8
8 10
18 52
52 60
57 91
91 66
18 11
11 10
13 90
90 94
81 50
50 6
13 19
19 80
18 15
15 80
79 33
33 94
27 73
73 60
99 94
55 6
41 66
23 80
45 91
48 34
43 14
4 20
89 3
87 10
47 40
5 94
31 60
65 48
93 198 83
16 65
63 29
63 77
77 31
16 79
79 1
63 90
90 1
63 9
9 80
63 60
60 82
63 27
27 82
16 64
64 1
63 73
73 82
63 85
85 31
16 14
14 31
63 66
66 31
63 28
28 80
63 7
7 1
16 37
37 82
63 25
25 44
16 39
39 31
16 58
58 44
16 86
86 1
16 23
23 31
16 38
38 74
63 3
3 80
16 57
57 82
63 17
17 74
63 47
47 74
63 89
89 82
63 78
78 31
63 67
67 74
16 35
35 74
16 45
45 80
16 40
40 74
16 42
42 82
63 49
49 80
63 62
62 74
63 34
34 31
16 71
71 32
63 53
53 80
63 8
8 44
16 83
83 82
16 11
11 74
16 15
15 31
63 84
84 74
16 43
43 82
63 87
87 31
16 2
2 80
63 41
41 74
16 22
22 80
16 69
69 80
16 12
12 44
63 68
68 74
63 4
4 80
63 88
88 1
16 6
6 31
63 59
59 1
63 55
55 74
63 46
46 1
63 36
36 44
16 33
33 74
29 74
63 65
65 80
63 75
75 80
16 5
5 44
63 93
93 44
63 30
30 80
63 21
21 82
16 81
81 80
16 56
56 80
16 72
72 32
16 61
61 32
16 54
54 82
16 48
48 1
63 13
13 1
16 52
52 1
63 91
91 1
16 18
18 74
63 50
50 44
63 20
20 74
63 76
76 1
16 19
19 32
63 26
26 82
16 70
70 80
16 92
92 1
63 10
10 82
16 24
24 32
63 51
51 31
41 80
47 31
37 74
11 44
4 82
53 32
50 82
47 49
45 71
81 50
83 93
90 28
9 43
13 52
29 93
72 10
34 5
36 13
8 70
78 87
22 18
39 22
86 12
48 18
81 13
65 70
79 5
22 93
36 20
93 188 78
41 5
43 72
38 26
32 83
69 90
2 53
48 7
57 86
70 25
69 56
56 33
57 20
20 91
70 67
67 42
41 83
83 33
70 39
39 42
69 11
11 33
2 61
61 33
57 8
8 33
38 80
80 91
32 15
15 91
43 21
21 42
48 77
77 42
2 13
13 33
69 10
10 37
32 18
18 91
48 50
50 42
57 54
54 47
32 60
60 33
2 22
22 33
57 66
66 33
32 78
78 33
43 3
3 33
70 62
62 91
48 81
81 33
57 45
45 37
41 89
89 37
2 5
5 47
48 27
27 91
48 58
58 91
48 86
86 91
41 4
4 47
43 76
76 42
38 64
64 42
41 7
7 33
41 59
59 91
2 63
63 42
32 25
25 42
57 68
68 42
41 31
31 33
32 75
75 91
48 84
84 37
41 40
40 42
43 12
12 42
32 93
93 47
2 34
34 47
41 29
29 42
57 19
19 42
48 36
36 37
69 14
14 47
2 71
71 47
48 65
65 33
57 52
52 47
43 85
85 37
2 17
17 91
70 51
51 91
43 9
9 91
48 82
82 42
48 74
74 37
38 49
49 42
57 30
30 42
32 23
23 91
38 6
6 91
70 88
88 33
38 1
1 37
41 44
44 42
53 33
41 35
35 47
43 16
16 47
70 90
90 37
2 92
92 42
70 87
87 37
57 55
55 33
48 46
46 47
43 79
79 37
41 28
28 47
38 72
72 91
26 42
69 73
73 91
48 24
24 91
72 33
67 37
3 42
51 90
54 12
70 40
10 16
46 37
59 17
58 84
62 28
58 1
61 81
69 78
76 12
5 59
78 63
60 86
51 46
80 64
81 9
76 46
20 79
93 195 83
79 66
33 11
26 16
77 18
69 12
86 1
86 18
18 68
77 23
23 22
26 50
50 21
69 60
60 21
77 82
82 68
26 74
74 68
77 11
11 21
69 27
27 21
26 17
17 68
69 14
14 22
86 80
80 21
26 42
42 21
33 84
84 21
26 59
59 21
69 41
41 22
79 65
65 68
79 8
8 3
33 76
76 68
79 93
93 68
69 35
35 22
79 39
39 68
33 43
43 21
33 89
89 68
33 31
31 22
26 81
81 22
26 56
56 3
86 6
6 21
69 20
20 21
33 2
2 3
86 37
37 22
79 15
15 22
33 46
46 21
26 85
85 3
33 30
30 3
77 91
91 68
79 78
78 3
69 83
83 68
69 87
87 3
77 51
51 21
26 73
73 3
69 70
70 68
86 58
58 22
79 64
64 21
33 57
57 22
69 66
66 21
79 10
10 22
26 9
9 68
33 88
88 21
26 48
48 68
26 63
63 68
69 44
44 68
26 28
28 68
86 13
13 22
69 32
32 3
26 29
29 22
69 4
4 22
69 36
36 21
33 72
72 3
33 25
25 68
79 61
61 22
79 45
45 68
33 7
7 21
69 47
47 68
26 5
5 68
69 75
75 3
33 34
34 22
77 90
90 68
86 16
16 68
33 49
49 22
33 1
1 3
33 62
62 68
86 40
40 68
86 54
54 68
69 24
24 3
69 38
38 22
79 71
71 21
77 67
67 22
86 53
53 22
86 92
92 21
77 19
19 22
86 12
12 21
33 55
55 21
79 52
52 21
61 3
83 22
29 21
53 68
14 89
44 92
56 58
4 72
6 16
51 58
27 64
17 41
86 2
60 19
42 72
15 46
48 12
33 6
6 55
9 22
74 78
84 91
48 7
