5
90 183 86
78 48
21 45
78 74
74 63
78 42
42 63
21 59
59 63
21 80
80 63
21 30
30 63
78 68
68 63
21 41
41 63
21 13
13 63
21 62
62 63
21 73
73 63
78 35
35 63
21 61
61 63
78 23
23 63
78 57
57 63
21 82
82 63
78 65
65 63
21 12
12 63
21 47
47 63
21 46
46 63
21 33
33 63
78 40
40 63
21 79
79 63
21 15
15 63
21 55
55 63
21 3
3 63
78 29
29 63
78 8
8 63
78 4
4 63
21 50
50 63
78 5
5 63
21 85
85 63
78 53
53 63
21 84
84 63
78 69
69 63
21 19
19 63
78 9
9 63
78 7
7 63
78 90
90 63
21 48
48 63
78 54
54 63
21 14
14 63
78 43
43 63
78 11
11 63
78 86
86 63
78 18
18 63
21 67
67 63
21 89
89 63
21 76
76 63
78 83
83 63
21 25
25 63
21 28
28 63
78 71
71 63
78 32
32 63
78 38
38 63
78 51
51 63
21 10
10 63
21 75
75 63
21 56
56 63
21 77
77 63
78 37
37 63
78 52
52 63
21 17
17 63
78 87
87 63
21 66
66 63
21 36
36 63
21 31
31 63
21 6
6 63
78 45
45 63
21 1
1 63
21 64
64 63
78 81
81 63
78 39
39 63
21 60
60 63
78 27
27 63
21 34
34 63
78 26
26 63
78 58
58 63
78 88
88 63
21 22
22 63
78 72
72 63
78 44
44 63
21 16
16 63
21 2
2 63
21 24
24 63
21 70
70 63
21 49
49 63
78 20
20 63
90 70
42 35
80 69
62 31
73 44
89 24
48 34
99 196 89
34 22
23 98
10 70
38 64
11 24
38 18
18 45
34 35
35 96
23 47
47 7
10 43
43 7
11 80
80 96
38 19
19 45
11 25
25 45
11 4
4 96
34 24
24 66
11 82
82 7
34 91
91 7
11 22
22 66
10 42
42 96
23 97
97 45
34 62
62 96
23 52
52 45
23 28
28 45
23 76
76 7
10 41
41 7
34 26
26 66
11 92
92 96
38 8
8 96
11 36
36 66
11 99
99 7
10 93
93 96
38 2
2 45
11 1
1 66
10 56
56 66
34 53
53 66
34 29
29 66
34 44
44 66
10 81
81 66
10 49
49 7
23 58
58 45
10 77
77 45
38 21
21 45
10 65
65 45
23 64
64 7
34 14
14 45
34 3
3 45
10 13
13 66
10 72
72 7
11 54
54 45
38 48
48 66
11 46
46 96
10 90
90 45
10 98
98 66
23 89
89 7
11 79
79 66
34 27
27 45
10 95
95 7
34 39
39 45
23 88
88 66
23 40
40 66
38 84
84 96
38 50
50 66
10 5
5 7
38 70
70 96
23 78
78 7
10 32
32 7
38 59
59 66
38 83
83 96
38 85
85 66
10 61
61 7
38 75
75 7
11 57
57 7
38 87
87 96
34 9
9 45
38 17
17 66
38 51
51 7
23 20
20 96
10 37
37 66
34 15
15 45
11 73
73 96
11 60
60 45
10 63
63 7
38 31
31 45
10 33
33 45
11 30
30 7
10 67
67 7
11 74
74 45
11 71
71 66
34 69
69 66
11 86
86 66
11 68
68 66
34 55
55 45
23 6
6 66
38 16
16 66
34 12
12 66
10 94
94 96
24 45
63 66
2 7
15 96
82 3
9 12
65 89
5 94
47 94
52 2
42 32
91 188 82
50 10
25 90
25 74
74 21
50 86
86 46
50 47
47 87
50 67
67 46
50 6
6 21
25 66
66 56
50 12
12 82
25 29
29 46
50 24
24 44
25 26
26 87
50 53
53 56
25 22
22 46
50 76
76 44
50 2
2 59
25 70
70 44
25 10
10 21
25 52
52 87
50 30
30 87
25 19
19 44
50 75
75 44
25 43
43 44
25 73
73 46
50 51
51 56
50 32
32 21
25 54
54 59
50 88
88 82
25 5
5 46
25 31
31 87
25 89
89 59
50 8
8 56
50 69
69 46
25 79
79 87
25 81
81 44
25 91
91 87
25 41
41 82
25 17
17 21
25 40
40 87
50 49
49 59
25 72
72 46
25 62
62 59
25 28
28 21
50 16
16 87
50 83
83 87
50 63
63 44
25 58
58 21
50 45
45 21
25 80
80 46
50 57
57 21
25 7
7 44
25 1
1 87
50 68
68 59
25 33
33 44
25 9
9 82
25 48
48 21
50 60
60 82
50 15
15 46
50 36
36 46
25 55
55 59
25 3
3 56
50 35
35 59
50 90
90 82
50 39
39 56
25 78
78 21
25 77
77 59
50 18
18 21
25 64
64 82
25 71
71 46
50 61
61 46
25 37
37 46
25 84
84 59
50 65
65 87
25 23
23 44
25 34
34 56
50 27
27 46
50 4
4 46
50 85
85 56
50 13
13 56
25 42
42 82
25 14
14 56
50 11
11 44
50 38
38 44
50 20
20 59
16 56
66 46
74 59
75 82
22 44
45 87
61 21
36 18
30 15
73 63
91 15
63 3
51 88
28 37
74 32
43 49
36 56
74 38
22 10
28 18
66 2
19 4
92 189 78
16 91
24 21
54 80
30 9
53 66
87 70
50 20
19 9
17 6
30 60
60 62
30 36
36 45
87 1
1 68
53 15
15 12
50 78
78 45
87 6
6 68
17 92
92 45
30 3
3 62
24 28
28 12
30 29
29 12
54 59
59 8
53 61
61 62
53 49
49 68
87 67
67 68
53 5
5 68
66 62
17 71
71 8
87 20
20 12
53 69
69 68
87 41
41 62
87 31
31 45
53 42
42 45
91 68
50 37
37 62
19 82
82 62
16 85
85 12
24 47
47 68
30 57
57 68
16 55
55 45
54 40
40 62
50 14
14 8
19 81
81 45
87 7
7 68
50 2
2 62
17 52
52 8
50 80
80 62
17 72
72 68
17 84
84 68
24 11
11 45
53 44
44 62
53 27
27 45
24 76
76 68
19 48
48 45
30 83
83 12
50 63
63 62
50 33
33 62
19 13
13 68
53 10
10 68
53 64
64 12
30 46
46 45
19 75
75 8
16 88
88 45
17 39
39 8
54 89
89 8
87 26
26 45
19 4
4 45
87 22
22 12
30 32
32 8
30 58
58 45
19 51
51 62
54 70
70 8
54 34
34 8
24 25
25 12
30 23
23 68
19 86
86 12
19 73
73 8
30 79
79 8
50 65
65 8
54 9
9 45
50 35
35 68
17 18
18 68
54 56
56 45
16 38
38 8
16 90
90 62
30 77
77 68
50 74
74 68
17 21
21 8
17 43
43 8
27 12
34 62
5 8
83 45
3 8
64 51
24 90
83 74
29 66
13 51
48 62
81 35
28 20
1 44
50 88
16 58
16 80
59 27
20 26
85 21
13 4
90 45
10 9
57 35
4 56
44 8
90 184 79
23 10
44 14
12 20
21 14
37 56
62 25
78 90
78 27
27 82
44 34
34 59
23 42
42 85
12 28
28 85
12 83
83 59
62 35
35 72
44 22
22 59
78 17
17 72
44 54
54 59
62 19
19 82
37 60
60 85
12 10
10 72
12 38
38 82
12 9
9 59
21 5
5 72
12 89
89 72
23 45
45 72
37 8
8 59
23 4
4 72
37 69
69 59
44 87
87 82
62 71
71 72
21 55
55 85
62 90
90 82
21 25
25 82
21 7
7 72
21 46
46 72
21 65
65 85
37 33
33 82
21 36
36 85
12 57
57 72
37 6
6 72
78 84
84 82
44 58
58 82
78 3
3 82
78 86
86 59
44 80
80 85
14 59
12 15
15 85
37 18
18 85
44 53
53 85
62 29
29 85
21 13
13 72
78 61
61 85
37 63
63 82
23 81
81 72
37 52
52 85
21 43
43 82
23 32
32 72
12 30
30 82
21 1
1 82
12 76
76 59
21 75
75 82
37 16
16 72
12 39
39 72
12 41
41 59
21 66
66 72
23 24
24 85
23 73
73 85
62 47
47 82
37 40
40 59
78 26
26 72
62 56
56 82
37 74
74 85
44 67
67 59
12 2
2 72
23 88
88 59
44 20
20 59
12 31
31 72
37 79
79 72
44 48
48 72
62 51
51 85
21 77
77 82
23 11
11 59
44 68
68 85
44 49
49 85
37 70
70 59
78 50
50 82
78 64
64 85
41 82
50 85
87 72
27 10
19 71
19 9
65 64
78 30
27 58
28 43
46 50
21 32
40 2
38 58
18 53
21 90
90 30
58 48
13 67
21 60
