1
4549 9457 4070
109 818
4239 632
163 3190
2140 158
508 415
2337 43
2679 1921
2430 2161
2458 3211
2023 1283
275 1322
359 777
4069 4021
1864 1851
3499 1884
3016 1941
4328 4291
2441 663
704 2980
1374 3655
437 226
1416 3393
3273 2190
3042 344
410 4465
2481 3206
3037 1968
3869 665
3646 2158
4333 4322
4323 872
101 4530
3698 3601
741 2811
725 2785
2512 3243
1854 809
3952 3809
1759 2096
376 3521
1273 809
2081 3486
3497 4365
3372 812
238 44
1033 693
2847 1626
786 4546
1214 3811
3001 2138
2595 3186
568 893
2003 4200
3681 261
172 953
4409 1595
3216 4050
992 3116
3391 3875
2243 4173
1601 46
3504 239
2075 3893
197 4099
1763 2214
1812 2256
2971 4340
4252 3715
788 3641
499 3031
914 58
3214 3765
2455 500
534 2122
4417 3418
3286 1202
735 228
3719 3648
2284 4350
702 3514
4259 3594
4375 3410
1236 2098
1263 3961
3511 1745
1838 2402
375 231
715 3149
4448 2897
3488 673
446 505
488 3996
776 3086
8 1270
3882 239
1718 3228
3427 3767
3132 1687
2877 678
4426 3107
3286 4186
4186 2937
375 771
771 1952
2075 4260
4260 4436
3497 3266
3266 470
1601 1389
1389 875
109 2940
2940 590
1033 3233
3233 2335
4259 1569
1569 3249
534 2383
2383 401
3037 3479
3479 3257
101 3399
3399 3897
1263 1885
1885 4046
788 3982
3982 3807
3504 2930
2930 608
3499 4137
4137 2172
702 1044
1044 2263
3042 1260
1260 1221
3216 3002
3002 2933
197 2858
2858 3038
2455 3711
3711 3718
499 4339
4339 1536
1416 2514
2514 7
508 4077
4077 2938
4448 599
599 3677
4409 3932
3932 3677
534 2505
2505 348
488 274
274 4236
488 1350
1350 1685
534 409
409 3439
2481 2208
2208 4026
1838 3186
3186 993
4426 2880
2880 401
2075 844
844 1119
3499 916
916 1550
2023 2872
2872 2912
2877 3933
3933 2157
3869 2041
2041 2912
2003 1669
1669 895
172 1070
1070 387
3882 609
609 3588
101 4443
4443 2268
2455 3598
3598 2651
3882 2316
2316 387
1273 1968
1968 2912
735 246
246 2991
914 3735
3735 2730
3882 3806
3806 4423
3037 4530
4530 4513
2284 3113
3113 1265
1416 4400
4400 1901
3132 3430
3430 3960
3042 4181
4181 400
3511 1576
1576 400
4375 1171
1171 1265
3372 4471
4471 3038
3499 1631
1631 1969
3882 3077
3077 277
704 2511
2511 4002
275 1896
1896 4309
8 4154
4154 4060
3216 3654
3654 2092
1838 938
938 2527
715 2309
2309 4401
534 3572
3572 1245
2140 1967
1967 1997
3391 778
778 2632
3216 2089
2089 26
2847 1131
1131 472
3372 3268
3268 1079
172 2203
2203 2152
3216 1462
1462 2733
4069 1938
1938 400
359 3741
3741 2918
1416 2258
2258 2220
3882 2167
2167 3396
163 3836
3836 677
3488 217
217 4163
499 93
93 1072
2023 13
13 2144
715 636
636 3282
1763 729
729 4425
1763 3020
3020 2330
3427 1557
1557 1991
197 2071
2071 2459
3286 713
713 1906
2023 1632
1632 3151
4448 544
544 1155
375 3783
3783 3207
4323 4492
4492 1059
4426 711
711 553
2847 4047
4047 1574
4409 1498
1498 3396
275 690
690 4423
2679 1062
1062 2424
2971 4536
4536 2312
2023 306
306 4171
4375 2485
2485 2263
2455 1745
1745 3955
1864 1343
1343 3044
2243 3694
3694 2285
2481 3230
3230 2211
786 2046
2046 3785
2243 2297
2297 348
375 2607
2607 2918
4252 2112
2112 3022
508 2206
2206 18
3391 4196
4196 2335
1854 1879
1879 1265
788 2148
2148 3369
776 3476
3476 2172
4417 3956
3956 1385
4426 4168
4168 1059
101 3907
3907 2937
3391 1477
1477 2721
3427 422
422 18
3214 696
696 2590
568 219
219 2039
1854 540
540 2909
1374 3081
3081 2363
3646 3515
3515 3677
4426 3487
3487 829
4252 723
723 2307
4448 824
824 1942
914 3102
3102 2007
788 3780
3780 2335
3216 850
850 2527
534 1585
1585 2310
275 1055
1055 1764
2075 2667
2667 3801
3869 1381
1381 3639
1263 1762
1762 372
3427 3721
3721 3547
2140 4303
4303 30
3719 2734
2734 3278
2023 2954
2954 1994
446 478
478 1668
508 991
991 923
2595 4346
4346 311
3869 3294
3294 1001
2481 4024
4024 892
534 4105
4105 2293
3214 2151
2151 3225
1864 2739
2739 1550
197 2117
2117 1095
786 2961
2961 4026
3511 3159
3159 2527
4333 3760
3760 1642
2140 3565
3565 2527
2455 2791
2791 2548
4069 1986
1986 4524
1214 3651
3651 400
3681 3122
3122 2220
2441 661
661 1668
1263 41
41 265
3037 3188
3188 378
8 1107
1107 3518
3511 4194
4194 3282
702 90
90 2672
3504 2368
2368 2157
4333 1110
1110 3342
1864 1999
1999 372
437 2829
2829 2293
1718 95
95 3817
2458 4358
4358 1906
568 1677
1677 1418
3391 2351
2351 4100
4323 2923
2923 2162
3698 4157
4157 1306
2455 1439
1439 3938
534 3337
3337 4513
1854 3656
3656 3547
376 3709
3709 3249
4409 3351
3351 3981
4323 2131
2131 617
1812 1316
1316 3395
1416 2673
2673 2461
410 75
75 1897
2023 1435
1435 1221
3499 1697
1697 779
1416 4545
4545 900
2847 4322
4322 2069
715 1503
1503 2261
2971 3163
3163 2622
2003 2296
2296 2888
2481 3737
3737 1897
4409 1375
1375 3547
1864 2916
2916 2461
2847 3931
3931 1764
3286 3005
3005 1240
741 3793
3793 2157
3719 592
592 2084
2430 3564
3564 2152
2075 570
570 3588
3882 2755
2755 3608
508 3886
3886 3981
488 877
877 2703
2455 3746
3746 993
1854 1067
1067 758
2023 242
242 4450
1838 626
626 372
1374 4293
4293 3818
715 1007
1007 1005
1033 868
868 4089
4375 1138
1138 1453
3216 3431
3431 3369
3681 2239
2239 1670
741 223
223 775
702 3296
3296 1275
3037 4092
4092 3301
3042 3155
3155 3807
499 4151
4151 730
992 1724
1724 3338
4239 3094
3094 2527
3497 1437
1437 2007
101 4224
4224 2816
568 4078
4078 1
2512 1308
1308 121
3511 4487
4487 476
914 1207
1207 476
4409 2811
2811 2554
2337 1271
1271 2069
2481 3962
3962 617
4409 2955
2955 1005
3391 3451
3451 3074
1601 3185
3185 1565
197 2183
2183 1685
1759 4043
4043 1668
4333 1256
1256 4362
359 1915
1915 1980
702 3866
3866 758
2512 3170
3170 4547
2075 3527
3527 4416
163 2881
2881 3890
4259 3365
3365 1565
2081 3601
3601 4464
4252 385
385 1520
3504 3058
3058 4519
3719 3577
3577 3894
3499 1651
1651 1691
1854 3569
3569 761
715 1848
1848 4542
534 985
985 1757
3372 4045
4045 2022
2971 4347
4347 750
238 3661
3661 4425
2877 2763
2763 1468
1718 3595
3595 3817
4069 4412
4412 4450
2512 4507
4507 3257
3001 3134
3134 277
4259 2558
2558 7
3016 2553
2553 2632
3391 1057
1057 3775
735 2542
2542 684
163 4027
4027 3963
2512 3726
3726 1943
3499 291
291 2619
2458 2612
2612 2494
3132 2936
2936 4477
1812 3948
3948 3434
3488 642
642 2293
725 3138
3138 1642
3132 3916
3916 1516
3869 3259
3259 2632
2430 559
559 265
1854 2401
2401 1
704 4119
4119 922
508 4389
4389 318
3286 4407
4407 401
410 4178
4178 2527
3037 1742
1742 2619
238 1217
1217 3207
4375 3108
3108 922
410 4534
4534 2569
197 1195
1195 3897
4328 1402
1402 1950
534 2541
2541 2573
3882 3229
3229 277
2003 3403
3403 3938
4323 2551
2551 2761
3499 1958
1958 675
725 2373
2373 195
488 3231
3231 4542
1812 3025
3025 2719
4409 2647
2647 3615
359 1322
1322 1957
1864 1533
1533 2816
275 1456
1456 1369
1838 755
755 1079
2512 3470
3470 1952
3646 4457
4457 4362
2140 783
783 4542
992 1497
1497 202
4069 1170
1170 3072
725 1205
1205 775
3952 1530
1530 4450
2512 3119
3119 3338
3497 1696
1696 1950
4252 964
964 1240
776 4099
4099 3072
1838 2061
2061 1574
4328 1785
1785 4540
776 2325
2325 4037
1838 960
960 3906
499 2704
2704 1420
2337 1912
1912 2888
1718 3401
3401 4486
376 3525
3525 1248
3391 2408
2408 3439
1236 634
634 318
4417 206
206 1095
4328 703
703 1265
914 1807
1807 1059
2441 1708
1708 1516
2481 1693
1693 400
4259 4275
4275 2570
4252 3384
3384 3582
3391 3980
3980 2637
1854 2852
2852 3621
3499 4184
4184 4002
1812 3619
3619 2494
1763 1032
1032 730
534 1721
1721 2637
437 1658
1658 1764
3427 2302
2302 4283
101 3433
3433 3775
3286 20
20 2186
1812 2043
2043 4225
2877 181
181 2918
499 1449
1449 4513
3214 1340
1340 4513
786 2169
2169 4163
2458 4103
4103 2007
4333 2932
2932 1890
1416 3800
3800 4401
1759 4245
4245 318
2455 2223
2223 922
2455 3860
3860 85
3286 1372
1372 2622
3273 1078
1078 2039
172 3429
3429 1306
2679 620
620 42
1214 1767
1767 1952
534 4421
4421 2758
2595 3657
3657 1635
3882 896
896 3207
2023 1353
1353 2548
437 1347
1347 121
1214 1301
1301 608
2243 3480
3480 1516
238 4539
4539 378
1033 276
276 1331
3719 754
754 1155
3042 627
627 277
3504 1615
1615 731
1718 1457
1457 4126
1854 3549
3549 1155
2458 1299
1299 1420
3488 3109
3109 3260
3488 3370
3370 1114
3391 2380
2380 2730
275 3280
3280 2721
4409 418
418 3342
3497 542
542 1897
2512 672
672 3973
1854 2438
2438 89
3042 3251
3251 2084
1416 2963
2963 1180
3427 3814
3814 89
534 86
86 3072
3001 745
745 2363
2877 3568
3568 3249
410 2015
2015 2022
1416 3777
3777 545
2679 408
408 1637
488 888
888 1349
3499 4295
4295 1635
914 1817
1817 3342
3882 989
989 4268
1718 3198
3198 730
163 1341
1341 3775
2458 2397
2397 4445
359 3468
3468 4362
1601 2214
2214 3544
1759 3815
3815 2084
359 3080
3080 3026
3499 1811
1811 3548
2023 1090
1090 1810
741 1446
1446 2293
437 2565
2565 1906
2003 2981
2981 3964
1812 861
861 2826
488 4297
4297 2275
4252 4192
4192 1391
715 3592
3592 2619
3698 2449
2449 4114
2075 4428
4428 4464
4426 4351
4351 2129
2971 2648
2648 2721
4426 4396
4396 3775
3372 2547
2547 400
1236 2873
2873 2605
3016 405
405 1635
2023 1976
1976 1376
1033 768
768 4416
1273 840
840 2459
3001 1790
1790 2850
2430 2642
2642 4527
2679 3126
3126 3807
2430 1730
1730 2933
3001 2925
2925 4524
3952 2145
2145 1294
3681 920
920 2719
3286 308
308 1969
446 1483
1483 318
2481 959
959 1349
3952 2374
2374 2172
3286 4456
4456 1770
715 3085
3085 2573
3001 3089
3089 545
2337 623
623 1095
2679 2492
2492 4445
2595 1426
1426 26
704 1384
1384 1536
4252 3668
3668 1245
1273 2705
2705 1275
1854 2706
2706 3074
992 1123
1123 30
1236 1199
1199 1072
2441 381
381 864
2847 4094
4094 3044
741 4065
4065 2632
2023 445
445 3373
3216 1953
1953 2293
3698 3223
3223 2268
788 2177
2177 1221
3427 3567
3567 1957
702 557
557 3179
2081 3961
3961 947
4323 2012
2012 2005
2847 2529
2529 372
992 2867
2867 1252
375 2635
2635 864
2877 4115
4115 947
4409 3474
3474 2436
2430 483
483 1114
3016 116
116 1221
2023 1684
1684 947
4409 1121
1121 837
3037 3599
3599 4163
3719 4517
4517 853
4375 3456
3456 3264
4239 1970
1970 3544
3132 96
96 3700
1033 2875
2875 4425
715 142
142 1119
1854 2266
2266 1059
704 2000
2000 3026
4323 1257
1257 4527
2430 3531
3531 1385
359 3676
3676 3179
1416 2666
2666 3207
4426 2225
2225 3434
1718 826
826 1952
4069 3091
3091 89
359 1532
1532 2590
1864 1027
1027 4038
1812 466
466 4436
2430 1552
1552 3154
4239 1154
1154 1472
101 649
649 3775
4333 1781
1781 1245
3016 3675
3675 2733
3497 2194
2194 684
1236 4269
4269 817
3391 2342
2342 1950
1214 565
565 1453
3646 1661
1661 4163
488 541
541 3968
735 709
709 637
3286 464
464 947
776 4018
4018 3607
3646 3950
3950 4450
1763 1290
1290 4126
1838 160
160 1792
3869 3540
3540 1810
702 4033
4033 311
2243 2985
2985 1306
359 4289
4289 2461
3511 2110
2110 3897
2847 4528
4528 695
109 3863
3863 1562
1718 4111
4111 2660
1416 380
380 1306
2455 3779
3779 1221
3504 2661
2661 372
2441 2627
2627 3607
914 4280
4280 1757
4323 2476
2476 698
1838 1066
1066 2937
375 2728
2728 2672
3497 746
746 1906
1718 336
336 4163
508 4522
4522 4445
197 2298
2298 895
410 3000
3000 3827
2847 4311
4311 2660
1273 3028
3028 4493
2441 2318
2318 31
4328 419
419 3963
786 3019
3019 2268
4417 4440
4440 3968
3001 958
958 677
3214 1729
1729 1029
786 2747
2747 3026
1838 3316
3316 4016
2441 1709
1709 2554
2595 1106
1106 2453
3681 2278
2278 3179
4323 326
326 3582
3499 4325
4325 1670
172 2364
2364 1029
1601 3410
3410 2548
101 1330
1330 892
2847 1904
1904 4016
3273 2107
2107 553
4426 2842
2842 2549
375 267
267 1119
1812 3008
3008 2005
4333 137
137 2730
914 1511
1511 3151
172 694
694 1862
3499 2716
2716 895
1601 1417
1417 3621
3042 65
65 3369
3016 1048
1048 121
704 1758
1758 1095
4239 2217
2217 195
2337 1643
1643 4548
1214 3957
3957 3518
2337 1699
1699 2160
4426 4233
4233 4089
4323 4005
4005 2443
375 1575
1575 3396
4252 289
289 2330
568 1929
1929 3183
3869 3738
3738 9
2458 1109
1109 1810
1718 3115
3115 1252
359 4102
4102 2538
1601 2276
2276 1095
3504 889
889 2363
2075 4211
4211 1294
1374 32
32 2674
101 743
743 3677
725 3966
3966 469
1812 507
507 3048
914 100
100 2816
3681 3729
3729 31
4252 2600
2600 2459
3427 619
619 372
725 2855
2855 1897
2081 3581
3581 2758
1759 218
218 1005
3488 733
733 277
4417 1430
1430 4089
2081 1753
1753 1306
3504 3632
3632 3257
786 3546
3546 817
1763 2975
2975 3964
4417 2077
2077 85
1759 2331
2331 2022
4409 1959
1959 4450
4417 722
722 2538
3132 451
451 993
1374 3483
3483 3955
4259 3062
3062 3582
1763 394
394 3607
238 2501
2501 3434
488 943
943 4089
3037 762
762 1391
735 2073
2073 318
786 4237
4237 3022
2284 4019
4019 1223
4409 2320
2320 195
3037 1398
1398 4540
3646 2836
2836 4464
410 2807
2807 3434
376 2303
2303 1994
3497 3165
3165 2816
776 1972
1972 2322
101 3206
3206 1420
410 635
635 4002
1374 3510
3510 4548
499 2404
2404 1913
2075 594
594 401
3882 806
806 7
3698 4332
4332 3026
1601 536
536 931
508 3554
3554 1306
359 4435
4435 2268
2481 4496
4496 1741
2455 4158
4158 2261
2243 603
603 3183
3286 1348
1348 1500
3698 1206
1206 3438
1214 3970
3970 2538
2971 257
257 3677
776 3508
3508 3434
2455 136
136 4445
2337 3609
3609 284
3016 4381
4381 1969
3132 3953
3953 2888
4069 1656
1656 2307
2441 1342
1342 3968
786 3884
3884 1472
3273 3004
3004 2721
508 3502
3502 2162
2337 4054
4054 3674
2847 4030
4030 758
4417 2209
2209 1180
4409 3895
3895 2721
568 4255
4255 864
776 271
271 1294
3719 514
514 2293
4448 187
187 3260
1601 3056
3056 684
1273 2863
2863 3331
2075 2178
2178 1589
1263 1736
1736 3044
4252 4203
4203 1952
2481 1041
1041 553
2481 3671
3671 61
3698 2324
2324 3818
2455 1671
1671 900
2595 1682
1682 3677
534 4279
4279 761
776 423
423 3369
3698 4003
4003 3785
2140 175
175 1980
1033 925
925 4416
4333 3812
3812 1691
3427 3099
3099 1942
2003 4250
4250 4060
359 2601
2601 7
4239 3317
3317 3582
109 4508
4508 4429
534 930
930 3890
3681 1751
1751 3607
3698 4039
4039 387
3698 4190
4190 895
534 2782
2782 4519
2075 4097
4097 2134
3499 1855
1855 1516
3719 4369
4369 730
2140 1466
1466 1755
3681 1659
1659 3467
4323 3739
3739 2535
1033 2586
2586 1942
534 2085
2085 3761
1763 4469
4469 1420
1763 4062
4062 2619
238 3673
3673 3960
4323 4357
4357 2758
275 1362
1362 2809
1759 3012
3012 4038
1263 205
205 947
109 3040
3040 1505
1374 2652
2652 3507
4069 2431
2431 7
2455 3873
3873 1223
702 3075
3075 3044
2971 654
654 3801
1263 2340
2340 1741
410 1085
1085 3507
1263 1908
1908 1642
101 2064
2064 3890
2023 493
493 817
3132 3168
3168 1589
3497 913
913 4519
2081 953
953 3547
4448 4112
4112 3373
2971 1218
1218 3373
3286 3114
3114 2263
3952 671
671 4144
4417 1871
1871 2005
2337 849
849 2261
1854 2210
2210 2986
735 4244
4244 981
4426 4474
4474 4268
1812 1307
1307 3301
3391 4384
4384 3225
3882 2717
2717 1768
8 3705
3705 3338
3497 979
979 3338
2455 393
393 4163
8 4276
4276 895
3511 4500
4500 265
508 2094
2094 285
3646 143
143 2436
776 3426
3426 4144
3216 3009
3009 2590
3681 4494
4494 3278
4333 1549
1549 3373
4328 1695
1695 121
3646 2962
2962 659
2971 3355
3355 2933
8 3052
3052 2909
4252 2777
2777 401
3286 1793
1793 2991
3681 3340
3340 758
3042 593
593 1516
1374 2491
2491 3897
163 897
897 3332
568 4341
4341 1901
704 1800
1800 2809
3016 4000
4000 4287
4448 1830
1830 1360
3016 1194
1194 1369
3511 859
859 3038
1263 148
148 837
1033 2488
2488 1969
1374 3663
3663 1731
3016 3405
3405 3373
4069 2692
2692 3955
2455 2418
2418 698
3214 327
327 1240
715 4449
4449 3547
1864 1464
1464 1588
3372 504
504 2912
1601 3366
3366 4038
3504 772
772 3373
2081 2254
2254 3968
725 1866
1866 1369
3488 2540
2540 2816
3504 4248
4248 2144
741 909
909 1789
2337 4162
4162 3044
508 3512
3512 3544
3681 2135
2135 2005
2284 48
48 2220
786 1778
1778 4156
4375 3597
3597 2039
2847 4415
4415 4524
508 3573
3573 1834
2003 1039
1039 3438
735 3424
3424 2079
2081 170
170 3548
1236 1491
1491 1180
1214 2385
2385 1755
3499 3682
3682 3818
2284 4061
4061 400
4259 4066
4066 4287
2081 2839
2839 1536
2284 907
907 2285
2140 39
39 3807
3214 3902
3902 817
172 2720
2720 2562
4448 2264
2264 1072
238 4489
4489 3022
992 1142
1142 1906
4328 3100
3100 2590
2458 3320
3320 617
437 3579
3579 3518
1601 3571
3571 1957
3497 3631
3631 731
3427 66
66 1248
376 475
475 608
3286 2507
2507 2440
446 1646
1646 1810
786 4013
4013 1418
1374 1679
1679 1637
3372 482
482 2007
3216 2779
2779 659
1838 505
505 789
1374 2143
2143 517
3391 1837
1837 2816
109 1791
1791 2721
488 3999
3999 4236
1854 1393
1393 1862
446 1355
1355 2548
3391 2416
2416 2242
3719 156
156 3807
2481 184
184 1642
3427 1893
1893 1757
715 1689
1689 2719
4328 1675
1675 675
3286 245
245 2909
3427 4525
4525 1468
4252 3887
3887 1757
3869 135
135 285
786 4281
4281 3088
1601 2959
2959 2319
786 1296
1296 2937
992 1832
1832 3894
3488 1333
1333 1588
499 3288
3288 400
3037 814
814 4236
1854 386
386 4527
1273 531
531 1182
238 1674
1674 1344
4426 149
149 2424
2430 556
556 3192
2003 3461
3461 3022
163 1255
1255 1252
1214 225
225 1468
725 4140
4140 3074
3882 3593
3593 3396
3037 3466
3466 2007
163 2731
2731 1344
2284 1963
1963 4126
776 4108
4108 282
437 414
414 2733
508 2345
2345 2293
109 3193
3193 307
499 3241
3241 2535
715 899
899 2991
1263 2641
2641 311
725 3707
3707 3518
4417 450
450 1764
3001 2197
2197 2993
1718 3606
3606 3615
2337 424
424 4283
786 34
34 3264
1416 343
343 3260
2140 3998
3998 4519
488 1711
1711 1550
725 2021
2021 1500
2284 347
347 1810
3497 4234
4234 3963
3681 630
630 3154
4448 716
716 2453
4417 2130
2130 1240
704 4462
4462 1155
741 1594
1594 2039
197 1993
1993 2888
437 4076
4076 348
3646 1638
1638 2570
786 3672
3672 1155
1763 278
278 1331
534 1664
1664 3607
437 413
413 3111
702 2928
2928 1505
101 4301
4301 470
1263 2057
2057 202
437 640
640 3023
1759 2100
2100 1685
4239 1570
1570 4450
992 3891
3891 1565
4252 1293
1293 2022
275 3813
3813 2268
3216 1598
1598 1376
2847 1545
1545 1
1763 1647
1647 3897
3504 1467
1467 2186
4259 4419
4419 3906
3497 851
851 829
3273 67
67 3582
2284 2559
2559 4225
197 4383
4383 730
4069 942
942 2632
2023 1735
1735 2912
1601 3304
3304 779
3719 632
632 1114
2971 1136
1136 2162
2430 2977
2977 2527
1416 1146
1146 2538
741 797
797 590
702 303
303 1957
3037 917
917 3862
4426 2093
2093 4464
4259 252
252 1834
1812 2498
2498 2938
3273 1983
1983 1913
4069 3689
3689 282
3391 3394
3394 1890
4417 255
255 2637
1236 2334
2334 3621
488 2723
2723 3607
3286 2694
2694 2377
3504 4136
4136 2570
786 4337
4337 277
375 790
790 553
786 313
313 3369
275 420
420 1472
508 1139
1139 3718
534 2680
2680 3718
3273 1663
1663 89
3001 3878
3878 4425
1864 59
59 2809
3273 3419
3419 4450
2481 2102
2102 590
3286 1169
1169 4268
725 1686
1686 2157
1601 3605
3605 3301
2595 1144
1144 3547
4417 4404
4404 2039
2877 3991
3991 3264
2971 2251
2251 1897
3214 4031
4031 2275
3042 3669
3669 2554
101 2999
2999 4410
4239 885
885 3434
3214 589
589 2211
788 3965
3965 2733
2337 3392
3392 1155
8 2467
2467 3026
3698 3245
3245 3960
1838 2899
2899 2453
3286 3308
3308 2398
508 73
73 4414
2243 1892
1892 4450
2337 863
863 3639
2458 860
860 3544
3499 1189
1189 2084
788 2198
2198 472
3132 1068
1068 2134
715 3106
3106 1114
3391 2753
2753 789
275 3843
3843 525
2877 2576
2576 2160
3042 1122
1122 2220
4328 2367
2367 3588
4069 4531
4531 608
3427 3555
3555 1520
101 1089
1089 3260
2481 214
214 779
4426 3558
3558 2933
3273 1253
1253 2535
3646 2348
2348 2134
702 141
141 3960
275 4212
4212 1391
1033 2616
2616 2069
1864 106
106 2293
3132 658
658 2263
3286 2994
2994 892
3273 2614
2614 895
4426 221
221 4156
109 2950
2950 2330
488 3322
3322 4540
534 2212
2212 659
2971 753
753 1248
437 2027
2027 590
2140 918
918 2461
2441 4265
4265 3065
1763 4193
4193 284
702 4015
4015 2619
2458 1773
1773 202
2003 3591
3591 2912
375 454
454 3278
359 2327
2327 2322
3037 72
72 4464
3001 2911
2911 590
776 2810
2810 3260
2595 2886
2886 4414
4448 362
362 3785
3882 261
261 4144
1273 1473
1473 4156
4259 655
655 2761
2140 1034
1034 3897
3488 4067
4067 4126
776 459
459 284
776 1037
1037 2424
3016 3542
3542 284
3427 2034
2034 3761
1236 2347
2347 730
2458 2055
2055 2134
914 1063
1063 4519
375 2215
2215 1668
788 1015
1015 3088
2458 1797
1797 3785
4333 1845
1845 1072
1374 92
92 2527
568 390
390 900
1416 2468
2468 2242
4239 4399
4399 1223
3499 4434
4434 2993
1763 596
596 61
2877 911
911 387
568 105
105 2307
1838 2136
2136 659
488 36
36 4026
534 4008
4008 4114
109 4349
4349 2398
3001 4242
4242 3775
2847 2534
2534 127
2679 1432
1432 675
4323 2115
2115 4542
3286 481
481 2249
534 569
569 18
3214 1177
1177 2703
1214 595
595 2674
4239 415
415 1265
3216 1523
1523 3608
2003 1876
1876 2993
3391 954
954 1344
508 3751
3751 1741
1812 110
110 1453
359 2564
2564 2275
3132 361
361 387
3042 3765
3765 3026
1273 80
80 1741
3214 1490
1490 2761
359 1323
1323 3890
2081 3140
3140 2398
1273 4365
4365 2157
4069 3
3 2733
2023 4465
4465 124
4375 3730
3730 1520
534 4113
4113 1005
735 3144
3144 2363
1854 2815
2815 2637
2081 3436
3436 1306
1864 1610
1610 2605
2337 832
832 1180
4409 961
961 3894
3882 1235
1235 2319
725 1551
1551 3608
2284 948
948 3518
1759 2973
2973 947
3719 1279
1279 1240
4375 1397
1397 750
2337 1370
1370 892
3869 1202
1202 30
4417 112
112 1635
3286 4139
4139 2733
4323 2781
2781 817
3132 2776
2776 981
109 4042
4042 922
1273 4334
4334 677
3391 4273
4273 2809
534 2533
2533 875
1236 1609
1609 2573
788 1608
1608 3192
3286 128
128 2651
2140 3204
3204 2084
776 1706
1706 4450
1374 319
319 2162
3042 692
692 1886
992 769
769 2039
1273 1193
1193 2993
534 2902
2902 2398
2877 1528
1528 2850
3042 1246
1246 4100
1864 1357
1357 4410
1033 1517
1517 926
410 1566
1566 2005
4333 1148
1148 1180
2455 3755
3755 2605
3488 3104
3104 2268
2284 645
645 1890
4375 742
742 4060
534 158
158 3072
163 4437
4437 3038
410 177
177 4156
2971 567
567 1001
914 1395
1395 2605
3497 2752
2752 2918
8 4050
4050 4287
741 669
669 4416
2455 4177
4177 372
2455 3516
3516 4114
172 2326
2326 3862
101 3161
3161 731
702 1618
1618 1685
2455 4208
4208 1029
702 2314
2314 3249
4323 70
70 4548
3391 4012
4012 2933
2441 1259
1259 3278
568 3824
3824 2758
4426 3771
3771 3963
992 480
480 2912
3488 1254
1254 1536
163 2174
2174 2144
446 45
45 3700
1263 3972
3972 4283
3273 1031
1031 1906
914 980
980 2459
446 2707
2707 3373
4239 3770
3770 3044
3372 839
839 3065
2481 732
732 4171
1416 1168
1168 2319
1263 1486
1486 2263
1864 3459
3459 2398
1854 2202
2202 2719
4426 3250
3250 469
3391 2033
2033 1952
788 1010
1010 4524
3001 1501
1501 2570
2441 3167
3167 2144
163 3652
3652 4540
3286 1475
1475 761
3214 1965
1965 2069
1763 4216
4216 1950
1601 2957
2957 966
109 1623
1623 2461
508 4197
4197 698
2075 4169
4169 1969
2337 2662
2662 1637
3497 2952
2952 61
3016 2857
2857 2322
3869 3877
3877 469
4417 3213
3213 2275
3497 2395
2395 1306
3882 2949
2949 2784
2075 4505
4505 590
4239 3133
3133 3048
1033 3125
3125 1764
3882 686
686 775
1864 2624
2624 2784
2481 4533
4533 3151
238 129
129 2079
197 3923
3923 3894
735 2137
2137 4513
4328 1276
1276 3608
3391 3148
3148 1520
3001 2584
2584 829
275 4278
4278 775
2512 3255
3255 1565
4417 3076
3076 4283
3681 1704
1704 1453
776 2792
2792 2307
786 174
174 608
788 867
867 3467
534 3117
3117 400
3681 3867
3867 2933
3698 601
601 2535
3016 2701
2701 1472
776 1616
1616 3022
2284 1630
1630 1637
2595 4051
4051 3890
109 3311
3311 895
1374 209
209 2459
1759 697
697 4527
702 1596
1596 111
488 3087
3087 761
3882 1683
1683 3044
1273 3642
3642 4548
3132 3823
3823 4416
735 804
804 3048
715 3147
3147 2459
1812 2946
2946 1770
2455 2695
2695 1360
4409 1074
1074 2784
3882 1995
1995 1468
1273 4165
4165 3818
2847 239
239 2092
499 2789
2789 1901
3372 4183
4183 2730
3427 1499
1499 2527
1033 1274
1274 2619
3952 2393
2393 2285
2284 3808
3808 1275
715 986
986 1265
702 2036
2036 4089
3427 354
354 4163
359 2649
2649 3518
2512 4296
4296 2672
3037 3844
3844 2172
8 2615
2615 2261
499 3506
3506 3507
3488 800
800 801
3286 1373
1373 2933
1838 4521
4521 3179
3286 1135
1135 922
109 58
58 3179
4328 3929
3929 3818
1374 1783
1783 659
3698 4014
4014 1969
702 3971
3971 993
3499 4387
4387 3775
715 2887
2887 2453
3952 1289
1289 4436
1416 1880
1880 3754
2512 1098
1098 2242
2284 492
492 4493
534 161
161 2758
2971 1280
1280 2730
914 1179
1179 698
2847 1287
1287 2494
2971 1765
1765 2809
3499 740
740 2730
2971 2006
2006 3072
741 2824
2824 1913
914 1927
1927 4542
437 2227
2227 2570
3037 3640
3640 348
3273 1833
1833 1886
2458 165
165 265
3499 3478
3478 2162
3016 685
685 1420
172 33
33 789
101 3345
3345 3038
2512 1602
1602 4038
2081 1716
1716 2268
508 2988
2988 2703
3499 3724
3724 2660
3646 455
455 1114
1263 3057
3057 2719
3869 3017
3017 3754
1718 2536
2536 2888
1374 54
54 2144
3869 968
968 4527
1033 4220
4220 3754
4448 3590
3590 2363
3698 2509
2509 3827
1864 3033
3033 1757
446 4433
4433 4542
3214 2500
2500 4416
992 2866
2866 1789
437 1305
1305 387
2971 2493
2493 4225
1263 3079
3079 3718
2337 2726
2726 1768
2455 1836
1836 4429
3681 2544
2544 3048
2877 3371
3371 4548
1812 2009
2009 1943
488 2399
2399 2619
2512 3820
3820 829
109 2712
2712 282
741 3924
3924 469
1812 2978
2978 3434
3372 68
68 3338
4323 3123
3123 265
4448 3481
3481 3332
446 3526
3526 31
4426 2997
2997 2440
2023 337
337 2459
3499 3624
3624 4144
1033 4277
4277 4486
3037 1162
1162 318
3882 1795
1795 4060
1374 119
119 4542
4252 1272
1272 111
725 3083
3083 1950
446 3768
3768 2322
786 1096
1096 2986
3216 4200
4200 31
499 4006
4006 922
2455 4340
4340 348
2512 1049
1049 2538
2243 1525
1525 4519
702 3612
3612 111
4323 598
598 3688
4333 104
104 3683
1263 273
273 1670
3511 4537
4537 4306
3042 1229
1229 2443
704 151
151 3608
275 2207
2207 2220
914 2306
2306 3775
238 870
870 3827
2003 3720
3720 1897
3952 1974
1974 3607
3273 1358
1358 2335
410 2751
2751 4283
3698 2834
2834 4225
3216 244
244 311
4069 560
560 4493
376 2508
2508 3342
4323 3680
3680 4126
2243 3067
3067 2459
4409 2689
2689 750
2481 164
164 2039
3499 3919
3919 3369
109 3920
3920 2443
4252 3520
3520 3544
3016 251
251 1670
197 2083
2083 2622
2284 3553
3553 2322
3037 3078
3078 966
109 1124
1124 779
2455 3190
3190 4445
109 144
144 789
101 2543
2543 895
3681 951
951 4060
4252 2410
2410 1005
3511 99
99 3192
715 417
417 3331
2971 2321
2321 4464
1263 2224
2224 1957
704 2484
2484 85
3719 3927
3927 2569
725 2983
2983 496
2455 618
618 2912
275 940
940 85
2441 1883
1883 1901
741 4355
4355 730
4448 1941
1941 265
1854 1118
1118 124
2877 1947
1947 4144
4252 3224
3224 922
172 3687
3687 1221
2847 3928
3928 1265
3042 4270
4270 1810
4426 2787
2787 1757
3214 2338
2338 3065
4333 2454
2454 1666
735 2941
2941 3894
172 858
858 2211
1214 3650
3650 1245
1214 1614
1614 4524
3214 2964
2964 1913
735 1392
1392 2039
2971 452
452 3111
3882 2774
2774 195
375 2138
2138 1950
3427 1884
1884 400
2847 4336
4336 4401
197 2778
2778 4410
1864 1688
1688 3960
2595 3309
3309 401
1214 2546
2546 3434
2512 495
495 2039
3216 963
963 1901
499 2120
2120 829
3427 886
886 1221
786 3465
3465 4016
704 1086
1086 1994
437 4529
4529 1360
2481 3156
3156 525
1033 1752
1752 3818
735 166
166 2436
3391 3059
3059 3615
3372 2610
2610 1952
4426 2620
2620 2220
1759 3995
3995 1536
275 2980
2980 641
1236 2900
2900 3301
741 1469
1469 1005
508 2360
2360 387
2512 1859
1859 1950
488 1825
1825 4026
2847 1361
1361 1550
3372 211
211 3338
2284 3237
3237 993
4426 4159
4159 3964
2003 4290
4290 4163
1838 2583
2583 61
4375 1639
1639 285
1214 3702
3702 4016
3037 4010
4010 4037
3042 3580
3580 947
2284 1480
1480 675
992 3432
3432 1252
3427 2623
2623 1980
4409 2865
2865 2733
197 2221
2221 1114
101 3127
3127 2672
1263 259
259 31
3042 107
107 2461
508 2894
2894 2933
1033 834
834 517
508 572
572 695
4252 3153
3153 4425
2595 3387
3387 3396
2679 1676
1676 1119
2877 79
79 864
8 3767
3767 1005
4259 1514
1514 1349
1601 3692
3692 2312
410 728
728 1942
4239 1847
1847 3369
163 1019
1019 4225
2679 2550
2550 695
3719 2982
2982 3396
2243 4372
4372 2569
4448 4356
4356 1991
3286 2686
2686 3963
109 4106
4106 4436
1854 1756
1756 3065
568 2876
2876 3369
3132 1861
1861 1453
172 1619
1619 785
2441 2626
2626 2888
741 2893
2893 2157
2140 663
663 2440
2455 4231
4231 4156
3216 4430
4430 3607
4375 1251
1251 981
1854 1471
1471 2144
101 874
874 2573
3214 3944
3944 3960
4448 4180
4180 4401
446 1329
1329 677
4328 1452
1452 1468
2430 2372
2372 4144
3882 294
294 42
3001 3171
3171 4306
3001 1339
1339 1685
786 431
431 3827
2455 1071
1071 3674
3869 3292
3292 1095
2679 2350
2350 2637
4239 4377
4377 1810
3681 2125
2125 2637
1033 4359
4359 1562
4239 4189
4189 3683
2337 3295
3295 3249
786 3398
3398 2784
3719 3493
3493 4542
1273 1981
1981 3718
1236 2838
2838 3225
1374 298
298 2538
3214 4432
4432 1082
4426 3328
3328 3111
1263 1283
1283 3048
3132 3655
3655 3438
4252 3686
3686 3207
1759 793
793 2129
4259 967
967 2494
1812 2871
2871 2637
715 1798
1798 3342
3869 679
679 2569
1759 1065
1065 2285
2430 4049
4049 3111
3391 537
537 3754
172 854
854 1
3681 4466
4466 2242
3719 328
328 26
568 233
233 3906
375 3300
3300 2092
3216 4459
4459 2443
410 2668
2668 3151
2075 842
842 1589
499 2068
2068 553
2243 3440
3440 1913
2455 406
406 470
3016 69
69 2134
2458 1655
1655 4464
1601 3717
3717 3518
3504 330
330 202
3016 1365
1365 1360
446 1210
1210 1265
3952 2772
2772 698
914 2927
2927 1952
4417 438
438 3667
3681 4506
4506 761
2430 3202
3202 2733
2595 1056
1056 3785
1763 3414
3414 1565
4069 4017
4017 2440
702 295
295 4429
488 830
830 3775
4333 1172
1172 1913
4323 2738
2738 2436
437 3871
3871 3507
3216 1476
1476 1536
1263 3110
3110 3818
2003 3279
3279 3048
172 4073
4073 1789
4259 1526
1526 3582
4252 3248
3248 31
992 3381
3381 1741
1601 4048
4048 1072
3511 1234
1234 2937
376 2523
2523 3897
488 2473
2473 311
2441 2199
2199 121
3016 2572
2572 3621
3372 1955
1955 1240
4259 1844
1844 3257
4069 1746
1746 318
1763 1394
1394 2152
1416 2376
2376 4464
4448 2086
2086 3038
2337 1946
1946 1391
4069 3614
3614 85
1718 1597
1597 265
1838 3731
3731 2377
1812 1368
1368 3968
275 1628
1628 2938
1214 1667
1667 4436
376 1267
1267 3282
2337 3043
3043 3179
238 2580
2580 4513
499 1145
1145 4126
4328 4201
4201 4547
3214 2386
2386 1245
437 2798
2798 1770
2512 350
350 608
3216 962
962 3151
3132 1826
1826 1252
3037 2748
2748 2088
3042 2617
2617 2632
275 1877
1877 1637
1763 2248
2248 2330
704 1173
1173 3026
3286 2047
2047 318
2337 2552
2552 4429
3214 333
333 785
704 3986
3986 3260
702 494
494 2993
788 3120
3120 637
3427 576
576 3038
3698 3417
3417 1001
376 1982
1982 3038
776 1100
1100 42
2595 114
114 1265
3511 819
819 496
101 473
473 2322
4328 3803
3803 3044
2595 2142
2142 659
741 3837
3837 124
499 1125
1125 4547
3286 1919
1919 4414
2243 2192
2192 31
3869 996
996 111
2847 1916
1916 2293
568 3408
3408 2440
3504 1977
1977 2242
725 987
987 4362
1759 1507
1507 608
499 1009
1009 3960
8 3327
3327 3278
1718 28
28 4414
3646 3490
3490 1588
3132 340
340 3718
704 325
325 1453
4448 578
578 401
3372 3464
3464 2570
3273 176
176 2335
2458 780
780 1360
1763 1455
1455 1804
4409 945
945 2758
3499 708
708 307
568 53
53 4410
4448 2956
2956 2007
2081 4147
4147 3955
2337 2530
2530 4163
4069 3303
3303 553
488 264
264 864
1812 2767
2767 2554
2430 2958
2958 2424
1416 610
610 4046
4323 3831
3831 1082
1718 580
580 2826
2595 2537
2537 1155
238 2921
2921 2335
2595 4344
4344 3818
4426 1478
1478 2573
163 10
10 617
359 2228
2228 3257
3042 2313
2313 677
375 3545
3545 1221
725 3503
3503 2007
1759 970
970 608
1214 1777
1777 3022
914 1311
1311 750
3042 2790
2790 4283
992 2581
2581 3154
1033 2646
2646 4436
3001 216
216 1536
1864 1197
1197 1991
499 2906
2906 1789
4239 4241
4241 1789
3646 2820
2820 2461
1812 3500
3500 3507
238 3945
3945 3964
3488 3484
3484 4287
163 2407
2407 1792
3427 2629
2629 2784
735 4160
4160 1095
2458 439
439 3608
4239 4070
4070 1969
3216 4145
4145 1952
2877 3297
3297 124
488 1484
1484 3518
2430 2640
2640 2703
3016 1474
1474 4540
508 3073
3073 789
992 2592
2592 1994
8 1650
1650 3072
725 4319
4319 30
2458 777
777 2637
3646 828
828 3548
1033 342
342 284
1763 3585
3585 4060
3427 1805
1805 3301
1838 3219
3219 2453
1812 1325
1325 4401
499 2236
2236 637
2430 369
369 2005
2337 976
976 4075
1033 1649
1649 285
488 3068
3068 3973
2847 3763
3763 2186
3719 2024
2024 3260
1601 1286
1286 3022
3719 1860
1860 1562
446 130
130 4416
715 2286
2286 1685
4426 4198
4198 2285
2023 977
977 1420
741 4503
4503 387
163 430
430 3260
704 3063
3063 348
4328 689
689 2211
914 2257
2257 1789
704 1201
1201 387
488 1238
1238 895
2481 3358
3358 1562
3001 3776
3776 4144
4417 2423
2423 195
3001 3627
3627 3827
1864 248
248 1834
1374 2744
2744 2622
4417 1813
1813 378
4069 4408
4408 2162
3681 1101
1101 1079
1812 4330
4330 1588
508 3791
3791 3438
238 3035
3035 2494
2458 260
260 1265
715 3191
3191 4114
735 2101
2101 2850
1864 287
287 2319
2481 4122
4122 4089
376 4371
4371 2590
1374 1754
1754 26
488 2653
2653 3332
2023 1281
1281 1155
3488 2769
2769 3439
3681 2945
2945 4513
2481 1939
1939 4089
1214 3271
3271 3964
715 3105
3105 1001
359 2048
2048 1360
4239 2201
2201 2440
3273 871
871 2590
4409 3180
3180 2186
1763 1405
1405 2651
109 1237
1237 1913
741 1060
1060 895
3273 1295
1295 4100
4328 349
349 3260
1263 1998
1998 3548
3216 3936
3936 4309
788 1075
1075 2186
3286 585
585 3688
2140 4227
4227 1770
1759 933
933 3183
163 3645
3645 2538
3869 1314
1314 4089
1033 1304
1304 4362
3681 798
798 1079
4448 3880
3880 758
3427 2722
2722 2527
1864 1442
1442 785
3372 3166
3166 4524
1273 4125
4125 2069
2003 3556
3556 525
2455 1613
1613 2335
2140 1190
1190 1901
2075 1713
1713 1897
2679 1568
1568 931
2337 3201
3201 3088
172 460
460 1757
2455 1846
1846 2527
4323 3472
3472 111
1763 373
373 2152
499 3626
3626 1180
2512 485
485 3301
4333 1403
1403 3278
4426 605
605 4171
1416 1157
1157 2719
3372 4538
4538 4037
172 3448
3448 3282
238 3137
3137 2721
1263 2188
2188 9
3216 1099
1099 2092
4409 990
990 285
1416 3662
3662 2261
1763 411
411 2186
3286 2238
2238 775
2847 2176
2176 3955
4375 2158
2158 31
788 1003
1003 3434
3504 4044
4044 3179
4375 4256
4256 4126
2430 3951
3951 4163
3427 1924
1924 608
2877 3534
3534 2570
2081 3946
3946 4450
375 64
64 1082
2847 1366
1366 2263
488 3496
3496 1468
786 3243
3243 3044
3681 1712
1712 4156
3504 1128
1128 2784
2081 1438
1438 307
3488 2654
2654 3301
4448 2200
2200 2424
2003 3865
3865 1635
197 766
766 1668
3869 2711
2711 1550
1838 2044
2044 3544
3216 1104
1104 4163
163 564
564 1001
2023 1103
1103 2758
534 2087
2087 3968
3427 1352
1352 1565
2679 4258
4258 761
2003 1504
1504 4306
2140 2070
2070 3111
4239 2343
2343 4423
1838 4083
4083 89
437 3312
3312 372
735 4240
4240 3639
2023 1434
1434 4464
4417 2116
2116 2335
1416 4343
4343 2733
1718 2966
2966 401
2075 3208
3208 1997
776 2105
2105 2651
3952 3095
3095 4002
1718 936
936 3964
3882 467
467 2261
2337 3769
3769 4414
3016 1261
1261 2569
3681 4222
4222 3544
2337 120
120 2398
163 1538
1538 30
4409 4176
4176 3278
2679 2253
2253 1642
3391 3881
3881 7
3698 1537
1537 3785
1838 1622
1622 1901
3216 2265
2265 2129
4409 1985
1985 2527
534 1058
1058 1095
4375 4315
4315 3621
1263 3164
3164 1980
3869 3406
3406 1755
4409 1249
1249 3973
2679 975
975 1637
2075 168
168 4414
1236 2067
2067 675
1273 426
426 307
172 4472
4472 3249
2284 3798
3798 2172
2847 4431
4431 695
197 4228
4228 4445
488 249
249 1997
2243 4254
4254 61
163 1073
1073 1897
488 4120
4120 26
3016 805
805 2092
4409 2063
2063 1306
3681 3557
3557 3038
2458 293
293 1369
4259 1386
1386 2761
488 395
395 4401
359 1233
1233 2436
3391 1196
1196 282
1236 2998
2998 1360
3499 4134
4134 3342
376 1463
1463 4362
786 2969
2969 1344
1838 2520
2520 2261
3869 4491
4491 401
508 3361
3361 637
2441 2405
2405 3342
1033 3053
3053 2069
3427 4063
4063 1331
788 4172
4172 285
3286 700
700 3588
2458 1923
1923 1943
788 2683
2683 2933
702 1185
1185 124
3698 3357
3357 789
488 2827
2827 1991
3372 763
763 3754
1263 833
833 1764
375 2290
2290 3225
1416 1543
1543 4075
3497 440
440 1385
275 3157
3157 3785
3698 1422
1422 4126
2595 2448
2448 1453
4323 852
852 284
3001 2996
2996 1952
275 4373
4373 1114
2140 705
705 124
1374 3277
3277 3827
4259 3199
3199 3960
2023 3987
3987 2672
3214 3194
3194 1942
172 4205
4205 1155
1601 1843
1843 4362
2023 2378
2378 265
197 1577
1577 3088
3698 3263
3263 3467
275 155
155 3607
3497 3389
3389 1635
3504 760
760 1369
197 210
210 2816
499 4096
4096 2535
3042 2394
2394 789
2337 2121
2121 4445
568 3178
3178 3154
437 1529
1529 2672
2679 3979
3979 4026
702 1268
1268 4464
4252 3543
3543 2084
2337 254
254 3894
1854 4394
4394 3785
2679 315
315 3301
3952 4091
4091 1599
275 1571
1571 1764
2458 1581
1581 1980
197 2690
2690 1500
3952 3528
3528 1635
1236 3003
3003 1957
1033 3532
3532 3026
3372 4376
4376 4540
4448 1867
1867 2084
3391 549
549 3897
2243 4055
4055 1221
488 2450
2450 1275
2284 2742
2742 1804
1838 4510
4510 1252
2081 937
937 2
3214 3228
3228 3754
359 3323
3323 900
786 3678
3678 3894
4069 666
666 2162
2140 687
687 1834
4323 3350
3350 2039
3488 1382
1382 1349
437 1000
1000 3667
2337 2018
2018 545
3273 1590
1590 1418
4409 2495
2495 675
3016 3258
3258 864
2455 2762
2762 1589
3646 1922
1922 1418
2284 1113
1113 1768
776 1451
1451 2069
488 2490
2490 3615
4448 3905
3905 3183
2971 1285
1285 4002
3037 3221
3221 892
2003 280
280 2761
735 1219
1219 3438
4069 1165
1165 4016
197 2516
2516 4524
3016 1175
1175 1005
109 3596
3596 3257
2481 3174
3174 2622
3214 552
552 1223
1759 2433
2433 202
2284 2180
2180 3981
3681 1555
1555 1005
1601 1212
1212 2703
741 3045
3045 590
4417 2262
2262 1731
3391 2663
2663 2436
4328 3536
3536 2162
2971 929
929 2330
3499 2943
2943 2816
3037 2396
2396 1637
4239 2272
2272 2733
2243 297
297 1119
4069 791
791 590
4333 3374
3374 3862
3869 660
660 3044
3273 2066
2066 730
109 4495
4495 1248
534 3024
3024 525
914 2864
2864 2569
446 1493
1493 4075
992 4441
4441 4519
4069 4032
4032 761
376 1440
1440 3688
508 1984
1984 4037
2081 2664
2664 4268
2337 167
167 3048
2512 3146
3146 348
2337 579
579 3897
3646 126
126 3338
3273 3356
3356 2319
1812 4305
4305 3548
4323 4331
4331 1588
4417 3453
3453 900
715 3805
3805 2007
2455 3789
3789 2220
2595 2901
2901 3074
4323 1149
1149 3342
788 62
62 4540
172 46
46 3373
2243 657
657 1114
3273 3142
3142 4542
1416 822
822 2730
109 332
332 3044
410 827
827 1391
1838 1481
1481 1668
715 1388
1388 4436
3037 856
856 4126
1033 3756
3756 750
3216 1421
1421 4236
101 1053
1053 4306
735 1917
1917 1943
3214 1698
1698 2092
4259 1522
1522 2809
3488 1509
1509 3439
2679 1750
1750 4450
4069 3910
3910 2424
4448 1694
1694 695
3427 3090
3090 3332
1236 956
956 1114
101 3032
3032 1072
3952 1115
1115 311
499 2475
2475 3260
2595 4209
4209 3754
3042 3840
3840 3038
2337 1567
1567 31
4333 1356
1356 2005
4448 4219
4219 895
508 2420
2420 608
704 3049
3049 2721
3719 4451
4451 1906
1718 4418
4418 1385
2877 4282
4282 3582
788 199
199 2436
437 388
388 1294
1812 1839
1839 3026
3391 3386
3386 31
3869 622
622 85
3216 1244
1244 3608
1263 4153
4153 1943
2847 535
535 1516
1718 3587
3587 900
3216 4
4 1565
2284 2078
2078 3639
376 462
462 641
2877 613
613 837
376 4535
4535 2293
2337 1092
1092 2186
3214 352
352 1901
3488 3101
3101 853
1033 631
631 2758
2679 2698
2698 1906
1374 1979
1979 1906
2481 3447
3447 400
4239 4480
4480 2322
4239 3977
3977 892
1759 676
676 1862
359 443
443 3817
3042 664
664 284
3869 1151
1151 1565
359 1292
1292 684
725 1020
1020 3023
3042 2447
2447 1420
725 292
292 817
3869 765
765 731
1374 2389
2389 1001
101 4520
4520 4401
704 3821
3821 1635
3719 2065
2065 2733
410 1769
1769 3981
2243 744
744 2933
3001 803
803 1913
2481 1591
1591 3264
2455 3524
3524 4114
4259 1920
1920 3688
3418 2721
3214 726
726 3718
3214 2111
2111 895
4259 87
87 3683
3016 1309
1309 3688
109 1524
1524 1472
488 2659
2659 2310
3016 1584
1584 1599
2847 1672
1672 761
109 2483
2483 3395
238 2759
2759 127
4375 3594
3594 4309
3214 812
812 472
2284 368
368 3111
2003 256
256 761
1601 1424
1424 1420
3488 3610
3610 3754
3214 982
982 637
4409 2718
2718 2461
109 316
316 3818
109 1319
1319 2
2679 3996
3996 2322
2455 3513
3513 1223
2337 3872
3872 2809
4069 1895
1895 42
2877 571
571 307
163 1627
1627 4513
3273 2613
2613 1810
715 3220
3220 2133
3646 3212
3212 2443
3132 2582
2582 4547
1763 4541
4541 2850
3372 1962
1962 4401
163 3107
3107 1685
3646 3380
3380 3183
3391 1489
1489 3065
3132 2095
2095 2186
992 4074
4074 3192
725 1163
1163 2022
4252 2308
2308 1059
704 1495
1495 608
4409 3455
3455 2548
4448 2628
2628 3154
2971 3603
3603 923
3719 1220
1220 2007
1763 22
22 1294
3001 2890
2890 922
4448 2812
2812 1472
741 912
912 779
1416 3514
3514 2220
3882 2289
2289 2443
4252 3629
3629 2721
3952 329
329 1942
3037 795
795 4524
4259 2851
2851 2398
568 988
988 1565
3646 2445
2445 2632
1838 3664
3664 4144
3646 4352
4352 2573
4328 2032
2032 2632
702 3364
3364 372
197 4130
4130 1369
1864 1978
1978 3022
1033 4424
4424 1240
2075 2150
2150 2993
446 3766
3766 1453
238 4101
4101 1994
788 3725
3725 3807
238 4090
4090 1886
3037 241
241 2719
3214 1230
1230 1862
715 2059
2059 1221
508 186
186 1275
2003 3665
3665 3754
375 4463
4463 285
3497 1137
1137 3754
488 2805
2805 4416
3273 4291
4291 3894
3372 162
162 4126
2337 1761
1761 3338
4259 4093
4093 1500
4375 4195
4195 641
4426 4514
4514 1886
715 3232
3232 121
568 300
300 2319
4239 1540
1540 1420
2441 3349
3349 789
3286 2799
2799 1810
786 3749
3749 42
741 2783
2783 2088
163 3124
3124 284
1236 2382
2382 3761
4259 3757
3757 3775
3646 2244
2244 4493
3488 4247
4247 2
1374 3918
3918 2084
4426 1907
1907 837
3037 2292
2292 1997
1763 1488
1488 2993
2243 1130
1130 1180
4409 3383
3383 348
3698 4226
4226 2733
2075 1315
1315 731
2481 890
890 3048
568 4253
4253 3674
2075 3442
3442 3369
376 2987
2987 3264
534 2305
2305 2672
109 3420
3420 1757
197 2171
2171 7
4375 3182
3182 801
437 1359
1359 3761
2455 2948
2948 2377
786 3445
3445 4429
508 2803
2803 3301
4252 3335
3335 2622
2140 302
302 30
2243 138
138 1685
4323 3055
3055 2461
508 1204
1204 1886
4448 3187
3187 1360
3681 2939
2939 517
3869 382
382 1245
3372 1242
1242 864
1812 4390
4390 2268
992 2818
2818 4163
3719 3914
3914 4425
499 2122
2122 2651
8 2190
2190 2933
3214 521
521 900
3372 2775
2775 2160
704 523
523 545
3372 1863
1863 2605
704 575
575 2535
3681 247
247 3342
3504 1188
1188 617
4375 2972
2972 3894
4426 935
935 1500
4375 3622
3622 3111
715 3359
3359 2538
3497 1317
1317 4486
488 3339
3339 3022
3391 3064
3064 2570
1854 2656
2656 2637
1601 719
719 545
2595 738
738 4524
375 2497
2497 2826
704 355
355 2275
1601 281
281 3338
2441 154
154 4547
725 435
435 3547
4409 2166
2166 1248
109 1143
1143 637
2081 1894
1894 3890
1273 1593
1593 111
992 835
835 2005
3042 3482
3482 2933
2481 397
397 2809
2595 4086
4086 1980
2512 1558
1558 3282
3497 1247
1247 4429
3391 3575
3575 3088
1033 399
399 1731
4417 1017
1017 1969
568 712
712 4225
101 566
566 30
2971 3935
3935 1248
568 2379
2379 3785
4252 1203
1203 2784
2458 4022
4022 2443
1273 3382
3382 4524
735 527
527 698
2075 625
625 2888
3681 1024
1024 469
109 633
633 1360
2023 2149
2149 853
2337 773
773 2721
488 2230
2230 698
4448 1159
1159 318
2337 4452
4452 2937
1759 3051
3051 1114
3037 4455
4455 2719
715 2974
2974 4436
534 2588
2588 3674
3681 562
562 3282
375 1680
1680 3074
3001 1787
1787 1221
3952 421
421 1369
702 3066
3066 2162
376 644
644 931
4323 81
81 127
2595 4084
4084 2293
4069 3538
3538 1574
2847 2868
2868 2986
1759 1852
1852 731
2455 4286
4286 4524
410 193
193 1770
3511 3722
3722 2162
3499 25
25 4038
3372 1808
1808 1804
1033 3794
3794 2912
4409 528
528 7
197 2922
2922 1453
741 2141
2141 3582
172 334
334 1376
3698 2323
2323 947
1838 1831
1831 2619
238 714
714 4493
1854 1803
1803 3207
534 4271
4271 2172
914 365
365 2275
2023 4379
4379 875
3016 2017
2017 4414
499 3010
3010 1079
163 1534
1534 3207
3719 602
602 1666
2284 2091
2091 3667
1601 1494
1494 476
3719 3888
3888 2443
410 503
503 277
4426 2568
2568 3754
704 882
882 801
101 3529
3529 2622
4375 258
258 378
3646 2381
2381 2424
488 404
404 2672
3214 2658
2658 3154
3016 546
546 4527
2023 678
678 3818
3286 2349
2349 2674
4426 4274
4274 2310
172 3784
3784 1862
488 2577
2577 4156
3372 2375
2375 2424
4239 4182
4182 401
4239 1176
1176 2285
4069 2700
2700 1635
2075 2371
2371 4002
4259 3013
3013 2079
741 2352
2352 284
3001 3200
3200 2933
1416 1624
1624 1516
534 4413
4413 2005
914 4131
4131 4002
1214 1625
1625 2933
4409 11
11 3179
4417 3917
3917 3301
275 2354
2354 1635
3391 3855
3855 9
2679 2843
2843 3396
715 3644
3644 3332
2595 2060
2060 2335
1273 787
787 2909
2971 4217
4217 3732
3504 873
873 4436
741 3617
3617 1906
3646 2870
2870 695
3681 1829
1829 695
2243 615
615 2730
1214 1269
1269 4414
2877 4161
4161 1691
4409 2710
2710 4416
275 710
710 4540
8 2665
2665 4309
4328 1633
1633 1072
2140 2896
2896 372
4069 1383
1383 2637
2679 2874
2874 1005
275 4142
4142 900
2337 2539
2539 1240
2512 764
764 817
776 4071
4071 4527
2075 1225
1225 1768
2243 4232
4232 2144
2243 3788
3788 2220
2455 290
290 608
2441 3307
3307 1245
1601 3578
3578 3955
3001 1052
1052 2590
376 2369
2369 837
3001 1654
1654 4493
4252 2344
2344 4436
2679 3521
3521 2261
2458 670
670 3257
4252 3247
3247 608
2847 4388
4388 3342
3216 63
63 892
3809 3615
1864 1396
1396 3026
2595 1277
1277 2312
715 1512
1512 3960
914 2814
2814 3038
1263 1874
1874 3260
3719 2001
2001 1114
3214 3289
3289 3038
163 288
288 2632
3952 2463
2463 1886
715 3409
3409 1420
197 1008
1008 1252
2441 1703
1703 3434
1263 1819
1819 4425
776 1320
1320 2721
3372 3926
3926 1059
1236 3018
3018 2461
788 2002
2002 684
2081 212
212 3088
1601 2506
2506 3960
2243 2740
2740 1666
702 1409
1409 3547
4333 456
456 4477
3719 2231
2231 1804
4333 1732
1732 4144
3214 3234
3234 684
101 1560
1560 2569
2430 3561
3561 1731
4239 2402
2402 1180
3869 4272
4272 2424
2679 2825
2825 1764
163 1809
1809 111
4323 2567
2567 3072
1759 2643
2643 3827
1601 2437
2437 4163
1236 3949
3949 2453
2430 1126
1126 875
172 2883
2883 1768
735 1902
1902 2092
2023 903
903 3434
3214 4143
4143 127
4239 1604
1604 926
1812 4058
4058 31
3391 4251
4251 2933
2023 574
574 1182
4239 4385
4385 1029
375 243
243 2249
1601 153
153 1764
992 2267
2267 3439
1864 1513
1513 2527
2847 2602
2602 2285
914 47
47 3582
4259 1102
1102 553
1236 1563
1563 1691
2458 374
374 4037
1763 2123
2123 3700
2679 2457
2457 2651
2441 3670
3670 2605
3646 2989
2989 2144
3488 4398
4398 3507
702 811
811 1789
4375 3098
3098 608
1601 1636
1636 1731
704 2226
2226 2310
2023 1461
1461 3621
499 2598
2598 89
2430 2764
2764 61
1263 1132
1132 3862
3698 3378
3378 4493
4252 3734
3734 4436
2140 4329
4329 1349
2023 4307
4307 3862
4448 1120
1120 758
1812 3061
3061 695
2512 1150
1150 3906
2284 2904
2904 3973
2441 1784
1784 2888
534 3238
3238 42
3681 3912
3912 3718
3042 1960
1960 1913
1763 4395
4395 3151
2458 3071
3071 1079
3698 2118
2118 1574
3037 2521
2521 3955
1236 2045
2045 3700
2284 263
263 4060
1236 309
309 30
3286 2444
2444 2377
4259 1824
1824 3183
776 4214
4214 378
4409 747
747 3434
2023 2392
2392 1565
3001 2104
2104 2888
3037 2724
2724 1637
4259 538
538 3065
3646 1302
1302 3607
3646 2517
2517 61
568 76
76 3301
992 3690
3690 4425
3698 4053
4053 731
3499 3030
3030 1957
446 3343
3343 2453
3372 965
965 3257
1416 3477
3477 1468
4259 2913
2913 3817
3016 1116
1116 3434
2481 3054
3054 2172
275 1036
1036 1691
4069 1226
1226 3862
1854 513
513 4547
1864 1966
1966 3044
4259 3112
3112 195
2337 2113
2113 1770
109 3015
3015 1886
3132 52
52 1248
788 3047
3047 4362
735 268
268 659
446 1733
1733 2007
3646 548
548 2535
3391 3634
3634 3022
2243 2681
2681 3639
2023 353
353 553
2971 1140
1140 1670
2971 1911
1911 1385
172 3976
3976 2933
437 648
648 195
499 2155
2155 1223
4239 1823
1823 2527
376 2204
2204 2307
3869 3816
3816 7
238 949
949 387
508 2729
2729 2322
2003 4081
4081 2436
704 360
360 3718
4252 2785
2785 1082
3216 3727
3727 817
437 2669
2669 1155
3216 2317
2317 2249
2595 2967
2967 1221
3681 498
498 472
3719 1054
1054 1685
3372 3287
3287 1943
4409 2984
2984 1182
3286 2960
2960 1180
2284 3324
3324 3260
735 3501
3501 4542
1838 1882
1882 2335
1214 880
880 1685
2243 3850
3850 2172
788 2699
2699 993
2003 3252
3252 1265
2003 2702
2702 202
508 2914
2914 2152
359 1802
1802 3022
4448 808
808 1901
375 4238
4238 3249
2003 1363
1363 864
4417 3874
3874 2703
163 616
616 785
1214 487
487 1789
1763 2011
2011 2758
4375 1579
1579 3615
3273 2765
2765 3827
4069 370
370 1834
1864 1518
1518 4414
4375 3413
3413 1980
4323 2856
2856 4486
2430 1878
1878 3964
508 1717
1717 1265
3497 3046
3046 895
4239 4040
4040 3438
2430 2097
2097 1331
704 37
37 2088
2243 491
491 3044
4409 2489
2489 1550
3427 3616
3616 4026
172 2269
2269 1223
2284 706
706 4464
715 1300
1300 4236
375 17
17 2092
4409 2124
2124 4429
992 597
597 3342
3497 1700
1700 1834
2023 3446
3446 590
741 4338
4338 282
3646 2252
2252 3960
4448 2688
2688 2570
3372 2185
2185 837
3511 2390
2390 3608
410 2860
2860 2554
163 550
550 922
163 427
427 3818
238 2682
2682 4309
4426 4004
4004 3225
3882 178
178 2211
2140 2361
2361 4114
3499 2831
2831 3955
2458 3697
3697 761
3391 816
816 2888
3488 1266
1266 785
1236 1166
1166 1360
197 301
301 1500
508 4467
4467 3968
3719 2821
2821 4513
446 1045
1045 1360
1273 4210
4210 3301
375 310
310 378
1838 123
123 4464
3952 2370
2370 2398
914 1872
1872 202
3681 717
717 698
1812 4173
4173 2377
238 2184
2184 2637
2337 4497
4497 1344
3001 94
94 4493
437 2915
2915 2937
376 3643
3643 1906
2081 2979
2979 2157
992 3291
3291 1079
3719 3708
3708 124
3869 2574
2574 4002
3286 474
474 3507
3427 3939
3939 2622
1214 3762
3762 4309
741 2156
2156 1980
3869 1310
1310 1810
786 3743
3743 472
3427 614
614 4542
197 3517
3517 9
776 3778
3778 761
704 1992
1992 1182
446 2645
2645 3065
1236 3562
3562 553
172 1853
1853 127
3511 2429
2429 470
725 652
652 2152
725 3129
3129 4445
1273 1487
1487 1182
1416 883
883 2562
992 364
364 4493
3132 749
749 2573
1263 320
320 124
2023 3560
3560 698
786 471
471 3044
715 305
305 2134
4069 3143
3143 4283
2003 4011
4011 2461
446 3602
3602 2590
1812 279
279 4436
1812 3990
3990 789
3952 1117
1117 1180
3372 1345
1345 3677
4252 366
366 1757
101 3150
3150 2721
1854 2780
2780 1114
4375 497
497 2632
4323 262
262 2573
4323 2205
2205 4037
776 1662
1662 4114
4252 2040
2040 1180
359 2076
2076 3827
238 3092
3092 1588
914 1678
1678 3785
376 3498
3498 981
1601 2168
2168 307
3132 2072
2072 307
2595 799
799 2307
4409 554
554 3817
3016 1725
1725 2937
1812 3267
3267 1666
3372 4453
4453 3677
776 4235
4235 3154
1416 1408
1408 4037
8 1147
1147 2172
725 2464
2464 4477
715 1328
1328 3817
3286 1887
1887 2249
3511 1186
1186 1574
375 621
621 4548
776 887
887 1079
1273 15
15 875
715 1553
1553 517
4069 2074
2074 4425
1759 1903
1903 590
410 2362
2362 2440
1812 3835
3835 3775
715 1850
1850 2549
499 3618
3618 1731
2441 2333
2333 677
1416 3103
3103 3507
2971 3876
3876 829
172 2908
2908 2651
3016 3954
3954 2162
1864 3209
3209 947
4252 3845
3845 4429
3132 683
683 2039
725 1427
1427 3807
499 1875
1875 1420
4409 1004
1004 1637
2023 4035
4035 4519
508 1018
1018 3968
3488 4483
4483 3438
1601 2992
2992 4540
3372 2452
2452 2377
1374 2715
2715 675
3216 4149
4149 3507
3037 3552
3552 789
2075 2472
2472 2242
4323 3589
3589 2144
3391 3740
3740 3395
3497 2934
2934 30
1236 2400
2400 3260
2971 1748
1748 3225
3952 2049
2049 2152
3132 3299
3299 2261
4448 1431
1431 2703
437 1945
1945 775
197 3883
3883 4283
2075 739
739 947
4252 2281
2281 3981
3504 1815
1815 3894
4417 2294
2294 1942
2140 207
207 517
1864 331
331 922
1854 3505
3505 307
1416 1239
1239 400
786 1868
1868 4429
3499 3908
3908 1248
4426 201
201 4429
8 737
737 1637
2455 3069
3069 2535
3132 796
796 4163
1273 4185
4185 1221
4239 539
539 1385
101 941
941 730
1864 2599
2599 3207
735 3060
3060 3677
410 3145
3145 3154
3214 2139
2139 775
508 2050
2050 1691
2877 1548
1548 3183
4333 1940
1940 1180
3698 2311
2311 111
2455 1527
1527 2220
4426 4098
4098 307
3869 3983
3983 4423
4328 2196
2196 3761
1718 3975
3975 993
3001 346
346 2160
3132 2841
2841 1516
2243 4498
4498 1391
3869 1231
1231 1005
1838 2708
2708 3964
3001 2409
2409 2548
238 2108
2108 1248
359 2968
2968 1755
275 1898
1898 4429
2458 2773
2773 900
1416 4150
4150 1565
1718 4146
4146 1072
568 2862
2862 931
2595 4499
4499 1642
3391 4370
4370 2527
704 1380
1380 923
1273 4342
4342 2535
238 952
952 758
534 1710
1710 202
1864 84
84 2461
2971 2528
2528 4486
2679 1521
1521 1635
1374 4294
4294 3761
4259 4515
4515 4156
1812 3377
3377 1001
3719 3985
3985 202
2337 1400
1400 4548
1033 3196
3196 2242
3869 724
724 2152
3504 2806
2806 4236
2284 1626
1626 3621
275 2336
2336 348
172 4124
4124 2605
2595 1987
1987 2363
2003 1734
1734 2590
568 2687
2687 3282
101 3404
3404 4126
3681 3393
3393 3761
3499 2840
2840 1886
4417 1091
1091 1472
3042 1081
1081 1574
3488 2008
2008 2459
3488 3822
3822 1119
3511 4438
4438 4542
1759 1423
1423 3801
101 650
650 1731
3511 4266
4266 4287
3001 3390
3390 2637
197 2885
2885 1980
4259 1779
1779 1789
163 412
412 4477
3016 3701
3701 3894
4069 3889
3889 590
3882 3716
3716 2
2595 1399
1399 853
410 4482
4482 3048
1763 3173
3173 3938
1273 1531
1531 4527
3499 88
88 470
2284 2859
2859 2160
2284 3847
3847 1943
172 3284
3284 4171
3391 3473
3473 30
3869 4353
4353 1500
2458 377
377 1994
2971 4079
4079 829
3511 82
82 2249
2679 4262
4262 1275
410 237
237 1994
735 203
203 3897
1214 1780
1780 3588
715 1337
1337 3022
8 1258
1258 1670
1718 1387
1387 3827
786 3660
3660 4486
1763 60
60 637
172 1108
1108 590
4417 4444
4444 1834
715 2413
2413 1505
376 2365
2365 2461
4333 2328
2328 4477
914 4392
4392 2758
4448 4025
4025 775
4333 872
872 3807
2003 2995
2995 3607
376 2470
2470 3434
197 4116
4116 553
3042 3169
3169 1418
702 1931
1931 2220
508 3628
3628 3332
1273 1321
1321 1331
725 2736
2736 496
3952 1586
1586 2549
446 2346
2346 4283
735 3285
3285 3968
4328 3523
3523 1385
2081 836
836 1768
3042 3653
3653 3683
2458 1454
1454 4436
437 1013
1013 2993
2481 1936
1936 4037
1263 665
665 2039
4323 794
794 2242
375 841
841 2826
3214 4034
4034 1155
725 486
486 2703
1601 646
646 2079
2595 727
727 2211
2337 4133
4133 1472
1763 721
721 3621
741 3633
3633 4450
3497 2625
2625 1072
359 3586
3586 1997
2679 1413
1413 864
2971 4516
4516 3674
1718 530
530 4283
1838 2193
2193 789
3042 3082
3082 895
3391 3937
3937 2005
4239 1653
1653 89
776 2132
2132 2312
3504 3270
3270 1114
4375 1905
1905 3342
1838 1183
1183 85
2023 3306
3306 3467
2243 1264
1264 3151
534 2823
2823 1082
3214 1327
1327 1943
3497 3469
3469 2605
2971 1707
1707 779
109 4313
4313 3467
446 2571
2571 111
3132 651
651 2088
446 3752
3752 829
375 2153
2153 1059
3016 2713
2713 853
2679 4361
4361 4477
1759 2830
2830 4060
1864 2469
2469 31
3952 1087
1087 2220
1864 3411
3411 2784
992 2676
2676 4126
3037 3750
3750 3973
275 345
345 4236
1763 1816
1816 2637
1838 2638
2638 265
172 2332
2332 61
1838 2384
2384 3801
2284 3851
3851 3065
376 3321
3321 3906
1854 1133
1133 2162
359 1975
1975 1095
3681 1944
1944 496
2284 2561
2561 2933
1601 1776
1776 2310
702 843
843 3894
1812 4257
4257 1005
1236 4335
4335 3395
568 1554
1554 4026
172 2435
2435 18
2337 3893
3893 922
4069 3714
3714 525
914 1284
1284 1943
1718 1841
1841 1666
4323 1458
1458 476
4448 338
338 3518
2481 4292
4292 1385
704 1023
1023 2092
446 2746
2746 3963
2971 2878
2878 922
488 2246
2246 470
499 1583
1583 2069
3001 584
584 3817
2430 266
266 3818
3427 2146
2146 1265
197 2633
2633 3677
2679 3189
3189 4542
786 3637
3637 4016
2003 573
573 3785
4448 2634
2634 1029
4333 3584
3584 277
3037 358
358 2022
3037 2154
2154 2436
914 1587
1587 2570
3132 2415
2415 1901
3037 972
972 3827
4239 2845
2845 4163
410 4490
4490 1418
725 3988
3988 4163
3273 809
809 4450
2458 2341
2341 1500
3391 4175
4175 1589
2441 2241
2241 1574
508 4446
4446 3688
2679 1064
1064 750
1759 335
335 1994
568 2451
2451 4513
4252 653
653 1565
3488 1025
1025 923
3372 2090
2090 2172
735 1406
1406 4046
2441 4166
4166 401
499 3416
3416 785
488 1814
1814 2721
1601 4095
4095 3023
3001 1606
1606 2637
1236 398
398 1265
1263 2256
2256 4425
2458 3636
3636 348
4259 823
823 4464
4333 3685
3685 2005
2458 561
561 2816
3499 3265
3265 2619
359 3407
3407 2619
446 323
323 864
4328 1354
1354 3639
534 4476
4476 4547
2595 2056
2056 2573
359 4068
4068 677
741 4179
4179 2730
3273 3454
3454 472
275 2929
2929 1505
725 3913
3913 2285
2679 3921
3921 3973
3016 2165
2165 2660
3286 3942
3942 1755
702 2016
2016 1331
1263 1842
1842 2335
2595 4504
4504 993
375 4020
4020 4416
992 1701
1701 282
2847 1288
1288 1059
3286 518
518 1562
3882 3744
3744 1294
3216 3475
3475 4493
2081 147
147 89
2455 974
974 2152
3042 3535
3535 3607
4069 1925
1925 1804
3497 1612
1612 517
1416 908
908 3257
2441 2844
2844 124
992 2593
2593 1453
1763 2924
2924 3621
3646 3253
3253 4306
2081 4072
4072 4429
101 3274
3274 3065
4328 4267
4267 3981
410 1262
1262 900
725 1076
1076 3897
1854 3625
3625 30
2081 2164
2164 4075
788 1200
1200 2069
4259 3281
3281 4493
725 624
624 895
4069 509
509 2548
1033 1241
1241 659
109 2757
2757 3154
4426 2786
2786 2719
1416 2942
2942 1565
376 3583
3583 4156
3698 4023
4023 282
2075 718
718 641
2679 1158
1158 124
568 4221
4221 3897
2679 4028
4028 2157
1601 1766
1766 26
2430 3566
3566 2211
4417 3388
3388 2733
2430 1030
1030 2319
4323 4302
4302 4527
3499 286
286 2092
1864 4364
4364 31
788 1222
1222 1901
3132 4402
4402 469
4239 978
978 2703
786 3397
3397 1240
4323 533
533 1223
3646 2462
2462 2937
1812 250
250 931
2458 2725
2725 2888
2243 3539
3539 829
2075 3175
3175 2285
2243 1580
1580 3331
437 4188
4188 684
4259 432
432 677
2075 2287
2287 4548
2481 1335
1335 4046
725 4502
4502 608
2455 230
230 1376
2455 3353
3353 3968
2140 3911
3911 892
1763 132
132 1957
1864 1470
1470 4486
2243 1933
1933 2069
4409 957
957 3338
2023 973
973 4429
2075 479
479 895
1416 2179
2179 2268
776 3314
3314 3373
3391 2099
2099 4016
508 234
234 2424
2877 2019
2019 2
4239 857
857 1574
2337 1822
1822 2761
3882 3330
3330 277
4375 1760
1760 3544
508 757
757 1666
508 2853
2853 1980
1718 1492
1492 695
2971 1910
1910 2535
2430 1964
1964 3022
2455 4191
4191 121
2081 2760
2760 202
1812 810
810 4414
1601 3435
3435 3111
4069 2419
2419 3688
499 577
577 1969
488 2696
2696 3639
715 1443
1443 2007
2458 3422
3422 3862
275 4422
4422 993
992 477
477 3111
4448 4141
4141 698
238 2832
2832 750
704 171
171 3278
1718 3215
3215 2721
3037 4488
4488 1391
2140 1433
1433 4163
4409 4511
4511 2991
3372 881
881 4038
1273 416
416 124
4239 1404
1404 545
4069 3630
3630 1072
3016 3742
3742 3038
172 1692
1692 1252
3037 91
91 2937
1718 444
444 3897
1763 3713
3713 4089
2075 1011
1011 3775
275 1681
1681 4445
2023 905
905 2261
534 532
532 2850
4409 4354
4354 900
3216 2432
2432 4548
776 1603
1603 3639
410 1479
1479 2275
2455 915
915 1376
4328 1441
1441 9
275 2591
2591 4089
488 173
173 3065
1236 3352
3352 3342
1854 157
157 401
2337 3302
3302 947
375 4263
4263 387
715 1921
1921 3754
1864 1160
1160 2703
4333 2944
2944 3894
715 2170
2170 3817
776 3859
3859 1119
359 3160
3160 3369
2081 1184
1184 3548
1416 1818
1818 4089
534 784
784 895
2455 2897
2897 121
3042 1546
1546 265
101 270
270 3963
1854 701
701 2888
1263 43
43 785
508 50
50 1755
1812 586
586 4524
1763 4403
4403 3438
1854 3969
3969 2619
534 1702
1702 2160
4239 519
519 282
437 526
526 2312
702 1371
1371 4163
568 1211
1211 3827
376 902
902 2440
2595 3272
3272 545
2430 668
668 1344
3216 2907
2907 3301
499 2677
2677 4436
1763 4109
4109 3718
1263 283
283 553
2430 2813
2813 1082
508 357
357 3963
3504 2854
2854 1385
1214 1865
1865 476
992 3425
3425 3608
3952 3176
3176 2160
2023 2848
2848 659
2971 3551
3551 4037
2971 222
222 966
741 4367
4367 2293
4426 2250
2250 3183
3001 2028
2028 730
2003 169
169 3862
2679 2300
2300 2573
4259 1324
1324 3894
735 3943
3943 2809
3511 1412
1412 3981
1812 2114
2114 2993
3132 643
643 1306
788 3310
3310 3048
4417 3492
3492 3282
109 3828
3828 1897
2877 4391
4391 1764
172 24
24 2005
2512 3162
3162 7
4448 2919
2919 2761
3016 629
629 1565
2284 2428
2428 2674
1601 855
855 3955
4409 3993
3993 372
1236 901
901 1755
2455 4299
4299 3331
1236 4479
4479 2733
3427 1621
1621 1536
2243 1178
1178 4156
4069 2080
2080 4038
4375 720
720 875
3214 198
198 89
1033 4199
4199 4306
197 3211
3211 3955
2023 317
317 2733
704 3421
3421 3022
992 3658
3658 892
3497 1050
1050 1810
197 3537
3537 3955
4069 2639
2639 4026
4409 984
984 1637
1416 2766
2766 1376
2595 3764
3764 3338
1263 2304
2304 3807
2455 2126
2126 2721
735 1996
1996 1376
4259 117
117 3544
4448 4454
4454 3192
3273 3379
3379 3369
508 3703
3703 2527
275 3412
3412 2160
2971 2271
2271 4060
2455 2486
2486 1969
499 1429
1429 608
2081 2274
2274 1072
3504 3852
3852 1079
1759 1990
1990 3518
3499 2828
2828 4445
197 1747
1747 4268
3016 1541
1541 3894
3504 465
465 2084
375 2606
2606 3674
786 4316
4316 2152
704 1744
1744 966
1763 3576
3576 3818
1273 1605
1605 3257
715 1298
1298 4410
3504 2052
2052 1565
568 2754
2754 1942
3646 2013
2013 1360
3497 97
97 3906
4448 506
506 3154
446 220
220 3373
101 296
296 1950
1416 4360
4360 1453
2455 2421
2421 553
3391 3039
3039 285
4259 4132
4132 926
172 2425
2425 3862
1601 1600
1600 3088
4069 3325
3325 1637
704 2594
2594 3192
1864 227
227 2912
3882 1152
1152 829
3427 1407
1407 789
4426 878
878 307
2877 3967
3967 4519
446 3519
3519 378
101 1851
1851 2133
2481 3336
3336 1666
4426 3854
3854 3065
534 3318
3318 89
992 2794
2794 641
109 1926
1926 124
725 2098
2098 926
2075 4128
4128 3438
4426 2732
2732 2938
3497 1459
1459 1691
1214 2189
2189 1562
3286 3613
3613 4540
2430 1961
1961 3862
4323 3444
3444 4445
2081 429
429 3192
3273 4152
4152 26
4259 231
231 4450
4252 2513
2513 2129
786 194
194 1082
3391 150
150 2991
3869 3275
3275 4513
101 83
83 4416
197 587
587 1950
3016 946
946 1913
702 463
463 1059
3391 581
581 3894
1763 866
866 2144
3504 447
447 761
238 3460
3460 2424
4409 1016
1016 4464
2481 1243
1243 2
508 4475
4475 864
2140 1740
1740 1418
3504 269
269 966
2284 1889
1889 3862
488 2510
2510 3607
4069 1411
1411 2619
4333 2882
2882 2459
3499 2356
2356 993
4448 2482
2482 1741
3372 1313
1313 1768
4069 3326
3326 2719
2481 115
115 4425
2243 500
500 4306
3719 2329
2329 3434
8 1857
1857 2632
741 647
647 4464
1033 3758
3758 3548
1236 4129
4129 698
172 3029
3029 4038
3681 825
825 387
3132 1645
1645 2733
914 4320
4320 892
3001 4406
4406 3282
499 3097
3097 3761
4417 3305
3305 4436
2243 2891
2891 378
2679 759
759 4524
3504 3706
3706 127
359 4397
4397 3395
788 56
56 3938
3273 2037
2037 4075
1763 2218
2218 3732
4448 2496
2496 2570
568 2222
2222 3621
3001 1448
1448 1453
1854 1971
1971 3817
2337 3647
3647 4423
3504 3753
3753 2538
4069 2879
2879 1180
376 383
383 2991
1759 1891
1891 3257
1263 2678
2678 2909
446 2808
2808 801
163 2920
2920 3547
1273 520
520 3547
2243 2525
2525 1500
3504 3842
3842 1001
1854 3772
3772 265
2075 921
921 3973
275 612
612 61
3042 1161
1161 4414
4323 4473
4473 2330
508 3909
3909 3607
1374 4207
4207 545
2243 3838
3838 1637
1763 3385
3385 2850
499 2147
2147 2826
2847 2566
2566 1565
163 2795
2795 730
786 891
891 1950
1263 4230
4230 3088
3391 1749
1749 2079
3132 1198
1198 1952
376 4059
4059 1574
735 2691
2691 202
2679 2030
2030 1741
3427 4057
4057 4171
568 3774
3774 3588
446 2801
2801 785
508 4324
4324 4309
1263 4468
4468 2069
3719 4386
4386 3183
2847 3246
3246 3938
3497 1043
1043 2157
3372 4107
4107 2440
2455 71
71 2312
4069 1192
1192 3074
704 3649
3649 1666
1812 1607
1607 2440
3001 189
189 3894
3882 1774
1774 4002
197 4484
4484 1468
3042 3362
3362 1755
2679 3227
3227 3396
3698 3203
3203 2569
1759 3226
3226 3683
3681 879
879 1252
8 1209
1209 2548
4333 3354
3354 2
1273 29
29 3683
3681 3256
3256 2220
788 2173
2173 1005
4328 3217
3217 3282
197 501
501 2211
1864 3021
3021 2535
2337 674
674 4038
163 1535
1535 1685
702 1796
1796 4309
786 3781
3781 3548
2455 865
865 3818
2430 1061
1061 30
715 2128
2128 675
3042 1738
1738 2758
3719 3857
3857 2991
4069 2358
2358 2938
4239 4509
4509 1275
3037 339
339 4493
4417 748
748 61
2847 1278
1278 1248
3132 4110
4110 1391
4259 1425
1425 2703
3273 563
563 659
3499 600
600 1789
3719 1485
1485 1562
568 3367
3367 3396
3427 983
983 3467
1374 441
441 2133
3681 1232
1232 2622
446 2280
2280 3507
2081 3443
3443 2363
3646 774
774 750
488 371
371 2335
4259 2288
2288 4416
3214 3989
3989 1349
725 2835
2835 4309
4426 2474
2474 3332
3698 2054
2054 923
4239 3130
3130 698
2458 869
869 1862
3132 1364
1364 2275
3037 781
781 3260
2337 1105
1105 4423
1718 4223
4223 1562
499 3428
3428 931
163 1705
1705 3718
359 3344
3344 265
2081 2478
2478 3088
725 2917
2917 3338
4409 407
407 4445
4069 1849
1849 2261
2481 1270
1270 2937
1214 1093
1093 3817
2337 3693
3693 2363
172 2644
2644 3761
1759 2800
2800 372
568 3563
3563 2605
1838 2471
2471 3973
534 272
272 2134
3037 3346
3346 89
101 2053
2053 2933
410 2175
2175 829
3698 782
782 1691
1763 108
108 3151
2512 3222
3222 2719
3511 1088
1088 864
2075 2951
2951 202
3499 3885
3885 2134
788 1934
1934 282
376 3804
3804 2784
1416 3733
3733 3754
715 3832
3832 2672
3216 4123
4123 1755
4259 3184
3184 3547
1812 3400
3400 1391
2430 3522
3522 2144
2455 934
934 1834
375 1014
1014 1114
3391 4318
4318 4089
2595 4246
4246 3818
1854 304
304 3973
534 516
516 1952
3488 468
468 4513
1033 4029
4029 4547
3869 1652
1652 875
4426 4007
4007 61
2679 3007
3007 1642
715 4174
4174 7
4448 3795
3795 124
275 2817
2817 3897
2847 1515
1515 2133
2023 3128
3128 3688
3001 2051
2051 2784
1263 4298
4298 472
3646 3826
3826 3332
508 236
236 3732
1236 2796
2796 4436
4409 4321
4321 2310
1263 3848
3848 2162
4375 1460
1460 641
702 2630
2630 3674
1374 16
16 2453
4426 1465
1465 378
4448 4135
4135 3621
3216 1447
1447 789
1864 3084
3084 2335
534 2515
2515 2918
4328 1191
1191 525
1033 1726
1726 4425
2679 1690
1690 853
197 3402
3402 2494
704 3574
3574 2809
172 1673
1673 2152
275 1820
1820 2912
3214 1799
1799 2459
375 3997
3997 3588
238 3623
3623 659
4409 3437
3437 401
2075 134
134 1072
2595 1428
1428 947
4426 693
693 1741
3698 2935
2935 864
3497 1719
1719 195
4448 1687
1687 1950
4426 2163
2163 2937
4426 3930
3930 2918
4333 2277
2277 2039
4409 457
457 2809
3504 1312
1312 864
3681 4442
4442 284
2458 4052
4052 617
4259 1042
1042 2527
488 2657
2657 3038
172 1870
1870 2622
2455 3509
3509 637
2003 999
999 2721
1214 3782
3782 3981
1263 1932
1932 4410
238 3261
3261 1890
4239 213
213 3582
3511 3181
3181 1
2971 2355
2355 1770
3214 3696
3696 2548
275 232
232 311
4252 1617
1617 3548
359 344
344 2263
437 1367
1367 2129
3214 2283
2283 1360
1718 312
312 277
4323 2295
2295 2912
3511 4009
4009 2424
1854 4549
4549 85
197 200
200 2933
499 4420
4420 2703
172 428
428 4401
2430 3541
3541 3154
3698 1224
1224 829
2847 1737
1737 2826
2337 2910
2910 1757
715 3846
3846 895
1214 3691
3691 2494
2455 1835
1835 1072
1263 2804
2804 378
3132 190
190 2363
1759 208
208 1642
3719 229
229 470
2455 2359
2359 4524
4375 2391
2391 1119
2243 3205
3205 2632
2243 2675
2675 2443
2458 3329
3329 2721
2512 299
299 2261
1263 3723
3723 4425
2455 2788
2788 1691
3042 3158
3158 2092
197 3786
3786 2285
702 2587
2587 853
4259 1069
1069 2660
3488 4518
4518 3548
446 1788
1788 2005
2003 818
818 4225
715 1112
1112 3964
2243 1595
1595 1155
3273 1657
1657 3249
3273 3491
3491 3607
534 3984
3984 789
3216 2062
2062 1792
735 191
191 2721
704 188
188 1969
3372 57
57 2436
1759 2159
2159 3700
197 1794
1794 1500
725 3974
3974 400
109 2234
2234 1245
2455 3992
3992 1
1864 139
139 1095
109 3635
3635 2912
725 3136
3136 3544
2337 4087
4087 4306
197 3834
3834 2293
3132 1022
1022 4548
776 3699
3699 3044
2023 3925
3925 4163
8 2709
2709 698
2140 2770
2770 2548
3952 4264
4264 2211
3869 3463
3463 2268
1864 3034
3034 2784
1763 3849
3849 1565
508 831
831 1344
3016 4021
4021 2022
776 4411
4411 2088
4409 838
838 1913
3646 1318
1318 2674
375 3796
3796 3022
3016 3197
3197 3894
3216 3922
3922 779
1718 3152
3152 3467
3372 3710
3710 2562
238 102
102 1180
2081 3242
3242 4144
446 4118
4118 4171
2481 4304
4304 3022
3488 1956
1956 4445
4259 3715
3715 2632
2971 4215
4215 3332
3042 403
403 1520
238 4427
4427 1079
4375 1378
1378 2335
2679 522
522 553
3042 1928
1928 2440
4252 2406
2406 3938
2140 2465
2465 3981
788 3333
3333 2730
1838 2671
2671 3154
741 1336
1336 853
1416 529
529 2319
2243 4167
4167 1668
725 2282
2282 2605
2081 2025
2025 4425
2075 638
638 3282
3286 363
363 4542
992 2038
2038 2758
2430 4485
4485 3264
1854 792
792 1599
2430 1592
1592 111
3214 2366
2366 2562
4409 3810
3810 3548
1763 2898
2898 3260
4323 2655
2655 875
359 1900
1900 3249
4448 2749
2749 761
1718 2240
2240 3257
2877 2487
2487 1550
3719 815
815 284
715 3638
3638 2088
3286 2970
2970 3700
4409 2245
2245 3955
2430 950
950 1376
725 848
848 2268
359 558
558 4225
3681 3839
3839 318
3132 3900
3900 2079
3273 1410
1410 1114
2595 3269
3269 3331
4323 4378
4378 1980
2243 1002
1002 2157
3372 1291
1291 2573
446 4082
4082 2
4252 2422
2422 1119
1763 3486
3486 3022
3001 2837
2837 3395
2458 4204
4204 2330
3511 3864
3864 4410
375 3648
3648 3674
914 391
391 2242
1763 1988
1988 4401
2971 3934
3934 2761
2877 4317
4317 926
376 4447
4447 3044
3216 2403
2403 4156
8 1641
1641 3775
1033 1989
1989 2
1763 253
253 4423
275 2743
2743 2144
1718 3958
3958 265
715 3941
3941 4287
1601 2232
2232 675
3681 2020
2020 3507
3016 1187
1187 348
1374 994
994 1252
1033 3978
3978 1588
2430 3244
3244 3785
3037 3348
3348 4038
2595 1334
1334 3434
1864 4288
4288 7
4259 4300
4300 829
3869 215
215 2986
786 2611
2611 2816
1033 4481
4481 18
3016 919
919 2152
2243 3462
3462 2660
4409 1111
1111 2249
715 515
515 2527
8 3745
3745 9
1864 118
118 1265
704 3471
3471 85
437 490
490 698
3869 3892
3892 2220
3882 2035
2035 3395
197 389
389 1755
3488 2947
2947 4309
359 3457
3457 2632
3372 3210
3210 472
786 1047
1047 3639
3681 1582
1582 3775
2595 180
180 2991
1864 512
512 864
376 1573
1573 761
568 4104
4104 2535
2284 3041
3041 4306
8 3218
3218 378
3504 314
314 3894
702 2096
2096 3338
376 3559
3559 3582
488 38
38 641
1864 3875
3875 3608
3214 3319
3319 3207
109 3236
3236 3818
4328 1502
1502 1520
3681 4512
4512 525
2458 2195
2195 2022
725 14
14 3963
1236 1379
1379 2938
1374 1715
1715 2703
1812 2058
2058 2211
3497 3903
3903 3718
3042 1164
1164 3761
4333 2771
2771 1741
568 2532
2532 3621
4448 1899
1899 2307
2243 2216
2216 2570
1236 2388
2388 892
3511 2106
2106 2538
2512 893
893 2784
2441 4382
4382 1764
1718 2127
2127 3065
1236 449
449 2293
375 1181
1181 3862
488 1035
1035 2554
4252 179
179 2133
992 734
734 2986
4252 1051
1051 2160
4069 2846
2846 617
3882 1390
1390 3179
437 1040
1040 3955
3504 845
845 2527
3216 1510
1510 85
1273 3485
3485 2816
172 1949
1949 637
2430 4345
4345 3761
2243 356
356 2674
4375 2315
2315 2312
1763 4170
4170 966
3497 3856
3856 3332
3427 3802
3802 3373
446 1720
1720 2186
1812 3736
3736 89
2458 820
820 3906
4239 3313
3313 378
534 1508
1508 2494
375 767
767 2133
992 4314
4314 3048
788 1028
1028 2459
534 192
192 3667
4426 4088
4088 3955
1864 4229
4229 1360
2847 2953
2953 3938
1416 2031
2031 779
2441 3787
3787 3544
410 3139
3139 3065
2243 2247
2247 1221
3372 152
152 4436
1273 3811
3811 637
3681 98
98 1369
788 2585
2585 3588
4239 1806
1806 1082
4259 662
662 1741
1864 1559
1559 3964
410 1326
1326 4236
2847 1228
1228 2933
3042 3347
3347 2912
163 2819
2819 3761
4259 3450
3450 1994
1812 3898
3898 1768
3037 1482
1482 3331
446 3131
3131 1991
4239 2499
2499 4038
3372 928
928 311
1601 3679
3679 3960
488 1084
1084 545
101 3375
3375 4287
1812 1134
1134 1997
2243 1094
1094 2440
1214 78
78 3260
3497 3666
3666 3192
3646 3449
3449 3278
1864 145
145 3955
4328 1153
1153 1757
735 23
23 1635
2023 3858
3858 1950
1263 1547
1547 3301
3497 862
862 3906
3719 1351
1351 3264
446 1436
1436 2527
4333 2103
2103 3192
1374 2750
2750 900
4252 2737
2737 1913
3372 807
807 2605
4328 1665
1665 4171
715 235
235 3588
2971 3600
3600 4450
2847 927
927 892
1214 2353
2353 4540
3497 425
425 1240
2140 103
103 3938
3681 4064
4064 1565
3016 448
448 3507
2430 2797
2797 695
3001 2903
2903 1360
568 4085
4085 750
4417 1937
1937 1275
3511 396
396 1731
4239 3830
3830 1472
702 3604
3604 3608
3427 1083
1083 4268
2679 2233
2233 1731
238 2522
2522 318
3042 591
591 3894
715 3086
3086 4287
4328 1727
1727 3964
3499 2976
2976 2084
715 2301
2301 85
786 4543
4543 545
4259 4366
4366 3332
741 113
113 2186
1236 898
898 4283
3646 3423
3423 758
4375 1881
1881 3264
2337 847
847 111
163 1722
1722 3906
4252 1227
1227 4414
4426 125
125 1275
3016 3494
3494 2162
4328 3141
3141 348
375 3841
3841 3761
1864 2557
2557 3048
3037 955
955 4414
4323 3011
3011 2319
2441 1250
1250 2991
1864 2237
2237 3677
3698 3825
3825 3544
725 2466
2466 4477
992 1414
1414 2079
2140 682
682 2039
3001 969
969 922
1273 40
40 1731
534 2299
2299 525
3016 3135
3135 3257
375 1948
1948 3026
1812 2279
2279 3260
3497 2357
2357 3674
725 1856
1856 282
568 55
55 4540
2337 1046
1046 4547
1214 3611
3611 1969
4252 3376
3376 4309
4448 2693
2693 3373
4448 2895
2895 496
3001 2042
2042 2986
3132 2235
2235 923
2337 846
846 1360
3681 1167
1167 284
788 2861
2861 4038
1214 4523
4523 3332
1263 2604
2604 637
1601 2560
2560 3607
1273 3050
3050 779
1763 4374
4374 2605
410 656
656 2619
1273 4001
4001 4002
3016 204
204 1265
3214 3368
3368 1344
163 2849
2849 1913
238 1564
1564 4513
1601 4187
4187 3955
508 321
321 4306
786 1828
1828 18
275 4461
4461 3938
3646 3006
3006 2535
715 2531
2531 4268
776 44
44 3818
3681 3341
3341 3785
4333 433
433 3801
2284 3363
3363 3192
3273 367
367 1114
992 2905
2905 1079
4252 4249
4249 2461
741 2589
2589 2816
101 4380
4380 4429
2595 707
707 3022
4259 3853
3853 553
508 3489
3489 202
1718 4243
4243 1275
2081 4080
4080 3960
3037 906
906 2730
2140 2427
2427 2263
376 224
224 2079
2458 736
736 853
1214 770
770 2007
1033 324
324 2674
568 2014
2014 2088
3286 240
240 1420
776 1097
1097 1369
359 2412
2412 758
2075 196
196 3683
3499 35
35 659
1838 458
458 3373
735 1578
1578 4089
8 3704
3704 3369
275 489
489 1897
3391 2990
2990 3981
715 1918
1918 1221
1214 3659
3659 4450
3001 3959
3959 3088
3681 2502
2502 659
3273 3868
3868 1804
376 5
5 1789
1273 1445
1445 42
2877 1415
1415 4436
4417 2802
2802 121
1812 3441
3441 2784
2003 939
939 3207
4323 2714
2714 2307
1416 3530
3530 3547
4328 4350
4350 85
3016 3695
3695 2275
4239 3096
3096 2443
992 2270
2270 3683
275 3031
3031 2570
1416 2480
2480 121
1763 1973
1973 1685
3719 3036
3036 1182
3427 1634
1634 4126
359 12
12 1550
3391 2339
2339 4513
3391 4036
4036 2730
725 2524
2524 3547
2877 77
77 922
437 1739
1739 1095
3286 699
699 3072
4239 1858
1858 318
1601 2609
2609 31
2075 3861
3861 2991
3719 4501
4501 1536
3214 122
122 2322
1263 3870
3870 1588
534 1544
1544 3582
437 2259
2259 1221
238 1080
1080 195
715 1873
1873 3207
2455 461
461 2134
1759 2555
2555 3615
715 1782
1782 1059
2003 2545
2545 2144
499 2411
2411 1344
3869 1775
1775 1360
2679 3195
3195 311
4252 510
510 1095
109 49
49 4037
3037 3570
3570 4163
2847 3093
3093 3518
702 1141
1141 284
8 2685
2685 3827
534 2010
2010 2162
3391 228
228 3065
2140 588
588 4524
275 680
680 900
163 1935
1935 3072
1864 2526
2526 1950
1033 2597
2597 1001
2081 4056
4056 3038
3719 1156
1156 2918
4333 2735
2735 4268
4426 1771
1771 282
375 2684
2684 3074
725 3712
3712 3467
3681 3940
3940 2319
4426 1213
1213 1344
4259 1519
1519 2162
4333 2161
2161 2912
3132 1216
1216 3588
1854 21
21 3785
2140 2504
2504 4362
1759 2291
2291 1520
3681 351
351 1942
1236 1572
1572 3369
2003 3684
3684 4416
446 51
51 1294
8 1026
1026 617
3132 159
159 2527
2075 998
998 1897
3042 555
555 124
725 4439
4439 3955
1416 3728
3728 4236
914 1714
1714 4144
3372 2931
2931 864
2877 904
904 4362
3427 606
606 853
786 673
673 2637
1273 2460
2460 9
4328 2884
2884 3960
2337 4544
4544 2134
3646 752
752 282
1273 3298
3298 2261
410 4526
4526 2993
3681 4138
4138 2162
3001 681
681 1890
3042 607
607 637
3016 3116
3116 1666
2971 628
628 4423
568 2608
2608 89
1718 2479
2479 3807
2971 639
639 2322
2003 543
543 3608
375 2182
2182 2937
702 1840
1840 731
3216 1951
1951 2733
4328 3121
3121 1668
2284 3748
3748 4037
1263 185
185 2573
1273 1444
1444 2912
3427 1539
1539 4486
4252 1629
1629 2570
2081 884
884 837
1601 1644
1644 3700
3132 2518
2518 2152
4328 1648
1648 1082
3273 667
667 3439
275 4206
4206 2826
1812 1869
1869 1635
2441 4310
4310 1001
375 3896
3896 2918
786 2596
2596 284
568 2260
2260 1468
3488 1728
1728 892
4323 1077
1077 1666
4409 1332
1332 4410
488 3315
3315 1770
3719 2503
2503 2761
1214 2519
2519 2573
534 2745
2745 545
4323 3254
3254 4410
2430 4326
4326 265
375 4285
4285 1588
914 1743
1743 3607
4448 3947
3947 4283
1416 2793
2793 1550
3042 2213
2213 285
1033 4348
4348 4527
1838 3276
3276 4362
101 3495
3495 1991
1838 3899
3899 617
2877 3994
3994 1
2075 2636
2636 1221
2455 604
604 2703
172 3790
3790 1182
1263 4312
4312 111
359 1914
1914 4524
1236 3415
3415 3607
3869 2631
2631 2398
3511 4127
4127 3260
3216 2579
2579 2937
1759 2191
2191 2637
375 1450
1450 1453
776 384
384 1741
3952 4218
4218 1520
437 1006
1006 4163
4375 813
813 282
4069 2082
2082 4429
2971 4458
4458 2307
2455 3879
3879 2918
2441 4363
4363 3023
4328 3533
3533 496
2140 3829
3829 4306
2595 2768
2768 2
1033 379
379 1768
914 3027
3027 2307
1416 2029
2029 2569
375 1888
1888 517
4448 146
146 1391
3497 1338
1338 2144
1236 2965
2965 2721
725 453
453 496
375 133
133 3072
2075 3334
3334 1637
2877 2434
2434 2398
2512 2833
2833 2129
1273 4121
4121 1792
488 4202
4202 637
3132 2575
2575 2527
359 2603
2603 1453
3273 2563
2563 3890
1838 2578
2578 553
1374 1620
1620 993
2441 341
341 1574
3504 3458
3458 4037
2441 2426
2426 496
1374 2756
2756 3183
1854 2387
2387 496
788 3149
3149 3395
568 3833
3833 864
437 3360
3360 3938
702 3283
3283 2784
3001 140
140 202
534 2439
2439 3894
4069 3819
3819 1589
735 1377
1377 3151
2337 611
611 1770
1763 1496
1496 1331
1864 2822
2822 1275
2003 582
582 4002
101 3773
3773 3026
3511 1174
1174 1500
2877 3118
3118 3369
2971 392
392 4060
238 6
6 695
3216 3070
3070 4477
776 2026
2026 4236
1033 1556
1556 121
275 876
876 829
3016 524
524 3434
704 688
688 1029
568 1506
1506 2261
914 74
74 2084
4448 3262
3262 3964
2003 1208
1208 3938
4328 1419
1419 1245
4409 1772
1772 785
1763 1827
1827 1897
4375 2004
2004 4477
3001 4261
4261 1240
4375 4284
4284 2211
1236 2417
2417 2809
2847 3759
3759 875
776 3915
3915 1642
4333 551
551 3338
275 997
997 3608
109 910
910 3282
4426 4478
4478 387
3001 1282
1282 2784
4409 4532
4532 202
1273 1129
1129 2079
410 3799
3799 401
437 1786
1786 2660
3681 4393
4393 785
776 511
511 3282
914 3792
3792 3938
4409 3014
3014 3548
3497 226
226 2826
2595 1930
1930 2162
3952 1821
1821 348
499 4546
4546 1550
4252 3177
3177 1223
238 4405
4405 1942
3132 1611
1611 4002
375 3290
3290 2622
735 4117
4117 3065
4333 183
183 4445
437 802
802 1637
4417 1723
1723 2605
4252 1215
1215 2562
3216 2219
2219 775
1374 2273
2273 3801
776 2889
2889 3667
4409 434
434 2172
1759 2741
2741 1095
2971 484
484 2918
4426 2109
2109 1472
1214 1640
1640 779
1374 402
402 9
3427 1021
1021 121
1864 1127
1127 1906
1838 436
436 42
3646 3239
3239 2319
410 821
821 3438
776 502
502 2651
508 2727
2727 2160
3286 2187
2187 2809
4328 1401
1401 1768
2847 2697
2697 2826
275 924
924 31
1236 1346
1346 617
1273 4041
4041 1265
275 944
944 1520
2458 2892
2892 3897
359 3452
3452 4038
1718 2926
2926 1588
1263 2255
2255 2436
786 2869
2869 695
4417 2618
2618 3754
2430 3904
3904 1997
446 1542
1542 4026
2140 932
932 3938
1374 2229
2229 2152
534 4470
4470 892
3042 4155
4155 311
3427 2670
2670 1472
3497 19
19 853
1601 1303
1303 789
3488 2442
2442 2637
2075 4164
4164 1886
4448 3797
3797 829
3869 995
995 659
2595 3550
3550 2461
109 1909
1909 2424
992 3235
3235 2157
3391 4368
4368 3582
1759 2650
2650 947
1214 4148
4148 3111
4069 3641
3641 892
1273 4327
4327 3968
101 894
894 3718
1812 1297
1297 1420
4375 2181
2181 4306
2679 442
442 2312
1812 3620
3620 1001
3504 2446
2446 3906
3391 751
751 469
702 322
322 931
488 1954
1954 1306
4333 2621
2621 3801
735 2414
2414 2674
568 1012
1012 993
1718 1801
1801 4416
704 2556
2556 875
735 2477
2477 1059
2023 182
182 1862
4375 2119
2119 3518
359 27
27 3588
992 1660
1660 637
3869 4213
4213 2549
508 131
131 4548
1263 4308
4308 1349
534 971
971 637
3511 3747
3747 2933
2243 3293
3293 3044
3286 2456
2456 2092
1864 3901
3901 4477
101 3240
3240 4401
2337 547
547 892
3037 3172
3172 85
702 1561
1561 1952
4239 583
583 1770
1601 691
691 1862
2481 756
756 3827
2140 1038
1038 1391
4375 4460
4460 387
3502 2909
3445 2172
3623 1114
3780 695
2200 892
1347 2761
3610 1095
4132 590
755 3547
2300 4542
3196 553
3426 3544
352 265
53 3827
3397 2079
217 470
1899 4144
2072 3438
6 202
2851 1155
3156 4002
2523 2527
2224 3065
3898 3111
1458 3038
4381 2268
4074 730
297 4287
1371 677
1557 608
3018 698
3171 3332
2862 3639
1093 3257
2865 1834
34 1472
1125 18
333 922
1519 1741
3537 1420
2369 3938
1163 4075
3573 3249
444 1589
1626 1082
3990 4493
1708 2637
729 2535
3123 2134
2537 3434
1773 1369
3080 1897
1077 1952
65 1668
1902 1550
663 3894
4040 277
3017 837
904 3688
3558 2569
1113 3761
1874 4225
3984 3608
3570 282
2112 3507
3598 2443
3880 3862
1303 525
740 1635
353 993
1965 3973
1617 3890
435 2285
1190 4268
2790 3278
528 3582
2087 3964
2990 2570
2326 4163
1780 1119
3053 2261
1586 4060
2956 1943
2138 4548
2212 2152
2063 7
799 2605
4031 1221
1440 1886
4372 1906
2431 2784
4196 4126
897 2157
2783 1731
852 3963
2887 1536
3523 1691
1320 4410
4509 1349
1017 2651
2341 853
1934 2703
179 2549
4052 4486
3766 2937
1797 2363
1808 2436
1074 1670
3758 401
1907 1764
3252 775
4444 2007
3579 1969
1592 1642
2187 1913
2600 3700
4418 1245
4512 3373
4024 1294
1653 31
490 3023
2480 1376
395 2826
3291 3183
491 1520
3005 2538
2483 2816
186 30
2588 4416
4056 1685
3552 2672
4008 2084
3592 4016
635 3264
1304 2562
951 3301
1798 1059
84 3615
3737 2319
3410 1252
2386 1890
4040 1574
907 1810
1364 4423
15 4156
2884 926
2714 966
2907 3906
2038 3074
2810 1079
2649 1001
4291 895
3462 476
336 61
2383 1453
4522 4046
2649 4425
3730 4527
4326 3732
3431 2069
2565 2619
3523 4362
2557 311
2094 3674
1966 2938
3653 1
2256 1789
53 284
4319 3607
4518 1599
3140 3342
2358 4477
738 900
3836 517
2433 1991
2448 2622
1243 1275
231 2092
3453 779
1785 2986
2460 4114
178 2730
4459 2263
756 1755
1439 3817
1192 1360
4157 42
3014 1997
4286 3667
3270 1391
1196 2424
2085 731
1163 318
3661 378
3021 2918
367 2461
503 2293
3176 3801
4212 2453
2031 1562
4276 4037
3061 1637
3816 3154
3976 1240
4207 931
857 2554
51 4436
3954 2590
4389 801
1394 4513
2204 2129
593 89
887 3981
3290 617
3024 1980
2356 3207
24 3807
1608 4547
2509 923
4206 2275
1078 3518
3353 1804
4504 4306
3568 124
1572 2809
130 1757
565 2133
3319 750
1887 2733
205 3968
2427 789
2791 1265
942 2310
237 111
2101 3897
954 372
3106 981
2375 2249
2713 3072
15 3588
4196 3282
2689 1588
3470 285
3925 3467
3687 1180
3528 3960
942 2721
191 2674
3669 1862
4005 3044
4281 2039
4205 2307
2376 2850
2091 469
2709 2242
830 3754
2314 2088
2381 545
2485 195
4424 127
3171 3818
2568 4309
1811 1029
4345 307
1238 3683
194 3621
3840 2335
3073 947
2301 3677
2748 817
752 26
1272 2912
3623 2186
22 2548
1388 1182
2444 684
328 4038
1965 4464
2506 496
1224 3439
764 4524
399 641
4326 2398
3811 1505
2317 4540
916 1950
955 2494
1523 1072
1742 2440
778 1500
973 4445
2620 1248
2433 2330
4315 387
4316 1468
4510 4026
3516 400
3909 1005
3781 3088
3921 3026
303 829
4260 1418
2851 4429
1234 9
3080 2459
1621 3225
1529 2573
3307 3048
1871 2758
3236 4100
4017 3192
1727 2660
1044 3395
1851 761
3948 2211
2688 1565
2987 1942
582 758
4139 1344
3944 3785
2797 1792
3169 1994
3515 4401
2432 3369
1211 1957
3441 3548
1706 1331
2962 85
3086 2322
118 4236
4457 121
622 3396
752 4283
2550 1768
1476 2888
17 659
790 2719
1328 3179
834 2312
4387 637
3002 785
2603 3775
429 2160
1995 2632
3763 2
3610 2933
2792 3338
3393 1306
1657 675
1379 2991
3070 3151
477 1516
3437 2220
3087 472
2289 4171
3704 4089
4350 4414
2278 2144
464 3022
3889 2377
1126 348
1794 2005
60 3955
3382 4519
3962 1770
1899 875
4380 3331
709 2162
421 1385
558 1901
1179 1223
1563 3260
3310 2022
3000 2993
3985 864
2164 3718
2750 1666
4443 3075
2355 2161
271 2727
2985 3965
3662 1313
3722 3367
4197 3044
940 3408
2842 546
1675 633
134 1282
4489 2155
4096 2802
366 234
1469 329
1096 4120
1172 3209
51 322
465 2800
208 1414
2922 1001
4018 1489
3529 1376
2612 270
1120 2797
4325 3067
505 3942
2181 590
2247 2575
3692 213
2318 4131
1251 202
1052 4207
1402 4327
2664 1413
2603 900
3569 4197
1602 3889
2337 2742
2266 1189
1471 1522
2012 436
2760 2106
2624 2042
1117 1087
362 339
1281 201
566 3576
2483 928
2692 323
3558 817
3494 2714
3058 69
2923 3679
1785 4523
3320 4518
176 3130
4277 456
2694 660
4500 158
1726 3801
1276 1496
4000 1776
3852 789
3248 2719
2468 1543
3671 3625
1921 3896
1919 927
4004 4300
1579 3830
275 1998
1912 4114
4162 186
3536 633
3113 2538
3328 1228
3796 3600
1200 140
2691 2655
1868 1282
4125 323
4260 4189
544 3202
2828 2329
4389 2063
4434 663
1239 876
1602 4172
3591 342
347 3307
2717 2270
143 2695
1290 1010
1999 684
1794 3981
2169 4419
90 2465
2392 796
2776 4155
1551 125
3132 4190
567 1376
4049 3444
213 3457
3386 1444
1220 3794
3404 2363
3842 563
1657 2129
2855 4506
4259 4363
963 4146
3729 2395
702 297
1837 2067
2583 3600
1231 3997
866 641
1253 854
254 4088
1663 2052
1767 2907
1415 4493
1560 3505
1271 2802
2517 2159
1765 3404
2057 882
1175 3111
1989 3994
1386 2250
1838 3066
888 1725
4154 3470
3956 4366
2136 678
2431 1880
2985 3904
2581 3209
3814 379
1351 2965
4421 1583
2698 2398
2228 1001
217 3672
1075 2663
2750 4075
509 85
809 3703
3479 599
868 2596
1579 1231
4397 2833
2762 1324
3049 1140
550 2341
1206 3079
2880 3450
1762 4341
2839 2696
3935 429
4291 2414
2594 1216
4057 133
2534 3506
2120 928
743 3392
3682 372
4032 1710
335 1973
3306 428
3054 1572
3025 2817
4169 416
2921 3084
661 1876
2731 3395
2018 1242
694 3634
1116 4023
329 2246
3523 489
979 3225
223 2279
4113 805
2950 2138
1381 3366
3844 2775
1759 3546
2024 3412
1486 1888
2034 369
1099 1252
1403 4095
3936 3022
3057 305
1089 4001
1546 98
683 680
1102 2960
575 304
227 1900
3089 1947
1610 1344
1255 11
2540 3724
565 1438
3979 3038
2410 1492
2346 3519
839 3743
4047 2702
99 3082
1785 750
3922 3897
1754 2986
184 2070
2380 2882
2059 3145
4118 3853
2297 1509
1791 3417
1864 1993
3479 2093
1267 4452
289 1865
548 2634
4062 1513
4461 2211
1947 774
3679 1771
2957 3446
2774 3377
2234 3282
877 2216
2584 3534
3928 2132
3849 1153
949 2992
1746 1075
81 2967
3840 1898
142 1804
219 277
566 693
921 3960
2171 4326
1123 1040
1150 2173
3655 3868
3705 278
2187 3074
2388 127
1017 2816
2748 4304
4448 3163
653 995
930 523
1170 2985
1214 293
1756 2363
326 158
2470 3376
4319 4068
2360 3319
41 3622
2785 277
2206 1877
162 3690
129 4401
3813 3072
3525 2242
909 2332
713 187
3895 832
1348 3390
4234 1945
603 1010
2030 2187
289 3029
4029 3084
1643 2175
541 3663
3339 4392
3778 2499
766 2425
1812 1191
2362 188
595 3535
4379 3870
3212 434
3250 1493
419 3799
1237 3285
4142 1005
3228 1653
3927 335
794 1404
649 1493
3662 4205
1280 2141
2932 4356
1711 3029
290 532
592 2901
3844 2001
665 4493
4111 1814
850 2338
1222 469
1235 3945
261 1795
45 4503
503 2349
3931 520
2202 1444
491 320
173 2889
3488 663
4074 3281
283 1182
1267 348
3016 1758
3513 1820
3837 307
2372 2783
4545 1981
3273 4064
1843 3149
624 2219
1386 549
4005 2543
1643 34
1052 4493
3150 2929
2681 500
3362 26
4316 89
238 3258
520 3696
1884 3327
4274 4161
1494 1011
21 51
2410 339
4521 2530
2075 757
2484 2953
116 4437
3180 2568
292 290
3609 135
4234 945
1724 1747
2137 721
3266 1881
4149 838
2572 4510
4492 3535
560 3728
3970 341
244 1520
1138 4495
2303 2235
3965 3124
3740 1722
549 710
2360 2241
844 2202
2649 3594
2154 1660
4198 2915
1427 1211
3916 849
148 2127
4422 2172
3878 2900
4022 2196
2228 2663
4241 4034
1724 3207
2780 4179
3680 1198
4375 3280
380 2020
464 3250
483 3655
8 625
603 3987
3193 354
463 4223
791 922
173 3439
2224 993
3481 1286
79 574
4076 1541
2639 2727
1626 195
3311 3846
1563 3706
2752 3066
2145 1540
2321 64
4079 3249
4496 2019
2973 550
13 4070
2728 880
1602 1404
1812 503
833 2525
4452 472
1566 2896
787 2785
2224 1641
704 747
844 2805
4322 5
3707 347
2173 436
2481 812
3668 986
1055 2549
504 4081
3866 1749
4179 3810
1424 3684
4194 4116
938 2006
1320 322
1083 3301
2184 2139
3739 2969
871 1024
1190 1433
2197 54
3821 2187
3215 2793
1791 4141
976 4022
508 2479
2924 2099
3230 1108
231 2804
1335 577
4291 2596
3083 3720
3479 4484
3020 3073
250 2650
1720 1252
1009 2762
4124 1796
2362 2020
4404 64
3147 2939
3556 2773
889 2447
3454 1088
1110 3381
2779 4107
3413 2328
3316 1247
279 2322
1039 4441
184 1084
945 1591
1730 3010
2476 1802
1675 3172
1560 4150
1371 3439
4079 2025
194 2826
3122 4150
1784 2566
539 2862
422 196
4352 2147
2638 4215
4301 2550
1622 706
3077 1045
1929 1979
652 3885
193 2439
143 1011
862 736
3233 2244
1639 1743
2657 2010
4131 2713
1672 717
1680 1902
3538 2008
1669 1472
3281 807
747 3139
1408 3937
4432 31
3433 4483
4291 1
4134 4436
559 2908
130 1051
1273 4431
3872 3444
394 3616
1648 1240
3266 1788
4344 3769
3117 3827
2857 1936
1825 3938
3519 3785
2734 3678
3567 4200
3498 1539
1763 256
1238 288
3443 16
562 639
620 2972
4112 1076
1872 1485
2371 1801
438 2294
4157 1725
3187 2513
889 2799
3651 1730
2616 1918
3923 1920
3268 2318
2949 1964
2491 307
2214 1831
4186 3384
1061 752
327 333
2681 809
4451 2574
863 3917
4134 1270
1946 881
3389 683
541 1813
2349 3695
663 1093
2810 1872
3411 1093
94 4460
977 503
2639 879
2266 874
3910 836
2223 3210
1210 1512
4331 3378
4404 1957
3527 1843
3497 4008
2906 3914
1034 2658
2834 498
701 4057
609 1849
1177 2682
1016 4458
3590 890
3303 469
1199 1174
2015 1777
4194 364
2227 2574
1837 1324
802 2263
1671 926
1968 817
3409 4350
2839 3217
1220 887
1320 491
2880 1257
2925 3823
3426 2885
1074 4229
3738 2976
336 4063
1933 510
596 515
2401 648
3875 2387
157 2630
4182 3121
1915 4275
777 426
3738 1288
1696 3326
1953 340
959 1433
4244 3038
3069 3184
1446 4297
2961 4431
4528 4466
170 4316
4531 3537
4070 1157
1475 4049
2227 1310
1088 1248
599 3573
4337 4299
3316 2196
2286 3987
2369 4133
2418 2360
1762 1734
4361 1840
776 1009
4324 2366
3808 1017
2458 699
2020 1046
2008 2358
2791 656
4346 3274
640 4368
3791 3828
3698 2567
3357 1548
1271 1883
3123 4164
1825 3467
251 3628
3808 1988
2616 3561
3285 3367
3837 2605
573 4486
612 3341
305 767
442 1768
2208 1118
4347 4135
395 2681
782 1419
4510 3715
1249 2273
1676 3561
1321 3203
3297 228
3692 2574
2264 2236
626 2160
3193 2831
3178 3319
1299 3828
3632 3825
391 3434
602 695
3993 4532
1488 1225
3587 3774
1836 472
2717 1900
3465 2897
3493 3027
1188 2656
3104 3893
3654 3282
686 3762
1123 3270
877 3035
3440 2757
2567 4403
1703 759
1571 2960
4394 4420
4047 1062
603 4127
332 3876
1229 320
1647 1283
1803 85
132 1379
2985 2728
1681 2232
4328 156
4012 3541
1735 2355
3751 1752
3187 4187
3656 4440
2974 1332
2430 3178
4332 3263
1688 3150
298 1221
2505 3547
626 2599
268 4046
2791 3717
2445 207
1639 4021
2960 4052
4443 2566
602 845
4258 4206
958 4283
2046 870
536 4230
3487 3477
276 3177
1845 2247
3159 1064
2408 1288
1396 3718
819 3509
3586 296
2218 1937
3863 591
2501 2608
2866 4264
656 4144
3931 4092
3445 1764
355 2700
2824 2665
1744 97
4003 4110
4294 108
1204 1969
4279 2748
214 2136
814 1405
598 473
2950 108
3558 2288
1645 1069
437 2692
3010 296
1169 3696
41 2168
593 4267
1724 1141
3057 782
452 4486
1339 2156
2050 695
1471 4107
4495 1820
2379 1433
4322 1608
441 1629
3035 2907
1609 1229
2351 626
4487 4191
1852 305
3454 919
1778 2195
3024 4138
430 2029
6 1772
1194 2114
2580 1707
365 1822
1663 3353
4483 1377
3554 4385
2049 2312
163 235
20 3038
252 1002
1689 1165
505 4529
1350 4465
1530 4383
3624 4285
1018 3344
2668 2265
2642 1036
2572 3538
3860 3018
2507 650
1308 2478
964 3251
3231 4539
673 2182
2930 2197
2342 357
560 2864
1800 3879
1108 2434
3233 4044
4275 1041
2544 2396
1414 3890
814 4338
3229 314
1341 3228
2829 280
3464 818
3008 2190
1462 217
445 3736
2002 1465
4355 521
1323 922
2081 1885
2929 875
3315 4225
3988 4128
1491 4266
2318 24
2936 1405
2036 1212
2373 1807
167 4118
2916 249
2372 127
3279 3636
2690 1583
1528 3850
2265 1470
1175 1863
2454 2608
176 2054
557 4180
3918 2951
1007 2436
1089 3769
4340 155
4145 1692
1537 1510
4151 3362
