1
495 997 451
4 389
289 297
177 134
126 122
215 285
301 58
338 293
32 383
74 73
118 445
450 239
201 230
323 246
101 36
245 237
257 492
121 486
206 310
236 317
312 252
174 250
336 469
133 122
355 162
327 494
156 150
464 72
378 119
41 331
288 36
429 69
28 457
153 234
71 371
31 61
10 93
48 117
322 57
97 418
55 385
446 173
174 339
339 249
32 172
172 108
257 304
304 249
55 436
436 108
464 159
159 249
28 162
162 249
288 132
132 108
74 380
380 249
55 454
454 108
338 27
27 108
464 5
5 108
156 196
196 249
288 279
279 108
450 155
155 108
174 340
340 249
378 441
441 249
32 216
216 108
327 122
122 249
323 18
18 249
378 365
365 249
446 437
437 108
446 309
309 108
97 439
439 249
201 474
474 249
133 234
234 249
74 30
30 108
118 396
396 108
177 16
16 108
429 435
435 108
446 417
417 108
41 231
231 108
336 61
61 108
153 168
168 108
327 29
29 249
4 229
229 249
4 98
98 249
288 272
272 249
257 473
473 108
245 287
287 108
126 410
410 249
322 487
487 108
338 227
227 249
71 44
44 108
177 254
254 249
312 262
262 249
450 256
256 108
336 343
343 249
289 19
19 108
322 395
395 249
288 189
189 249
28 430
430 249
215 178
178 249
323 264
264 108
121 440
440 108
301 52
52 108
289 398
398 108
323 33
33 249
55 392
392 249
288 275
275 249
450 207
207 108
32 300
300 108
312 320
320 249
446 325
325 108
101 111
111 108
322 461
461 249
245 252
252 249
323 306
306 108
206 76
76 249
301 20
20 249
121 342
342 108
97 128
128 249
322 42
42 249
156 88
88 108
133 453
453 249
429 308
308 108
236 230
230 249
74 205
205 108
215 43
43 249
153 358
358 249
41 219
219 108
215 258
258 108
289 345
345 249
74 394
394 108
236 393
393 108
327 302
302 108
323 409
409 108
378 318
318 108
41 495
495 108
289 251
251 249
97 24
24 108
126 87
87 249
338 145
145 249
215 190
190 108
31 188
188 249
429 233
233 249
4 175
175 249
174 79
79 249
71 331
331 108
97 181
181 249
10 8
8 108
446 389
389 249
31 390
390 108
177 276
276 249
156 192
192 108
245 456
456 108
126 214
214 249
177 225
225 108
71 220
220 108
257 143
143 249
31 247
247 249
74 316
316 249
289 426
426 108
4 57
57 249
10 452
452 249
429 455
455 249
429 274
274 249
355 375
375 249
55 391
391 249
215 95
95 108
177 105
105 249
126 360
360 108
101 445
445 249
338 35
35 108
323 462
462 108
32 134
134 108
378 165
165 108
215 131
131 108
55 160
160 249
101 113
113 108
48 54
54 249
289 242
242 249
327 193
193 249
322 326
326 249
28 402
402 108
74 406
406 249
429 130
130 108
322 346
346 249
71 67
67 108
4 218
218 108
336 423
423 108
10 419
419 108
48 259
259 249
336 94
94 249
288 51
51 249
4 364
364 108
336 212
212 108
327 109
109 249
97 14
14 108
322 314
314 249
378 161
161 249
378 209
209 249
236 141
141 249
31 17
17 249
338 273
273 108
338 1
1 249
206 250
250 249
288 123
123 249
215 125
125 249
355 226
226 108
355 200
200 108
10 399
399 108
126 411
411 249
323 315
315 249
31 361
361 249
446 45
45 249
429 202
202 249
97 186
186 108
245 488
488 249
48 60
60 249
71 369
369 108
133 313
313 108
71 139
139 249
121 228
228 249
327 148
148 108
55 211
211 108
257 352
352 108
31 422
422 249
450 405
405 108
121 89
89 108
133 90
90 249
206 21
21 249
177 136
136 108
101 151
151 108
323 270
270 108
4 179
179 249
97 80
80 108
429 36
36 108
338 9
9 249
71 481
481 108
118 368
368 249
446 328
328 249
31 471
471 108
177 388
388 108
245 59
59 108
4 465
465 249
355 387
387 249
48 383
383 108
338 280
280 108
464 386
386 249
429 137
137 108
71 187
187 108
153 235
235 108
322 428
428 108
32 182
182 108
312 469
469 249
31 443
443 108
429 403
403 249
289 298
298 108
55 197
197 108
378 310
310 249
355 268
268 249
121 412
412 108
41 278
278 249
378 237
237 249
323 359
359 249
156 449
449 108
97 56
56 249
289 420
420 249
101 424
424 249
133 431
431 108
121 442
442 108
312 475
475 108
446 241
241 249
206 265
265 108
355 244
244 108
31 50
50 108
177 40
40 108
174 486
486 108
101 58
58 108
153 157
157 108
327 144
144 108
28 362
362 249
312 290
290 108
429 15
15 108
126 135
135 108
118 447
447 249
4 81
81 108
10 341
341 108
257 485
485 249
153 382
382 108
153 467
467 249
32 260
260 108
177 459
459 249
41 69
69 108
55 73
73 108
28 213
213 108
71 458
458 108
177 356
356 108
323 490
490 249
450 357
357 108
322 418
418 249
28 295
295 108
301 321
321 249
10 491
491 108
177 239
239 108
446 421
421 108
121 477
477 108
322 400
400 249
4 347
347 249
429 384
384 249
236 416
416 249
450 129
129 249
355 414
414 249
215 63
63 108
378 70
70 249
101 12
12 108
289 96
96 108
201 480
480 249
74 138
138 249
327 457
457 108
153 64
64 249
201 114
114 108
74 191
191 108
32 330
330 249
48 238
238 108
450 286
286 249
31 269
269 249
288 415
415 108
48 344
344 249
97 72
72 108
215 68
68 108
71 147
147 108
48 479
479 249
126 26
26 249
74 77
77 108
288 2
2 249
336 223
223 249
118 367
367 108
215 432
432 108
464 6
6 108
41 34
34 108
10 283
283 108
323 195
195 108
101 404
404 108
4 164
164 108
117 108
446 204
204 108
338 7
7 108
378 337
337 249
153 221
221 108
4 62
62 108
312 379
379 108
327 198
198 108
101 350
350 108
177 232
232 249
174 408
408 108
312 146
146 108
126 483
483 249
126 472
472 249
101 248
248 108
71 370
370 249
55 106
106 108
41 466
466 249
323 438
438 249
245 86
86 108
133 100
100 108
206 281
281 108
206 371
371 249
322 460
460 108
323 39
39 108
74 183
183 249
323 185
185 249
336 381
381 249
118 448
448 108
336 253
253 249
74 23
23 108
301 103
103 108
323 65
65 108
10 85
85 108
156 246
246 249
301 255
255 108
355 376
376 249
323 166
166 249
121 171
171 108
28 140
140 249
327 468
468 249
153 484
484 249
215 107
107 108
71 494
494 108
322 176
176 249
48 170
170 108
327 194
194 249
126 444
444 249
446 152
152 108
338 385
385 108
74 285
285 249
464 11
11 249
55 224
224 108
31 25
25 249
97 83
83 108
312 150
150 108
118 91
91 108
174 317
317 108
301 307
307 249
336 110
110 249
327 293
293 249
312 163
163 108
378 407
407 249
301 354
354 108
446 332
332 108
429 240
240 249
48 292
292 108
450 284
284 108
323 489
489 249
126 294
294 249
336 208
208 108
336 374
374 249
133 93
93 249
464 363
363 249
97 335
335 108
28 303
303 249
289 38
38 108
312 319
319 108
71 167
167 249
74 311
311 249
289 3
3 108
174 99
99 249
177 243
243 249
446 263
263 249
301 470
470 108
288 329
329 108
133 127
127 108
338 203
203 108
31 46
46 108
71 124
124 108
48 434
434 108
288 120
120 108
41 427
427 108
121 266
266 249
174 377
377 249
41 291
291 249
201 333
333 108
378 492
492 108
133 277
277 249
336 222
222 249
257 78
78 108
153 493
493 249
55 217
217 249
121 104
104 249
464 66
66 108
301 142
142 249
177 413
413 249
245 451
451 249
133 102
102 108
429 324
324 108
156 433
433 108
153 180
180 108
355 299
299 108
301 22
22 108
118 75
75 249
215 282
282 249
327 173
173 249
206 154
154 108
153 349
349 108
464 115
115 249
312 372
372 249
97 271
271 108
32 261
261 108
101 296
296 108
257 267
267 249
41 401
401 249
10 169
169 108
338 476
476 249
101 49
49 249
464 373
373 249
245 334
334 108
97 210
210 249
97 119
119 108
71 112
112 249
336 199
199 249
257 37
37 108
215 351
351 108
174 397
397 249
323 53
53 249
32 353
353 249
153 47
47 108
41 425
425 108
71 184
184 108
257 482
482 249
201 348
348 249
41 297
297 249
156 158
158 249
446 149
149 249
245 92
92 249
133 366
366 249
312 82
82 249
201 478
478 108
378 463
463 249
153 84
84 249
28 305
305 249
101 13
13 108
378 116
116 108
308 249
295 86
132 149
118 466
395 58
417 481
327 17
95 492
423 167
325 411
440 95
323 12
52 294
317 78
216 62
362 489
269 116
389 271
193 492
41 256
495 176
248 349
396 372
368 154
429 129
161 59
43 265
443 65
439 51
420 295
91 173
378 154
181 120
182 222
420 291
289 353
97 474
436 88
134 294
243 154
40 96
201 130
105 228
465 176
86 240
145 434
145 481
273 120
466 319
8 459
30 77
230 224
257 7
