1
474 935 1
215 257
255 349
277 383
404 378
4 443
462 413
321 151
320 242
170 86
405 92
102 176
139 116
337 275
100 28
301 417
51 380
306 62
251 427
305 222
253 408
279 105
426 262
392 192
330 410
89 106
264 465
119 29
261 195
101 174
246 350
46 345
148 174
268 212
231 359
1 118
347 355
164 356
56 245
40 189
59 67
351 220
307 23
429 82
382 318
121 374
100 339
339 440
101 449
449 37
59 409
409 472
121 362
362 371
51 93
93 341
59 150
150 401
59 244
244 371
429 71
71 455
351 193
193 37
148 358
358 440
264 407
407 299
164 5
5 440
246 200
200 313
59 372
372 163
392 420
420 341
59 35
35 341
121 441
441 163
351 127
127 401
100 78
78 472
101 388
388 440
306 394
394 299
170 152
152 37
404 288
288 455
40 365
365 299
337 86
86 37
321 142
142 163
255 335
335 471
264 11
11 299
392 122
122 472
351 380
380 313
301 333
333 371
170 227
227 455
40 323
323 401
405 49
49 455
382 155
155 163
268 220
220 472
405 219
219 31
405 443
443 313
301 439
439 267
40 34
34 472
392 67
67 163
164 423
423 471
215 53
53 313
170 38
38 37
164 353
353 31
119 452
452 371
330 135
135 31
301 262
262 472
215 225
225 313
321 72
72 37
382 303
303 471
429 386
386 455
305 213
213 401
261 32
32 455
261 377
377 341
268 123
123 299
301 185
185 471
40 352
352 341
119 334
334 472
382 438
438 313
139 445
445 313
46 376
376 471
255 157
157 401
277 180
180 313
101 27
27 37
405 322
322 440
46 254
254 299
261 99
99 472
4 14
14 313
268 18
18 371
89 82
82 472
264 294
294 401
121 191
191 401
89 240
240 401
392 304
304 472
351 318
318 313
307 114
114 401
261 296
296 31
1 384
384 163
1 206
206 267
264 282
282 440
462 176
176 31
306 230
230 371
320 250
250 472
321 201
201 471
255 58
58 471
251 269
269 299
337 28
28 341
170 331
331 299
139 252
252 163
392 289
289 472
268 340
340 472
307 128
128 313
121 179
179 472
4 360
360 163
268 286
286 163
429 25
25 37
321 442
442 163
170 470
470 440
321 108
108 471
212 471
320 13
13 440
337 175
175 401
268 271
271 401
351 370
370 299
1 187
187 341
101 205
205 455
246 411
411 267
40 110
110 371
164 291
291 37
56 161
161 401
305 284
284 313
279 52
52 37
306 433
433 37
102 434
434 313
101 421
421 455
405 272
272 472
101 245
245 341
261 147
147 31
337 274
274 37
330 363
363 37
40 112
112 163
4 430
430 440
148 309
309 37
255 280
280 341
347 23
23 472
301 44
44 37
101 444
444 299
426 473
473 37
100 345
345 163
100 221
221 455
279 85
85 471
321 416
416 371
462 8
8 163
1 54
54 313
307 260
260 37
337 324
324 455
251 134
134 440
264 197
197 163
102 195
195 440
246 229
229 471
351 361
361 37
46 354
354 163
405 281
281 163
119 232
232 31
462 332
332 341
321 292
292 455
215 428
428 313
307 378
378 440
320 223
223 472
320 178
178 37
320 461
461 472
321 385
385 371
255 45
45 440
170 373
373 440
404 194
194 267
426 447
447 267
215 357
357 267
429 243
243 401
320 17
17 472
231 399
399 401
337 408
408 472
1 33
33 341
429 463
463 163
306 19
19 371
305 275
275 472
405 413
413 267
119 239
239 401
306 166
166 471
347 111
111 440
251 198
198 471
279 424
424 267
4 169
169 31
255 295
295 341
246 319
319 267
101 57
57 455
306 342
342 341
426 259
259 313
404 418
418 472
392 77
77 455
337 241
241 371
382 460
460 31
301 451
451 455
51 21
21 440
405 456
456 471
139 140
140 455
347 158
158 440
139 397
397 31
337 436
436 37
139 431
431 440
320 95
95 31
261 469
469 267
426 73
73 472
170 391
391 267
51 217
217 471
121 350
350 455
404 149
149 163
139 48
48 472
330 117
117 440
277 104
104 31
277 328
328 267
251 199
199 31
251 20
20 313
320 402
402 267
347 144
144 163
4 459
459 455
246 435
435 401
255 26
26 341
264 383
383 37
321 153
153 341
139 453
453 341
253 132
132 299
164 203
203 299
121 390
390 371
320 129
129 472
170 414
414 472
164 69
69 31
305 75
75 371
51 233
233 299
279 348
348 313
56 162
162 163
305 124
124 471
404 312
312 313
321 177
177 471
102 109
109 31
119 238
238 267
405 216
216 37
231 204
204 471
268 168
168 341
255 218
218 31
170 474
474 455
264 359
359 267
404 285
285 313
347 174
174 37
121 76
76 455
1 65
65 472
89 183
183 401
253 464
464 371
1 36
36 455
307 381
381 313
251 209
209 37
382 210
210 401
320 293
293 401
164 146
146 440
306 256
256 455
330 186
186 471
392 283
283 341
268 270
270 267
320 403
403 455
40 427
427 37
139 329
329 267
404 189
189 455
404 458
458 341
46 249
249 471
429 138
138 299
251 446
446 471
307 224
224 313
405 41
41 299
51 118
118 472
246 9
9 401
268 287
287 341
148 90
90 267
255 467
467 31
56 70
70 299
264 344
344 341
139 355
355 341
121 457
457 440
277 400
400 267
337 302
302 455
251 137
137 401
320 15
15 299
320 211
211 440
56 228
228 267
170 417
417 455
320 314
314 440
320 325
325 37
121 412
412 299
119 395
395 31
279 258
258 471
40 317
317 31
46 165
165 163
100 349
349 37
351 298
298 401
100 171
171 31
392 266
266 472
4 141
141 401
251 290
290 37
253 113
113 163
253 156
156 455
170 115
115 313
279 145
145 401
404 130
130 371
268 278
278 472
462 387
387 440
139 103
103 341
277 160
160 299
261 368
368 371
100 136
136 440
1 396
396 163
121 6
6 472
119 311
311 371
4 257
257 440
330 74
74 341
392 188
188 401
40 2
2 37
139 68
68 440
1 60
60 163
4 276
276 31
231 222
222 31
139 151
151 455
320 120
120 299
101 83
83 341
351 419
419 163
101 143
143 313
4 50
50 401
337 7
7 440
51 375
375 163
251 30
30 455
56 432
432 299
251 22
22 440
305 47
47 341
253 242
242 440
301 364
364 371
268 248
248 267
59 159
159 313
320 125
125 163
382 422
422 341
268 369
369 163
462 336
336 401
89 190
190 401
382 415
415 440
253 94
94 299
51 55
55 341
320 234
234 31
405 91
91 455
170 236
236 341
404 12
12 37
101 297
297 455
307 300
300 37
89 326
326 455
305 237
237 440
320 107
107 313
170 437
437 313
330 425
425 313
321 126
126 371
100 106
106 472
246 410
410 371
253 84
84 37
246 208
208 31
462 235
235 37
139 87
87 471
215 448
448 163
119 263
263 299
101 265
265 440
351 366
366 440
347 42
42 471
307 202
202 371
392 356
356 163
301 182
182 341
404 39
39 472
164 338
338 267
392 184
184 401
264 346
346 401
305 196
196 455
382 327
327 471
89 406
406 37
351 273
273 31
170 63
63 472
321 96
96 31
148 315
315 371
429 98
98 163
1 24
24 401
255 450
450 371
429 92
92 440
215 310
310 267
404 116
116 31
426 64
64 472
101 29
29 37
392 66
66 313
462 154
154 371
56 466
466 472
306 398
398 371
4 207
207 440
51 226
226 401
277 79
79 472
330 105
105 31
1 172
172 401
51 393
393 341
279 167
167 299
305 3
3 401
268 214
214 401
215 133
133 472
139 62
62 455
148 181
181 341
119 379
379 313
261 192
192 472
382 343
343 31
261 43
43 455
462 173
173 371
56 389
389 440
347 454
454 440
382 316
316 299
306 97
97 267
4 465
465 471
321 16
16 313
404 367
367 371
306 374
374 299
89 61
61 299
264 88
88 37
251 10
10 31
40 308
308 341
382 131
131 299
382 81
81 299
305 468
468 401
426 247
247 371
251 80
80 267
303 440
412 472
380 455
92 299
36 313
448 37
298 267
331 401
16 471
474 31
99 341
93 371
311 163
361 61
102 124
220 350
227 9
397 20
113 66
132 379
104 432
178 267
438 364
38 209
294 421
396 2
128 107
353 344
282 36
44 401
255 413
204 214
158 465
438 349
202 299
28 284
430 23
259 228
93 318
426 115
280 456
328 402
420 11
40 329
58 73
427 115
176 327
71 333
93 471
170 73
394 421
76 31
268 112
110 115
9 308
119 82
1 361
108 458
60 356
