5
91 187 76
28 39
24 8
18 34
7 79
14 11
59 54
90 84
59 4
4 26
59 53
53 19
28 64
64 47
24 60
60 47
14 20
20 47
18 73
73 45
59 12
12 68
24 83
83 62
18 27
27 47
18 82
82 26
24 40
40 85
7 88
88 26
24 75
75 45
7 21
21 26
14 49
49 45
18 69
69 85
7 37
37 26
28 35
35 42
28 31
31 62
14 5
5 68
59 67
67 62
90 56
56 19
59 50
50 45
18 8
8 45
28 54
54 42
24 11
11 26
28 63
63 19
59 77
77 45
14 80
80 42
39 45
7 91
91 26
59 58
58 42
24 57
57 47
90 30
30 85
24 61
61 62
59 44
44 68
18 15
15 45
14 66
66 62
90 16
16 85
90 22
22 42
24 23
23 45
18 41
41 42
18 87
87 62
7 76
76 45
90 79
79 47
7 3
3 19
18 13
13 62
18 38
38 19
59 17
17 26
18 48
48 19
28 6
6 62
18 78
78 19
14 1
1 26
18 36
36 62
7 70
70 47
90 81
81 42
90 65
65 62
14 29
29 19
34 68
14 10
10 26
18 46
46 68
14 33
33 47
59 43
43 85
59 89
89 19
24 52
52 42
90 9
9 26
28 71
71 68
7 74
74 68
28 32
32 45
24 72
72 47
14 2
2 62
59 51
51 45
14 25
25 85
59 84
84 42
24 86
86 26
24 55
55 42
1 62
4 42
20 26
69 47
17 45
64 19
82 68
73 85
18 88
13 2
37 57
73 13
50 63
53 6
57 89
63 62
65 52
8 68
75 71
61 66
5 29
8 38
31 13
53 58
28 56
63 70
36 85
27 45
57 71
16 9
92 196 87
80 48
9 14
62 1
63 20
62 73
73 72
63 50
50 72
9 5
5 72
62 87
87 72
80 32
32 72
9 17
17 72
62 70
70 72
80 66
66 72
9 21
21 72
80 22
22 72
62 85
85 72
80 74
74 72
80 10
10 72
80 36
36 72
63 82
82 72
62 27
27 72
80 79
79 72
9 84
84 72
80 26
26 72
63 42
42 72
62 86
86 72
80 30
30 72
63 49
49 72
9 7
7 72
9 11
11 72
9 19
19 72
9 12
12 72
80 52
52 72
80 44
44 72
80 37
37 72
80 61
61 72
63 76
76 72
62 8
8 72
80 92
92 72
62 28
28 72
9 18
18 72
80 57
57 72
80 13
13 72
62 77
77 72
80 34
34 72
62 39
39 72
62 90
90 72
9 45
45 72
62 25
25 72
9 60
60 72
63 78
78 72
9 59
59 72
63 23
23 72
63 4
4 72
62 56
56 72
80 65
65 72
80 29
29 72
63 41
41 72
62 46
46 72
63 67
67 72
9 35
35 72
9 89
89 72
62 64
64 72
9 54
54 72
62 48
48 72
62 69
69 72
9 55
55 72
80 6
6 72
9 43
43 72
63 38
38 72
63 2
2 72
80 88
88 72
9 16
16 72
63 51
51 72
62 14
14 72
80 75
75 72
20 72
80 31
31 72
80 91
91 72
80 40
40 72
63 1
1 72
63 53
53 72
80 68
68 72
9 33
33 72
80 71
71 72
9 24
24 72
9 81
81 72
9 3
3 72
62 47
47 72
63 15
15 72
9 58
58 72
63 83
83 72
86 53
90 60
73 40
45 1
10 3
21 36
5 36
14 68
65 16
17 40
56 38
73 75
29 24
51 31
73 89
52 23
26 54
22 31
36 39
96 180 81
75 47
15 62
38 92
90 65
12 27
67 21
77 70
11 27
61 27
12 13
13 28
67 24
24 64
90 42
42 64
75 41
41 80
38 50
50 28
75 17
17 20
12 23
23 64
38 10
10 20
11 31
31 64
11 46
46 84
75 25
25 64
38 76
76 64
61 81
81 84
61 71
71 64
27 80
12 79
79 28
12 30
30 20
15 36
36 20
12 18
18 80
77 73
73 20
61 86
86 28
12 83
83 80
38 6
6 28
15 21
21 80
77 96
96 80
12 3
3 64
75 74
74 84
90 40
40 20
12 92
92 84
15 35
35 64
12 66
66 20
67 4
4 28
38 88
88 28
15 51
51 20
11 19
19 20
61 44
44 64
15 89
89 28
61 8
8 20
67 56
56 64
77 82
82 28
38 32
32 64
11 48
48 64
67 45
45 28
67 5
5 28
15 39
39 64
61 53
53 80
75 26
26 84
11 87
87 84
67 94
94 84
12 47
47 84
11 69
69 28
38 85
85 64
38 22
22 28
67 16
16 80
38 93
93 84
61 55
55 84
67 34
34 64
77 60
60 84
67 37
37 28
90 68
68 20
75 29
29 84
11 63
63 84
90 49
49 80
90 57
57 20
77 91
91 64
67 14
14 28
61 33
33 28
77 2
2 28
12 7
7 20
75 65
65 84
77 52
52 80
77 43
43 80
15 58
58 80
67 9
9 80
15 54
54 84
90 78
78 28
90 59
59 84
11 95
95 84
11 62
62 84
77 1
1 28
12 70
70 20
77 72
72 20
95 28
24 80
58 84
46 20
78 62
66 94
89 22
10 82
93 180 79
52 12
7 3
65 48
62 70
77 80
19 85
61 29
67 50
64 87
7 80
80 54
7 71
71 90
7 15
15 73
67 32
32 54
62 75
75 90
61 30
30 44
67 36
36 44
62 27
27 58
7 20
20 54
61 78
78 44
77 50
50 73
67 59
59 90
19 74
74 44
67 81
81 44
61 41
41 90
7 49
49 58
19 4
4 90
65 18
18 90
52 25
25 73
65 76
76 54
64 56
56 54
65 92
92 44
61 26
26 73
7 16
16 44
67 39
39 73
67 2
2 73
62 6
6 90
61 42
42 44
67 45
45 58
19 28
28 44
12 58
7 83
83 44
52 60
60 54
61 88
88 58
19 3
3 44
62 23
23 54
64 51
51 73
64 5
5 54
77 55
55 58
64 85
85 73
52 24
24 54
7 13
13 90
77 89
89 54
67 48
48 44
7 63
63 44
77 10
10 54
65 82
82 44
7 17
17 58
65 22
22 44
64 40
40 58
62 79
79 90
61 53
53 44
77 91
91 58
61 34
34 44
7 38
38 54
64 57
57 44
65 1
1 58
61 21
21 54
64 66
66 54
77 69
69 44
65 29
29 90
64 84
84 44
61 93
93 90
62 35
35 54
62 86
86 73
7 37
37 44
67 68
68 73
19 33
33 54
64 46
46 54
67 72
72 90
7 70
70 54
19 14
14 73
64 9
9 73
67 31
31 73
7 47
47 58
87 58
67 11
11 44
62 43
43 90
7 8
8 73
47 73
87 90
2 44
57 58
79 68
36 66
25 35
68 54
80 51
20 79
89 73
26 24
39 55
27 93
70 11
99 190 92
40 93
39 32
56 78
41 45
7 88
34 76
40 84
84 1
40 66
66 1
7 13
13 1
40 57
57 1
56 25
25 1
7 53
53 1
40 88
88 1
41 5
5 1
7 89
89 1
40 76
76 1
34 95
95 1
39 24
24 1
39 61
61 1
40 15
15 1
39 9
9 1
34 4
4 1
34 77
77 1
56 36
36 1
7 3
3 1
7 27
27 1
56 8
8 1
39 93
93 1
40 58
58 1
40 46
46 1
41 69
69 1
34 2
2 1
34 26
26 1
34 19
19 1
56 74
74 1
56 42
42 1
34 52
52 1
40 60
60 1
39 31
31 1
41 99
99 1
39 90
90 1
41 50
50 1
40 64
64 1
40 11
11 1
41 97
97 1
41 44
44 1
41 23
23 1
40 78
78 1
56 80
80 1
56 85
85 1
7 45
45 1
56 18
18 1
34 14
14 1
39 47
47 1
34 10
10 1
40 67
67 1
34 72
72 1
40 87
87 1
41 33
33 1
41 86
86 1
34 79
79 1
34 35
35 1
39 96
96 1
34 54
54 1
7 12
12 1
56 59
59 1
7 82
82 1
41 28
28 1
39 38
38 1
41 49
49 1
41 73
73 1
34 70
70 1
56 91
91 1
34 92
92 1
7 16
16 1
34 98
98 1
41 55
55 1
39 83
83 1
34 30
30 1
40 71
71 1
40 81
81 1
40 62
62 1
34 32
32 1
39 17
17 1
41 20
20 1
40 94
94 1
7 63
63 1
34 21
21 1
41 75
75 1
40 6
6 1
40 43
43 1
56 22
22 1
34 65
65 1
56 48
48 1
7 51
51 1
41 68
68 1
41 37
37 1
7 29
29 1
