1
4567 9110 3947
1460 3886
2652 3780
1518 1652
3342 1719
3218 3507
1287 4235
923 3644
861 1864
2064 703
3011 2206
4451 1723
1770 1412
1124 1605
546 468
1256 3601
2964 4449
3273 257
2833 849
3700 3901
474 1277
4054 938
3122 1645
1643 212
2667 2124
1341 2454
4281 3255
2250 3259
3530 1799
288 1629
3795 3559
3256 1118
503 1405
3837 1947
1767 1624
855 1901
1177 2137
312 92
2308 694
3658 2736
1842 2134
4003 1495
1027 2530
1138 3574
3172 3240
4161 808
3064 3052
4115 2712
962 1777
3320 1373
1134 2767
669 2202
187 2261
3897 1424
2844 1598
3971 282
1705 4340
388 3599
2545 749
3340 3704
4183 3911
1912 4261
535 3766
2131 3234
1670 872
4319 3501
1688 1590
2946 3738
4355 3682
4080 3762
2902 1036
1717 678
2234 1580
1393 1573
3073 3958
1410 611
1879 3361
4542 2575
1504 2698
868 956
4517 2495
577 3763
3407 966
399 2782
1311 59
3025 1157
2564 3697
594 3625
1246 2400
4002 164
914 3203
660 3509
1973 2179
3066 881
1092 533
878 1579
2032 4225
1920 4328
886 3587
2422 2132
619 4387
742 337
4216 590
1616 42
4436 4504
3023 1801
69 4508
4082 1039
666 3268
3323 2862
3842 3540
371 1243
2376 488
2387 1801
3791 1693
3979 3981
3529 1820
4166 4010
3767 3841
2985 4513
3438 3155
2877 4193
3129 3679
4323 1758
668 2757
2075 123
3965 126
443 4019
3613 2378
978 4067
4452 3568
2282 2193
1461 864
82 80
1011 301
574 4194
3988 2639
1044 578
2159 380
3252 2935
2826 2718
1728 3086
4085 4299
4514 899
3390 3254
580 3366
1507 3692
2648 4523
4265 2065
813 2629
3920 3495
2995 2976
3439 3421
1537 1357
1531 809
2817 3927
2080 2807
1378 2147
161 1019
278 1164
1871 1732
2762 3531
2899 4567
3962 3392
1644 4063
4273 2384
1844 1040
94 1691
1055 2342
1062 2331
3733 4295
341 4406
1739 1347
863 907
1570 722
4128 253
2970 1893
3399 524
615 2053
3012 677
4081 2327
3182 3085
347 3774
148 1417
3519 1721
231 2034
692 543
177 3884
1640 599
3614 1331
3892 2323
3693 3326
1266 2484
508 3940
3849 3845
2765 2125
3043 2498
2682 2305
1982 608
961 1414
2621 2280
1943 1172
3263 1315
1339 3036
3985 2467
4153 2490
2084 903
390 1928
1639 3518
614 2984
1389 2780
1003 3758
1751 4447
2741 4360
1063 3968
4226 3731
4079 2760
1328 1049
1298 2241
1221 2665
1501 927
1506 2832
3480 3136
3948 4518
963 1605
1509 355
1513 2609
2465 762
3935 2027
3260 306
2018 3372
3405 1862
4279 1890
1215 3946
3371 3425
3807 2638
3944 1608
3387 1516
1796 2125
1259 2933
4205 1750
2107 551
3734 655
2632 2719
2559 3754
4398 2840
1763 3735
4329 2450
1441 3853
1692 839
3222 2592
3528 620
2625 4523
4110 2789
4407 2827
781 2216
3740 307
585 2038
3369 3337
2146 4353
597 1554
3707 3498
2178 1707
775 4125
2590 1152
2650 4256
1561 4121
1079 3977
3992 3569
847 3625
1141 4218
4521 1148
3557 97
2119 4055
1368 2346
1045 2589
1961 926
4203 1850
3668 804
1784 2133
4414 4188
1551 3710
225 3416
1392 1633
4200 2407
1998 986
1854 4340
2996 2012
2655 227
1189 2236
2443 567
456 1196
3108 760
4160 759
2895 3527
955 384
194 431
1700 172
2740 1173
90 1116
2332 4424
3688 1681
1766 2733
700 1400
207 3866
2696 3511
3820 2244
2756 1493
2092 348
4541 1724
149 476
4135 649
4359 451
389 971
2212 2715
782 3984
1964 2945
3224 2000
844 2224
2813 983
4083 1435
2839 2200
1477 2597
4005 497
2312 4380
2281 3825
2936 3782
1695 1567
1550 2986
4549 2884
2222 689
1028 2530
1589 2330
1963 720
3343 1130
529 3134
3253 2633
2858 2703
2539 1299
3586 768
2190 2747
798 1946
2145 762
1472 3969
170 332
1821 932
813 2245
2245 1685
3172 3159
3159 3096
1767 196
196 4031
4542 3442
3442 2478
4451 3783
3783 155
4183 4373
4373 824
1844 3906
3906 285
615 3705
3705 1051
781 4117
4117 3096
2648 4506
4506 2921
1695 339
339 1104
868 2948
2948 391
3807 3714
3714 1104
1912 3202
3202 316
2332 1540
1540 2657
2817 152
152 842
2064 3797
3797 3291
4226 3828
3828 3088
1215 4369
4369 3760
4355 1315
1315 111
4517 4114
4114 3594
4541 1187
1187 743
4407 4470
4470 3760
1287 435
435 2401
1221 2984
2984 1247
1378 4515
4515 4557
2762 907
907 2499
1964 1742
1742 54
2621 3234
3234 1734
3988 3410
3410 111
1215 4119
4119 2547
529 375
375 1247
1688 4008
4008 549
1854 271
271 2409
978 2782
2782 4186
371 2428
2428 4149
614 4525
4525 35
4549 4416
4416 4158
3043 2750
2750 3283
1854 3380
3380 1825
1259 1754
1754 210
2650 2617
2617 1366
2422 3484
3484 1592
3043 969
969 1959
4407 1510
1510 493
4355 3317
3317 3037
529 1458
1458 43
3700 3422
3422 4389
3369 2723
2723 3669
207 4112
4112 1959
4517 4362
4362 2368
1767 32
32 2452
2858 1622
1622 111
1003 2704
2704 2271
782 2251
2251 2334
1982 1120
1120 2775
1879 63
63 1981
3948 4363
4363 2197
1766 877
877 633
225 3067
3067 1492
914 2267
2267 3953
3767 721
721 4090
187 3816
3816 3826
1410 2183
2183 898
700 383
383 3449
4083 4177
4177 3282
3791 1620
1620 4037
4398 4307
4307 2122
3948 1658
1658 116
4319 4564
4564 3594
529 2620
2620 1406
1639 3421
3421 784
3892 1580
1580 2852
1717 1562
1562 3283
2190 1624
1624 1902
1561 3258
3258 2477
1477 3896
3896 3093
3343 2270
2270 904
2282 4262
4262 3611
2190 2227
2227 1081
177 2239
2239 2809
1011 4234
4234 4031
3707 4048
4048 960
844 2514
2514 1663
3820 1485
1485 2684
1912 2469
2469 661
529 1745
1745 1697
2080 1726
1726 3075
614 1759
1759 3311
231 2024
2024 393
2946 1629
1629 1406
1842 5
5 2310
2084 4208
4208 2499
4079 537
537 556
2839 2236
2236 2870
4329 4507
4507 4539
574 2522
2522 2409
1640 2313
2313 386
742 3976
3976 4389
577 3377
3377 1781
1821 491
491 2852
90 2298
2298 1663
580 1661
1661 2205
3320 1659
1659 4158
1670 1995
1995 3449
4359 2543
2543 2040
1368 1331
1331 784
1963 3460
3460 4557
1141 722
722 391
577 1226
1226 1448
914 2658
2658 3611
847 1833
1833 4252
3820 2207
2207 4481
1670 2129
2129 1974
388 2904
2904 1825
4436 2301
2301 3887
3343 4308
4308 3861
669 937
937 2674
2064 2536
2536 43
4279 1174
1174 661
4183 2491
2491 496
2741 1258
1258 3037
1092 1147
1147 2809
1688 230
230 3063
863 2560
2560 842
231 4339
4339 3083
2222 555
555 3904
3405 2347
2347 493
1854 404
404 3005
2756 1053
1053 699
1259 3800
3800 2499
2765 3223
3223 1370
1045 1495
1495 2367
3557 3682
3682 95
231 2967
2967 2775
3256 3581
3581 3229
3260 3770
3770 3284
1688 747
747 3474
2376 2634
2634 3010
546 2115
2115 3283
2946 3236
3236 1621
148 2265
2265 3283
594 2150
2150 699
1063 3718
3718 2394
1509 4445
4445 3344
2559 439
439 3838
2650 2453
2453 699
2817 2969
2969 3611
1821 703
703 3201
1644 3239
3239 584
1589 4060
4060 2036
2465 2980
2980 1058
2212 2177
2177 4510
4203 1377
1377 3462
388 1945
1945 1241
1963 563
563 2478
3011 1890
1890 2818
3323 762
762 584
1531 2041
2041 547
2621 3942
3942 2779
2826 334
334 1942
4135 4391
4391 2001
69 1921
1921 3083
399 2163
2163 4386
371 2573
2573 3305
4161 543
543 1210
3897 1074
1074 1247
225 3084
3084 2478
669 1372
1372 3611
2652 3269
3269 2394
3023 1778
1778 3788
782 501
501 3024
1003 4225
4225 2818
2146 3941
3941 4458
2075 1910
1910 91
149 1362
1362 2939
3992 3725
3725 84
2696 1030
1030 4149
2621 4500
4500 3285
4359 2760
2760 1663
3688 4324
4324 3065
194 447
447 2168
1973 4016
4016 601
1063 290
290 743
3767 1888
1888 3201
2985 2317
2317 95
2064 4157
4157 1492
3025 2789
2789 2309
855 57
57 2348
225 2290
2290 4539
2826 1841
1841 1313
2282 1623
1623 504
2159 3620
3620 4091
1821 924
924 784
4407 1164
1164 1223
4279 3186
3186 3284
2080 1829
1829 2540
3658 2361
2361 3164
962 1582
1582 753
4226 1667
1667 1858
546 2987
2987 3604
1531 3689
3689 2870
1963 3854
3854 3282
574 18
18 3792
3399 799
799 142
177 4194
4194 2446
4160 2700
2700 2475
1063 2838
2838 2295
660 2065
2065 3284
1763 756
756 633
2996 4178
4178 547
775 403
403 4338
4161 3134
3134 2205
660 308
308 360
3371 1173
1173 2197
371 3758
3758 1247
2826 3537
3537 3096
886 598
598 1081
3025 296
296 1007
2092 3789
3789 1203
2178 3741
3741 633
2985 4139
4139 4556
2648 4248
4248 3164
1879 2223
2223 2478
878 1267
1267 43
1062 2328
2328 155
1739 853
853 1275
3586 2824
2824 418
2376 4371
4371 2401
2178 2436
2436 2540
1028 22
22 1663
2621 4512
4512 3007
863 2316
2316 1974
2741 3773
3773 3804
1751 1922
1922 1568
1616 2721
2721 360
1215 266
266 556
399 3133
3133 2205
161 531
531 1532
2539 570
570 2828
3064 3446
3446 2828
3988 3425
3425 2452
878 1900
1900 3285
1616 3050
3050 3449
187 1016
1016 2477
3023 2014
2014 3462
2741 2489
2489 1275
3529 922
922 554
1705 1675
1675 360
1640 3476
3476 4252
1177 3579
3579 4249
4085 1740
1740 107
3387 3112
3112 2348
2902 4433
4433 4037
3023 437
437 1279
2996 2795
2795 2657
4273 810
810 496
4279 3742
3742 2402
1964 2585
2585 1448
2839 241
241 1051
1063 1515
1515 3298
3795 2790
2790 2047
2146 909
909 3792
2682 1180
1180 2165
194 1722
1722 1210
3256 749
749 3611
1784 4380
4380 1913
3693 2161
2161 2546
3920 3736
3736 333
4080 2242
2242 898
614 2925
2925 1275
90 2940
2940 3904
1441 1926
1926 699
3263 325
325 3284
4183 992
992 2040
170 4148
4148 3088
4083 3521
3521 3549
474 2883
2883 251
2936 2533
2533 1913
1767 1199
1199 3953
3399 419
419 1568
1670 2292
2292 3196
4281 738
738 661
2376 839
839 4399
3988 2248
2248 3926
3480 1151
1151 3065
3795 1911
1911 4249
3962 1401
1401 412
3369 4297
4297 4168
1461 2100
2100 1492
2376 2820
2820 3291
914 545
545 393
574 342
342 1103
2064 1583
1583 1891
2075 3713
3713 1275
3480 3743
3743 3125
4549 1727
1727 3792
847 2783
2783 3164
1011 1823
1823 116
4323 3794
3794 1734
4436 86
86 2205
2190 1752
1752 1300
231 3784
3784 2168
3025 4024
4024 1275
225 229
229 2446
2376 1250
1250 4441
3405 2529
2529 2664
2387 478
478 2367
614 727
727 3466
4161 3903
3903 2122
341 933
933 3007
1079 1999
1999 2674
2667 3633
3633 3123
886 1712
1712 2205
1509 2562
2562 3037
4281 1517
1517 2577
1460 3661
3661 140
4216 3562
3562 556
580 2164
2164 2478
4205 4472
4472 1210
3405 2304
2304 1981
2817 302
302 3760
2092 1610
1610 284
390 3990
3990 1370
177 3923
3923 2201
177 2326
2326 584
1513 446
446 39
2652 778
778 1275
3371 3671
3671 1959
225 1641
1641 3056
3519 1468
1468 1858
1246 1915
1915 2913
3043 1797
1797 2367
399 2087
2087 4539
474 1191
1191 4389
1504 1815
1815 4510
2902 4023
4023 3096
4319 3573
3573 1913
798 3506
3506 2942
4226 3071
3071 2049
503 2140
2140 4186
1003 507
507 284
844 833
833 140
4281 3676
3676 3291
3387 544
544 4158
2826 2518
2518 3466
1177 4309
4309 2870
4153 2440
2440 4437
2756 1218
1218 3611
3172 1236
1236 3861
1506 560
560 960
3182 60
60 2334
2995 860
860 2345
1920 1789
1789 2334
1842 2325
2325 573
3066 1887
1887 3063
2902 1681
1681 272
1550 3823
3823 1663
3369 528
528 4338
3842 2607
2607 1746
3935 763
763 1621
1964 20
20 951
1504 1359
1359 329
4273 1876
1876 269
1763 3591
3591 1108
2539 603
603 541
3387 3090
3090 3556
2032 3161
3161 3792
347 768
768 3284
148 436
436 2635
1506 1735
1735 3283
1311 939
939 2913
597 135
135 3298
1189 4440
4440 572
3530 1188
1188 2478
2632 1039
1039 1051
2119 2619
2619 2271
341 938
938 1825
2839 1989
1989 189
3343 2928
2928 2201
94 2604
2604 54
2590 103
103 4458
225 3872
3872 1781
1215 315
315 1959
3343 1914
1914 2446
3733 3255
3255 4158
3658 3117
3117 1825
4002 2771
2771 4479
1501 432
432 4479
4005 3189
3189 493
389 869
869 1981
1509 2952
2952 2189
2250 1792
1792 412
1700 2171
2171 3904
82 1960
1960 285
574 3883
3883 1104
1062 993
993 1621
456 4220
4220 107
4279 131
131 3344
2995 1969
1969 1858
669 2044
2044 4091
2648 2449
2449 1997
1246 3350
3350 3093
1961 4275
4275 2818
3557 3628
3628 951
3842 3441
3441 584
2696 3300
3300 2499
3700 4299
4299 753
955 3744
3744 2271
1509 1684
1684 4381
4128 3891
3891 3594
963 671
671 4437
2995 621
621 4370
3260 2141
2141 3575
3920 3686
3686 1279
3944 1277
1277 2775
2899 2362
2362 4539
3263 2737
2737 549
3920 1944
1944 4437
1770 1419
1419 2546
474 1452
1452 2165
1287 1669
1669 116
775 4020
4020 541
2899 2379
2379 360
2650 990
990 35
863 2405
2405 1592
2312 226
226 784
3371 3728
3728 960
2092 2679
2679 549
4161 12
12 418
1055 2412
2412 4149
847 1292
1292 1007
3073 530
530 716
3273 1228
1228 1997
4054 2517
2517 1370
3944 2464
2464 1241
170 4071
4071 1990
1509 1470
1470 4038
4200 3275
3275 3383
3260 2415
2415 2913
4329 4176
4176 4539
2559 2535
2535 3201
4323 578
578 496
2899 3739
3739 251
1639 856
856 1235
4398 3120
3120 2394
1221 2192
2192 2367
2590 3059
3059 1532
1134 3254
3254 2197
3700 4171
4171 3654
3795 1038
1038 2892
619 4042
4042 3164
474 582
582 4399
2756 1025
1025 1104
1639 658
658 2295
1550 4474
4474 3196
3343 3752
3752 1247
1124 1898
1898 2939
4452 1869
1869 4168
4128 3927
3927 2921
1550 1819
1819 2466
3343 561
561 4437
3992 3507
3507 842
1964 540
540 4481
1189 2287
2287 960
3064 985
985 284
2667 3347
3347 1592
2178 2729
2729 1448
1246 3109
3109 4556
3528 4304
4304 1568
388 3914
3914 3123
963 1803
1803 3088
1842 3457
3457 1235
3693 3329
3329 2499
1044 2827
2827 2367
847 67
67 333
1339 1005
1005 842
962 1875
1875 1895
2539 2793
2793 1026
4451 495
495 4109
4128 934
934 2635
347 3038
3038 1990
2018 490
490 898
2422 2280
2280 601
1472 4227
4227 111
2632 89
89 2168
3252 1975
1975 1026
2632 3130
3130 2818
3614 2581
2581 2684
1311 627
627 1825
3820 2976
2976 3611
4542 1117
1117 2577
3222 1056
1056 898
1045 4179
4179 572
1670 3684
3684 2394
3011 3980
3980 3604
798 3191
3191 3344
1141 1822
1822 3670
3948 3373
3373 2452
4002 4435
4435 3887
3791 4121
4121 2674
390 4230
4230 842
1339 88
88 1104
4549 3889
3889 3093
585 3251
3251 3056
4514 3590
3590 1902
4160 1779
1779 3804
1770 4094
4094 3164
3256 534
534 807
594 3726
3726 107
4279 3150
3150 2657
1589 1332
1332 3594
3707 2758
2758 4441
3820 4446
4446 251
399 1489
1489 272
1728 2661
2661 1532
2092 2598
2598 1825
1441 1168
1168 3164
3253 4222
4222 3125
4079 301
301 824
2032 1762
1762 1534
978 31
31 2818
1141 3194
3194 3010
2648 4332
4332 3344
1410 3434
3434 3466
3073 908
908 541
3342 830
830 2947
619 3589
3589 4483
3693 1347
1347 3953
1844 3696
3696 1103
2625 2314
2314 753
225 4047
4047 1235
388 2484
2484 366
4452 1864
1864 824
2178 1718
1718 3131
813 1743
1743 2271
2064 4075
4075 2547
1912 3049
3049 3007
1766 1808
1808 1895
1751 2909
2909 2189
2032 1698
1698 1774
2985 2237
2237 1902
3693 460
460 2122
1692 2678
2678 3921
3614 2794
2794 54
1964 240
240 2036
1513 1850
1850 3821
1504 3482
3482 3298
1695 4453
4453 3669
3992 273
273 360
4205 3430
3430 2816
3129 2410
2410 2401
3897 4485
4485 2036
3012 3832
3832 2243
2936 2062
2062 333
3849 1365
1365 2674
3892 1348
1348 496
2146 3365
3365 2692
1389 221
221 3311
1639 4346
4346 1534
2765 983
983 3357
1842 1809
1809 824
69 1089
1089 2870
3129 3534
3534 1300
177 701
701 493
1477 322
322 4149
2650 4502
4502 3305
443 3859
3859 3164
1963 2181
2181 1370
863 2432
2432 1532
2159 1676
1676 39
2131 4536
4536 2892
3707 1344
1344 716
878 1977
1977 360
878 3982
3982 960
855 1069
1069 898
529 2945
2945 2271
1963 139
139 4038
2332 735
735 2921
508 3960
3960 1907
1079 2860
2860 2474
700 1932
1932 2474
1739 3113
3113 716
1079 3850
3850 2452
1027 4267
4267 3289
508 3325
3325 2939
2996 2751
2751 1103
3320 4051
4051 1568
4265 1810
1810 3209
2119 2349
2349 2540
177 4105
4105 4399
1513 96
96 1366
1141 3427
3427 2779
1045 4237
4237 1370
1215 2897
2897 1108
1695 171
171 412
2178 2069
2069 541
3920 384
384 3281
3343 4014
4014 2348
1513 3086
3086 2674
312 617
617 496
2443 2610
2610 2040
798 2786
2786 4386
962 3829
3829 1858
4080 740
740 1568
1879 3345
3345 329
4226 3098
3098 329
1616 586
586 1108
2652 2498
2498 189
3795 2356
2356 2049
4110 3771
3771 2165
4521 915
915 3201
2590 4409
4409 360
2858 1162
1162 285
782 3128
3128 556
3530 1503
1503 155
1920 4434
4434 824
1215 2651
2651 329
177 4403
4403 2664
615 814
814 1300
742 2798
2798 2205
2387 3901
3901 4149
4319 1857
1857 3196
3519 1373
1373 386
3129 2613
2613 1825
1079 538
538 1366
666 2563
2563 3821
3795 319
319 547
4281 2019
2019 2475
594 4303
4303 1534
3962 717
717 1366
2964 2879
2879 3289
3668 1219
1219 2205
177 3412
3412 1279
3405 2636
2636 4458
3439 3748
3748 3921
1189 1216
1216 95
1266 209
209 3065
2899 767
767 4370
886 1091
1091 84
225 323
323 2295
2844 1660
1660 3096
2107 2157
2157 2345
4166 2924
2924 1007
1393 2274
2274 3075
2765 1508
1508 493
1138 3691
3691 1448
3992 4245
4245 1942
3405 4214
4214 4481
82 4257
4257 1618
3371 4228
4228 2947
2590 3522
3522 1026
148 2520
2520 4249
3944 884
884 2243
1441 3972
3972 155
2839 3149
3149 391
2107 2660
2660 1366
914 2105
2105 189
3693 1384
1384 1108
1692 4102
4102 3357
1328 2961
2961 2201
3707 431
431 2348
3342 3958
3958 3088
4542 751
751 3209
4359 812
812 4186
1062 1544
1544 4090
2964 1130
1130 2394
2146 433
433 4556
886 3772
3772 3201
3066 631
631 4556
1392 1463
1463 3125
2826 1324
1324 2040
3407 2254
2254 43
1509 1391
1391 1247
3122 4531
4531 2047
2032 3409
3409 2852
1477 1714
1714 2913
1138 4293
4293 1592
3897 761
761 3196
4081 2654
2654 91
3012 2184
2184 1988
914 2851
2851 1213
4002 2659
2659 3383
668 522
522 2452
3849 986
986 2816
1460 1107
1107 2090
94 44
44 4483
2895 2725
2725 3556
3011 2076
2076 1592
69 4543
4543 4483
2936 306
306 3921
399 3017
3017 4141
2667 3886
3886 1697
3920 2553
2553 3462
2756 1525
1525 1108
3519 1390
1390 4483
3182 1680
1680 329
2234 4072
4072 4158
3012 3356
3356 3788
1639 2718
2718 2913
1134 4232
4232 1981
3668 3179
3179 3010
3979 3785
3785 3298
2250 1020
1020 269
535 350
350 3096
3529 3376
3376 2446
1842 991
991 1774
535 3782
3782 366
1589 3950
3950 547
3043 2979
2979 1858
4128 4560
4560 699
1266 3359
3359 3285
69 3286
3286 4338
615 809
809 1621
194 3362
3362 1241
1477 1672
1672 104
1507 3069
3069 633
177 3673
3673 91
3897 468
468 4441
3992 298
298 2036
3263 2736
2736 1981
3407 1846
1846 4483
1246 593
593 3088
2655 235
235 3827
1189 1415
1415 2779
278 190
190 54
614 725
725 3196
4541 2832
2832 554
1639 2749
2749 2205
1961 4538
4538 898
1266 1651
1651 1026
3023 1000
1000 2394
1378 3930
3930 111
878 2114
2114 2809
4128 3719
3719 824
878 3303
3303 3096
668 75
75 251
847 2676
2676 2295
3263 2382
2382 4557
2539 134
134 1108
2376 1941
1941 1895
1124 1192
1192 43
2312 179
179 1210
4200 2821
2821 556
3658 4358
4358 4556
4319 1427
1427 1007
692 2595
2595 1345
2667 1830
1830 633
3985 1600
1600 1997
278 3029
3029 1942
3438 2
2 3861
3108 2640
2640 4399
1961 4330
4330 84
3439 2363
2363 366
1092 1227
1227 1534
2376 1642
1642 4338
4002 1538
1538 1026
2844 902
902 3654
148 4202
4202 2409
3343 917
917 3821
2946 3465
3465 521
1044 1144
1144 2243
1092 4199
4199 3861
1011 164
164 1959
1739 729
729 4479
2545 1206
1206 2809
2075 707
707 111
390 3642
3642 3669
1062 1237
1237 1313
2092 4356
4356 366
3340 4246
4246 4252
4003 3165
3165 1981
1259 3124
3124 4483
2936 3364
3364 2657
3971 789
789 842
3405 684
684 699
456 1303
1303 3196
1551 2261
2261 3804
1027 4063
4063 3201
4081 3516
3516 3611
1537 479
479 1697
2064 2780
2780 3311
597 2320
2320 3953
2667 971
971 3088
2740 3680
3680 1959
4203 3801
3801 3556
2590 2104
2104 3024
1472 1520
1520 316
1531 3213
3213 3125
4083 10
10 2892
1472 1689
1689 784
1766 2875
2875 1621
1011 4086
4086 4556
3224 2854
2854 842
4323 682
682 2921
3025 4133
4133 142
278 232
232 54
1389 694
694 1058
2621 1288
1288 251
1973 3723
3723 2197
2234 4040
4040 554
4542 3609
3609 4158
3323 1747
1747 386
4005 2125
2125 554
4279 3095
3095 1026
3820 2066
2066 2939
3263 3963
3963 1235
2064 4340
4340 2197
1879 2005
2005 3196
2964 282
282 2674
1844 2445
2445 4186
69 3158
3158 4386
1796 675
675 95
3842 4046
4046 3556
1460 200
200 2477
4110 2186
2186 2546
3369 3580
3580 3282
3767 1232
1232 3575
1550 2246
2246 1988
3528 1883
1883 412
3340 4211
4211 2892
962 4289
4289 2779
2590 804
804 2692
2282 76
76 1448
2376 2134
2134 549
2222 1268
1268 4090
3342 1084
1084 54
2131 128
128 1050
312 1587
1587 2090
962 2647
2647 54
3892 68
68 155
878 571
571 549
4002 4036
4036 2446
3948 3637
3637 3826
2652 4347
4347 1081
1063 2770
2770 3826
2632 976
976 316
207 2978
2978 1858
2190 3243
3243 2368
2131 2526
2526 39
508 2079
2079 960
2895 1260
1260 1534
1003 3469
3469 4149
1964 4291
4291 3010
3320 2429
2429 2779
2222 2923
2923 3007
3849 609
609 329
1177 3913
3913 1734
2826 759
759 3037
1472 3244
3244 155
3369 774
774 3792
1821 3417
3417 4479
4541 50
50 4556
2145 1729
1729 4037
4517 1783
1783 4441
1767 1486
1486 2189
3795 926
926 3604
2465 3464
3464 104
3529 2176
2176 2201
2545 2531
2531 1532
3849 3137
3137 1275
3273 3231
3231 3549
4549 4315
4315 2452
1504 1673
1673 3556
529 3014
3014 2295
2282 1682
1682 1942
2899 243
243 1825
2282 2988
2988 547
4080 1795
1795 3669
861 2059
2059 189
1141 980
980 1261
597 3876
3876 2409
3842 2846
2846 3604
1461 2743
2743 183
4216 1935
1935 3281
1328 2671
2671 1448
2899 3701
3701 104
3218 3505
3505 4149
4281 15
15 3344
1410 3301
3301 2402
962 3978
3978 2546
3340 3013
3013 1406
4205 3048
3048 4186
2765 4103
4103 107
1079 1083
1083 3075
4407 1733
1733 1210
2084 4322
4322 1223
1368 2600
2600 3289
2740 2284
2284 716
312 1385
1385 2635
1011 498
498 3838
1062 7
7 183
4281 1529
1529 4399
4323 3349
3349 556
2312 569
569 1734
371 2991
2991 412
347 4212
4212 4483
1912 4375
4375 4168
3557 510
510 2852
312 2050
2050 3209
4160 3815
3815 1532
4083 1553
1553 3164
886 3708
3708 111
742 2882
2882 393
2084 803
803 1891
4359 859
859 2477
2084 3619
3619 3164
1506 4519
4519 272
2844 4394
4394 1007
3897 3749
3749 2477
2817 4390
4390 2942
619 3737
3737 2271
3263 3483
3483 661
1767 3328
3328 54
3892 2391
2391 3284
1341 3389
3389 2122
1028 3731
3731 2779
3528 408
408 1313
2564 2524
2524 699
3767 4187
4187 3164
1767 3443
3443 1026
2332 402
402 1007
4414 2724
2724 3209
2250 4379
4379 155
443 201
201 1007
585 257
257 2939
2621 1294
1294 1990
3985 369
369 3344
666 2106
2106 1974
3263 64
64 2310
2877 3314
3314 2401
3387 1893
1893 3056
1963 3330
3330 1907
4436 845
845 3594
1920 857
857 54
2018 650
650 2692
2652 4461
4461 504
1963 1340
1340 2664
577 2473
2473 3075
2018 4418
4418 3285
1842 2479
2479 904
3012 4529
4529 556
2422 129
129 1902
3700 1128
1128 391
813 1272
1272 3611
2075 2390
2390 3788
2308 2907
2907 4090
1842 1801
1801 2401
1461 482
482 3466
1378 3885
3885 2466
3323 2142
2142 2870
955 453
453 3291
2443 397
397 84
161 4516
4516 2830
978 3185
3185 2189
4054 4184
4184 91
1964 4314
4314 54
3971 3406
3406 1532
1695 2717
2717 107
4329 1938
1938 3088
4549 3367
3367 4370
3122 262
262 3466
2946 2213
2213 2816
2308 3907
3907 104
1717 3936
3936 3164
149 3515
3515 285
1298 520
520 140
347 2285
2285 3298
1472 206
206 3926
1695 2565
2565 116
1766 4361
4361 155
3892 1254
1254 111
2696 1139
1139 4458
3129 2608
2608 1746
177 3411
3411 3284
863 1955
1955 554
4200 1916
1916 4186
2995 1554
1554 549
2443 1711
1711 91
3108 483
483 3821
3897 4518
4518 4252
90 2962
2962 4458
3369 3374
3374 3344
2159 2950
2950 4006
149 634
634 1104
1287 681
681 4091
1551 2568
2568 1104
1477 1855
1855 3904
2443 4406
4406 142
4003 2622
2622 111
1062 133
133 2197
3172 3706
3706 3037
4359 587
587 142
2621 636
636 3305
1842 1336
1336 2201
2312 3762
3762 1293
597 4352
4352 3063
390 377
377 4370
1616 624
624 3281
2564 3727
3727 43
529 387
387 743
278 3856
3856 3466
1460 583
583 1448
3387 4426
4426 584
1767 3091
3091 84
82 1818
1818 3196
2813 193
193 547
3528 2831
2831 386
1189 891
891 1907
503 3533
3533 39
855 4548
4548 1942
3108 657
657 1697
4521 2120
2120 3357
1982 1399
1399 496
2995 1065
1065 2189
813 2968
2968 743
961 2900
2900 2271
82 4196
4196 601
2877 705
705 3285
4160 256
256 2452
2741 1179
1179 3921
3658 834
834 4386
3405 77
77 1104
1570 2493
2493 1774
2655 1159
1159 2295
614 2578
2578 2684
955 3798
3798 2554
3988 903
903 2345
2650 2408
2408 3201
1011 3687
3687 2554
2936 1806
1806 904
1393 2774
2774 1568
1700 1630
1630 4149
4110 2247
2247 633
1943 53
53 393
3252 4325
4325 1235
3734 451
451 601
666 1597
1597 1104
1643 2908
2908 1988
1961 3729
3729 2036
3273 548
548 43
3390 1748
1748 2674
2212 4191
4191 2197
2564 945
945 2499
3842 1687
1687 572
1287 3177
3177 2243
371 4348
4348 4479
1339 3385
3385 753
2119 3986
3986 1895
1705 3327
3327 3125
1055 1567
1567 1247
782 4240
4240 2939
2443 3080
3080 2156
2625 1957
1957 2947
3253 1650
1650 2295
2817 3034
3034 91
1266 1054
1054 1026
187 4496
4496 2036
2075 3246
3246 960
1688 2137
2137 41
1561 973
973 333
1124 458
458 2295
3043 4523
4523 4249
1509 2166
2166 2939
3948 1909
1909 3075
341 2931
2931 1959
3897 3857
3857 4483
4110 212
212 107
2899 2174
2174 556
1044 1290
1290 316
3439 1146
1146 3357
1639 311
311 2635
1570 2045
2045 3037
2250 2511
2511 104
2332 1424
1424 1988
1389 3651
3651 210
3529 3924
3924 4006
2756 3545
3545 2635
3971 1934
1934 2913
4205 3490
3490 4556
2899 3184
3184 386
4226 2917
2917 1902
1739 51
51 3063
669 1073
1073 504
4281 1158
1158 3282
1643 265
265 4006
4128 2791
2791 2657
177 2338
2338 3005
2682 3830
3830 584
3342 3280
3280 1370
2376 2715
2715 3654
1784 3331
3331 2402
1392 1627
1627 1592
3122 2957
2957 3024
2145 1939
1939 1058
2995 3148
3148 3792
3842 2896
2896 4386
4279 4331
4331 3285
886 3294
3294 2409
2145 3308
3308 3357
4359 3618
3618 1861
1509 2196
2196 556
2902 3188
3188 183
1177 270
270 3921
1770 678
678 1223
1688 1453
1453 2156
2625 3660
3660 2334
207 4466
4466 54
3971 1381
1381 2684
3767 4009
4009 4370
3480 2450
2450 3201
1460 613
613 3125
4183 741
741 541
69 2609
2609 1781
1763 2008
2008 4186
4407 808
808 1942
3992 4126
4126 1081
1844 515
515 104
4541 968
968 4479
3064 1301
1301 1942
2222 2787
2787 3821
4407 1545
1545 3005
1821 2806
2806 3284
1963 2934
2934 4441
1259 3746
3746 1697
4082 2880
2880 1663
1570 2052
2052 4141
3767 1137
1137 155
863 2083
2083 116
2234 3630
3630 2828
668 1255
1255 1974
1518 2983
2983 1241
4407 1035
1035 3462
700 2288
2288 142
1045 2645
2645 269
4200 3520
3520 4389
503 805
805 1618
2212 4376
4376 549
508 1476
1476 547
1092 3051
3051 1406
4216 178
178 140
1341 4321
4321 1203
1055 1807
1807 1247
2995 1449
1449 1370
161 3541
3541 3063
2308 4015
4015 3284
1441 56
56 1081
1688 2708
2708 43
1328 2273
2273 3926
1643 252
252 2921
389 3574
3574 2452
3529 4152
4152 1959
1259 3868
3868 1734
1028 2847
2847 3209
1551 3763
3763 4037
574 4263
4263 2664
1589 2888
2888 2475
2032 1493
1493 3556
2682 2433
2433 4399
2308 1730
1730 3056
3480 2694
2694 716
1692 2088
2088 2243
2696 942
942 584
2084 3547
3547 4510
4200 358
358 2309
955 1019
1019 39
3795 982
982 824
4541 1906
1906 549
161 4444
4444 1959
1221 750
750 1275
615 3500
3500 898
4541 143
143 189
1982 3606
3606 39
3791 175
175 1007
1027 4092
4092 1293
2650 1917
1917 3065
2650 2537
2537 4399
3066 2695
2695 2271
3740 2425
2425 1618
1507 2496
2496 584
2817 300
300 251
3023 1499
1499 1907
1767 2748
2748 1300
878 806
806 2189
288 2011
2011 824
1537 996
996 496
4083 1031
1031 4399
2539 3278
3278 333
2621 2372
2372 1592
4085 99
99 3838
2765 261
261 1051
3172 1679
1679 2452
813 462
462 2939
1570 2911
2911 91
2443 3973
3973 3291
2813 4001
4001 3010
1961 3454
3454 496
1378 2754
2754 3125
2075 1547
1547 1697
2332 2070
2070 2309
1368 1436
1436 1592
3767 3127
3127 1275
1177 3750
3750 4168
3252 1512
1512 3760
3528 2823
2823 3196
1766 3694
3694 4556
2332 1145
1145 898
3025 2990
2990 4158
3064 4264
4264 3669
4265 1889
1889 1300
389 4364
4364 661
813 1899
1899 1235
2332 3214
3214 1858
585 46
46 784
1256 147
147 2295
3897 1127
1127 3383
390 1451
1451 1781
456 184
184 4091
3971 2965
2965 2409
1879 3170
3170 142
2250 1851
1851 91
868 1360
1360 54
1770 4302
4302 2271
3320 2675
2675 4481
1507 2155
2155 3357
2899 1715
1715 2452
2995 4093
4093 556
1644 3810
3810 1974
1551 264
264 2156
371 2922
2922 2367
2655 2162
2162 3887
2064 3413
3413 2090
288 1940
1940 2036
1920 2726
2726 3792
4279 4420
4420 2295
4281 2373
2373 1902
1688 2330
2330 541
863 3650
3650 572
1246 3351
3351 2981
2625 2231
2231 1050
3369 816
816 391
2190 344
344 3556
3658 1799
1799 2664
861 2130
2130 316
1389 21
21 3096
1256 3863
3863 3466
1138 1165
1165 3604
69 1230
1230 366
1616 3622
3622 2818
1644 897
897 3838
2018 3398
3398 2189
4407 4533
4533 556
844 2283
2283 4389
3965 1936
1936 2942
3064 4439
4439 1942
4541 3704
3704 2071
2632 975
975 573
529 2335
2335 2452
692 948
948 1621
3807 1491
1491 3281
1368 2403
2403 1781
1472 3295
3295 3611
2332 4156
4156 2540
863 3625
3625 3065
4451 3584
3584 1774
1134 2596
2596 386
1705 4100
4100 2201
1477 1565
1565 2635
4355 3391
3391 3926
914 1971
1971 1592
288 4424
4424 1981
3658 3187
3187 1108
3795 2461
2461 1618
456 2277
2277 4249
669 2848
2848 1907
1506 2260
2260 960
1531 2352
2352 3284
535 3539
3539 521
1531 3299
3299 4539
225 92
92 2635
3073 1052
1052 2122
4200 59
59 2852
1766 486
486 3449
577 1950
1950 2775
4226 2861
2861 2205
1763 2341
2341 1988
2985 1440
1440 3281
3837 731
731 2090
1766 2258
2258 3827
2146 356
356 2635
4005 790
790 3289
3791 30
30 4370
2877 381
381 3131
1368 4295
4295 2942
3407 228
228 4141
3734 1761
1761 2692
963 1769
1769 2402
597 2901
2901 39
2084 3157
3157 3604
585 477
477 3804
2308 214
214 2674
886 2336
2336 1448
4005 826
826 54
2667 4528
4528 3093
2145 2439
2439 920
2765 303
303 4252
844 3540
3540 1279
1507 4163
4163 3196
1124 710
710 2071
3340 724
724 4539
474 1865
1865 3926
1770 2719
2719 1058
1507 163
163 3063
1393 1812
1812 2852
2839 1498
1498 3229
1389 3751
3751 2122
1092 3414
3414 189
3992 245
245 1241
1266 2778
2778 920
1964 4465
4465 1988
2312 1224
1224 107
161 205
205 4441
4549 2447
2447 3887
1670 664
664 3760
1821 1539
1539 2138
668 2264
2264 573
2625 310
310 1568
1266 1800
1800 1825
4398 4027
4027 3005
4517 2592
2592 554
3613 4351
4351 316
288 3033
3033 521
4082 3653
3653 2577
2985 4137
4137 3285
2648 3724
3724 3556
3256 472
472 91
2308 2048
2048 3921
1507 3183
3183 716
1844 4018
4018 3611
1879 1967
1967 1621
1842 248
248 541
1507 1367
1367 1697
3129 4097
4097 272
161 2566
2566 3760
2970 4499
4499 3549
2756 4367
4367 3861
692 2226
2226 4031
2740 4007
4007 2040
3668 1102
1102 4249
4003 851
851 4109
2650 1664
1664 3669
3387 4513
4513 2310
1912 3576
3576 2165
4110 4143
4143 1568
3944 1576
1576 1293
2877 4057
4057 2402
529 1263
1263 3037
2762 1148
1148 2474
288 2306
2306 111
2696 776
776 2001
3023 1132
1132 210
2648 176
176 2201
2281 994
994 1959
1259 2734
2734 2635
2119 117
117 4399
4128 2482
2482 2001
3036 3037
3172 1490
1490 418
3256 832
832 556
1246 1772
1772 39
3371 3046
3046 3474
1062 3394
3394 2870
2740 3211
3211 3298
3399 4280
4280 3474
177 2198
2198 1697
4200 1166
1166 2692
3700 3866
3866 3826
1266 2173
2173 3887
2080 3151
3151 4109
1189 3496
3496 4386
2131 3554
3554 1825
2844 3339
3339 4149
1763 49
49 3804
4200 3629
3629 3926
3992 365
365 3670
1670 1514
1514 1081
3252 3890
3890 3063
4002 2747
2747 1007
1138 2127
2127 3383
278 2561
2561 391
1477 2582
2582 1275
443 4333
4333 3449
2756 4011
4011 1213
847 3132
3132 1685
1751 3290
3290 3024
692 2500
2500 1907
1287 24
24 3196
1513 2180
2180 842
1246 3173
3173 4386
2159 259
259 753
1378 3152
3152 1902
3837 2685
2685 3953
2443 4241
4241 4557
4216 242
242 4556
3668 3912
3912 2345
978 2377
2377 1663
231 3779
3779 91
194 1702
1702 2394
2696 590
590 601
4083 1546
1546 386
2996 1006
1006 1213
1920 787
787 3291
2084 4104
4104 2554
3439 1204
1204 1534
456 83
83 3611
700 4400
4400 4483
2308 1057
1057 716
3012 506
506 2474
2895 1845
1845 3344
1854 4493
4493 3083
2064 2238
2238 504
3740 1732
1732 2947
861 3555
3555 2546
3256 2701
2701 3291
978 4471
4471 1997
1963 626
626 4458
3371 411
411 4481
3439 1647
1647 3010
594 2955
2955 2939
1501 320
320 4158
3011 105
105 1825
278 4021
4021 4556
1027 3473
3473 1942
2762 2263
2263 391
3224 1758
1758 2402
2621 6
6 3298
4005 2591
2591 554
4081 2872
2872 1913
4161 3858
3858 3056
3122 1066
1066 2499
574 916
916 1592
2895 3587
3587 1293
1055 3933
3933 2271
1177 887
887 716
2131 3068
3068 496
4436 641
641 116
2741 267
267 3284
1389 1426
1426 2262
312 4432
4432 39
3557 2881
2881 1959
3438 4410
4410 1534
194 4296
4296 1279
3767 4494
4494 2830
1062 2506
2506 1902
4319 182
182 333
3707 395
395 4249
2539 730
730 1300
2064 3588
3588 2071
1368 625
625 920
3733 4305
4305 3311
1389 2815
2815 391
3387 4215
4215 1568
2159 277
277 1050
1246 3475
3475 573
1124 2128
2128 1988
2655 2289
2289 2852
1513 3346
3346 493
1246 417
417 3760
4002 85
85 3229
1287 2805
2805 3474
3387 3162
3162 3556
3892 1413
1413 1988
692 4421
4421 493
2080 1588
1588 1902
1963 4167
4167 3123
1821 2683
2683 2138
963 4207
4207 3088
668 349
349 601
2131 3738
3738 4381
2667 3681
3681 2577
961 224
224 3838
962 2703
2703 2047
3935 4413
4413 898
2422 1095
1095 140
4517 1430
1430 4437
3971 3840
3840 39
4542 2435
2435 1959
2762 1541
1541 285
1912 3287
3287 2394
3172 420
420 1345
1982 3600
3600 2446
1531 3126
3126 2368
2985 1022
1022 95
3405 3639
3639 3788
1092 1788
1788 4399
161 654
654 2309
1389 656
656 1210
2590 4010
4010 4399
2899 1750
1750 2554
1506 889
889 4458
962 817
817 1210
2946 4000
4000 1774
4226 846
846 3283
4183 1444
1444 4031
3528 691
691 2310
2839 1596
1596 1058
1298 1304
1304 4441
4329 61
61 3065
3387 481
481 4038
1339 108
108 4149
1763 557
557 572
3224 1598
1598 3887
3256 1404
1404 3005
1079 2486
2486 3024
1998 3836
3836 3007
2080 3403
3403 807
1392 4429
4429 4186
3122 3456
3456 1026
225 1535
1535 1081
2075 1350
1350 521
2376 3882
3882 2478
1062 4129
4129 1774
955 1105
1105 3291
2970 2476
2476 3474
3369 423
423 4090
2190 455
455 4252
194 1601
1601 3792
3108 4558
4558 1293
1570 1487
1487 1279
2387 3227
3227 541
1766 115
115 210
4161 2297
2297 4109
4079 4260
4260 1746
3935 2633
2633 3549
619 873
873 2870
3892 1335
1335 2913
2145 1843
1843 1050
312 2864
2864 4037
3439 4065
4065 2830
82 3568
3568 4557
3820 3563
3563 1974
668 2772
2772 4370
847 1625
1625 2122
2032 2182
2182 2168
4549 4125
4125 904
3480 3884
3884 4481
855 1172
1172 3474
399 124
124 3953
3390 223
223 1746
2655 3627
3627 1618
2443 3595
3595 2071
692 3267
3267 3594
2877 4459
4459 951
4265 2456
2456 2478
963 3386
3386 2368
4414 2853
2853 601
2080 764
764 272
1570 3777
3777 2474
700 719
719 3838
371 3485
3485 2197
3807 4274
4274 496
1670 3375
3375 4479
3438 702
702 2809
4542 2584
2584 2452
2632 3397
3397 2334
978 4561
4561 2047
388 2175
2175 3024
4265 3624
3624 3201
508 3076
3076 386
225 651
651 35
4414 1609
1609 2197
4541 3692
3692 784
3252 1787
1787 3305
4115 3577
3577 2692
1518 3712
3712 360
4279 3437
3437 3281
666 629
629 2657
4153 415
415 1203
2545 3032
3032 2138
1998 1930
1930 1058
347 2618
2618 3669
3892 2532
2532 2168
2625 3610
3610 1108
3064 802
802 2474
2131 825
825 554
2222 2434
2434 4109
3172 173
173 4370
1695 4320
4320 3670
390 4484
4484 3788
2075 565
565 2394
3343 2550
2550 3827
1259 2438
2438 1203
1287 1459
1459 316
4128 463
463 269
4205 2891
2891 84
2667 3489
3489 3088
90 2624
2624 951
577 4505
4505 2189
4128 3388
3388 1058
3920 3100
3100 1293
580 714
714 1293
1943 1049
1049 2775
2817 673
673 554
1045 3938
3938 3024
2080 1183
1183 2394
775 797
797 35
2222 3802
3802 2657
2250 4477
4477 3926
1589 3
3 3283
535 4503
4503 1959
1506 539
539 4441
1998 677
677 1618
4161 2502
2502 210
978 2843
2843 2156
1518 192
192 541
3480 3831
3831 316
3807 4213
4213 1058
4542 2606
2606 3311
844 1200
1200 1026
961 2956
2956 2577
2282 533
533 3953
1518 459
459 1026
3342 2007
2007 2348
2080 4468
4468 3037
1973 1564
1564 3466
3688 2294
2294 1988
1770 3248
3248 3788
3992 1133
1133 140
2625 4555
4555 2547
4281 2144
2144 1746
4414 239
239 1974
3399 3379
3379 140
4281 3459
3459 95
4183 1721
1721 3449
1215 2792
2792 4252
3222 392
392 3229
3979 1097
1097 1026
4081 828
828 2477
1796 1904
1904 1492
2936 1157
1157 1981
2833 2169
2169 1007
1920 3395
3395 807
3263 3957
3957 1108
3439 3210
3210 743
1616 850
850 1663
3897 2796
2796 573
3340 2020
2020 2499
4115 1723
1723 1942
2332 1321
1321 2775
1844 3663
3663 4556
3023 723
723 4090
2833 2525
2525 3804
3073 2000
2000 2189
1138 1012
1012 1492
3129 1901
1901 2828
1644 1152
1152 2295
2899 338
338 2478
456 977
977 1997
1393 3597
3597 285
1259 2912
2912 3298
597 4384
4384 547
2817 58
58 1370
585 1337
1337 155
1784 3348
3348 3285
1298 765
765 1261
3369 97
97 2657
1259 1905
1905 3654
914 309
309 3093
3340 281
281 842
2756 1555
1555 3357
1328 4188
4188 210
2422 2389
2389 2981
1705 100
100 1988
585 4553
4553 3926
2844 979
979 2165
2625 2346
2346 360
1821 2686
2686 4186
371 3272
3272 2779
963 4136
4136 3904
4160 3312
3312 116
3795 3793
3793 2090
3342 249
249 41
1141 438
438 3007
4273 1903
1903 272
863 1075
1075 3229
3962 3621
3621 4090
615 3001
3001 842
798 4450
4450 1366
2234 1837
1837 4399
1643 879
879 4338
1259 3730
3730 95
3962 4217
4217 784
1589 2305
2305 3088
3557 3599
3599 3125
170 1115
1115 1279
3320 1607
1607 2474
3971 3153
3153 84
4279 1983
1983 2816
1998 1087
1087 2446
3557 3761
3761 2852
1842 2321
2321 2540
3387 1790
1790 3611
1246 4039
4039 4158
2443 2769
2769 4437
4549 1434
1434 2818
4452 2257
2257 920
813 2023
2023 1697
660 4491
4491 4252
4451 3119
3119 3861
3528 2521
2521 3281
3529 1014
1014 4539
2376 295
295 1081
1688 2038
2038 2466
278 3721
3721 2577
443 1927
1927 251
3073 592
592 3669
2080 972
972 2939
1920 2855
2855 104
207 3918
3918 4186
4160 2188
2188 4539
94 1725
1725 3462
1763 2467
2467 4158
3849 3560
3560 2036
4183 1706
1706 3289
1692 704
704 104
3371 3370
3370 1621
2985 1516
1516 504
341 2203
2203 807
3252 1839
1839 1825
2064 3296
3296 2368
1138 4278
4278 1370
161 3366
3366 1104
2234 2375
2375 4091
3252 3623
3623 2401
1507 2836
2836 4386
2119 2960
2960 2554
2131 3808
3808 3024
3948 363
363 4386
863 2953
2953 3010
597 1314
1314 2409
3795 2722
2722 1210
3892 1411
1411 2892
2145 1086
1086 573
3992 3121
3121 2477
389 1252
1252 3449
2376 1701
1701 366
194 4428
4428 4556
3439 3860
3860 189
2762 653
653 3760
2902 2576
2576 2452
1842 1662
1662 107
82 1222
1222 2692
962 372
372 3096
863 1523
1523 2635
3043 559
559 269
1551 1847
1847 4109
3480 3058
3058 284
2559 186
186 3209
503 2342
2342 2852
1138 1407
1407 3827
4002 2571
2571 1774
2667 1653
1653 3654
371 11
11 1997
3668 2057
2057 3575
1767 3931
3931 4481
3613 2699
2699 3462
1378 1814
1814 155
3387 4482
4482 2071
4081 2419
2419 2921
619 1099
1099 4557
2159 2269
2269 4386
3668 3641
3641 3281
2312 4118
4118 3075
3668 4524
4524 155
798 4316
4316 3669
580 1118
1118 2828
1393 3141
3141 3063
1513 4328
4328 2828
1134 3616
3616 4249
3122 900
900 386
82 488
488 35
2312 894
894 824
1871 3839
3839 3229
3693 1828
1828 54
1961 552
552 753
3218 3477
3477 1293
3740 3212
3212 269
2844 2378
2378 601
2833 3716
3716 1492
4160 2933
2933 2205
2131 1558
1558 842
1570 3217
3217 1781
535 4311
4311 898
3892 2399
2399 4399
3791 2085
2085 4510
194 4029
4029 140
585 1265
1265 393
1477 1445
1445 2156
3399 2266
2266 1366
847 1881
1881 3556
4279 1380
1380 2830
1751 1240
1240 3549
503 862
862 2830
4161 2093
2093 3093
4005 553
553 189
3371 313
313 2168
1328 524
524 3887
619 1464
1464 4252
3530 2859
2859 2466
1393 2194
2194 2547
3614 3292
3292 2446
82 2916
2916 4006
3012 1548
1548 1997
3944 2300
2300 556
1045 1374
1374 4510
2741 1046
1046 3926
2762 4087
4087 1621
3557 4064
4064 2197
3693 905
905 1261
3252 736
736 1026
577 4478
4478 183
3343 3987
3987 35
3023 2569
2569 3611
1368 1386
1386 1902
2813 1357
1357 2779
1550 2096
2096 633
4549 3053
3053 3284
4054 66
66 661
4273 3565
3565 1300
1550 297
297 504
847 1171
1171 2547
3256 2733
2733 3007
148 925
925 412
1670 606
606 366
3658 1655
1655 1685
535 123
123 2474
2813 3401
3401 2201
503 1668
1668 2692
1705 4154
4154 3904
577 3192
3192 1959
1796 3302
3302 2939
782 3981
3981 393
961 4049
4049 3282
3256 4041
4041 898
231 1928
1928 4437
4414 943
943 2939
3992 1185
1185 3005
4054 1860
1860 3604
1700 3675
3675 1223
4451 866
866 1108
1092 361
361 1697
3343 3444
3444 4006
962 1409
1409 3838
1246 1986
1986 1913
1688 652
652 2547
2119 3631
3631 140
1079 489
489 1492
2652 362
362 1104
1339 4244
4244 2310
2064 1462
1462 2818
2964 1029
1029 2547
1266 3796
3796 4158
1045 2355
2355 547
2564 1291
1291 111
3129 3358
3358 3298
1298 3582
3582 2138
149 748
748 1942
546 1683
1683 3131
2092 1080
1080 4389
4451 3525
3525 1858
615 1931
1931 3594
3519 901
901 1534
2178 4530
4530 4381
3129 4181
4181 3291
2902 2016
2016 2684
3586 927
927 1781
4549 2483
2483 3164
847 1777
1777 2892
1215 823
823 661
3733 3531
3531 1858
1537 1101
1101 547
4054 1560
1560 4037
2131 4404
4404 3037
1410 101
101 3383
1844 3853
3853 601
3530 941
941 4441
2145 1626
1626 2540
1256 1824
1824 4437
4081 2977
2977 1081
577 2642
2642 35
170 3523
3523 1781
4436 3402
3402 3861
4452 3593
3593 1210
3064 3174
3174 269
3012 2311
2311 104
4398 966
966 3575
1079 4286
4286 1907
1589 4365
4365 3281
3734 1363
1363 3282
2667 1309
1309 3861
2902 1994
1994 2165
2178 1018
1018 1568
580 3711
3711 1345
585 3319
3319 1774
1055 858
858 1026
3849 1519
1519 2197
2178 2643
2643 2684
278 202
202 3926
878 672
672 3556
2159 2179
2179 4458
2996 3264
3264 1050
3224 2884
2884 2818
4273 1289
1289 3229
474 3077
3077 1697
2895 2025
2025 2577
3222 1993
1993 1247
4452 4164
4164 1051
669 169
169 3285
4115 4045
4045 1942
3944 3099
3099 920
4549 1586
1586 3289
503 1131
1131 111
1410 2455
2455 1007
1639 645
645 2165
3985 280
280 920
2740 3501
3501 1861
2190 2420
2420 4037
503 1094
1094 4381
1368 3228
3228 3298
82 1067
1067 1618
3273 2459
2459 2478
2625 3824
3824 1781
2312 1163
1163 3298
3733 1892
1892 3821
1177 1840
1840 189
4436 2360
2360 316
3557 2037
2037 4479
3073 3101
3101 3462
3405 335
335 386
1221 2937
2937 2402
1537 4489
4489 2452
2625 1416
1416 2138
3371 2649
2649 4091
1644 2767
2767 2310
2844 1036
1036 1366
963 1527
1527 556
1339 233
233 3305
187 1577
1577 3282
4079 4425
4425 1108
580 3774
3774 547
3557 2781
2781 3383
90 3999
3999 1103
1518 4501
4501 904
2964 1421
1421 2913
3962 3550
3550 1534
3971 470
470 743
3965 3864
3864 111
978 2788
2788 1026
4080 892
892 2309
1739 2042
2042 1492
508 3433
3433 541
3948 2028
2028 3953
878 172
172 2478
2625 1403
1403 753
782 2653
2653 2201
371 791
791 4510
503 1330
1330 1261
3342 4417
4417 2168
2696 2208
2208 1313
2655 628
628 1534
2190 2210
2210 1241
508 3250
3250 807
2936 3022
3022 4141
2308 695
695 1345
1796 2627
2627 2262
3837 4162
4162 1366
4005 1273
1273 547
4083 204
204 2830
3343 1563
1563 2664
4355 2219
2219 1203
2075 2614
2614 3788
3340 4405
4405 329
2387 4050
4050 4441
3795 3546
3546 116
3734 3548
3548 3654
4407 2117
2117 572
3557 680
680 360
2146 337
337 2692
3530 2944
2944 2779
886 3306
3306 842
2996 838
838 366
3043 1656
1656 1492
2632 2148
2148 556
961 1155
1155 142
4160 1414
1414 2345
2145 4089
4089 1203
1695 3315
3315 2892
1728 36
36 4338
4521 3617
3617 140
1189 1042
1042 2197
3948 3569
3569 572
1124 2249
2249 2674
3820 2656
2656 1746
1055 4053
4053 3075
3688 3107
3107 3861
2741 2768
2768 2165
2902 3028
3028 4141
1705 3055
3055 3861
619 3925
3925 2122
3399 3039
3039 601
1616 247
247 661
2813 2191
2191 4381
1055 1817
1817 4158
3439 2681
2681 2122
4549 604
604 2828
3371 4401
4401 807
855 4236
4236 4399
390 2873
2873 1685
3693 1040
1040 4399
2018 199
199 2310
2621 2299
2299 3063
1705 2153
2153 3007
1298 2060
2060 1902
3935 3118
3118 3760
2084 4408
4408 573
2107 2631
2631 2547
2936 511
511 329
1246 1358
1358 3449
187 2272
2272 2818
1964 215
215 2243
529 2906
2906 2474
1550 3316
3316 43
2813 1469
1469 3669
847 3233
3233 1685
1477 3142
3142 1568
3733 1129
1129 4141
149 958
958 4091
3260 685
685 1235
615 1322
1322 1241
82 1678
1678 807
619 867
867 3123
2332 2615
2615 1746
2250 4059
4059 3007
3182 3766
3766 1781
2762 1677
1677 3037
2332 1481
1481 142
4005 3062
3062 496
4080 1076
1076 418
4160 1338
1338 2409
177 4124
4124 1241
2936 3354
3354 4149
4436 3715
3715 4186
1298 1160
1160 2001
4407 2082
2082 1621
399 3835
3835 4386
2590 3200
3200 1313
94 1111
1111 84
666 1379
1379 3065
878 1859
1859 1913
1461 3503
3503 2577
597 4131
4131 2001
3528 2460
2460 2071
2422 3814
3814 1568
1766 1008
1008 1746
187 4134
4134 4381
4128 2943
2943 2040
456 780
780 1081
371 3803
3803 1366
546 500
500 2478
2756 4026
4026 2243
3256 2530
2530 3474
341 1004
1004 391
1256 27
27 3282
2190 4475
4475 2401
3734 254
254 2477
2146 2386
2386 549
3405 2417
2417 3284
1688 3079
3079 4158
148 706
706 3611
2145 2898
2898 4338
3320 612
612 366
1441 2034
2034 4149
3387 3470
3470 2852
2648 3102
3102 116
3528 1126
1126 554
1700 2714
2714 2692
3992 2938
2938 111
594 1209
1209 584
1393 2187
2187 2892
3273 3396
3396 1697
3025 4096
4096 418
3256 1197
1197 189
775 2764
2764 633
82 195
195 4038
962 1316
1316 3575
3707 70
70 1825
1796 3035
3035 2540
1570 1633
1633 333
2650 1251
1251 2197
3992 1135
1135 3005
669 1123
1123 4186
3342 3309
3309 272
666 3274
3274 2271
1221 4535
4535 3024
546 118
118 3904
3707 4566
4566 2271
1695 4238
4238 549
474 1433
1433 842
3892 1352
1352 3007
4203 3894
3894 1492
2146 1502
1502 920
1643 4174
4174 4038
1378 2232
2232 1895
546 646
646 1300
813 1877
1877 54
1141 2702
2702 155
3807 1098
1098 391
3387 327
327 3131
4521 1417
1417 4091
3707 2982
2982 4556
1410 137
137 1103
1728 2136
2136 1223
1717 2211
2211 3344
2145 4423
4423 3063
1339 1542
1542 554
2756 357
357 3760
742 376
376 2168
4414 71
71 3904
914 4242
4242 753
660 3880
3880 1275
1643 2043
2043 3229
2145 715
715 2036
3614 518
518 366
1141 1466
1466 2345
4002 2673
2673 824
1844 3532
3532 556
3253 410
410 1103
2564 3685
3685 1210
4003 2698
2698 84
1570 3081
3081 3887
4414 2354
2354 3344
2765 788
788 1345
1027 849
849 1618
2996 4292
4292 4539
868 289
289 4031
2119 475
475 1861
4082 81
81 951
2621 899
899 2852
3439 3085
3085 1568
868 2331
2331 43
1912 4193
4193 272
3807 1412
1412 1203
4414 1836
1836 1210
2833 1954
1954 2409
3172 1100
1100 4186
4265 3833
3833 1261
1028 3703
3703 2138
3971 1442
1442 3670
2064 4378
4378 2466
4079 3363
3363 189
1879 4537
4537 3344
207 47
47 1942
4160 611
611 2692
3795 4095
4095 4458
1441 2587
2587 1366
1441 1149
1149 2452
2648 4180
4180 493
1055 3435
3435 2657
2858 4266
4266 2367
1092 843
843 1313
781 1078
1078 807
3064 4469
4469 2047
3992 287
287 1210
4153 4250
4250 807
508 3805
3805 2828
4128 2501
2501 1942
3222 3997
3997 3209
4160 2929
2929 2921
2765 1280
1280 3285
2312 1405
1405 2345
4183 1632
1632 904
1943 2193
2193 4037
2131 3440
3440 2122
4452 4030
4030 391
3740 1872
1872 3131
2119 2099
2099 1235
1717 4415
4415 3575
1124 2152
2152 4091
3837 1297
1297 3075
3849 2866
2866 1406
847 2097
2097 2197
1177 1286
1286 4031
1964 1068
1068 272
914 3418
3418 95
847 3583
3583 3861
585 2017
2017 541
1003 2009
2009 140
775 3232
3232 1007
2131 1096
1096 43
1461 3951
3951 4479
3273 2340
2340 3125
923 3967
3967 1988
1589 3455
3455 1370
4281 2089
2089 584
4203 3608
3608 2947
4541 3204
3204 2828
580 1114
1114 3063
1784 379
379 2939
546 550
550 3466
2813 2785
2785 35
1472 2630
2630 549
1461 421
421 960
1705 3674
3674 386
4452 1771
1771 210
3837 3536
3536 1026
3343 517
517 1891
961 1615
1615 3065
961 4412
4412 2262
1134 2549
2549 1366
2465 62
62 2205
3340 4127
4127 4338
619 3899
3899 824
1134 382
382 189
2813 772
772 4370
1705 2842
2842 1891
4085 4004
4004 2201
3371 2878
2878 2205
1692 1181
1181 572
3529 3393
3393 1241
2281 473
473 3654
963 3544
3544 1685
4265 2126
2126 504
149 3404
3404 284
399 158
158 2205
1477 378
378 1103
1920 3538
3538 2779
2813 2031
2031 1203
4115 2761
2761 4038
2075 3893
3893 3357
535 1744
1744 1663
1246 2431
2431 2546
3066 2139
2139 3196
1079 146
146 1618
4110 1284
1284 4556
3693 80
80 2165
3795 1047
1047 2816
4005 525
525 633
660 3008
3008 1913
2032 2555
2555 1902
3519 2528
2528 107
1963 1201
1201 3164
619 874
874 1532
660 3959
3959 2262
1141 3998
3998 4381
2996 3220
3220 1026
3791 2063
2063 1685
2996 1528
1528 412
4160 576
576 2090
1079 635
635 1247
886 3757
3757 496
2667 450
450 3083
3842 3932
3932 2775
4398 441
441 2036
844 1110
1110 2271
4200 1325
1325 807
3668 1569
1569 2577
1501 219
219 2474
781 2323
2323 2692
2539 2954
2954 3088
3064 1863
1863 547
2281 2033
2033 3282
1472 1369
1369 2664
1796 3720
3720 1891
3218 4013
4013 2546
1700 3848
3848 3604
1124 686
686 3474
3273 4318
4318 2818
4079 2221
2221 4252
4082 3940
3940 107
4541 4189
4189 54
615 2601
2601 2852
2741 1874
1874 898
3842 3384
3384 541
3849 93
93 1026
798 2752
2752 210
90 2711
2711 4381
3390 3991
3991 1697
2762 3116
3116 2189
3343 913
913 41
3387 2709
2709 4389
1728 3526
3526 4481
1643 3057
3057 1223
3399 2513
2513 601
2212 2507
2507 43
2970 3072
3072 2295
341 120
120 1492
546 876
876 3575
3849 430
430 418
1189 4106
4106 3556
2648 2004
2004 4437
1389 949
949 3788
3407 2801
2801 547
1692 3304
3304 2138
4359 1113
1113 3344
1063 1500
1500 1275
1134 3463
3463 3921
3273 4073
4073 3282
278 3495
3495 3285
508 4277
4277 2540
3962 953
953 572
861 3698
3698 4109
1011 3518
3518 4510
886 665
665 4441
1044 87
87 1210
508 3419
3419 784
2159 3984
3984 3669
2970 1182
1182 3196
2895 777
777 104
1920 865
865 3838
3323 4337
4337 386
3820 4350
4350 4458
1879 304
304 251
1616 4243
4243 1026
1504 2350
2350 2942
844 422
422 4483
1700 4270
4270 4141
443 1112
1112 1902
2813 14
14 2310
1328 126
126 1247
3025 3679
3679 556
2178 3847
3847 1891
3320 1571
1571 2775
1062 1604
1604 2852
619 352
352 2939
1961 3381
3381 904
1189 852
852 2577
177 670
670 1007
3897 346
346 1568
1027 4185
4185 4158
742 2975
2975 2040
3971 2757
2757 2040
2899 1302
1302 1592
3218 4341
4341 2047
2545 4551
4551 3466
3807 1590
1590 3760
2064 1933
1933 366
2858 1229
1229 3284
508 1194
1194 393
1246 827
827 549
886 1323
1323 3670
798 1167
1167 3556
4183 4546
4546 920
1821 4283
4283 3449
1298 401
401 1261
2018 2241
2241 3921
660 936
936 95
1644 3242
3242 2540
4085 476
476 920
4359 1987
1987 716
3740 4395
4395 3005
2178 3324
3324 284
1842 2639
2639 91
546 2103
2103 2049
1963 1319
1319 716
2902 4012
4012 1902
4081 3160
3160 1293
4080 2626
2626 140
1739 2730
2730 3083
2222 427
427 2921
194 4288
4288 4389
1844 4284
4284 54
2996 1082
1082 1981
1912 697
697 84
2250 2903
2903 1247
3407 452
452 699
388 2935
2935 1990
3614 3103
3103 3462
861 2278
2278 4441
3920 2303
2303 386
4436 144
144 142
798 1310
1310 1861
978 1024
1024 2939
3948 78
78 3821
207 3424
3424 898
2064 328
328 1861
2190 1666
1666 155
2131 3334
3334 54
660 181
181 2547
3387 3215
3215 1261
3340 3640
3640 1103
3480 1649
1649 3604
3438 783
783 4510
456 1894
1894 3594
2740 4427
4427 2090
1055 2371
2371 3037
1695 4388
4388 1275
90 2426
2426 2546
1266 1686
1686 4038
844 4258
4258 3604
813 1951
1951 1618
914 2845
2845 3449
312 396
396 3792
1256 950
950 3037
4205 4116
4116 3096
69 3851
3851 3792
1441 4313
4313 2138
4005 2894
2894 3827
1392 3136
3136 91
3700 882
882 3827
1509 2865
2865 3065
660 3293
3293 1103
3343 1991
1991 3196
4200 2369
2369 2674
1055 1965
1965 104
503 676
676 3549
2667 2404
2404 2271
288 2538
2538 3131
3343 4035
4035 2295
1700 2876
2876 2852
4083 3504
3504 2684
2119 4130
4130 4149
3965 4170
4170 284
4279 2030
2030 1007
1501 4175
4175 1223
3011 1034
1034 3093
474 888
888 2477
2740 2195
2195 699
1616 2914
2914 572
2740 102
102 3282
2092 2586
2586 140
312 3855
3855 272
962 2013
2013 4370
1460 1220
1220 3229
1982 1475
1475 111
1513 4052
4052 1685
149 3426
3426 1942
1982 3452
3452 2657
3340 608
608 1697
148 2862
2862 549
546 274
274 3821
288 1402
1402 2345
1961 1958
1958 142
3011 3970
3970 91
1844 1233
1233 1981
4128 3735
3735 3821
3530 52
52 4539
1700 2802
2802 1103
389 1009
1009 3229
3012 385
385 4441
2282 1631
1631 4556
2387 4019
4019 2271
3700 2580
2580 2138
4323 150
150 1746
1246 3087
3087 2674
3108 514
514 2475
2946 2504
2504 1988
886 197
197 3164
3369 191
191 39
781 4372
4372 116
1441 3786
3786 2939
3340 2739
2739 4458
4183 3472
3472 2071
2190 4056
4056 4399
1506 2398
2398 2477
1062 3020
3020 3887
2817 17
17 1026
1028 4509
4509 2348
3073 683
683 1997
1821 2204
2204 1858
4183 1156
1156 1492
3025 744
744 2684
4003 895
895 2310
3988 4078
4078 1210
886 127
127 3594
1389 698
698 521
3688 3652
3652 2692
4398 562
562 4483
1943 3104
3104 412
1311 292
292 1345
207 153
153 2477
2813 2665
2665 1913
3791 2046
2046 2913
1311 110
110 3953
978 1923
1923 2138
4079 1326
1326 1103
614 4520
4520 4557
4160 2849
2849 4437
3273 746
746 4441
278 2029
2029 1861
1298 822
822 2499
546 4486
4486 4249
1328 4456
4456 1534
2995 2021
2021 1913
1501 819
819 3065
2159 3778
3778 1774
3405 429
429 549
574 864
864 1891
4279 3479
3479 2692
2282 1962
1962 1300
4329 875
875 2368
1259 872
872 39
3979 3596
3596 4090
1287 406
406 43
775 434
434 3075
2422 713
713 1279
4079 2319
2319 2409
231 156
156 2913
782 113
113 4386
1460 3171
3171 43
2376 3352
3352 1313
2080 1305
1305 2775
2839 2492
2492 3604
503 3983
3983 1050
347 2293
2293 4441
535 3181
3181 3289
1854 1533
1533 2401
1215 2541
2541 753
2895 1613
1613 1103
3371 3468
3468 496
2250 2874
2874 4038
2312 1716
1716 2168
1700 4382
4382 3196
1821 4206
4206 4338
1513 1749
1749 1235
1011 4545
4545 3007
288 2353
2353 2401
2064 4508
4508 2577
3519 1496
1496 4389
2281 4552
4552 572
177 4261
4261 1907
3668 1093
1093 1050
4517 2841
2841 3344
3390 1153
1153 1902
1644 3341
3341 2368
4414 2807
2807 4031
1688 2116
2116 3075
3693 3567
3567 91
2996 3508
3508 3669
2119 2110
2110 3093
4002 45
45 3037
4226 1395
1395 753
4080 4534
4534 4149
3528 1
1 2348
2387 1013
1013 1275
3530 4353
4353 3549
1763 3423
3423 1981
1055 3947
3947 1051
2119 639
639 272
668 1278
1278 41
798 160
160 183
1537 1142
1142 1913
2387 1239
1239 2474
868 2646
2646 366
3971 2804
2804 573
1501 2963
2963 285
4166 4195
4195 753
1472 1949
1949 210
3842 957
957 1621
4521 3313
3313 554
1441 484
484 1774
231 2220
2220 2090
1518 2597
2597 1235
1011 4559
4559 3669
2564 3949
3949 4338
3343 1072
1072 269
3340 440
440 2138
3222 1811
1811 1223
914 1556
1556 3462
4398 3219
3219 1050
1550 2746
2746 210
1964 4088
4088 3654
1998 568
568 1279
2282 4197
4197 4186
3920 1420
1420 412
1943 1648
1648 3196
82 1925
1925 3125
1501 1032
1032 521
666 2010
2010 4389
594 2869
2869 1108
3256 4253
4253 4386
529 1652
1652 391
3438 558
558 661
597 331
331 2367
4355 947
947 699
855 3332
3332 1241
861 4343
4343 2452
4135 1813
1813 1007
1341 4169
4169 3024
69 3846
3846 1907
1506 536
536 3953
1392 2217
2217 3075
4083 4122
4122 3037
863 2556
2556 2664
1784 3337
3337 1261
3529 4061
4061 3792
347 2437
2437 2394
3734 1804
1804 2001
371 1106
1106 1275
3439 999
999 1618
4110 3974
3974 2295
2234 3683
3683 3654
955 3645
3645 418
1266 3031
3031 4090
2833 3780
3780 3594
1063 3664
3664 1247
3012 1897
1897 3024
3849 2472
2472 3474
3407 1704
1704 4090
1821 1238
1238 1210
535 1161
1161 541
1389 2430
2430 1213
2765 893
893 547
863 4540
4540 2775
1389 1109
1109 360
3530 4354
4354 2775
2655 4256
4256 284
1509 2871
2871 1492
4436 1383
1383 333
3405 2444
2444 3201
2696 1713
1713 1050
2443 3585
3585 2295
886 1753
1753 329
4216 136
136 3010
2696 318
318 1241
1392 2315
2315 1104
4359 4349
4349 2684
597 709
709 2499
2621 2002
2002 418
1688 2663
2663 3926
2018 121
121 1532
4407 3491
3491 496
2826 4554
4554 4149
3387 413
413 3383
3707 2224
2224 1990
2946 2209
2209 2913
3791 708
708 3093
2667 2574
2574 1104
3791 2706
2706 4437
3688 2421
2421 1825
399 2918
2918 2939
1141 1212
1212 493
4281 275
275 3229
4273 2160
2160 4037
3820 4402
4402 412
3390 3975
3975 3283
4216 712
712 1081
1763 1853
1853 2262
4319 3572
3572 920
2190 3481
3481 3575
666 2400
2400 329
3519 145
145 1103
1943 2240
2240 1974
2545 3054
3054 1223
2902 1400
1400 1697
3323 3277
3277 2409
3129 3871
3871 2310
3122 1937
1937 1907
474 2072
2072 824
2756 4033
4033 3462
1368 354
354 272
456 4360
4360 920
1643 2055
2055 4252
1763 2124
2124 2942
535 3954
3954 2446
1639 632
632 1104
3944 4455
4455 2071
2190 4368
4368 3669
2895 355
355 4091
1215 1880
1880 2478
3387 3648
3648 3449
4005 426
426 2197
4183 2154
2154 1104
614 1868
1868 4031
4521 3878
3878 43
4542 890
890 3088
1509 2599
2599 3291
1705 3799
3799 2090
2119 4255
4255 1293
3920 3509
3509 4109
2539 4218
4218 2674
1028 526
526 4458
1477 3432
3432 4441
4082 4393
4393 2001
399 1207
1207 2499
170 19
19 2830
456 222
222 2939
798 2324
2324 107
231 1432
1432 91
4110 332
332 3904
1460 3262
3262 3474
2899 2868
2868 3056
1770 796
796 1774
1028 3259
3259 360
1551 2448
2448 904
3369 1307
1307 2271
4054 72
72 1959
2625 4120
4120 1058
4414 3666
3666 842
2946 2451
2451 898
3693 659
659 1861
692 4066
4066 366
2080 2073
2073 3575
3371 3818
3818 951
3066 448
448 84
3438 642
642 1685
2756 3634
3634 554
3992 989
989 2775
3992 2457
2457 3921
148 3524
3524 1592
2826 2286
2286 1988
399 321
321 2540
3791 3900
3900 4510
700 2003
2003 3904
615 3070
3070 2295
4085 2053
2053 4149
4281 1488
1488 4109
1221 3205
3205 4483
2632 373
373 2409
1854 1480
1480 1825
2064 739
739 2189
4279 3240
3240 2049
1982 2015
2015 1618
742 1866
1866 1734
3693 305
305 3075
1751 3237
3237 1568
1982 800
800 210
2762 2149
2149 4186
2559 1041
1041 2657
4153 2687
2687 35
2667 4392
4392 1734
3795 2887
2887 333
2376 3964
3964 1103
1842 974
974 1959
1912 811
811 4381
399 119
119 2818
3064 2784
2784 1279
961 3092
3092 2818
456 268
268 1247
347 3175
3175 556
1092 3571
3571 3281
2813 2755
2755 4556
868 4077
4077 3474
546 2825
2825 547
1982 4473
4473 3670
3849 3082
3082 4141
1695 1635
1635 2921
2080 203
203 142
3108 487
487 2870
2376 2668
2668 3005
2084 3378
3378 2001
4541 4462
4462 391
1189 3710
3710 4149
3066 2800
2800 1685
614 3709
3709 2348
1871 324
324 2657
1368 1154
1154 3298
1393 4151
4151 1406
1705 1526
1526 3594
4436 2111
2111 4249
1472 1617
1617 1370
2376 2370
2370 3131
4183 4567
4567 91
861 3667
3667 2921
4128 1638
1638 3556
3920 1060
1060 1058
1441 770
770 898
4407 3216
3216 2474
3767 2102
2102 1261
4514 1334
1334 272
1393 3416
3416 3209
1531 2051
2051 412
1717 1579
1579 1235
2826 494
494 3838
2826 2384
2384 2779
3688 4111
4111 2830
4436 55
55 1618
3519 793
793 2402
4003 3717
3717 2981
4085 3902
3902 4109
4160 3881
3881 1492
1339 3310
3310 1275
1003 4467
4467 2049
1259 227
227 3760
1643 4233
4233 3284
2564 3461
3461 3088
2995 967
967 4481
1766 3806
3806 2036
3992 4300
4300 2243
1961 1456
1456 2664
4323 2958
2958 1058
3273 1064
1064 633
3613 3094
3094 1997
4005 3993
3993 2554
577 3225
3225 269
2107 3702
3702 3804
1393 2689
2689 2262
347 1150
1150 699
3586 4290
4290 2165
1138 213
213 4038
1961 106
106 3007
2762 2697
2697 1448
1692 2973
2973 3604
4002 2727
2727 3760
3407 2235
2235 2664
148 1536
1536 2197
1717 575
575 2942
2995 2641
2641 3284
225 4490
4490 2892
3438 3447
3447 1058
1821 2252
2252 1902
2131 1756
1756 284
3182 409
409 2939
4110 2463
2463 556
2682 1694
1694 2852
1821 2133
2133 140
3342 644
644 4458
390 648
648 3449
1796 769
769 3196
207 1816
1816 3088
782 3877
3877 2189
1028 3027
3027 111
2564 3445
3445 3125
2756 2022
2022 1781
456 238
238 4539
3064 1061
1061 784
3273 4336
4336 4539
456 997
997 504
4005 3155
3155 41
1256 3097
3097 3056
4160 4268
4268 2138
3944 2588
2588 3093
1221 1262
1262 1366
1215 1276
1276 504
1378 260
260 111
1079 2291
2291 4557
1246 237
237 3953
1378 2488
2488 2466
3837 185
185 1861
2817 159
159 210
3529 1608
1608 1293
3108 3592
3592 2001
1589 23
23 2499
798 4550
4550 2775
3256 2920
2920 1774
1256 1121
1121 3209
2826 1454
1454 3096
4166 663
663 2921
3668 3566
3566 807
170 4282
4282 3826
2762 3657
3657 3462
4517 880
880 269
3820 3612
3612 549
700 737
737 1213
2844 317
317 333
3273 40
40 3549
2422 3002
3002 4483
2826 1318
1318 1241
923 2974
2974 41
1378 1077
1077 2981
3519 1482
1482 584
1460 795
795 699
1504 4366
4366 2090
4549 1090
1090 2981
3066 2998
2998 210
1513 956
956 1746
194 1852
1852 3921
4216 2393
2393 3827
2970 3203
3203 716
4135 4098
4098 4458
231 3870
3870 1997
3405 2971
2971 1774
3962 2199
2199 3283
1124 2814
2814 1448
2146 3169
3169 633
1509 2012
2012 2001
1507 932
932 3953
4517 4317
4317 1997
194 1021
1021 210
1700 2485
2485 3549
2032 1425
1425 1907
2964 3945
3945 316
1616 1429
1429 504
2119 4058
4058 4557
3320 3922
3922 1592
4183 1737
1737 3821
813 2992
2992 4141
2145 3429
3429 547
861 3607
3607 107
3390 688
688 183
1964 567
567 601
669 820
820 1907
3343 3845
3845 3063
4355 3879
3879 95
1705 4495
4495 4481
3323 132
132 3285
4216 792
792 521
1246 1375
1375 2047
3439 1978
1978 4437
585 1952
1952 4458
1504 1437
1437 1081
4273 3753
3753 3075
4203 2593
2593 743
4079 4344
4344 140
1368 2397
2397 2309
3012 3382
3382 39
4081 690
690 2499
2539 457
457 3926
3842 4463
4463 4539
94 3478
3478 4090
3387 374
374 633
1717 987
987 1492
3369 2993
2993 2049
1461 25
25 3953
1044 398
398 1988
4451 1757
1757 4441
388 1603
1603 3474
1311 3911
3911 1913
94 2359
2359 2816
1011 1637
1637 4338
4265 3338
3338 418
1393 480
480 2816
1766 2358
2358 920
1700 638
638 2664
3387 138
138 2036
2092 4068
4068 3010
692 3488
3488 3083
288 279
279 4158
2762 3512
3512 3921
669 2411
2411 1981
1215 3180
3180 541
1821 2728
2728 1247
4200 3928
3928 2664
2858 294
294 4031
2936 1175
1175 3575
4541 3722
3722 2345
782 1418
1418 3281
2387 3754
3754 1825
3043 2357
2357 1261
194 1484
1484 521
231 2516
2516 4038
3253 3769
3769 2554
962 1119
1119 3575
3387 760
760 2475
2092 1984
1984 3093
782 588
588 1774
2308 1611
1611 1051
3182 1169
1169 2852
1728 1862
1862 1406
2084 1471
1471 1621
1784 255
255 3311
3820 3052
3052 824
2650 2567
2567 1988
914 2167
2167 1203
1461 348
348 2367
1561 2056
2056 3123
1796 4192
4192 1568
3182 2930
2930 1366
2741 4488
4488 3311
2119 3915
3915 3792
1177 125
125 3921
2667 2919
2919 3096
700 2583
2583 2852
4407 2819
2819 393
1871 29
29 2981
3224 220
220 4458
1092 1760
1760 91
3557 1354
1354 584
1011 3044
3044 493
2996 428
428 2547
3407 2388
2388 4381
2740 4
4 3123
4080 4430
4430 699
2222 4443
4443 3462
207 831
831 3921
4110 4497
4497 2394
3323 1457
1457 3037
1751 497
497 1697
3733 2172
2172 1275
1943 3000
3000 1592
2839 3003
3003 316
399 3812
3812 2477
1378 3517
3517 2546
456 2074
2074 2499
1943 3502
3502 3953
2833 1802
1802 4168
2899 3372
3372 3083
3897 1848
1848 1051
347 122
122 807
1215 4025
4025 3611
1844 2275
2275 743
3222 3415
3415 1313
82 1408
1408 4510
2064 3996
3996 2870
341 3166
3166 4389
3218 3206
3206 333
1368 2510
2510 898
4085 3765
3765 3005
3108 779
779 84
4166 1333
1333 3125
577 1299
1299 2205
1221 1559
1559 584
668 141
141 2684
2545 2834
2834 284
3260 2638
2638 556
2032 3105
3105 2475
2590 1719
1719 1026
2376 343
343 2036
2190 2077
2077 3093
2564 1205
1205 1247
82 1438
1438 2334
844 2856
2856 493
82 1283
1283 824
1550 1970
1970 2554
955 3154
3154 743
2902 1353
1353 743
978 4210
4210 3065
3025 3009
3009 951
781 2132
2132 1203
2936 2732
2732 3760
961 1768
1768 2554
1461 3822
3822 284
2858 2490
2490 2892
1912 4476
4476 107
2080 3487
3487 116
1368 4272
4272 1988
4128 1446
1446 2779
798 3199
3199 391
1215 2244
2244 2809
2621 3195
3195 3285
2281 906
906 4381
3586 461
461 412
4183 3138
3138 2692
1879 1827
1827 4141
3108 3909
3909 333
1879 2712
2712 1685
668 2811
2811 2168
775 1924
1924 2047
1011 1474
1474 2499
4281 2926
2926 116
3985 3955
3955 824
3992 48
48 1781
1177 3764
3764 3669
149 3601
3601 1697
844 4259
4259 4186
3842 2867
2867 41
3734 3869
3869 556
3323 1691
1691 2036
4452 2575
2575 3283
4407 2318
2318 2071
1055 1645
1645 183
3064 3732
3732 1210
1963 4138
4138 393
1011 1023
1023 1621
3438 848
848 3462
1472 1037
1037 1981
781 157
157 4556
4079 2344
2344 2243
4265 1070
1070 554
2376 4231
4231 2775
1506 3867
3867 3123
341 1511
1511 3010
2996 3510
3510 4149
4183 4084
4084 3861
2833 34
34 3594
1561 2481
2481 3056
4002 935
935 284
3985 2112
2112 4091
3253 3497
3497 573
1961 3994
3994 2310
1767 4034
4034 1051
4082 2414
2414 2201
3260 2259
2259 1988
1477 1693
1693 2466
2839 3019
3019 716
3528 1447
1447 4252
2443 785
785 3056
2946 1455
1455 3298
456 745
745 2809
4414 622
622 2243
1688 1143
1143 4038
813 3659
3659 3229
194 687
687 1108
1259 2744
2744 4006
3320 4342
4342 3010
3740 2669
2669 360
2443 4219
4219 2348
2032 1483
1483 1210
4183 4069
4069 504
1189 2544
2544 3826
4514 649
649 366
844 605
605 743
3253 1376
1376 4090
798 2113
2113 1313
1920 3061
3061 3670
2895 336
336 35
3962 112
112 3311
2632 4345
4345 284
3387 1793
1793 2409
2667 3632
3632 3083
1392 2986
2986 2201
4203 2395
2395 1861
2655 921
921 493
3688 4043
4043 3575
1796 1612
1612 2036
615 1602
1602 4037
474 3190
3190 142
4514 1015
1015 1774
1705 2840
2840 3209
580 2889
2889 3305
2564 3453
3453 3283
1504 1423
1423 1781
371 3843
3843 3760
1763 2738
2738 556
700 2941
2941 4006
4115 4132
4132 2830
782 4326
4326 3926
3323 3176
3176 4109
546 444
444 3123
2936 1361
1361 2348
1705 218
218 2262
1784 3167
3167 601
4407 442
442 960
4200 959
959 3096
2844 4150
4150 504
1221 1122
1122 329
388 4387
4387 3063
2212 4017
4017 210
2682 2570
2570 2547
2308 1244
1244 91
2970 26
26 4458
1513 1956
1956 1568
2995 3552
3552 3474
1215 752
752 2189
782 4547
4547 3344
1964 2095
2095 2540
529 871
871 1448
3688 1085
1085 3282
288 3221
3221 1781
3399 758
758 1618
69 2458
2458 2049
1062 3602
3602 2852
1045 246
246 2947
2590 2468
2468 2446
231 330
330 3063
82 3307
3307 3063
1964 3697
3697 104
187 3045
3045 2071
1328 3040
3040 2168
2995 513
513 2402
3122 801
801 4483
961 952
952 496
288 2078
2078 1781
1998 1422
1422 1279
3519 3208
3208 496
666 1755
1755 2345
3182 2508
2508 2577
3320 2383
2383 2478
1368 519
519 572
3935 74
74 3065
2964 1690
1690 2047
2443 3146
3146 2939
1045 2202
2202 3093
1639 1017
1017 541
1138 3527
3527 1781
177 4247
4247 3229
1501 1972
1972 1942
1879 2910
2910 4557
3935 3235
3235 2870
1509 3865
3865 1697
2190 773
773 3887
1504 2822
2822 4557
3012 3511
3511 2692
1328 73
73 2409
2234 3276
3276 1981
3519 2558
2558 2554
3172 1782
1782 2309
546 1195
1195 2540
3253 4173
4173 3007
692 2644
2644 2334
149 3060
3060 2394
1509 2101
2101 4158
1963 3888
3888 898
1871 2713
2713 3449
4359 1136
1136 210
1570 2454
2454 2205
914 3140
3140 1203
2222 2637
2637 3005
3944 3270
3270 95
3025 2691
2691 2401
194 1709
1709 4252
597 4562
4562 3284
2146 4140
4140 3821
1339 2512
2512 2446
2621 2185
2185 1345
878 3147
3147 3311
1339 2058
2058 2477
844 1918
1918 116
3263 1572
1572 3285
371 3004
3004 3093
1643 3939
3939 3670
4436 1832
1832 3926
2539 3929
3929 2852
4329 1059
1059 4249
1256 930
930 2047
3586 732
732 140
878 771
771 2452
3529 3874
3874 2345
2539 3247
3247 140
3688 1225
1225 4370
3253 2307
2307 2921
161 3834
3834 269
1410 1317
1317 3474
4521 345
345 333
4166 3819
3819 285
3369 353
353 1492
3260 1211
1211 2870
1027 711
711 2478
4160 2680
2680 601
3992 3261
3261 4479
955 1282
1282 3311
4110 4544
4544 2657
2250 2551
2551 333
1537 2863
2863 3792
3944 1248
1248 4006
3256 286
286 1891
2844 1834
1834 4437
3530 9
9 2345
2212 3775
3775 3285
2895 1908
1908 1247
529 3755
3755 2402
1550 3431
3431 1293
2282 314
314 547
225 1033
1033 3209
3528 3559
3559 95
161 2666
2666 1861
863 2143
2143 269
2281 188
188 3669
1221 1125
1125 4399
1964 1465
1465 2554
4005 4055
4055 2122
2655 1351
1351 91
1011 4251
4251 2367
3390 2812
2812 3305
1640 253
253 4483
878 3917
3917 496
503 2959
2959 3953
2443 640
640 1026
4226 3961
3961 920
69 4306
4306 2262
4323 4165
4165 3291
2312 8
8 960
3820 3467
3467 699
3892 1497
1497 2334
1770 2763
2763 2674
4329 258
258 2664
456 1308
1308 1942
4082 2612
2612 95
861 2322
2322 1051
1537 4285
4285 3953
3971 954
954 2168
962 471
471 4510
692 3145
3145 3282
4436 4454
4454 699
2018 3458
3458 2554
529 2997
2997 3654
1410 2333
2333 3357
4161 1878
1878 2554
2282 2677
2677 2830
2312 589
589 2474
1518 1450
1450 2657
2281 2693
2693 269
4549 4070
4070 2554
863 2519
2519 1345
2222 3695
3695 2348
3837 1234
1234 140
1339 4067
4067 1492
1739 3368
3368 3466
1055 4480
4480 3125
2590 4142
4142 960
855 2147
2147 556
3066 4511
4511 1734
3218 2351
2351 4249
2018 1231
1231 3083
2032 3451
3451 1279
1751 630
630 1223
813 2690
2690 155
3439 2776
2776 633
660 4028
4028 2001
2234 166
166 1891
668 2951
2951 3201
3734 2572
2572 2049
3529 2108
2108 1058
1751 1281
1281 3285
2190 3862
3862 496
3043 1184
1184 2554
4002 1953
1953 2892
82 16
16 43
4398 3553
3553 1235
2625 2707
2707 1974
3979 836
836 3344
3224 1791
1791 35
580 1764
1764 2942
389 3745
3745 1697
4115 4076
4076 2475
2032 911
911 1210
474 1738
1738 3556
231 1741
1741 142
1844 3494
3494 140
4549 2773
2773 2168
1943 3759
3759 1406
3222 2339
2339 3283
4226 1594
1594 4510
1688 3197
3197 1081
4279 1198
1198 2262
1410 3817
3817 1275
4110 1671
1671 4090
94 198
198 1781
529 3230
3230 4090
668 1327
1327 104
2131 3143
3143 4109
2222 2803
2803 3654
782 2534
2534 4031
3387 4442
4442 4149
4436 3016
3016 2692
148 757
757 4370
2899 1870
1870 824
69 1355
1355 3075
1998 3297
3297 2309
577 2216
2216 3921
878 1838
1838 2345
1739 1657
1657 4386
4079 2228
2228 2947
474 1478
1478 3556
4517 602
602 3209
1044 786
786 3575
4521 1884
1884 3604
2833 1329
1329 1734
3043 2505
2505 3229
3253 394
394 2197
2312 1566
1566 2466
2762 3078
3078 2474
798 1312
1312 1213
1339 2094
2094 284
3252 870
870 3289
1027 299
299 2830
3971 2253
2253 3282
4452 1522
1522 285
1639 2091
2091 3760
177 217
217 4458
4081 2808
2808 1746
1692 1794
1794 84
1688 3603
3603 2394
3820 2766
2766 3088
1705 154
154 4370
574 667
667 3792
1767 454
454 4141
1531 326
326 493
225 2268
2268 1103
1871 4062
4062 1275
3064 1736
1736 1108
3791 3321
3321 2368
2877 1342
1342 2334
1763 2418
2418 2635
2131 4123
4123 1081
3985 469
469 2201
1044 2158
2158 3281
3897 3655
3655 2036
4281 2579
2579 1988
4281 1591
1591 3821
535 1773
1773 4091
1763 1387
1387 54
4083 2086
2086 960
1092 4269
4269 2870
1767 2279
2279 1051
847 4431
4431 2348
4216 2835
2835 1007
3971 4526
4526 2040
1796 1494
1494 1858
4081 4022
4022 189
1518 662
662 504
1461 2441
2441 1108
2625 841
841 3063
1767 4223
4223 784
2281 1253
1253 2870
3948 2442
2442 4141
2178 1274
1274 95
861 1985
1985 2001
1368 2515
2515 496
2539 3966
3966 1370
4203 2218
2218 35
878 726
726 3670
4541 2061
2061 39
4183 2885
2885 3604
3985 3677
3677 554
2655 2829
2829 1275
4160 2026
2026 4389
3530 981
981 3284
798 4224
4224 3093
3108 1674
1674 3229
4414 689
689 904
1055 3678
3678 2001
4115 3193
3193 1618
1964 367
367 1907
161 449
449 2309
1998 33
33 1781
1763 2777
2777 824
1189 1443
1443 633
2545 4447
4447 4510
1259 600
600 1345
3252 2720
2720 3904
2817 340
340 2540
1551 1479
1479 3926
4414 3400
3400 3804
4003 579
579 1108
4359 3336
3336 3887
1963 2745
2745 2452
3979 2605
2605 3926
1844 4397
4397 3298
3897 2497
2497 35
3837 3646
3646 3594
668 2098
2098 3125
3252 2611
2611 3821
4161 964
964 1592
4273 2927
2927 898
1728 3852
3852 2547
4323 1264
1264 584
3253 1140
1140 1618
149 1867
1867 2474
1003 3238
3238 3575
1138 1431
1431 3093
1134 4145
4145 496
3985 1320
1320 111
3613 3535
3535 142
1506 4239
4239 4109
955 1001
1001 3575
614 595
595 1621
3182 3486
3486 3125
2740 283
283 418
1460 1976
1976 2540
2964 3198
3198 2071
4265 883
883 2402
4005 2081
2081 1050
775 754
754 3056
1705 3644
3644 4252
577 1708
1708 95
3340 1710
1710 4386
1392 370
370 3792
1003 2380
2380 3804
2281 623
623 496
4355 532
532 1261
844 1002
1002 3209
2559 1549
1549 3289
1028 3790
3790 2036
207 965
965 521
2559 2799
2799 104
1341 3015
3015 898
390 1371
1371 1492
2995 970
970 3575
94 3825
3825 2189
3842 995
995 1261
2145 2731
2731 183
4128 2327
2327 2921
2190 1992
1992 1861
2590 4310
4310 3594
1079 674
674 4158
3066 1696
1696 824
1441 2710
2710 1213
1328 591
591 1891
4226 3326
3326 4539
886 4464
4464 556
1177 720
720 84
2443 114
114 3357
1844 1835
1835 284
4216 1606
1606 4249
3897 130
130 4510
390 3952
3952 842
668 2413
2413 1861
3342 1382
1382 898
4079 885
885 3594
1055 3226
3226 2262
4319 4235
4235 549
149 3699
3699 3462
1509 293
293 1345
1998 3074
3074 316
3530 1270
1270 951
4323 3873
3873 1293
3369 1364
1364 4386
187 416
416 111
4085 643
643 3291
2545 291
291 2295
1770 165
165 3037
2756 728
728 1990
4281 425
425 360
1124 4099
4099 418
503 984
984 2165
1770 1397
1397 2309
3260 1573
1573 4158
1561 2035
2035 920
288 2296
2296 4479
1011 3898
3898 251
1616 79
79 1907
3688 2662
2662 2830
4521 424
424 3357
4452 2480
2480 84
1063 364
364 2852
4135 988
988 2852
535 4301
4301 1891
4002 1249
1249 3669
1266 2735
2735 2816
1705 1775
1775 3357
1389 1116
1116 4252
614 3245
3245 2692
4205 2329
2329 316
861 1786
1786 2271
2080 414
414 573
4002 2670
2670 1293
1298 3626
3626 3093
3439 168
168 2156
177 4419
4419 554
3948 13
13 107
1739 4498
4498 2852
1879 3360
3360 898
4407 512
512 3311
4183 2494
2494 41
3767 4460
4460 3123
2145 3956
3956 4458
2190 368
368 4141
2212 4108
4108 2816
3807 4334
4334 2036
2682 1557
1557 824
3182 1654
1654 4091
4541 3271
3271 898
1766 2503
2503 4168
855 1646
1646 1050
1982 1575
1575 2816
2222 3268
3268 2049
1912 896
896 2852
1328 821
821 4557
3920 637
637 2122
4110 4327
4327 183
3693 2109
2109 3056
3688 3361
3361 391
2655 466
466 3466
3342 3322
3322 4483
1266 1886
1886 1313
1215 1595
1595 360
2995 3908
3908 2477
4549 3647
3647 360
3668 3910
3910 493
813 4044
4044 3123
2762 1243
1243 2809
955 3561
3561 2684
2682 351
351 1108
594 1699
1699 951
3064 835
835 3311
1246 607
607 2189
1506 216
216 4386
923 3513
3513 496
1141 2039
2039 1370
2119 3995
3995 2540
1570 2006
2006 1592
1751 3811
3811 4090
878 564
564 1275
3390 3844
3844 1685
2995 2374
2374 3953
2146 4312
4312 2870
1550 1388
1388 3826
3224 465
465 2477
2559 3156
3156 2394
535 4298
4298 541
2190 766
766 1858
1688 3030
3030 1913
1328 2886
2886 3024
3108 3436
3436 2577
886 3018
3018 1568
3897 837
837 1210
3343 3564
3564 284
1767 28
28 3804
399 4411
4411 2197
2696 2427
2427 743
963 929
929 2243
1215 3047
3047 521
1639 2972
2972 4006
1045 3042
3042 269
3740 3279
3279 3670
4323 1636
1636 4252
1141 4155
4155 2475
3962 3288
3288 2818
1518 1467
1467 3298
2667 359
359 3209
2946 1428
1428 111
347 1343
1343 2122
2145 527
527 3131
1644 3969
3969 1891
863 1574
1574 3953
4226 1731
1731 807
2652 655
655 743
3668 2594
2594 4109
3948 1296
1296 3088
170 3934
3934 1058
1246 2548
2548 1568
4521 3570
3570 2071
4319 2523
2523 547
615 211
211 1746
1055 3989
3989 3838
3222 928
928 3201
1670 1190
1190 842
700 3144
3144 2201
4279 1720
1720 753
4216 3420
3420 3669
3390 2616
2616 3357
2387 829
829 1568
1643 2215
2215 285
207 2406
2406 2775
4081 1552
1552 1534
3668 718
718 2309
4161 1543
1543 716
1844 3266
3266 4149
3693 2068
2068 2138
1287 1178
1178 1592
2465 3115
3115 1275
3256 1882
1882 4031
1410 4563
4563 4389
231 307
307 4539
2190 1628
1628 269
3438 1346
1346 1203
3399 854
854 183
1328 4335
4335 3283
3528 3968
3968 1279
580 2366
2366 3604
161 2416
2416 140
3371 1242
1242 3792
4216 3448
3448 2942
844 696
696 2345
1705 1398
1398 4483
1341 618
618 1058
4279 3813
3813 2409
529 2385
2385 2156
2018 3021
3021 4386
148 38
38 1990
1506 3353
3353 541
1920 1271
1271 2942
1504 542
542 3904
1461 2837
2837 1534
3320 1435
1435 4252
4081 1257
1257 2478
847 2407
2407 3291
3519 2381
2381 3283
1460 4101
4101 3549
3323 2509
2509 4386
1339 4221
4221 2090
3688 2229
2229 573
288 3139
3139 393
3224 1269
1269 1213
580 4383
4383 2664
3387 276
276 572
923 400
400 3305
3897 1919
1919 3887
1643 4204
4204 2345
3992 1765
1765 84
3586 1966
1966 1293
187 1578
1578 3804
2655 566
566 951
1770 679
679 4386
2332 464
464 2981
668 3558
3558 2409
1027 236
236 3926
546 4276
4276 2090
4183 3392
3392 3164
4183 3662
3662 1223
1509 2753
2753 3953
69 3493
3493 3305
3693 109
109 2334
585 162
162 3164
2190 2742
2742 3383
2250 1599
1599 3209
577 1707
1707 393
1141 516
516 285
2985 881
881 2156
1871 174
174 2828
278 485
485 960
844 3135
3135 3131
1063 2557
2557 2401
3253 755
755 2775
4517 4287
4287 3096
1763 3265
3265 1492
1982 2705
2705 1241
3480 1043
1043 3611
4359 4159
4159 2547
574 581
581 2684
4514 1396
1396 4381
3371 3841
3841 4483
1640 1071
1071 95
2190 1805
1805 1104
863 2994
2994 4510
781 2857
2857 3575
4329 3605
3605 951
3962 946
946 2049
1124 1776
1776 2122
700 4182
4182 807
278 3578
3578 3861
1063 4209
4209 366
1298 2302
2302 3285
1177 4457
4457 699
1964 1703
1703 743
700 3163
3163 2165
456 505
505 2547
2159 3335
3335 2189
1531 2170
2170 418
1177 4522
4522 4186
1266 2905
2905 2664
2250 2343
2343 4141
1537 2893
2893 272
1589 4229
4229 2981
1259 42
42 4441
1328 3643
3643 2367
978 693
693 1104
2740 2462
2462 1051
2107 1605
1605 3449
3012 3598
3598 1247
2387 2214
2214 3037
3842 467
467 2852
3023 407
407 4091
1311 1394
1394 4437
1259 1349
1349 84
3528 3635
3635 2165
3222 1826
1826 2345
177 1929
1929 84
4319 3498
3498 4091
4265 3428
3428 1366
3252 1217
1217 2852
288 4492
4492 2001
1460 3916
3916 1103
1506 492
492 2367
3342 2759
2759 1781
2312 1193
1193 2818
1504 2966
2966 2047
371 2850
2850 4031
1092 3041
3041 2309
3043 3615
3615 2554
3023 2123
2123 3792
3387 910
910 2913
69 37
37 1858
2632 998
998 1997
1982 815
815 2635
194 3768
3768 272
1751 1634
1634 4338
1441 1798
1798 393
1461 3026
3026 753
1472 2337
2337 1007
4265 263
263 2921
1189 2623
2623 2189
1531 499
499 2205
3108 4377
4377 3285
3182 1896
1896 3904
1003 4146
4146 4381
1079 2364
2364 316
1124 1521
1521 3282
2902 1473
1473 4386
3740 4374
4374 95
3795 3919
3919 2049
3519 2890
2890 95
886 1202
1202 1974
2765 3776
3776 1406
1287 2067
2067 1997
2282 944
944 2674
2092 3649
3649 4252
389 2999
2999 4386
2159 3943
3943 316
1410 4357
4357 2138
2422 2810
2810 2692
3892 3638
3638 2664
1766 2932
2932 104
1640 912
912 1988
775 2949
2949 3075
4407 2230
2230 4249
1763 445
445 3083
2877 3977
3977 2809
4323 1196
1196 1734
1763 616
616 2921
4451 1439
1439 1534
2212 1831
1831 2049
4128 1996
1996 2138
2145 523
523 3611
615 4172
4172 3131
474 940
940 3305
574 1048
1048 4389
2376 2470
2470 2446
1550 1946
1946 210
4216 1295
1295 2657
2559 3106
3106 2122
2376 1614
1614 4091
782 931
931 753
2696 3111
3111 3826
1392 250
250 4370
594 1968
1968 3007
278 3937
3937 116
149 3168
3168 4370
3066 4074
4074 2036
1767 2716
2716 1974
2696 647
647 2475
2422 734
734 807
2652 4107
4107 4338
4265 180
180 418
4521 502
502 1568
1221 4254
4254 2047
660 1593
1593 3282
2826 2206
2206 3556
1063 3656
3656 3088
508 3809
3809 2477
161 3499
3499 496
443 2797
2797 2475
2970 1306
1306 3283
594 98
98 272
1784 2552
2552 1988
2075 596
596 360
1692 3875
3875 4557
2222 599
599 95
3740 2602
2602 2478
1134 3471
3471 3005
3530 3178
3178 1663
914 4385
4385 549
1028 2256
2256 3037
1506 3450
3450 3549
692 2255
2255 3474
4153 3207
3207 1007
614 3408
3408 3760
3256 2989
2989 41
863 818
818 2402
2084 2628
2628 4539
1246 4198
4198 2090
1513 1780
1780 3921
170 610
610 4006
1298 1980
1980 2047
1328 151
151 2664
3222 3672
3672 2049
2590 2121
2121 3305
3399 3355
3355 2828
577 4487
4487 2554
4110 208
208 2309
1092 405
405 521
2064 1947
1947 1103
1506 4396
4396 584
700 1170
1170 1568
666 2527
2527 3298
1392 2200
2200 4441
2813 4532
4532 2981
2839 2118
2118 3037
1177 2542
2542 4109
1531 4448
4448 3037
529 1979
1979 4090
1963 1285
1285 1895
1311 4271
4271 2474
1695 1208
1208 2271
2539 244
244 104
3614 1856
1856 2189
3971 1584
1584 84
1728 1186
1186 3285
923 2396
2396 2122
4517 4294
4294 3075
3519 1581
1581 2870
1389 4113
4113 2478
4085 3690
3690 418
1531 1524
1524 1293
4265 2365
2365 3063
1501 918
918 386
4128 3514
3514 3474
1266 2233
2233 4249
3172 1665
1665 4370
508 2135
2135 3357
2159 1873
1873 140
963 2672
2672 2692
1287 1214
1214 3826
1045 919
919 2947
1221 1530
1530 2657
4128 2276
2276 116
2696 3636
3636 393
1766 3318
3318 3131
3842 3110
3110 4038
3586 3781
3781 2657
2545 1948
1948 3284
1506 3747
3747 3093
1570 2423
2423 824
4541 3905
3905 1942
3842 3665
3665 2401
1739 1088
1088 1592
3253 2392
2392 1685
3025 3543
3543 2047
3108 3492
3492 4091
90 2487
2487 3065
4355 1245
1245 285
2839 620
620 2635
1695 4190
4190 2262
1368 1176
1176 2577
2877 3946
3946 3953
3260 167
167 3093
1784 1010
1010 4437
4319 4032
4032 4037
4160 509
509 2892
1964 1849
1849 2394
508 1619
1619 3556
3043 1785
1785 3449
3944 2054
2054 1913
3614 3895
3895 3921
4265 3756
3756 95
3340 1820
1820 4399
3795 2027
2027 1300
2844 4144
4144 1774
2064 794
794 2474
863 2629
2629 1492
775 1885
1885 1279
2765 4147
4147 3123
3222 733
733 1959
3399 840
840 1203
1256 2471
2471 3056
3025 380
380 1241
1692 4422
4422 3792
1513 3787
3787 1058
4407 3089
3089 155
3892 4438
4438 784
2018 4449
4449 391
2936 1356
1356 1051
4203 4527
4527 504
1055 2603
2603 1050
1854 2151
2151 556
3066 2225
2225 1825
1339 2424
2424 329
546 234
234 189
2625 4565
4565 2189
3614 2495
2495 4556
4281 3241
3241 54
2590 551
551 3005
3012 3257
3257 1825
3979 65
65 2947
1138 3006
3006 1685
4542 2589
2589 1345
4085 4201
4201 3083
2387 2688
2688 54
2564 3114
3114 2692
4085 1505
1505 4158
399 4504
4504 661
4398 1724
1724 1300
2756 3333
3333 2657
4436 1585
1585 2001
2985 2915
2915 661
585 3249
3249 573
1506 3551
3551 4389
82 3542
3542 807
1010 43
994 2138
423 3010
1929 316
1193 2197
2472 2947
3377 4399
2666 2001
1836 2047
1624 4338
4562 1534
4214 386
1487 1247
2566 573
2130 3305
2569 3474
821 4458
150 3556
2589 2348
29 3229
4299 104
3685 3282
2226 142
4408 2452
999 3093
361 4381
2716 1895
53 1366
1818 4149
1453 541
1862 824
2081 3024
2512 784
3262 2547
2388 1685
505 41
957 601
470 2818
3030 4158
4466 3826
1882 3838
1097 2466
670 2870
2407 547
944 95
917 4038
3646 3007
848 3821
280 393
472 2401
1362 2540
1456 3462
173 284
1960 4539
1234 2478
4227 1223
3841 2942
314 3926
2021 753
377 4037
441 1781
2795 3088
4487 1981
3798 2071
4403 272
1833 2271
3750 2635
3918 3827
3398 1213
246 3594
4055 2394
4416 1279
2185 3357
2918 2692
3893 3604
122 2156
944 2892
3382 556
2843 1108
461 549
3552 2939
4221 4386
1268 1241
3601 35
176 904
2515 3861
2999 1697
495 3449
3649 743
612 2775
1317 1345
817 1492
2393 4109
642 1774
303 3904
4306 2205
1158 2368
2179 418
3571 2546
1148 412
4375 84
2677 3953
981 1203
309 1300
4422 54
2962 4557
1949 2243
2840 1861
4503 1051
1889 3670
2019 210
3516 3921
4545 2367
1709 1448
2498 3291
1674 1313
2549 1959
303 3056
1894 3804
4 1663
1560 3096
2592 960
4480 3083
996 4510
2214 2262
229 3466
407 2477
1040 1734
1344 1058
3603 2577
3798 2402
1338 3123
2481 3344
1281 1007
1869 155
1248 1026
1285 1621
3639 2816
2324 2779
3443 39
1407 3298
1336 1902
1882 111
2727 1081
2958 2122
3331 521
882 1592
3745 1210
931 3284
979 1942
2507 366
47 4249
854 2674
2012 1891
1350 4168
1797 2446
3645 1913
4480 3063
4477 3383
905 4006
3031 1293
2910 1988
1140 3549
2260 1370
4465 2828
271 2475
1683 4090
530 633
1869 4556
795 251
4088 842
2848 329
3031 3075
1629 661
2956 572
4267 2201
3785 4141
630 1104
422 3201
376 2809
4350 2664
1233 3283
2027 3788
516 107
4415 183
1419 4031
940 951
4132 3575
248 189
4184 3611
3976 1103
828 2310
1642 4370
435 140
662 4389
3527 2040
3509 4481
258 3285
3674 1275
440 1907
4062 3125
2158 4441
2979 2981
204 2168
2878 3289
1136 3887
2115 1825
2194 2165
2285 2409
1619 3311
1645 554
3591 807
1676 1235
1282 269
4052 4437
4464 3196
2589 920
2912 2554
2759 1532
461 2345
3874 493
1365 3792
490 333
3667 716
3706 3654
34 2830
2760 2684
1510 3005
3790 2189
622 1974
180 504
3936 1858
1289 2309
3650 2049
4446 1568
1182 2474
3009 116
482 4252
169 1618
2992 1261
1786 1406
1404 91
434 1050
3786 3281
510 3065
1466 3669
3713 2499
2983 898
3936 2090
2773 2657
2729 360
3751 2295
6 3037
1666 2913
2375 391
3105 2921
1136 1990
3941 4479
2630 1746
1096 2334
213 2036
2482 4186
20 699
4327 4091
276 1997
2056 496
1115 3209
4548 4483
3590 3164
3216 3760
2148 584
3511 3131
2173 285
2778 2852
241 2023
1932 2152
3599 3869
459 1229
3737 1500
3129 3531
2845 796
2460 1713
3219 4151
3071 2501
961 73
4540 3603
1982 1648
660 1775
540 3672
4328 1042
624 3925
939 534
2585 3621
2223 3510
312 589
3385 428
1310 4458
2762 3028
1382 1996
12 4267
3077 2890
3562 2803
31 2408
3301 4159
4118 3952
4327 1913
941 2418
1381 3833
1883 1060
1252 2090
2737 3868
3942 2194
2801 987
3643 4186
4175 1013
4018 625
2861 3659
3317 3497
4551 1467
1458 2164
4135 1597
4262 3961
3459 2002
3430 3549
3903 99
2447 2318
2075 2706
924 3413
941 1317
3800 2446
1228 3229
2771 1788
2993 1671
402 1532
2937 72
3390 4207
4092 1690
3625 3055
7 1116
1341 3844
4541 3686
3923 3621
388 578
339 4315
3668 2561
4456 2499
20 4275
1736 885
2443 4312
55 4550
2530 3288
1558 2681
2188 3634
1032 1059
1294 2333
30 3491
1266 3038
2237 4170
1520 1307
1945 1013
1472 737
803 397
957 28
47 1234
3102 2742
2893 2547
1135 1791
3569 2646
2186 2807
761 2593
2989 1370
719 1402
4175 753
2141 361
1682 2738
2171 4422
2650 4445
1157 1918
4453 3158
3812 3635
3129 2570
124 1111
3224 2905
1999 2977
214 3943
505 960
1019 2057
1600 3081
4368 2994
3076 4316
3528 2385
2772 3100
3531 3276
2694 947
1675 3430
2412 2846
176 899
685 412
1063 1512
2288 2510
1292 934
3087 3368
3985 894
354 1208
1100 785
3155 1422
4362 879
1690 954
2222 916
1588 4342
4248 4056
3133 3936
3531 699
1507 2717
2261 1052
4181 2276
292 333
1743 56
3599 2414
1590 2628
171 1312
452 1988
459 2299
2883 1996
1644 2167
3500 875
671 3099
4290 4201
956 2495
857 506
1560 2310
1469 2013
1684 276
2525 591
3640 2197
368 4221
2813 1764
4092 3285
1006 4253
2695 659
2451 620
348 2394
2955 2874
996 6
3735 1581
3768 4190
205 345
483 2300
2530 4378
482 35
1767 3746
1432 4271
2166 4206
2301 1609
4273 1158
4112 531
262 1109
4280 87
1384 429
2561 4132
765 2551
658 805
3684 2169
3700 1584
2420 4343
903 3967
3373 3231
350 193
2607 291
408 2300
1493 2384
3742 2950
3442 243
495 1701
3972 752
789 2458
4391 3016
3320 1874
4299 3964
4397 3598
2294 1021
983 1204
4500 509
3179 2403
2264 1704
1267 1232
2520 2099
2266 2353
1512 1836
2015 1581
3668 2141
1101 1785
826 2808
1648 3169
1644 4228
3917 1573
401 1534
92 623
1451 4243
2178 1708
2740 3785
31 1014
3522 931
1258 1475
3444 351
3915 1327
3446 2860
3506 3075
2312 3505
3167 753
3779 3154
1531 3567
1680 4366
4503 3818
2909 2053
32 2475
3273 2304
872 1886
4439 2451
1055 3133
3739 3063
3910 4209
487 3776
4379 1877
2622 277
942 1098
4238 2752
1812 1590
3584 113
1894 3826
2667 4101
2512 3656
3830 3593
4264 3155
3013 1034
3237 2229
3410 373
2696 3213
3225 414
1171 4145
561 250
3061 952
3596 55
387 1713
1097 2038
2568 4388
3812 2202
1503 142
2391 1744
1952 4067
1941 3418
681 451
379 2457
2867 217
3678 3474
1955 2624
3133 2558
3891 731
1372 3625
4295 3379
847 483
1070 2095
3389 1988
3938 2523
222 4285
4521 374
2663 1907
3133 4072
612 2397
1074 3946
602 3656
2373 38
4162 3911
868 4405
3736 3044
3965 3050
103 524
2342 4146
2630 2579
1014 136
2798 3805
471 4399
4236 441
1688 339
4521 1338
4053 1098
3157 1383
57 3656
4414 4444
508 2275
3152 2307
4488 1439
3442 4463
3136 1753
4566 3240
4526 4370
3302 4455
3468 3644
1499 1435
1318 109
3616 1972
3377 3003
3629 4501
922 451
3641 1017
3997 4074
775 3248
4452 3409
2192 2711
328 2942
2899 3995
213 2368
1767 3246
1632 3929
3189 2323
3258 169
1362 2847
4157 3871
2153 964
2576 1125
3942 75
3446 1097
2447 4508
4428 2593
3907 919
2097 1734
1540 2553
3034 1874
3295 1870
748 1479
1732 3431
2648 4563
3917 3353
1700 1747
1857 1949
4507 1981
4139 4106
1125 208
1141 2425
4394 3931
1373 980
3950 776
143 3292
1350 3334
182 3088
4153 200
926 2649
2903 1902
3074 3291
3805 4415
1087 2272
1745 3968
2 297
804 1901
3496 2898
3457 797
2813 4007
3793 3401
4344 1552
1699 1948
2204 3571
816 3229
382 1853
1728 1156
1113 4480
3456 3176
1671 1657
4337 1867
1141 4242
1871 2213
300 4164
1843 2132
1204 3068
3645 1663
4160 4380
3627 71
4142 445
4073 4374
1992 1349
1199 4257
3960 4562
685 4037
3310 1312
4351 1356
2075 2278
1025 3902
939 2549
4345 1765
2645 4239
2636 4050
63 1797
4041 4294
565 3458
3938 2492
4358 748
209 66
2486 1222
2096 2499
2887 688
4369 1409
12 147
3223 833
4362 3432
3701 3808
3927 1037
1792 320
3447 3527
3530 804
738 3983
3713 1992
1604 2837
3389 3552
108 2194
181 4458
4205 3205
2970 2933
2934 3870
4502 183
724 1445
2313 4402
1869 463
4384 858
1787 2054
4023 3551
2619 4459
2125 1083
4137 335
4295 952
2798 3692
2625 4103
3763 124
3090 530
2145 1547
771 1585
1845 1984
3475 1429
1228 1297
1644 570
4326 1657
3789 3953
3525 3900
2529 1656
668 57
3160 2068
439 2664
4348 3170
2107 2354
3533 4277
3554 1813
191 2693
2622 2915
1669 1008
1642 3560
3476 3178
4468 4383
1493 4292
1693 4109
1199 3856
1074 1005
2285 1984
942 1109
1259 4495
3661 4289
1444 2442
3472 2541
2590 1926
3165 3440
2119 4511
4065 2681
2052 2732
4363 4292
2796 2835
2625 2586
1206 4295
1920 2342
2449 3602
4018 2351
3388 2311
346 1521
1634 418
923 4490
3420 4383
3876 4126
2747 1395
3842 3551
4409 2359
3411 2071
1745 2630
1127 3814
1493 4283
1804 1886
96 4270
2015 210
3066 4147
2958 3083
3222 3179
552 1925
3728 3695
1967 559
3195 1190
1140 1210
1331 1967
423 3804
770 2475
4367 1048
4084 95
1288 3629
4322 4456
1596 2602
3822 1439
4105 1383
4021 1112
1099 4336
1715 512
110 359
3739 3895
4275 4536
1288 3843
4027 3995
224 2668
3104 3878
4082 628
2144 1333
221 3704
2359 807
1128 900
2145 2552
1590 2488
2349 2580
1027 3470
1139 3847
241 2769
4002 2223
1648 1572
1927 2802
4248 101
4082 2160
2967 2955
574 924
2937 2926
1525 1041
4524 4033
3864 2046
897 2381
2792 605
1392 123
1316 4366
2152 3007
1129 3453
1084 2889
2415 1559
4250 505
4207 686
3438 1133
1123 2098
4528 693
3188 4152
2240 3571
311 4255
1681 250
4551 268
4537 4256
4225 2508
2703 496
2782 3873
2900 3370
1551 3217
4311 2350
1818 1564
916 2677
