1
487 989 1
287 149
150 198
76 122
177 466
347 266
319 451
77 124
91 383
95 445
37 410
364 60
211 261
136 470
397 224
158 363
386 432
397 410
410 41
136 182
182 340
319 437
437 355
347 395
395 291
158 343
343 130
77 246
246 305
397 452
452 163
95 294
294 340
211 102
102 291
177 327
327 106
347 356
356 291
347 116
116 41
364 371
371 340
95 357
357 41
319 219
219 355
37 104
104 52
177 268
268 340
211 33
33 106
364 125
125 163
76 261
261 291
211 370
370 291
136 224
224 52
136 392
392 355
397 426
426 305
91 406
406 340
211 169
169 355
386 412
412 130
136 393
393 340
386 239
239 163
136 450
450 163
177 419
419 41
397 210
210 340
158 271
271 106
77 220
220 41
211 326
326 163
136 165
165 41
364 45
45 106
37 3
3 52
77 145
145 291
91 297
297 340
91 198
198 41
386 134
134 130
95 254
254 340
386 74
74 305
287 236
236 52
177 428
428 106
37 176
176 106
287 438
438 52
91 191
191 163
211 226
226 340
287 303
303 340
77 79
79 305
397 273
273 291
319 313
313 163
177 119
119 163
77 381
381 163
37 418
418 340
364 396
396 52
76 60
60 163
95 222
222 291
91 47
47 163
397 78
78 355
136 318
318 130
397 161
161 291
386 231
231 52
397 293
293 130
158 32
32 355
77 122
122 41
77 458
458 41
136 44
44 106
91 13
13 41
397 425
425 41
150 196
196 305
37 260
260 163
386 147
147 41
95 64
64 130
287 322
322 163
364 442
442 130
158 15
15 163
397 21
21 340
158 478
478 305
150 192
192 355
211 420
420 305
95 206
206 163
364 479
479 340
76 108
108 340
76 183
183 130
364 159
159 163
77 346
346 52
95 96
96 305
136 155
155 106
364 310
310 41
319 28
28 52
364 476
476 130
319 6
6 355
77 199
199 163
287 407
407 163
91 247
247 291
347 209
209 106
77 194
194 52
364 234
234 163
177 321
321 163
76 20
20 41
397 123
123 52
158 328
328 130
364 53
53 41
77 118
118 305
177 408
408 52
287 446
446 52
319 232
232 355
386 55
55 291
77 435
435 355
347 197
197 130
319 330
330 340
177 439
439 41
364 9
9 106
77 302
302 355
364 280
280 41
158 481
481 305
77 320
320 355
76 4
4 130
136 427
427 340
91 61
61 106
397 121
121 305
95 89
89 305
91 252
252 41
319 379
379 41
287 18
18 355
91 360
360 52
364 124
124 52
347 378
378 305
77 114
114 106
211 57
57 355
77 217
217 41
77 207
207 305
177 434
434 52
319 367
367 106
37 70
70 305
386 229
229 130
150 454
454 163
177 25
25 305
37 455
455 291
211 385
385 305
37 333
333 355
386 323
323 106
347 292
292 163
95 14
14 130
386 56
56 163
77 474
474 291
76 470
470 41
287 109
109 163
397 195
195 291
347 36
36 130
386 465
465 106
91 164
164 41
319 417
417 340
95 290
290 41
77 202
202 130
177 468
468 355
364 341
341 130
158 153
153 41
150 205
205 130
347 189
189 52
319 167
167 52
136 203
203 291
136 84
84 163
319 415
415 52
177 10
10 106
347 115
115 291
177 50
50 130
386 487
487 305
37 208
208 340
386 179
179 106
177 456
456 52
364 353
353 130
287 300
300 106
386 142
142 291
211 12
12 41
77 255
255 163
136 308
308 163
386 100
100 41
136 374
374 305
77 430
430 130
319 315
315 355
91 462
462 52
91 388
388 130
158 71
71 130
37 174
174 130
177 181
181 163
136 404
404 355
76 35
35 305
347 399
399 291
37 306
306 106
77 72
72 163
347 429
429 305
158 186
186 130
95 480
480 130
37 351
351 52
95 354
354 52
364 180
180 130
136 445
445 163
77 311
311 41
95 309
309 41
397 113
113 305
95 269
269 305
211 34
34 52
37 133
133 52
287 40
40 340
158 46
46 291
136 262
262 291
177 413
413 163
347 149
149 355
136 431
431 130
397 190
190 163
364 157
157 52
364 380
380 106
347 359
359 355
347 389
389 41
364 314
314 130
397 112
112 52
91 146
146 305
364 368
368 41
347 51
51 355
386 307
307 130
386 461
461 52
158 212
212 340
77 278
278 130
287 81
81 355
91 251
251 305
136 129
129 52
150 17
17 106
77 218
218 340
287 421
421 163
364 301
301 340
386 166
166 355
211 241
241 305
319 227
227 291
364 243
243 291
347 372
372 340
95 107
107 163
287 173
173 41
77 258
258 291
364 276
276 291
158 131
131 106
150 83
83 305
76 337
337 291
158 248
248 52
150 88
88 291
319 103
103 163
177 139
139 340
397 178
178 52
37 466
466 305
319 382
382 355
95 377
377 106
150 138
138 340
37 8
8 305
319 394
394 355
95 160
160 52
77 486
486 340
397 444
444 291
319 366
366 130
287 391
391 340
177 42
42 305
158 204
204 305
211 144
144 340
77 471
471 355
76 400
400 340
150 424
424 291
158 170
170 340
37 31
31 106
319 172
172 130
91 460
460 340
158 201
201 41
211 482
482 130
76 436
436 291
150 369
369 106
347 94
94 305
91 68
68 340
287 338
338 340
397 48
48 163
136 279
279 163
397 49
49 355
364 288
288 340
319 358
358 52
37 402
402 41
37 24
24 355
386 390
390 305
77 349
349 291
95 264
264 41
386 464
464 130
158 62
62 163
158 171
171 340
76 58
58 291
158 26
26 340
37 126
126 41
211 111
111 130
136 23
23 291
319 423
423 355
347 463
463 305
158 329
329 340
177 127
127 340
386 484
484 291
347 281
281 163
158 334
334 355
364 284
284 106
211 30
30 163
158 277
277 52
319 22
22 130
177 200
200 305
287 289
289 305
177 257
257 163
136 296
296 291
386 19
19 340
287 65
65 41
150 1
1 106
177 373
373 163
397 7
7 106
319 148
148 106
397 440
440 340
150 416
416 291
177 184
184 291
287 80
80 355
150 175
175 106
319 225
225 106
211 316
316 305
347 16
16 305
95 253
253 355
37 266
266 291
287 477
477 52
158 336
336 130
136 143
143 52
95 383
383 291
136 162
162 340
150 459
459 305
76 110
110 130
177 405
405 291
91 244
244 291
287 361
361 355
287 29
29 41
76 312
312 52
77 242
242 163
95 249
249 340
364 270
270 291
77 230
230 291
76 240
240 291
77 345
345 340
77 376
376 106
319 362
362 340
319 272
272 52
211 332
332 305
364 365
365 41
319 259
259 340
287 82
82 355
37 282
282 355
211 39
39 291
287 325
325 106
347 73
73 291
397 54
54 340
150 304
304 340
287 483
483 52
37 214
214 130
319 475
475 355
287 11
11 291
37 324
324 106
211 85
85 41
287 409
409 41
91 69
69 340
287 411
411 52
77 5
5 340
386 99
99 305
287 43
43 163
347 342
342 305
37 141
141 163
150 75
75 340
37 286
286 291
150 156
156 291
158 472
472 52
158 299
299 41
177 90
90 340
77 66
66 106
347 473
473 291
364 132
132 291
364 238
238 106
76 401
401 130
386 295
295 130
37 348
348 41
76 137
137 305
364 387
387 130
319 274
274 163
386 451
451 106
77 485
485 106
76 98
98 41
150 151
151 355
386 237
237 52
397 168
168 41
364 283
283 355
211 403
403 52
319 235
235 130
158 443
443 106
287 117
117 130
150 352
352 291
364 59
59 52
150 265
265 340
91 449
449 163
77 187
187 130
211 213
213 163
347 335
335 163
95 67
67 305
347 38
38 340
91 375
375 52
211 414
414 106
319 344
344 52
158 93
93 41
150 363
363 130
136 267
267 291
386 2
2 41
364 221
221 163
150 384
384 291
76 152
152 52
77 263
263 355
37 97
97 163
319 101
101 130
91 128
128 340
211 216
216 130
136 27
27 130
397 433
433 355
136 86
86 291
158 432
432 163
150 154
154 130
287 120
120 41
77 398
398 163
397 223
223 291
136 285
285 340
37 228
228 355
91 92
92 163
91 469
469 106
95 135
135 41
77 105
105 340
136 447
447 52
77 233
233 106
397 256
256 305
76 350
350 291
364 140
140 340
76 245
245 355
150 339
339 130
347 185
185 305
37 453
453 106
386 215
215 355
319 331
331 41
150 250
250 130
211 422
422 305
158 275
275 355
136 457
457 130
287 441
441 130
347 448
448 41
177 87
87 291
77 63
63 340
211 188
188 355
150 317
317 291
319 193
193 106
386 467
467 291
77 298
298 52
18 52
59 340
271 130
284 163
185 106
24 291
281 41
297 428
284 184
396 346
426 361
227 264
114 316
264 448
47 324
428 69
418 124
190 144
300 174
359 316
33 197
391 99
65 101
247 465
366 111
290 174
386 149
236 212
437 230
254 162
43 449
306 238
16 92
320 83
125 436
261 156
54 221
252 373
166 472
199 373
287 2
83 144
313 68
20 17
320 89
176 451
373 59
370 84
170 214
