1
469 982 426
198 7
111 273
313 225
375 431
334 214
230 215
123 96
191 316
110 128
315 56
194 100
8 288
123 140
140 240
111 212
212 361
375 265
265 21
334 1
1 440
313 20
20 258
110 236
236 460
375 182
182 2
110 189
189 135
191 83
83 378
315 268
268 135
198 436
436 361
111 95
95 301
375 11
11 25
191 138
138 442
123 154
154 240
230 356
356 240
191 259
259 13
191 362
362 73
315 439
439 135
191 263
263 452
8 203
203 57
230 276
276 44
191 134
134 57
230 136
136 57
111 239
239 442
230 170
170 2
198 438
438 25
198 9
9 213
198 119
119 255
111 368
368 105
8 234
234 133
110 30
30 135
313 465
465 73
111 257
257 57
123 210
210 452
111 371
371 25
313 461
461 151
315 311
311 44
110 282
282 117
194 341
341 148
191 322
322 129
198 274
274 44
8 142
142 21
191 337
337 255
230 405
405 148
111 424
424 380
198 193
193 258
198 106
106 255
191 157
157 135
123 168
168 380
334 335
335 25
198 93
93 73
8 181
181 57
194 297
297 73
191 299
299 13
230 413
413 460
123 278
278 57
191 150
150 2
194 293
293 148
194 262
262 301
8 174
174 420
198 359
359 378
334 58
58 380
123 291
291 240
315 409
409 2
110 5
5 57
123 347
347 105
111 467
467 340
375 385
385 25
315 76
76 258
313 217
217 133
334 377
377 442
230 279
279 255
313 227
227 44
198 352
352 13
334 114
114 44
194 220
220 25
191 201
201 21
334 130
130 378
194 40
40 420
334 158
158 25
230 192
192 240
334 164
164 135
375 319
319 21
315 206
206 13
334 399
399 240
198 24
24 73
315 391
391 21
111 202
202 133
191 126
126 21
110 316
316 340
334 320
320 57
334 219
219 57
8 298
298 361
315 79
79 340
111 89
89 44
334 183
183 240
375 463
463 340
198 326
326 25
313 303
303 252
315 45
45 252
375 215
215 57
230 266
266 117
315 200
200 460
110 250
250 21
123 46
46 2
110 374
374 25
191 29
29 2
313 41
41 25
334 132
132 129
375 3
3 301
313 128
128 387
313 171
171 240
334 98
98 148
315 231
231 240
315 175
175 2
111 42
42 420
334 396
396 135
110 455
455 452
111 77
77 340
111 60
60 378
8 360
360 442
334 221
221 255
375 71
71 442
315 421
421 468
198 350
350 73
230 167
167 301
110 300
300 151
111 312
312 442
8 416
416 301
315 78
78 468
230 271
271 213
315 216
216 361
198 367
367 468
375 23
23 117
8 214
214 258
198 264
264 148
111 384
384 135
313 253
253 151
198 458
458 129
334 169
169 57
194 272
272 135
191 99
99 387
230 269
269 380
313 165
165 378
111 33
33 340
111 97
97 361
230 430
430 301
191 249
249 452
198 433
433 380
313 289
289 452
111 393
393 117
123 305
305 440
191 52
52 460
375 139
139 133
191 72
72 133
111 64
64 252
230 63
63 252
8 69
69 255
110 453
453 135
191 47
47 460
334 50
50 57
313 172
172 387
194 127
127 117
123 415
415 213
194 229
229 301
194 395
395 25
110 270
270 460
191 62
62 44
375 437
437 255
230 152
152 129
334 407
407 301
191 233
233 21
313 402
402 255
111 94
94 440
110 18
18 380
230 179
179 213
315 4
4 440
191 464
464 378
313 17
17 117
375 295
295 442
110 92
92 361
111 308
308 44
8 80
80 25
198 147
147 25
313 285
285 151
313 37
37 380
375 163
163 460
198 323
323 44
194 260
260 13
123 241
241 2
315 224
224 420
313 232
232 151
110 103
103 151
375 422
422 25
194 112
112 387
313 417
417 378
334 400
400 21
111 156
156 57
8 426
426 361
230 243
243 258
313 131
131 213
230 188
188 255
313 296
296 420
123 317
317 460
191 68
68 258
198 382
382 105
334 22
22 213
315 190
190 13
111 445
445 105
313 412
412 440
111 218
218 151
8 67
67 301
198 275
275 148
191 446
446 13
315 70
70 44
230 146
146 135
123 401
401 361
191 199
199 340
191 310
310 255
191 281
281 13
334 149
149 105
194 406
406 213
198 451
451 452
313 184
184 117
111 394
394 460
123 86
86 468
198 228
228 213
198 173
173 117
123 450
450 21
191 248
248 240
230 180
180 44
230 90
90 105
313 364
364 13
315 208
208 440
8 238
238 129
198 314
314 361
375 223
223 117
334 226
226 57
313 28
28 387
230 81
81 361
8 186
186 468
8 372
372 460
194 449
449 105
198 304
304 151
230 204
204 44
194 345
345 252
198 141
141 148
230 306
306 340
123 38
38 440
230 410
410 105
375 53
53 129
8 75
75 387
191 419
419 133
375 344
344 133
313 369
369 258
111 462
462 25
111 153
153 117
111 113
113 258
191 100
100 340
194 365
365 301
334 84
84 25
110 327
327 258
194 108
108 255
313 435
435 151
230 277
277 420
110 121
121 340
110 244
244 117
111 7
7 301
315 222
222 442
191 363
363 13
334 397
397 129
194 237
237 213
123 187
187 213
110 376
376 213
334 343
343 135
375 404
404 44
110 115
115 301
230 6
6 252
191 425
425 240
110 398
398 442
313 358
358 25
123 55
55 387
8 251
251 13
111 284
284 129
194 56
56 252
334 48
48 440
111 280
280 387
194 307
307 44
198 195
195 105
334 294
294 25
194 448
448 213
194 348
348 380
198 196
196 240
375 288
288 440
313 101
101 117
191 14
14 301
334 443
443 420
111 74
74 420
191 336
336 133
8 176
176 73
111 333
333 25
191 19
19 133
230 124
124 21
230 66
66 361
230 246
246 460
123 256
256 57
313 346
346 420
315 441
441 2
230 328
328 340
334 383
383 117
191 379
379 378
8 15
15 21
315 457
457 301
110 351
351 387
198 423
423 148
375 290
290 73
194 162
162 57
198 411
411 440
313 102
102 151
123 292
292 301
230 104
104 420
123 178
178 340
315 444
444 213
194 432
432 460
198 87
87 420
230 211
211 44
123 389
389 57
313 54
54 117
198 207
207 468
191 287
287 380
8 357
357 2
191 82
82 21
191 61
61 73
198 65
65 117
8 408
408 252
230 59
59 151
198 373
373 361
230 331
331 240
230 429
429 340
110 242
242 340
431 255
230 330
330 340
375 159
159 301
111 254
254 440
375 197
197 452
110 10
10 387
198 366
366 452
123 418
418 420
123 122
122 240
198 403
403 340
8 39
39 460
194 12
12 133
334 342
342 440
8 302
302 380
230 144
144 151
313 370
370 301
123 209
209 340
8 91
91 452
313 261
261 340
191 325
325 255
8 36
36 378
123 386
386 25
191 27
27 148
111 145
145 258
375 161
161 442
123 235
235 44
230 354
354 468
375 267
267 301
194 205
205 420
191 355
355 135
334 177
177 73
198 318
318 105
191 338
338 135
334 469
469 44
110 283
283 378
110 392
392 13
191 143
143 151
315 43
43 442
375 125
125 105
230 353
353 133
191 88
88 380
8 120
120 13
111 109
109 420
8 321
321 240
313 381
381 117
191 155
155 73
8 456
456 240
110 85
85 252
111 329
329 44
375 454
454 21
315 225
225 135
375 332
332 129
313 116
116 117
375 414
414 442
313 31
31 340
315 309
309 135
375 427
427 105
334 447
447 361
8 466
466 57
230 166
166 117
8 185
185 151
110 273
273 133
198 388
388 420
313 137
137 387
198 434
434 452
198 32
32 442
315 390
390 340
123 107
107 301
198 26
26 452
123 339
339 301
194 247
247 21
315 96
96 420
334 428
428 44
191 49
49 361
375 245
245 380
123 160
160 240
111 349
349 468
198 16
16 44
375 286
286 468
230 34
34 252
334 459
459 213
198 51
51 452
111 324
324 442
123 35
35 460
313 118
118 240
374 2
250 148
370 468
342 213
408 73
202 442
284 117
48 361
92 340
379 13
214 129
317 258
107 378
1 301
124 380
136 387
3 252
125 44
134 21
399 440
149 460
20 57
310 105
7 133
81 452
210 135
22 151
307 240
448 25
441 255
29 420
193 390
228 381
3 71
278 208
138 438
235 434
259 214
123 171
393 280
163 417
375 78
264 309
58 332
278 158
158 38
261 120
215 135
239 370
464 381
463 365
248 254
307 82
170 300
409 462
202 309
312 74
418 88
389 370
116 16
208 87
391 80
169 441
59 329
202 256
5 156
451 378
97 32
409 42
304 251
362 287
421 323
389 12
89 125
375 241
142 64
55 96
93 85
262 85
79 207
217 420
208 294
128 401
424 412
101 197
461 211
120 466
266 129
395 108
453 160
277 380
272 66
446 348
438 52
305 296
99 101
188 185
93 296
24 165
416 355
355 324
119 99
278 36
233 283
154 345
320 99
15 456
299 457
448 392
438 186
415 144
416 103
288 240
16 21
399 81
368 374
304 387
384 84
351 355
