5
90 184 83
59 38
46 33
11 8
59 7
7 52
11 14
14 52
11 10
10 72
46 58
58 80
46 15
15 80
11 83
83 52
59 48
48 80
59 51
51 52
11 44
44 31
59 21
21 52
11 37
37 52
11 1
1 80
11 41
41 52
59 62
62 80
59 87
87 80
46 43
43 80
11 73
73 80
11 22
22 72
11 9
9 72
46 35
35 52
59 40
40 52
11 75
75 31
59 53
53 52
11 57
57 80
11 77
77 80
46 12
12 72
59 16
16 31
59 34
34 31
59 50
50 80
46 8
8 52
46 42
42 72
11 39
39 52
46 61
61 31
59 5
5 52
59 69
69 31
59 36
36 52
59 86
86 72
46 55
55 72
11 38
38 80
46 64
64 72
59 13
13 52
46 19
19 72
11 76
76 72
46 2
2 80
46 3
3 31
46 82
82 31
46 29
29 52
11 32
32 52
11 23
23 52
59 65
65 72
46 6
6 80
11 79
79 31
46 20
20 31
59 70
70 52
11 18
18 31
46 30
30 72
46 45
45 52
59 28
28 52
11 81
81 72
59 89
89 72
59 84
84 31
11 27
27 80
11 78
78 72
46 60
60 52
11 74
74 31
59 54
54 52
46 47
47 31
11 71
71 31
46 56
56 31
11 67
67 80
11 88
88 31
11 85
85 31
46 49
49 72
11 63
63 52
59 25
25 80
46 24
24 52
59 33
33 72
11 66
66 72
11 90
90 80
11 17
17 72
46 68
68 31
59 26
26 31
59 4
4 72
76 31
70 80
18 72
61 25
7 86
32 90
86 80
61 76
37 18
4 80
13 31
48 54
15 86
86 33
34 89
92 188 86
85 92
76 50
88 67
26 87
1 67
1 52
52 78
85 10
10 78
85 44
44 78
85 51
51 78
26 81
81 78
76 55
55 78
26 21
21 78
85 39
39 78
1 45
45 78
1 61
61 78
76 56
56 78
76 68
68 78
26 75
75 78
26 92
92 78
85 24
24 78
67 78
26 70
70 78
76 2
2 78
1 38
38 78
85 35
35 78
85 25
25 78
1 20
20 78
85 49
49 78
88 91
91 78
88 82
82 78
1 6
6 78
26 33
33 78
88 54
54 78
76 8
8 78
1 73
73 78
85 83
83 78
76 17
17 78
85 41
41 78
76 46
46 78
76 66
66 78
85 18
18 78
88 40
40 78
1 60
60 78
76 14
14 78
76 11
11 78
1 50
50 78
88 34
34 78
76 77
77 78
26 12
12 78
76 31
31 78
1 43
43 78
76 79
79 78
85 5
5 78
26 84
84 78
1 9
9 78
1 29
29 78
76 37
37 78
88 63
63 78
76 48
48 78
88 23
23 78
76 72
72 78
85 47
47 78
26 27
27 78
1 59
59 78
76 19
19 78
26 64
64 78
85 15
15 78
85 89
89 78
76 71
71 78
26 30
30 78
1 28
28 78
1 86
86 78
85 36
36 78
1 80
80 78
76 32
32 78
1 62
62 78
85 69
69 78
88 42
42 78
1 74
74 78
76 4
4 78
26 65
65 78
88 53
53 78
88 22
22 78
88 87
87 78
88 7
7 78
85 90
90 78
26 3
3 78
26 13
13 78
88 57
57 78
76 58
58 78
88 16
16 78
83 22
51 53
6 63
29 37
20 9
18 50
51 86
46 86
18 5
51 12
60 7
76 47
97 197 91
25 71
25 1
1 40
25 53
53 17
25 13
13 35
25 42
42 40
25 28
28 35
25 91
91 14
25 89
89 17
25 92
92 14
25 77
77 14
25 72
72 40
25 44
44 83
25 52
52 14
25 80
80 14
25 46
46 17
25 69
69 83
25 29
29 14
25 11
11 14
25 21
21 83
25 10
10 40
25 66
66 83
25 73
73 35
25 48
48 40
25 76
76 14
25 5
5 35
25 94
94 40
25 54
54 40
25 59
59 35
25 18
18 83
25 79
79 14
25 33
33 17
25 26
26 40
25 61
61 83
25 65
65 17
25 16
16 35
25 47
47 83
25 36
36 17
25 2
2 40
25 82
82 17
25 67
67 35
25 74
74 35
25 93
93 40
25 32
32 14
25 12
12 35
25 3
3 14
25 85
85 14
25 50
50 40
25 68
68 83
25 70
70 14
25 27
27 83
25 60
60 17
25 34
34 40
25 95
95 83
25 7
7 14
25 62
62 17
25 39
39 40
25 9
9 40
25 43
43 40
25 63
63 40
25 90
90 83
25 22
22 40
25 64
64 40
25 57
57 14
25 8
8 83
25 81
81 17
25 86
86 14
25 88
88 17
25 75
75 83
25 87
87 35
25 51
51 83
25 78
78 40
25 37
37 35
71 83
25 97
97 83
25 31
31 14
25 41
41 14
25 15
15 17
25 49
49 17
25 30
30 17
25 20
20 17
25 45
45 40
25 96
96 14
25 84
84 35
25 23
23 40
25 24
24 17
25 58
58 40
25 55
55 83
25 56
56 17
25 19
19 83
25 6
6 83
25 4
4 17
25 38
38 35
13 17
58 35
49 40
54 97
12 22
18 38
39 30
50 39
42 37
66 82
69 43
29 86
2 49
73 55
46 40
94 199 88
62 34
62 82
82 72
62 64
64 21
62 54
54 65
62 61
61 78
62 19
19 78
62 41
41 72
62 89
89 21
62 24
24 21
62 94
94 65
62 9
9 72
62 92
92 42
62 51
51 21
62 60
60 65
62 88
88 72
62 3
3 72
62 69
69 42
62 84
84 78
62 44
44 21
62 11
11 42
62 31
31 72
62 25
25 65
62 87
87 42
62 6
6 21
62 58
58 78
62 38
38 42
62 27
27 42
62 56
56 21
62 59
59 78
62 93
93 78
62 74
74 21
62 5
5 65
62 23
23 21
62 90
90 42
62 63
63 78
62 32
32 72
62 37
37 21
62 75
75 72
62 29
29 65
62 20
20 72
62 81
81 78
62 22
22 42
62 8
8 72
62 52
52 72
62 2
2 65
62 13
13 21
62 28
28 72
62 77
77 72
62 33
33 72
62 18
18 42
62 1
1 21
62 40
40 78
62 16
16 21
62 83
83 78
62 67
67 65
62 85
85 78
62 46
46 42
62 76
76 72
62 70
70 72
62 30
30 72
62 47
47 21
62 66
66 72
62 53
53 42
62 68
68 42
62 35
35 78
62 57
57 65
62 80
80 65
34 65
62 45
45 78
62 7
7 65
62 4
4 72
62 55
55 72
62 17
17 21
62 10
10 78
62 26
26 72
62 48
48 78
62 86
86 72
62 71
71 78
62 91
91 42
62 12
12 42
62 79
79 42
62 43
43 65
62 73
73 42
62 39
39 78
62 36
36 65
62 14
14 21
62 50
50 65
62 49
49 72
62 15
15 72
80 21
44 65
28 78
60 29
63 8
24 18
38 21
4 10
41 26
59 81
56 5
3 2
11 8
92 71
29 2
93 73
30 34
77 33
28 26
89 65
24 57
28 68
84 35
98 187 88
9 61
18 71
41 20
55 8
29 46
73 43
80 86
60 92
18 98
98 93
41 49
49 93
80 30
30 93
80 59
59 93
9 70
70 93
73 5
5 93
9 88
88 93
29 86
86 93
55 21
21 93
29 26
26 93
55 46
46 93
73 28
28 93
29 56
56 93
60 31
31 93
29 64
64 93
29 53
53 93
73 17
17 93
41 67
67 93
60 72
72 93
80 78
78 93
41 54
54 93
60 1
1 93
41 45
45 93
60 39
39 93
55 58
58 93
73 92
92 93
80 14
14 93
41 83
83 93
60 40
40 93
80 44
44 93
41 97
97 93
80 25
25 93
73 19
19 93
80 57
57 93
55 96
96 93
18 62
62 93
80 7
7 93
60 65
65 93
73 63
63 93
80 74
74 93
41 52
52 93
80 2
2 93
55 76
76 93
60 87
87 93
60 22
22 93
55 6
6 93
80 16
16 93
80 89
89 93
73 20
20 93
55 3
3 93
41 43
43 93
29 11
11 93
60 38
38 93
60 32
32 93
60 27
27 93
9 91
91 93
60 33
33 93
73 79
79 93
60 23
23 93
18 84
84 93
29 81
81 93
29 90
90 93
73 66
66 93
73 24
24 93
41 71
71 93
73 47
47 93
9 94
94 93
55 36
36 93
80 4
4 93
73 34
34 93
80 50
50 93
41 68
68 93
9 75
75 93
55 61
61 93
9 42
42 93
18 15
15 93
60 10
10 93
9 35
35 93
55 77
77 93
60 37
37 93
18 48
48 93
73 51
51 93
18 85
85 93
18 95
95 93
29 69
69 93
41 12
12 93
41 13
13 93
41 82
82 93
80 8
8 93
36 95
