5
923 1907 764
113 30
327 663
156 306
810 707
272 556
209 573
210 339
334 866
89 774
509 134
8 832
905 768
211 597
629 825
222 417
662 141
218 818
609 856
809 773
624 811
101 52
884 387
400 336
55 87
553 417
478 437
918 488
187 87
637 169
463 253
823 386
107 799
219 123
754 604
197 450
421 282
350 393
669 172
747 598
705 247
457 354
562 565
283 589
109 886
506 605
332 98
143 675
699 235
36 375
795 912
762 777
173 832
492 580
378 126
200 11
365 319
326 586
224 305
38 177
279 431
883 409
906 157
546 277
398 911
363 135
360 591
381 148
456 386
890 73
83 614
672 145
613 111
874 105
878 820
853 602
921 510
153 557
679 526
114 608
150 710
449 451
246 909
426 872
471 527
821 868
156 840
840 160
478 548
548 304
506 782
782 289
457 864
864 42
426 133
133 28
921 117
117 335
747 606
606 137
381 813
813 391
421 2
2 517
224 54
54 137
173 881
881 684
421 800
800 204
211 581
581 410
463 135
135 601
609 423
423 611
492 29
29 790
562 584
584 744
187 496
496 745
279 33
33 641
360 111
111 764
350 843
843 304
747 12
12 286
114 369
369 310
378 169
169 28
332 95
95 391
457 716
716 40
153 5
5 803
883 668
668 790
747 870
870 835
279 532
532 328
334 146
146 894
747 267
267 896
878 430
430 404
492 692
692 487
478 273
273 310
890 18
18 352
365 431
431 329
8 543
543 896
905 837
837 335
283 72
72 803
398 505
505 790
878 307
307 585
83 537
537 328
662 902
902 745
197 746
746 627
55 349
349 329
809 682
682 803
400 385
385 301
421 623
623 404
36 899
899 182
426 238
238 544
153 788
788 684
283 411
411 642
918 542
542 585
187 855
855 826
921 394
394 618
921 245
245 595
381 231
231 826
449 342
342 835
350 521
521 335
562 319
319 438
874 20
20 328
878 176
176 304
809 403
403 790
219 596
596 730
363 551
551 792
762 528
528 404
200 364
364 137
327 873
873 529
754 268
268 745
921 863
863 204
332 250
250 627
609 392
392 529
113 56
56 251
810 791
791 318
821 74
74 61
624 448
448 286
853 886
886 616
360 695
695 301
365 888
888 745
463 228
228 745
326 447
447 391
156 524
524 353
637 622
622 779
463 557
557 310
795 124
124 174
890 560
560 310
89 127
127 826
878 579
579 779
114 282
282 404
113 552
552 616
456 351
351 651
562 851
851 4
89 570
570 59
398 452
452 182
821 650
650 318
398 362
362 204
868 611
421 734
734 745
699 880
880 665
143 87
87 723
553 725
725 896
609 345
345 887
883 757
757 585
38 559
559 835
509 912
912 404
699 685
685 194
113 753
753 59
672 276
276 627
283 371
371 160
878 776
776 106
426 842
842 289
8 686
686 618
210 602
602 772
506 633
633 544
55 816
816 366
187 565
565 887
905 24
24 251
421 760
760 779
669 259
259 304
705 535
535 653
197 465
465 301
38 343
343 106
705 374
374 251
209 698
698 487
810 118
118 366
509 756
756 45
884 145
145 627
918 720
720 530
478 660
660 642
218 658
658 618
890 712
712 25
283 591
591 391
55 561
561 410
637 43
43 229
332 402
402 204
222 540
540 530
279 308
308 174
506 375
375 896
832 366
878 508
508 792
332 10
10 106
36 198
198 616
884 681
681 229
562 495
495 353
609 861
861 137
883 108
108 352
224 470
470 366
426 638
638 595
492 554
554 894
699 577
577 301
109 476
476 517
613 489
489 366
905 666
666 391
478 748
748 517
795 750
750 289
209 171
171 160
546 255
255 25
456 827
827 438
795 196
196 174
679 419
419 651
222 265
265 404
823 138
138 730
906 636
636 865
398 605
605 772
381 281
281 106
334 643
643 301
283 316
316 251
809 862
862 487
921 812
812 536
219 923
923 310
506 796
796 653
672 755
755 887
449 571
571 204
492 336
336 865
83 811
811 803
890 92
92 160
279 395
395 529
624 621
621 182
456 484
484 352
200 244
244 182
821 882
882 764
55 415
415 329
672 15
15 329
156 149
149 803
809 859
859 59
113 70
70 723
334 132
132 174
398 418
418 179
492 599
599 595
457 670
670 544
624 50
50 204
363 177
177 919
456 292
292 286
114 444
444 627
457 27
27 366
921 455
455 28
55 63
63 366
219 916
916 779
400 475
475 677
8 710
710 792
457 79
79 744
334 81
81 517
156 856
856 536
747 136
136 530
795 76
76 601
883 305
305 4
327 293
293 353
209 112
112 310
350 230
230 353
478 167
167 792
906 368
368 28
326 640
640 517
878 159
159 536
113 39
39 894
224 314
314 45
218 370
370 25
279 181
181 25
809 330
330 826
101 752
752 792
492 98
98 896
747 115
115 618
378 598
598 160
363 793
793 665
884 707
707 353
398 749
749 194
921 347
347 40
83 207
207 204
200 185
185 790
224 719
719 366
150 897
897 611
219 433
433 677
378 649
649 194
562 575
575 723
200 376
376 438
754 23
23 45
153 848
848 865
363 88
88 792
509 300
300 487
332 687
687 641
218 80
80 410
853 704
704 529
884 841
841 641
672 317
317 641
365 797
797 106
874 831
831 779
883 847
847 174
38 397
397 779
853 248
248 544
283 645
645 289
553 892
892 304
101 464
464 229
153 612
612 641
754 413
413 182
197 439
439 289
187 453
453 835
209 131
131 665
471 504
504 678
624 52
52 792
360 389
389 366
821 78
78 45
809 294
294 410
662 62
62 642
8 401
401 764
327 769
769 529
662 610
610 627
365 361
361 229
705 846
846 744
471 387
387 194
378 563
563 251
224 175
175 865
747 393
393 487
211 503
503 204
463 515
515 204
55 461
461 744
883 583
583 894
211 702
702 391
153 913
913 328
509 806
806 536
107 321
321 353
156 31
31 517
699 311
311 896
699 337
337 40
197 600
600 318
360 822
822 251
107 271
271 627
143 357
357 335
360 794
794 642
400 121
121 653
905 765
765 585
398 429
429 585
921 193
193 544
173 655
655 194
679 566
566 61
449 158
158 723
421 122
122 61
613 850
850 410
272 824
824 25
36 126
126 792
878 802
802 366
363 872
872 359
150 626
626 744
332 215
215 329
457 129
129 585
672 221
221 438
478 514
514 611
853 37
37 229
200 675
675 684
8 574
574 835
795 659
659 366
109 460
460 894
795 766
766 684
211 773
773 251
637 280
280 530
350 68
68 601
363 625
625 601
107 60
60 723
89 17
17 160
456 587
587 585
492 151
151 410
8 817
817 106
509 9
9 182
509 254
254 835
197 226
226 289
821 64
64 790
200 671
671 174
853 325
325 919
360 525
525 359
553 247
247 536
114 339
339 642
853 459
459 684
197 533
533 310
143 252
252 410
150 277
277 779
492 130
130 359
492 212
212 530
153 630
630 174
153 436
436 28
679 263
263 529
883 519
519 585
211 701
701 723
36 134
134 106
365 917
917 792
905 295
295 678
246 582
582 251
219 761
761 665
762 188
188 803
219 290
290 106
823 589
589 59
705 99
99 366
143 700
700 544
143 903
903 301
210 726
726 179
492 399
399 251
279 205
205 286
381 588
588 601
553 30
30 45
624 189
189 536
143 382
382 328
398 661
661 896
613 691
691 301
197 895
895 611
326 235
235 744
211 910
910 28
89 480
480 544
38 284
284 182
890 510
510 803
224 338
338 353
272 491
491 887
398 751
751 179
150 889
889 410
747 722
722 665
187 620
620 595
883 264
264 289
327 66
66 304
279 128
128 45
546 564
564 229
853 632
632 641
200 834
834 301
613 592
592 59
101 807
807 896
669 298
298 45
699 261
261 730
662 711
711 730
878 65
65 642
463 139
139 871
156 312
312 229
456 285
285 544
809 545
545 194
629 879
879 4
553 32
32 359
457 708
708 353
662 458
458 42
224 534
534 487
853 170
170 651
662 758
758 329
143 833
833 204
246 242
242 585
365 657
657 585
562 148
148 25
613 619
619 616
449 656
656 251
246 597
597 595
109 144
144 353
747 891
891 174
921 866
866 790
187 676
676 28
905 786
786 529
853 728
728 764
705 225
225 730
809 516
516 530
795 41
41 544
762 86
86 790
334 920
920 865
36 53
53 410
890 414
414 764
492 706
706 174
672 213
213 229
478 614
614 616
55 377
377 894
883 201
201 4
884 466
466 304
810 893
893 310
821 296
296 642
426 110
110 25
173 578
578 641
89 499
499 772
83 412
412 651
381 541
541 803
326 405
405 410
809 486
486 329
8 441
441 803
629 434
434 919
55 191
191 42
114 709
709 61
629 518
518 616
809 184
184 779
754 647
647 352
878 860
860 42
279 693
693 40
8 493
493 182
878 607
607 182
363 383
383 4
905 237
237 251
921 520
520 45
509 774
774 601
609 715
715 359
662 105
105 678
463 635
635 329
350 21
21 601
143 422
422 4
637 922
922 229
853 836
836 310
211 820
820 335
609 199
199 160
478 805
805 653
143 858
858 328
209 494
494 530
381 617
617 803
506 208
208 730
883 549
549 896
222 777
777 25
874 323
323 894
609 778
778 792
150 356
356 160
662 49
49 25
918 157
157 896
113 742
742 790
327 739
739 318
332 877
877 744
109 262
262 28
506 558
558 353
55 408
408 487
200 396
396 179
83 839
839 59
823 724
724 919
350 780
780 642
823 71
71 595
109 714
714 530
492 500
500 835
246 384
384 182
810 165
165 106
637 355
355 826
55 241
241 871
426 569
569 684
363 163
163 335
853 688
688 391
8 427
427 204
672 694
694 896
810 425
425 61
89 322
322 42
492 490
490 611
153 644
644 410
546 120
120 865
699 236
236 45
463 275
275 438
810 141
141 618
662 479
479 826
421 390
390 896
754 152
152 919
400 829
829 678
38 804
804 359
363 216
216 585
795 689
689 894
921 96
96 251
905 743
743 318
906 450
450 529
187 854
854 653
449 274
274 61
334 372
372 204
449 58
58 404
398 379
379 42
150 13
13 438
705 526
526 517
350 340
340 106
218 781
781 182
421 731
731 618
398 172
172 61
821 838
838 251
36 102
102 772
363 697
697 611
624 849
849 25
272 798
798 790
853 303
303 601
200 789
789 438
107 663
663 487
457 183
183 871
283 77
77 595
279 608
608 194
546 358
358 627
173 3
3 410
918 348
348 642
562 727
727 137
224 57
57 764
884 6
6 865
883 278
278 764
878 904
904 772
463 462
462 790
113 467
467 410
246 501
501 835
381 483
483 536
83 91
91 618
283 331
331 404
762 14
14 160
492 828
828 59
471 652
652 45
883 420
420 536
113 195
195 301
883 737
737 723
492 34
34 359
546 593
593 353
795 233
233 4
156 406
406 229
613 572
572 353
200 497
497 585
705 67
67 616
218 288
288 772
113 84
84 25
210 442
442 204
884 472
472 896
246 367
367 536
509 354
354 391
449 270
270 544
187 100
100 42
821 741
741 194
669 269
269 25
629 485
485 919
219 168
168 641
456 85
85 684
398 473
473 45
211 315
315 251
398 573
573 310
562 166
166 410
8 667
667 887
101 469
469 677
114 217
217 335
884 740
740 517
471 428
428 745
332 253
253 391
747 852
852 529
809 180
180 585
8 386
386 790
754 759
759 536
762 538
538 919
883 104
104 251
884 556
556 611
795 48
48 616
809 206
206 366
878 590
590 352
219 164
164 4
878 768
768 25
457 140
140 251
553 440
440 335
173 309
309 25
553 696
696 665
492 202
202 764
506 291
291 194
553 44
44 595
624 830
830 642
365 409
409 611
381 299
299 328
210 125
125 779
810 482
482 160
283 634
634 530
809 19
19 28
143 815
815 487
457 26
26 25
810 119
119 790
426 550
550 616
150 875
875 677
8 664
664 792
38 721
721 530
905 346
346 106
210 203
203 585
143 468
468 894
114 161
161 585
55 915
915 896
562 162
162 894
509 729
729 25
378 567
567 61
222 511
511 286
821 799
799 179
360 416
416 517
327 819
819 28
909 42
209 451
451 59
624 775
775 764
699 733
733 289
187 914
914 174
918 648
648 536
350 239
239 730
8 908
908 684
209 320
320 665
918 717
717 744
853 808
808 194
637 784
784 529
509 35
35 352
173 154
154 487
905 435
435 289
821 555
555 353
400 867
867 4
478 818
818 45
153 341
341 286
209 192
192 391
365 703
703 194
279 324
324 42
699 615
615 678
613 770
770 618
613 568
568 160
629 73
73 601
143 424
424 641
326 732
732 894
762 287
287 352
754 683
683 366
553 513
513 4
546 333
333 887
197 46
46 179
365 901
901 25
754 785
785 585
853 407
407 61
398 249
249 61
699 900
900 359
101 477
477 335
209 767
767 601
921 735
735 4
109 243
243 826
360 454
454 803
874 446
446 764
478 445
445 366
921 190
190 684
821 103
103 896
509 234
234 286
246 373
373 45
426 674
674 410
478 344
344 194
762 603
603 744
350 898
898 641
478 825
825 404
272 512
512 301
55 178
178 438
679 75
75 653
747 214
214 601
283 94
94 887
478 498
498 677
272 11
11 366
883 116
116 404
200 388
388 803
853 93
93 59
381 527
527 887
754 97
97 410
613 313
313 665
672 302
302 366
89 718
718 251
463 142
142 229
211 907
907 772
365 639
639 310
143 523
523 618
874 713
713 25
332 586
586 4
197 51
51 174
187 604
604 335
905 783
783 45
679 531
531 723
853 771
771 194
705 7
7 517
918 186
186 618
381 155
155 4
705 876
876 106
456 547
547 352
874 266
266 790
562 801
801 653
219 306
306 871
113 147
147 792
890 646
646 329
457 488
488 310
662 82
82 182
449 502
502 335
747 654
654 790
421 690
690 530
809 443
443 919
107 257
257 601
553 69
69 792
506 256
256 353
669 297
297 894
637 911
911 616
906 437
437 919
143 869
869 353
421 539
539 835
795 594
594 772
350 90
90 887
705 507
507 45
449 227
227 289
669 857
857 329
449 580
580 678
222 220
220 301
823 631
631 529
55 380
380 611
609 1
1 611
107 576
576 137
222 763
763 887
679 787
787 229
905 123
123 601
553 260
260 530
398 232
232 61
283 258
258 803
150 628
628 618
509 481
481 304
381 223
223 627
334 814
814 585
463 845
845 106
762 474
474 310
89 522
522 865
874 22
22 887
153 680
680 204
224 673
673 106
890 47
47 744
326 417
417 665
821 432
432 286
421 885
885 585
200 736
736 616
562 738
738 438
153 16
16 745
613 844
844 641
222 240
240 318
72 304
612 529
98 106
783 4
839 641
688 229
294 352
482 745
736 286
758 790
592 160
1 764
739 251
244 359
514 404
72 28
479 179
901 871
783 61
834 328
126 335
681 601
660 611
840 772
511 310
461 779
64 487
828 410
783 204
869 865
276 194
241 653
73 289
313 887
239 627
86 651
63 182
18 544
565 530
514 677
186 723
285 678
834 684
776 618
910 174
469 595
787 45
388 665
29 792
620 744
870 137
901 318
390 42
479 438
555 301
322 391
43 25
56 826
879 835
303 59
736 536
555 616
348 517
462 585
275 329
863 366
724 353
876 919
126 894
563 896
901 642
469 40
717 730
362 254
746 281
857 232
856 479
561 43
591 294
579 759
177 872
444 896
87 78
578 595
645 894
881 287
866 331
782 494
98 780
905 491
668 779
809 494
259 296
37 16
472 898
554 779
490 667
697 896
56 526
830 801
219 285
491 333
542 494
785 730
94 179
308 232
465 617
395 331
558 908
196 299
453 569
56 667
300 792
284 576
907 220
507 803
324 531
173 51
322 785
831 539
37 774
262 784
290 547
889 285
462 7
669 838
638 230
159 908
847 263
248 676
623 81
73 25
852 301
754 656
850 896
786 435
307 289
431 154
687 667
448 696
350 706
336 726
882 697
840 138
553 376
66 473
901 787
74 213
591 122
882 288
101 217
917 91
827 358
893 860
151 125
885 335
895 451
664 869
243 576
856 585
756 904
385 466
899 861
569 232
809 298
816 151
134 425
145 583
822 315
538 260
107 822
922 396
716 723
56 660
10 315
230 130
17 424
596 138
428 585
383 852
481 585
491 739
126 700
518 323
884 920
817 160
70 13
339 225
243 186
132 163
461 764
423 401
805 3
167 223
670 568
121 678
216 603
419 771
480 191
836 713
255 549
241 229
734 76
358 901
892 154
393 689
461 628
418 599
48 451
158 260
560 331
268 390
813 268
422 785
859 450
317 689
235 420
804 97
863 539
411 119
56 657
696 409
217 301
600 140
307 106
173 804
210 13
606 871
695 750
670 97
268 854
881 745
245 557
185 376
419 547
343 85
870 69
63 104
13 409
471 676
805 594
207 311
230 911
272 593
683 771
747 578
43 763
56 824
30 635
878 592
153 356
330 289
622 908
177 292
360 504
669 752
107 99
575 387
760 346
191 425
543 124
111 732
276 536
916 849
187 571
528 835
506 776
114 244
111 445
203 373
150 184
689 580
692 145
98 40
516 182
809 899
613 557
504 807
920 61
519 14
191 472
327 260
282 344
173 12
838 69
856 346
351 839
80 646
788 194
215 94
426 261
543 204
562 512
760 780
270 97
922 182
795 673
917 1944 752
562 617
766 908
204 811
312 852
599 209
492 55
129 812
228 106
285 566
322 532
647 251
676 240
401 798
148 404
641 501
890 104
397 145
356 538
382 67
263 100
140 548
354 606
200 584
753 799
744 407
61 646
668 853
338 532
912 726
315 917
88 176
137 147
608 63
442 117
801 437
704 670
653 221
143 735
304 832
788 55
199 231
568 1
866 303
750 578
655 101
657 755
210 507
837 539
190 846
431 612
78 182
600 488
710 612
464 503
123 671
781 511
184 470
316 101
29 201
809 297
383 24
667 484
233 60
485 789
252 915
703 183
196 374
682 336
868 173
152 321
151 761
734 666
144 224
696 598
836 721
281 86
794 412
839 474
656 586
144 864
864 857
647 47
47 345
152 907
907 770
788 869
869 517
653 301
301 114
599 692
692 73
744 736
736 632
190 543
543 899
29 871
871 256
744 490
490 337
655 713
713 567
252 853
853 772
866 85
85 822
734 825
825 826
801 77
77 550
200 824
824 701
252 616
616 318
312 275
275 638
196 79
79 834
653 644
644 385
442 161
161 716
766 661
661 550
338 598
598 831
866 446
446 834
401 367
367 419
137 119
119 712
210 579
579 222
599 902
902 842
78 287
287 632
204 229
229 43
383 400
400 913
599 525
525 409
837 838
838 772
233 75
75 291
316 328
328 138
600 645
645 716
140 843
843 11
647 125
125 834
401 737
737 258
382 182
182 317
657 370
370 396
29 206
206 441
608 748
748 359
608 162
162 218
837 65
65 638
562 449
449 396
485 559
559 536
322 593
593 878
382 702
702 45
123 723
723 716
744 444
444 158
766 279
279 168
397 135
135 318
866 378
378 815
144 147
147 113
788 192
192 329
304 771
771 638
781 134
134 258
401 306
306 42
200 104
104 83
492 262
262 329
568 628
628 887
228 733
733 175
703 418
418 567
143 236
236 727
696 66
66 887
281 847
847 815
144 453
453 269
204 889
889 222
600 476
476 277
152 402
402 669
710 725
725 455
809 220
220 550
464 373
373 519
676 321
321 317
599 122
122 460
608 626
626 43
668 685
685 253
668 659
659 139
143 783
783 595
228 214
214 256
704 189
189 473
304 392
392 460
263 856
856 352
734 176
176 329
204 664
664 751
464 197
197 441
263 118
118 385
734 5
5 519
210 421
421 822
397 882
882 256
485 17
17 831
492 46
46 139
704 549
549 385
568 621
621 337
190 126
126 83
123 569
569 269
753 232
232 99
354 80
80 870
734 16
16 391
431 722
722 701
397 120
120 716
151 448
448 113
788 688
688 244
839 833
833 11
316 440
440 102
442 259
259 638
316 755
755 385
809 386
386 102
322 231
231 102
868 588
588 834
78 207
207 701
653 227
227 138
734 477
477 460
129 242
242 834
316 447
447 180
657 705
705 269
143 805
805 716
794 215
215 253
152 273
273 878
600 537
537 113
61 130
130 168
890 461
461 842
383 339
339 870
781 823
823 138
600 27
27 99
750 729
729 11
492 320
320 632
744 365
365 253
78 594
594 834
836 542
542 834
356 894
894 701
401 720
720 277
599 261
261 834
200 76
76 291
492 286
286 870
839 552
552 375
836 527
527 770
144 514
514 460
682 699
699 385
29 87
87 842
190 865
865 42
788 295
295 168
312 687
687 701
600 886
886 536
809 361
361 256
837 35
35 772
144 804
804 524
88 399
399 253
151 482
482 112
356 665
665 375
653 731
731 43
682 22
22 114
868 331
331 631
656 649
649 857
492 92
92 473
252 775
775 815
676 787
787 277
204 452
452 269
382 784
784 632
144 897
897 158
837 332
332 462
199 840
840 175
233 786
786 42
233 547
547 277
354 613
613 375
788 877
877 139
836 266
266 419
703 585
585 375
338 157
157 112
653 498
498 253
653 509
509 102
868 8
8 253
431 97
97 244
890 735
735 460
140 711
711 175
492 298
298 743
492 507
507 870
88 25
25 139
312 205
205 168
464 763
763 99
143 432
432 42
667 28
28 878
788 863
863 71
682 774
774 385
312 434
434 222
312 274
274 842
312 350
350 390
492 810
810 62
123 469
469 716
703 487
487 567
401 768
768 480
281 558
558 337
233 330
330 253
667 128
128 43
304 505
505 460
431 450
450 81
568 395
395 359
151 108
108 99
123 415
415 826
710 305
305 887
322 551
551 857
252 732
732 317
653 69
69 462
356 235
235 73
641 457
457 870
641 48
48 277
744 178
178 62
322 251
251 751
781 906
906 419
744 848
848 619
252 39
39 218
431 72
72 244
382 127
127 180
668 592
592 842
285 707
707 462
199 169
169 113
140 534
534 175
568 36
36 455
653 546
546 113
682 706
706 391
354 103
103 772
912 752
752 329
281 212
212 480
464 867
867 899
442 484
484 712
233 284
284 359
655 677
677 524
890 678
678 480
123 581
581 256
88 830
830 455
703 105
105 455
190 627
627 519
682 465
465 138
190 895
895 43
667 679
679 114
890 483
483 317
492 782
782 313
29 583
583 218
144 560
560 277
464 171
171 669
144 333
333 114
442 377
377 770
703 700
700 318
78 531
531 536
766 20
20 102
655 640
640 857
144 179
179 716
88 132
132 536
788 24
24 857
431 584
584 550
123 634
634 751
753 116
116 701
29 56
56 258
190 260
260 716
657 165
165 460
696 523
523 359
152 563
563 567
397 234
234 359
734 14
14 71
653 417
417 638
801 478
478 473
801 849
849 43
734 792
792 112
228 789
789 524
485 496
496 831
656 348
348 11
148 528
528 632
836 590
590 277
836 719
719 317
140 319
319 335
143 198
198 317
485 422
422 419
88 149
149 175
801 18
18 359
442 493
493 277
696 381
381 913
78 580
580 815
137 393
393 291
656 905
905 112
744 893
893 475
228 773
773 770
866 424
424 11
750 427
427 138
676 518
518 567
668 239
239 441
809 416
416 743
140 917
917 318
600 289
289 269
431 508
508 218
88 852
852 632
397 49
49 337
837 754
754 83
866 241
241 408
655 177
177 99
315 799
799 857
137 240
240 180
233 213
213 256
263 344
344 550
184 109
109 770
233 430
430 712
710 614
614 519
431 726
726 751
322 445
445 317
753 174
174 352
204 194
194 139
641 900
900 455
312 633
633 834
315 689
689 536
744 314
314 81
704 859
859 83
184 813
813 550
88 728
728 99
794 141
141 175
641 428
428 870
600 777
777 222
200 841
841 631
647 68
68 878
667 347
347 138
315 828
828 870
734 216
216 359
354 302
302 408
656 111
111 112
88 648
648 826
129 624
624 751
647 334
334 73
464 468
468 631
401 146
146 632
568 336
336 158
312 21
21 743
703 637
637 113
140 808
808 83
568 672
672 409
129 566
566 317
322 807
807 751
312 187
187 815
734 901
901 631
29 3
3 669
442 596
596 887
143 513
513 826
304 541
541 751
703 881
881 277
839 618
618 335
204 891
891 139
382 413
413 519
285 101
101 536
809 884
884 329
809 539
539 473
151 327
327 269
397 208
208 277
744 520
520 175
148 872
872 480
401 629
629 631
88 376
376 409
152 798
798 524
781 271
271 269
210 851
851 842
228 605
605 114
199 248
248 834
210 675
675 375
562 237
237 878
608 674
674 631
144 170
170 878
204 512
512 519
233 565
565 139
88 846
846 269
210 185
185 352
152 533
533 770
788 31
31 834
123 800
800 441
263 506
506 831
322 861
861 857
190 290
290 337
190 573
573 751
338 451
451 73
88 467
467 269
890 57
57 345
148 471
471 11
199 414
414 408
281 74
74 139
190 278
278 834
285 691
691 11
356 764
764 834
354 489
489 158
210 293
293 42
196 360
360 73
210 486
486 73
431 51
51 175
233 526
526 822
600 389
389 517
912 296
296 83
442 33
33 475
485 209
209 834
401 150
150 441
431 797
797 313
315 164
164 567
204 796
796 390
312 407
407 168
647 15
15 168
682 756
756 480
88 758
758 834
568 739
739 277
316 854
854 317
653 636
636 329
123 515
515 669
285 761
761 913
703 673
673 396
676 904
904 826
750 671
671 114
912 84
84 743
653 617
617 73
137 372
372 473
184 255
255 550
608 353
353 550
464 380
380 43
801 439
439 662
710 226
226 826
704 225
225 317
568 601
601 595
233 762
762 375
78 545
545 168
210 695
695 631
866 814
814 419
88 299
299 662
653 107
107 669
184 529
529 391
703 58
58 99
809 250
250 662
382 13
13 352
252 379
379 277
788 32
32 595
144 115
115 345
836 272
272 409
682 247
247 701
599 436
436 218
29 812
812 638
744 660
660 253
151 827
827 71
682 642
642 158
657 384
384 857
144 203
203 318
228 145
145 269
397 267
267 359
233 586
586 913
78 443
443 138
836 694
694 390
890 548
548 519
204 166
166 337
668 183
183 631
312 410
410 638
285 217
217 99
204 709
709 352
356 405
405 887
562 195
195 222
599 663
663 913
152 576
576 632
839 556
556 455
794 264
264 318
382 874
874 751
568 779
779 62
152 915
915 519
734 95
95 638
199 466
466 62
809 654
654 42
29 142
142 175
144 883
883 385
431 538
538 375
228 880
880 277
316 535
535 11
568 117
117 83
312 555
555 258
600 388
388 42
837 91
91 455
137 757
757 73
200 221
221 712
703 793
793 473
608 435
435 42
204 398
398 772
152 93
93 772
312 589
589 619
656 769
769 632
233 276
276 168
710 238
238 99
184 403
403 567
442 7
7 83
78 426
426 567
656 324
324 567
492 765
765 218
641 355
355 455
210 803
803 269
657 544
544 712
431 690
690 727
312 53
53 42
868 366
366 727
753 860
860 102
356 479
479 345
696 470
470 419
442 778
778 175
676 224
224 409
682 159
159 391
788 362
362 669
401 666
666 313
78 420
420 460
233 620
620 887
190 310
310 317
744 718
718 317
868 167
167 878
781 604
604 460
809 193
193 878
383 181
181 222
753 38
38 83
263 223
223 114
734 309
309 870
868 806
806 73
866 458
458 385
304 630
630 751
356 795
795 632
196 94
94 632
696 325
325 180
868 612
612 727
322 820
820 71
710 862
862 517
397 230
230 638
152 615
615 317
29 454
454 595
354 575
575 480
647 776
776 244
199 257
257 318
668 875
875 269
204 876
876 517
668 2
2 335
199 121
121 218
912 280
280 842
196 98
98 359
608 835
835 770
29 387
387 519
836 55
55 385
199 888
888 114
354 623
623 441
464 817
817 359
151 510
510 536
667 670
670 632
837 404
404 475
281 406
406 218
281 463
463 870
401 790
790 913
263 437
437 43
263 133
133 669
285 4
4 409
263 681
681 396
696 82
82 43
890 23
23 595
696 574
574 71
794 9
9 113
653 308
308 480
338 173
173 277
656 292
292 385
608 611
611 73
199 394
394 631
710 349
349 772
382 658
658 716
912 760
760 62
252 423
423 168
781 246
246 519
599 100
100 139
837 59
59 256
78 268
268 831
148 163
163 114
184 30
30 870
233 730
730 337
753 767
767 352
608 270
270 102
78 96
96 701
608 368
368 743
750 363
363 480
315 153
153 43
657 643
643 519
788 64
64 112
641 903
903 318
655 811
811 550
431 211
211 831
123 832
832 669
608 622
622 175
29 41
41 253
788 746
746 826
151 346
346 345
667 136
136 662
322 52
52 73
322 504
504 480
676 561
561 834
600 494
494 408
200 172
172 258
338 909
909 887
676 578
578 317
200 742
742 158
140 522
522 391
562 591
591 71
912 724
724 669
781 44
44 218
837 597
597 83
485 791
791 899
750 201
201 669
668 625
625 857
312 635
635 419
312 89
89 180
151 896
896 218
442 106
106 857
464 265
265 114
655 474
474 409
608 369
369 595
656 693
693 168
696 570
570 329
655 646
646 291
492 297
297 396
315 554
554 318
233 858
858 455
190 603
603 727
383 553
553 455
750 521
521 253
562 683
683 887
137 282
282 887
148 110
110 475
431 429
429 632
263 186
186 73
338 12
12 313
744 532
532 175
228 34
34 291
401 495
495 138
703 759
759 632
200 155
155 180
151 873
873 887
152 497
497 43
431 502
502 473
668 501
501 168
839 131
131 770
184 243
243 113
676 124
124 441
263 910
910 269
442 160
160 632
263 54
54 567
263 717
717 857
753 715
715 743
837 607
607 158
682 606
606 462
608 844
844 842
599 740
740 441
750 438
438 831
204 855
855 595
868 816
816 396
608 70
70 455
312 357
357 138
78 323
323 631
801 829
829 222
148 845
845 455
794 219
219 519
196 892
892 822
442 821
821 158
184 577
577 138
196 511
511 83
868 850
850 857
304 684
684 352
190 721
721 43
190 557
557 475
210 819
819 826
704 254
254 536
322 582
582 475
252 885
885 291
868 602
602 138
703 1
1 113
704 503
503 385
750 714
714 638
653 564
564 517
143 738
738 329
676 680
680 631
285 26
26 391
383 908
908 83
781 914
914 743
912 499
499 712
781 63
63 473
252 191
191 462
866 351
351 337
151 491
491 99
809 610
610 462
312 459
459 71
912 188
188 318
608 650
650 536
656 412
412 408
190 40
40 619
608 19
19 391
657 609
609 139
129 10
10 878
912 202
202 441
794 516
516 391
599 652
652 99
655 433
433 45
252 50
50 258
123 86
86 42
676 311
311 138
129 697
697 42
315 708
708 329
641 785
785 772
281 342
342 770
442 60
60 662
734 303
303 822
129 154
154 441
667 300
300 391
144 651
651 352
431 326
326 455
599 288
288 83
890 456
456 473
600 294
294 899
263 156
156 71
304 686
686 460
129 6
6 409
199 371
371 815
753 343
343 441
676 898
898 99
199 639
639 519
316 283
283 83
123 425
425 158
464 745
745 834
184 307
307 71
316 698
698 256
703 572
572 743
492 481
481 441
315 802
802 772
788 245
245 71
667 364
364 595
608 411
411 256
137 358
358 419
696 780
780 409
890 530
530 83
657 374
374 455
129 818
818 390
312 340
340 462
653 916
916 375
656 741
741 375
657 37
37 662
210 500
500 42
304 488
488 45
866 587
587 99
682 472
472 71
676 67
67 751
866 341
341 727
656 249
249 550
315 749
749 218
148 571
571 462
442 747
747 899
676 879
879 662
734 90
90 139
599 540
540 480
148 911
911 138
206 701
156 73
279 822
103 168
516 138
824 770
223 772
804 441
823 842
300 218
821 71
651 81
343 337
513 743
672 83
684 256
484 409
611 102
530 291
425 517
40 408
458 114
677 669
521 631
681 391
428 815
386 550
761 258
47 727
92 475
372 385
818 139
665 878
53 419
249 462
584 222
718 638
549 277
817 329
223 712
251 473
470 857
271 632
267 62
748 99
297 480
39 375
213 175
109 619
733 45
118 253
153 244
552 42
792 396
156 317
529 913
35 335
711 899
116 313
206 390
700 11
523 567
540 887
803 751
479 870
430 112
371 831
494 834
23 269
884 460
159 595
672 43
328 180
586 352
769 318
588 662
368 536
735 716
365 359
910 519
708 113
538 455
92 826
264 158
116 524
92 345
98 597
162 463
122 705
306 369
440 805
597 40
287 349
723 660
272 156
22 547
257 303
199 805
820 821
621 662
197 82
713 51
592 413
653 811
356 915
393 519
232 361
123 648
76 512
525 738
728 904
407 145
117 245
288 256
215 473
137 711
648 861
755 769
2 738
498 251
487 363
457 630
530 595
840 296
527 173
237 536
820 911
28 358
868 328
896 438
537 216
546 901
295 408
449 388
629 225
194 31
558 56
126 67
642 914
378 421
678 821
336 255
492 635
559 672
713 170
620 94
395 480
881 44
696 531
869 156
730 643
392 448
348 288
579 633
383 914
636 530
766 796
72 496
515 50
487 592
849 619
664 341
653 454
795 155
464 166
182 491
235 778
627 570
162 462
275 449
821 557
597 652
87 746
776 745
262 105
394 460
388 406
578 12
66 527
874 495
629 832
844 283
546 6
24 82
753 310
552 381
125 396
765 666
731 827
838 277
807 536
227 828
888 811
713 559
692 111
438 358
713 717
755 87
491 780
711 526
674 2
590 841
184 216
823 862
837 728
321 508
365 432
851 364
216 577
682 875
617 511
360 631
813 342
20 896
468 142
92 861
431 552
758 30
841 526
556 481
332 12
766 156
190 414
781 232
833 24
486 272
423 578
917 302
666 429
766 259
130 577
259 893
179 405
445 743
5 166
8 73
332 782
445 86
333 340
226 727
75 715
416 172
322 542
241 873
867 117
510 90
736 193
768 94
808 597
2 530
327 288
122 395
709 658
486 521
514 735
305 296
637 403
314 438
485 428
620 587
585 270
224 133
354 319
786 557
523 851
48 93
110 772
859 374
739 540
197 507
16 523
365 62
259 175
559 268
579 114
841 578
685 648
251 89
171 265
796 850
229 483
497 892
659 897
61 681
101 70
702 808
476 650
66 859
41 26
30 460
96 131
286 536
696 413
399 759
457 131
549 624
773 502
440 273
330 139
756 873
286 49
151 353
69 510
860 587
440 807
290 845
151 301
184 239
457 358
498 565
119 231
236 257
295 774
295 106
503 481
681 54
123 432
807 244
108 238
559 150
454 343
671 438
230 82
496 74
322 586
697 462
338 334
145 544
407 340
264 686
778 283
333 265
275 684
608 236
453 627
728 2
758 256
227 244
259 361
421 114
902 476
490 517
808 635
373 705
72 674
439 195
494 651
609 358
392 158
299 324
333 115
239 795
122 218
542 68
486 779
891 19
207 198
620 30
320 895
372 410
810 891
989 1912 924
363 912
91 908
688 294
842 601
383 393
623 305
562 823
347 945
142 712
694 284
480 950
323 809
663 222
227 771
602 625
59 854
955 350
320 645
747 858
495 231
757 572
412 908
341 226
649 711
561 410
452 436
988 616
702 26
532 5
87 263
411 400
331 78
45 340
728 653
386 517
415 595
956 217
479 716
327 267
511 54
804 210
543 96
81 247
964 841
385 849
445 789
757 632
632 642
561 154
154 739
757 377
377 88
59 546
546 659
341 774
774 952
757 589
589 952
385 758
758 264
341 984
984 642
688 635
635 870
562 609
609 193
87 388
388 434
728 676
676 870
91 918
918 739
327 711
711 88
227 570
570 642
347 113
113 88
327 788
788 53
45 124
124 642
59 489
489 53
386 302
302 434
45 205
205 193
956 424
424 193
532 317
317 193
81 351
351 88
988 213
213 359
532 615
615 334
386 555
555 739
323 57
57 659
142 848
848 264
532 31
31 264
412 778
778 334
649 188
188 13
663 67
67 897
543 614
614 952
383 426
426 434
142 279
279 134
956 330
330 53
688 95
95 334
480 32
32 264
842 158
158 897
688 636
636 334
694 212
212 193
964 549
549 870
479 926
926 642
688 202
202 670
386 425
425 952
602 522
522 952
964 198
198 870
955 978
978 868
511 514
514 434
142 375
375 264
341 960
960 670
688 737
737 134
649 828
828 870
495 259
259 53
347 455
455 13
694 798
798 88
757 824
824 898
363 829
829 193
543 109
109 868
495 305
305 897
649 103
103 868
331 647
647 458
412 590
590 868
363 767
767 952
445 121
121 897
955 30
30 642
479 527
527 458
81 900
900 870
663 80
80 13
747 841
841 134
602 250
250 264
602 182
182 134
142 541
541 870
543 300
300 359
323 119
119 334
452 157
157 642
842 393
393 53
956 727
727 642
702 888
888 134
363 569
569 359
702 54
54 193
59 419
419 642
327 877
877 952
59 736
736 642
623 155
155 898
561 732
732 88
91 299
299 334
142 352
352 870
480 581
581 670
988 867
867 739
415 63
63 659
479 657
657 13
757 22
22 53
327 872
872 898
479 272
272 642
363 509
509 898
386 413
413 868
955 287
287 659
688 275
275 264
747 693
693 458
511 789
789 739
87 816
816 193
386 444
444 53
688 159
159 870
702 44
44 458
479 662
662 193
511 980
980 898
320 959
959 88
562 876
876 952
543 886
886 88
955 100
100 868
45 11
11 53
955 106
106 868
91 203
203 952
561 141
141 458
87 932
932 264
964 215
215 264
480 277
277 13
59 276
276 458
543 46
46 359
479 658
658 897
532 885
885 13
412 650
650 898
663 695
695 670
91 112
112 739
964 754
754 868
411 354
354 53
561 105
105 53
649 571
571 193
480 684
684 88
59 366
366 13
87 882
882 458
415 270
270 897
702 374
374 670
561 335
335 870
649 831
831 134
842 433
433 897
363 914
914 739
480 71
71 670
728 809
809 670
702 832
832 952
988 668
668 13
412 461
461 264
45 260
260 952
331 911
911 134
495 671
671 334
561 196
196 134
227 97
97 670
702 643
643 642
452 3
3 898
562 638
638 88
341 441
441 670
386 313
313 642
87 216
216 458
445 170
170 898
663 723
723 359
341 66
66 359
320 40
40 359
327 136
136 13
81 168
168 334
386 166
166 334
347 135
135 659
411 420
420 434
452 62
62 88
411 223
223 952
511 510
510 193
702 110
110 134
445 696
696 642
495 821
821 88
347 314
314 870
964 981
981 897
964 328
328 13
955 238
238 898
479 231
231 898
988 505
505 642
747 896
896 870
327 734
734 642
412 572
572 134
694 362
362 13
59 291
291 458
649 786
786 434
323 318
318 359
445 49
49 659
561 917
917 264
59 56
56 659
87 239
239 53
955 834
834 870
479 207
207 898
688 846
846 670
955 516
516 434
331 922
922 642
988 116
116 359
479 765
765 659
602 432
432 898
363 746
746 53
331 554
554 642
964 864
864 868
561 616
616 434
59 6
6 134
59 567
567 642
411 666
666 458
649 266
266 952
543 324
324 952
694 442
442 870
227 568
568 134
81 595
595 53
702 817
817 897
728 875
875 952
383 542
542 897
331 361
361 88
842 600
600 670
988 987
987 13
956 289
289 334
663 162
162 458
45 10
10 264
445 26
26 193
327 627
627 868
445 664
664 334
415 714
714 897
511 598
598 88
347 34
34 952
694 729
729 739
445 844
844 952
804 322
322 53
956 773
773 13
702 986
986 193
327 423
423 13
702 854
854 458
59 171
171 264
411 830
830 88
511 86
86 193
411 968
968 952
91 195
195 897
495 454
454 870
445 942
942 334
511 132
132 670
480 192
192 952
956 410
410 434
688 909
909 193
415 843
843 670
327 756
756 897
227 929
929 53
757 92
92 193
383 476
476 868
412 975
975 359
561 400
400 458
728 64
64 952
688 263
263 434
804 797
797 359
602 104
104 88
480 409
409 359
702 533
533 642
411 278
278 739
385 225
225 952
649 191
191 952
227 379
379 434
955 165
165 458
363 90
90 952
757 167
167 458
480 534
534 952
988 127
127 458
543 947
947 739
347 836
836 53
323 21
21 434
386 288
288 88
561 701
701 53
747 217
217 659
385 588
588 264
327 399
399 434
347 580
580 53
480 281
281 659
385 241
241 659
452 924
924 193
59 478
478 193
331 507
507 193
87 856
856 870
383 791
791 897
479 763
763 458
347 58
58 88
81 465
465 868
955 698
698 870
479 584
584 898
964 654
654 670
81 644
644 870
511 252
252 88
227 625
625 193
562 761
761 739
347 979
979 264
694 945
945 659
341 482
482 670
480 257
257 53
59 610
610 134
955 976
976 264
445 550
550 739
480 39
39 870
411 221
221 193
452 792
792 897
331 477
477 458
562 418
418 134
385 899
899 359
341 37
37 952
81 122
122 458
227 901
901 898
543 547
547 134
511 325
325 88
543 730
730 53
320 634
634 434
649 65
65 53
386 398
398 359
363 673
673 193
383 762
762 898
955 560
560 868
688 633
633 359
495 396
396 739
747 709
709 264
320 884
884 458
227 125
125 870
702 42
42 670
320 503
503 13
347 849
849 334
842 255
255 13
81 949
949 870
842 803
803 739
702 750
750 670
562 179
179 264
412 436
436 264
728 208
208 264
804 304
304 870
688 372
372 897
728 806
806 898
543 446
446 898
561 940
940 897
955 513
513 434
412 311
311 13
956 378
378 134
543 353
353 458
383 108
108 458
331 930
930 458
347 117
117 334
45 226
226 434
341 802
802 870
327 70
70 659
385 244
244 952
804 371
371 359
747 865
865 458
694 515
515 334
728 484
484 264
562 73
73 952
383 163
163 134
45 488
488 434
602 530
530 13
479 76
76 88
227 919
919 88
87 429
429 13
694 345
345 952
988 667
667 458
688 579
579 868
663 148
148 642
955 194
194 434
415 840
840 193
480 890
890 870
59 628
628 952
757 232
232 193
347 308
308 898
445 150
150 13
532 38
38 659
81 145
145 868
747 617
617 334
757 630
630 458
412 587
587 897
804 904
904 898
602 491
491 53
956 236
236 264
87 703
703 739
415 825
825 898
142 706
706 739
495 298
298 739
142 17
17 952
363 766
766 642
543 529
529 642
702 235
235 264
87 801
801 88
532 586
586 659
327 307
307 898
511 499
499 642
142 881
881 434
415 209
209 13
702 342
342 458
142 852
852 870
956 943
943 897
445 381
381 868
341 525
525 458
602 583
583 659
479 82
82 659
411 683
683 334
495 123
123 134
561 414
414 870
142 416
416 88
327 883
883 870
142 204
204 642
543 690
690 264
955 183
183 642
688 812
812 670
386 553
553 870
747 151
151 13
227 725
725 670
81 464
464 868
649 248
248 670
320 624
624 359
59 905
905 739
320 906
906 264
956 672
672 53
327 284
284 334
415 517
517 870
81 611
611 264
45 685
685 670
331 697
697 264
363 592
592 952
347 784
784 952
383 12
12 193
445 230
230 870
842 358
358 458
511 382
382 670
327 468
468 952
511 79
79 88
385 33
33 434
479 892
892 897
956 874
874 434
623 184
184 659
956 863
863 739
649 258
258 193
956 243
243 134
386 408
408 434
988 181
181 13
511 68
68 670
702 847
847 88
383 443
443 870
412 450
450 739
320 397
397 897
561 274
274 334
511 880
880 739
694 417
417 458
956 222
222 898
602 129
129 134
649 961
961 670
383 599
599 952
411 512
512 53
142 651
651 434
415 16
16 88
327 733
733 952
842 449
449 952
452 218
218 334
479 925
925 53
383 430
430 88
804 189
189 659
227 502
502 134
955 137
137 359
363 460
460 898
331 466
466 898
331 43
43 193
323 566
566 870
964 128
128 434
964 907
907 870
479 149
149 952
320 648
648 642
562 720
720 264
91 84
84 952
532 99
99 434
412 200
200 739
649 422
422 868
561 438
438 897
663 742
742 334
327 912
912 53
663 857
857 359
956 813
813 868
495 521
521 88
320 220
220 739
623 187
187 334
479 722
722 264
323 403
403 670
602 78
78 458
688 607
607 739
59 102
102 868
532 251
251 13
383 269
269 458
562 965
965 88
479 989
989 897
480 551
551 897
623 83
83 458
45 790
790 868
495 931
931 13
327 506
506 334
649 712
712 458
511 501
501 898
320 94
94 642
495 646
646 659
694 891
891 952
142 944
944 659
964 686
686 670
45 574
574 193
323 946
946 897
649 131
131 134
331 23
23 952
227 285
285 193
227 35
35 264
87 29
29 434
445 4
4 952
386 490
490 670
602 597
597 739
445 185
185 670
91 775
775 868
452 470
470 897
495 349
349 897
495 835
835 952
804 771
771 334
142 707
707 659
964 114
114 193
747 2
2 13
452 805
805 88
347 691
691 952
964 355
355 952
694 626
626 13
386 28
28 134
415 523
523 898
412 808
808 264
988 557
557 13
415 531
531 134
87 819
819 642
59 661
661 952
688 593
593 739
663 463
463 53
804 652
652 870
412 401
401 659
511 471
471 952
663 596
596 359
702 796
796 642
747 524
524 897
142 392
392 193
988 294
294 868
956 346
346 868
480 69
69 898
386 576
576 868
688 186
186 88
142 120
120 193
412 621
621 264
227 210
210 870
562 175
175 739
383 982
982 670
562 962
962 458
323 1
1 359
227 967
967 134
649 972
972 870
480 705
705 13
411 710
710 53
81 180
180 13
728 8
8 659
649 147
147 897
511 211
211 359
688 823
823 434
81 143
143 359
495 153
153 334
623 889
889 659
59 364
364 659
649 603
603 659
688 98
98 952
747 240
240 739
728 329
329 13
452 839
839 134
955 858
858 193
543 938
938 670
59 743
743 739
988 606
606 739
347 462
462 434
320 427
427 13
415 719
719 13
479 303
303 670
649 111
111 642
347 498
498 134
757 369
369 670
445 5
5 264
543 370
370 334
694 389
389 952
988 740
740 53
842 51
51 458
327 273
273 739
532 338
338 193
543 764
764 898
479 921
921 88
363 339
339 642
445 295
295 134
227 700
700 13
728 321
321 134
323 564
564 897
495 973
973 870
988 395
395 53
649 428
428 53
623 508
508 88
479 935
935 898
81 793
793 434
694 130
130 88
663 745
745 434
747 985
985 13
804 618
618 952
988 60
60 898
602 85
85 434
327 913
913 868
956 575
575 868
804 760
760 88
543 908
908 359
955 138
138 264
543 640
640 134
142 174
174 952
323 928
928 642
452 394
394 870
142 687
687 53
385 855
855 334
331 473
473 897
385 350
350 897
323 340
340 434
91 936
936 334
955 591
591 53
757 115
115 88
532 983
983 458
45 741
741 952
227 172
172 898
341 440
440 134
562 25
25 868
702 19
19 952
543 665
665 193
363 845
845 670
757 639
639 434
757 261
261 952
227 164
164 952
842 504
504 359
688 969
969 898
386 27
27 659
842 738
738 868
728 50
50 458
87 228
228 670
412 492
492 870
327 36
36 434
511 101
101 897
602 336
336 88
747 851
851 359
988 866
866 897
649 344
344 868
142 718
718 88
532 853
853 642
412 735
735 870
602 772
772 870
383 519
519 670
728 214
214 264
649 144
144 13
386 807
807 334
532 879
879 434
955 923
923 642
561 140
140 670
479 681
681 458
561 437
437 13
562 254
254 53
415 404
404 359
562 814
814 88
842 902
902 739
511 783
783 868
728 456
456 458
479 348
348 642
415 559
559 193
495 878
878 642
688 316
316 952
341 169
169 193
386 286
286 53
452 966
966 642
320 496
496 193
562 594
594 264
341 674
674 334
415 365
365 870
804 61
61 458
347 77
77 870
91 176
176 870
561 785
785 264
543 941
941 868
412 873
873 739
412 156
156 359
452 721
721 952
445 459
459 952
955 312
312 434
688 290
290 264
757 915
915 868
956 402
402 670
323 47
47 88
623 833
833 868
383 493
493 334
532 246
246 670
415 708
708 193
511 563
563 870
479 139
139 334
320 268
268 870
87 536
536 88
412 190
190 264
331 256
256 670
702 970
970 193
480 280
280 739
411 237
237 642
702 810
810 134
480 199
199 642
688 247
247 870
479 197
197 739
602 173
173 434
81 954
954 134
323 161
161 659
445 645
645 53
87 748
748 53
87 974
974 897
363 948
948 868
363 55
55 88
320 467
467 897
91 93
93 670
320 282
282 458
347 641
641 870
91 75
75 434
663 631
631 897
411 407
407 642
445 306
306 13
227 675
675 897
495 770
770 88
663 152
152 53
532 724
724 53
562 283
283 88
347 677
677 458
543 953
953 739
347 497
497 13
452 367
367 13
988 405
405 458
320 487
487 739
480 749
749 898
747 655
655 739
694 253
253 13
87 357
357 952
87 613
613 952
728 535
535 13
320 933
933 659
842 245
245 868
320 14
14 264
602 265
265 952
964 41
41 739
480 862
862 868
91 689
689 870
415 500
500 642
479 920
920 952
988 910
910 458
227 545
545 642
331 958
958 458
45 869
869 868
988 612
612 13
511 777
777 868
87 552
552 193
320 861
861 458
363 481
481 193
623 971
971 264
341 629
629 264
383 447
447 952
532 838
838 264
227 296
296 670
323 528
528 193
445 744
744 868
445 620
620 458
728 752
752 334
955 782
782 458
561 558
558 88
495 927
927 870
964 439
439 870
728 249
249 952
532 717
717 870
452 333
333 334
511 759
759 897
561 799
799 134
955 526
526 659
495 548
548 659
728 820
820 334
688 472
472 88
386 822
822 458
142 271
271 334
45 18
18 134
415 544
544 952
385 376
376 458
694 391
391 53
532 537
537 359
964 871
871 434
623 768
768 739
87 518
518 134
842 713
713 952
728 582
582 334
480 704
704 134
532 800
800 952
757 780
780 264
227 653
653 898
411 585
585 897
87 779
779 898
331 604
604 670
415 178
178 134
81 827
827 193
45 292
292 659
602 262
262 642
363 678
678 868
702 859
859 134
327 916
916 739
702 811
811 193
511 309
309 434
562 837
837 359
956 601
601 53
445 107
107 193
452 301
301 952
694 887
887 952
623 177
177 13
383 72
72 53
347 118
118 870
956 577
577 642
45 224
224 642
804 769
769 952
511 731
731 659
757 133
133 359
623 475
475 193
341 776
776 88
142 815
815 359
320 894
894 434
445 234
234 193
347 24
24 193
81 373
373 53
623 957
957 53
747 755
755 13
87 9
9 88
663 310
310 359
757 795
795 897
331 297
297 898
412 451
451 134
623 469
469 193
561 520
520 134
479 538
538 659
702 315
315 952
964 319
319 434
331 494
494 13
988 483
483 458
81 337
337 458
663 605
605 870
532 126
126 642
956 578
578 193
347 52
52 334
495 699
699 739
412 540
540 670
511 267
267 434
45 356
356 670
331 368
368 264
543 826
826 670
412 387
387 739
327 716
716 659
363 573
573 88
511 934
934 642
87 421
421 868
341 753
753 642
452 680
680 952
383 343
343 193
702 656
656 870
702 96
96 458
956 939
939 264
479 293
293 659
623 474
474 264
327 74
74 458
602 201
201 898
757 406
406 264
385 219
219 897
412 326
326 193
728 7
7 334
91 556
556 739
320 818
818 642
327 692
692 193
227 485
485 642
227 963
963 134
331 679
679 193
964 715
715 898
386 486
486 870
383 893
893 193
694 160
160 739
562 48
48 359
623 431
431 952
757 950
950 264
323 380
380 868
412 977
977 264
663 390
390 642
511 453
453 458
663 619
619 870
757 669
669 659
694 682
682 952
227 850
850 952
532 951
951 868
955 539
539 88
142 937
937 458
988 360
360 434
363 448
448 53
511 660
660 458
45 457
457 458
480 787
787 193
495 751
751 359
327 332
332 870
445 794
794 642
385 435
435 193
988 206
206 434
757 781
781 359
663 565
565 897
383 229
229 458
543 726
726 670
562 860
860 659
702 20
20 739
411 146
146 334
383 895
895 434
323 903
903 53
649 384
384 264
663 608
608 359
663 15
15 134
383 622
622 659
363 242
242 870
480 89
89 897
649 637
637 670
445 233
233 739
894 359
86 334
550 434
715 870
377 670
10 897
466 13
674 458
944 642
826 659
724 193
322 134
375 868
832 88
481 264
54 53
610 952
450 898
918 1821 820
25 204
49 357
776 83
669 206
878 570
625 661
32 581
534 52
75 230
156 128
438 603
8 351
335 260
278 281
84 688
918 118
381 330
341 61
33 464
37 436
380 827
221 242
560 598
363 545
266 92
837 401
713 337
629 523
338 572
671 618
772 823
563 44
201 301
7 456
199 858
684 351
659 15
818 178
389 228
863 543
122 753
617 494
832 391
294 111
319 293
855 621
642 265
79 880
197 663
594 214
814 450
491 258
62 499
250 498
383 460
203 436
414 742
422 465
838 604
59 129
130 844
744 545
462 343
114 779
558 26
317 171
320 134
74 461
115 561
468 753
348 171
763 165
766 631
724 99
68 160
514 910
847 312
720 195
854 139
630 676
821 98
249 719
527 493
58 372
161 663
354 723
677 105
854 506
506 406
630 396
396 702
156 716
716 186
766 271
271 600
249 445
445 608
381 864
864 600
837 896
896 608
854 797
797 888
617 525
525 608
294 405
405 285
84 778
778 406
156 376
376 645
720 698
698 406
354 692
692 702
74 211
211 186
594 176
176 192
918 412
412 608
341 601
601 888
763 746
746 285
854 461
461 608
659 781
781 600
821 732
732 888
863 64
64 167
832 151
151 186
837 652
652 600
560 10
10 167
642 756
756 406
317 388
388 192
84 658
658 186
625 131
131 608
199 141
141 600
713 819
819 406
381 140
140 888
319 65
65 600
278 447
447 466
335 472
472 645
414 329
329 888
338 846
846 285
335 729
729 600
659 356
356 186
514 322
322 645
25 672
672 285
74 595
595 285
818 666
666 888
335 597
597 285
320 180
180 466
74 366
366 285
156 685
685 186
338 564
564 608
837 829
829 192
33 833
833 167
821 476
476 888
713 759
759 702
863 28
28 285
348 639
639 600
772 719
719 406
62 35
35 645
114 512
512 285
75 646
646 466
468 454
454 167
863 47
47 285
68 444
444 702
491 557
557 888
855 627
627 285
389 281
281 186
594 578
578 285
776 291
291 608
814 38
38 406
713 862
862 702
847 18
18 406
341 569
569 600
7 280
280 466
744 148
148 406
161 263
263 167
684 786
786 167
58 287
287 406
534 459
459 406
832 696
696 888
832 848
848 192
776 541
541 466
438 258
258 702
37 451
451 702
720 239
239 645
317 662
662 167
659 715
715 167
832 673
673 888
713 108
108 608
62 409
409 466
49 830
830 406
381 667
667 186
203 636
636 186
527 231
231 466
854 76
76 608
354 792
792 186
744 120
120 186
659 777
777 888
713 89
89 167
438 871
871 285
766 767
767 466
32 538
538 466
744 860
860 888
669 31
31 888
744 905
905 888
58 653
653 888
317 885
885 186
594 185
185 608
294 355
355 406
389 697
697 600
422 208
208 406
84 676
676 186
62 63
63 702
338 487
487 167
115 216
216 645
720 178
178 645
558 904
904 702
79 373
373 186
338 225
225 192
266 306
306 466
68 735
735 466
203 69
69 645
199 785
785 645
74 644
644 285
75 191
191 167
383 172
172 608
832 795
795 406
201 843
843 645
320 136
136 645
838 607
607 608
249 750
750 608
130 105
105 406
8 127
127 608
854 842
842 192
319 801
801 888
79 712
712 888
594 194
194 888
363 334
334 285
629 283
283 186
338 260
260 466
320 410
410 888
8 802
802 608
74 110
110 608
724 844
844 702
341 222
222 608
724 107
107 466
114 546
546 406
763 503
503 167
84 725
725 645
772 470
470 192
380 53
53 192
201 252
252 608
847 584
584 167
199 40
40 645
49 877
877 645
201 395
395 466
724 96
96 608
438 393
393 186
630 791
791 466
763 591
591 167
669 229
229 406
7 743
743 702
814 179
179 192
381 207
207 888
818 298
298 167
821 561
561 645
847 660
660 192
814 799
799 406
201 465
465 186
319 6
6 186
335 21
21 888
32 226
226 466
156 113
113 406
837 36
36 167
381 631
631 466
838 331
331 888
278 678
678 702
838 103
103 608
832 467
467 608
114 227
227 702
197 701
701 466
319 798
798 167
854 147
147 466
156 336
336 888
491 505
505 888
629 872
872 702
763 565
565 466
560 484
484 600
32 379
379 608
317 522
522 645
491 313
313 702
438 34
34 645
847 41
41 888
422 907
907 888
462 286
286 645
594 262
262 888
221 349
349 888
630 301
301 645
772 95
95 192
560 259
259 600
854 117
117 406
669 664
664 167
669 48
48 600
832 526
526 192
74 509
509 888
818 139
139 406
594 463
463 645
156 657
657 167
558 656
656 285
837 543
543 406
317 397
397 702
677 452
452 608
630 624
624 192
317 761
761 167
59 620
620 466
821 570
570 645
380 408
408 702
75 580
580 466
763 92
92 466
33 748
748 406
8 634
634 600
724 873
873 466
75 903
903 702
821 914
914 186
847 337
337 406
763 753
753 192
677 749
749 192
630 633
633 285
776 399
399 645
74 413
413 608
335 494
494 466
744 694
694 167
468 4
4 608
37 499
499 406
266 889
889 600
625 471
471 285
278 224
224 888
438 480
480 406
7 482
482 167
563 680
680 702
468 129
129 645
713 800
800 608
821 492
492 888
491 510
510 702
7 390
390 645
266 440
440 888
49 839
839 608
294 205
205 645
818 640
640 167
320 910
910 600
338 27
27 285
414 909
909 608
74 475
475 888
363 9
9 702
625 401
401 888
838 906
906 192
74 604
604 608
677 479
479 600
68 592
592 600
319 111
111 466
33 717
717 466
62 831
831 645
821 643
643 192
563 782
782 192
33 439
439 888
317 619
619 645
383 884
884 192
381 544
544 466
341 45
45 888
59 602
602 192
772 769
769 702
278 343
343 285
677 841
841 888
33 879
879 888
62 812
812 645
58 585
585 167
25 292
292 702
363 691
691 406
462 764
764 406
7 85
85 702
563 56
56 406
878 834
834 285
527 815
815 186
317 386
386 406
594 118
118 167
558 415
415 888
814 876
876 192
724 758
758 645
534 880
880 466
630 98
98 888
629 674
674 702
837 771
771 888
558 661
661 192
32 420
420 600
79 116
116 645
766 220
220 702
847 783
783 406
249 682
682 608
37 733
733 406
37 361
361 285
629 134
134 600
491 768
768 600
84 474
474 186
25 200
200 167
130 532
532 888
763 615
615 600
854 820
820 406
814 20
20 406
8 581
581 702
724 886
886 285
74 288
288 192
594 265
265 608
438 810
810 186
821 683
683 645
341 917
917 466
713 817
817 167
74 635
635 645
838 711
711 888
156 295
295 186
266 490
490 702
438 423
423 645
617 901
901 645
58 160
160 702
838 709
709 285
720 128
128 702
380 868
868 186
594 210
210 645
156 501
501 702
84 55
55 186
837 508
508 285
468 345
345 645
629 326
326 466
389 908
908 285
341 195
195 406
320 91
91 406
720 429
429 167
720 616
616 192
558 773
773 466
122 359
359 186
197 426
426 600
671 367
367 406
221 650
650 645
341 162
162 645
832 542
542 608
201 26
26 702
250 637
637 600
122 273
273 192
625 90
90 888
380 57
57 466
669 823
823 645
669 104
104 406
744 246
246 192
203 610
610 608
625 145
145 702
49 2
2 167
199 721
721 406
338 714
714 167
713 16
16 406
161 190
190 600
854 22
22 466
625 270
270 406
380 214
214 192
249 803
803 702
814 679
679 888
59 742
742 167
776 164
164 702
724 913
913 645
380 327
327 702
671 524
524 466
629 681
681 466
317 431
431 186
514 504
504 406
348 556
556 608
33 321
321 466
294 403
403 466
438 183
183 608
49 515
515 702
266 125
125 406
74 166
166 608
684 500
500 702
720 346
346 600
7 794
794 406
115 323
323 608
58 437
437 645
878 106
106 406
863 486
486 888
278 243
243 186
319 547
547 192
814 530
530 600
389 344
344 645
422 302
302 192
156 882
882 285
161 219
219 192
818 175
175 466
115 710
710 600
527 528
528 285
319 695
695 600
837 279
279 466
33 852
852 888
832 825
825 192
122 651
651 466
594 436
436 285
62 126
126 608
161 894
894 600
221 540
540 702
319 267
267 888
197 153
153 167
462 398
398 285
68 204
204 406
348 441
441 186
625 568
568 702
414 881
881 702
918 244
244 645
558 173
173 167
814 734
734 285
855 493
493 192
363 641
641 600
250 598
598 645
348 78
78 466
84 899
899 600
389 895
895 608
381 133
133 186
462 704
704 167
33 536
536 888
68 240
240 167
383 827
827 600
560 309
309 645
854 738
738 466
266 582
582 466
468 599
599 888
744 693
693 702
832 516
516 888
854 574
574 600
49 215
215 702
863 902
902 406
75 3
3 608
772 146
146 167
855 237
237 888
319 217
217 466
630 352
352 702
250 15
15 888
278 119
119 466
625 316
316 608
8 489
489 466
84 793
793 888
203 425
425 608
720 816
816 608
677 866
866 888
534 845
845 285
354 232
232 186
380 351
351 285
319 632
632 285
878 274
274 285
115 575
575 406
115 71
71 645
250 42
42 285
381 464
464 608
341 350
350 608
278 417
417 645
341 416
416 167
563 443
443 186
677 149
149 285
724 165
165 186
389 385
385 167
462 507
507 285
837 523
523 702
320 840
840 186
317 453
453 192
32 424
424 167
161 762
762 192
558 589
589 702
203 700
700 466
818 531
531 466
317 394
394 285
625 760
760 406
8 193
193 888
317 375
375 192
348 330
330 192
32 293
293 608
221 150
150 186
776 304
304 600
560 181
181 702
818 52
52 888
684 883
883 600
33 537
537 600
199 66
66 285
744 209
209 600
84 342
342 888
763 614
614 608
250 690
690 608
122 377
377 167
383 261
261 702
527 248
248 608
854 315
315 600
68 251
251 702
855 296
296 192
659 851
851 888
617 900
900 608
855 853
853 702
630 481
481 167
338 545
545 608
317 458
458 888
266 88
88 192
25 647
647 167
625 374
374 608
832 790
790 285
659 242
242 192
724 152
152 285
763 485
485 186
560 550
550 466
381 174
174 645
744 434
434 702
199 552
552 608
720 428
428 888
354 411
411 645
821 897
897 466
341 497
497 608
294 687
687 167
713 312
312 192
221 751
751 608
814 891
891 702
514 562
562 186
744 722
722 285
863 892
892 702
468 483
483 608
320 596
596 406
8 289
289 186
278 247
247 285
720 30
30 466
74 890
890 702
462 135
135 167
821 755
755 406
49 457
457 702
468 613
613 702
832 774
774 608
763 360
360 608
75 649
649 285
278 551
551 600
818 87
87 285
671 314
314 600
201 419
419 192
918 421
421 608
68 835
835 888
527 362
362 186
720 573
573 406
422 264
264 466
320 137
137 192
560 277
277 888
335 488
488 466
335 282
282 406
84 555
555 192
62 142
142 600
814 809
809 466
33 535
535 186
32 435
435 466
847 255
255 645
724 23
23 186
671 93
93 702
629 297
297 192
462 916
916 167
74 29
29 285
62 234
234 888
294 17
17 645
203 478
478 285
266 384
384 285
468 670
670 888
114 867
867 466
348 218
218 167
772 245
245 888
776 874
874 186
317 686
686 285
122 618
618 186
221 112
112 192
625 477
477 888
381 238
238 608
863 583
583 186
32 728
728 167
49 576
576 406
671 554
554 285
294 407
407 702
671 347
347 702
221 99
99 888
49 898
898 645
684 740
740 406
348 665
665 167
818 94
94 600
320 223
223 192
671 603
603 186
878 196
196 167
75 442
442 608
821 51
51 167
58 46
46 285
625 228
228 186
763 100
100 167
766 159
159 888
199 97
97 285
422 268
268 406
363 703
703 608
642 857
857 645
669 310
310 702
68 875
875 608
514 496
496 285
684 158
158 702
381 807
807 186
720 339
339 888
266 805
805 600
814 19
19 167
837 587
587 406
348 572
572 888
7 622
622 192
878 378
378 285
818 189
189 702
527 737
737 608
203 43
43 645
863 12
12 285
625 154
154 702
527 520
520 702
25 364
364 466
684 723
723 192
115 856
856 167
84 529
529 285
335 517
517 192
630 571
571 406
203 123
123 888
130 473
473 888
684 353
353 888
79 567
567 186
383 325
325 406
383 605
605 702
380 638
638 702
847 741
741 600
380 284
284 406
625 324
324 285
744 50
50 600
59 745
745 888
348 430
430 192
838 609
609 406
161 86
86 192
720 13
13 285
560 290
290 406
832 893
893 645
156 60
60 600
491 707
707 702
161 81
81 600
468 861
861 186
838 705
705 645
58 392
392 600
74 689
689 645
854 433
433 608
74 24
24 186
363 448
448 645
74 328
328 888
122 318
318 702
534 498
498 192
203 533
533 406
363 144
144 285
854 586
586 645
199 102
102 406
837 469
469 600
744 606
606 608
354 775
775 285
319 731
731 888
341 5
5 192
249 663
663 600
527 813
813 285
58 272
272 406
341 911
911 888
713 365
365 888
560 859
859 406
249 333
333 645
763 590
590 192
250 559
559 608
563 675
675 608
422 655
655 888
341 718
718 608
249 235
235 608
821 699
699 608
348 182
182 645
335 39
39 285
594 61
61 888
363 513
513 192
249 391
391 285
558 887
887 285
37 254
254 600
837 747
747 186
659 157
157 600
847 730
730 167
720 826
826 285
130 449
449 888
249 168
168 702
629 668
668 645
32 11
11 406
438 213
213 702
122 368
368 192
468 446
446 285
59 706
706 285
669 187
187 888
221 808
808 466
669 143
143 285
266 754
754 702
250 382
382 192
319 155
155 645
713 757
757 167
221 739
739 192
918 915
915 466
625 73
73 600
855 198
198 888
58 80
80 186
33 202
202 466
7 83
83 285
319 736
736 888
348 822
822 406
278 849
849 888
629 253
253 406
724 184
184 600
863 170
170 406
814 623
623 167
863 109
109 888
59 256
256 285
383 865
865 285
221 269
269 167
838 588
588 186
62 519
519 888
122 236
236 888
278 804
804 600
527 305
305 702
837 308
308 167
79 188
188 645
161 654
654 888
338 456
456 406
380 765
765 466
414 858
858 192
68 177
177 702
527 418
418 702
338 628
628 406
863 577
577 192
79 796
796 600
594 332
332 186
249 340
340 645
863 727
727 888
630 495
495 600
221 77
77 608
863 257
257 186
659 371
371 888
37 836
836 285
114 549
549 285
68 132
132 285
33 54
54 888
33 357
357 608
249 611
611 466
74 169
169 600
58 648
648 285
278 372
372 186
821 303
303 600
75 460
460 466
201 912
912 192
115 455
455 645
7 626
626 186
161 212
212 186
79 811
811 192
766 275
275 186
838 370
370 702
491 432
432 186
558 70
70 192
25 770
770 600
558 358
358 406
642 241
241 608
75 593
593 600
338 869
869 186
560 450
450 600
563 511
511 167
414 621
621 285
838 72
72 466
772 276
276 406
821 779
779 600
468 163
163 600
818 780
780 702
33 688
688 608
115 67
67 186
617 300
300 186
381 824
824 167
319 14
14 167
84 566
566 406
462 307
307 192
617 612
612 406
7 806
806 600
744 784
784 466
250 518
518 888
855 121
121 167
918 124
124 186
197 726
726 406
221 82
82 167
249 369
369 466
918 752
752 406
84 787
787 192
130 402
402 888
8 206
206 645
625 230
230 466
617 400
400 645
837 44
44 608
197 138
138 888
629 789
789 167
294 548
548 600
438 521
521 406
317 404
404 167
33 171
171 645
918 101
101 285
878 387
387 645
854 502
502 645
37 299
299 645
380 579
579 608
462 708
708 608
838 233
233 406
814 539
539 888
837 553
553 466
348 427
427 600
629 1
1 167
201 788
788 702
491 850
850 192
720 870
870 600
630 828
828 192
201 311
311 192
549 645
861 600
842 466
60 702
746 167
815 285
603 888
47 186
789 406
581 192
301 608
265 237
142 332
619 726
191 497
201 361
732 403
832 476
273 61
29 19
37 293
59 444
642 27
216 244
720 432
531 849
3 700
130 10
672 234
310 82
526 177
803 23
499 52
602 359
75 112
313 570
320 864
704 342
381 281
114 619
847 704
386 517
735 704
337 585
734 202
127 508
819 276
897 722
750 205
60 688
653 229
895 154
475 556
229 42
294 230
891 726
366 627
746 157
107 227
756 162
211 219
37 606
474 50
679 325
895 149
467 408
732 88
208 916
651 142
172 632
40 887
585 849
48 808
720 848
443 169
878 345
490 167
719 256
208 540
136 240
630 200
873 177
828 186
839 279
215 61
190 550
102 824
696 655
749 511
583 121
659 593
674 387
45 688
226 398
980 1964 921
478 300
942 156
978 783
515 598
978 34
34 361
478 118
118 520
942 630
630 945
978 22
22 878
478 862
862 878
978 162
162 18
978 76
76 28
515 910
910 417
478 371
371 695
515 597
597 559
942 180
180 462
478 333
333 236
478 45
45 201
978 489
489 26
942 921
921 784
942 490
490 462
942 39
39 74
478 344
344 195
978 260
260 26
478 566
566 521
942 525
525 8
515 214
214 878
478 812
812 410
478 464
464 49
478 931
931 823
478 900
900 644
515 159
159 695
515 237
237 26
978 726
726 21
515 448
448 520
942 252
252 878
978 349
349 16
515 938
938 183
515 699
699 823
978 401
401 16
942 875
875 868
942 707
707 66
978 409
409 545
478 441
441 417
515 835
835 945
942 947
947 410
978 647
647 969
942 926
926 21
978 124
124 730
478 302
302 410
515 342
342 521
942 955
955 637
515 741
741 622
942 471
471 8
478 902
902 469
515 577
577 588
515 498
498 190
478 258
258 115
978 710
710 462
978 44
44 361
478 88
88 622
978 917
917 759
478 47
47 784
978 3
3 950
478 239
239 407
515 624
624 417
515 73
73 520
515 288
288 8
478 89
89 823
515 810
810 21
515 845
845 305
978 698
698 730
478 648
648 195
942 161
161 695
515 593
593 201
942 348
348 201
478 264
264 11
478 949
949 644
942 171
171 545
478 111
111 115
942 724
724 945
478 113
113 266
478 749
749 91
478 533
533 555
515 157
157 361
942 46
46 622
942 848
848 26
515 740
740 16
478 882
882 283
978 423
423 190
978 94
94 637
515 758
758 899
942 56
56 201
978 65
65 899
478 781
781 28
942 678
678 346
942 122
122 236
515 661
661 190
515 418
418 343
478 836
836 195
515 970
970 305
978 820
820 49
978 146
146 18
978 712
712 196
515 837
837 407
478 168
168 361
978 30
30 188
478 754
754 674
515 964
964 238
942 110
110 74
515 285
285 795
478 791
791 49
978 539
539 823
978 454
454 195
942 830
830 266
978 580
580 644
942 149
149 361
478 299
299 430
942 25
25 674
978 660
660 417
978 356
356 795
942 225
225 28
942 426
426 795
942 341
341 520
478 449
449 91
942 975
975 823
515 808
808 236
942 883
883 49
515 265
265 195
978 443
443 784
978 662
662 266
942 948
948 520
942 743
743 622
478 284
284 899
515 85
85 430
515 452
452 343
478 303
303 346
515 927
927 188
478 351
351 26
978 184
184 97
515 51
51 346
942 9
9 238
478 139
139 969
942 683
683 343
978 216
216 878
478 562
562 18
515 332
332 795
478 632
632 674
515 522
522 945
478 708
708 361
978 894
894 238
978 189
189 462
478 693
693 899
478 472
472 266
515 916
916 28
978 684
684 462
978 511
511 74
942 627
627 637
515 625
625 11
515 372
372 674
942 20
20 555
478 789
789 11
478 897
897 195
978 864
864 361
978 144
144 11
478 711
711 28
515 463
463 637
478 13
13 115
515 774
774 795
515 143
143 236
478 704
704 11
942 208
208 305
515 405
405 730
478 869
869 343
515 484
484 730
515 581
581 520
942 151
151 759
978 310
310 195
942 488
488 66
978 892
892 190
942 561
561 784
515 273
273 8
478 295
295 196
942 468
468 417
978 827
827 201
942 226
226 644
515 324
324 969
978 633
633 410
978 677
677 18
478 689
689 266
478 382
382 545
478 939
939 417
478 331
331 674
478 793
793 201
942 130
130 430
478 628
628 622
942 512
512 588
978 874
874 469
515 397
397 66
478 719
719 969
942 598
598 201
942 12
12 945
515 164
164 945
978 129
129 195
942 444
444 969
515 10
10 26
978 413
413 305
515 374
374 950
978 565
565 469
478 98
98 730
978 253
253 201
478 259
259 49
478 278
278 28
515 832
832 674
478 776
776 945
942 456
456 346
978 244
244 795
942 980
980 343
942 840
840 417
515 280
280 16
978 403
403 236
978 692
692 195
515 222
222 26
942 846
846 18
978 623
623 637
515 345
345 238
478 755
755 784
478 424
424 196
942 495
495 795
515 575
575 361
978 547
547 74
478 79
79 410
515 941
941 11
942 816
816 520
515 198
198 899
942 101
101 559
515 824
824 545
515 160
160 644
942 148
148 361
478 408
408 469
942 178
178 8
515 760
760 784
478 922
922 91
978 583
583 637
515 250
250 266
478 893
893 462
978 339
339 868
515 532
532 91
978 455
455 8
942 626
626 97
978 240
240 8
978 935
935 196
942 896
896 868
478 589
589 520
478 958
958 196
942 617
617 195
478 442
442 878
515 414
414 784
515 126
126 183
978 353
353 622
942 53
53 730
515 193
193 520
978 192
192 795
942 158
158 115
942 654
654 8
515 494
494 521
978 771
771 74
478 4
4 305
978 289
289 8
978 753
753 21
515 600
600 238
515 229
229 8
978 104
104 74
478 207
207 559
978 133
133 238
978 756
756 195
978 877
877 16
942 736
736 950
942 5
5 346
478 50
50 201
478 385
385 417
978 116
116 49
942 268
268 407
978 936
936 305
478 656
656 520
515 814
814 945
515 230
230 74
942 619
619 49
515 375
375 49
515 872
872 899
478 592
592 97
942 7
7 21
515 944
944 18
978 70
70 16
942 370
370 343
978 558
558 49
978 651
651 878
942 297
297 795
478 734
734 196
942 301
301 26
515 890
890 16
978 187
187 283
515 358
358 462
942 78
78 730
978 650
650 945
478 751
751 462
978 119
119 407
478 679
679 637
478 646
646 26
478 59
59 588
942 750
750 521
942 502
502 759
942 738
738 21
515 612
612 283
515 127
127 823
942 93
93 950
515 713
713 346
978 685
685 759
942 364
364 91
478 839
839 283
942 831
831 417
978 764
764 730
515 703
703 622
515 842
842 559
942 313
313 695
978 694
694 188
978 913
913 305
978 834
834 545
942 166
166 28
978 861
861 520
978 636
636 417
478 854
854 899
478 254
254 188
515 659
659 66
942 811
811 236
978 102
102 8
978 822
822 16
978 274
274 462
515 792
792 545
515 886
886 18
478 843
843 545
942 213
213 343
478 325
325 238
978 135
135 346
478 833
833 361
478 390
390 11
978 270
270 115
942 752
752 305
515 884
884 695
942 337
337 588
978 815
815 795
515 438
438 674
478 48
48 49
478 465
465 407
478 668
668 469
478 38
38 622
942 669
669 91
515 879
879 417
942 434
434 469
942 507
507 91
515 681
681 469
478 316
316 21
478 537
537 188
978 560
560 945
515 801
801 283
515 847
847 343
942 309
309 784
515 714
714 201
978 744
744 430
942 587
587 21
515 352
352 188
515 957
957 26
478 136
136 969
978 767
767 868
978 963
963 407
978 272
272 555
478 322
322 588
942 173
173 49
978 772
772 878
478 154
154 26
515 518
518 945
942 191
191 899
515 61
61 695
478 428
428 195
515 248
248 674
942 366
366 91
942 399
399 28
478 909
909 11
942 334
334 188
942 35
35 236
942 610
610 899
478 228
228 462
942 440
440 795
478 179
179 417
942 402
402 945
978 64
64 11
978 509
509 644
942 735
735 195
942 614
614 469
478 788
788 945
515 362
362 950
942 745
745 18
978 585
585 588
942 635
635 644
942 852
852 238
978 571
571 18
478 83
83 795
515 241
241 417
942 604
604 8
478 634
634 868
515 80
80 91
942 431
431 74
515 383
383 407
515 611
611 588
478 315
315 190
515 220
220 18
515 432
432 868
478 386
386 66
515 203
203 361
942 354
354 183
978 652
652 188
978 666
666 49
478 82
82 343
515 381
381 969
978 496
496 66
515 642
642 784
942 406
406 784
515 210
210 16
942 675
675 26
942 416
416 91
942 718
718 49
978 891
891 26
942 606
606 969
515 778
778 588
515 128
128 305
478 531
531 784
515 673
673 183
478 41
41 305
978 733
733 183
978 568
568 588
978 526
526 201
515 181
181 195
515 933
933 759
478 37
37 66
978 31
31 759
942 574
574 730
478 290
290 637
478 137
137 969
478 205
205 115
478 971
971 361
942 23
23 66
942 881
881 28
515 415
415 407
478 601
601 21
515 163
163 8
478 920
920 305
478 267
267 969
478 631
631 343
978 503
503 407
978 914
914 11
478 829
829 66
942 263
263 21
515 357
357 730
478 849
849 469
942 817
817 410
478 257
257 190
478 761
761 305
478 69
69 795
478 340
340 195
978 540
540 238
942 825
825 343
515 43
43 21
515 169
169 545
515 605
605 462
478 516
516 730
942 483
483 49
978 908
908 26
942 72
72 49
942 579
579 8
978 682
682 238
942 640
640 196
942 450
450 637
942 491
491 283
478 304
304 730
478 75
75 868
478 794
794 16
515 234
234 11
978 549
549 784
978 436
436 695
942 676
676 899
942 504
504 784
478 809
809 469
942 716
716 11
478 400
400 462
978 763
763 266
978 901
901 868
478 680
680 674
478 147
147 183
978 246
246 196
978 84
84 21
978 81
81 868
978 856
856 784
942 967
967 236
978 103
103 11
942 68
68 521
515 578
578 588
515 86
86 644
978 138
138 236
515 376
376 759
478 567
567 521
978 976
976 730
478 475
475 183
978 690
690 115
978 492
492 878
942 467
467 16
515 194
194 945
478 943
943 622
515 979
979 91
978 247
247 236
515 720
720 730
478 523
523 950
942 510
510 115
942 888
888 188
515 907
907 346
515 233
233 521
478 212
212 730
978 396
396 795
515 966
966 195
942 155
155 190
478 649
649 588
478 245
245 361
978 609
609 195
515 466
466 238
942 859
859 11
515 373
373 430
515 691
691 190
978 696
696 695
978 174
174 361
515 805
805 555
942 387
387 545
942 394
394 28
478 120
120 283
942 616
616 8
478 687
687 730
978 439
439 430
978 658
658 266
515 667
667 407
515 885
885 784
942 782
782 236
942 347
347 97
978 665
665 407
942 477
477 266
515 870
870 878
515 281
281 238
478 590
590 16
515 584
584 66
478 546
546 784
942 14
14 969
515 513
513 183
478 620
620 674
978 117
117 183
515 482
482 899
978 799
799 868
942 608
608 795
978 930
930 520
515 591
591 283
978 721
721 417
978 663
663 950
478 62
62 26
515 323
323 21
942 977
977 115
478 544
544 407
978 131
131 417
978 576
576 238
515 528
528 637
978 542
542 283
942 499
499 588
515 972
972 66
942 508
508 520
478 32
32 91
942 199
199 238
942 411
411 11
515 318
318 644
478 350
350 18
978 388
388 195
478 768
768 49
942 853
853 622
942 437
437 545
942 29
29 91
478 655
655 784
478 152
152 28
978 727
727 559
478 470
470 462
515 621
621 196
478 786
786 407
978 336
336 66
978 182
182 430
978 925
925 188
478 217
217 238
478 596
596 469
515 314
314 91
478 953
953 878
942 569
569 644
942 613
613 266
478 215
215 91
942 67
67 361
478 582
582 730
942 114
114 730
942 572
572 555
515 536
536 91
515 368
368 417
515 206
206 74
515 384
384 588
942 906
906 196
478 395
395 201
942 177
177 8
942 709
709 49
978 880
880 868
478 474
474 74
942 141
141 730
942 723
723 469
978 485
485 950
478 918
918 196
478 134
134 49
978 742
742 18
478 227
227 183
515 355
355 91
478 889
889 346
478 962
962 969
942 807
807 16
515 671
671 115
942 686
686 417
978 541
541 622
515 923
923 343
478 618
618 417
942 312
312 238
478 729
729 417
942 461
461 430
942 412
412 644
478 132
132 283
515 57
57 11
515 317
317 520
978 553
553 417
515 427
427 644
978 850
850 644
942 393
393 201
478 940
940 236
978 249
249 26
478 514
514 410
978 219
219 196
478 255
255 18
978 828
828 26
942 865
865 74
942 919
919 26
978 770
770 11
978 728
728 188
978 564
564 795
942 142
142 674
515 664
664 238
978 731
731 555
978 306
306 521
942 335
335 469
478 493
493 26
942 819
819 183
515 643
643 695
515 77
77 469
978 319
319 49
478 106
106 417
978 200
200 26
515 937
937 795
515 766
766 21
942 497
497 18
942 380
380 795
942 876
876 823
478 554
554 469
515 320
320 430
942 705
705 236
942 747
747 201
942 702
702 196
478 527
527 588
942 460
460 236
978 27
27 201
478 71
71 21
478 54
54 183
942 968
968 190
942 125
125 410
478 928
928 945
942 826
826 115
942 445
445 66
978 269
269 644
478 895
895 878
478 419
419 674
978 476
476 637
978 167
167 236
515 338
338 520
942 706
706 266
515 818
818 588
942 813
813 11
478 746
746 361
942 961
961 868
515 841
841 795
942 534
534 115
515 92
92 283
942 286
286 49
478 421
421 407
478 762
762 555
942 231
231 266
478 453
453 236
478 52
52 559
478 292
292 520
515 451
451 21
478 973
973 16
942 803
803 21
978 99
99 305
478 951
951 469
478 282
282 410
478 821
821 521
478 777
777 407
478 798
798 188
942 429
429 559
478 275
275 66
978 123
123 18
942 670
670 115
515 645
645 190
942 186
186 545
478 773
773 588
942 55
55 195
478 262
262 28
978 769
769 49
942 422
422 784
942 19
19 588
515 211
211 361
515 96
96 823
978 974
974 430
478 501
501 18
478 2
2 410
478 224
224 266
942 294
294 183
978 170
170 283
515 271
271 899
515 505
505 195
515 912
912 555
978 701
701 868
978 202
202 407
478 765
765 183
515 804
804 784
478 838
838 410
978 63
63 759
515 481
481 899
478 363
363 266
515 867
867 28
978 638
638 417
515 447
447 8
942 603
603 16
515 871
871 346
515 500
500 674
978 172
172 469
978 797
797 945
978 251
251 305
978 235
235 588
942 725
725 188
515 552
552 823
978 903
903 407
515 517
517 462
478 858
858 759
515 863
863 417
478 107
107 521
978 860
860 21
515 6
6 622
978 787
787 674
942 570
570 236
978 790
790 8
515 697
697 521
515 185
185 305
478 40
40 899
515 904
904 183
978 87
87 236
978 392
392 730
978 785
785 343
478 108
108 462
478 378
378 695
942 480
480 115
478 404
404 343
478 866
866 430
978 715
715 305
515 594
594 868
515 639
639 195
478 243
243 305
978 543
543 346
515 952
952 305
515 873
873 417
942 298
298 730
515 156
156 238
942 221
221 410
478 657
657 823
942 524
524 637
478 293
293 343
478 615
615 868
942 924
924 417
478 548
548 868
515 802
802 759
478 898
898 521
942 209
209 196
515 887
887 97
515 307
307 545
942 140
140 305
515 360
360 969
515 458
458 266
978 367
367 899
515 300
300 588
515 459
459 545
515 780
780 417
978 121
121 555
478 783
783 784
942 607
607 545
515 365
365 674
478 15
15 28
942 112
112 969
515 58
58 49
478 479
479 521
942 389
389 236
978 204
204 361
515 145
145 823
515 641
641 622
978 446
446 545
478 330
330 469
978 308
308 950
942 700
700 868
978 779
779 201
478 369
369 97
942 732
732 190
515 176
176 588
942 359
359 49
515 737
737 195
515 486
486 730
478 36
36 462
478 109
109 969
942 599
599 236
978 946
946 18
478 105
105 28
515 425
425 196
978 291
291 622
478 653
653 305
478 629
629 868
942 857
857 521
478 722
722 91
515 377
377 469
978 556
556 238
942 855
855 190
978 95
95 945
942 328
328 74
942 276
276 559
978 844
844 190
942 435
435 520
942 954
954 346
515 391
391 190
978 739
739 950
515 277
277 784
942 800
800 21
978 956
956 361
978 327
327 555
478 326
326 520
515 1
1 520
942 905
905 945
478 150
150 945
942 960
960 91
478 806
806 695
515 529
529 622
978 261
261 305
978 321
321 21
515 398
398 305
478 519
519 674
978 932
932 183
978 748
748 521
515 929
929 26
478 153
153 878
478 851
851 201
978 965
965 283
942 602
602 674
978 24
24 74
478 218
218 8
478 60
60 695
942 550
550 407
942 100
100 343
978 530
530 188
515 595
595 945
942 535
535 588
478 287
287 266
515 563
563 21
978 256
256 49
515 296
296 305
978 33
33 795
942 506
506 16
942 551
551 346
942 959
959 868
515 379
379 8
978 538
538 74
515 487
487 236
942 420
420 115
515 911
911 195
978 311
311 188
942 433
433 759
978 688
688 190
978 934
934 343
478 672
672 196
978 473
473 823
515 717
717 674
942 232
232 8
478 573
573 730
478 223
223 91
515 557
557 545
515 586
586 674
978 457
457 236
942 279
279 407
478 17
17 899
942 242
242 407
515 165
165 196
478 197
197 266
978 775
775 201
515 175
175 555
515 329
329 868
978 757
757 795
978 90
90 91
942 796
796 195
478 42
42 945
478 915
915 945
716 795
448 462
811 201
657 236
162 183
256 74
575 190
3 588
178 21
940 784
509 8
713 195
211 730
24 469
171 361
897 823
576 346
510 520
509 674
829 28
449 417
254 555
732 49
872 238
719 66
524 18
733 343
121 759
866 16
197 945
441 899
234 878
435 969
546 196
345 97
710 91
464 407
718 283
320 622
240 545
580 868
130 950
210 11
843 305
556 521
653 26
177 410
919 188
837 637
406 115
791 430
961 266
639 559
748 695
767 674
310 945
815 67
212 482
493 688
819 688
135 378
485 218
289 411
85 834
839 243
475 320
268 307
620 36
44 248
743 738
741 730
566 461
441 467
258 762
174 797
646 152
444 853
344 898
707 59
667 57
157 765
3 105
627 330
533 251
527 275
909 554
968 269
504 197
452 257
356 767
118 709
955 221
614 281
794 52
411 236
560 140
32 319
187 361
103 458
290 293
677 355
808 125
252 911
324 26
421 959
707 485
250 8
716 903
862 514
693 492
910 590
852 359
938 3
527 530
370 615
141 236
842 245
264 805
