5
995 1888 885
716 333
870 932
207 62
636 632
163 180
23 844
90 422
75 566
691 501
851 560
789 282
607 848
324 409
565 377
977 837
770 931
413 414
255 352
708 143
51 463
126 664
588 53
785 991
789 312
312 164
785 751
751 222
870 44
44 392
785 943
943 617
23 417
417 595
163 323
323 876
588 847
847 190
716 96
96 979
691 231
231 19
51 942
942 915
126 269
269 362
565 657
657 137
90 12
12 671
90 427
427 392
607 758
758 808
23 398
398 248
255 727
727 157
413 941
941 60
90 181
181 979
90 908
908 116
413 648
648 449
870 741
741 617
324 520
520 808
23 406
406 137
870 568
568 467
691 359
359 628
977 92
92 754
163 178
178 697
789 171
171 915
163 276
276 60
255 529
529 728
90 30
30 698
789 133
133 592
770 13
13 449
207 793
793 808
851 639
639 613
51 761
761 473
255 358
358 584
870 167
167 655
255 497
497 376
90 743
743 505
90 843
843 476
691 122
122 896
636 458
458 966
607 254
254 671
708 831
831 966
870 700
700 392
324 850
850 376
207 705
705 928
716 790
790 592
785 234
234 896
207 647
647 421
785 186
186 936
785 58
58 595
785 699
699 723
324 762
762 784
588 926
926 467
23 965
965 808
126 783
783 19
870 776
776 19
163 696
696 449
75 284
284 638
413 888
888 928
870 15
15 457
255 674
674 595
977 897
897 374
851 439
439 48
691 903
903 248
691 516
516 362
90 887
887 157
851 916
916 601
23 800
800 822
870 508
508 505
207 845
845 671
977 342
342 655
636 949
949 649
163 881
881 979
324 750
750 754
588 129
129 157
163 582
582 740
163 720
720 190
413 899
899 362
870 187
187 449
785 844
844 248
90 40
40 876
708 472
472 584
207 39
39 697
588 140
140 203
851 857
857 222
716 821
821 374
691 330
330 596
90 115
115 505
789 54
54 473
785 509
509 164
636 587
587 190
870 681
681 740
770 605
605 596
588 243
243 649
870 494
494 222
413 143
143 202
75 35
35 246
636 923
923 421
23 958
958 729
716 198
198 507
23 108
108 784
636 867
867 760
324 663
663 525
607 865
865 362
23 382
382 979
789 774
774 698
789 340
340 202
588 937
937 723
785 862
862 400
785 319
319 584
163 823
823 525
691 537
537 505
977 797
797 760
708 947
947 222
207 195
195 973
413 763
763 476
413 145
145 48
207 281
281 116
413 872
872 584
588 612
612 365
691 41
41 613
51 360
360 966
324 394
394 392
90 846
846 928
565 250
250 202
413 606
606 752
770 93
93 592
636 218
218 476
565 170
170 631
789 69
69 649
75 87
87 421
607 506
506 174
51 430
430 252
716 802
802 421
716 614
614 293
789 624
624 420
607 460
460 631
90 922
922 117
75 353
353 473
163 921
921 920
324 66
66 884
691 685
685 631
977 183
183 473
565 578
578 507
716 242
242 638
90 842
842 246
565 893
893 148
588 766
766 671
51 213
213 920
75 132
132 698
770 934
934 365
870 917
917 628
977 456
456 116
75 343
343 966
870 778
778 920
324 693
693 786
23 33
33 365
51 309
309 979
126 927
927 601
977 296
296 822
51 756
756 374
770 165
165 613
255 519
519 420
785 212
212 525
75 201
201 596
708 839
839 911
789 594
594 638
691 282
282 540
565 744
744 915
789 429
429 225
207 119
119 595
708 24
24 584
126 180
180 649
851 580
580 928
588 492
492 920
588 704
704 476
636 21
21 392
770 747
747 374
75 38
38 203
90 991
991 876
163 221
221 936
588 651
651 190
413 710
710 137
770 409
409 613
126 229
229 628
75 725
725 760
977 589
589 952
90 668
668 631
636 317
317 671
607 121
121 966
785 34
34 638
851 436
436 920
977 711
711 697
708 900
900 148
691 162
162 345
565 522
522 190
708 988
988 697
163 97
97 19
691 142
142 740
708 370
370 420
770 11
11 116
588 739
739 754
565 919
919 116
324 239
239 928
770 432
432 473
691 749
749 420
716 306
306 592
708 514
514 293
413 385
385 467
75 722
722 507
565 477
477 729
255 591
591 898
789 106
106 202
851 496
496 966
708 479
479 362
207 818
818 174
716 753
753 457
565 670
670 222
770 205
205 174
716 483
483 638
770 52
52 896
90 152
152 729
588 695
695 117
691 737
737 48
977 341
341 421
851 123
123 786
851 838
838 822
607 675
675 392
255 228
228 420
163 155
155 525
51 950
950 728
691 570
570 928
588 590
590 697
607 310
310 786
163 925
925 117
126 70
70 671
588 113
113 628
90 969
969 248
770 384
384 655
413 469
469 55
565 630
630 222
770 102
102 876
126 813
813 293
870 289
289 760
770 604
604 631
90 963
963 404
126 431
431 400
75 499
499 595
785 987
987 473
851 549
549 911
90 730
730 728
413 954
954 966
23 734
734 246
324 501
501 467
977 820
820 876
708 992
992 617
636 62
62 362
977 701
701 420
851 482
482 601
785 732
732 952
75 583
583 631
23 889
889 392
163 241
241 362
636 600
600 979
691 901
901 911
870 553
553 671
23 819
819 392
163 652
652 420
413 453
453 293
75 989
989 400
789 480
480 225
51 779
779 55
324 375
375 596
870 576
576 911
716 313
313 164
51 318
318 525
789 74
74 420
324 686
686 928
977 515
515 473
691 138
138 374
565 287
287 898
588 169
169 752
324 53
53 400
126 703
703 473
413 645
645 784
324 567
567 601
207 765
765 86
90 448
448 596
851 780
780 420
636 314
314 920
126 271
271 404
51 694
694 507
636 338
338 754
90 904
904 32
207 160
160 540
255 118
118 649
324 794
794 293
870 465
465 336
51 277
277 421
126 768
768 365
255 3
3 365
607 782
782 293
691 18
18 473
207 561
561 365
691 290
290 973
75 437
437 649
691 333
333 628
789 619
619 404
977 717
717 920
207 389
389 374
870 175
175 728
789 667
667 147
75 679
679 760
51 495
495 638
870 955
955 752
23 402
402 32
851 781
781 32
75 665
665 592
977 832
832 222
413 654
654 698
785 283
283 457
789 826
826 336
785 366
366 911
23 379
379 631
785 769
769 973
851 128
128 786
23 956
956 540
870 629
629 55
770 9
9 147
770 17
17 174
255 423
423 697
851 795
795 754
565 967
967 203
324 204
204 979
255 731
731 898
870 304
304 554
588 72
72 476
716 399
399 252
163 724
724 671
977 868
868 164
588 719
719 915
708 441
441 420
851 772
772 203
413 558
558 449
23 325
325 19
770 151
151 631
977 275
275 404
870 530
530 936
51 913
913 595
636 953
953 473
691 611
611 936
413 120
120 467
607 274
274 628
413 46
46 252
23 67
67 174
770 980
980 420
636 294
294 698
607 905
905 252
413 105
105 86
207 569
569 55
977 706
706 19
23 687
687 876
785 83
83 137
23 407
407 48
708 354
354 476
636 253
253 822
588 985
985 595
770 232
232 596
413 962
962 329
163 351
351 246
255 63
63 898
255 300
300 505
636 85
85 808
207 166
166 920
691 864
864 979
90 328
328 871
636 43
43 952
770 386
386 638
75 71
71 190
977 976
976 420
565 490
490 628
977 563
563 898
851 468
468 638
977 307
307 822
565 5
5 671
977 217
217 596
588 692
692 723
851 995
995 222
588 291
291 896
163 411
411 740
207 603
603 884
636 502
502 638
851 680
680 784
691 474
474 222
789 742
742 613
607 262
262 252
785 357
357 32
23 321
321 329
785 835
835 376
413 806
806 595
90 678
678 754
163 440
440 525
255 308
308 400
51 841
841 525
977 610
610 740
565 478
478 457
565 111
111 928
565 858
858 60
90 176
176 729
207 47
47 617
607 620
620 596
23 485
485 421
207 141
141 729
785 972
972 655
90 910
910 596
75 311
311 822
413 982
982 157
708 124
124 525
413 264
264 365
870 721
721 936
716 412
412 473
588 455
455 392
126 395
395 164
207 256
256 952
207 367
367 952
23 285
285 362
324 278
278 473
413 909
909 936
716 848
848 164
977 416
416 452
90 745
745 871
588 146
146 164
708 707
707 32
255 182
182 117
75 597
597 898
588 305
305 507
851 316
316 786
75 158
158 55
636 493
493 613
636 350
350 48
413 335
335 896
90 618
618 979
977 632
632 936
413 994
994 540
163 91
91 915
785 933
933 928
255 315
315 55
789 664
664 400
851 139
139 148
75 791
791 252
716 552
552 752
977 759
759 293
324 415
415 374
207 859
859 525
163 895
895 723
708 224
224 505
207 208
208 345
588 471
471 952
588 2
2 336
126 346
346 655
23 245
245 246
870 521
521 420
716 199
199 147
789 541
541 400
255 153
153 157
851 233
233 952
90 809
809 476
636 643
643 365
413 914
914 697
413 191
191 613
23 216
216 86
90 924
924 404
588 235
235 452
977 504
504 336
565 662
662 671
691 550
550 631
51 215
215 157
413 355
355 973
851 912
912 584
255 77
77 116
324 337
337 449
770 702
702 137
565 487
487 48
51 210
210 60
716 320
320 613
691 814
814 822
636 484
484 19
636 682
682 786
23 544
544 365
770 960
960 473
75 286
286 329
636 880
880 786
90 951
951 628
255 209
209 628
126 247
247 729
708 853
853 631
51 837
837 117
789 368
368 728
870 220
220 374
588 513
513 638
770 405
405 631
636 815
815 246
770 690
690 362
413 621
621 754
851 575
575 345
770 644
644 760
708 179
179 420
207 633
633 698
163 940
940 728
785 64
64 452
75 773
773 876
163 771
771 400
607 36
36 19
716 944
944 896
588 622
622 540
255 462
462 540
255 378
378 248
785 641
641 392
75 593
593 202
607 279
279 148
51 545
545 137
324 377
377 457
163 971
971 457
126 557
557 740
977 112
112 457
870 755
755 117
789 627
627 117
716 237
237 784
770 689
689 164
23 356
356 55
770 154
154 822
691 295
295 628
413 396
396 404
851 397
397 248
636 299
299 457
90 372
372 740
708 726
726 147
691 332
332 740
255 302
302 936
163 383
383 966
607 197
197 293
870 733
733 754
163 227
227 420
607 824
824 222
716 486
486 374
90 110
110 329
75 223
223 595
163 993
993 808
90 381
381 628
75 626
626 60
588 677
677 336
565 88
88 203
163 424
424 404
75 380
380 649
324 226
226 164
413 261
261 376
51 435
435 760
977 127
127 203
851 534
534 374
75 609
609 116
716 883
883 404
75 676
676 728
75 298
298 979
770 929
929 467
770 475
475 336
90 8
8 248
255 369
369 649
413 886
886 174
588 608
608 137
977 481
481 86
607 194
194 786
789 414
414 729
977 935
935 202
413 446
446 911
90 560
560 638
565 192
192 936
785 81
81 222
770 273
273 592
255 22
22 786
870 855
855 655
588 948
948 884
789 393
393 596
324 849
849 617
90 986
986 613
90 796
796 592
851 555
555 421
207 347
347 525
770 445
445 507
708 715
715 174
770 863
863 32
708 713
713 148
126 68
68 374
789 196
196 505
163 510
510 117
851 280
280 116
163 830
830 148
51 31
31 248
708 877
877 246
413 798
798 19
636 134
134 452
785 447
447 671
607 349
349 613
413 812
812 896
636 875
875 584
126 746
746 329
51 625
625 420
126 150
150 473
708 616
616 525
51 548
548 202
789 433
433 540
90 528
528 400
588 45
45 202
770 623
623 117
870 78
78 896
708 559
559 449
413 230
230 876
90 890
890 729
870 28
28 404
708 236
236 655
90 136
136 48
126 240
240 822
255 658
658 420
607 159
159 728
789 249
249 655
870 539
539 476
708 98
98 595
770 990
990 157
636 4
4 876
588 322
322 979
23 99
99 649
977 444
444 671
90 434
434 55
23 451
451 248
126 450
450 248
23 543
543 595
163 861
861 117
851 84
84 452
126 833
833 202
789 103
103 871
607 718
718 915
851 764
764 786
413 531
531 476
90 503
503 698
255 932
932 507
255 577
577 822
977 807
807 592
708 65
65 808
75 656
656 920
716 646
646 473
636 547
547 457
413 297
297 421
708 532
532 786
324 640
640 55
588 757
757 420
716 894
894 376
789 161
161 784
90 535
535 190
977 981
981 729
565 426
426 973
75 156
156 32
770 673
673 754
708 573
573 345
785 906
906 365
126 968
968 601
785 466
466 952
90 536
536 147
413 89
89 808
770 571
571 374
607 79
79 505
565 586
586 911
255 173
173 374
588 829
829 540
23 511
511 952
636 650
650 117
207 564
564 86
636 326
326 60
413 206
206 505
75 660
660 365
51 418
418 649
75 488
488 760
324 109
109 147
870 878
878 32
90 193
193 137
51 788
788 752
851 661
661 638
977 907
907 19
126 885
885 116
23 73
73 613
255 1
1 936
565 828
828 365
607 348
348 148
708 363
363 473
51 408
408 928
716 775
775 55
51 799
799 729
708 344
344 55
691 6
6 740
716 498
498 966
23 214
214 760
789 840
840 421
977 574
574 928
636 836
836 19
75 964
964 421
413 50
50 164
870 669
669 137
413 860
860 884
588 42
42 613
324 76
76 505
770 882
882 525
324 125
125 784
126 879
879 554
716 683
683 973
789 902
902 467
23 184
184 248
588 810
810 786
75 512
512 365
23 267
267 952
23 803
803 476
870 946
946 595
75 131
131 157
90 684
684 896
636 20
20 157
126 491
491 421
708 135
135 116
163 500
500 973
708 266
266 628
255 339
339 671
977 598
598 740
636 489
489 452
413 542
542 374
789 390
390 979
565 107
107 754
413 714
714 884
324 811
811 754
789 869
869 365
126 874
874 613
770 56
56 507
90 268
268 147
977 149
149 457
126 25
25 449
691 403
403 246
23 524
524 540
770 27
27 754
851 260
260 86
636 974
974 345
75 518
518 202
126 978
978 966
413 391
391 225
691 634
634 421
636 801
801 374
716 10
10 452
413 251
251 884
708 61
61 148
90 961
961 392
607 114
114 952
324 975
975 148
977 642
642 336
770 104
104 345
75 101
101 928
75 410
410 723
75 26
26 32
770 14
14 157
126 428
428 525
851 970
970 808
607 29
29 786
691 873
873 697
163 37
37 392
255 168
168 628
207 918
918 760
785 777
777 554
23 748
748 952
708 263
263 898
870 533
533 671
255 736
736 808
770 599
599 400
870 957
957 649
207 352
352 786
90 854
854 137
90 735
735 48
324 442
442 116
770 891
891 649
565 303
303 723
785 615
615 421
770 892
892 723
716 939
939 449
708 401
401 55
870 827
827 729
770 388
388 202
708 805
805 740
207 767
767 884
789 659
659 628
588 288
288 649
422 60
565 130
130 148
770 709
709 540
207 219
219 928
163 387
387 928
716 653
653 896
607 461
461 19
207 983
983 698
324 189
189 505
691 551
551 729
51 459
459 452
163 930
930 225
708 371
371 655
23 931
931 973
851 602
602 32
789 585
585 147
413 672
672 55
851 852
852 871
75 327
327 871
90 185
185 190
126 258
258 400
413 16
16 911
870 538
538 117
75 257
257 55
588 666
666 452
588 172
172 473
770 272
272 884
75 945
945 19
126 211
211 164
607 425
425 808
126 566
566 174
23 419
419 786
588 581
581 248
588 792
792 329
75 244
244 649
691 265
265 808
977 331
331 760
90 82
82 584
870 94
94 592
770 301
301 225
870 546
546 420
789 527
527 116
785 7
7 649
770 816
816 452
255 526
526 48
565 364
364 202
163 454
454 203
708 562
562 601
207 635
635 628
75 984
984 655
588 59
59 190
691 712
712 32
51 373
373 147
716 334
334 596
207 200
200 365
588 817
817 554
636 825
825 404
90 834
834 915
163 270
270 601
607 100
100 595
565 144
144 329
851 443
443 786
23 463
463 973
90 177
177 554
51 95
95 505
789 804
804 329
789 517
517 752
607 866
866 507
870 556
556 421
708 938
938 554
770 57
57 952
163 787
787 808
324 80
80 723
163 259
259 48
977 470
470 920
789 188
188 649
870 738
738 697
565 637
637 362
785 856
856 336
324 572
572 246
126 361
361 420
636 438
438 248
785 688
688 584
90 959
959 476
51 238
238 613
255 579
579 392
785 464
464 404
607 523
523 871
977 292
292 117
785 49
49 60
332 505
826 697
292 19
271 157
721 613
364 246
445 55
659 649
738 137
213 896
29 203
712 638
714 601
812 628
351 754
982 174
6 671
681 420
574 507
309 32
418 421
500 966
560 723
433 617
295 898
511 928
558 467
951 584
451 884
489 752
600 392
689 920
815 404
624 376
775 365
531 473
759 48
830 698
423 936
908 915
302 525
37 248
274 374
598 345
330 336
561 202
371 876
926 400
286 60
696 952
725 979
297 148
427 222
412 554
333 655
517 164
398 225
53 116
363 252
611 362
518 86
472 973
982 822
758 595
670 596
564 631
879 786
284 476
73 592
841 911
375 452
539 457
802 728
175 871
331 293
306 729
991 449
669 740
156 540
858 760
144 117
695 808
53 784
20 329
734 147
668 190
975 527
35 813
506 161
390 421
534 103
212 124
620 144
695 401
968 1990 842
783 12
254 861
266 378
394 724
618 602
884 381
917 694
313 511
572 19
880 612
147 819
733 345
925 864
413 787
588 938
244 652
472 794
742 130
926 83
26 134
91 825
832 609
850 297
470 828
117 551
570 290
528 943
94 165
480 429
675 140
271 440
622 326
617 725
710 148
737 99
278 385
679 43
365 376
737 436
436 865
850 318
318 865
926 375
375 535
737 228
228 408
679 842
842 34
617 256
256 906
588 904
904 866
365 757
757 594
572 367
367 217
622 650
650 154
413 224
224 155
832 820
820 785
733 774
774 616
783 629
629 829
244 577
577 503
244 911
911 735
26 293
293 340
710 432
432 154
617 30
30 887
618 359
359 265
710 441
441 887
570 417
417 887
832 68
68 887
618 132
132 3
679 585
585 865
147 786
786 243
588 385
385 641
313 179
179 453
884 804
804 154
742 857
857 566
737 213
213 453
117 789
789 616
742 146
146 628
884 301
301 920
413 425
425 1
675 943
943 220
733 665
665 641
617 730
730 907
742 666
666 726
926 10
10 890
783 824
824 829
617 522
522 713
91 682
682 1
737 134
134 181
742 276
276 637
147 653
653 770
926 791
791 410
618 290
290 176
244 509
509 454
622 409
409 901
266 424
424 566
832 226
226 815
244 777
777 176
365 377
377 866
570 128
128 906
266 16
16 34
917 771
771 901
472 960
960 438
413 747
747 388
884 482
482 95
147 214
214 438
470 158
158 785
622 196
196 373
679 767
767 388
266 116
116 258
394 949
949 354
365 439
439 307
733 114
114 474
413 861
861 649
617 806
806 848
470 175
175 95
271 419
419 575
710 383
383 959
832 759
759 49
470 247
247 729
710 859
859 535
472 329
329 3
622 173
173 865
733 71
71 410
622 93
93 536
480 593
593 154
266 60
60 1
271 567
567 637
266 437
437 512
271 875
875 536
675 151
151 307
880 449
449 907
572 874
874 770
117 801
801 536
832 498
498 594
313 712
712 906
710 53
53 848
925 83
83 729
472 412
412 209
244 893
893 327
394 82
82 217
278 379
379 61
618 323
323 637
313 22
22 178
925 909
909 156
884 695
695 815
244 166
166 890
26 160
160 829
313 107
107 933
570 868
868 181
278 724
724 154
675 849
849 907
737 202
202 920
413 64
64 901
91 137
137 3
266 428
428 397
413 319
319 503
622 186
186 315
925 940
940 644
94 255
255 155
917 840
840 340
710 607
607 454
679 914
914 536
622 928
928 315
26 838
838 142
783 790
790 698
617 797
797 866
617 59
59 641
413 325
325 258
271 807
807 450
413 442
442 641
617 80
80 258
710 280
280 454
733 609
609 829
472 581
581 142
832 435
435 726
572 98
98 644
710 426
426 729
244 285
285 616
832 189
189 109
570 287
287 397
850 423
423 154
271 825
825 243
850 317
317 181
472 157
157 575
832 743
743 258
528 772
772 454
617 599
599 890
783 27
27 468
832 390
390 704
880 35
35 454
618 856
856 865
244 765
765 176
528 620
620 154
472 662
662 713
480 681
681 637
880 370
370 616
617 883
883 109
618 218
218 536
278 270
270 898
926 349
349 373
472 689
689 408
742 401
401 307
675 608
608 61
618 227
227 535
117 103
103 735
710 869
869 654
278 619
619 628
480 870
870 273
617 429
429 866
884 361
361 450
570 495
495 535
365 624
624 628
917 918
918 667
117 545
545 566
94 529
529 265
94 86
86 628
783 277
277 49
147 431
431 357
850 341
341 178
271 494
494 729
618 481
481 397
528 963
963 176
413 40
40 887
850 469
469 704
480 837
837 898
710 343
343 667
917 651
651 468
622 345
345 176
94 638
638 176
147 872
872 155
733 627
627 815
733 237
237 354
742 387
387 866
94 484
484 410
742 92
92 890
832 225
225 11
617 229
229 513
742 43
43 410
570 697
697 536
91 540
540 1
313 942
942 243
622 610
610 209
528 135
135 217
278 677
677 176
394 526
526 744
528 885
885 641
413 727
727 920
742 152
152 154
832 9
9 513
266 406
406 11
94 253
253 713
884 527
527 887
570 569
569 815
26 363
363 594
618 600
600 397
588 683
683 818
737 75
75 61
832 356
356 327
679 676
676 340
572 731
731 933
925 562
562 453
572 802
802 770
271 919
919 770
710 351
351 373
617 41
41 536
480 321
321 866
570 845
845 474
925 486
486 104
618 597
597 906
94 99
99 848
618 500
500 468
313 420
420 729
147 894
894 315
617 830
830 458
26 722
722 357
925 282
282 178
733 208
208 713
480 823
823 217
832 602
602 637
783 882
882 154
413 168
168 142
925 171
171 660
480 746
746 901
254 687
687 468
675 446
446 474
783 382
382 848
737 36
36 97
254 143
143 468
480 507
507 729
470 905
905 637
528 670
670 536
675 248
248 654
618 69
69 155
572 475
475 920
925 150
150 770
266 455
455 660
528 896
896 468
617 342
342 217
394 632
632 920
254 635
635 34
588 900
900 458
675 203
203 542
588 821
821 649
884 685
685 729
880 684
684 866
244 579
579 726
617 167
167 818
850 130
130 890
832 672
672 535
832 191
191 628
917 613
613 373
278 490
490 649
26 427
427 181
880 947
947 454
313 738
738 307
244 108
108 354
588 434
434 154
480 485
485 654
675 520
520 315
365 716
716 637
94 194
194 628
884 112
112 628
783 639
639 408
588 299
299 357
737 803
803 220
480 141
141 726
926 939
939 307
588 750
750 829
926 395
395 968
588 81
81 438
26 478
478 968
617 25
25 815
733 476
476 408
652 61
925 844
844 920
570 415
415 156
572 184
184 1
147 717
717 104
850 915
915 667
244 549
549 698
244 718
718 273
917 346
346 933
244 751
751 95
737 739
739 566
480 111
111 744
365 812
812 357
244 311
311 594
365 748
748 542
94 941
941 818
675 163
163 410
783 902
902 815
679 958
958 628
26 106
106 729
244 50
50 512
733 889
889 307
572 405
405 968
884 661
661 307
394 252
252 217
117 793
793 637
254 452
452 453
147 796
796 408
570 380
380 454
884 693
693 388
925 766
766 327
783 443
443 968
884 873
873 866
365 664
664 3
884 669
669 474
254 85
85 357
413 14
14 649
588 283
283 959
588 533
533 536
588 551
551 265
733 47
47 438
313 658
658 217
254 758
758 273
271 561
561 906
244 948
948 327
413 523
523 95
26 754
754 818
470 24
24 616
679 302
302 623
413 170
170 887
244 51
51 887
737 392
392 815
394 12
12 704
850 303
303 307
917 552
552 866
394 73
73 327
278 221
221 667
737 205
205 397
365 400
400 713
617 647
647 628
572 70
70 209
675 430
430 594
737 768
768 785
733 344
344 315
850 242
242 933
832 5
5 785
365 852
852 243
850 655
655 408
480 810
810 11
617 502
502 735
117 389
389 156
737 118
118 97
528 144
144 307
884 105
105 209
679 215
215 474
147 763
763 594
884 833
833 503
710 805
805 265
117 663
663 357
278 876
876 866
413 808
808 865
925 521
521 410
679 393
393 907
917 499
499 178
254 238
238 95
244 798
798 315
675 587
587 735
880 924
924 458
147 199
199 438
733 792
792 968
147 230
230 397
679 769
769 181
365 210
210 95
742 930
930 109
472 564
564 698
413 673
673 109
472 543
543 97
733 532
532 503
588 871
871 968
26 347
347 667
917 462
462 307
622 355
355 667
117 153
153 512
710 177
177 156
528 422
422 848
472 263
263 535
832 506
506 901
926 576
576 373
394 77
77 155
365 23
23 217
917 961
961 438
117 164
164 815
365 858
858 667
365 67
67 698
94 780
780 243
925 846
846 408
528 78
78 667
147 505
505 109
832 366
366 468
622 466
466 11
733 612
612 468
917 656
656 644
470 187
187 890
472 586
586 155
617 463
463 388
679 56
56 410
94 259
259 373
394 416
416 410
588 353
353 726
117 699
699 243
480 332
332 628
925 62
62 542
880 756
756 829
26 192
192 450
470 165
165 11
884 558
558 898
588 956
956 450
254 814
814 887
254 668
668 357
832 736
736 388
926 841
841 744
737 753
753 373
917 87
87 408
271 634
634 729
733 892
892 142
710 289
289 907
679 232
232 453
742 457
457 217
278 320
320 513
850 29
29 95
679 776
776 628
94 284
284 649
850 715
715 920
570 8
8 454
470 55
55 34
710 601
601 209
710 272
272 906
91 414
414 818
313 957
957 898
147 473
473 265
480 201
201 34
742 636
636 644
572 935
935 649
850 630
630 729
917 212
212 97
737 648
648 410
679 936
936 815
917 578
578 654
850 916
916 3
679 172
172 628
278 740
740 307
617 444
444 97
313 52
52 181
783 493
493 408
254 402
402 890
925 491
491 503
679 707
707 735
679 66
66 315
147 851
851 898
117 2
2 340
313 568
568 154
244 459
459 848
91 334
334 49
675 615
615 373
528 692
692 408
472 671
671 34
572 525
525 1
266 886
886 815
244 54
54 327
26 211
211 566
472 721
721 535
675 115
115 503
733 559
559 815
588 267
267 61
926 123
123 468
572 611
611 408
480 828
828 667
528 954
954 887
94 688
688 217
394 231
231 109
880 966
966 968
470 511
511 848
742 306
306 176
26 778
778 408
26 560
560 575
926 539
539 644
884 13
13 641
91 944
944 340
783 190
190 865
480 235
235 536
884 834
834 519
880 674
674 307
94 555
555 660
675 421
421 156
617 275
275 887
26 720
720 265
618 127
127 770
588 745
745 265
528 309
309 890
783 314
314 644
26 140
140 340
470 125
125 357
365 847
847 156
91 63
63 354
528 621
621 104
572 378
378 454
710 565
565 623
832 308
308 468
470 274
274 273
622 46
46 34
313 860
860 907
570 702
702 735
470 246
246 3
742 598
598 542
880 584
584 458
850 701
701 307
244 955
955 61
618 48
48 454
244 504
504 454
617 962
962 474
926 554
554 503
572 714
714 1
117 222
222 95
917 286
286 453
926 645
645 373
617 411
411 61
470 338
338 698
470 708
708 243
917 592
592 178
926 853
853 450
365 418
418 566
926 761
761 220
737 44
44 357
588 530
530 340
742 145
145 866
470 456
456 243
470 583
583 61
783 809
809 388
254 483
483 933
710 719
719 770
244 294
294 866
26 223
223 729
117 827
827 155
147 604
604 829
94 573
573 97
850 239
239 307
244 296
296 373
26 119
119 641
572 96
96 698
365 863
863 156
91 547
547 1
675 260
260 512
742 514
514 357
266 162
162 273
147 149
149 397
480 131
131 408
254 706
706 649
117 90
90 649
394 350
350 410
94 251
251 641
365 461
461 575
617 703
703 243
733 447
447 667
622 234
234 660
147 690
690 209
925 839
839 637
278 732
732 258
413 775
775 959
710 404
404 243
528 580
580 142
850 122
122 155
117 304
304 535
880 633
633 898
588 136
136 61
675 121
121 354
588 788
788 512
926 4
4 906
572 921
921 154
850 241
241 726
117 348
348 181
618 396
396 920
394 37
37 512
622 288
288 890
365 369
369 503
572 148
148 649
710 180
180 726
737 897
897 968
925 550
550 410
528 376
376 408
679 524
524 865
926 279
279 887
588 625
625 660
271 492
492 474
313 362
362 654
622 257
257 209
147 553
553 933
850 281
281 388
266 89
89 315
675 800
800 623
880 487
487 34
472 912
912 906
742 760
760 273
737 964
964 154
884 596
596 468
117 755
755 887
622 927
927 357
147 678
678 542
472 358
358 1
783 591
591 616
254 403
403 887
618 614
614 95
926 298
298 155
94 749
749 519
570 174
174 575
480 364
364 512
413 497
497 104
622 159
159 307
832 479
479 644
588 32
32 959
675 794
794 209
244 371
371 628
742 855
855 744
394 331
331 307
850 782
782 968
94 946
946 11
413 17
17 968
733 538
538 397
926 339
339 890
266 574
574 327
365 368
368 818
570 700
700 726
742 471
471 61
480 182
182 637
26 967
967 785
394 445
445 61
675 836
836 513
147 541
541 156
850 138
138 698
413 198
198 61
742 42
42 660
91 268
268 519
278 723
723 156
622 76
76 623
880 337
337 660
710 101
101 933
470 124
124 623
783 910
910 726
618 546
546 34
618 762
762 468
266 903
903 512
710 864
864 729
94 193
193 95
588 854
854 453
618 879
879 1
244 261
261 959
528 799
799 815
710 79
79 410
850 877
877 818
394 310
310 644
470 938
938 273
26 133
133 829
617 590
590 61
832 571
571 3
742 843
843 315
278 891
891 865
91 640
640 307
480 951
951 512
365 517
517 512
528 711
711 454
572 74
74 109
313 20
20 354
884 291
291 906
26 501
501 142
783 407
407 735
617 250
250 512
271 477
477 907
917 161
161 735
91 139
139 258
472 642
642 818
480 200
200 258
783 888
888 178
617 813
813 104
271 316
316 154
147 269
269 156
271 57
57 906
254 240
240 142
884 582
582 217
480 694
694 265
413 328
328 575
94 305
305 968
266 6
6 273
850 680
680 258
394 18
18 920
884 686
686 818
622 950
950 785
618 433
433 637
278 399
399 181
147 245
245 865
570 233
233 726
254 931
931 209
472 606
606 848
926 262
262 575
528 605
605 968
117 183
183 726
244 374
374 217
271 908
908 155
413 38
38 887
470 932
932 654
925 19
19 649
313 129
129 454
266 372
372 744
480 725
725 11
254 206
206 959
254 781
781 181
917 326
326 397
679 488
488 258
572 923
923 770
742 922
922 49
850 752
752 315
472 120
120 512
278 544
544 453
572 741
741 265
117 31
31 95
832 953
953 258
880 728
728 178
91 899
899 933
254 548
548 920
588 603
603 458
710 185
185 890
244 878
878 388
266 297
297 644
618 816
816 644
365 534
534 713
733 333
333 209
679 508
508 1
254 764
764 178
365 28
28 907
618 113
113 104
254 537
537 907
472 336
336 142
618 557
557 176
917 324
324 408
742 531
531 154
528 515
515 357
850 643
643 142
850 15
15 388
91 330
330 142
365 188
188 744
733 787
787 907
470 489
489 906
679 646
646 468
617 100
100 104
884 21
21 34
618 626
626 906
618 831
831 156
394 219
219 920
94 88
88 109
733 895
895 453
618 352
352 542
925 460
460 142
617 384
384 438
679 862
862 575
394 835
835 408
926 465
465 726
244 867
867 616
880 33
33 97
472 197
197 97
617 216
216 959
926 881
881 155
570 72
72 770
850 39
39 155
622 952
952 340
917 102
102 818
470 819
819 340
710 386
386 373
470 657
657 468
617 381
381 34
313 264
264 901
470 391
391 265
737 691
691 848
850 589
589 542
880 467
467 438
117 464
464 97
94 360
360 848
570 7
7 566
244 659
659 729
925 510
510 181
925 826
826 104
244 945
945 512
880 518
518 388
832 773
773 357
622 779
779 566
737 207
207 623
783 335
335 95
926 734
734 49
679 195
195 454
394 795
795 176
470 110
110 818
91 169
169 354
117 516
516 660
91 822
822 637
622 817
817 770
832 65
65 770
588 398
398 453
588 451
451 11
679 709
709 181
783 295
295 704
117 811
811 644
472 448
448 594
880 84
84 898
413 934
934 209
783 440
440 373
117 496
496 704
617 312
312 3
618 204
204 898
570 58
58 340
94 292
292 667
26 696
696 61
850 322
322 785
94 556
556 155
470 236
236 890
528 300
300 61
832 126
126 901
528 929
929 49
572 705
705 438
783 45
45 901
26 913
913 307
271 784
784 865
618 563
563 898
783 631
631 628
266 249
249 142
147 965
965 933
94 595
595 542
470 937
937 11
445 735
135 698
479 3
888 865
32 519
446 181
833 11
358 536
507 575
746 258
591 397
589 906
434 512
946 217
555 654
904 176
511 155
894 354
810 265
541 901
521 637
902 388
293 933
912 829
609 410
484 142
353 628
712 34
498 49
299 513
642 408
643 373
918 744
473 468
533 623
888 649
442 109
404 450
541 474
179 729
262 535
873 315
805 660
885 220
377 209
126 959
414 104
471 95
270 178
550 458
100 453
736 273
746 438
56 243
500 887
328 594
810 866
856 920
608 1
304 770
321 704
853 890
788 815
636 454
525 616
928 785
112 327
57 566
398 644
831 907
696 154
568 818
295 97
677 357
188 61
226 641
592 156
342 503
30 542
362 968
301 667
318 848
112 340
152 898
233 713
282 546
509 212
75 809
793 839
417 822
533 521
101 291
153 511
786 263
121 723
12 207
179 959
601 159
694 531
377 569
532 122
494 207
193 817
763 706
911 667
801 47
617 317
276 558
861 540
449 819
917 750
806 325
419 126
150 606
662 723
538 258
608 688
730 184
587 288
688 348
127 631
31 890
561 416
762 713
611 119
746 357
860 4
309 180
78 711
183 696
137 560
201 826
798 601
202 389
786 530
193 829
110 142
162 770
365 573
529 706
166 154
16 727
948 711
351 347
505 159
653 574
562 315
339 138
444 752
904 442
82 345
128 408
650 478
585 107
375 858
852 181
664 462
22 395
689 192
278 633
534 217
529 11
560 965
417 756
720 839
241 185
80 99
227 552
962 817
836 641
164 578
75 731
745 591
926 873
611 260
344 199
287 503
70 779
428 640
680 100
550 534
26 361
152 8
282 532
362 197
757 351
615 755
499 611
358 185
948 48
717 955
747 718
526 164
876 862
387 594
190 354
302 512
198 908
544 945
334 368
620 342
775 155
190 38
394 837
444 300
301 522
287 471
237 915
115 775
669 968
746 233
302 920
409 490
821 780
946 626
813 787
560 331
115 145
757 349
75 630
359 678
69 560
437 295
71 668
35 719
482 916
893 152
531 330
213 558
393 87
806 851
916 933
436 944
670 546
254 715
892 125
870 556
528 87
742 553
102 822
160 85
507 604
257 61
804 297
82 122
759 729
842 943
85 930
345 954
849 404
492 855
832 449
266 440
874 944
699 680
703 951
12 31
476 787
545 264
22 455
56 630
853 360
241 659
43 418
915 591
167 898
960 664
956 1870 857
607 18
71 298
178 272
945 332
492 125
848 602
300 627
406 432
365 183
494 349
773 799
714 697
828 353
920 498
82 331
809 131
662 325
221 663
176 741
698 905
292 941
189 944
677 331
596 857
470 926
460 386
680 378
126 516
757 112
733 548
488 605
410 508
467 667
87 32
713 217
742 781
82 608
608 739
492 730
730 92
945 641
641 421
662 832
832 675
410 840
840 524
733 469
469 823
848 158
158 43
698 206
206 68
607 136
136 204
714 632
632 774
680 811
811 484
662 452
452 92
920 557
557 484
221 530
530 774
178 207
207 477
406 116
116 283
607 420
420 740
87 657
657 484
126 81
81 884
494 32
32 64
494 13
13 728
714 80
80 168
365 464
464 64
494 583
583 924
87 937
937 477
920 578
578 357
809 165
165 881
406 218
218 519
178 417
417 322
713 354
354 262
470 454
454 881
945 946
946 591
292 793
793 845
221 755
755 881
300 195
195 525
126 457
457 881
300 280
280 932
71 785
785 631
176 341
341 68
410 448
448 924
607 419
419 739
300 866
866 851
828 312
312 740
773 347
347 922
406 252
252 68
71 482
482 525
87 761
761 932
607 301
301 525
126 383
383 348
460 699
699 283
488 387
387 357
828 350
350 262
178 233
233 780
742 10
10 43
698 904
904 687
742 564
564 8
189 778
778 43
300 568
568 357
733 867
867 421
221 842
842 534
176 472
472 204
680 704
704 881
470 747
747 68
82 393
393 316
221 46
46 654
292 55
55 357
189 505
505 671
848 493
493 100
662 117
117 924
82 766
766 534
809 22
22 316
677 187
187 671
406 237
237 477
126 191
191 435
757 801
801 642
189 320
320 666
470 693
693 845
492 453
453 384
82 868
868 631
300 943
943 789
596 805
805 348
848 725
725 421
189 707
707 168
406 245
245 43
488 362
362 675
470 598
598 687
848 723
723 43
488 430
430 283
714 273
273 654
698 706
706 615
126 637
637 267
757 183
183 524
828 535
535 666
596 898
898 357
406 736
736 823
809 396
396 534
773 343
343 210
87 143
143 43
757 411
411 851
292 817
817 884
680 295
295 322
300 571
571 168
714 250
250 210
680 368
368 740
410 196
196 484
82 12
12 534
698 313
313 322
467 890
890 735
292 246
246 851
596 272
272 774
920 93
93 932
82 646
646 519
178 377
377 739
809 106
106 357
698 686
686 609
460 726
726 671
492 566
566 45
365 78
78 314
71 613
613 789
714 44
44 484
757 634
634 8
488 606
606 262
698 931
931 314
773 692
692 892
492 133
133 322
662 826
826 92
467 665
665 484
848 227
227 421
494 358
358 735
662 395
395 823
848 131
131 316
680 567
567 739
809 495
495 851
470 255
255 609
828 885
885 149
920 449
449 100
460 15
15 740
677 185
185 421
292 258
258 524
470 635
635 421
733 51
51 43
189 480
480 316
460 282
282 92
698 253
253 168
82 293
293 435
470 162
162 631
300 833
833 316
848 299
299 8
677 177
177 322
809 414
414 348
494 605
605 631
809 705
705 284
757 559
559 524
945 21
21 631
733 532
532 267
757 835
835 654
410 753
753 631
365 490
490 924
470 193
193 642
87 236
236 8
176 913
913 933
733 923
923 262
410 108
108 262
488 171
171 64
178 142
142 642
460 791
791 924
596 783
783 922
920 802
802 316
714 388
388 519
176 415
415 43
773 582
582 774
662 790
790 932
492 891
891 149
596 391
391 860
677 404
404 735
71 405
405 322
365 257
257 322
87 311
311 314
406 513
513 892
494 429
429 204
848 834
834 204
494 941
941 845
714 240
240 357
82 715
715 671
467 226
226 675
662 722
722 740
607 181
181 64
494 948
948 204
492 743
743 357
189 294
294 642
176 20
20 477
126 374
374 484
365 372
372 283
492 99
99 477
607 157
157 642
698 741
741 642
494 194
194 774
773 83
83 314
488 476
476 384
677 720
720 357
713 306
306 262
71 31
31 933
773 951
951 881
680 3
3 823
698 213
213 534
300 224
224 774
470 758
758 884
828 539
539 631
178 515
515 43
677 792
792 421
848 335
335 845
87 76
76 591
677 479
479 609
470 427
427 45
714 254
254 525
82 897
897 267
126 551
551 100
176 926
926 922
828 378
378 283
698 849
849 881
87 930
930 262
920 19
19 421
467 463
463 740
410 74
74 64
82 588
588 348
292 461
461 316
470 942
942 860
607 661
661 932
467 287
287 357
87 786
786 615
82 129
129 740
828 681
681 68
662 360
360 45
178 259
259 348
82 363
363 160
848 695
695 100
300 329
329 267
470 352
352 267
126 536
536 384
680 770
770 666
87 765
765 49
945 815
815 892
410 908
908 283
87 462
462 435
492 109
109 932
828 439
439 322
596 775
775 780
488 520
520 924
680 423
423 477
488 670
670 780
470 528
528 8
87 422
422 384
300 132
132 322
733 595
595 666
87 371
371 845
742 473
473 210
680 121
121 43
494 243
243 591
920 700
700 525
677 669
669 789
71 249
249 357
406 497
497 322
677 799
799 654
178 263
263 26
494 771
771 728
714 576
576 922
189 63
63 43
596 839
839 666
467 874
874 592
662 428
428 591
809 166
166 734
365 286
286 881
492 814
814 384
87 769
769 210
82 37
37 845
292 875
875 922
809 947
947 881
189 587
587 654
189 216
216 609
470 545
545 284
713 572
572 477
680 645
645 892
757 107
107 789
71 627
627 615
698 369
369 845
680 563
563 615
189 859
859 860
607 203
203 774
920 23
23 675
82 222
222 484
828 232
232 204
292 198
198 631
680 456
456 740
365 858
858 100
607 712
712 932
126 878
878 100
470 861
861 316
492 895
895 284
221 94
94 591
698 636
636 734
82 434
434 666
920 367
367 168
189 710
710 160
920 916
916 421
365 684
684 314
662 7
7 591
71 883
883 100
828 147
147 149
677 481
481 484
677 628
628 734
809 379
379 421
757 346
346 484
713 580
580 740
494 655
655 100
460 798
798 734
828 683
683 591
300 768
768 262
71 205
205 26
607 521
521 675
470 812
812 592
713 239
239 384
467 115
115 204
742 112
112 384
757 268
268 519
848 220
220 592
742 649
649 357
945 305
305 687
178 340
340 631
733 569
569 45
467 928
928 774
176 485
485 519
848 496
496 735
221 188
188 316
460 821
821 284
848 626
626 739
596 552
552 348
596 803
803 860
87 270
270 316
945 685
685 484
176 175
175 845
848 110
110 524
733 940
940 851
221 844
844 484
470 558
558 160
488 36
36 884
714 18
18 675
848 810
810 860
470 230
230 262
677 944
944 262
596 579
579 68
71 459
459 100
828 30
30 477
809 601
601 283
714 517
517 881
757 14
14 524
189 822
822 666
773 877
877 204
828 344
344 740
714 225
225 92
677 291
291 316
488 103
103 892
300 444
444 357
680 173
173 92
680 903
903 654
467 433
433 739
677 458
458 384
828 450
450 922
742 751
751 740
71 514
514 534
757 339
339 484
178 759
759 666
300 41
41 728
406 140
140 860
733 148
148 735
492 88
88 284
713 748
748 881
460 105
105 884
176 879
879 851
809 139
139 45
733 338
338 8
178 451
451 592
607 575
575 484
733 611
611 534
945 939
939 314
662 155
155 519
809 174
174 64
300 447
447 654
742 779
779 845
221 223
223 642
176 639
639 642
945 120
120 884
920 560
560 26
680 729
729 884
71 2
2 671
300 749
749 519
757 509
509 922
809 111
111 384
71 474
474 384
87 772
772 525
714 573
573 884
467 153
153 534
945 872
872 735
406 234
234 284
494 746
746 860
470 402
402 735
714 310
310 322
733 39
39 922
460 197
197 933
492 98
98 68
809 880
880 845
733 776
776 823
470 703
703 687
773 1
1 654
713 70
70 789
300 118
118 823
410 399
399 68
757 172
172 92
757 113
113 609
662 359
359 45
71 526
526 45
460 351
351 642
920 163
163 932
713 332
332 687
467 328
328 654
945 744
744 484
467 531
531 735
714 104
104 534
221 276
276 780
460 161
161 283
945 955
955 49
488 296
296 384
189 956
956 484
757 764
764 615
492 934
934 348
596 59
59 45
410 697
697 210
410 865
865 100
71 498
498 728
596 124
124 860
733 721
721 932
494 538
538 739
713 438
438 477
189 9
9 780
488 77
77 671
757 678
678 49
828 180
180 845
470 510
510 687
488 440
440 348
848 756
756 845
698 797
797 357
596 701
701 615
773 651
651 43
596 297
297 384
221 647
647 774
176 829
829 845
757 389
389 348
82 231
231 735
733 927
927 932
494 437
437 740
300 921
921 267
292 652
652 666
742 62
62 728
300 593
593 68
406 436
436 45
596 275
275 45
82 186
186 348
713 400
400 314
607 691
691 421
365 135
135 283
742 795
795 591
87 390
390 932
365 919
919 100
300 156
156 687
809 326
326 283
221 86
86 728
945 242
242 8
87 664
664 68
460 542
542 267
809 321
321 739
713 491
491 654
680 446
446 739
406 184
184 316
406 151
151 348
680 317
317 851
82 413
413 68
467 159
159 519
828 819
819 284
920 182
182 322
680 319
319 168
82 553
553 932
698 543
543 534
742 594
594 881
176 483
483 932
365 905
905 892
809 89
89 789
470 138
138 789
492 303
303 100
176 915
915 524
178 929
929 631
828 445
445 892
292 688
688 892
82 290
290 845
365 60
60 924
189 169
169 64
607 16
16 591
596 101
101 687
221 285
285 881
494 333
333 851
292 914
914 780
677 622
622 149
945 179
179 932
467 724
724 774
773 938
938 421
607 612
612 64
733 468
468 642
714 261
261 348
292 50
50 519
773 638
638 922
596 409
409 283
698 745
745 642
698 170
170 734
607 24
24 933
680 298
298 283
406 870
870 149
492 910
910 204
126 214
214 421
460 617
617 8
713 425
425 435
406 25
25 860
82 750
750 591
492 57
57 43
698 235
235 687
596 561
561 932
714 307
307 168
178 824
824 615
733 398
398 384
713 889
889 384
596 202
202 64
71 831
831 524
742 164
164 687
470 633
633 592
494 854
854 609
71 754
754 348
848 342
342 384
828 523
523 45
71 385
385 204
773 442
442 100
698 952
952 484
662 660
660 262
494 650
650 881
87 893
893 64
71 547
547 609
178 816
816 924
300 843
843 666
292 327
327 160
71 266
266 666
757 953
953 884
467 918
918 675
945 260
260 860
178 679
679 740
607 813
813 384
406 137
137 68
494 899
899 615
809 478
478 322
714 902
902 734
87 869
869 149
365 718
718 739
714 208
208 823
742 574
574 210
773 682
682 671
221 302
302 92
698 407
407 774
292 548
548 774
365 616
616 823
221 886
886 168
698 211
211 851
470 518
518 615
773 501
501 149
87 33
33 26
470 397
397 284
410 777
777 357
828 144
144 322
178 69
69 525
460 506
506 922
82 909
909 49
178 620
620 933
742 836
836 609
662 75
75 384
920 925
925 734
607 66
66 316
492 690
690 631
773 85
85 789
698 376
376 316
189 96
96 484
126 584
584 615
757 424
424 49
596 694
694 860
178 141
141 267
698 663
663 92
460 315
315 932
757 719
719 932
945 73
73 477
809 599
599 210
467 668
668 932
470 603
603 734
178 623
623 739
365 841
841 284
492 54
54 421
189 787
787 64
126 489
489 933
470 201
201 591
848 366
366 631
467 837
837 860
494 386
386 609
488 516
516 609
596 431
431 484
221 689
689 348
494 441
441 642
698 91
91 780
176 334
334 615
596 281
281 49
848 34
34 45
494 455
455 774
714 788
788 64
677 199
199 739
82 274
274 654
406 56
56 210
365 309
309 314
713 659
659 45
662 256
256 283
460 522
522 642
828 361
361 519
126 356
356 780
71 416
416 525
607 554
554 860
757 507
507 666
470 382
382 534
492 29
29 774
467 200
200 671
126 901
901 68
126 288
288 851
848 251
251 43
828 289
289 884
82 853
853 933
178 487
487 933
470 102
102 284
945 318
318 675
698 508
508 735
71 127
127 210
945 763
763 789
677 403
403 204
82 152
152 789
176 625
625 592
71 696
696 932
680 373
373 591
945 264
264 168
410 570
570 348
221 604
604 654
292 894
894 160
176 597
597 43
488 862
862 8
365 585
585 284
178 212
212 92
300 856
856 45
698 876
876 845
945 673
673 675
742 672
672 210
300 546
546 477
733 732
732 740
680 278
278 384
713 674
674 740
828 38
38 8
292 381
381 384
607 392
392 534
698 896
896 591
680 219
219 357
467 11
11 45
460 325
325 348
87 503
503 314
713 857
857 666
680 47
47 284
945 716
716 534
809 727
727 933
82 935
935 671
680 767
767 881
742 871
871 932
492 882
882 654
71 549
549 728
757 863
863 8
71 676
676 884
662 656
656 687
677 27
27 534
920 279
279 884
773 541
541 666
292 610
610 316
71 820
820 168
809 838
838 734
292 247
247 160
470 752
752 654
126 917
917 357
365 954
954 267
494 781
781 666
365 128
128 525
607 640
640 357
178 800
800 845
410 658
658 160
82 277
277 64
178 537
537 609
920 589
589 525
292 847
847 314
189 850
850 631
680 888
888 932
292 911
911 357
742 67
67 68
733 614
614 283
773 370
370 932
300 465
465 357
677 432
432 592
607 533
533 262
742 550
550 671
713 504
504 68
492 337
337 160
773 643
643 654
300 265
265 316
492 119
119 160
828 408
408 357
189 323
323 204
82 150
150 534
470 90
90 631
292 586
586 789
470 864
864 666
809 53
53 932
300 512
512 210
87 84
84 477
757 17
17 322
87 130
130 64
221 72
72 421
773 486
486 435
492 873
873 860
87 95
95 675
365 134
134 687
126 602
602 8
698 412
412 609
662 271
271 100
809 624
624 666
406 600
600 8
87 807
807 160
713 52
52 322
467 907
907 316
680 762
762 591
714 648
648 314
677 619
619 671
221 345
345 845
607 500
500 45
410 336
336 642
488 248
248 92
848 244
244 316
71 502
502 168
126 215
215 728
221 190
190 591
410 653
653 631
365 540
540 210
596 825
825 675
714 42
42 100
714 818
818 774
757 364
364 160
492 731
731 851
713 48
48 932
733 330
330 348
470 58
58 210
460 154
154 348
848 900
900 262
607 544
544 49
945 708
708 283
607 269
269 45
292 238
238 734
492 146
146 534
178 555
555 168
492 65
65 283
848 145
145 262
714 737
737 609
680 394
394 284
757 852
852 384
662 711
711 64
406 590
590 922
828 556
556 740
406 565
565 631
662 6
6 932
677 527
527 435
945 304
304 316
677 5
5 609
677 738
738 421
945 581
581 654
189 355
355 675
662 827
827 421
82 35
35 642
713 667
667 728
596 562
562 933
742 426
426 774
87 192
192 314
607 644
644 591
757 936
936 642
680 229
229 45
733 466
466 774
662 475
475 284
176 794
794 592
677 217
217 267
494 375
375 477
920 418
418 922
87 702
702 789
757 125
125 435
176 906
906 168
221 97
97 591
713 709
709 739
71 760
760 774
410 228
228 26
596 4
4 845
680 511
511 322
607 61
61 421
300 209
209 262
945 241
241 49
365 353
353 780
292 380
380 322
607 167
167 924
733 308
308 615
698 808
808 933
221 331
331 149
809 949
949 477
828 114
114 774
71 122
122 642
713 887
887 519
178 804
804 267
713 349
349 654
82 717
717 534
945 629
629 316
365 28
28 671
494 618
618 204
467 443
443 322
494 324
324 922
300 912
912 68
757 806
806 740
300 621
621 534
680 782
782 348
365 529
529 823
809 577
577 519
406 40
40 484
920 950
950 267
742 630
630 924
460 846
846 884
494 123
123 484
467 471
471 149
406 499
499 477
698 79
79 8
126 796
796 860
492 401
401 204
757 855
855 92
460 784
784 823
677 830
830 322
563 384
362 654
67 49
124 534
329 851
465 884
22 100
874 484
866 68
129 525
39 615
564 631
811 881
613 26
720 92
426 45
803 592
476 675
711 823
709 519
868 924
294 728
481 933
833 845
949 283
867 435
649 780
664 735
148 43
274 687
755 734
852 892
879 348
270 357
352 789
453 168
505 204
96 421
901 860
164 642
373 739
67 284
244 922
657 64
906 740
568 671
914 210
175 160
904 524
787 774
282 8
693 149
712 609
246 267
748 314
710 932
304 591
278 316
363 666
276 477
106 322
770 262
515 590
765 474
692 60
350 706
379 262
143 501
51 891
919 918
437 893
803 160
575 119
137 656
354 785
638 912
705 216
194 900
142 864
459 732
340 381
359 349
148 727
799 40
481 648
214 654
285 499
766 498
452 256
817 711
839 538
352 438
867 489
842 669
866 228
626 353
564 921
388 259
214 796
133 569
898 265
819 794
597 784
55 906
91 34
716 267
608 302
867 432
761 953
368 487
461 729
202 61
294 14
207 679
803 892
46 263
147 324
831 871
907 1808 842
474 109
768 357
702 673
248 612
28 732
376 606
225 375
152 369
591 727
802 836
7 29
120 878
605 794
904 843
862 355
535 709
879 208
260 547
859 169
746 46
456 672
105 273
342 730
21 266
525 725
622 896
552 665
331 354
615 510
408 572
742 680
643 127
848 526
648 803
264 847
476 572
458 198
745 833
234 115
634 46
678 871
67 641
858 660
84 154
735 103
226 444
800 360
472 743
223 644
56 867
443 868
49 433
793 355
40 505
434 557
435 674
456 5
5 299
152 743
743 807
67 711
711 688
443 1
1 822
7 873
873 822
264 740
740 139
634 833
833 61
7 238
238 425
858 219
219 9
223 422
422 807
105 534
534 61
862 887
887 822
904 577
577 688
745 46
46 139
40 632
632 254
223 124
124 299
802 785
785 9
622 573
573 425
858 429
429 299
120 364
364 139
331 43
43 425
474 363
363 822
408 243
243 299
331 199
199 425
49 94
94 61
408 771
771 254
234 29
29 139
105 670
670 688
535 167
167 9
435 222
222 425
376 836
836 9
678 427
427 688
643 684
684 9
434 727
727 425
152 302
302 139
248 869
869 139
331 732
732 61
456 725
725 807
443 784
784 254
859 162
162 807
552 164
164 9
605 905
905 9
746 897
897 9
456 175
175 299
342 402
402 299
443 228
228 61
793 651
651 425
848 792
792 822
56 850
850 299
223 6
6 425
793 58
58 822
234 571
571 822
622 122
122 299
643 182
182 299
331 179
179 139
120 33
33 299
225 442
442 425
342 559
559 822
605 143
143 688
525 432
432 254
223 522
522 254
248 174
174 139
21 907
907 807
105 716
716 425
49 184
184 61
56 466
466 822
648 271
271 9
234 782
782 299
456 872
872 9
264 355
355 807
264 327
327 299
169 425
879 770
770 822
678 98
98 425
591 650
650 807
376 356
356 9
474 604
604 807
702 213
213 254
859 339
339 9
7 397
397 254
879 158
158 9
67 737
737 61
342 457
457 807
879 776
776 9
152 151
151 807
152 38
38 688
456 66
66 425
225 805
805 688
904 645
645 807
800 315
315 807
735 464
464 139
848 566
566 822
472 400
400 9
376 444
444 425
248 902
902 9
648 536
536 254
434 815
815 425
591 530
530 139
745 504
504 9
67 521
521 425
443 860
860 139
802 311
311 822
152 276
276 254
458 515
515 299
605 341
341 425
7 281
281 9
56 601
601 425
49 409
409 254
552 756
756 688
7 266
266 425
648 841
841 9
226 153
153 822
223 693
693 61
525 310
310 425
735 495
495 254
342 753
753 139
735 899
899 254
331 22
22 425
331 683
683 425
472 204
204 254
434 641
641 254
858 155
155 139
643 148
148 688
768 883
883 61
234 517
517 254
434 497
497 688
476 574
574 139
859 652
652 61
535 338
338 688
225 340
340 254
535 412
412 9
476 786
786 299
434 767
767 139
40 621
621 9
331 565
565 254
56 322
322 61
260 246
246 425
226 88
88 425
904 101
101 299
443 289
289 688
678 900
900 822
225 45
45 9
105 176
176 299
615 587
587 807
648 279
279 299
768 353
353 688
678 59
59 688
225 681
681 425
264 352
352 139
342 323
323 254
862 112
112 807
745 150
150 9
331 256
256 299
746 2
2 822
84 502
502 254
226 362
362 807
49 878
878 688
456 810
810 299
800 569
569 807
702 589
589 61
223 197
197 9
843 61
678 386
386 807
376 328
328 254
800 269
269 299
622 857
857 807
264 527
527 61
802 657
657 688
552 305
305 254
591 481
481 822
225 252
252 9
443 736
736 254
223 416
416 807
443 526
526 254
605 326
326 425
248 75
75 688
859 682
682 822
472 508
508 299
226 852
852 61
648 357
357 807
120 705
705 425
456 224
224 688
848 361
361 807
331 797
797 688
331 262
262 425
615 733
733 822
605 463
463 299
800 870
870 254
120 62
62 299
634 714
714 254
879 288
288 425
862 286
286 61
678 220
220 299
735 895
895 9
622 119
119 254
28 868
868 425
458 60
60 688
120 418
418 299
7 195
195 254
225 32
32 807
634 255
255 425
862 244
244 9
800 510
510 807
342 50
50 61
223 572
572 425
248 628
628 688
793 667
667 425
84 329
329 807
408 231
231 807
858 590
590 688
862 257
257 254
260 532
532 425
56 317
317 688
435 330
330 807
768 349
349 425
768 619
619 822
248 285
285 807
435 465
465 425
376 901
901 425
474 178
178 425
615 130
130 299
443 609
609 822
443 438
438 807
152 630
630 822
49 557
557 9
21 672
672 822
615 138
138 61
746 114
114 139
49 881
881 688
225 64
64 9
223 880
880 139
342 844
844 822
458 730
730 688
702 496
496 807
746 265
265 299
49 104
104 61
49 385
385 9
28 828
828 299
643 906
906 299
702 440
440 807
742 871
871 61
859 202
202 425
21 79
79 822
476 846
846 425
84 606
606 807
800 147
147 688
248 107
107 425
264 90
90 254
768 744
744 254
648 346
346 9
476 15
15 807
152 136
136 9
474 163
163 425
376 762
762 299
342 87
87 822
535 831
831 807
331 370
370 9
634 665
665 807
376 110
110 139
634 240
240 139
225 115
115 9
331 407
407 9
234 395
395 254
768 461
461 299
105 373
373 807
7 35
35 822
615 319
319 254
7 441
441 9
223 451
451 807
858 30
30 425
622 324
324 425
591 514
514 9
802 584
584 807
859 273
273 299
858 89
89 9
678 491
491 254
105 592
592 688
591 626
626 254
702 245
245 822
21 297
297 61
634 436
436 425
859 558
558 425
476 388
388 299
456 369
369 807
435 653
653 688
223 503
503 299
456 477
477 688
800 625
625 9
225 791
791 254
21 307
307 688
552 640
640 254
443 726
726 425
49 81
81 425
120 752
752 61
40 781
781 822
648 198
198 807
120 387
387 822
342 51
51 254
476 47
47 61
858 401
401 822
225 631
631 822
643 218
218 807
226 232
232 139
591 617
617 9
476 189
189 9
634 547
547 61
746 212
212 807
248 26
26 688
225 159
159 807
800 390
390 61
858 701
701 254
858 644
644 299
56 505
505 688
248 533
533 299
634 36
36 822
525 646
646 807
248 863
863 299
742 132
132 254
456 462
462 688
28 554
554 807
862 325
325 61
591 685
685 61
525 446
446 139
742 125
125 822
67 492
492 9
105 383
383 807
879 821
821 299
21 467
467 807
605 379
379 9
408 593
593 425
605 52
52 425
260 83
83 807
800 856
856 254
84 704
704 822
40 723
723 254
702 760
760 425
745 91
91 254
858 192
192 139
40 853
853 254
260 812
812 688
376 779
779 9
476 53
53 61
152 282
282 822
552 121
121 9
793 366
366 139
680 61
152 820
820 807
435 817
817 822
862 896
896 299
848 494
494 425
525 528
528 425
84 211
211 299
49 542
542 139
735 662
662 61
105 550
550 688
105 889
889 139
105 579
579 425
793 74
74 299
342 99
99 254
648 404
404 299
615 498
498 9
622 837
837 425
443 411
411 254
735 708
708 299
40 728
728 425
746 468
468 822
768 729
729 139
408 292
292 139
648 611
611 254
634 335
335 425
260 378
378 9
376 321
321 61
793 423
423 9
535 421
421 822
7 516
516 9
535 267
267 807
474 470
470 299
745 306
306 139
226 633
633 9
456 194
194 9
862 556
556 9
678 263
263 61
648 17
17 254
225 855
855 254
434 133
133 807
802 3
3 254
67 695
695 822
793 384
384 425
802 500
500 254
456 892
892 61
702 471
471 822
376 217
217 9
331 738
738 822
408 278
278 688
634 531
531 807
7 669
669 822
879 270
270 807
525 754
754 688
746 808
808 254
793 830
830 61
634 221
221 9
858 44
44 822
456 249
249 299
260 452
452 425
225 829
829 139
904 594
594 61
591 140
140 688
7 596
596 139
40 295
295 299
768 399
399 61
735 337
337 9
226 537
537 61
648 620
620 807
643 876
876 254
67 493
493 807
152 548
548 9
862 437
437 61
702 666
666 139
746 482
482 425
634 284
284 139
742 803
803 807
40 627
627 688
802 629
629 9
746 206
206 807
800 780
780 688
248 272
272 425
591 393
393 425
28 541
541 425
862 360
360 254
552 259
259 61
84 766
766 9
735 875
875 9
634 111
111 254
742 676
676 254
408 359
359 139
456 37
37 807
458 563
563 688
234 142
142 61
591 636
636 822
648 487
487 807
40 486
486 688
105 661
661 807
260 553
553 254
408 842
842 299
248 171
171 139
648 612
612 61
904 473
473 688
622 603
603 822
678 539
539 807
848 877
877 299
56 719
719 61
879 78
78 9
862 318
318 425
615 811
811 139
443 835
835 425
859 117
117 9
264 692
692 254
858 749
749 299
21 761
761 807
342 741
741 688
226 459
459 822
56 181
181 688
120 524
524 9
120 188
188 139
21 490
490 807
472 398
398 299
456 720
720 139
67 293
293 822
248 131
131 822
105 332
332 139
904 656
656 688
476 12
12 688
622 200
200 299
742 893
893 807
223 866
866 688
793 538
538 425
120 82
82 688
535 165
165 822
802 576
576 688
223 287
287 299
745 483
483 688
434 734
734 61
331 69
69 688
67 227
227 139
648 303
303 254
223 4
4 807
458 277
277 61
768 420
420 688
768 764
764 139
622 320
320 61
223 253
253 254
745 41
41 822
742 145
145 299
591 308
308 299
225 100
100 139
456 706
706 61
105 595
595 9
859 825
825 61
793 602
602 61
152 882
882 139
802 304
304 822
226 11
11 807
225 396
396 688
28 403
403 807
458 160
160 9
435 448
448 9
67 196
196 9
260 127
127 425
735 799
799 254
476 168
168 822
408 34
34 61
591 453
453 61
591 216
216 61
904 588
588 688
745 731
731 299
7 86
86 139
862 788
788 9
342 113
113 299
648 391
391 425
793 769
769 425
223 663
663 9
793 568
568 688
605 417
417 61
435 431
431 139
605 280
280 807
858 664
664 688
234 775
775 425
28 166
166 425
848 686
686 254
456 864
864 822
67 394
394 688
376 283
283 139
443 894
894 254
802 586
586 822
152 274
274 61
848 748
748 61
223 8
8 254
56 118
118 688
848 540
540 688
879 291
291 61
745 623
623 822
535 697
697 807
735 313
313 807
56 677
677 139
525 210
210 807
456 600
600 688
858 658
658 822
735 18
18 139
56 336
336 61
331 77
77 254
879 39
39 688
525 832
832 688
120 312
312 822
7 57
57 254
859 76
76 139
858 654
654 425
84 294
294 822
643 649
649 9
28 891
891 9
768 236
236 139
634 298
298 807
120 392
392 299
223 345
345 807
879 499
499 254
226 758
758 807
768 696
696 254
152 818
818 822
605 241
241 425
49 854
854 807
152 599
599 822
40 561
561 822
408 106
106 299
474 750
750 688
591 146
146 61
56 368
368 425
105 823
823 9
234 598
598 139
226 365
365 807
49 597
597 822
904 149
149 425
264 68
68 425
443 134
134 688
591 48
48 807
862 333
333 807
848 813
813 9
260 578
578 822
260 413
413 807
225 512
512 425
768 608
608 688
745 647
647 822
746 415
415 139
858 703
703 61
745 624
624 139
634 141
141 139
456 367
367 9
120 673
673 807
40 867
867 807
443 215
215 61
40 724
724 807
648 827
827 61
591 710
710 822
904 314
314 9
105 613
613 425
525 172
172 61
859 173
173 688
458 406
406 139
408 123
123 299
535 607
607 254
248 193
193 299
7 717
717 425
21 63
63 822
746 642
642 822
702 419
419 299
745 545
545 822
858 826
826 688
443 475
475 299
67 798
798 688
49 350
350 688
56 555
555 425
342 671
671 61
434 377
377 139
408 759
759 61
858 381
381 299
105 27
27 299
552 230
230 807
735 183
183 139
643 888
888 254
858 290
290 139
525 14
14 425
105 156
156 688
745 834
834 9
862 426
426 822
678 129
129 688
331 721
721 61
456 562
562 139
643 567
567 688
678 424
424 425
458 694
694 425
49 344
344 425
331 380
380 299
342 838
838 254
552 801
801 822
67 405
405 139
476 709
709 139
904 250
250 688
225 796
796 425
535 108
108 425
472 479
479 688
408 186
186 807
858 778
778 425
7 610
610 822
735 96
96 688
745 777
777 61
745 348
348 425
634 585
585 299
223 898
898 425
622 715
715 61
105 42
42 822
879 207
207 9
678 865
865 299
678 351
351 425
435 638
638 9
67 31
31 61
476 637
637 61
622 546
546 688
800 689
689 61
634 560
560 254
49 25
25 9
525 570
570 822
152 722
722 688
225 354
354 822
859 445
445 61
800 616
616 299
472 103
103 807
331 668
668 688
859 523
523 299
535 840
840 299
648 95
95 688
678 455
455 299
342 675
675 9
802 851
851 425
434 135
135 822
56 237
237 139
234 154
154 425
702 347
347 822
634 543
543 299
678 433
433 425
622 551
551 807
678 679
679 139
634 109
109 425
862 201
201 254
456 13
13 299
793 72
72 254
248 187
187 688
248 507
507 425
476 509
509 61
768 824
824 139
21 316
316 61
472 884
884 425
152 687
687 139
591 809
809 425
248 790
790 425
152 16
16 807
21 861
861 688
525 819
819 254
476 580
580 9
56 639
639 254
408 814
814 61
768 161
161 299
802 583
583 9
879 190
190 139
342 511
511 425
434 371
371 822
848 233
233 299
120 208
208 9
746 137
137 807
643 93
93 139
800 334
334 688
800 70
70 254
28 275
275 299
56 874
874 299
535 19
19 425
615 655
655 807
768 102
102 688
49 519
519 139
434 529
529 688
745 513
513 688
225 242
242 61
648 460
460 425
456 795
795 61
800 414
414 822
105 410
410 299
105 506
506 688
248 73
73 139
859 789
789 254
768 886
886 9
643 478
478 139
225 660
660 139
904 581
581 688
234 713
713 807
56 116
116 822
105 763
763 822
40 659
659 9
678 787
787 61
634 235
235 688
643 489
489 139
458 691
691 822
331 751
751 299
648 144
144 807
458 301
301 807
702 229
229 425
223 389
389 139
67 845
845 299
67 454
454 425
800 258
258 425
7 170
170 807
84 582
582 61
904 239
239 822
535 205
205 688
264 614
614 822
408 635
635 807
525 374
374 822
225 358
358 299
472 247
247 61
21 847
847 254
904 126
126 425
742 214
214 61
904 885
885 822
435 296
296 299
21 24
24 807
120 903
903 425
768 55
55 254
248 65
65 688
848 618
618 9
443 450
450 299
525 251
251 139
622 97
97 61
474 849
849 688
435 485
485 61
56 773
773 254
848 449
449 254
605 501
501 425
28 300
300 425
434 839
839 822
746 382
382 807
472 439
439 9
226 85
85 425
248 185
185 254
622 739
739 425
264 575
575 9
879 698
698 254
768 747
747 425
434 544
544 9
745 718
718 61
458 772
772 425
152 428
428 254
21 804
804 688
859 177
177 807
879 80
80 688
472 549
549 61
28 674
674 299
84 375
375 822
56 690
690 254
643 209
209 425
746 191
191 9
735 707
707 807
605 203
203 299
643 180
180 254
802 520
520 254
84 564
564 299
605 774
774 9
84 92
92 61
735 372
372 254
768 699
699 139
735 469
469 299
802 816
816 425
525 430
430 425
49 484
484 139
105 54
54 9
456 268
268 807
408 128
128 254
226 712
712 425
260 20
20 139
443 755
755 425
862 757
757 139
443 309
309 61
435 343
343 9
848 700
700 299
859 518
518 822
443 794
794 254
434 261
261 822
768 783
783 9
742 71
71 254
802 23
23 822
735 890
890 254
525 488
488 688
552 765
765 688
472 806
806 822
443 480
480 425
634 10
10 807
858 447
447 9
745 157
157 822
384 61
401 139
644 688
473 299
827 9
141 822
11 254
401 807
713 425
902 16
212 806
626 874
555 804
897 137
904 238
174 717
152 767
112 161
115 263
528 258
169 803
769 543
815 345
367 347
883 656
304 518
525 805
175 240
685 344
355 668
40 682
782 839
402 3
150 95
588 166
805 214
215 230
184 607
768 282
193 447
764 707
573 894
441 449
47 516
24 816
640 201
511 774
245 640
84 296
820 106
792 878
536 861
685 485
33 119
524 568
906 891
656 280
631 715
354 614
158 409
530 212
270 236
228 718
483 417
322 811
269 438
850 826
52 597
725 310
407 598
558 95
976 1933 801
422 353
141 733
746 221
572 371
308 51
515 494
642 428
603 156
373 909
238 537
843 789
226 784
382 157
520 583
888 886
575 661
875 574
48 541
885 371
211 119
941 155
435 75
943 683
21 450
624 114
415 809
305 364
827 872
220 386
516 609
222 824
847 458
773 240
36 891
3 825
949 446
586 29
754 541
508 289
391 818
163 869
934 810
388 496
67 320
452 83
235 505
650 38
857 71
659 858
647 421
529 24
112 93
199 313
830 838
333 955
180 657
486 105
953 101
258 706
47 927
963 878
443 613
123 157
31 723
744 745
1 715
417 425
590 553
56 92
323 403
679 82
588 721
35 301
585 775
697 16
81 351
471 499
43 831
4 823
159 225
614 277
545 761
529 651
651 767
308 24
24 509
590 330
330 785
435 609
609 800
220 229
229 816
235 128
128 816
222 150
150 476
471 364
364 509
258 396
396 623
642 755
755 816
614 761
761 284
35 194
194 272
31 9
9 584
422 803
803 517
953 721
721 366
323 334
334 530
388 635
635 2
953 466
466 559
415 302
302 517
679 587
587 656
754 233
233 490
857 664
664 602
43 369
369 954
614 41
41 889
679 338
338 785
941 498
498 430
211 717
717 480
67 95
95 152
515 810
810 117
603 353
353 202
4 825
825 54
4 58
58 682
43 399
399 895
471 416
416 962
159 625
625 404
941 348
348 925
31 187
187 769
773 264
264 840
659 893
893 840
47 401
401 124
333 777
777 309
875 672
672 241
941 774
774 86
220 648
648 854
857 780
780 543
4 652
652 767
941 715
715 110
163 403
403 184
642 318
318 566
56 8
8 972
258 811
811 448
529 379
379 862
226 740
740 430
520 134
134 510
308 79
79 790
830 255
255 117
435 894
894 525
308 39
39 171
614 866
866 656
391 912
912 479
963 711
711 366
112 126
126 490
422 775
775 533
949 92
92 895
452 806
806 366
847 331
331 117
388 167
167 140
545 304
304 44
422 371
371 862
31 462
462 696
647 232
232 152
163 807
807 314
31 69
69 510
603 770
770 339
1 819
819 510
603 695
695 854
123 815
815 284
199 389
389 895
516 734
734 510
585 326
326 543
843 918
918 2
388 101
101 404
520 544
544 596
35 639
639 530
471 271
271 272
21 579
579 474
885 267
267 241
443 802
802 889
572 215
215 448
516 370
370 972
417 658
658 636
614 449
449 778
963 16
16 862
572 321
321 792
746 307
307 183
81 521
521 183
888 974
974 309
545 917
917 656
508 390
390 889
843 783
783 476
603 291
291 602
388 687
687 54
934 926
926 525
81 618
618 184
830 722
722 972
1 782
782 117
857 964
964 479
391 360
360 682
516 227
227 854
220 593
593 720
443 377
377 86
35 526
526 430
67 122
122 649
159 221
221 106
585 249
249 510
112 175
175 778
435 762
762 384
391 400
400 476
199 151
151 272
305 145
145 171
754 469
469 509
545 763
763 685
603 259
259 649
963 130
130 854
949 475
475 129
422 68
68 339
746 155
155 889
773 709
709 682
1 809
809 646
588 356
356 241
679 13
13 314
949 496
496 656
529 939
939 720
112 61
61 637
35 752
752 548
746 481
481 404
31 577
577 566
443 394
394 339
323 472
472 792
679 538
538 153
1 40
40 366
382 62
62 862
43 196
196 548
36 892
892 596
47 683
683 324
222 427
427 925
4 234
234 566
875 876
876 895
323 300
300 153
603 434
434 596
1 441
441 509
847 288
288 517
642 848
848 954
388 860
860 184
3 834
834 203
941 768
768 778
235 408
408 566
417 936
936 148
943 661
661 816
885 60
60 203
156 862
614 524
524 972
422 27
27 972
486 341
341 530
943 906
906 790
382 219
219 192
388 312
312 646
333 277
277 696
953 268
268 882
847 64
64 144
36 25
25 559
830 274
274 15
949 276
276 144
163 231
231 800
529 57
57 448
305 881
881 272
220 629
629 509
81 355
355 889
35 442
442 284
624 788
788 183
875 189
189 656
953 760
760 525
934 97
97 895
590 903
903 110
773 576
576 958
36 645
645 184
830 200
200 530
614 257
257 474
21 84
84 882
590 80
80 241
471 266
266 958
21 558
558 889
963 627
627 86
21 795
795 792
141 395
395 530
697 591
591 800
443 499
499 153
308 315
315 792
48 387
387 448
220 874
874 19
875 421
421 816
333 757
757 314
754 638
638 192
508 368
368 404
624 253
253 479
857 176
176 656
520 952
952 685
238 252
252 339
382 424
424 954
941 565
565 720
603 136
136 148
452 76
76 769
31 349
349 124
226 821
821 165
21 282
282 958
679 191
191 404
934 600
600 106
382 125
125 705
388 313
313 962
443 290
290 814
659 605
605 152
949 745
745 696
647 938
938 840
516 676
676 448
81 185
185 649
575 914
914 404
31 168
168 646
36 420
420 769
888 801
801 882
238 592
592 324
21 457
457 543
67 336
336 203
443 607
607 404
885 328
328 767
308 138
138 778
830 753
753 791
21 218
218 790
773 703
703 623
953 615
615 840
830 295
295 769
48 113
113 339
81 286
286 767
515 967
967 479
575 437
437 490
575 657
657 972
123 461
461 790
679 381
381 86
1 794
794 106
382 78
78 418
941 747
747 962
422 335
335 559
373 930
930 153
679 873
873 646
744 583
583 889
235 375
375 296
36 139
139 339
123 376
376 184
572 212
212 646
508 808
808 790
422 549
549 86
159 478
478 202
953 969
969 646
56 205
205 889
830 871
871 720
650 85
85 525
47 620
620 533
43 937
937 602
949 883
883 958
590 325
325 448
516 91
91 19
590 193
193 649
585 10
10 171
934 927
927 153
888 666
666 685
659 758
758 474
659 230
230 800
211 372
372 814
163 468
468 129
949 822
822 510
515 619
619 474
56 681
681 144
827 243
243 44
529 739
739 184
4 870
870 584
963 454
454 444
235 901
901 171
220 861
861 490
847 971
971 202
857 653
653 510
847 714
714 171
847 913
913 314
199 247
247 54
123 569
569 925
586 599
599 548
590 552
552 895
391 872
872 106
47 178
178 854
56 103
103 972
603 209
209 202
21 109
109 791
588 799
799 406
4 169
169 816
572 522
522 510
67 393
393 106
443 505
505 816
586 976
976 543
56 30
30 2
3 655
655 140
963 188
188 144
211 829
829 790
953 118
118 720
235 146
146 791
949 589
589 476
48 402
402 778
141 865
865 720
163 798
798 406
572 350
350 165
827 704
704 474
697 438
438 517
199 919
919 656
141 855
855 633
888 89
89 696
36 278
278 566
827 784
784 129
830 172
172 418
471 608
608 636
650 812
812 324
48 573
573 404
112 570
570 584
422 459
459 791
647 270
270 800
885 198
198 202
934 467
467 479
308 781
781 44
36 940
940 100
603 613
613 404
220 343
343 785
3 132
132 584
123 732
732 284
31 643
643 852
744 725
725 792
31 693
693 889
963 137
137 474
81 225
225 814
744 82
82 202
888 131
131 566
159 204
204 962
43 455
455 602
226 727
727 296
515 26
26 656
650 931
931 296
659 164
164 339
875 206
206 840
163 337
337 510
112 423
423 480
508 947
947 476
382 942
942 696
141 504
504 958
3 127
127 54
508 94
94 124
830 98
98 705
746 177
177 525
614 451
451 769
235 456
456 106
586 842
842 790
180 700
700 153
659 342
342 296
333 561
561 510
391 5
5 474
572 173
173 202
647 410
410 110
31 601
601 882
305 66
66 418
333 120
120 19
650 197
197 785
857 182
182 124
515 786
786 2
67 512
512 509
67 837
837 637
56 293
293 124
443 285
285 202
333 668
668 636
235 598
598 785
417 237
237 656
471 699
699 404
624 890
890 384
323 630
630 566
112 574
574 852
941 166
166 418
857 899
899 840
199 354
354 148
545 818
818 958
199 833
833 148
31 357
357 814
575 428
428 895
941 160
160 2
614 546
546 649
21 298
298 778
373 29
29 444
226 201
201 448
220 730
730 479
949 532
532 272
163 965
965 474
3 316
316 816
885 662
662 418
21 392
392 548
373 850
850 284
67 162
162 972
417 594
594 530
81 849
849 117
875 378
378 479
827 306
306 479
123 340
340 882
949 425
425 778
586 107
107 517
36 582
582 769
220 491
491 202
123 878
878 510
941 928
928 509
614 726
726 366
827 263
263 954
180 157
157 790
486 224
224 525
830 71
71 140
885 246
246 954
1 506
506 840
590 869
869 324
642 897
897 339
520 863
863 171
934 432
432 816
422 23
23 15
857 310
310 548
48 578
578 705
36 880
880 584
697 374
374 510
21 836
836 517
258 733
733 404
614 397
397 958
443 329
329 272
586 564
564 882
159 973
973 852
773 845
845 854
545 961
961 339
486 944
944 720
754 453
453 184
843 804
804 480
572 621
621 882
435 887
887 925
949 535
535 15
4 147
147 767
305 477
477 517
529 458
458 296
388 262
262 117
934 240
240 543
31 210
210 543
4 797
797 106
141 910
910 153
508 96
96 203
508 547
547 840
754 886
886 958
199 670
670 152
827 45
45 490
520 411
411 165
857 864
864 882
963 858
858 533
21 7
7 954
575 346
346 384
47 742
742 15
744 55
55 895
235 921
921 636
48 610
610 649
43 671
671 584
575 644
644 448
515 631
631 852
744 853
853 152
875 483
483 696
575 207
207 202
373 824
824 2
943 823
823 490
697 405
405 192
486 251
251 476
308 748
748 124
220 73
73 882
659 501
501 203
333 179
179 171
31 606
606 954
857 70
70 790
31 236
236 637
235 597
597 792
949 560
560 110
575 684
684 623
43 518
518 15
180 955
955 384
81 386
386 272
220 735
735 476
333 195
195 778
31 174
174 559
199 764
764 954
830 935
935 633
575 228
228 778
843 265
265 509
746 966
966 183
520 319
319 106
226 923
923 720
827 867
867 548
4 667
667 685
47 303
303 366
180 414
414 100
650 751
751 476
443 820
820 962
199 254
254 418
647 514
514 366
941 245
245 543
744 20
20 15
163 723
723 785
43 743
743 769
180 669
669 543
754 102
102 785
238 111
111 490
3 749
749 324
529 407
407 623
4 283
283 525
949 429
429 404
963 626
626 685
642 960
960 144
471 750
750 962
746 361
361 685
624 242
242 44
1 99
99 566
744 915
915 862
642 553
553 533
515 771
771 925
697 439
439 814
827 706
706 192
585 37
37 430
47 250
250 602
47 380
380 656
333 223
223 656
180 497
497 602
211 554
554 816
238 898
898 509
508 909
909 816
603 74
74 958
417 22
22 720
949 759
759 602
21 409
409 785
650 817
817 767
624 83
83 171
941 766
766 602
1 595
595 633
545 523
523 778
305 957
957 444
697 239
239 889
697 352
352 814
575 359
359 790
588 385
385 685
258 765
765 418
963 412
412 792
603 419
419 852
305 946
946 202
443 904
904 444
305 362
362 816
744 460
460 559
123 611
611 272
659 426
426 785
211 617
617 790
388 32
32 543
199 49
49 767
773 550
550 479
572 673
673 474
679 332
332 202
373 297
297 192
391 440
440 448
373 53
53 685
949 301
301 418
642 779
779 366
857 911
911 854
373 487
487 769
642 42
42 792
180 482
482 685
885 502
502 384
949 294
294 656
211 772
772 44
222 431
431 954
31 50
50 339
226 686
686 791
36 75
75 816
885 708
708 792
422 275
275 202
220 51
51 656
123 158
158 685
659 838
838 19
452 556
556 649
529 161
161 649
943 72
72 840
520 951
951 530
614 513
513 705
238 90
90 19
159 470
470 509
843 839
839 840
333 116
116 816
888 716
716 958
585 622
622 530
953 445
445 339
21 902
902 284
159 641
641 623
235 33
33 110
515 289
289 140
529 702
702 117
943 542
542 148
486 562
562 785
31 540
540 636
305 18
18 767
163 674
674 854
773 612
612 448
417 279
279 418
888 186
186 548
744 933
933 272
697 741
741 596
847 660
660 418
941 347
347 165
642 831
831 184
590 891
891 430
614 851
851 296
159 929
929 623
586 6
6 100
220 787
787 324
123 531
531 720
43 680
680 474
857 571
571 384
857 868
868 152
3 541
541 685
590 776
776 476
857 828
828 404
830 805
805 925
163 28
28 479
603 52
52 479
56 884
884 566
43 489
489 530
435 500
500 272
422 114
114 404
843 519
519 720
443 718
718 925
585 14
14 852
746 492
492 962
827 908
908 86
642 119
119 840
211 311
311 106
163 713
713 171
112 217
217 954
888 731
731 110
452 710
710 430
949 975
975 685
941 465
465 184
875 322
322 800
941 154
154 785
47 813
813 623
953 640
640 152
515 616
616 925
508 916
916 474
508 689
689 509
43 736
736 480
333 433
433 840
452 287
287 183
43 345
345 404
857 88
88 566
888 920
920 958
391 181
181 633
1 568
568 705
847 551
551 153
875 351
351 339
744 628
628 840
388 135
135 153
471 835
835 124
754 796
796 790
572 292
292 533
586 280
280 140
333 503
503 925
697 675
675 962
857 707
707 862
773 488
488 649
452 511
511 509
235 464
464 559
520 922
922 490
435 104
104 791
235 956
956 284
953 905
905 685
382 121
121 284
773 93
93 2
373 317
317 705
141 844
844 636
21 539
539 474
953 856
856 814
141 365
365 117
112 528
528 696
934 678
678 510
308 604
604 559
963 557
557 525
180 344
344 649
603 859
859 646
323 663
663 444
588 11
11 814
56 63
63 366
35 463
463 272
857 826
826 596
159 789
789 100
585 398
398 144
888 507
507 548
744 932
932 15
323 756
756 646
603 832
832 15
575 793
793 86
515 261
261 816
471 383
383 129
373 654
654 862
211 143
143 184
199 17
17 840
697 900
900 705
486 214
214 324
112 877
877 272
211 320
320 418
422 677
677 790
443 729
729 309
422 142
142 474
56 495
495 962
435 527
527 696
520 485
485 490
1 581
581 682
830 46
46 171
305 38
38 202
885 896
896 682
305 719
719 656
180 534
534 962
520 841
841 510
697 216
216 339
141 299
299 517
520 846
846 106
520 959
959 566
226 688
688 284
48 712
712 54
163 924
924 309
443 907
907 296
830 450
450 889
773 494
494 566
141 879
879 637
226 133
133 602
830 115
115 596
614 248
248 814
585 694
694 800
590 738
738 862
585 269
269 778
516 436
436 785
516 65
65 117
159 632
632 852
211 256
256 54
585 358
358 566
235 473
473 840
47 108
108 623
36 970
970 148
238 567
567 474
963 537
537 649
603 536
536 86
843 12
12 284
452 105
105 510
963 692
692 543
857 59
59 404
258 260
260 284
754 244
244 140
888 213
213 510
529 580
580 314
159 190
190 637
211 555
555 110
43 737
737 791
226 34
34 525
81 634
634 444
226 413
413 476
515 363
363 140
31 493
493 584
123 728
728 656
614 87
87 183
888 948
948 314
827 327
327 124
226 281
281 854
659 149
149 418
21 701
701 476
885 208
208 418
323 950
950 962
31 446
446 100
81 698
698 954
31 724
724 19
238 367
367 479
746 691
691 117
624 968
968 584
305 170
170 685
943 77
77 633
529 945
945 854
847 273
273 882
746 665
665 685
697 447
447 100
67 563
563 272
323 690
690 962
71 682
497 2
568 767
187 479
504 816
737 509
10 769
661 192
629 962
935 148
200 296
741 814
320 165
726 129
808 646
251 15
902 517
884 480
330 444
805 954
970 339
426 152
109 889
134 649
821 685
317 895
921 117
200 636
20 882
483 559
107 633
197 124
906 637
218 110
761 596
707 533
874 183
574 543
256 203
848 86
161 958
919 272
845 656
201 720
694 430
969 602
381 448
926 418
130 324
402 202
910 696
289 790
922 54
722 530
850 314
688 791
698 490
535 284
897 171
182 484
321 474
209 972
200 852
41 525
477 623
264 800
87 925
425 140
466 548
344 840
348 792
263 566
72 309
345 510
97 153
139 100
260 476
534 106
168 241
657 19
138 366
823 406
538 785
878 862
380 384
7 778
386 404
8 584
897 184
535 144
748 44
156 705
684 665
908 785
57 662
415 311
967 287
211 752
285 691
186 183
68 809
713 945
428 409
42 144
903 118
749 510
125 682
561 409
620 872
952 703
187 188
136 332
567 790
658 719
940 292
48 292
109 149
386 884
270 488
442 131
905 623
853 839
78 144
128 689
275 213
772 289
159 122
587 606
365 2
467 571
703 536
414 88
660 705
396 750
298 915
953 666
138 640
803 76
507 117
774 481
974 935
691 86
295 412
163 670
237 87
268 582
544 613
516 426
320 299
783 536
379 253
222 738
911 495
924 962
535 911
613 557
907 148
815 205
85 116
403 595
440 718
711 867
60 453
305 326
776 895
55 688
408 463
876 408
593 351
803 655
589 644
963 449
344 244
194 717
673 646
927 346
434 461
162 490
138 279
786 431
574 767
921 46
642 260
302 767
725 950
949 456
608 347
364 285
395 668
462 528
931 34
315 140
481 745
382 232
188 75
226 849
744 95
934 464
552 879
368 869
547 386
428 201
861 598
399 967
582 106
570 616
167 593
609 584
388 421
349 263
917 759
62 133
668 303
279 828
721 778
81 706
709 385
545 58
699 879
26 751
417 721
166 951
892 470
141 268
113 433
453 11
843 478
1 821
226 441
18 537
952 870
26 510
247 735
588 662
829 540
48 34
975 791
671 663
961 63
468 100
828 510
918 797
805 557
585 652
748 250
378 347
599 464
600 111
717 500
926 690
