5
76 158 1
68 69
23 31
23 65
65 63
23 27
27 63
31 70
23 48
48 63
23 19
19 63
23 62
62 63
68 38
38 70
23 57
57 63
23 47
47 70
23 42
42 63
23 69
69 63
23 15
15 70
23 22
22 70
23 72
72 70
68 13
13 70
23 73
73 70
23 67
67 63
68 50
50 70
68 14
14 70
68 54
54 63
23 40
40 63
68 64
64 63
23 44
44 63
23 33
33 63
68 26
26 63
23 10
10 63
23 51
51 63
68 3
3 70
23 60
60 70
23 32
32 63
23 2
2 70
68 16
16 63
23 39
39 63
68 45
45 63
51 70
47 32
42 67
27 15
14 16
27 10
19 73
9 21
9 76
76 66
9 30
30 66
9 58
58 66
9 53
53 66
9 46
46 66
9 59
59 66
9 24
24 66
9 18
18 66
9 35
35 66
9 61
61 66
9 6
6 66
9 43
43 66
9 52
52 66
9 1
1 66
9 55
55 66
9 41
41 66
9 8
8 66
9 56
56 66
9 7
7 66
9 49
49 66
9 12
12 66
9 11
11 66
9 25
25 66
9 17
17 66
9 37
37 66
9 71
71 66
9 36
36 66
21 66
9 5
5 66
9 74
74 66
9 75
75 66
9 34
34 66
9 29
29 66
9 28
28 66
9 4
4 66
30 41
76 18
35 4
7 71
43 71
6 43
53 43
21 74
53 18
63 20
70 20
20 9
98 193 1
70 4
84 30
92 38
81 59
93 97
17 66
63 82
95 7
22 46
70 19
19 29
70 66
66 29
63 68
68 29
22 80
80 29
93 20
20 29
63 54
54 29
70 38
38 29
81 96
96 29
4 29
63 5
5 29
84 45
45 29
95 87
87 29
84 77
77 29
84 12
12 29
95 49
49 29
17 94
94 29
70 34
34 29
70 59
59 29
22 62
62 29
63 2
2 29
95 26
26 29
17 8
8 29
22 14
14 29
92 48
48 29
93 41
41 29
63 16
16 29
95 88
88 29
92 37
37 29
92 91
91 29
93 9
9 29
22 90
90 29
63 11
11 29
81 27
27 29
63 33
33 29
84 76
76 29
63 75
75 29
81 10
10 29
63 24
24 29
81 55
55 29
81 46
46 29
92 89
89 29
93 74
74 29
84 82
82 29
70 42
42 29
63 51
51 29
95 35
35 29
22 36
36 29
95 53
53 29
22 61
61 29
81 32
32 29
92 18
18 29
81 13
13 29
93 40
40 29
17 83
83 29
81 23
23 29
95 97
97 29
22 78
78 29
92 67
67 29
81 58
58 29
17 60
60 29
70 65
65 29
70 72
72 29
84 98
98 29
17 57
57 29
63 73
73 29
93 25
25 29
22 7
7 29
63 71
71 29
70 50
50 29
84 39
39 29
17 43
43 29
70 28
28 29
92 15
15 29
95 44
44 29
81 1
1 29
17 21
21 29
17 52
52 29
92 3
3 29
81 56
56 29
17 64
64 29
92 30
30 29
92 79
79 29
95 69
69 29
93 6
6 29
81 86
86 29
81 47
47 29
63 31
31 29
93 85
85 29
4 34
4 55
23 65
62 51
46 3
90 52
54 27
84 16
20 69
73 154 1
38 26
38 37
37 40
38 50
50 40
38 49
49 40
38 46
46 40
38 43
43 40
26 40
38 35
35 40
38 45
45 40
38 10
10 40
38 48
48 40
38 56
56 40
38 8
8 40
38 47
47 40
38 54
54 40
38 41
41 40
38 4
4 40
38 21
21 40
38 27
27 40
38 60
60 40
38 25
25 40
38 9
9 40
38 12
12 40
38 51
51 40
38 28
28 40
38 14
14 40
38 7
7 40
38 42
42 40
38 18
18 40
38 57
57 40
38 61
61 40
38 24
24 40
38 2
2 40
38 13
13 40
38 55
55 40
47 61
25 24
4 21
48 28
35 27
54 21
56 2
60 14
1 17
1 70
70 36
1 73
73 6
1 69
69 52
1 59
59 6
1 23
23 6
1 5
5 52
1 33
33 52
1 16
16 36
1 19
19 52
1 67
67 6
1 62
62 6
1 64
64 52
1 11
11 52
1 68
68 6
1 22
22 6
1 29
29 52
1 3
3 6
1 53
53 36
1 20
20 36
1 63
63 36
1 72
72 52
1 66
66 6
17 52
1 58
58 52
1 65
65 36
1 44
44 36
1 32
32 36
1 71
71 52
1 15
15 52
1 31
31 6
1 39
39 36
1 34
34 36
39 52
19 36
23 36
22 34
68 15
64 29
73 3
5 62
33 62
33 15
33 36
67 36
40 30
30 1
75 150 1
24 19
24 74
74 44
24 52
52 14
24 63
63 20
24 68
68 14
24 75
75 44
24 46
46 20
24 69
69 20
24 25
25 20
24 27
27 20
24 9
9 14
24 3
3 44
24 23
23 44
24 53
53 14
24 37
37 14
24 57
57 14
24 54
54 20
24 22
22 20
24 33
33 20
24 28
28 44
24 67
67 14
24 5
5 44
24 48
48 44
19 20
24 11
11 14
24 36
36 14
24 21
21 44
24 50
50 14
24 73
73 20
24 8
8 44
24 17
17 14
24 38
38 44
24 1
1 20
24 10
10 14
67 44
75 3
46 57
37 38
68 48
33 1
67 5
40 32
40 26
26 31
40 4
4 31
40 60
60 31
40 39
39 31
40 30
30 31
40 12
12 31
40 66
66 31
40 71
71 31
40 18
18 31
40 49
49 31
40 72
72 31
40 47
47 31
40 51
51 31
40 58
58 31
40 59
59 31
40 55
55 31
40 35
35 31
40 7
7 31
40 43
43 31
40 13
13 31
40 6
6 31
40 16
16 31
40 45
45 31
40 34
34 31
40 56
56 31
40 65
65 31
40 62
62 31
40 41
41 31
40 2
2 31
40 29
29 31
40 70
70 31
40 64
64 31
40 42
42 31
40 61
61 31
32 31
4 56
4 2
58 55
14 15
20 15
44 15
15 40
98 185 1
57 54
49 53
89 15
89 27
27 11
89 95
95 71
57 93
93 71
57 35
35 12
57 42
42 12
49 82
82 80
89 72
72 64
89 20
20 64
89 96
96 11
57 50
50 71
57 22
22 80
49 94
94 12
49 97
97 80
89 76
76 64
57 53
53 64
89 17
17 31
49 7
7 71
57 63
63 11
49 36
36 12
49 70
70 64
89 25
25 11
49 1
1 64
49 46
46 31
49 9
9 80
89 61
61 71
57 51
51 11
89 45
45 64
57 21
21 11
49 83
83 71
49 14
14 11
49 78
78 71
89 75
75 31
49 38
38 11
57 8
8 71
49 19
19 71
57 92
92 31
57 28
28 11
49 6
6 11
89 88
88 71
49 39
39 11
57 90
90 80
49 55
55 80
57 18
18 80
89 87
87 31
57 65
65 71
89 29
29 12
89 44
44 31
89 37
37 80
49 54
54 80
89 67
67 12
49 77
77 12
89 4
4 71
57 60
60 71
57 48
48 12
89 74
74 31
15 71
89 30
30 64
57 43
43 80
49 81
81 12
89 2
2 64
57 62
62 11
89 26
26 64
57 86
86 12
49 73
73 11
89 91
91 80
57 3
3 80
49 40
40 71
89 10
10 31
57 52
52 71
89 16
16 12
49 5
5 31
49 69
69 11
49 34
34 80
57 66
66 11
49 41
41 71
49 24
24 64
49 32
32 71
57 13
13 11
49 47
47 71
57 56
56 12
89 68
68 71
49 58
58 64
89 79
79 64
57 85
85 71
49 98
98 80
57 59
59 31
89 84
84 12
49 23
23 11
57 33
33 12
79 71
82 64
19 80
41 31
93 11
