5
948 1976 885
194 931
204 30
685 227
934 678
384 667
755 567
17 683
537 285
824 142
860 866
909 928
634 778
790 14
701 563
308 649
126 651
883 81
416 187
244 550
263 932
677 693
358 593
250 759
639 122
721 147
26 873
524 922
85 361
410 724
335 2
706 607
774 905
790 395
395 45
883 899
899 346
883 195
195 414
790 712
712 751
790 57
57 145
909 479
479 109
706 5
5 400
194 864
864 418
883 887
887 751
384 762
762 671
685 511
511 45
685 676
676 130
26 837
837 145
685 152
152 109
824 121
121 418
335 794
794 145
194 269
269 418
774 328
328 312
308 652
652 658
250 528
528 662
759 751
537 578
578 671
384 920
920 603
126 314
314 45
416 785
785 431
721 461
461 784
774 319
319 400
909 936
936 671
701 83
83 145
537 680
680 947
860 900
900 312
639 245
245 331
126 778
778 312
634 440
440 457
244 373
373 266
126 660
660 662
774 591
591 312
922 343
263 849
849 662
537 211
211 431
639 880
880 947
706 611
611 343
639 482
482 508
537 619
619 414
250 438
438 662
410 66
66 431
909 477
477 526
537 484
484 947
721 705
705 343
384 749
749 869
263 423
423 130
706 623
623 400
706 73
73 45
934 278
278 907
934 349
349 418
934 617
617 266
909 363
363 63
204 419
419 869
126 380
380 312
685 641
641 109
677 646
646 414
677 326
326 751
860 445
445 457
634 924
924 130
721 243
243 751
824 763
763 662
17 689
689 145
774 232
232 526
824 339
339 63
685 7
7 312
537 128
128 869
883 804
804 63
26 163
163 907
250 697
697 346
410 783
783 549
790 228
228 312
384 649
649 603
909 218
218 71
263 919
919 130
250 598
598 22
263 89
89 343
706 769
769 751
263 674
674 784
639 44
44 22
416 425
425 907
17 267
267 274
860 142
142 947
85 108
108 266
308 111
111 71
824 722
722 526
204 538
538 907
17 559
559 784
250 566
566 22
790 575
575 431
909 813
813 266
126 175
175 671
774 861
861 343
721 564
564 431
126 855
855 662
194 867
867 784
358 367
367 346
26 101
101 549
774 768
768 145
701 590
590 907
909 643
643 662
634 369
369 784
774 76
76 266
824 127
127 22
263 327
327 145
634 801
801 312
537 731
731 751
824 48
48 63
639 186
186 658
639 458
458 907
639 453
453 947
416 884
884 526
755 285
285 431
263 912
912 71
824 780
780 662
755 696
696 331
204 937
937 947
721 593
593 526
685 150
150 346
250 311
311 312
701 167
167 526
790 879
879 671
358 571
571 784
85 744
744 343
204 325
325 658
126 329
329 414
790 31
31 414
883 856
856 346
685 272
272 784
204 397
397 45
524 231
231 400
685 765
765 549
860 898
898 508
335 946
946 274
701 75
75 63
934 52
52 526
790 928
928 266
204 202
202 45
250 872
872 145
126 87
87 751
706 521
521 414
263 779
779 457
883 364
364 414
358 259
259 751
634 229
229 784
706 654
654 671
860 336
336 869
701 811
811 947
639 24
24 346
204 401
401 45
824 536
536 526
755 497
497 457
634 620
620 907
244 644
644 63
909 275
275 907
639 735
735 431
634 93
93 130
883 720
720 63
909 846
846 331
639 520
520 414
524 357
357 145
677 816
816 274
790 540
540 22
634 131
131 343
416 882
882 130
909 368
368 658
883 120
120 431
126 159
159 109
824 828
828 109
416 316
316 130
358 820
820 418
774 640
640 331
308 833
833 145
860 264
264 130
250 100
100 343
883 776
776 63
883 724
724 274
308 77
77 508
524 1
1 671
524 839
839 662
721 375
375 947
824 752
752 22
358 208
208 400
335 647
647 312
308 792
792 274
909 683
683 312
335 681
681 508
706 2
2 947
358 709
709 603
721 821
821 658
634 580
580 45
204 857
857 331
755 808
808 508
824 240
240 431
934 68
68 526
85 940
940 508
250 82
82 22
790 81
81 549
909 372
372 274
26 91
91 45
126 893
893 71
126 381
381 431
774 848
848 274
204 102
102 130
17 294
294 414
685 268
268 751
26 157
157 603
774 854
854 145
701 691
691 662
685 297
297 658
244 234
234 266
774 298
298 907
706 496
496 418
685 224
224 784
721 835
835 671
358 650
650 145
250 179
179 457
860 36
36 45
358 59
59 145
677 257
257 947
358 589
589 947
358 734
734 526
706 341
341 418
701 302
302 266
308 193
193 414
701 799
799 662
706 628
628 71
85 450
450 274
706 104
104 71
384 103
103 662
335 144
144 346
335 424
424 414
537 94
94 431
824 11
11 331
250 608
608 346
883 6
6 22
860 261
261 671
755 550
550 526
634 876
876 784
883 122
122 869
308 155
155 346
537 518
518 22
263 330
330 22
537 775
775 869
537 554
554 22
384 41
41 671
126 351
351 71
934 523
523 662
883 561
561 671
416 439
439 907
677 473
473 457
85 283
283 71
883 382
382 907
524 480
480 526
308 27
27 400
26 165
165 671
17 806
806 526
774 446
446 549
384 657
657 418
26 840
840 63
639 236
236 784
204 764
764 526
790 930
930 869
524 925
925 784
308 888
888 45
308 938
938 508
126 788
788 45
335 134
134 784
384 509
509 343
883 488
488 266
26 187
187 869
250 895
895 549
524 515
515 549
244 700
700 418
17 106
106 784
335 43
43 662
126 153
153 346
824 672
672 947
701 464
464 266
824 441
441 784
634 519
519 751
639 361
361 130
860 136
136 414
410 862
862 266
358 562
562 63
755 412
412 145
358 230
230 331
244 901
901 414
701 137
137 331
883 941
941 751
126 354
354 671
677 866
866 671
308 635
635 671
755 730
730 71
824 507
507 274
416 421
421 603
677 945
945 869
126 143
143 671
194 726
726 145
685 604
604 266
335 533
533 130
335 147
147 869
934 13
13 266
126 181
181 869
934 462
462 274
755 282
282 603
934 814
814 274
774 632
632 414
263 902
902 658
824 829
829 947
721 279
279 312
701 189
189 266
358 695
695 63
26 114
114 457
17 33
33 457
244 220
220 63
524 753
753 145
250 668
668 869
721 37
37 312
909 174
174 526
677 789
789 312
721 527
527 784
263 467
467 431
934 770
770 45
634 47
47 400
204 800
800 947
204 661
661 526
250 288
288 526
524 344
344 457
85 489
489 274
308 729
729 414
824 906
906 414
204 289
289 457
17 23
23 751
639 834
834 869
410 875
875 869
335 53
53 400
790 79
79 63
701 291
291 947
263 710
710 63
85 929
929 414
358 874
874 130
204 699
699 22
677 396
396 400
250 741
741 947
250 383
383 109
701 139
139 431
204 28
28 400
204 606
606 63
194 530
530 71
537 310
310 22
934 732
732 671
774 90
90 658
755 158
158 71
17 249
249 508
263 377
377 414
677 795
795 274
909 374
374 907
17 84
84 331
85 49
49 457
250 428
428 751
790 852
852 418
824 584
584 418
701 486
486 662
384 826
826 312
634 565
565 414
85 602
602 603
17 933
933 109
85 944
944 603
126 21
21 400
17 318
318 549
416 911
911 145
706 12
12 400
685 748
748 312
85 9
9 63
263 758
758 266
308 385
385 266
755 15
15 343
194 576
576 431
384 534
534 274
537 362
362 907
934 568
568 312
755 455
455 331
685 841
841 869
85 332
332 145
194 865
865 266
639 470
470 508
790 791
791 549
721 665
665 130
358 463
463 346
358 569
569 869
308 38
38 869
204 501
501 414
677 379
379 869
416 451
451 662
790 493
493 346
416 740
740 418
934 246
246 671
677 516
516 312
358 206
206 603
634 743
743 346
358 16
16 130
194 233
233 343
416 216
216 145
194 678
678 662
774 353
353 457
194 214
214 63
934 198
198 346
26 177
177 869
358 392
392 63
701 923
923 45
204 32
32 508
934 471
471 457
774 698
698 662
308 226
226 45
790 891
891 63
263 203
203 603
524 78
78 145
634 567
567 671
308 738
738 751
790 176
176 130
639 807
807 343
416 185
185 671
308 303
303 869
824 667
667 274
537 172
172 414
204 321
321 400
909 115
115 109
790 812
812 751
384 756
756 312
883 616
616 346
824 626
626 418
537 948
948 71
358 694
694 549
721 904
904 109
416 355
355 431
537 304
304 109
308 113
113 662
85 96
96 603
639 366
366 431
194 86
86 414
17 914
914 784
410 200
200 414
244 293
293 414
755 786
786 331
85 25
25 63
126 55
55 431
685 908
908 414
685 262
262 784
384 723
723 907
909 491
491 603
639 209
209 526
85 247
247 508
384 890
890 145
410 141
141 343
639 842
842 658
17 454
454 109
17 117
117 658
26 512
512 784
701 858
858 266
774 805
805 526
384 587
587 869
537 939
939 784
721 444
444 414
909 338
338 22
416 773
773 414
774 168
168 343
685 548
548 414
677 510
510 662
790 825
825 71
721 627
627 274
721 850
850 414
721 595
595 784
706 254
254 145
263 560
560 658
790 456
456 145
384 845
845 22
634 714
714 603
335 614
614 603
524 793
793 331
909 161
161 45
774 547
547 71
410 531
531 331
250 182
182 418
126 417
417 109
934 300
300 907
774 58
58 346
790 607
607 71
26 407
407 418
194 56
56 907
639 781
781 331
17 574
574 331
384 315
315 274
416 317
317 947
755 492
492 662
701 577
577 274
524 529
529 109
706 435
435 671
14 784
244 838
838 907
26 411
411 414
701 386
386 526
85 345
345 414
308 242
242 671
883 802
802 751
774 301
301 266
85 760
760 63
883 553
553 414
244 237
237 751
721 728
728 549
824 815
815 457
358 201
201 22
706 205
205 431
384 625
625 400
721 210
210 549
790 465
465 526
639 859
859 400
824 217
217 45
416 687
687 22
335 215
215 947
335 943
943 549
244 613
613 343
358 29
29 312
263 378
378 907
204 135
135 508
934 817
817 109
26 119
119 751
755 713
713 266
204 631
631 671
706 334
334 400
883 656
656 312
909 98
98 549
85 609
609 431
701 502
502 784
204 3
3 109
250 99
99 63
384 622
622 312
909 636
636 457
774 270
270 671
934 225
225 266
85 394
394 274
639 542
542 457
384 305
305 145
883 34
34 331
244 251
251 266
706 892
892 431
706 787
787 400
250 877
877 947
701 8
8 400
860 222
222 346
335 736
736 418
335 670
670 63
824 690
690 662
685 188
188 343
790 434
434 526
639 18
18 266
701 241
241 145
250 733
733 418
126 918
918 751
263 747
747 658
308 917
917 418
308 337
337 274
790 475
475 671
706 432
432 662
524 191
191 45
308 258
258 346
244 452
452 343
883 921
921 658
685 597
597 414
634 118
118 274
26 365
365 343
358 583
583 508
263 284
284 418
537 532
532 869
790 148
148 418
677 847
847 331
934 621
621 947
126 255
255 549
194 570
570 418
263 555
555 549
677 702
702 274
204 737
737 312
410 514
514 869
883 133
133 331
410 252
252 331
537 60
60 658
701 322
322 400
384 387
387 274
634 558
558 331
909 281
281 312
26 469
469 671
677 551
551 109
706 684
684 274
126 544
544 549
883 596
596 400
26 693
693 346
524 105
105 662
194 585
585 346
701 124
124 526
85 64
64 312
358 772
772 109
524 406
406 312
706 586
586 671
26 389
389 331
721 273
273 662
639 610
610 784
639 253
253 457
774 648
648 671
250 831
831 603
634 426
426 414
410 642
642 331
194 481
481 274
677 881
881 431
721 295
295 63
358 173
173 508
416 443
443 274
416 72
72 331
308 630
630 526
250 146
146 907
524 170
170 63
721 405
405 109
755 408
408 907
909 256
256 658
250 903
903 343
524 487
487 784
524 4
4 414
384 766
766 109
537 116
116 526
860 686
686 662
26 870
870 63
701 290
290 947
308 796
796 312
909 629
629 45
263 151
151 331
755 340
340 751
677 466
466 671
824 715
715 63
126 655
655 346
639 235
235 312
721 184
184 431
335 10
10 343
335 543
543 45
909 896
896 784
26 601
601 603
706 359
359 671
244 615
615 457
194 942
942 907
17 915
915 418
639 390
390 508
244 347
347 526
774 663
663 145
335 42
42 145
416 474
474 947
634 495
495 109
384 581
581 869
639 739
739 71
335 415
415 414
358 447
447 266
126 476
476 907
909 398
398 312
416 725
725 662
335 39
39 109
524 154
154 662
263 818
818 457
634 771
771 312
755 885
885 603
685 370
370 751
410 296
296 145
244 223
223 662
639 638
638 414
701 162
162 947
204 878
878 947
677 287
287 603
634 605
605 343
17 422
422 751
824 171
171 109
335 404
404 414
204 754
754 549
883 40
40 71
263 718
718 343
263 433
433 671
204 403
403 63
721 238
238 71
384 50
50 549
384 797
797 907
721 582
582 145
824 637
637 603
639 926
926 130
335 333
333 457
634 265
265 658
85 51
51 63
335 352
352 109
755 468
468 346
706 61
61 658
685 30
30 418
934 618
618 130
410 485
485 457
537 830
830 71
358 227
227 346
883 588
588 22
194 313
313 346
824 67
67 130
706 679
679 109
335 420
420 109
250 503
503 45
721 199
199 418
194 393
393 907
701 299
299 947
85 129
129 22
639 746
746 71
677 563
563 457
706 498
498 658
17 810
810 671
308 653
653 869
721 711
711 526
410 430
430 274
358 803
803 266
706 248
248 312
774 682
682 63
706 594
594 346
634 688
688 400
677 573
573 331
706 213
213 400
755 350
350 907
524 178
178 947
194 460
460 400
244 916
916 346
537 767
767 414
701 160
160 414
755 280
280 274
26 500
500 266
685 277
277 266
909 54
54 658
634 539
539 508
194 692
692 145
685 276
276 71
790 164
164 603
721 612
612 130
721 197
197 457
384 624
624 145
308 388
388 526
85 535
535 331
335 823
823 751
706 886
886 658
204 125
125 22
860 196
196 658
824 703
703 508
308 557
557 947
934 472
472 431
85 320
320 457
524 309
309 45
824 110
110 63
860 149
149 130
934 190
190 947
204 342
342 671
410 132
132 312
410 633
633 869
790 905
905 662
17 180
180 130
685 927
927 658
774 448
448 45
26 260
260 603
685 853
853 45
860 490
490 400
244 506
506 400
934 19
19 71
677 745
745 603
244 123
123 145
126 572
572 662
126 20
20 312
384 65
65 907
335 478
478 662
634 356
356 130
335 427
427 130
677 675
675 71
263 868
868 343
308 889
889 63
860 761
761 145
639 360
360 508
358 592
592 671
204 88
88 907
706 600
600 71
774 832
832 266
244 873
873 63
358 809
809 526
308 819
819 508
410 97
97 414
860 371
371 784
701 429
429 457
824 307
307 603
537 579
579 662
410 863
863 671
790 286
286 947
85 541
541 22
537 483
483 658
934 292
292 907
416 843
843 71
721 494
494 603
524 504
504 784
410 376
376 751
790 913
913 400
824 659
659 312
639 112
112 431
26 525
525 266
634 851
851 109
308 436
436 549
26 505
505 418
263 62
62 331
358 704
704 400
860 513
513 71
701 717
717 907
824 183
183 508
308 166
166 869
537 897
897 63
26 932
932 526
85 782
782 508
909 931
931 71
335 499
499 71
26 599
599 907
17 402
402 346
358 46
46 549
384 212
212 431
639 719
719 658
26 750
750 346
706 727
727 22
721 437
437 671
537 666
666 346
358 207
207 662
204 522
522 549
755 669
669 343
250 836
836 658
774 138
138 907
774 822
822 45
17 556
556 526
416 74
74 907
335 442
442 274
384 271
271 414
85 399
399 603
308 708
708 431
755 871
871 418
126 413
413 431
17 192
192 947
410 910
910 662
26 777
777 869
335 651
651 266
824 239
239 751
244 546
546 343
909 757
757 130
410 716
716 662
860 107
107 109
358 798
798 343
384 517
517 457
774 707
707 400
537 219
219 343
524 459
459 414
824 673
673 331
26 552
552 346
126 844
844 751
384 95
95 331
263 449
449 414
308 323
323 346
204 69
69 947
721 391
391 508
335 324
324 603
308 169
169 662
883 645
645 130
26 140
140 784
335 545
545 71
701 156
156 130
721 827
827 658
85 70
70 274
909 664
664 130
410 221
221 457
263 348
348 274
194 35
35 312
721 409
409 418
639 894
894 22
755 742
742 671
909 935
935 751
250 92
92 130
126 306
306 346
721 80
80 457
35 457
794 109
348 145
143 346
906 130
731 603
236 71
256 671
439 414
135 418
828 869
159 784
683 751
886 400
515 266
323 274
296 526
462 947
845 331
378 662
576 45
913 63
104 907
653 658
425 431
642 343
841 549
488 508
839 112
945 353
605 418
52 304
295 404
272 171
294 222
538 772
33 573
285 230
57 694
518 845
5 848
576 541
381 494
523 321
706 656
656 669
75 807
847 39
698 715
852 307
680 557
500 545
394 663
632 33
5 501
745 600
440 648
519 546
569 239
680 206
488 362
283 67
804 857
758 738
643 125
837 660
890 684
104 558
179 675
694 609
634 140
945 374
268 592
102 657
783 874
172 212
422 164
482 419
788 707
315 365
51 183
213 599
396 18
826 596
304 542
697 336
701 657
777 323
608 30
33 585
150 518
42 889
906 124
34 253
21 612
786 309
179 78
833 54
8 819
580 213
85 859
479 821
310 429
700 642
275 88
319 784
36 295
456 312
93 948
311 74
316 580
129 535
6 130
734 449
513 166
282 399
923 172
811 626
363 560
316 588
811 831
152 843
390 746
275 181
891 422
874 20
285 809
917 346
885 669
73 277
815 210
593 157
444 495
421 18
250 324
887 644
467 124
625 599
241 148
89 572
175 235
245 406
632 38
922 91
165 178
608 645
793 56
215 305
328 581
813 771
765 421
898 295
804 433
604 181
880 800
914 201
395 556
608 317
730 679
282 437
7 289
482 758
856 707
322 359
432 682
602 198
419 492
261 454
530 781
689 540
521 306
461 192
575 354
902 499
887 659
989 1861 874
231 526
827 664
837 839
128 16
836 665
303 109
605 38
300 935
565 458
735 245
439 494
648 801
697 167
550 512
890 819
535 162
92 348
832 246
703 339
183 23
270 383
366 737
479 338
713 458
320 728
805 894
562 118
57 558
7 795
535 975
975 97
827 296
296 929
300 941
941 115
320 807
807 452
303 563
563 17
735 262
262 877
565 486
486 22
836 712
712 615
565 823
823 22
231 909
909 86
439 13
13 866
805 118
118 369
890 592
592 684
231 141
141 86
605 839
839 643
703 421
421 411
92 566
566 692
303 743
743 816
7 290
290 22
303 852
852 335
439 989
989 466
300 195
195 816
703 43
43 410
697 362
362 913
300 895
895 742
320 770
770 81
366 494
494 650
735 25
25 556
303 31
31 674
7 864
864 97
805 631
631 349
231 580
580 929
890 436
436 692
57 37
37 762
565 936
936 986
605 570
570 359
703 386
386 335
57 822
822 525
713 343
343 411
565 437
437 568
303 669
669 410
805 516
516 204
92 676
676 615
7 531
531 445
231 20
20 445
648 949
949 429
270 733
733 966
605 313
313 986
565 818
818 615
128 169
169 349
231 519
519 335
320 856
856 924
836 711
711 907
827 385
385 883
231 918
918 349
836 378
378 295
7 761
761 453
550 903
903 897
7 245
245 251
837 449
449 568
605 917
917 673
890 627
627 283
300 976
976 299
805 32
32 654
300 263
263 643
697 647
647 934
565 731
731 22
300 963
963 662
832 12
12 369
605 265
265 709
479 637
637 269
890 426
426 924
7 869
869 645
697 309
309 269
439 282
282 654
837 767
767 527
703 100
100 299
320 751
751 22
366 41
41 253
479 505
505 140
697 510
510 283
57 524
524 650
836 555
555 22
648 889
889 325
366 190
190 527
366 576
576 369
832 331
331 224
183 222
222 411
535 594
594 81
735 477
477 299
128 136
136 445
703 391
391 299
7 609
609 305
836 193
193 335
57 612
612 934
7 660
660 475
128 27
27 17
270 900
900 299
703 310
310 79
479 766
766 325
270 89
89 708
805 312
312 673
128 344
344 650
805 120
120 453
837 617
617 359
605 946
946 644
805 802
802 897
832 547
547 325
300 49
49 762
7 658
658 868
837 690
690 556
565 611
611 934
832 495
495 644
837 748
748 173
713 538
538 269
57 294
294 17
366 844
844 88
128 384
384 411
300 69
69 692
7 952
952 866
837 184
184 934
7 661
661 568
57 522
522 897
439 820
820 863
605 456
456 115
479 135
135 235
57 358
358 877
805 55
55 662
713 560
560 429
439 289
289 86
57 503
503 929
713 857
857 654
837 11
11 411
270 621
621 34
183 36
36 929
735 865
865 411
562 46
46 353
697 500
500 897
231 879
879 353
890 390
390 466
7 693
693 235
479 201
201 824
535 702
702 22
439 668
668 204
805 419
419 295
439 59
59 283
703 428
428 335
300 506
506 252
832 689
689 644
366 424
424 369
128 381
381 877
648 544
544 692
697 137
137 295
713 537
537 684
479 398
398 452
92 860
860 115
837 932
932 645
562 893
893 185
57 910
910 17
270 228
228 934
535 186
186 868
735 301
301 17
57 771
771 88
7 292
292 643
366 922
922 674
562 894
894 185
832 763
763 235
805 756
756 269
300 873
873 188
303 843
843 173
713 810
810 662
890 281
281 742
735 112
112 466
890 759
759 985
703 2
2 929
735 101
101 644
713 871
871 863
562 518
518 453
836 346
346 349
837 23
23 985
890 329
329 185
550 370
370 397
366 901
901 122
735 795
795 717
836 641
641 224
439 791
791 556
128 21
21 841
735 76
76 877
92 177
177 841
836 729
729 185
92 734
734 708
92 278
278 841
320 374
374 883
550 189
189 816
890 600
600 816
805 239
239 453
550 440
440 445
697 595
595 985
562 285
285 251
703 430
430 934
231 489
489 369
92 405
405 251
605 774
774 429
713 376
376 644
7 216
216 305
805 244
244 445
92 350
350 866
697 845
845 674
300 74
74 883
320 288
288 883
7 247
247 568
439 619
619 97
890 33
33 359
837 541
541 985
735 799
799 299
183 425
425 81
366 915
915 695
300 765
765 841
57 78
78 934
605 163
163 824
7 634
634 224
439 938
938 986
735 54
54 475
479 94
94 298
890 628
628 475
320 552
552 851
303 478
478 325
703 782
782 929
183 365
365 305
837 402
402 397
703 920
920 318
703 842
842 924
128 625
625 709
550 207
207 299
697 870
870 877
479 705
705 269
535 102
102 986
562 578
578 34
713 720
720 133
231 491
491 335
550 256
256 824
92 534
534 34
270 71
71 466
550 664
664 322
697 698
698 863
183 858
858 140
57 785
785 445
366 126
126 527
805 214
214 654
7 796
796 410
605 275
275 349
128 636
636 453
479 511
511 224
183 567
567 295
735 665
665 650
366 623
623 568
836 379
379 897
703 835
835 140
735 165
165 645
231 367
367 966
713 6
6 224
57 306
306 692
57 447
447 466
836 304
304 568
605 597
597 717
713 750
750 369
92 280
280 269
270 598
598 283
128 334
334 913
837 341
341 204
183 297
297 618
7 377
377 742
300 962
962 674
562 16
16 644
57 389
389 985
479 443
443 525
479 706
706 349
713 635
635 692
697 44
44 929
366 227
227 299
366 226
226 692
697 70
70 140
320 364
364 335
231 848
848 173
479 969
969 224
231 65
65 411
836 18
18 269
439 498
498 466
832 238
238 762
827 127
127 17
7 148
148 445
805 610
610 251
303 613
613 674
562 958
958 252
231 42
42 173
300 896
896 673
713 656
656 397
320 26
26 453
439 724
724 662
57 178
178 318
320 624
624 359
366 607
607 866
7 476
476 897
57 171
171 411
565 496
496 883
439 467
467 359
605 158
158 662
703 248
248 615
837 630
630 654
231 191
191 34
270 98
98 224
320 828
828 924
890 944
944 742
703 375
375 86
805 577
577 466
128 372
372 204
713 151
151 695
550 854
854 335
231 351
351 305
605 749
749 883
300 517
517 615
836 642
642 318
562 196
196 17
837 202
202 883
703 679
679 650
605 363
363 650
832 768
768 17
303 603
603 673
827 769
769 475
439 181
181 929
535 583
583 298
231 675
675 985
57 328
328 934
231 718
718 695
836 164
164 17
479 267
267 708
270 368
368 17
303 741
741 556
303 906
906 662
735 964
964 674
832 371
371 224
713 90
90 335
366 928
928 475
805 45
45 762
439 680
680 325
320 152
152 615
890 142
142 851
805 513
513 115
837 809
809 717
7 48
48 985
805 681
681 883
713 554
554 359
713 649
649 453
805 943
943 86
303 490
490 568
648 348
348 841
92 143
143 86
183 968
968 897
7 980
980 359
890 330
330 673
535 739
739 742
366 474
474 568
827 308
308 816
648 652
652 353
479 287
287 643
837 671
671 673
183 561
561 295
836 236
236 79
713 40
40 618
57 218
218 877
565 8
8 525
550 699
699 445
57 64
64 662
57 953
953 453
366 862
862 429
713 77
77 295
439 747
747 115
366 161
161 986
805 337
337 907
713 772
772 17
300 483
483 985
562 167
167 283
303 573
573 411
320 874
874 349
550 199
199 643
320 286
286 299
303 601
601 283
713 293
293 650
128 855
855 34
832 653
653 188
550 803
803 742
92 972
972 615
832 63
63 429
270 514
514 269
836 470
470 851
890 887
887 322
535 418
418 568
439 208
208 527
535 237
237 410
57 507
507 868
562 96
96 17
605 58
58 897
648 406
406 88
270 937
937 527
837 87
87 349
439 502
502 762
605 333
333 299
832 30
30 22
837 203
203 924
57 317
317 359
92 192
192 133
7 93
93 851
648 200
200 397
805 380
380 318
7 241
241 841
565 326
326 253
735 166
166 673
479 700
700 816
92 847
847 86
562 407
407 924
836 176
176 877
836 446
446 525
270 246
246 684
565 211
211 147
550 797
797 79
605 39
39 298
713 472
472 147
565 85
85 527
605 849
849 877
837 777
777 185
565 416
416 985
550 629
629 429
832 812
812 445
805 38
38 97
300 469
469 34
735 846
846 684
535 355
355 283
735 457
457 224
836 52
52 283
837 62
62 299
805 412
412 985
837 145
145 913
535 215
215 650
270 614
614 525
7 815
815 173
439 279
279 17
300 732
732 568
439 314
314 654
366 783
783 929
128 258
258 684
713 15
15 147
565 520
520 299
550 719
719 353
697 683
683 369
320 806
806 397
57 931
931 824
648 965
965 81
805 153
153 709
92 497
497 762
827 47
47 618
837 268
268 86
605 838
838 411
735 667
667 674
713 930
930 877
320 5
5 986
183 451
451 644
128 902
902 863
697 927
927 924
550 336
336 556
697 916
916 252
366 817
817 325
735 403
403 318
550 586
586 692
303 872
872 97
827 342
342 17
697 53
53 22
703 515
515 929
231 850
850 410
183 581
581 133
128 632
632 866
805 174
174 709
366 773
773 966
92 921
921 173
300 393
393 674
479 945
945 147
837 620
620 295
366 764
764 877
550 454
454 695
128 75
75 115
703 655
655 22
479 67
67 252
7 546
546 81
735 912
912 645
439 19
19 97
479 250
250 662
836 536
536 684
128 760
760 643
890 232
232 662
479 746
746 411
832 441
441 824
827 821
821 318
300 14
14 645
735 753
753 841
805 276
276 429
697 56
56 568
535 557
557 924
57 473
473 654
535 105
105 22
735 988
988 841
270 182
182 883
300 223
223 866
832 103
103 692
366 266
266 283
805 666
666 411
648 172
172 97
805 752
752 986
128 878
878 349
183 792
792 762
183 971
971 295
565 399
399 133
479 104
104 429
697 682
682 568
7 819
819 929
890 427
427 615
832 881
881 966
605 480
480 527
300 144
144 34
57 528
528 115
7 180
180 924
439 582
582 868
836 694
694 185
605 400
400 411
7 596
596 645
57 726
726 650
827 880
880 122
479 82
82 97
836 740
740 556
57 960
960 429
832 940
940 283
562 95
95 305
735 829
829 283
270 243
243 173
57 461
461 22
7 121
121 692
697 608
608 662
270 149
149 204
535 394
394 644
805 754
754 204
890 107
107 877
836 264
264 295
57 117
117 147
439 691
691 283
562 721
721 335
565 509
509 674
231 722
722 709
439 492
492 618
303 50
50 410
366 775
775 913
231 884
884 269
550 487
487 397
303 132
132 673
605 315
315 325
366 569
569 34
703 790
790 147
231 591
591 525
320 776
776 325
890 723
723 88
366 423
423 253
713 787
787 283
735 951
951 22
439 240
240 615
320 961
961 824
366 678
678 556
7 575
575 762
270 323
323 122
92 935
935 466
728 466
92 388
388 466
366 162
162 924
605 352
352 22
92 404
404 986
7 444
444 466
837 271
271 475
92 651
651 924
697 125
125 318
805 987
987 298
439 464
464 618
565 361
361 654
562 551
551 188
605 954
954 295
890 3
3 410
648 589
589 527
565 672
672 359
837 72
72 475
565 217
217 429
713 114
114 445
832 859
859 897
713 974
974 252
128 413
413 934
92 701
701 81
836 154
154 863
605 559
559 708
535 646
646 692
479 340
340 824
231 277
277 742
439 233
233 298
605 542
542 79
231 170
170 924
231 450
450 335
827 626
626 359
713 131
131 452
890 755
755 147
439 432
432 235
890 316
316 115
550 793
793 411
836 108
108 674
562 417
417 654
827 24
24 235
735 977
977 466
439 471
471 851
92 139
139 253
231 780
780 929
735 465
465 883
303 179
179 34
320 249
249 325
7 663
663 913
479 221
221 453
562 91
91 322
7 840
840 295
92 501
501 709
703 463
463 410
57 659
659 115
890 360
360 97
92 113
113 147
648 213
213 615
832 892
892 924
565 529
529 644
605 460
460 868
128 710
710 359
565 123
123 986
697 482
482 318
366 4
4 79
697 599
599 253
366 209
209 79
805 908
908 133
92 10
10 645
128 138
138 269
535 198
198 466
827 324
324 188
300 801
801 305
832 462
462 816
735 504
504 708
303 919
919 986
605 861
861 335
231 657
657 188
92 622
622 369
183 68
68 295
697 422
422 79
7 533
533 115
300 175
175 866
303 808
808 22
303 539
539 269
366 321
321 692
535 876
876 762
562 488
488 717
128 484
484 527
231 35
35 97
890 408
408 986
805 396
396 877
648 338
338 466
703 431
431 411
270 853
853 868
805 736
736 359
128 382
382 645
697 616
616 79
805 60
60 985
837 738
738 673
57 225
225 934
57 687
687 349
562 160
160 841
713 150
150 253
890 468
468 692
605 129
129 673
565 66
66 253
565 898
898 97
7 585
585 410
735 434
434 224
7 51
51 644
805 9
9 556
805 788
788 673
479 156
156 295
805 521
521 662
320 459
459 298
832 587
587 173
128 571
571 650
890 272
272 349
303 242
242 453
320 373
373 298
605 798
798 140
383 475
366 786
786 173
7 833
833 318
836 923
923 877
320 234
234 650
439 116
116 907
366 545
545 615
303 508
508 305
303 725
725 475
479 781
781 188
697 826
826 762
836 255
255 851
303 911
911 204
735 455
455 252
832 737
737 251
648 955
955 353
565 784
784 322
57 210
210 674
550 685
685 299
550 758
758 188
735 420
420 204
366 458
458 322
57 714
714 251
832 604
604 816
703 543
543 81
836 925
925 22
270 206
206 863
439 593
593 644
303 716
716 79
303 757
757 188
713 155
155 369
479 549
549 224
270 882
882 224
183 540
540 644
836 110
110 86
535 273
273 934
92 29
29 907
648 1
1 353
562 119
119 556
837 499
499 568
128 332
332 824
562 548
548 568
128 302
302 615
805 109
109 429
735 778
778 252
128 942
942 924
366 572
572 133
439 899
899 525
697 254
254 841
605 730
730 452
827 939
939 204
7 686
686 717
890 886
886 762
320 532
532 86
827 395
395 717
562 356
356 122
535 347
347 618
320 260
260 369
57 715
715 322
832 885
885 883
231 327
327 349
605 564
564 568
550 84
84 81
648 205
205 695
439 442
442 913
735 481
481 644
735 187
187 863
128 813
813 985
479 526
526 897
92 111
111 568
605 274
274 525
697 800
800 662
535 584
584 252
648 73
73 615
7 804
804 674
890 387
387 349
231 311
311 525
439 744
744 824
300 926
926 453
183 357
357 466
303 867
867 235
697 588
588 643
565 967
967 615
735 157
157 985
92 130
130 452
183 639
639 816
550 319
319 644
648 558
558 173
836 553
553 325
827 307
307 708
832 983
983 475
231 409
409 251
697 159
159 618
57 194
194 335
890 933
933 369
128 779
779 411
837 523
523 897
300 229
229 204
439 891
891 305
605 219
219 335
562 284
284 251
735 707
707 645
57 602
602 568
827 970
970 709
439 392
392 966
827 814
814 695
697 134
134 841
479 291
291 913
479 640
640 369
832 230
230 369
57 485
485 527
128 825
825 643
827 727
727 299
827 973
973 841
439 688
688 411
320 745
745 654
605 904
904 88
303 905
905 762
300 493
493 877
805 354
354 466
832 339
339 863
713 220
220 883
713 448
448 295
535 638
638 251
697 978
978 253
565 789
789 22
713 212
212 525
703 957
957 318
890 670
670 369
565 677
677 322
320 61
61 298
439 948
948 466
827 512
512 466
550 875
875 173
92 414
414 81
300 146
146 883
439 83
83 173
303 959
959 269
535 197
197 934
7 590
590 445
535 345
345 851
832 888
888 253
320 574
574 568
479 696
696 673
92 124
124 453
535 433
433 868
231 704
704 97
300 950
950 662
128 606
606 645
836 981
981 985
366 830
830 816
550 106
106 851
832 914
914 986
7 257
257 742
805 168
168 527
439 401
401 79
837 979
979 742
713 579
579 359
128 947
947 452
735 435
435 924
697 982
982 235
300 261
261 644
128 28
28 269
827 259
259 556
57 984
984 863
303 530
530 742
648 834
834 235
562 811
811 877
832 438
438 22
231 633
633 674
439 99
99 883
479 831
831 115
231 415
415 466
890 956
956 88
7 794
794 147
7 80
80 453
534 298
731 34
342 369
657 986
904 335
792 147
199 133
547 650
208 643
361 929
869 824
326 863
834 692
64 966
148 453
148 645
468 662
526 674
116 644
631 322
748 851
250 556
329 122
416 353
99 81
961 877
153 897
597 252
842 411
118 445
902 684
586 140
853 742
246 568
176 816
781 985
849 466
902 913
676 709
313 868
398 22
483 924
481 86
381 349
881 841
434 708
707 204
317 883
98 673
312 397
559 907
881 359
572 224
491 452
557 615
689 88
531 695
581 283
529 410
284 762
358 525
171 527
818 188
902 185
787 717
800 429
669 866
211 251
634 318
551 305
518 253
293 654
502 934
344 79
248 299
39 618
732 475
348 325
494 115
157 269
493 97
447 235
965 295
569 17
939 1838 821
175 760
243 809
857 792
25 93
318 399
39 618
3 765
821 393
723 156
49 441
239 201
167 299
545 72
265 478
302 502
37 129
906 292
187 718
659 78
629 927
483 444
576 681
352 635
366 486
119 181
937 280
529 846
833 710
355 668
862 761
549 788
869 146
260 439
814 760
904 296
641 33
549 686
686 924
937 80
80 256
187 575
575 322
833 508
508 565
265 633
633 603
869 665
665 94
39 449
449 336
937 484
484 112
175 913
913 501
659 241
241 603
659 330
330 252
355 135
135 322
119 354
354 924
576 291
291 256
352 162
162 238
366 497
497 588
821 58
58 60
629 117
117 112
3 370
370 191
937 509
509 88
857 644
644 890
862 128
128 272
167 29
29 897
119 319
319 603
175 323
323 315
187 813
813 315
723 294
294 924
904 183
183 671
904 68
68 35
821 192
192 616
39 450
450 936
167 685
685 793
833 207
207 315
25 778
778 671
167 712
712 341
49 899
899 880
302 90
90 460
39 32
32 252
167 172
172 60
167 61
61 739
821 277
277 228
3 95
95 272
906 823
823 65
302 400
400 541
483 788
788 878
529 457
457 459
906 362
362 734
119 317
317 880
814 602
602 278
167 53
53 732
49 907
907 295
49 552
552 805
659 607
607 894
366 535
535 734
265 865
865 385
641 85
85 94
175 818
818 739
862 161
161 276
659 56
56 385
3 523
523 94
119 810
810 1
869 687
687 288
833 402
402 112
862 827
827 894
302 469
469 924
641 927
927 134
821 742
742 160
167 143
143 134
175 329
329 528
904 585
585 288
352 246
246 375
904 331
331 897
869 470
470 588
483 351
351 238
352 746
746 739
641 232
232 322
119 300
300 341
302 711
711 541
187 530
530 261
576 169
169 379
862 844
844 210
49 584
584 894
869 393
393 1
629 684
684 256
937 421
421 315
833 416
416 272
723 819
819 379
119 44
44 890
629 115
115 528
25 761
761 616
265 471
471 558
318 710
710 766
576 46
46 603
175 221
221 880
545 59
59 528
302 572
572 274
869 122
122 1
833 807
807 138
366 599
599 385
862 693
693 603
175 202
202 228
175 485
485 894
904 465
465 88
260 544
544 528
659 441
441 900
39 491
491 463
265 51
51 524
3 707
707 732
937 859
859 278
833 350
350 463
366 364
364 403
239 672
672 805
937 512
512 288
260 657
657 890
37 559
559 63
821 867
867 256
39 429
429 295
37 163
163 623
659 853
853 295
833 2
2 375
862 98
98 936
355 357
357 926
937 387
387 94
814 405
405 528
39 826
826 278
869 759
759 288
641 525
525 897
483 456
456 936
355 642
642 134
906 705
705 524
49 873
873 385
167 110
110 134
529 31
31 616
49 380
380 256
814 374
374 793
483 517
517 463
355 765
765 341
821 193
193 936
545 97
97 375
576 102
102 1
25 109
109 528
904 932
932 717
833 93
93 458
3 682
682 295
576 591
591 288
904 358
358 623
167 171
171 63
366 577
577 210
366 435
435 766
119 76
76 647
25 227
227 488
904 704
704 671
37 390
390 112
937 406
406 63
529 346
346 403
39 196
196 336
641 697
697 636
187 259
259 134
906 149
149 160
187 91
91 541
723 811
811 524
355 764
764 501
659 915
915 860
119 881
881 274
239 871
871 100
318 884
884 461
187 679
679 501
641 267
267 35
659 543
543 1
302 326
326 60
937 617
617 636
833 858
858 597
833 621
621 315
39 21
21 766
260 448
448 268
119 848
848 191
862 527
527 160
175 935
935 375
641 453
453 739
869 870
870 647
857 516
516 463
355 855
855 588
119 50
50 268
39 242
242 528
833 89
89 35
833 213
213 341
49 301
301 597
239 240
240 252
529 42
42 295
119 201
201 35
857 151
151 414
366 933
933 616
25 439
439 336
187 64
64 671
355 646
646 228
641 767
767 94
641 131
131 238
857 498
498 623
49 500
500 805
549 77
77 734
545 643
643 528
659 747
747 278
187 715
715 261
352 888
888 274
37 727
727 734
318 23
23 699
239 395
395 625
821 653
653 403
641 314
314 524
239 343
343 671
243 781
781 191
629 156
156 414
629 388
388 375
39 289
289 447
629 442
442 880
25 837
837 878
175 627
627 501
175 628
628 177
119 794
794 878
906 154
154 385
857 386
386 274
260 165
165 936
352 255
255 35
25 771
771 35
723 887
887 238
260 863
863 256
869 376
376 210
857 475
475 488
175 909
909 734
833 877
877 379
862 895
895 276
937 365
365 766
641 675
675 134
549 473
473 890
37 148
148 616
529 745
745 488
25 851
851 625
366 423
423 900
39 285
285 139
175 923
923 926
318 142
142 894
265 755
755 528
175 28
28 139
243 66
66 134
187 378
378 252
821 547
547 769
723 111
111 541
529 635
635 315
821 522
522 336
352 356
356 134
659 720
720 1
37 490
490 288
549 308
308 112
25 741
741 458
723 219
219 210
49 424
424 671
659 26
26 88
355 444
444 541
243 430
430 501
629 903
903 860
352 338
338 766
119 849
849 238
906 691
691 385
723 20
20 272
483 84
84 261
355 105
105 671
483 800
800 100
529 518
518 739
862 299
299 295
869 224
224 558
49 700
700 541
659 283
283 460
629 195
195 625
260 928
928 565
659 536
536 739
239 569
569 894
857 417
417 460
814 718
718 274
857 667
667 936
862 820
820 414
821 303
303 671
576 19
19 274
862 816
816 177
243 281
281 295
659 83
83 926
243 477
477 88
302 925
925 191
239 917
917 769
483 251
251 488
187 126
126 256
352 511
511 493
187 748
748 636
355 731
731 894
906 86
86 288
821 8
8 336
119 768
768 461
869 496
496 897
39 71
71 336
37 263
263 603
39 419
419 252
629 578
578 63
814 905
905 276
25 918
918 447
723 197
197 603
265 236
236 793
25 931
931 88
260 287
287 597
906 601
601 732
723 938
938 210
723 313
313 228
629 432
432 459
25 716
716 315
239 27
27 100
545 783
783 766
187 683
683 191
529 787
787 924
167 186
186 501
833 372
372 414
352 846
846 134
906 872
872 447
366 631
631 528
39 930
930 717
549 220
220 625
265 719
719 769
260 502
502 717
243 738
738 541
119 758
758 880
821 452
452 458
659 396
396 588
302 199
199 458
355 4
4 252
260 594
594 501
119 478
478 924
366 377
377 461
355 902
902 177
483 408
408 160
549 817
817 636
869 306
306 860
25 721
721 375
265 791
791 403
265 690
690 252
239 622
622 597
904 189
189 461
265 649
649 924
641 399
399 558
318 345
345 732
629 312
312 278
119 462
462 524
318 922
922 458
629 226
226 769
659 67
67 138
25 130
130 766
39 481
481 732
175 534
534 880
857 608
608 460
545 190
190 766
857 87
87 524
119 701
701 766
833 468
468 460
821 914
914 315
659 215
215 375
857 125
125 501
937 553
553 1
904 194
194 524
483 861
861 276
25 845
845 739
37 391
391 603
833 789
789 493
49 663
663 894
239 611
611 541
243 708
708 336
833 467
467 493
243 404
404 252
821 178
178 447
814 15
15 501
529 620
620 88
352 146
146 288
862 286
286 493
529 735
735 112
529 174
174 100
814 11
11 647
187 103
103 63
618 228
39 780
780 1
904 763
763 252
302 515
515 501
187 889
889 278
857 514
514 139
243 554
554 880
265 487
487 493
260 698
698 295
529 480
480 732
862 104
104 739
25 892
892 133
483 743
743 63
187 296
296 890
366 57
57 463
821 476
476 793
629 531
531 458
167 394
394 35
906 244
244 924
862 829
829 191
814 235
235 272
483 688
688 488
814 99
99 94
814 464
464 295
25 30
30 699
167 757
757 238
862 137
137 936
576 669
669 379
857 70
70 924
239 724
724 274
549 389
389 385
814 812
812 524
25 843
843 336
641 166
166 623
3 510
510 459
483 562
562 288
857 876
876 63
833 533
533 860
37 729
729 252
723 650
650 671
167 16
16 860
25 411
411 65
119 548
548 793
529 666
666 88
904 840
840 322
723 796
796 924
545 82
82 63
937 587
587 924
265 600
600 276
352 280
280 336
483 864
864 177
167 799
799 160
833 136
136 261
529 305
305 459
187 808
808 647
366 266
266 134
483 655
655 160
25 852
852 1
187 188
188 295
545 182
182 65
119 557
557 647
821 580
580 926
187 570
570 459
857 651
651 625
39 33
33 769
549 124
124 588
857 784
784 375
545 45
45 288
265 74
74 558
265 537
537 63
265 106
106 936
576 850
850 860
723 581
581 268
869 615
615 100
175 79
79 880
545 841
841 460
576 754
754 766
49 425
425 35
723 564
564 261
833 10
10 603
25 113
113 447
833 454
454 671
39 694
694 322
857 661
661 488
239 257
257 894
869 798
798 924
243 802
802 647
821 847
847 276
833 426
426 524
355 539
539 94
3 630
630 458
175 73
73 805
906 638
638 699
821 328
328 926
869 713
713 268
906 127
127 276
3 605
605 793
814 208
208 766
483 929
929 459
857 574
574 616
483 689
689 769
641 891
891 447
25 230
230 894
857 360
360 459
187 695
695 671
723 310
310 268
483 714
714 375
239 12
12 766
355 640
640 924
39 856
856 897
659 760
760 588
3 706
706 461
187 920
920 191
862 815
815 597
821 231
231 88
355 606
606 252
545 658
658 459
37 639
639 385
119 158
158 315
821 566
566 268
3 744
744 541
37 349
349 524
904 474
474 541
549 327
327 272
25 418
418 625
857 168
168 35
483 662
662 860
659 361
361 890
318 218
218 274
352 359
359 133
904 634
634 461
549 48
48 322
175 919
919 65
352 181
181 403
857 911
911 458
659 185
185 272
49 101
101 295
3 506
506 528
641 383
383 385
3 62
62 375
904 275
275 228
292 883
302 342
342 1
302 434
434 894
3 752
752 636
175 632
632 458
904 538
538 805
39 782
782 461
483 123
123 341
641 590
590 268
37 831
831 256
483 835
835 524
529 38
38 322
869 225
225 278
937 334
334 94
549 486
486 278
857 652
652 322
37 779
779 890
659 885
885 734
906 730
730 65
119 756
756 488
302 571
571 625
265 775
775 625
723 229
229 35
814 753
753 134
906 542
542 461
629 179
179 315
821 297
297 623
833 180
180 65
576 335
335 739
39 81
81 501
906 234
234 860
352 551
551 385
862 108
108 63
302 304
304 177
302 604
604 883
243 762
762 268
576 692
692 541
723 445
445 375
937 740
740 524
576 116
116 565
869 152
152 238
49 790
790 732
167 340
340 897
857 898
898 894
3 427
427 897
814 896
896 138
529 785
785 493
862 176
176 385
659 397
397 597
659 205
205 880
576 507
507 315
119 546
546 699
821 696
696 769
641 147
147 295
239 184
184 228
355 674
674 488
814 505
505 603
641 422
422 541
265 786
786 65
318 198
198 228
545 339
339 238
857 209
209 793
260 203
203 272
641 770
770 647
857 369
369 256
545 262
262 647
239 560
560 210
239 809
809 268
239 582
582 647
243 703
703 524
39 568
568 671
483 772
772 133
187 866
866 139
119 324
324 375
659 415
415 278
549 774
774 315
175 309
309 191
39 409
409 133
239 72
72 926
904 556
556 447
549 573
573 524
659 264
264 160
576 479
479 100
659 803
803 894
723 489
489 460
187 129
129 1
821 589
589 461
904 728
728 588
483 273
273 900
39 737
737 463
862 893
893 315
906 75
75 138
857 217
217 112
862 36
36 414
260 939
939 501
3 912
912 288
659 681
681 501
260 237
237 769
814 482
482 860
39 43
43 463
529 270
270 274
869 440
440 463
352 825
825 375
187 271
271 160
243 673
673 805
833 145
145 805
814 22
22 138
529 398
398 625
545 431
431 138
529 337
337 636
576 40
40 924
904 428
428 926
545 550
550 276
904 466
466 160
862 750
750 385
904 656
656 878
641 216
216 459
659 733
733 460
814 504
504 603
39 92
92 541
25 24
24 739
576 173
173 100
187 751
751 883
937 373
373 623
857 212
212 623
37 612
612 890
25 875
875 379
869 132
132 228
629 567
567 414
25 9
9 769
629 211
211 341
641 298
298 414
641 586
586 623
3 934
934 65
629 804
804 341
576 245
245 878
49 18
18 805
3 78
78 160
529 353
353 558
723 140
140 261
187 494
494 268
576 248
248 459
641 702
702 112
869 777
777 461
937 320
320 177
25 69
69 793
119 455
455 793
39 513
513 138
175 249
249 883
265 776
776 458
549 316
316 880
862 269
269 528
352 660
660 228
366 157
157 133
906 613
613 890
39 834
834 375
869 916
916 805
659 609
609 636
119 614
614 524
857 120
120 385
355 347
347 897
355 868
868 616
352 678
678 272
659 382
382 900
906 446
446 191
3 367
367 210
833 526
526 252
265 13
13 739
906 901
901 210
265 55
55 375
483 332
332 924
302 555
555 588
187 5
5 379
352 521
521 558
243 540
540 488
862 437
437 379
3 307
307 177
352 204
204 769
629 610
610 734
869 648
648 493
641 222
222 488
3 247
247 385
545 250
250 699
187 254
254 636
187 114
114 112
576 54
54 890
483 118
118 805
265 736
736 717
821 293
293 112
25 749
749 459
265 344
344 793
821 619
619 894
37 164
164 565
25 492
492 717
260 253
253 463
821 520
520 256
355 451
451 636
243 806
806 288
352 200
200 315
25 279
279 936
549 321
321 191
37 709
709 261
187 14
14 403
869 654
654 766
545 472
472 112
239 583
583 588
25 371
371 463
352 725
725 403
821 561
561 488
119 52
52 924
260 436
436 191
355 34
34 461
906 284
284 210
187 282
282 900
545 838
838 134
641 624
624 890
659 6
6 403
576 333
333 278
937 921
921 276
904 150
150 805
167 595
595 717
904 413
413 894
821 645
645 488
175 381
381 60
3 792
792 793
833 384
384 625
366 47
47 739
243 579
579 288
119 206
206 375
659 598
598 461
545 726
726 588
529 17
17 375
239 680
680 878
167 107
107 341
352 668
668 897
239 121
121 60
904 410
410 379
545 153
153 647
576 433
433 894
629 407
407 315
355 839
839 936
366 495
495 458
119 438
438 278
119 159
159 261
243 325
325 133
355 412
412 238
904 773
773 883
39 401
401 210
366 311
311 625
483 258
258 63
260 563
563 936
3 664
664 139
629 499
499 603
239 842
842 274
3 503
503 276
355 214
214 699
833 223
223 94
260 830
830 463
549 801
801 256
483 532
532 210
833 879
879 793
723 596
596 883
265 170
170 766
302 722
722 447
355 797
797 793
39 41
41 138
904 363
363 385
239 233
233 894
167 854
854 375
243 348
348 900
529 822
822 100
904 676
676 528
814 626
626 160
549 420
420 295
869 7
7 1
187 368
368 375
167 882
882 88
723 874
874 883
659 592
592 936
3 886
886 191
49 832
832 647
167 677
677 623
187 155
155 926
641 670
670 880
239 908
908 403
659 910
910 414
352 795
795 278
659 828
828 463
576 290
290 900
3 836
836 160
576 392
392 315
175 593
593 616
529 637
637 177
167 96
96 636
355 141
141 805
545 519
519 272
318 144
144 860
814 824
824 880
265 443
443 558
586 272
92 924
487 315
698 414
390 35
159 322
198 625
618 379
409 769
716 278
123 541
554 60
104 210
406 565
691 699
895 805
101 1
90 191
297 133
503 900
513 671
406 65
64 461
395 488
519 100
381 268
226 63
499 112
525 252
440 460
190 295
212 459
590 447
8 860
921 880
131 616
691 88
219 177
323 878
127 897
710 717
935 501
779 894
628 558
244 160
54 261
756 734
824 228
79 274
765 647
106 528
285 336
921 603
313 636
692 385
345 138
715 458
242 739
566 94
270 766
279 793
841 238
888 341
752 588
786 493
510 623
507 597
782 403
140 375
725 288
539 134
217 139
695 732
828 524
600 463
804 276
358 936
797 256
262 890
68 883
700 408
318 508
285 413
3 776
187 497
305 60
357 630
265 251
559 749
937 874
748 160
95 8
498 280
148 878
303 16
925 852
761 467
457 477
525 369
318 873
931 373
470 917
907 537
481 407
657 514
869 267
877 375
688 676
67 381
193 811
486 322
780 392
2 608
928 578
75 276
29 269
803 40
232 851
232 583
38 664
606 428
633 672
15 864
319 589
663 668
689 295
932 360
46 495
28 73
115 21
12 507
457 645
462 662
182 838
685 748
818 63
18 412
507 526
473 541
851 198
95 60
549 799
425 381
56 217
216 249
2 299
781 489
675 426
639 466
326 20
895 1
611 769
650 546
509 195
15 894
516 733
853 760
599 134
475 553
532 288
956 1957 813
237 396
860 389
189 640
880 64
596 382
718 921
286 576
589 837
98 611
385 256
444 123
354 29
523 157
686 399
803 471
856 887
268 798
173 310
752 125
940 943
57 384
285 828
885 697
846 191
198 390
502 40
474 146
862 242
630 276
60 736
597 951
177 15
650 930
235 489
910 889
158 174
114 381
320 393
555 342
473 82
724 886
740 486
584 247
561 374
534 848
172 416
437 652
316 313
254 299
77 308
662 894
192 953
689 365
934 875
676 620
510 480
663 666
99 677
105 390
926 147
738 697
682 310
167 296
746 261
521 122
722 203
831 639
20 923
11 518
806 941
573 929
865 267
490 116
264 621
322 109
23 429
336 164
802 869
52 848
392 406
479 298
138 706
771 41
783 684
509 774
728 130
667 274
378 163
633 83
580 82
25 674
444 371
371 417
856 290
290 543
676 214
214 132
561 550
550 258
254 639
639 702
589 239
239 87
724 827
827 730
682 606
606 9
630 673
673 785
444 632
632 599
580 564
564 417
378 494
494 942
60 526
526 942
509 342
342 942
198 897
897 614
322 669
669 245
926 495
495 17
378 333
333 717
597 424
424 312
502 174
174 272
385 648
648 220
354 529
529 251
336 847
847 359
444 925
925 312
479 625
625 417
663 531
531 546
437 763
763 3
650 362
362 702
237 824
824 102
11 356
356 373
880 604
604 9
158 796
796 17
98 913
913 417
862 518
518 111
885 301
301 26
77 334
334 453
597 166
166 546
237 641
641 578
682 772
772 359
630 467
467 56
285 296
296 87
473 608
608 220
667 195
195 26
25 895
895 303
633 513
513 111
254 560
560 132
534 764
764 379
597 370
370 303
444 31
31 303
573 674
674 562
98 367
367 601
52 875
875 245
138 414
414 26
254 117
117 17
237 162
162 717
862 514
514 204
802 701
701 685
738 135
135 303
746 317
317 373
865 42
42 111
926 524
524 417
385 257
257 785
580 905
905 417
686 828
828 614
23 687
687 520
686 236
236 804
555 941
941 210
11 678
678 357
722 79
79 12
114 232
232 871
650 720
720 717
752 59
59 614
23 658
658 111
392 850
850 210
862 97
97 258
597 407
407 601
490 873
873 769
573 668
668 417
663 887
887 87
77 759
759 417
728 369
369 204
846 694
694 12
444 627
627 357
11 683
683 546
173 857
857 804
25 123
123 17
752 240
240 404
676 952
952 165
831 624
624 303
354 255
255 599
663 782
782 919
158 579
579 717
167 659
659 404
584 478
478 942
630 363
363 210
192 949
949 111
177 40
40 303
910 429
429 213
584 463
463 546
336 180
180 546
316 496
496 343
52 308
308 348
689 74
74 453
860 130
130 12
490 816
816 602
771 274
274 272
596 572
572 56
158 217
217 56
752 196
196 804
354 358
358 602
686 729
729 213
385 485
485 9
385 263
263 3
173 712
712 17
910 732
732 730
354 420
420 26
385 337
337 44
630 188
188 417
746 653
653 165
354 874
874 165
490 126
126 453
724 66
66 9
885 539
539 272
322 182
182 404
510 28
28 111
584 696
696 132
573 186
186 312
573 446
446 357
865 748
748 614
52 644
644 417
138 276
276 614
437 137
137 453
77 616
616 12
561 314
314 9
885 844
844 601
724 684
684 220
502 436
436 3
940 591
591 287
555 491
491 56
172 836
836 614
633 646
646 210
803 65
65 599
385 793
793 453
630 202
202 769
23 735
735 543
597 246
246 287
254 808
808 357
20 884
884 599
633 930
930 919
444 838
838 272
724 551
551 379
555 295
295 9
60 725
725 12
444 733
733 562
534 418
418 730
25 265
265 578
264 142
142 111
474 83
83 453
237 30
30 210
880 598
598 213
23 812
812 44
910 144
144 685
320 355
355 357
724 727
727 543
322 6
6 258
584 677
677 685
57 395
395 303
316 703
703 602
555 713
713 614
686 542
542 56
662 493
493 303
167 153
153 520
444 530
530 251
57 313
313 404
686 670
670 685
189 131
131 44
650 341
341 804
865 636
636 213
846 422
422 204
676 932
932 102
264 823
823 804
682 452
452 730
862 27
27 87
60 581
581 56
474 168
168 220
25 750
750 44
354 368
368 404
502 891
891 9
596 620
620 599
235 372
372 578
99 866
866 258
880 651
651 220
322 634
634 132
667 298
298 614
52 104
104 258
172 826
826 303
254 187
187 730
60 292
292 614
880 134
134 717
650 832
832 785
630 154
154 942
167 421
421 357
722 743
743 685
885 935
935 111
856 201
201 785
98 744
744 359
138 841
841 56
856 305
305 17
746 215
215 44
114 143
143 12
509 344
344 578
99 179
179 602
77 447
447 543
630 688
688 942
189 484
484 602
105 870
870 578
806 787
787 417
437 219
219 357
738 849
849 111
676 955
955 132
98 191
191 373
378 577
577 132
783 361
361 417
940 438
438 359
865 426
426 785
596 80
80 12
173 626
626 543
885 786
786 210
52 656
656 12
580 8
8 373
910 41
41 614
264 349
349 210
580 512
512 785
502 837
837 165
662 770
770 102
597 571
571 303
865 700
700 717
20 14
14 303
584 753
753 56
630 450
450 919
320 661
661 717
192 365
365 769
580 535
535 312
728 209
209 562
264 664
664 357
378 151
151 871
663 70
70 717
934 492
492 287
728 244
244 602
25 427
427 404
650 515
515 357
490 640
640 44
662 470
470 56
746 84
84 417
105 807
807 9
444 430
430 9
746 767
767 251
885 507
507 543
831 345
345 56
910 376
376 258
510 275
275 287
23 737
737 9
650 50
50 9
509 249
249 132
502 128
128 942
596 183
183 258
752 565
565 702
561 901
901 417
910 517
517 417
662 889
889 942
910 629
629 165
633 892
892 204
99 67
67 730
856 679
679 102
105 208
208 546
885 4
4 312
392 321
321 312
862 754
754 272
105 51
51 520
573 516
516 56
740 54
54 9
803 113
113 543
25 391
391 12
740 222
222 543
235 95
95 12
806 207
207 599
60 326
326 220
509 211
211 111
138 24
24 204
880 903
903 245
662 121
121 343
158 582
582 272
378 280
280 272
689 124
124 312
114 505
505 417
158 784
784 272
189 549
549 258
746 271
271 599
738 149
149 258
20 848
848 357
724 715
715 343
99 861
861 272
771 877
877 343
663 817
817 204
254 615
615 303
316 791
791 785
831 331
331 785
846 840
840 379
783 194
194 599
264 49
49 717
856 532
532 348
320 273
273 56
474 253
253 546
589 853
853 102
23 921
921 404
856 221
221 258
158 89
89 359
561 22
22 220
676 915
915 601
105 775
775 804
771 171
171 87
177 570
570 730
98 1
1 210
682 92
92 919
686 7
7 210
633 805
805 942
192 110
110 9
589 394
394 871
573 223
223 373
597 908
908 730
650 15
15 685
885 13
13 303
336 58
58 210
320 906
906 102
98 681
681 44
860 619
619 287
573 109
109 287
479 695
695 204
479 536
536 769
11 818
818 287
354 603
603 343
98 170
170 373
584 423
423 111
771 731
731 44
23 953
953 919
722 366
366 453
172 642
642 359
663 554
554 404
385 643
643 373
316 801
801 871
235 859
859 685
173 86
86 132
336 445
445 56
806 419
419 717
722 62
62 562
473 916
916 919
597 483
483 919
686 902
902 785
738 387
387 213
746 893
893 601
650 611
611 730
172 140
140 102
865 43
43 453
940 907
907 379
682 944
944 348
910 197
197 245
474 386
386 213
682 279
279 56
60 136
136 220
940 594
594 602
172 761
761 602
555 402
402 213
802 726
726 132
630 638
638 379
60 869
869 359
738 360
360 919
286 954
954 373
910 739
739 543
724 39
39 204
52 613
613 17
264 794
794 804
676 647
647 251
198 193
193 44
20 351
351 417
676 381
381 379
802 482
482 602
23 798
798 132
444 781
781 599
724 442
442 373
686 238
238 132
831 503
503 44
172 938
938 348
663 203
203 56
172 946
946 87
510 945
945 287
378 742
742 26
254 788
788 702
718 139
139 111
189 199
199 379
444 533
533 601
589 741
741 220
509 557
557 359
25 377
377 303
676 461
461 111
11 576
576 26
676 291
291 213
880 374
374 17
286 299
299 87
99 300
300 165
862 190
190 546
77 711
711 204
11 383
383 730
686 721
721 220
752 800
800 601
52 390
390 562
771 339
339 204
479 879
879 717
724 269
269 942
934 456
456 348
336 380
380 785
158 883
883 785
437 129
129 453
509 868
868 769
23 911
911 12
60 575
575 272
728 19
19 702
172 540
540 132
862 931
931 717
52 920
920 601
444 923
923 359
630 69
69 404
856 413
413 562
490 315
315 272
885 635
635 220
724 855
855 165
783 454
454 685
718 773
773 111
23 898
898 546
555 569
569 599
192 842
842 599
846 88
88 44
189 406
406 717
746 810
810 132
385 247
247 373
860 481
481 769
783 797
797 343
502 148
148 3
573 792
792 373
336 747
747 717
663 277
277 730
336 400
400 343
589 241
241 614
114 566
566 404
173 409
409 87
20 64
64 258
473 488
488 562
316 259
259 357
880 814
814 599
189 82
82 730
633 133
133 702
20 125
125 804
510 707
707 769
663 501
501 602
597 506
506 373
746 928
928 357
173 522
522 26
865 609
609 871
437 16
16 702
580 112
112 258
98 397
397 730
752 475
475 785
23 839
839 165
880 396
396 702
934 899
899 730
11 184
184 26
444 150
150 546
105 809
809 717
596 178
178 343
11 766
766 303
650 328
328 272
521 845
845 942
235 820
820 17
597 218
218 56
52 200
200 546
940 35
35 404
473 765
765 102
444 511
511 453
523 169
169 251
23 48
48 272
738 38
38 599
885 283
283 303
177 101
101 804
25 655
655 213
718 100
100 453
172 103
103 213
392 956
956 379
521 665
665 417
783 350
350 717
534 297
297 272
57 61
61 520
77 266
266 102
728 288
288 165
663 146
146 578
686 780
780 210
597 226
226 804
865 248
248 287
320 799
799 303
474 388
388 602
192 157
157 9
268 541
541 245
177 327
327 251
885 294
294 546
177 122
122 685
596 498
498 614
198 108
108 717
728 657
657 12
752 527
527 730
167 774
774 312
479 610
610 614
534 890
890 312
57 486
486 312
865 335
335 213
521 425
425 871
534 822
822 417
846 260
260 379
910 863
863 258
254 310
310 562
158 145
145 348
11 228
228 220
806 851
851 17
534 795
795 204
490 830
830 614
138 332
332 245
880 819
819 272
322 459
459 871
509 389
389 546
57 567
567 44
173 886
886 373
746 346
346 165
802 227
227 599
235 777
777 769
831 745
745 312
510 347
347 245
865 628
628 251
724 476
476 272
682 302
302 601
57 364
364 303
523 160
160 44
802 471
471 303
189 692
692 343
806 768
768 210
189 778
778 9
561 917
917 165
806 155
155 599
746 468
468 417
254 508
508 245
573 68
68 520
561 872
872 871
806 489
489 348
662 181
181 562
235 278
278 602
320 465
465 730
378 398
398 213
667 563
563 942
746 405
405 685
11 811
811 287
740 888
888 417
650 250
250 871
189 120
120 303
392 751
751 204
114 876
876 165
235 242
242 213
806 175
175 102
25 439
439 614
596 760
760 348
521 544
544 102
392 815
815 272
237 592
592 702
173 547
547 303
11 231
231 258
910 118
118 546
885 340
340 287
192 472
472 357
378 835
835 272
158 323
323 520
268 230
230 56
114 556
556 804
803 163
163 543
667 33
33 373
722 755
755 102
57 693
693 599
264 47
47 258
856 212
212 357
555 71
71 272
718 666
666 417
860 950
950 359
885 500
500 919
856 185
185 453
52 443
443 251
20 487
487 258
865 776
776 785
20 519
519 220
237 709
709 245
320 951
951 111
392 617
617 702
573 716
716 132
25 78
78 717
316 293
293 12
254 18
18 348
502 918
918 373
177 583
583 520
11 671
671 685
354 319
319 685
555 600
600 602
630 528
528 601
934 706
706 287
910 460
460 220
237 325
325 245
523 568
568 17
746 29
29 942
98 5
5 520
138 937
937 343
597 324
324 417
490 593
593 87
114 229
229 599
806 922
922 453
138 680
680 303
392 790
790 702
502 164
164 87
98 858
858 453
521 574
574 44
189 649
649 417
172 699
699 404
862 894
894 601
584 261
261 453
57 497
497 287
264 948
948 348
490 789
789 87
580 464
464 102
60 559
559 379
322 704
704 373
846 401
401 379
490 631
631 546
676 691
691 942
682 72
72 804
650 76
76 373
237 552
552 359
580 929
929 546
662 415
415 56
25 749
749 562
264 462
462 343
880 623
623 348
718 94
94 258
167 457
457 303
268 119
119 730
254 161
161 578
728 587
587 546
722 416
416 942
596 262
262 165
689 585
585 12
746 141
141 12
320 206
206 26
167 75
75 245
322 943
943 343
60 216
216 132
474 311
311 87
11 32
32 453
510 403
403 702
99 233
233 56
490 912
912 804
52 477
477 251
286 708
708 220
561 896
896 717
20 428
428 17
60 289
289 12
865 37
37 520
138 330
330 599
752 147
147 111
831 306
306 258
385 281
281 220
98 81
81 717
60 588
588 685
316 947
947 9
25 621
621 520
392 864
864 26
580 756
756 220
555 499
499 9
23 612
612 785
926 757
757 210
378 833
833 287
738 46
46 251
385 375
375 56
473 434
434 730
630 825
825 404
555 252
252 26
862 329
329 373
99 106
106 220
630 590
590 578
378 622
622 804
60 779
779 12
783 282
282 520
173 652
652 602
502 878
878 520
856 936
936 546
573 734
734 942
105 2
2 287
392 881
881 717
803 736
736 348
105 758
758 601
105 821
821 453
940 480
480 245
444 410
410 379
771 85
85 601
633 455
455 87
52 433
433 379
718 933
933 942
689 723
723 685
322 697
697 614
254 55
55 12
534 411
411 520
285 176
176 220
555 705
705 785
630 914
914 769
509 156
156 9
667 53
53 44
561 882
882 702
99 338
338 769
474 435
435 543
718 10
10 769
237 714
714 102
662 675
675 56
57 813
813 348
25 116
116 453
523 762
762 87
57 843
843 685
11 654
654 520
689 449
449 312
667 548
548 942
105 243
243 102
479 225
225 804
934 553
553 343
862 307
307 220
682 645
645 602
138 904
904 417
192 698
698 702
806 318
318 213
803 412
412 9
596 451
451 132
138 93
93 303
268 107
107 44
20 432
432 17
771 382
382 102
286 924
924 804
198 545
545 599
479 267
267 204
322 440
440 12
385 607
607 3
173 586
586 562
354 393
393 26
320 234
234 601
105 466
466 272
521 205
205 359
783 852
852 785
686 127
127 601
138 525
525 245
534 618
618 213
718 595
595 601
633 399
399 919
738 73
73 111
320 672
672 3
722 256
256 685
934 458
458 730
25 710
710 804
752 829
829 348
724 537
537 578
385 504
504 685
880 637
637 165
752 309
309 348
746 270
270 26
910 91
91 942
444 96
96 379
746 34
34 132
286 36
36 245
561 431
431 102
633 558
558 204
57 538
538 213
667 21
21 769
682 63
63 111
77 284
284 404
235 441
441 111
885 115
115 204
509 352
352 44
523 90
90 12
322 224
224 601
320 605
605 404
444 909
909 348
589 854
854 287
437 159
159 213
846 448
448 251
23 719
719 220
596 900
900 9
597 45
45 343
235 408
408 520
580 834
834 942
802 353
353 9
23 939
939 717
23 152
152 245
846 469
469 132
473 867
867 357
831 690
690 9
167 304
304 165
285 660
660 942
740 384
384 348
479 927
927 602
621 702
739 404
788 220
302 12
535 520
233 357
127 87
889 132
133 245
405 871
471 685
276 213
223 343
821 804
232 785
814 417
223 287
613 614
313 204
526 359
382 44
480 303
603 942
399 17
371 9
253 599
811 379
741 453
307 26
855 3
301 602
716 165
314 578
7 111
252 56
707 251
148 272
877 373
381 546
656 717
266 919
468 601
716 562
155 312
760 769
911 348
334 210
128 102
30 730
668 543
913 594
275 149
418 954
377 302
340 90
122 206
644 475
928 922
447 54
521 755
235 519
544 448
581 788
495 147
875 829
179 302
355 693
269 697
681 519
246 401
137 340
485 139
260 205
120 882
144 852
596 442
856 342
838 19
514 785
585 719
824 700
333 411
905 475
613 350
502 249
140 520
43 87
734 548
414 735
731 258
850 851
584 716
30 71
240 388
709 5
626 582
308 546
211 200
187 5
684 721
700 543
842 72
120 649
106 287
870 569
463 209
786 14
646 660
648 936
642 5
470 273
954 821
342 179
54 139
656 809
364 282
246 54
157 90
940 949
776 912
211 861
772 273
209 810
695 765
337 37
78 307
671 141
232 302
696 611
286 250
658 125
126 287
555 425
809 785
658 379
658 726
150 690
137 246
301 809
789 382
46 204
128 353
276 253
274 762
301 780
290 91
138 328
58 765
365 379
678 785
787 739
624 314
761 876
13 501
341 112
535 775
162 618
626 773
51 78
492 197
199 623
195 483
252 309
486 785
541 666
429 715
609 53
557 540
473 134
268 878
340 352
940 84
485 388
869 455
167 229
846 221
78 401
226 652
492 91
332 156
147 440
479 387
255 849
736 431
246 457
944 451
634 814
592 699
631 757
420 413
268 433
459 487
941 222
438 234
444 760
498 161
798 946
338 152
517 854
674 498
796 622
628 538
860 454
791 258
57 858
378 812
184 601
585 36
667 301
624 592
351 327
20 276
144 855
301 49
240 372
295 441
905 578
847 466
908 3
798 755
203 546
279 122
952 89
223 357
539 325
54 896
646 477
247 73
670 382
354 434
163 464
414 242
679 441
386 75
476 951
421 44
493 501
423 611
976 1963 856
78 586
540 616
670 256
922 876
666 416
640 305
159 678
288 323
823 183
955 483
55 923
218 543
924 747
422 553
330 688
811 485
830 566
22 21
478 486
716 954
868 410
292 459
175 503
254 695
397 56
20 146
866 404
929 240
228 359
316 800
726 794
530 700
489 855
94 136
16 452
472 950
206 517
383 173
356 48
67 786
63 950
887 291
940 737
139 798
808 442
150 963
130 557
647 971
770 385
562 867
487 579
532 284
804 679
453 97
116 280
500 111
609 921
281 335
124 945
377 52
948 547
520 810
76 190
570 72
423 844
63 348
348 349
397 683
683 839
500 420
420 266
288 975
975 969
666 976
976 785
866 810
810 18
292 303
303 969
929 451
451 785
530 809
809 742
924 393
393 18
422 802
802 746
228 925
925 166
78 686
686 742
823 378
378 871
78 164
164 464
206 749
749 266
647 708
708 650
647 841
841 405
130 311
311 625
377 761
761 142
116 473
473 742
20 788
788 870
478 962
962 871
453 259
259 560
63 711
711 401
78 286
286 118
218 167
167 469
823 906
906 824
726 574
574 166
520 83
83 405
281 973
973 746
726 199
199 613
666 19
19 746
520 627
627 79
397 800
800 871
139 160
160 398
288 566
566 349
356 277
277 210
292 545
545 210
76 920
920 401
647 747
747 623
76 461
461 623
130 561
561 112
63 974
974 629
356 859
859 916
472 471
471 558
124 741
741 623
955 268
268 506
489 842
842 625
76 361
361 469
288 764
764 112
868 7
7 914
811 626
626 405
422 634
634 79
22 578
578 623
175 798
798 743
562 921
921 210
868 953
953 629
830 709
709 870
647 806
806 405
940 403
403 743
478 126
126 18
830 285
285 839
609 594
594 464
472 43
43 79
292 424
424 506
666 432
432 449
472 475
475 469
20 784
784 266
377 494
494 405
929 74
74 469
116 867
867 462
922 394
394 166
929 190
190 118
530 935
935 147
716 729
729 780
520 880
880 85
67 525
525 650
116 511
511 166
20 425
425 629
808 601
601 650
647 586
586 118
487 162
162 266
922 372
372 449
670 794
794 840
228 807
807 469
487 460
460 916
640 327
327 412
811 846
846 85
500 557
557 743
670 269
269 92
383 550
550 147
955 783
783 462
78 718
718 266
640 856
856 412
866 822
822 398
76 212
212 112
139 951
951 539
478 504
504 210
830 577
577 558
206 572
572 412
811 543
543 349
804 84
84 401
478 728
728 629
530 226
226 563
67 814
814 743
887 885
885 916
330 660
660 613
124 526
526 506
159 581
581 623
116 657
657 738
716 493
493 969
478 93
93 738
124 873
873 613
356 334
334 623
570 826
826 449
922 103
103 840
770 250
250 870
453 762
762 914
868 441
441 742
124 661
661 785
472 587
587 746
22 26
26 79
922 302
302 263
254 421
421 969
868 336
336 349
254 32
32 95
726 323
323 18
159 174
174 563
823 36
36 462
808 366
366 839
808 805
805 824
520 51
51 123
948 207
207 613
175 571
571 85
609 177
177 780
609 134
134 743
76 750
750 73
316 458
458 92
383 491
491 538
868 28
28 914
330 968
968 538
281 956
956 623
640 836
836 840
139 345
345 405
78 680
680 738
422 431
431 969
716 681
681 469
472 767
767 18
453 875
875 112
22 645
645 560
63 752
752 742
472 435
435 965
726 677
677 8
316 631
631 870
478 260
260 824
640 542
542 123
811 171
171 780
159 725
725 965
472 121
121 142
22 127
127 558
94 231
231 464
206 370
370 349
955 298
298 123
292 310
310 449
150 438
438 780
397 915
915 92
640 203
203 349
716 861
861 965
423 905
905 506
726 320
320 166
532 958
958 142
823 508
508 8
666 643
643 118
530 908
908 625
78 496
496 914
316 251
251 142
940 864
864 95
948 521
521 79
716 111
111 142
940 897
897 18
453 390
390 839
520 201
201 870
281 433
433 629
922 490
490 112
929 759
759 914
316 665
665 539
868 465
465 398
76 59
59 560
150 642
642 538
530 699
699 629
288 39
39 563
532 495
495 85
640 40
40 388
316 447
447 166
770 373
373 650
422 676
676 738
830 877
877 613
562 815
815 79
532 270
270 839
640 384
384 785
423 82
82 210
823 707
707 263
478 754
754 824
383 952
952 824
206 143
143 746
206 796
796 462
570 235
235 506
520 196
196 539
397 901
901 388
330 638
638 266
866 204
204 558
532 720
720 349
316 381
381 464
487 331
331 144
175 724
724 742
78 909
909 266
472 240
240 405
955 812
812 738
532 816
816 462
130 87
87 8
716 674
674 95
487 428
428 401
500 528
528 738
281 881
881 558
804 301
301 871
472 271
271 349
647 389
389 147
478 102
102 118
887 684
684 558
478 855
855 147
478 33
33 780
808 648
648 142
67 15
15 839
254 335
335 870
22 109
109 839
562 584
584 780
609 926
926 746
94 564
564 914
609 651
651 792
206 337
337 349
726 624
624 79
540 775
775 73
887 630
630 95
866 459
459 742
356 556
556 263
540 341
341 969
887 512
512 792
489 927
927 625
924 510
510 73
76 338
338 263
130 237
237 388
609 837
837 746
316 825
825 147
922 734
734 464
330 81
81 792
808 443
443 914
67 903
903 8
823 343
343 388
532 483
483 746
94 182
182 349
500 760
760 144
175 854
854 95
94 52
52 839
377 17
17 464
562 930
930 464
281 851
851 123
868 907
907 916
647 649
649 560
647 220
220 839
63 945
945 147
316 470
470 95
55 89
89 558
254 138
138 412
288 849
849 560
640 886
886 563
726 392
392 112
666 90
90 746
94 671
671 625
55 519
519 780
116 192
192 349
830 663
663 263
811 442
442 266
924 364
364 625
20 484
484 405
281 386
386 536
228 13
13 142
670 344
344 560
609 514
514 95
929 119
119 738
955 365
365 147
423 949
949 18
55 598
598 85
78 828
828 144
423 559
559 743
383 313
313 916
116 12
12 743
130 756
756 79
808 282
282 401
640 548
548 85
175 452
452 79
281 652
652 840
540 970
970 613
823 172
172 824
356 58
58 840
666 208
208 785
640 14
14 625
940 954
954 965
16 879
879 142
562 4
4 210
948 591
591 349
924 834
834 916
716 258
258 965
76 173
173 629
130 374
374 405
823 300
300 792
823 135
135 969
78 786
786 464
948 505
505 558
770 278
278 118
640 61
61 914
76 972
972 840
150 694
694 792
175 675
675 147
67 360
360 613
281 358
358 112
356 636
636 469
218 865
865 401
130 169
169 625
562 297
297 210
175 509
509 916
955 964
964 449
670 417
417 464
453 115
115 469
924 501
501 349
124 771
771 18
377 148
148 536
130 737
737 118
423 488
488 840
562 463
463 969
532 480
480 85
940 108
108 625
377 96
96 613
808 618
618 147
530 274
274 780
76 592
592 738
20 876
876 650
55 253
253 266
726 541
541 263
922 37
37 623
453 241
241 738
609 713
713 563
948 950
950 780
487 555
555 871
159 64
64 210
472 735
735 85
804 667
667 743
770 900
900 839
453 957
957 142
487 332
332 742
76 232
232 969
647 773
773 746
929 740
740 560
770 329
329 118
67 45
45 738
940 267
267 412
924 299
299 539
422 117
117 462
175 294
294 916
532 862
862 738
866 188
188 263
228 641
641 969
292 10
10 538
640 891
891 650
472 106
106 613
130 238
238 916
159 843
843 263
356 340
340 118
830 100
100 112
532 533
533 839
487 249
249 536
540 637
637 166
489 214
214 625
228 498
498 79
288 342
342 969
453 122
122 123
218 437
437 743
175 704
704 746
383 104
104 613
520 682
682 824
55 755
755 18
423 499
499 746
487 97
97 839
228 971
971 462
487 697
697 840
478 369
369 144
218 236
236 398
922 101
101 398
922 413
413 210
726 732
732 79
159 245
245 563
530 705
705 914
20 679
679 147
726 606
606 112
330 583
583 785
206 88
88 563
22 628
628 405
520 418
418 650
487 163
163 785
228 774
774 469
218 882
882 629
67 168
168 792
288 229
229 95
422 612
612 398
22 31
31 625
770 479
479 792
609 690
690 742
562 696
696 840
472 450
450 142
726 280
280 792
316 408
408 118
866 482
482 792
78 616
616 824
22 224
224 349
830 781
781 95
804 155
155 79
316 275
275 785
124 719
719 92
640 185
185 8
716 568
568 464
830 727
727 147
116 582
582 625
288 710
710 112
924 890
890 560
423 467
467 965
292 632
632 506
666 633
633 92
562 152
152 613
16 411
411 625
422 29
29 144
159 247
247 210
377 445
445 449
175 703
703 824
94 531
531 506
383 179
179 464
830 772
772 839
887 50
50 824
22 141
141 18
218 723
723 349
423 379
379 112
397 838
838 18
640 339
339 405
228 307
307 462
530 446
446 405
22 602
602 405
356 938
938 625
124 817
817 412
770 485
485 965
356 549
549 142
666 314
314 8
868 941
941 73
808 439
439 462
647 688
688 824
929 700
700 792
530 387
387 469
316 502
502 92
55 551
551 871
478 863
863 166
823 911
911 92
770 222
222 824
130 262
262 969
423 820
820 210
130 291
291 738
218 787
787 650
206 736
736 73
716 319
319 650
159 324
324 650
316 66
66 349
520 312
312 743
453 923
923 85
811 2
2 563
868 892
892 916
478 427
427 560
139 49
49 401
116 654
654 965
76 730
730 79
804 252
252 563
150 474
474 914
666 72
72 142
924 768
768 746
726 878
878 166
254 656
656 412
288 333
333 839
948 944
944 123
716 257
257 266
139 765
765 965
929 131
131 166
139 603
603 449
640 610
610 79
397 529
529 142
281 444
444 95
281 385
385 18
562 357
357 405
175 265
265 536
924 69
69 506
887 409
409 824
20 328
328 824
948 476
476 538
94 197
197 792
139 399
399 118
647 62
62 401
929 947
947 625
423 714
714 613
666 391
391 539
377 429
429 870
922 739
739 560
666 146
146 210
924 534
534 914
955 183
183 405
924 596
596 398
94 202
202 401
808 371
371 210
206 593
593 263
150 110
110 840
948 579
579 839
887 553
553 871
76 835
835 623
316 363
363 538
770 635
635 629
520 832
832 166
520 128
128 914
150 200
200 870
175 932
932 85
647 701
701 839
292 350
350 469
716 105
105 870
206 308
308 92
562 145
145 506
130 54
54 266
948 819
819 629
228 315
315 412
500 644
644 916
22 615
615 506
76 486
486 18
63 77
77 650
330 287
287 560
228 689
689 464
811 304
304 79
206 669
669 785
532 157
157 742
139 402
402 263
159 223
223 871
22 848
848 560
116 659
659 85
55 419
419 650
124 937
937 123
948 874
874 629
609 614
614 73
500 178
178 742
218 165
165 560
67 967
967 738
175 678
678 871
540 872
872 464
716 455
455 449
866 789
789 839
666 426
426 840
887 9
9 147
955 575
575 95
562 896
896 118
218 943
943 118
150 884
884 506
472 966
966 969
175 24
24 266
288 362
362 613
540 6
6 388
218 156
156 743
924 468
468 650
16 233
233 743
922 213
213 469
330 934
934 870
281 662
662 449
940 513
513 405
377 535
535 405
330 137
137 558
500 246
246 8
22 248
248 824
63 858
858 969
159 622
622 742
866 904
904 742
811 346
346 92
804 221
221 780
640 611
611 558
520 936
936 780
640 507
507 349
866 695
695 558
478 283
283 401
377 668
668 742
955 960
960 824
159 912
912 914
175 34
34 210
124 154
154 785
218 853
853 563
487 492
492 746
770 712
712 742
159 590
590 210
948 406
406 449
948 523
523 398
948 902
902 147
94 831
831 623
94 946
946 462
472 850
850 449
804 205
205 914
130 497
497 738
150 376
376 743
823 658
658 412
356 189
189 398
726 477
477 118
218 317
317 839
383 833
833 398
159 230
230 464
640 913
913 558
397 721
721 916
955 731
731 401
292 595
595 625
94 889
889 79
804 290
290 824
330 604
604 95
330 763
763 118
666 209
209 840
453 284
284 743
570 928
928 92
530 113
113 79
609 691
691 112
489 687
687 746
281 619
619 112
940 46
46 412
124 347
347 388
922 588
588 560
924 27
27 785
478 883
883 785
823 114
114 18
423 170
170 349
397 194
194 464
20 580
580 95
139 569
569 349
716 782
782 743
175 186
186 95
16 396
396 85
124 942
942 625
887 191
191 558
206 276
276 840
356 53
53 147
175 47
47 462
130 503
503 123
94 68
68 79
770 454
454 839
716 404
404 558
924 745
745 464
868 440
440 623
472 368
368 625
868 518
518 785
540 60
60 746
830 620
620 738
830 698
698 563
292 899
899 73
254 537
537 118
67 565
565 870
228 352
352 629
770 211
211 398
453 407
407 914
281 894
894 506
288 48
48 405
670 722
722 412
330 456
456 412
397 959
959 871
770 933
933 112
55 181
181 623
647 576
576 743
811 296
296 824
948 151
151 738
330 295
295 506
804 321
321 118
540 322
322 388
487 309
309 839
955 751
751 8
804 481
481 536
94 852
852 462
868 11
11 142
292 776
776 92
124 243
243 92
811 256
256 539
609 515
515 613
159 239
239 870
811 359
359 613
532 845
845 79
356 600
600 824
929 766
766 349
830 646
646 785
63 23
23 558
887 416
416 18
116 813
813 118
811 552
552 613
16 673
673 95
377 75
75 965
647 860
860 412
808 544
544 405
22 939
939 85
532 149
149 742
76 293
293 147
218 963
963 92
670 91
91 792
929 748
748 538
726 664
664 742
726 715
715 388
139 685
685 144
16 917
917 560
159 829
829 142
150 219
219 746
726 158
158 92
139 242
242 969
377 227
227 536
76 133
133 210
570 547
547 469
670 140
140 210
175 354
354 147
472 42
42 123
330 255
255 118
67 161
161 449
124 21
21 870
478 56
56 563
254 605
605 916
716 234
234 398
887 38
38 870
94 522
522 166
63 410
410 464
377 585
585 742
116 961
961 839
63 400
400 870
150 910
910 625
175 869
869 785
175 524
524 95
540 599
599 95
383 448
448 73
356 779
779 73
116 355
355 650
887 225
225 263
808 430
430 147
330 215
215 625
647 1
1 123
383 918
918 73
130 821
821 613
811 25
25 538
726 693
693 92
808 375
375 469
640 847
847 92
292 414
414 263
940 799
799 412
609 597
597 118
500 791
791 839
811 305
305 92
647 607
607 560
139 895
895 469
823 517
517 506
666 434
434 840
808 136
136 839
726 272
272 18
540 931
931 144
292 589
589 563
830 758
758 118
520 264
264 123
922 125
125 538
924 129
129 388
520 217
217 469
670 99
99 743
130 180
180 92
67 289
289 388
804 415
415 142
530 44
44 538
124 857
857 916
175 655
655 95
63 778
778 79
868 107
107 92
948 325
325 462
22 261
261 625
20 382
382 398
316 769
769 969
929 617
617 780
570 733
733 743
254 273
273 8
868 516
516 563
16 639
639 18
804 790
790 388
130 132
132 738
478 120
120 401
808 608
608 464
218 888
888 870
175 80
80 742
924 70
70 210
570 306
306 560
330 466
466 563
139 567
567 166
570 395
395 623
377 98
98 147
940 351
351 263
472 757
757 742
478 71
71 539
316 176
176 464
139 35
35 629
150 193
193 263
609 198
198 112
948 744
744 738
922 573
573 349
453 919
919 839
948 554
554 401
218 653
653 839
292 797
797 785
647 803
803 824
670 3
3 405
94 546
546 469
175 86
86 506
218 65
65 506
500 436
436 916
922 57
57 792
500 318
318 147
540 187
187 412
823 706
706 210
647 898
898 623
640 844
844 401
570 41
41 144
670 353
353 738
948 621
621 623
175 753
753 95
22 527
527 462
397 793
793 8
887 827
827 969
423 195
195 560
570 30
30 792
356 153
153 965
383 184
184 558
487 5
5 916
356 216
216 538
330 717
717 388
124 457
457 914
922 777
777 349
716 702
702 870
868 672
672 743
478 367
367 914
540 326
326 469
63 380
380 840
20 795
795 871
130 893
893 405
94 692
692 405
472 818
818 780
228 244
244 112
78 279
279 742
383 801
801 449
245 95
245 613
761 969
554 965
46 792
414 629
683 824
638 388
686 464
186 85
370 123
762 743
340 147
622 210
403 650
494 266
59 558
784 142
942 412
765 398
456 506
153 785
357 118
974 738
490 742
747 469
707 916
235 18
913 405
242 536
835 449
81 539
104 746
470 112
704 349
463 538
779 839
869 625
775 144
353 8
247 623
432 401
496 871
374 263
83 914
696 780
14 840
293 79
858 92
389 560
311 462
14 870
25 73
421 166
549 563
798 607
660 404
943 844
663 414
550 635
52 319
504 401
525 439
511 233
439 829
313 151
660 721
94 864
387 3
494 529
254 874
542 789
724 354
542 522
178 544
373 434
661 644
76 855
716 975
587 152
810 919
514 141
373 668
493 875
708 184
295 685
851 255
76 829
460 558
940 857
301 568
606 170
47 79
346 114
812 131
679 2
872 219
222 257
260 713
694 315
806 676
421 434
523 799
940 777
394 773
171 310
472 442
321 272
202 382
239 416
887 82
612 434
310 468
647 286
912 777
848 751
873 947
730 792
435 739
53 456
687 95
609 306
456 142
828 279
104 234
920 372
756 291
630 434
233 573
628 824
119 172
342 176
301 73
922 23
700 349
882 712
640 246
122 163
16 62
341 442
526 103
801 560
206 526
736 558
435 133
342 596
472 581
483 233
428 386
37 147
514 30
303 616
484 360
134 409
566 137
288 663
53 567
854 227
809 524
372 302
564 930
490 693
887 943
423 132
283 744
875 433
951 173
361 337
512 262
343 608
933 464
493 2
610 534
163 252
203 706
602 850
953 912
100 161
802 267
124 876
302 28
971 672
950 322
315 785
281 513
531 427
