5
93 199 83
25 36
43 82
57 48
57 32
32 12
57 42
42 12
57 1
1 19
25 4
4 19
57 17
17 72
25 9
9 61
43 92
92 38
25 35
35 19
43 45
45 88
57 70
70 12
43 6
6 19
43 11
11 38
43 68
68 38
25 73
73 19
57 63
63 88
57 39
39 88
43 65
65 19
43 16
16 88
43 23
23 64
25 52
52 64
43 14
14 19
43 91
91 38
25 76
76 64
43 87
87 64
25 56
56 72
25 79
79 19
43 84
84 19
43 30
30 38
43 5
5 61
57 75
75 61
43 48
48 38
25 55
55 38
25 82
82 12
57 60
60 61
25 59
59 61
25 21
21 19
43 53
53 38
43 22
22 12
43 54
54 88
57 20
20 12
43 24
24 19
57 62
62 88
57 46
46 38
43 31
31 38
43 77
77 38
25 93
93 88
57 47
47 88
43 27
27 88
43 15
15 19
25 8
8 38
25 13
13 38
25 71
71 19
57 81
81 64
57 36
36 61
25 26
26 61
25 33
33 19
25 2
2 61
43 58
58 19
25 89
89 88
43 85
85 12
43 69
69 38
57 28
28 38
43 18
18 19
43 40
40 72
43 83
83 38
57 41
41 38
57 10
10 38
57 74
74 72
25 34
34 88
25 67
67 88
25 7
7 64
43 51
51 72
57 90
90 12
43 80
80 12
43 50
50 64
25 37
37 38
57 29
29 88
57 66
66 12
57 86
86 72
25 3
3 12
25 78
78 61
57 49
49 12
57 44
44 64
9 38
36 64
11 12
66 19
55 72
63 52
87 62
56 82
68 50
55 93
16 3
1 92
68 39
22 10
70 14
91 15
81 83
4 27
32 2
59 80
16 62
5 46
29 38
25 39
26 78
8 61
80 64
35 45
36 50
63 41
90 190 81
9 1
16 43
9 32
32 5
9 45
45 5
16 65
65 5
16 56
56 44
9 53
53 27
9 25
25 5
9 35
35 28
16 7
7 28
9 26
26 39
16 24
24 39
9 48
48 64
16 80
80 5
1 27
16 72
72 64
9 49
49 3
16 87
87 64
16 40
40 28
9 2
2 3
16 34
34 27
16 19
19 44
9 6
6 39
16 50
50 44
16 31
31 28
16 30
30 39
16 20
20 27
16 70
70 5
9 42
42 28
16 4
4 27
16 77
77 28
16 82
82 64
16 58
58 64
16 89
89 64
16 84
84 64
9 18
18 39
9 23
23 5
9 15
15 39
16 54
54 39
9 69
69 64
9 67
67 28
16 52
52 3
43 64
16 75
75 44
16 68
68 44
9 22
22 64
9 85
85 3
16 41
41 3
16 29
29 28
9 38
38 44
16 83
83 5
16 81
81 28
9 11
11 44
16 90
90 3
16 46
46 28
16 33
33 39
9 14
14 44
9 37
37 5
16 63
63 44
16 51
51 44
9 57
57 39
9 76
76 27
9 17
17 28
9 12
12 44
16 21
21 27
16 86
86 28
9 78
78 39
9 47
47 44
9 10
10 44
9 55
55 39
9 62
62 3
9 71
71 3
9 13
13 28
9 66
66 39
16 79
79 27
16 61
61 64
9 60
60 5
16 73
73 64
9 36
36 28
9 8
8 27
16 88
88 27
16 74
74 64
9 59
59 28
35 64
69 27
60 44
50 39
24 28
66 8
32 42
4 3
77 33
85 39
19 89
25 23
86 78
87 17
30 46
4 66
50 76
25 35
82 41
7 27
23 55
69 43
80 55
57 17
69 55
53 48
16 8
87 14
96 199 84
27 63
28 7
76 89
47 13
31 93
77 30
28 78
78 20
47 7
7 59
31 6
6 86
27 32
32 86
31 63
63 86
31 26
26 94
31 88
88 20
76 53
53 74
76 34
34 20
31 3
3 86
31 69
69 59
76 67
67 20
31 24
24 20
77 87
87 20
77 71
71 86
76 30
30 86
28 19
19 74
27 45
45 94
31 65
65 20
27 5
5 74
31 40
40 86
47 73
73 20
27 36
36 59
47 2
2 20
76 85
85 94
77 51
51 86
27 80
80 59
27 90
90 59
27 29
29 59
31 82
82 86
47 33
33 86
31 41
41 86
47 60
60 94
28 44
44 20
76 49
49 74
76 25
25 86
27 61
61 20
47 35
35 74
28 93
93 20
77 22
22 86
28 58
58 20
27 38
38 74
27 4
4 86
28 83
83 20
76 42
42 59
76 95
95 20
31 84
84 94
47 18
18 94
77 16
16 86
76 66
66 86
28 75
75 86
77 12
12 59
27 91
91 86
76 92
92 94
31 1
1 94
28 55
55 59
27 23
23 94
27 15
15 74
76 17
17 20
77 70
70 59
28 10
10 59
31 57
57 94
28 56
56 74
47 50
50 94
27 81
81 74
76 37
37 59
28 52
52 94
77 89
89 20
31 64
64 86
27 9
9 59
47 48
48 20
31 43
43 74
77 96
96 94
27 21
21 20
76 39
39 86
77 79
79 74
27 68
68 94
47 11
11 59
31 14
14 86
27 46
46 20
27 13
13 20
76 62
62 20
31 72
72 20
76 54
54 94
77 8
8 20
55 86
65 59
50 74
2 16
87 49
67 62
88 94
82 33
28 26
85 61
39 59
36 33
83 54
83 42
18 75
2 12
83 37
18 39
77 55
89 8
22 68
47 57
38 11
93 181 80
59 31
65 14
5 25
5 53
53 50
59 35
35 81
5 27
27 55
5 64
64 29
59 93
93 21
59 57
57 66
59 43
43 29
5 73
73 81
5 90
90 81
65 20
20 63
65 45
45 29
5 47
47 66
5 51
51 81
59 4
4 55
59 74
74 29
65 68
68 29
59 82
82 50
65 71
71 29
5 87
87 22
59 79
79 22
65 48
48 21
5 15
15 55
59 62
62 50
5 9
9 63
65 33
33 22
5 32
32 26
5 7
7 26
65 46
46 55
5 28
28 55
5 14
14 21
59 16
16 66
65 2
2 29
59 11
11 26
65 67
67 22
59 72
72 50
65 25
25 63
59 85
85 22
59 89
89 63
59 44
44 55
65 86
86 50
59 42
42 63
5 8
8 50
65 13
13 29
59 34
34 29
5 36
36 22
65 39
39 21
65 54
54 66
59 52
52 50
5 18
18 63
65 80
80 50
65 24
24 81
59 40
40 50
59 1
1 63
5 17
17 63
5 30
30 26
59 84
84 29
65 92
92 66
59 58
58 22
5 6
6 66
65 49
49 81
5 31
31 55
65 37
37 66
59 70
70 81
5 10
10 50
5 19
19 50
65 60
60 63
59 78
78 26
59 69
69 29
65 3
3 22
5 76
76 50
5 88
88 22
65 91
91 29
59 77
77 55
5 23
23 21
65 61
61 50
5 41
41 22
65 38
38 63
59 75
75 66
59 12
12 26
59 56
56 81
5 83
83 21
36 66
2 81
32 21
35 50
1 26
4 63
77 29
58 10
88 56
93 1
51 55
49 61
93 61
84 6
37 78
31 69
92 184 85
80 42
1 25
58 73
2 81
10 66
86 48
80 73
73 46
2 92
92 46
10 38
38 46
80 12
12 46
58 48
48 46
58 62
62 46
58 30
30 46
10 69
69 46
1 34
34 46
80 71
71 46
2 44
44 46
2 76
76 46
1 60
60 46
2 43
43 46
80 88
88 46
86 41
41 46
80 89
89 46
1 9
9 46
10 25
25 46
58 32
32 46
1 84
84 46
10 65
65 46
10 51
51 46
80 49
49 46
10 81
81 46
58 91
91 46
2 82
82 46
1 90
90 46
1 67
67 46
86 21
21 46
10 39
39 46
80 4
4 46
2 70
70 46
10 13
13 46
10 79
79 46
86 83
83 46
2 16
16 46
58 75
75 46
2 66
66 46
58 85
85 46
80 87
87 46
10 20
20 46
86 23
23 46
2 77
77 46
80 19
19 46
1 45
45 46
86 57
57 46
86 78
78 46
10 52
52 46
58 37
37 46
1 72
72 46
2 74
74 46
58 33
33 46
10 7
7 46
1 31
31 46
1 59
59 46
10 27
27 46
1 11
11 46
58 17
17 46
2 36
36 46
1 24
24 46
2 47
47 46
58 3
3 46
1 42
42 46
10 63
63 46
10 18
18 46
1 8
8 46
58 54
54 46
80 53
53 46
80 40
40 46
10 22
22 46
1 61
61 46
80 26
26 46
1 14
14 46
1 6
6 46
80 5
5 46
10 28
28 46
1 15
15 46
1 50
50 46
1 56
56 46
80 55
55 46
10 64
64 46
10 35
35 46
58 68
68 46
2 29
29 46
11 24
48 35
90 63
75 55
65 68
60 68
65 21
86 49
