1
390 776 1
170 384
359 79
186 48
17 318
196 327
60 19
287 179
162 68
132 102
142 67
186 73
73 159
196 332
332 310
170 192
192 245
17 342
342 249
186 156
156 55
359 242
242 249
132 294
294 310
359 96
96 310
142 19
19 310
196 67
67 55
142 347
347 159
186 121
121 55
359 81
81 159
142 273
273 245
170 346
346 245
17 308
308 314
17 92
92 314
359 120
120 128
196 380
380 249
170 36
36 55
186 161
161 245
196 113
113 310
287 90
90 55
170 15
15 314
142 370
370 159
170 115
115 245
186 183
183 314
196 119
119 249
17 283
283 314
186 331
331 55
170 262
262 55
196 323
323 128
170 181
181 245
60 240
240 159
196 218
218 249
186 83
83 249
359 72
72 128
142 309
309 310
17 174
174 310
359 78
78 310
186 68
68 310
17 66
66 159
287 336
336 310
162 171
171 310
170 373
373 245
162 75
75 314
132 123
123 249
287 254
254 249
142 259
259 249
162 330
330 128
287 86
86 310
196 328
328 245
359 228
228 249
170 227
227 310
170 319
319 128
60 277
277 245
17 184
184 249
142 88
88 249
60 111
111 128
60 303
303 55
359 40
40 245
132 316
316 245
17 230
230 55
186 329
329 128
186 100
100 314
142 333
333 55
186 109
109 55
186 268
268 55
196 282
282 249
162 351
351 55
142 80
80 55
142 317
317 249
132 204
204 159
132 205
205 159
132 126
126 245
60 208
208 314
162 379
379 249
196 135
135 55
17 189
189 249
17 364
364 249
359 49
49 245
142 377
377 249
162 7
7 310
142 125
125 249
287 214
214 314
132 389
389 245
142 299
299 55
60 133
133 249
17 378
378 314
170 375
375 55
287 21
21 128
17 2
2 310
132 179
179 128
162 390
390 159
170 122
122 249
196 144
144 245
186 154
154 159
186 47
47 245
170 24
24 249
142 130
130 245
186 177
177 55
132 215
215 314
142 291
291 314
287 98
98 159
142 101
101 55
132 70
70 249
132 148
148 249
162 158
158 310
162 124
124 314
17 79
79 314
287 117
117 245
132 14
14 310
186 143
143 159
60 358
358 310
359 200
200 245
17 381
381 245
17 305
305 245
60 33
33 314
132 237
237 245
60 48
48 245
359 18
18 159
196 102
102 159
162 210
210 128
186 264
264 249
186 355
355 55
60 257
257 159
359 207
207 314
196 116
116 159
60 53
53 314
170 28
28 314
132 281
281 314
162 172
172 249
170 307
307 314
186 199
199 159
162 348
348 159
60 297
297 245
287 140
140 55
142 193
193 310
287 295
295 55
162 233
233 55
17 256
256 159
196 326
326 159
170 260
260 249
196 93
93 128
359 296
296 245
60 383
383 314
60 338
338 245
186 59
59 128
186 318
318 314
60 127
127 55
17 25
25 159
60 131
131 310
359 52
52 55
142 180
180 314
132 349
349 128
17 269
269 314
186 356
356 55
142 41
41 128
17 384
384 310
186 363
363 314
60 178
178 314
186 292
292 314
162 169
169 249
359 31
31 55
60 46
46 249
196 387
387 310
60 9
9 159
17 141
141 245
17 195
195 245
170 340
340 55
359 327
327 159
287 209
209 128
186 279
279 314
17 34
34 314
170 369
369 310
186 13
13 159
287 357
357 55
132 231
231 249
142 139
139 159
162 71
71 159
181 249
88 245
125 159
257 314
192 55
19 128
326 310
158 140
318 245
113 71
232 188
51 5
138 225
366 213
134 97
258 22
386 311
250 136
350 238
91 337
149 221
137 253
99 360
35 352
284 374
35 176
176 1
99 182
182 266
366 306
306 42
99 29
29 272
134 226
226 11
138 151
151 11
149 243
243 272
134 20
20 272
250 198
198 42
284 354
354 223
51 285
285 223
35 290
290 168
386 339
339 248
250 76
76 320
138 202
202 104
91 236
236 248
51 38
38 266
91 167
167 274
91 229
229 185
386 270
270 223
258 334
334 185
99 224
224 191
149 64
64 62
366 108
108 191
366 267
267 1
386 57
57 11
35 324
324 58
137 371
371 185
284 203
203 62
134 216
216 11
232 278
278 320
137 43
43 62
99 352
352 42
386 241
241 191
232 118
118 266
35 344
344 191
386 165
165 112
232 61
61 104
137 157
157 58
99 293
293 168
149 54
54 42
232 302
302 58
137 276
276 266
350 234
234 1
99 190
190 191
149 56
56 272
138 69
69 320
35 150
150 168
91 6
6 185
149 39
39 62
284 155
155 1
284 301
301 42
232 372
372 274
250 367
367 191
149 10
10 58
99 343
343 62
232 313
313 1
366 353
353 248
35 8
8 185
51 136
136 185
366 252
252 248
232 253
253 191
91 3
3 185
386 63
63 1
137 220
220 112
51 74
74 42
138 251
251 104
138 263
263 266
134 212
212 62
138 50
50 42
258 322
322 185
350 261
261 42
350 239
239 112
258 89
89 62
350 341
341 42
134 16
16 266
51 129
129 168
35 368
368 266
366 110
110 272
99 304
304 168
134 197
197 248
149 275
275 62
149 280
280 1
149 288
288 62
232 246
246 168
284 365
365 320
386 345
345 58
99 225
225 191
350 255
255 62
137 337
337 185
137 152
152 248
137 321
321 1
284 187
187 58
138 45
45 62
350 145
145 104
22 191
99 32
32 272
284 147
147 62
138 238
238 274
250 146
146 58
232 105
105 320
138 87
87 1
51 315
315 248
232 194
194 11
138 188
188 248
99 388
388 168
284 312
312 11
138 362
362 274
366 44
44 223
386 247
247 274
91 201
201 168
366 163
163 1
99 376
376 112
137 12
12 274
386 27
27 11
35 23
23 320
134 213
213 185
35 235
235 168
137 65
65 223
134 335
335 42
99 311
311 185
51 107
107 1
91 382
382 104
138 114
114 320
350 106
106 185
137 85
85 266
149 160
160 272
137 97
97 11
137 206
206 223
284 164
164 266
51 289
289 272
51 361
361 168
91 37
37 62
134 26
26 112
149 4
4 62
386 217
217 223
137 385
385 223
99 153
153 168
366 325
325 191
366 219
219 1
149 222
222 1
250 271
271 58
232 94
94 11
134 286
286 168
91 166
166 42
386 360
360 42
138 221
221 112
35 77
77 11
284 244
244 185
137 300
300 272
284 95
95 62
386 175
175 62
134 374
374 168
366 5
5 62
134 103
103 185
51 265
265 223
35 173
173 248
366 298
298 104
149 30
30 191
284 211
211 320
149 84
84 11
265 191
385 62
371 1
69 223
360 185
253 274
12 168
213 248
339 112
50 104
188 11
160 42
217 266
190 58
290 341
99 371
77 211
255 272
166 223
20 278
165 97
304 197
345 1
354 129
306 219
372 22
343 112
341 247
360 221
325 42
232 344
197 112
365 191
76 105
374 298
69 65
150 30
265 168
310 82
55 82
314 82
159 82
245 82
249 82
128 82
82 91
82 386
82 250
82 99
82 134
82 258
82 284
82 350
82 35
82 137
82 366
82 51
82 232
82 149
82 138
