1
488 937 449
96 130
441 110
441 212
212 58
441 349
349 152
441 220
220 55
441 57
57 307
441 272
272 16
96 250
250 103
96 273
273 211
96 229
229 335
96 391
391 480
96 121
121 341
441 133
133 16
441 157
157 424
96 183
183 335
96 87
87 333
96 13
13 429
96 198
198 134
441 366
366 291
441 384
384 16
441 347
347 152
441 275
275 141
96 387
387 82
96 71
71 226
441 254
254 103
441 330
330 82
441 278
278 341
441 222
222 470
96 245
245 341
96 360
360 395
96 42
42 74
96 322
322 480
441 32
32 134
96 419
419 335
96 160
160 263
96 51
51 58
441 45
45 470
441 99
99 146
441 44
44 335
441 102
102 113
441 469
469 470
441 123
123 379
96 466
466 263
441 180
180 291
441 481
481 192
96 373
373 15
96 173
173 113
441 434
434 395
96 405
405 261
441 125
125 291
96 314
314 103
96 331
331 152
441 257
257 113
96 114
114 152
441 389
389 335
441 425
425 341
96 214
214 58
96 364
364 82
441 105
105 429
441 162
162 379
441 144
144 341
96 218
218 82
96 196
196 82
96 184
184 226
96 235
235 225
441 300
300 480
96 94
94 58
96 203
203 192
441 436
436 395
96 205
205 291
441 77
77 132
441 188
188 15
96 413
413 480
441 420
420 211
96 454
454 103
96 337
337 141
96 438
438 132
96 9
9 307
96 97
97 470
441 2
2 211
441 317
317 429
96 431
431 263
441 242
242 141
96 233
233 132
96 117
117 395
441 427
427 291
441 343
343 134
441 415
415 103
96 148
148 113
96 298
298 470
96 228
228 55
441 156
156 381
96 290
290 379
96 191
191 132
441 19
19 146
441 382
382 192
96 84
84 306
441 213
213 291
96 323
323 137
441 234
234 103
441 24
24 291
96 247
247 263
96 361
361 379
96 135
135 137
441 283
283 137
441 418
418 329
441 38
38 137
96 318
318 291
96 475
475 480
441 255
255 291
441 460
460 104
130 132
96 370
370 141
441 41
41 141
96 353
353 381
96 462
462 82
441 453
453 132
441 305
305 329
96 53
53 103
441 179
179 58
96 446
446 113
96 215
215 381
441 477
477 104
441 251
251 335
441 118
118 261
96 468
468 152
96 194
194 104
441 154
154 480
96 267
267 132
441 458
458 74
441 189
189 16
441 227
227 263
96 394
394 152
441 169
169 341
96 368
368 333
441 49
49 82
96 217
217 55
96 37
37 113
441 280
280 134
96 484
484 395
96 195
195 291
441 258
258 82
96 421
421 137
96 292
292 307
441 311
311 225
441 326
326 263
96 310
310 226
96 260
260 226
441 386
386 152
96 238
238 211
441 380
380 261
96 52
52 333
96 422
422 132
441 4
4 192
96 444
444 306
96 449
449 395
96 20
20 55
441 246
246 329
441 456
456 192
96 221
221 132
96 70
70 103
441 259
259 211
96 26
26 82
441 328
328 261
441 207
207 58
441 115
115 141
441 138
138 480
96 320
320 261
96 79
79 103
96 7
7 333
96 393
393 470
96 293
293 291
441 352
352 333
441 56
56 192
441 21
21 395
96 36
36 15
441 388
388 225
96 268
268 261
441 136
136 263
441 281
281 113
441 432
432 192
96 139
139 307
441 145
145 113
96 265
265 16
441 171
171 335
441 374
374 146
441 358
358 146
96 239
239 225
441 231
231 307
96 216
216 134
441 230
230 333
96 223
223 146
441 202
202 329
96 284
284 480
96 363
363 141
441 68
68 333
96 401
401 152
96 270
270 395
96 31
31 192
441 440
440 58
96 116
116 341
96 486
486 3
441 61
61 103
96 357
357 152
441 435
435 3
96 67
67 429
96 439
439 341
441 80
80 15
96 313
313 192
96 404
404 113
96 359
359 3
441 182
182 16
96 34
34 113
96 474
474 226
441 459
459 329
441 89
89 395
441 17
17 306
441 301
301 225
96 98
98 104
441 185
185 104
441 172
172 132
96 463
463 146
441 106
106 141
441 416
416 429
96 127
127 379
441 450
450 132
441 142
142 429
441 482
482 379
96 11
11 263
441 165
165 55
96 72
72 329
96 110
110 58
96 175
175 480
441 91
91 470
96 153
153 379
441 295
295 152
96 164
164 137
96 155
155 16
96 296
296 211
96 385
385 379
441 299
299 152
96 107
107 16
441 60
60 291
441 377
377 291
96 442
442 152
96 369
369 141
96 108
108 134
441 126
126 146
96 232
232 104
441 50
50 82
441 168
168 429
96 285
285 211
441 22
22 137
96 457
457 74
96 14
14 379
441 28
28 306
441 181
181 152
441 43
43 137
96 18
18 341
96 372
372 113
96 40
40 226
96 95
95 146
441 282
282 263
441 119
119 3
441 371
371 82
96 324
324 137
96 338
338 103
441 303
303 263
96 166
166 333
441 312
312 3
441 109
109 113
441 304
304 395
441 27
27 211
96 399
399 381
441 66
66 424
441 252
252 152
441 83
83 134
96 345
345 55
96 244
244 141
441 437
437 225
96 86
86 261
96 159
159 104
96 93
93 291
441 199
199 307
96 471
471 480
96 158
158 134
441 33
33 134
441 473
473 480
96 472
472 341
441 266
266 3
96 187
187 55
441 190
190 329
96 414
414 82
96 350
350 379
96 39
39 74
96 92
92 379
441 193
193 306
96 163
163 225
441 279
279 379
441 178
178 3
441 29
29 329
441 241
241 307
96 1
1 16
96 237
237 470
441 147
147 341
96 467
467 3
441 88
88 261
96 90
90 306
96 277
277 104
441 479
479 82
441 342
342 82
96 286
286 480
441 208
208 192
441 8
8 379
96 256
256 152
441 120
120 424
96 351
351 226
441 340
340 470
441 445
445 141
441 262
262 424
441 402
402 291
96 488
488 104
96 327
327 146
441 378
378 146
96 167
167 379
96 129
129 335
441 48
48 82
96 461
461 306
441 170
170 192
441 423
423 16
96 367
367 58
96 243
243 146
96 269
269 103
441 78
78 341
96 302
302 152
96 334
334 55
441 64
64 263
441 321
321 306
441 75
75 82
441 455
455 55
96 485
485 132
96 46
46 3
441 174
174 113
441 85
85 152
96 464
464 379
441 348
348 307
96 101
101 261
441 487
487 341
96 447
447 141
441 365
365 291
96 25
25 132
96 448
448 137
96 150
150 104
441 143
143 341
96 69
69 132
96 392
392 379
96 452
452 379
441 355
355 480
441 65
65 137
96 23
23 141
441 287
287 381
441 131
131 113
441 417
417 58
96 356
356 141
441 112
112 137
441 406
406 132
441 197
197 74
441 383
383 103
96 354
354 137
96 476
476 429
441 128
128 379
96 483
483 103
441 200
200 261
96 81
81 55
441 362
362 335
96 315
315 341
441 297
297 263
441 336
336 225
441 210
210 333
441 63
63 395
441 344
344 55
441 430
430 192
96 6
6 132
96 35
35 470
96 407
407 152
96 5
5 225
96 201
201 141
96 396
396 146
96 204
204 341
96 319
319 3
96 73
73 134
441 316
316 424
441 151
151 263
96 59
59 470
96 209
209 3
441 376
376 470
96 10
10 211
441 411
411 82
441 76
76 291
441 433
433 141
441 249
249 152
441 140
140 261
96 288
288 211
96 100
100 113
96 428
428 55
96 412
412 291
96 12
12 192
96 206
206 141
96 176
176 74
441 186
186 226
441 124
124 74
96 161
161 470
96 264
264 16
441 62
62 132
96 443
443 480
441 294
294 226
441 253
253 55
96 451
451 329
441 47
47 152
96 271
271 141
441 398
398 113
441 478
478 132
96 409
409 134
96 465
465 379
96 339
339 137
441 240
240 226
96 274
274 134
96 325
325 134
441 309
309 104
441 403
403 341
96 149
149 333
96 276
276 480
96 408
408 335
441 236
236 307
96 30
30 192
441 397
397 306
96 410
410 192
96 400
400 329
441 346
346 141
96 375
375 226
96 111
111 381
441 122
122 103
441 177
177 141
441 224
224 113
96 289
289 103
96 248
248 15
441 390
390 379
441 426
426 424
441 332
332 141
441 54
54 15
96 308
308 225
441 219
219 103
183 341
79 146
270 429
44 134
321 104
172 226
436 261
193 333
50 141
120 329
40 291
34 152
414 103
266 424
358 306
251 395
445 137
267 480
443 3
87 192
90 113
79 470
2 307
112 16
462 335
149 58
430 211
188 379
215 225
214 82
46 15
266 381
391 55
40 263
142 74
462 132
