1
493 931 438
149 304
491 395
280 425
270 456
32 268
290 407
344 275
328 224
249 484
489 19
473 80
186 449
65 376
359 487
190 45
161 271
74 440
394 376
54 72
110 142
185 119
82 419
474 456
479 232
357 197
280 454
454 476
357 413
413 423
344 322
322 452
280 178
178 338
74 419
419 445
74 169
169 156
290 60
60 452
491 146
146 277
473 105
105 336
190 393
393 131
344 129
129 131
394 114
114 156
186 49
49 41
394 73
73 423
190 181
181 312
74 235
235 44
280 18
18 211
186 224
224 334
280 490
490 423
290 64
64 15
185 26
26 263
473 409
409 338
394 48
48 61
489 125
125 61
110 89
89 131
359 286
286 423
328 200
200 263
161 140
140 336
359 267
267 476
54 53
53 79
149 254
254 452
328 208
208 55
280 440
440 55
54 347
347 122
65 429
429 15
54 293
293 195
185 383
383 156
357 120
120 334
186 360
360 131
54 182
182 44
344 203
203 399
185 363
363 170
359 67
67 170
394 436
436 211
161 168
168 445
110 98
98 334
479 398
398 195
74 165
165 122
54 296
296 277
394 163
163 156
344 289
289 263
359 194
194 156
161 443
443 336
186 455
455 44
249 426
426 61
479 428
428 131
190 244
244 131
473 30
30 441
185 17
17 211
290 282
282 369
32 22
22 79
161 340
340 442
149 341
341 312
54 136
136 423
190 93
93 44
344 141
141 79
54 145
145 156
359 433
433 263
186 242
242 122
149 157
157 170
270 408
408 372
489 366
366 445
491 486
486 156
473 294
294 369
161 481
481 476
280 268
268 41
359 319
319 15
280 13
13 369
186 138
138 277
186 172
172 312
74 83
83 41
65 152
152 445
186 210
210 170
110 483
483 79
473 463
463 15
290 100
100 211
394 411
411 288
65 52
52 55
474 45
45 263
394 14
14 399
186 38
38 372
65 214
214 55
328 226
226 369
65 362
362 312
149 278
278 263
186 128
128 170
65 137
137 41
473 69
69 288
110 212
212 334
186 283
283 423
249 153
153 399
270 275
275 399
491 258
258 277
110 90
90 156
149 313
313 369
474 458
458 441
149 221
221 195
186 367
367 15
74 432
432 44
249 331
331 195
489 238
238 336
270 94
94 61
65 333
333 195
186 103
103 288
190 196
196 236
474 348
348 156
489 232
232 445
110 24
24 399
32 33
33 236
74 389
389 61
270 63
63 195
186 151
151 312
290 231
231 372
474 368
368 312
489 40
40 445
479 257
257 476
359 272
272 441
474 457
457 79
54 142
142 338
489 58
58 156
489 317
317 452
479 260
260 312
74 266
266 442
479 446
446 263
359 111
111 79
328 400
400 156
82 174
174 334
328 438
438 61
185 424
424 423
161 342
342 55
186 329
329 211
161 298
298 288
491 416
416 195
344 20
20 334
290 358
358 170
474 113
113 79
344 239
239 277
149 223
223 44
249 241
241 61
491 468
468 236
280 132
132 195
394 225
225 41
186 274
274 312
280 404
404 79
190 299
299 277
290 71
71 369
473 155
155 445
54 96
96 372
32 11
11 211
328 276
276 61
54 123
123 263
473 470
470 338
32 412
412 452
110 201
201 170
474 243
243 334
489 287
287 445
65 388
388 288
473 364
364 441
479 21
21 336
149 352
352 211
54 29
29 44
161 320
320 61
344 279
279 476
82 46
46 211
186 2
2 79
491 75
75 211
161 392
392 236
149 180
180 441
357 310
310 452
491 27
27 170
190 327
327 334
249 384
384 236
359 135
135 338
32 466
466 41
474 84
84 236
479 227
227 338
270 250
250 312
161 130
130 336
280 397
397 211
473 192
192 312
74 199
199 131
394 62
62 334
359 143
143 336
394 377
377 236
290 469
469 41
54 252
252 156
479 373
373 441
474 219
219 369
479 109
109 442
32 47
47 334
270 108
108 372
479 262
262 441
491 35
35 15
110 162
162 55
161 68
68 79
186 461
461 263
357 422
422 156
474 439
439 277
74 139
139 334
82 202
202 263
357 447
447 441
473 332
332 170
54 301
301 55
65 304
304 399
110 453
453 41
161 430
430 445
357 4
4 441
357 281
281 170
359 70
70 195
270 220
220 476
65 448
448 79
474 350
350 338
190 164
164 399
185 56
56 441
473 402
402 263
161 97
97 211
328 480
480 476
473 86
86 15
32 488
488 372
328 80
80 334
270 314
314 442
359 356
356 369
394 85
85 369
82 460
460 476
249 434
434 156
54 380
380 423
185 77
77 312
290 183
183 195
357 112
112 156
161 370
370 423
474 464
464 211
394 81
81 441
161 265
265 312
474 264
264 441
65 87
87 263
65 251
251 131
491 343
343 372
186 246
246 211
186 12
12 442
280 187
187 476
110 345
345 156
473 36
36 55
359 247
247 336
474 101
101 211
491 233
233 423
149 216
216 312
249 417
417 277
290 431
431 61
149 177
177 399
473 295
295 122
190 337
337 131
190 150
150 41
290 335
335 61
394 354
354 61
186 307
307 441
249 376
376 288
489 324
324 170
474 396
396 79
161 269
269 44
357 485
485 131
270 259
259 195
32 222
222 211
185 291
291 369
190 134
134 369
74 311
311 336
270 482
482 156
74 256
256 122
290 28
28 79
359 386
386 55
249 382
382 44
82 171
171 263
82 72
72 61
54 381
381 476
328 285
285 61
249 255
255 476
54 144
144 312
328 407
407 156
290 154
154 423
290 209
209 211
491 292
292 372
357 406
406 441
185 31
31 156
185 9
9 211
328 325
325 122
74 59
59 79
149 92
92 336
491 95
95 55
473 456
456 476
186 6
6 441
190 403
403 441
479 218
218 441
54 237
237 55
394 189
189 41
186 418
418 399
185 371
371 122
149 306
306 61
65 414
414 44
394 127
127 195
249 326
326 441
65 204
204 334
394 300
300 236
479 118
118 263
357 23
23 170
82 378
378 131
357 330
330 79
190 37
37 41
280 308
308 288
54 355
355 442
65 253
253 476
479 379
379 122
110 88
88 288
161 10
10 277
74 395
395 15
394 76
76 372
328 206
206 156
110 462
462 156
359 477
477 338
491 449
449 44
473 245
245 61
161 104
104 79
110 420
420 423
474 349
349 288
270 444
444 372
110 387
387 41
328 484
484 399
65 230
230 338
359 42
42 442
280 57
57 131
32 107
107 156
54 99
99 79
290 493
493 131
185 160
160 122
190 119
119 423
491 147
147 122
394 215
215 452
357 385
385 288
74 248
248 372
359 346
346 211
328 410
410 334
110 390
390 338
65 91
91 334
185 217
217 15
110 315
315 442
161 415
415 369
186 234
234 55
74 1
1 445
149 228
228 156
394 425
425 41
328 271
271 277
249 467
467 131
110 124
124 263
186 148
148 44
280 316
316 211
32 240
240 476
479 213
213 441
54 106
106 452
328 437
437 122
149 50
50 195
394 43
43 44
110 284
284 442
161 472
472 122
474 321
321 211
185 361
361 195
186 273
273 277
359 323
323 288
394 19
19 156
270 175
175 236
359 375
375 312
65 39
39 442
491 374
374 55
479 405
405 61
489 173
173 55
491 302
302 55
394 3
3 236
489 465
465 423
290 66
66 41
479 25
25 334
74 459
459 288
491 193
193 170
65 427
427 55
54 435
435 445
82 34
34 61
489 116
116 288
280 8
8 423
270 450
450 131
359 198
198 452
357 339
339 236
489 421
421 277
479 391
391 156
489 117
117 476
479 184
184 15
270 229
229 79
473 167
167 399
328 492
492 399
394 179
179 122
394 188
188 334
290 102
102 55
149 133
133 122
280 451
451 372
344 261
261 369
65 401
401 476
359 159
159 236
32 309
309 61
359 158
158 236
344 365
365 44
149 126
126 122
357 297
297 55
479 78
78 44
357 115
115 55
290 318
318 369
249 5
5 263
54 197
197 441
290 487
487 79
270 475
475 55
290 166
166 312
290 191
191 288
479 305
305 41
82 16
16 131
149 121
121 277
110 351
351 336
32 207
207 445
344 303
303 312
149 176
176 122
280 205
205 476
359 51
51 423
65 7
7 156
82 478
478 445
473 471
471 452
479 353
353 41
340 170
289 15
35 423
228 334
478 195
141 336
401 211
337 236
221 441
49 131
4 369
414 41
401 44
197 122
349 442
151 452
419 277
240 445
57 338
141 312
113 263
167 476
238 55
171 288
292 61
461 399
203 372
94 79
