1
455 903 1
338 25
112 206
304 10
427 376
22 394
356 420
112 180
180 450
22 228
228 183
356 186
186 158
427 122
122 367
427 404
404 399
112 98
98 183
427 239
239 177
356 439
439 17
338 330
330 270
356 313
313 209
304 124
124 291
338 57
57 174
427 441
441 50
112 442
442 164
22 67
67 158
338 407
407 270
112 30
30 315
112 118
118 291
338 452
452 291
427 116
116 403
356 232
232 164
112 412
412 61
338 223
223 174
112 34
34 157
22 324
324 17
112 55
55 157
112 107
107 450
112 326
326 315
338 166
166 50
22 31
31 158
356 80
80 209
112 287
287 177
356 364
364 252
338 406
406 88
304 97
97 450
356 247
247 305
304 96
96 252
427 2
2 158
338 161
161 252
304 433
433 291
112 42
42 76
427 120
120 168
22 361
361 450
356 218
218 168
22 413
413 174
304 246
246 177
304 58
58 50
304 405
405 188
356 197
197 188
356 60
60 367
304 41
41 393
112 337
337 76
356 24
24 403
338 196
196 81
427 131
131 78
338 185
185 387
22 372
372 264
338 260
260 61
22 153
153 199
427 447
447 177
427 176
176 403
304 193
193 209
304 95
95 367
338 336
336 399
338 363
363 174
338 261
261 138
304 89
89 393
338 350
350 399
22 49
49 450
356 113
113 188
356 221
221 168
112 142
142 177
338 40
40 291
304 231
231 291
356 454
454 291
22 154
154 315
304 373
373 50
338 222
222 432
112 19
19 305
304 347
347 102
304 70
70 168
112 192
192 450
304 263
263 315
22 43
43 138
304 278
278 168
427 125
125 81
338 369
369 61
427 241
241 158
427 314
314 85
427 1
1 61
427 100
100 238
22 8
8 85
304 86
86 50
112 418
418 252
304 344
344 174
356 424
424 270
304 307
307 422
112 18
18 387
338 296
296 264
427 384
384 76
338 63
63 85
427 243
243 432
356 79
79 387
22 317
317 164
427 269
269 183
427 455
455 164
22 59
59 199
112 119
119 174
427 6
6 157
427 328
328 270
304 165
165 85
304 74
74 238
427 152
152 168
112 217
217 17
304 104
104 138
356 268
268 238
22 211
211 264
427 332
332 164
356 149
149 238
356 286
286 78
304 48
48 50
22 323
323 387
304 44
44 432
304 391
391 403
112 191
191 270
304 255
255 291
427 321
321 177
22 273
273 78
427 3
3 164
112 386
386 393
427 285
285 76
427 392
392 76
304 136
136 367
427 316
316 238
304 400
400 270
427 201
201 102
22 103
103 78
356 46
46 164
338 29
29 78
304 383
383 85
427 410
410 76
427 394
394 85
304 333
333 252
22 420
420 81
10 168
112 449
449 81
112 408
408 61
356 53
53 177
356 146
146 432
338 99
99 209
112 51
51 399
427 110
110 403
22 129
129 315
356 36
36 432
356 167
167 168
112 298
298 50
427 340
340 403
338 397
397 199
112 220
220 238
356 402
402 158
338 39
39 138
304 357
357 168
304 250
250 403
304 288
288 450
112 421
421 81
338 434
434 17
112 292
292 367
356 240
240 450
22 111
111 158
112 355
355 291
112 127
127 252
112 322
322 50
427 213
213 78
22 117
117 209
356 195
195 367
22 75
75 183
356 121
121 399
112 109
109 17
112 23
23 209
356 380
380 81
304 159
159 399
338 71
71 164
22 274
274 177
427 7
7 102
112 381
381 393
304 289
289 199
338 382
382 177
304 271
271 61
304 82
82 177
304 143
143 393
112 190
190 264
356 451
451 17
304 139
139 17
304 182
182 238
112 69
69 183
427 169
169 50
356 446
446 177
22 360
360 252
22 133
133 102
427 282
282 432
427 378
378 367
427 83
83 393
112 105
105 291
427 411
411 85
112 440
440 168
304 172
172 157
338 214
214 270
112 126
126 76
304 353
353 174
112 134
134 183
304 11
11 17
22 210
210 17
112 227
227 78
304 16
16 209
427 248
248 85
338 198
198 422
304 312
312 188
356 258
258 177
22 444
444 238
427 257
257 102
22 27
27 61
427 189
189 264
22 401
401 403
112 21
21 158
356 431
431 270
356 181
181 78
112 90
90 81
338 262
262 291
304 281
281 164
427 91
91 252
427 207
207 305
112 175
175 450
356 417
417 174
22 279
279 367
112 25
25 403
22 341
341 88
356 137
137 174
112 362
362 393
112 438
438 238
356 389
389 183
338 266
266 403
338 5
5 387
112 229
229 177
338 87
87 387
112 443
443 252
304 171
171 432
427 371
371 199
427 179
179 17
22 237
237 88
427 178
178 450
338 145
145 450
427 311
311 61
427 352
352 238
304 9
9 270
22 66
66 177
112 318
318 138
304 358
358 450
22 72
72 85
112 348
348 183
112 374
374 78
427 216
216 76
304 140
140 102
22 37
37 183
304 13
13 157
356 283
283 393
338 65
65 177
338 38
38 450
22 162
162 177
427 301
301 432
338 448
448 174
22 256
256 305
22 300
300 183
304 437
437 164
112 415
415 102
338 275
275 252
22 308
308 264
304 226
226 81
112 319
319 403
427 225
225 199
22 163
163 85
338 339
339 264
356 84
84 393
112 429
429 270
304 310
310 81
338 206
206 81
338 409
409 393
356 345
345 81
22 155
155 88
356 425
425 168
356 365
365 209
22 135
135 432
112 204
204 315
427 309
309 168
338 148
148 264
338 73
73 17
304 436
436 387
112 320
320 168
112 303
303 88
304 390
390 252
427 359
359 174
304 230
230 158
427 379
379 61
356 132
132 238
22 68
68 238
112 32
32 88
338 215
215 61
112 245
245 174
22 342
342 393
427 419
419 238
356 295
295 85
356 202
202 61
112 15
15 81
338 435
435 85
304 334
334 367
112 293
293 270
304 398
398 367
338 370
370 177
356 208
208 432
22 194
194 17
22 20
20 168
338 94
94 238
338 445
445 168
427 253
253 188
427 395
395 450
22 33
33 450
338 416
416 17
338 93
93 164
427 430
430 102
22 249
249 291
356 28
28 422
22 108
108 158
338 388
388 17
22 306
306 174
427 170
170 422
112 426
426 291
427 187
187 78
22 106
106 157
112 234
234 393
112 144
144 264
112 235
235 387
356 115
115 367
22 35
35 50
427 173
173 183
22 354
354 168
427 299
299 183
112 377
377 174
304 335
335 209
112 329
329 138
22 141
141 399
427 54
54 174
356 349
349 270
356 77
77 422
427 224
224 367
356 160
160 315
356 375
375 367
356 26
26 88
22 156
156 238
22 52
52 183
304 343
343 199
112 368
368 252
338 366
366 305
356 331
331 88
338 376
376 50
304 272
272 403
22 56
56 367
22 200
200 157
304 351
351 183
427 453
453 85
22 396
396 387
304 114
114 399
338 151
151 88
22 423
423 450
356 276
276 168
112 130
130 270
427 92
92 76
112 62
62 238
338 47
47 174
112 128
128 393
356 64
64 387
356 280
280 399
304 12
12 252
338 428
428 76
304 259
259 102
112 385
385 252
112 236
236 61
304 265
265 252
22 290
290 61
22 251
251 315
22 414
414 164
112 233
233 367
338 150
150 367
304 284
284 78
112 184
184 305
112 277
277 422
427 325
325 291
304 297
297 238
112 101
101 387
356 212
212 264
427 45
45 183
427 302
302 387
356 147
147 209
338 244
244 252
22 294
294 50
356 254
254 61
427 4
4 85
112 346
346 85
427 203
203 17
356 123
123 422
22 205
205 81
112 14
14 305
304 267
267 138
338 219
219 209
356 327
327 157
22 242
242 157
196 209
150 450
401 367
47 85
95 174
373 315
195 393
93 188
92 183
175 199
211 177
425 403
443 78
100 17
418 102
201 158
295 164
438 422
82 432
350 61
296 270
235 50
119 238
7 291
316 305
218 88
426 399
171 81
430 264
111 387
346 252
340 76
18 157
186 138
91 168
213 348
36 362
421 111
326 85
163 242
159 155
337 417
165 376
335 81
438 77
427 195
313 24
193 109
219 367
5 15
126 108
169 409
110 106
446 33
326 414
263 85
46 331
99 213
117 140
454 257
307 435
55 389
80 100
30 74
90 208
137 85
268 145
218 199
372 183
313 296
