5
73 158 1
54 34
61 32
63 23
61 48
48 39
63 47
47 39
63 8
8 29
54 7
7 39
63 55
55 39
54 3
3 29
54 52
52 39
54 6
6 29
63 46
46 29
63 21
21 39
61 51
51 39
61 43
43 39
54 57
57 39
54 10
10 39
54 45
45 29
61 5
5 39
54 1
1 29
61 49
49 29
61 34
34 39
63 53
53 39
61 11
11 39
61 40
40 29
63 16
16 29
61 58
58 39
54 31
31 29
61 9
9 29
63 32
32 29
23 39
54 56
56 29
61 12
12 29
54 37
37 39
8 39
63 43
3 52
43 29
52 37
43 16
3 10
55 21
10 1
40 37
57 16
54 58
8 31
10 9
71 73
4 27
4 64
64 60
71 19
19 60
71 38
38 62
4 26
26 62
4 25
25 62
71 27
27 62
71 14
14 60
4 42
42 60
4 44
44 60
71 30
30 62
71 50
50 60
4 28
28 60
71 41
41 60
4 17
17 62
4 20
20 60
4 33
33 62
4 69
69 62
4 35
35 60
71 15
15 60
4 65
65 60
4 13
13 60
71 66
66 60
4 2
2 60
4 59
59 62
4 73
73 60
71 24
24 60
71 67
67 60
4 72
72 60
71 22
22 60
71 68
68 60
71 70
70 60
4 36
36 62
22 62
26 69
19 22
50 67
35 15
26 27
15 72
33 68
27 35
27 50
29 18
39 18
18 71
18 4
74 148 1
17 65
25 16
17 53
53 62
25 72
72 62
17 61
61 62
25 64
64 5
25 35
35 5
25 66
66 62
17 12
12 5
17 41
41 5
25 22
22 5
25 68
68 5
16 62
17 55
55 62
17 32
32 5
17 49
49 62
25 36
36 62
17 18
18 5
17 33
33 5
17 24
24 5
25 71
71 5
17 74
74 5
17 34
34 62
25 1
1 5
17 51
51 5
25 70
70 62
25 48
48 62
25 13
13 62
25 28
28 5
65 5
25 7
7 5
25 43
43 5
25 69
69 62
17 58
58 5
51 62
25 34
65 43
64 36
68 13
16 28
64 70
17 35
27 14
9 4
27 73
73 6
9 37
37 6
9 50
50 6
9 21
21 39
9 11
11 6
9 14
14 6
9 42
42 39
9 29
29 6
4 6
27 46
46 6
9 47
47 39
27 38
38 6
9 23
23 6
27 54
54 39
9 2
2 39
27 63
63 39
9 15
15 6
9 20
20 39
27 57
57 39
9 67
67 39
9 30
30 39
27 45
45 39
27 8
8 6
27 3
3 6
27 56
56 6
9 52
52 39
9 31
31 6
9 10
10 39
27 19
19 6
27 59
59 39
9 26
26 6
9 60
60 39
27 40
40 6
37 39
59 6
14 19
15 59
50 56
62 44
5 44
44 27
44 9
77 151 1
55 51
55 72
72 63
55 27
27 63
51 63
55 61
61 63
55 1
1 63
55 58
58 63
55 6
6 63
55 3
3 63
55 71
71 63
55 34
34 63
55 24
24 63
55 16
16 63
55 36
36 63
55 14
14 63
55 40
40 63
55 76
76 63
55 9
9 63
55 60
60 63
55 67
67 63
55 46
46 63
55 25
25 63
55 70
70 63
55 43
43 63
55 18
18 63
55 59
59 63
55 42
42 63
55 38
38 63
55 35
35 63
55 17
17 63
55 31
31 63
55 50
50 63
55 12
12 63
55 20
20 63
55 57
57 63
55 30
30 63
55 4
4 63
55 65
65 63
73 49
64 77
39 44
39 15
15 56
39 7
7 56
64 69
69 56
73 53
53 56
64 33
33 56
73 66
66 56
73 75
75 56
73 54
54 56
39 41
41 56
64 62
62 56
73 44
44 56
64 68
68 56
73 48
48 56
73 11
11 56
39 28
28 56
73 74
74 56
64 26
26 56
39 23
23 56
73 52
52 56
73 47
47 56
49 56
39 32
32 56
73 19
19 56
39 5
5 56
39 21
21 56
73 22
22 56
73 13
13 56
64 29
29 56
73 77
77 56
64 45
45 56
39 8
8 56
39 2
2 56
64 37
37 56
66 68
44 5
62 11
53 8
75 44
63 10
10 64
10 73
10 39
98 196 1
16 8
73 3
85 24
32 26
67 44
85 12
12 57
16 10
10 57
32 18
18 91
73 27
27 91
85 62
62 91
85 38
38 57
85 66
66 2
85 88
88 57
73 6
6 77
16 68
68 77
16 48
48 57
16 1
1 2
16 94
94 57
32 78
78 77
85 96
96 91
67 28
28 2
85 30
30 91
67 74
74 57
16 42
42 2
32 63
63 2
32 95
95 57
67 53
53 91
85 44
44 91
16 58
58 57
32 31
31 2
73 92
92 57
85 26
26 77
67 20
20 57
73 19
19 91
32 54
54 91
73 90
90 77
32 79
79 77
73 45
45 91
16 22
22 91
73 43
43 57
32 64
64 77
32 97
97 2
32 59
59 2
73 60
60 2
32 21
21 77
16 29
29 77
16 5
5 57
67 51
51 2
16 50
50 57
73 52
52 91
8 57
67 47
47 91
73 69
69 57
32 76
76 77
85 11
11 2
16 86
86 77
73 15
15 2
67 40
40 57
16 14
14 2
32 75
75 2
67 7
7 77
16 34
34 57
67 82
82 91
16 24
24 91
32 81
81 77
85 71
71 57
85 17
17 77
73 23
23 91
85 61
61 2
67 41
41 2
85 56
56 77
32 36
36 2
16 70
70 91
73 13
13 77
85 72
72 57
85 37
37 57
73 87
87 57
85 4
4 77
85 33
33 77
16 98
98 91
32 49
49 77
85 89
89 77
16 80
80 2
32 25
25 2
73 83
83 91
73 9
9 2
67 55
55 2
85 39
39 77
67 65
65 57
85 3
3 77
73 93
93 91
67 46
46 2
73 84
84 91
67 35
35 57
29 91
23 2
63 77
47 57
21 83
96 98
89 9
30 53
26 61
55 39
70 4
81 49
42 80
32 53
99 196 1
99 61
51 52
51 15
15 56
99 36
36 92
51 54
54 75
99 49
49 68
51 96
96 53
99 46
46 75
51 97
97 75
99 55
55 37
99 34
34 16
51 72
72 53
99 81
81 30
51 80
80 75
99 38
38 75
51 20
20 92
99 26
26 56
51 43
43 68
99 52
52 30
51 25
25 53
51 76
76 68
51 84
84 37
99 2
2 90
99 14
14 53
99 32
32 37
99 48
48 92
51 42
42 53
99 86
86 68
51 66
66 90
51 82
82 30
51 41
41 56
51 57
57 30
51 65
65 37
99 12
12 37
51 69
69 30
51 13
13 37
99 33
33 68
99 94
94 92
99 22
22 16
51 87
87 68
51 4
4 56
51 11
11 90
51 6
6 56
51 45
45 68
99 21
21 16
99 64
64 68
51 71
71 56
51 89
89 16
99 88
88 92
99 19
19 92
99 5
5 30
99 73
73 92
99 7
7 30
99 31
31 53
51 77
77 56
51 98
98 53
99 60
60 56
99 10
10 75
99 39
39 16
51 28
28 90
51 93
93 92
51 62
62 53
51 18
18 16
99 85
85 37
99 78
78 53
51 27
27 90
51 24
24 92
99 29
29 53
99 59
59 68
51 83
83 75
99 23
23 75
99 95
95 30
99 35
35 75
99 50
50 53
99 1
1 90
61 53
51 67
67 92
51 44
44 68
99 58
58 53
51 70
70 90
51 8
8 16
51 74
74 53
51 47
47 75
51 79
79 53
51 9
9 90
51 17
17 56
51 3
3 68
51 40
40 92
51 63
63 92
99 91
91 75
46 37
45 56
28 92
66 16
43 75
4 68
97 30
86 90
26 39
81 41
80 5
43 93
22 6
96 59
41 5
66 1
62 56
96 67
36 3
