5
98 189 83
76 59
32 91
84 9
94 63
88 81
23 16
25 30
75 92
28 77
25 22
22 67
23 49
49 67
32 15
15 21
23 11
11 18
23 98
98 71
75 95
95 18
23 55
55 18
25 7
7 18
23 87
87 21
23 19
19 71
25 16
16 67
25 54
54 18
94 42
42 12
25 50
50 12
76 51
51 12
23 91
91 12
88 24
24 67
25 1
1 21
25 35
35 71
76 58
58 18
76 68
68 12
25 2
2 18
84 8
8 67
88 41
41 71
75 3
3 67
94 73
73 12
88 66
66 18
25 56
56 12
76 78
78 71
32 47
47 18
84 48
48 18
75 20
20 21
88 14
14 18
25 36
36 18
84 4
4 12
25 92
92 71
32 65
65 21
76 70
70 18
84 77
77 71
88 29
29 18
88 39
39 18
75 63
63 67
28 83
83 67
32 17
17 12
84 40
40 12
28 61
61 71
94 52
52 18
88 9
9 21
75 89
89 12
88 46
46 12
84 37
37 21
84 31
31 71
84 79
79 12
84 5
5 67
84 33
33 21
25 69
69 12
76 30
30 71
32 59
59 18
28 93
93 12
94 44
44 12
84 72
72 71
32 81
81 18
28 85
85 18
25 60
60 67
88 53
53 67
84 90
90 67
28 86
86 18
25 57
57 12
76 27
27 71
94 38
38 71
23 97
97 12
28 96
96 18
28 10
10 21
23 64
64 71
88 13
13 12
23 62
62 21
28 26
26 71
25 6
6 21
94 82
82 18
28 43
43 71
25 80
80 67
25 34
34 67
32 74
74 67
94 45
45 18
54 67
82 12
2 71
92 18
53 21
40 43
72 62
48 93
69 38
22 51
15 65
79 27
99 197 87
65 75
21 35
34 70
99 30
41 35
2 45
2 52
52 19
2 46
46 78
65 58
58 69
41 43
43 19
41 82
82 78
34 17
17 69
99 8
8 69
34 84
84 78
99 15
15 78
41 60
60 74
34 22
22 24
99 32
32 78
2 25
25 19
99 68
68 69
99 79
79 69
99 37
37 24
99 14
14 69
99 23
23 78
21 5
5 69
21 9
9 74
21 20
20 78
99 45
45 24
21 75
75 19
65 36
36 19
34 7
7 74
21 83
83 24
99 16
16 69
65 55
55 19
21 13
13 74
34 29
29 69
2 62
62 69
21 4
4 74
34 12
12 19
99 59
59 69
34 86
86 24
41 87
87 78
34 91
91 24
70 24
2 44
44 78
2 76
76 78
2 61
61 74
34 81
81 69
65 48
48 19
41 80
80 78
34 94
94 19
2 53
53 69
99 42
42 24
34 30
30 78
21 26
26 78
99 47
47 19
99 95
95 19
99 63
63 69
41 93
93 69
34 85
85 74
41 98
98 24
99 73
73 78
34 38
38 19
21 89
89 69
21 18
18 74
99 49
49 19
34 11
11 78
41 67
67 78
65 97
97 69
2 51
51 78
2 50
50 69
41 3
3 24
21 40
40 69
99 10
10 74
41 77
77 74
41 72
72 19
99 27
27 24
99 66
66 24
2 71
71 78
99 57
57 19
41 39
39 19
34 1
1 69
34 28
28 24
65 6
6 74
34 90
90 69
99 56
56 69
41 31
31 78
65 54
54 69
21 33
33 69
34 92
92 19
21 64
64 78
99 96
96 24
99 35
35 78
2 88
88 69
25 78
70 19
6 24
37 74
87 69
49 10
43 76
8 6
47 64
91 85
75 1
18 54
84 37
17 50
86 66
15 35
92 184 80
45 28
68 48
41 60
29 19
50 36
30 27
13 76
68 63
63 53
68 18
18 56
29 11
11 44
45 86
86 53
41 72
72 53
13 27
27 44
29 57
57 56
41 26
26 44
41 15
15 44
13 14
14 53
50 39
39 44
29 17
17 53
50 54
54 53
30 9
9 56
29 8
8 6
68 92
92 53
68 3
3 44
13 32
32 53
29 60
60 6
29 67
67 6
50 81
81 6
68 79
79 53
68 12
12 44
13 55
55 44
13 51
51 6
45 7
7 53
50 33
33 44
45 84
84 6
68 49
49 53
13 91
91 6
68 80
80 44
30 73
73 53
30 22
22 44
13 24
24 6
41 83
83 56
68 25
25 53
45 85
85 6
29 16
16 44
30 87
87 53
41 5
5 6
68 82
82 53
68 31
31 53
45 66
66 44
68 75
75 53
29 20
20 6
13 77
77 6
29 71
71 53
13 70
70 6
50 76
76 6
41 2
2 6
30 65
65 6
68 64
64 53
50 10
10 56
41 35
35 6
45 36
36 44
45 59
59 56
41 74
74 6
45 46
46 56
50 21
21 53
41 69
69 53
68 90
90 44
30 89
89 44
50 42
42 44
48 56
13 62
62 44
41 40
40 44
41 78
78 6
45 61
61 56
50 47
47 6
50 38
38 53
45 43
43 44
29 52
52 56
68 34
34 6
41 4
4 56
13 37
37 53
45 23
23 6
50 19
19 44
50 28
28 53
29 1
1 53
13 58
58 44
13 88
88 56
32 56
51 44
61 6
40 1
57 24
57 73
51 64
72 76
13 66
70 23
55 46
39 24
31 52
22 25
10 90
69 42
99 191 92
83 31
5 6
5 49
49 9
5 29
29 65
5 76
76 9
5 51
51 84
83 45
45 9
5 19
19 84
5 74
74 85
5 94
94 84
83 35
35 84
5 68
68 65
5 96
96 9
5 70
70 85
5 93
93 84
83 56
56 85
5 38
38 71
5 57
57 71
5 64
64 65
5 2
2 65
5 37
37 84
5 41
41 84
83 36
36 9
83 53
53 9
83 44
44 84
83 91
91 71
5 33
33 65
83 99
99 65
83 90
90 85
83 87
87 65
5 88
88 9
5 79
79 71
83 24
24 71
5 14
14 71
83 61
61 85
5 72
72 9
83 10
10 65
83 59
59 9
83 80
80 84
5 22
22 9
5 28
28 65
83 23
23 65
5 48
48 84
5 78
78 9
5 7
7 9
5 18
18 71
83 95
95 9
83 25
25 85
5 89
89 84
5 97
97 71
5 63
63 9
5 32
32 65
5 17
17 9
5 30
30 65
83 21
21 71
83 46
46 9
5 62
62 71
83 1
1 9
5 31
31 9
83 26
26 71
83 66
66 71
83 52
52 71
83 15
15 71
5 67
67 65
5 13
13 9
83 50
50 9
5 11
11 65
83 40
40 85
5 47
47 84
5 39
39 84
5 58
58 85
5 69
69 71
83 34
34 84
5 54
54 84
83 12
12 9
83 92
92 71
83 6
6 85
5 20
20 65
83 98
98 71
5 8
8 9
83 27
27 71
83 86
86 84
5 73
73 65
5 43
43 85
5 16
16 9
83 81
81 84
83 42
42 84
83 3
3 84
5 60
60 84
83 55
55 85
5 75
75 71
83 77
77 84
5 82
82 65
83 4
4 65
73 71
13 85
34 9
36 75
18 86
92 196 75
58 55
19 10
29 87
5 1
14 92
4 31
77 65
68 64
83 75
5 88
88 27
77 92
92 57
68 10
10 27
14 44
44 7
5 34
34 60
4 40
40 57
29 48
48 60
58 46
46 61
19 75
75 49
77 91
91 32
14 31
31 32
83 23
23 51
14 78
78 27
77 71
71 57
4 30
30 51
5 42
42 51
77 16
16 7
29 33
33 32
83 47
47 49
29 65
65 27
58 9
9 27
83 39
39 7
14 12
12 49
83 86
86 49
77 17
17 60
5 80
80 60
5 69
69 49
4 25
25 7
77 84
84 60
58 21
21 32
4 28
28 61
58 35
35 27
5 64
64 57
29 26
26 32
4 3
3 27
14 43
43 57
14 18
18 61
68 85
85 51
29 38
38 57
83 8
8 32
4 24
24 27
5 41
41 60
29 76
76 32
68 72
72 32
5 55
55 32
4 67
67 51
19 15
15 51
4 59
59 61
83 73
73 57
14 50
50 27
5 45
45 61
58 36
36 32
77 70
70 51
19 62
62 7
19 13
13 60
58 56
56 7
29 2
2 57
1 7
4 89
89 49
58 11
11 7
14 66
66 27
19 53
53 49
14 79
79 57
4 63
63 61
29 22
22 61
4 52
52 32
5 54
54 57
77 74
74 57
29 37
37 51
4 81
81 7
83 90
90 60
29 82
82 49
77 87
87 49
19 20
20 49
83 6
6 27
12 7
11 61
87 27
74 51
92 32
41 57
80 54
3 43
4 48
35 60
84 8
91 17
68 42
44 43
65 55
43 37
12 66
5 46
88 53
88 1
25 2
78 25
30 16
65 61
10 72
70 81
35 32
15 87
42 86
9 49
5 85
69 50
13 49
40 41
9 73
42 35
86 54
81 49
