1
4934 9342 4409
2306 2748
3890 2330
2158 3091
383 1977
786 4459
2777 4397
2640 4187
2800 4068
2014 780
3507 4537
2560 570
2623 1039
1134 679
4461 3296
575 4355
4370 4857
423 4906
1967 3906
2170 3001
3560 4679
4439 3935
668 382
2020 610
3000 200
814 3153
2039 306
43 1823
4164 1583
587 700
3760 649
1093 3394
1640 3424
2575 1391
4425 1929
930 2009
2930 3127
1546 1477
3766 2272
1243 4764
3190 2360
1793 99
3335 4636
3957 3398
4142 1498
3465 1863
2859 2624
957 252
3987 4047
2262 3406
4034 397
183 3051
4646 4899
4033 3127
4010 3672
713 1231
3781 331
2946 2982
500 638
2066 3632
584 2377
1590 1605
3088 1322
1273 3796
4733 691
3624 1101
3877 869
3810 550
737 334
531 776
4502 4095
3756 2263
3333 670
394 614
4640 2523
35 2817
1631 1881
424 3914
1767 4285
579 887
3763 4296
1095 2563
1908 1923
1538 4248
4863 1743
3619 3061
3526 2633
2862 3611
4592 3552
1191 3031
4317 56
2900 3173
864 1447
2724 2312
3114 2413
4119 507
598 4200
358 3444
2143 1130
1616 2726
41 4913
2898 3258
2345 2692
3458 4727
726 488
1858 2544
2934 758
2983 1998
2347 3294
3807 683
1079 4550
4405 1311
607 4139
1062 4535
194 2492
4475 4572
4040 497
1942 1765
2935 917
1658 3821
1736 315
1787 4786
2695 3056
3375 1992
1271 3570
1004 4249
3928 200
718 2084
4878 3354
675 3297
3255 3593
975 4220
274 4018
3363 2820
595 389
1950 4384
2220 1053
871 4309
2618 656
2122 2904
4482 1348
3826 3166
2644 4493
2164 1571
3124 4325
3215 1507
719 4515
2448 588
348 3082
2191 2431
910 2955
4227 4603
4835 4732
4312 1398
2466 2402
2704 4906
3220 262
4624 3326
4118 4343
1139 1151
1127 947
2391 2266
1600 688
2419 3236
2728 1695
2462 2430
1792 3906
2327 4811
1242 3153
4050 1361
4191 1349
2914 3733
3643 3011
2961 3951
941 2966
4680 1454
269 2021
1644 3597
1751 3327
4847 1398
1240 667
4338 3325
4775 3815
1468 3752
1688 2438
2719 1780
459 2747
3227 2399
1084 1416
4862 4249
1786 3934
2012 2081
3506 2475
3893 2460
3713 3931
767 4487
2068 4062
3282 1434
3365 1955
4642 4718
3972 3978
4770 2504
1005 4289
4409 2816
4021 110
2790 796
1144 779
4844 879
3272 3198
1140 1628
1019 2824
2906 1129
701 1414
860 2367
2643 94
2362 4448
3 4629
3613 3076
3204 2370
1827 1279
1531 2676
4725 1201
2121 4815
952 2553
3260 1872
3264 4277
957 4791
4791 1577
3124 3993
3993 4587
1005 2171
2171 471
1967 1580
1580 2761
1644 4645
4645 606
575 4674
4674 1829
3619 3999
3999 3985
2391 385
385 3580
864 223
223 524
4775 3637
3637 782
3763 3129
3129 160
1967 4565
4565 435
2170 2102
2102 3579
975 1301
1301 180
2014 2326
2326 1873
4050 2636
2636 909
4191 947
947 3823
1191 3441
3441 1443
1644 3692
3692 2229
3255 1085
1085 2671
584 4262
4262 3576
1271 4606
4606 3482
3766 725
725 3755
2448 1238
1238 1648
718 386
386 4753
718 2335
2335 4610
2068 4257
4257 852
4461 2835
2835 1435
2191 1048
1048 937
1191 2341
2341 4022
3890 4639
4639 2493
2618 4136
4136 1671
3114 4102
4102 428
183 3662
3662 3086
1616 501
501 1914
575 2456
2456 2761
2012 3851
3851 2493
531 1918
1918 4479
2191 757
757 1128
423 36
36 2217
4050 4061
4061 3755
1005 895
895 1175
3526 295
295 658
424 360
360 619
4118 3872
3872 3989
2466 4635
4635 3908
1140 1378
1378 635
3506 1337
1337 4440
3 1706
1706 1172
598 3179
3179 1846
4338 4668
4668 1383
2790 2645
2645 244
1546 1389
1389 2661
4021 650
650 1244
2391 152
152 1671
2170 4377
4377 3366
3255 953
953 4802
3957 4849
4849 2783
1600 38
38 2099
2362 1118
1118 4179
1827 2216
2216 3085
4142 578
578 4818
1271 3052
3052 2776
1736 1417
1417 3563
43 4429
4429 3539
1273 381
381 216
701 134
134 4022
3272 3532
3532 3409
579 2842
2842 3366
2448 2794
2794 2300
4844 2393
2393 2891
668 2479
2479 2386
1616 4272
4272 4316
4142 1781
1781 3985
4835 738
738 1425
668 4697
4697 4803
941 1289
1289 1637
4338 4858
4858 782
3282 2867
2867 3409
1079 1592
1592 4562
274 3213
3213 3933
4862 1851
1851 428
2724 1664
1664 3823
1616 1059
1059 3231
424 3674
3674 4753
3458 3207
3207 891
3282 445
445 370
4844 61
61 4808
2362 919
919 937
394 4137
4137 1852
2704 1123
1123 3985
2327 2314
2314 1471
1531 4254
4254 1075
4624 2628
2628 427
1644 4918
4918 4037
2724 532
532 1408
1658 2100
2100 809
3826 264
264 2761
4862 2369
2369 2395
1736 625
625 2999
1644 2113
2113 1435
1908 3166
3166 4610
3215 1669
1669 4250
3760 4089
4089 4587
3957 3714
3714 3086
4034 4194
4194 3639
3506 4693
4693 1364
607 1780
1780 1500
910 1088
1088 3576
3255 1662
1662 367
1079 1700
1700 244
3526 824
824 22
4862 1345
1345 2558
3282 4720
4720 4479
1908 4437
4437 1964
2158 1954
1954 427
587 3214
3214 852
4050 2415
2415 4609
4640 3036
3036 427
1631 1760
1760 1075
43 2264
2264 782
3987 4727
4727 1575
1468 1479
1479 3700
3272 1492
1492 1964
3526 1641
1641 2661
4312 225
225 2661
2862 2166
2166 1707
3465 4024
4024 2247
4482 962
962 4912
4425 3898
3898 3168
43 1902
1902 564
3643 2559
2559 2926
1787 523
523 321
3619 205
205 180
194 2194
2194 3415
3972 242
242 4889
767 335
335 3977
2220 969
969 311
3877 2521
2521 2494
2961 4575
4575 1430
4191 1952
1952 1820
4475 820
820 4022
4775 122
122 996
183 3914
3914 1244
3458 1291
1291 180
3526 2266
2266 3579
668 1830
1830 590
2575 4124
4124 4440
4847 2846
2846 2533
2930 1167
1167 2247
2961 4813
4813 564
4640 2288
2288 2661
4646 780
780 4271
3807 4920
4920 4264
2935 4908
4908 3589
3756 155
155 1512
3893 746
746 4587
424 2902
2902 2049
1079 3555
3555 3539
2695 1233
1233 220
2790 3099
3099 1193
713 3874
3874 2397
3465 387
387 2616
4191 2942
2942 2653
3 1576
1576 3823
1644 4064
4064 193
424 667
667 1193
3204 541
541 463
4409 665
665 1871
3506 1206
1206 2783
4191 3424
3424 3823
3215 2921
2921 1563
1751 4655
4655 3985
1950 2488
2488 4892
3766 1476
1476 2660
1140 3345
3345 2047
595 2387
2387 1075
2790 4086
4086 3377
3282 1653
1653 1283
1243 1124
1124 1671
3114 3648
3648 2300
4040 2879
2879 2530
1658 1506
1506 909
2560 3131
3131 899
2191 2008
2008 3462
4118 1358
1358 310
3 1097
1097 4174
2728 2754
2754 3989
2575 3600
3600 2740
4642 3596
3596 4666
4878 1534
1534 2974
1093 271
271 1001
3088 3889
3889 1175
3877 3346
3346 2776
3365 4922
4922 3686
3893 3783
3783 1404
2935 3186
3186 3620
3124 2116
2116 4587
701 2000
2000 2384
3333 4923
4923 4316
767 3981
3981 3508
4119 833
833 2974
4878 224
224 2990
2777 1517
1517 2740
1005 1
1 1873
1950 2909
2909 735
3987 4361
4361 3612
3877 533
533 877
4624 4658
4658 4587
4050 3990
3990 3462
2448 2324
2324 3409
1793 2513
2513 4264
4119 903
903 2395
975 2464
2464 433
1600 4742
4742 778
3766 991
991 2533
3781 4343
4343 2671
2862 3924
3924 1871
2934 3785
3785 29
383 2474
2474 4609
3365 694
694 2494
675 2889
2889 1087
1640 1460
1460 2439
2644 4584
4584 4609
2191 2797
2797 735
4502 3998
3998 284
864 1325
1325 844
3272 4396
4396 3005
183 2933
2933 877
4642 342
342 2217
607 3956
3956 3100
1191 639
639 524
1631 418
418 325
1062 4068
4068 3635
701 3016
3016 619
3227 3922
3922 3005
3987 4841
4841 204
394 2091
2091 2653
4034 603
603 3154
1134 1857
1857 2433
2898 2205
2205 2671
1751 450
450 3267
4844 46
46 2738
3713 2119
2119 3977
4405 252
252 3482
3264 2136
2136 2671
1468 4076
4076 1758
4835 2769
2769 2598
701 3191
3191 1637
2158 3468
3468 428
4010 605
605 3575
3781 1782
1782 3589
1631 3156
3156 3765
3526 797
797 3942
2618 4236
4236 1873
3114 837
837 4413
1273 1574
1574 2616
4646 1984
1984 2717
2859 4762
4762 3580
2012 1086
1086 877
1688 3758
3758 3989
2800 4652
4652 4271
575 573
573 2760
4475 859
859 4610
2900 4085
4085 852
1240 4065
4065 2661
1640 4431
4431 4179
941 503
503 3602
3282 4603
4603 3508
2347 464
464 367
713 566
566 3366
2575 553
553 204
3890 3641
3641 3688
4844 4794
4794 4486
575 2446
2446 3689
4040 3056
3056 1805
3807 479
479 310
1127 2939
2939 2144
2158 1131
1131 1873
4878 1165
1165 877
1139 2348
2348 1371
2724 1169
1169 4753
1786 2869
2869 3366
1546 3096
3096 4892
4118 4080
4080 2300
2719 964
964 852
1908 182
182 370
3272 3001
3001 180
3227 494
494 1500
3756 3173
3173 1406
595 4761
4761 1671
423 3413
3413 3823
1688 1081
1081 1758
1243 2382
2382 2598
737 2532
2532 3576
1546 13
13 909
3766 2827
2827 4316
701 2077
2077 3462
383 3727
3727 2229
2623 1260
1260 370
1787 602
602 2426
2560 3250
3250 995
423 2307
2307 3219
2327 4095
4095 1283
274 4060
4060 2090
2122 72
72 4753
3000 2202
2202 4427
2900 1906
1906 1575
595 1965
1965 4666
952 3529
3529 2349
952 4797
4797 3580
2704 4012
4012 2717
1590 1225
1225 3231
1005 3550
3550 1852
3781 4144
4144 2099
4844 1040
1040 1982
719 865
865 574
424 2832
2832 3834
1538 3632
3632 3942
2039 509
509 1175
1084 2271
2271 4610
4725 1120
1120 1001
1019 3331
3331 2384
2419 2535
2535 1487
2859 2591
2591 635
3333 1727
1727 216
3826 2552
2552 3556
1644 1101
1101 2300
975 4581
4581 1577
2462 2963
2963 909
4862 3512
3512 105
459 994
994 666
4191 2422
2422 4562
358 2301
2301 1852
3000 2078
2078 1866
3624 4533
4533 2530
4370 2911
2911 3085
3458 3545
3545 520
1736 4597
4597 2338
930 4594
4594 2433
3000 3702
3702 1410
1084 1037
1037 2761
2934 4418
4418 1922
2560 2972
2972 2616
4640 4057
4057 1172
1787 4588
4588 891
4835 3330
3330 1419
4725 948
948 3415
3643 1556
1556 1075
3255 893
893 3952
1531 1176
1176 3635
1590 2449
2449 4094
4409 3980
3980 463
2623 438
438 1001
394 4341
4341 3366
2012 2219
2219 321
1468 2002
2002 321
3365 3572
3572 3452
269 552
552 3041
4646 2186
2186 325
4338 474
474 29
183 857
857 76
194 2995
2995 1871
3088 1065
1065 1268
1827 4165
4165 2005
1786 1930
1930 2144
2618 4815
4815 3451
4142 1899
1899 2530
2327 192
192 4127
587 4714
4714 22
4482 3475
3475 204
2618 251
251 3942
194 2698
2698 4094
183 241
241 2533
4863 2872
2872 1172
3763 2167
2167 1283
424 2594
2594 4486
4227 4387
4387 1371
4502 83
83 3700
4227 1403
1403 2397
3763 3237
3237 3823
1062 3791
3791 1922
4642 2975
2975 3873
2306 1136
1136 1172
4878 1222
1222 1443
3204 3230
3230 4667
1640 779
779 1443
4770 2072
2072 2926
737 3308
3308 337
3333 823
823 3041
1908 911
911 3362
1787 863
863 4037
2419 328
328 3396
1950 338
338 996
3643 2053
2053 4174
2790 4035
4035 3397
4775 4091
4091 1132
424 2852
2852 3168
871 393
393 3688
3215 1313
1313 4511
3363 915
915 2543
1191 2184
2184 4486
1140 1728
1728 1808
3506 2309
2309 3650
35 4183
4183 3823
4592 2791
2791 3409
531 4748
4748 3576
1631 4571
4571 2426
3215 3857
3857 4348
2158 1832
1832 4753
2122 2733
2733 1871
2643 3848
3848 4467
2644 4781
4781 1383
3890 1588
1588 2530
4646 4056
4056 524
2347 3139
3139 506
1950 3921
3921 22
3220 685
685 3409
2391 2505
2505 3580
1531 3682
3682 3377
3000 403
403 4250
3375 3305
3305 1121
3458 548
548 4413
2419 3860
3860 1487
2575 1017
1017 1512
4033 4117
4117 4440
3260 465
465 4511
4040 3530
3530 2237
713 3606
3606 4390
3506 1774
1774 1408
3713 613
613 433
2790 2667
2667 909
35 3456
3456 2533
2560 4782
4782 1471
394 4780
4780 2237
1538 1955
1955 284
183 2593
2593 4316
3375 4449
4449 337
2790 2986
2986 3575
1792 1480
1480 3650
1127 505
505 1312
2934 4386
4386 2426
3363 3631
3631 891
1240 4412
4412 1512
269 1346
1346 2384
3458 1833
1833 1359
2930 4067
4067 687
1736 4830
4830 3620
952 2924
2924 3686
423 829
829 2487
1242 159
159 3834
2345 1769
1769 4610
2862 27
27 4127
3890 1207
1207 3231
2983 3673
3673 1175
598 2246
2246 284
4592 2139
2139 3952
4475 2758
2758 2439
4646 2931
2931 2255
2695 1804
1804 3396
713 2860
2860 2239
4847 2815
2815 3639
1640 4504
4504 1268
2790 3026
3026 2255
2143 4293
4293 4514
3363 703
703 4897
4142 4754
4754 3689
1640 4696
4696 3415
3763 3368
3368 1871
2143 1402
1402 2395
1004 246
246 693
183 496
496 2397
3000 1811
1811 2738
4592 1867
1867 4818
2695 1030
1030 337
2575 248
248 4534
701 2888
2888 4889
2347 1114
1114 1075
2790 388
388 4753
4050 4834
4834 3231
3220 3256
3256 2874
3190 741
741 4250
4118 4507
4507 1430
2306 1889
1889 3041
1134 1484
1484 4466
2066 3236
3236 3005
2640 4871
4871 4390
3810 3122
3122 4479
1858 4161
4161 4271
3506 1848
1848 1500
3619 273
273 4177
4010 4444
4444 4511
4191 3862
3862 3174
1093 3801
3801 370
737 599
599 564
4010 2996
2996 3589
4725 1469
1469 4205
1191 1145
1145 735
2719 2807
2807 2740
1942 2519
2519 1443
274 1362
1362 4587
701 3730
3730 2507
3272 3658
3658 1009
3264 2468
2468 3508
1144 2248
2248 4467
2012 1619
1619 2439
3972 4295
4295 2237
1792 2428
2428 852
3365 3853
3853 1172
2158 2450
2450 520
2158 3429
3429 3243
3000 4552
4552 4666
500 4527
4527 1410
531 1715
1715 2891
2623 2826
2826 891
975 2992
2992 3823
1751 733
733 2005
1858 1501
1501 2395
1093 3932
3932 590
3810 3135
3135 2440
864 3712
3712 2095
3987 4883
4883 4486
1736 4156
4156 4440
1858 2385
2385 2247
2777 449
449 4368
860 39
39 1962
4119 3348
3348 1371
1688 928
928 1471
1468 3165
3165 428
531 1307
1307 160
1538 4224
4224 4666
1062 1026
1026 3686
737 2212
2212 3161
2623 1096
1096 996
2164 2458
2458 666
3114 4516
4516 889
4405 2495
2495 1259
3255 2168
2168 809
2220 2492
2492 2740
1531 3738
3738 3635
3763 1422
1422 4514
1191 2280
2280 76
4317 4838
4838 2144
2066 68
68 337
4040 1926
1926 2363
2695 3370
3370 1172
1139 3934
3934 471
4227 4914
4914 160
4118 191
191 3100
952 4170
4170 735
701 2093
2093 4413
3928 4404
4404 2439
2862 3794
3794 3231
1139 819
819 3556
3957 2177
2177 844
675 4931
4931 4179
2391 3080
3080 877
4409 834
834 2384
1079 951
951 2368
183 3628
3628 687
2220 2027
2027 3231
3643 2537
2537 1922
2859 1921
1921 4390
3 940
940 1312
3987 3525
3525 367
2262 4392
4392 3933
952 2319
2319 4590
3826 3722
3722 3650
2640 138
138 4562
3760 1503
1503 325
3972 3391
3391 2487
3877 1885
1885 2891
2800 3490
3490 4843
4370 1003
1003 244
4640 731
731 1283
1144 4512
4512 471
871 490
490 1312
4461 2966
2966 666
4119 4760
4760 2090
3713 1154
1154 1408
675 2185
2185 2487
1600 1716
1716 4514
1273 361
361 2239
587 1726
1726 4264
3643 4598
4598 3834
1590 2469
2469 435
587 211
211 1312
587 827
827 3579
3215 3187
3187 3005
2704 4419
4419 3174
3227 340
340 1594
4021 1449
1449 3556
2575 2424
2424 666
1908 4275
4275 4039
598 4069
4069 284
3363 4547
4547 3563
2961 485
485 4753
598 202
202 4022
1644 1491
1491 4466
4642 3003
3003 1648
4164 3927
3927 428
2345 1802
1802 2255
4733 4063
4063 4157
1858 2052
2052 1087
2906 3885
3885 2426
1631 3871
3871 3700
4050 1008
1008 4912
459 4422
4422 4390
4624 3172
3172 4264
1062 1511
1511 4610
1786 508
508 2439
4118 314
314 3602
2695 1502
1502 2099
194 3200
3200 220
2362 1394
1394 2217
4370 4536
4536 1371
1095 2108
2108 2653
2466 519
519 1634
3114 3406
3406 1808
814 4786
4786 435
4461 2540
2540 2386
1271 2107
2107 2598
3 2659
2659 3377
4642 326
326 204
4642 1896
1896 3231
701 203
203 3612
2462 1300
1300 1637
2862 434
434 2813
4409 1888
1888 635
675 3694
3694 216
3264 1013
1013 1513
737 979
979 4094
930 4378
4378 909
4191 357
357 3579
2800 2705
2705 2395
3124 4580
4580 877
1243 926
926 1075
930 2018
2018 3452
4191 643
643 3793
718 4653
4653 2247
3643 4687
4687 4912
598 4283
4283 4319
4142 3869
3869 3823
1127 3726
3726 735
2983 931
931 4390
1019 4196
4196 1172
3220 1355
1355 899
3000 329
329 687
4312 982
982 1487
4770 2703
2703 3563
2934 905
905 76
4033 1010
1010 2989
3190 2471
2471 3602
2930 1742
1742 337
2898 1111
1111 652
2039 341
341 3650
1191 2970
2970 852
2859 800
800 1871
2306 4186
4186 3620
595 2346
2346 492
41 2153
2153 1087
3507 417
417 1758
3215 636
636 2874
3124 1024
1024 1513
3363 4388
4388 4467
3220 1317
1317 1408
4624 6
6 4511
4775 2165
2165 4466
871 3790
3790 1435
737 2612
2612 220
941 97
97 3765
4775 4054
4054 321
1908 721
721 2671
2644 372
372 325
500 3048
3048 1175
1093 743
743 2653
3893 3675
3675 4494
3763 3480
3480 4368
786 4673
4673 3602
3877 1933
1933 889
2066 2877
2877 3415
1531 3742
3742 2598
3893 4307
4307 29
4775 1916
1916 4039
910 1761
1761 4413
3124 185
185 3452
4502 2932
2932 693
2644 2908
2908 1779
424 339
339 1873
1191 1801
1801 4250
3000 3991
3991 4223
3272 4795
4795 1283
2618 396
396 4127
2961 1607
1607 2813
2170 4665
4665 3362
4502 2682
2682 1962
1134 686
686 2328
3643 281
281 1808
3255 3288
3288 1818
35 4215
4215 1852
4835 4826
4826 4889
1240 47
47 325
1062 3399
3399 4912
4725 1080
1080 321
941 3651
3651 2099
2623 2443
2443 3085
3000 3906
3906 778
3 3314
3314 2760
701 276
276 4511
767 2204
2204 1820
3619 2399
2399 2740
598 4189
4189 4466
3756 4167
4167 4721
423 3417
3417 2090
2462 3059
3059 4802
274 2010
2010 2229
1538 1604
1604 284
3713 2679
2679 889
3972 2236
2236 2813
786 3270
3270 3635
3227 4051
4051 3620
1546 4776
4776 3377
3375 2388
2388 160
1538 4230
4230 4843
910 4669
4669 1128
767 1905
1905 2493
4642 1021
1021 4590
4642 3909
3909 2255
3807 4505
4505 2598
2143 1734
1734 4889
1644 3912
3912 4566
1688 2241
2241 1410
4862 710
710 1964
975 4424
4424 4534
4646 2332
2332 4705
2306 1082
1082 2426
2728 2907
2907 3905
43 2425
2425 3100
598 3460
3460 2598
2618 1226
1226 4264
2220 1023
1023 937
3624 2873
2873 4667
1942 2885
2885 735
4847 4857
4857 996
3 3137
3137 3005
598 1209
1209 1575
2983 121
121 1500
2930 2254
2254 3686
4425 3463
3463 1624
394 401
401 1075
4863 2528
2528 844
3810 2009
2009 1577
2862 4206
4206 2439
814 467
467 1128
1616 4238
4238 3366
4642 626
626 4479
4863 1486
1486 2049
358 2215
2215 4587
269 176
176 1818
4033 755
755 619
1134 3170
3170 3005
2012 324
324 4511
575 1544
1544 3219
1658 3425
3425 3602
2719 3013
3013 1283
3124 2810
2810 4348
41 1678
1678 1648
3227 222
222 4526
4439 967
967 3700
701 744
744 1575
2728 1870
1870 2653
4164 345
345 3243
713 3925
3925 3482
4733 3367
3367 4319
4050 1198
1198 216
3507 10
10 2990
579 3163
3163 2838
2066 1035
1035 574
3526 2620
2620 909
3760 315
315 1132
3124 272
272 564
35 2525
2525 2338
3613 3474
3474 433
2640 2069
2069 1852
1079 170
170 666
4425 1203
1203 4546
4835 992
992 3415
2898 766
766 1513
4844 1022
1022 1982
1640 1845
1845 1359
1084 3438
3438 367
1243 3113
3113 4753
719 3881
3881 1267
713 384
384 1707
3365 1819
1819 3451
41 2140
2140 3905
3375 3866
3866 3686
1144 1150
1150 3369
4040 3778
3778 3989
4844 2822
2822 2269
2934 2795
2795 2099
4640 774
774 1808
864 1031
1031 2530
1139 4751
4751 2384
1273 2114
2114 2269
2158 1178
1178 2783
394 845
845 1364
4482 1314
1314 4803
3781 334
334 1430
3766 1293
1293 506
4338 4261
4261 1707
2704 1027
1027 4390
3756 2380
2380 1443
2327 4800
4800 3451
348 866
866 1818
3807 3380
3380 1121
2643 478
478 2439
814 3577
3577 4022
2020 495
495 3267
1062 1409
1409 1172
274 2355
2355 4777
2122 16
16 3415
4425 989
989 284
4775 3592
3592 3362
4021 3136
3136 4250
194 1724
1724 844
2961 1573
1573 2433
575 3847
3847 4179
4338 451
451 2507
4034 4009
4009 3409
1084 617
617 427
718 4695
4695 1371
595 1395
1395 2395
1827 2203
2203 2300
4461 1227
1227 2530
1140 444
444 428
41 965
965 2661
598 4073
4073 2368
579 2581
2581 1259
2623 4557
4557 1259
2800 563
563 4609
1908 2947
2947 4316
1767 3663
3663 160
1139 945
945 2543
2345 4428
4428 2989
1242 2773
2773 321
1468 4591
4591 1001
957 1236
1236 4897
41 4545
4545 1259
1950 3882
3882 2047
3826 164
164 3451
930 3762
3762 4037
860 2231
2231 2760
1005 3502
3502 4494
1736 1304
1304 3579
713 825
825 1820
1793 3876
3876 3563
1271 4211
4211 4223
3000 1966
1966 2533
4770 4058
4058 4316
579 3261
3261 4511
2066 695
695 3409
3957 299
299 1779
3613 3721
3721 4514
910 4113
4113 204
4164 3300
3300 1624
1858 60
60 4590
975 2893
2893 1866
1191 2787
2787 3161
2262 1411
1411 337
424 3728
3728 1962
575 730
730 1487
3890 210
210 3905
4142 2372
2372 3686
860 3734
3734 2558
394 3111
3111 4494
3760 2292
2292 2874
2158 3538
3538 996
2575 4626
4626 4514
2695 2504
2504 3873
3713 2854
2854 3908
4021 2665
2665 4802
718 441
441 1410
2143 1849
1849 3688
3713 129
129 4486
579 2571
2571 1962
598 572
572 3366
2719 1689
1689 2989
4425 1135
1135 658
3507 669
669 3793
358 1117
1117 3985
607 1553
1553 4413
4164 3923
3923 1852
2724 24
24 2426
668 3079
3079 3041
2039 1887
1887 666
4835 4561
4561 1283
1688 4441
4441 2368
607 3007
3007 2761
4021 1997
1997 321
1908 3546
3546 310
2790 123
123 4390
423 569
569 2543
2930 1974
1974 2239
957 15
15 1871
2935 1844
1844 4039
4118 1295
1295 4223
183 101
101 996
4405 268
268 782
4118 1957
1957 2653
2143 1725
1725 1001
3365 525
525 2099
871 2179
2179 3580
3810 634
634 3409
1767 560
560 2493
4733 1788
1788 2300
2462 1197
1197 3873
4592 1579
1579 1172
2724 2253
2253 2530
598 2041
2041 3635
2695 1068
1068 2558
3760 149
149 2099
767 4867
4867 3793
183 305
305 2290
3124 2713
2713 2974
2859 1739
1739 520
4461 1834
1834 160
1240 2529
2529 3977
1590 679
679 3579
1631 4107
4107 2661
2164 4644
4644 2349
814 333
333 1922
2020 2848
2848 1487
4191 1212
1212 3765
767 146
146 2144
2122 3935
3935 1634
3619 2746
2746 3765
2020 1028
1028 3462
1079 1440
1440 4264
2719 3055
3055 1577
4646 4411
4411 1707
1240 4417
4417 4494
4312 836
836 2237
587 1894
1894 311
4010 3497
3497 105
383 1733
1733 1846
2345 3251
3251 3086
1793 1329
1329 1648
2164 549
549 3580
3972 221
221 4721
3826 4822
4822 4179
3987 2588
2588 1873
675 1626
1626 4526
2066 4765
4765 3873
2327 2379
2379 1820
2724 621
621 2616
3114 4477
4477 2494
500 1525
1525 3369
4317 3119
3119 1172
2914 3075
3075 3580
713 3483
3483 2635
4227 1672
1672 3369
1005 2646
2646 2049
3763 4169
4169 435
3972 4129
4129 3409
2914 4682
4682 1520
4010 4497
4497 3933
4642 1381
1381 1087
1240 1615
1615 2255
4640 4380
4380 4892
394 2373
2373 303
1967 2135
2135 3231
2728 3010
3010 852
4775 783
783 180
1079 775
775 4534
2220 4842
4842 3639
4338 1754
1754 1406
1005 1698
1698 3834
3643 285
285 204
2898 4277
4277 1805
3890 158
158 2974
3220 3523
3523 1852
1468 3695
3695 3908
4050 375
375 2616
3255 3351
3351 2439
1631 3500
3500 3686
607 4684
4684 2494
3826 2150
2150 658
2800 3037
3037 1244
2347 1837
1837 3985
4409 2863
2863 3041
4680 4458
4458 4666
2462 4038
4038 4205
1273 66
66 3369
1004 4713
4713 2328
2327 4298
4298 1758
3088 2727
2727 1964
1271 4391
4391 2217
4646 4789
4789 4223
2790 4002
4002 3602
2039 2721
2721 1779
2695 2189
2189 4179
941 498
498 2049
4770 79
79 4546
4118 4201
4201 693
3124 2511
2511 1268
2640 4197
4197 3539
3 2188
2188 1852
4592 4172
4172 3602
194 2092
2092 4802
4425 764
764 4390
1144 1432
1432 1577
194 1011
1011 3243
3877 3936
3936 4174
1590 1597
1597 1259
2618 970
970 4368
4370 2431
2431 2660
2327 3149
3149 2740
2961 1680
1680 1594
3506 1142
1142 3952
1942 2527
2527 29
1942 2344
2344 2530
1127 1913
1913 1873
2560 1199
1199 2440
3756 2463
2463 463
786 1456
1456 2761
2961 2564
2564 658
274 4804
4804 1520
2719 4334
4334 3755
3 922
922 3100
3560 3103
3103 367
3526 1166
1166 2530
1271 1393
1393 4039
1242 1438
1438 1172
348 2475
2475 2717
3272 117
117 2229
2862 2685
2685 2005
3972 2251
2251 3579
3282 2043
2043 311
1590 452
452 2507
269 924
924 3650
4191 2979
2979 809
3560 4232
4232 4721
2327 1386
1386 1430
2012 3551
3551 2558
3763 2781
2781 4271
3807 297
297 2047
2618 963
963 4205
3756 761
761 1964
2327 1948
1948 4666
4844 2017
2017 2440
4475 1431
1431 996
4040 4291
4291 4179
531 4350
4350 463
3365 4352
4352 4037
394 1717
1717 1634
2790 2276
2276 2439
1644 3002
3002 844
4863 4902
4902 1520
4878 2967
2967 2776
3215 3126
3126 2838
1908 4531
4531 889
3526 887
887 2783
2560 4756
4756 2290
4119 2211
2211 2653
2158 2478
2478 524
1942 1778
1778 325
1600 4268
4268 4486
1787 4288
4288 652
767 4707
4707 1471
1792 1254
1254 4223
607 3979
3979 193
4835 1659
1659 2095
2327 1462
1462 2999
2391 655
655 4526
1019 1711
1711 899
584 2128
2128 1637
814 3439
3439 1671
4034 1390
1390 3639
2946 1949
1949 2440
43 1071
1071 1707
2983 507
507 4808
2643 1629
1629 984
4863 18
18 3639
4646 4672
4672 2783
1062 4600
4600 1779
1644 1973
1973 4808
3375 1418
1418 3539
4119 4017
4017 1172
2220 2708
2708 4808
4878 3616
3616 2760
952 1423
1423 1964
3124 263
263 3161
941 3133
3133 433
1640 3446
3446 1982
3333 3955
3955 2660
2777 4900
4900 310
2191 2824
2824 1962
3893 3138
3138 1805
1644 2870
2870 2397
1644 3720
3720 4271
1243 3669
3669 2536
1590 4248
4248 2813
3826 888
888 1575
269 3652
3652 3174
4191 654
654 635
1644 4219
4219 2247
1908 2770
2770 4609
3957 555
555 2660
2859 4016
4016 1846
2618 821
821 693
1019 3322
3322 4705
4640 3327
3327 2047
2560 2583
2583 204
1858 1821
1821 284
183 2694
2694 1922
3713 4358
4358 105
3335 425
425 3834
767 3488
3488 3041
2560 2304
2304 3574
3987 1483
1483 1121
1736 2725
2725 4546
2640 359
359 1359
1793 3257
3257 3873
4338 585
585 1820
43 399
399 427
2623 3071
3071 2493
3619 1214
1214 1500
930 4134
4134 3161
2623 1447
1447 4562
4680 318
318 4808
2724 3337
3337 3933
1792 2648
2648 3873
4439 3537
3537 2989
2158 1693
1693 3556
4010 1497
1497 3612
1004 747
747 891
194 289
289 4526
1967 2937
2937 4566
1786 1687
1687 1707
4475 1903
1903 1487
1793 4745
4745 3793
1616 1735
1735 2439
595 3887
3887 2368
952 4019
4019 3823
3810 379
379 3362
1644 4290
4290 3168
2898 1652
1652 1132
1858 1549
1549 889
4021 4434
4434 1520
2719 3718
3718 1520
4021 238
238 3154
4010 3127
3127 463
2391 2656
2656 2530
2466 526
526 852
4050 920
920 3985
4624 1045
1045 1193
2347 188
188 492
1538 901
901 3362
2419 116
116 2255
358 1831
1831 303
598 3984
3984 4587
1590 4125
4125 3508
2191 2570
2570 1594
4034 1694
1694 1520
4010 443
443 1624
579 1854
1854 574
2777 960
960 3823
4592 115
115 687
1468 286
286 2776
3619 3798
3798 492
2935 1375
1375 2384
3264 2675
2675 809
1273 1856
1856 76
584 4532
4532 4526
1468 4703
4703 1406
595 4195
4195 463
3260 287
287 1435
871 709
709 2368
3781 3667
3667 2349
3282 770
770 2660
1243 4476
4476 244
668 3806
3806 1443
3363 3754
3754 4526
3560 4810
4810 1500
2262 988
988 4892
2220 3160
3160 3161
394 4090
4090 506
1004 1636
1636 1359
3365 3498
3498 1283
587 1756
1756 1922
575 1842
1842 3989
4191 921
921 877
4119 293
293 22
1942 1571
1571 4282
4119 4619
4619 4348
2039 4045
4045 1866
4034 4865
4865 3219
2345 2844
2844 2397
2728 4509
4509 3612
4847 3753
3753 1366
1942 3769
3769 3942
2724 2086
2086 4250
2728 1564
1564 1624
1600 938
938 3589
3713 1878
1878 2494
4033 323
323 3409
2935 2847
2847 428
1005 4663
4663 3462
1658 1816
1816 4127
3375 4336
4336 3612
3763 261
261 4177
2012 2578
2578 4467
1600 3081
3081 852
3204 1465
1465 3639
2930 2436
2436 3199
1093 2059
2059 3793
2068 45
45 693
2704 1012
1012 2099
3760 3962
3962 524
1767 1729
1729 3362
2170 2270
2270 4843
579 4081
4081 2543
1271 3950
3950 1982
2014 3221
3221 3635
864 3296
3296 3985
3526 4270
4270 1671
579 3385
3385 428
2900 801
801 2047
4624 4106
4106 1866
579 2693
2693 3161
2066 128
128 1364
1658 4678
4678 666
4862 2339
2339 1087
595 2268
2268 3100
2362 1618
1618 2049
3365 537
537 427
786 1533
1533 2439
2122 2343
2343 2426
1240 2342
2342 912
1468 4381
4381 1922
4409 219
219 1425
2618 4346
4346 3174
2914 2538
2538 105
2898 3051
3051 782
1242 990
990 635
1616 3681
3681 1922
1093 4643
4643 4319
2930 3289
3289 2439
2862 3082
3082 877
3763 3863
3863 362
737 2808
2808 3989
2191 230
230 3199
3877 309
309 4223
2859 3175
3175 3574
2466 2081
2081 1805
860 2774
2774 4037
4733 3306
3306 635
2347 1323
1323 4094
575 1216
1216 370
1095 4583
4583 574
269 2046
2046 1410
4405 3120
3120 427
4680 1892
1892 4037
4405 2765
2765 1634
598 4363
4363 2783
2906 4430
4430 3688
1792 577
577 1443
1640 4528
4528 2926
3890 544
544 693
2695 2691
2691 4467
3000 2120
2120 1009
598 3789
3789 4271
2220 4517
4517 912
2719 236
236 2144
2800 3626
3626 1425
1600 62
62 1982
3375 734
734 3005
4863 2630
2630 2095
4642 4772
4772 2989
1242 1444
1444 22
194 3858
3858 3574
1827 4199
4199 2229
1093 1730
1730 2395
3088 19
19 3579
1084 1452
1452 1871
3890 530
530 2384
598 3891
3891 325
4475 3206
3206 995
3335 3748
3748 2300
579 3496
3496 1366
575 4296
4296 1471
2898 4809
4809 1359
2728 2169
2169 244
4770 3510
3510 995
4775 1490
1490 3620
737 3501
3501 3686
1827 1342
1342 564
3215 1798
1798 4590
2935 557
557 4610
4770 4122
4122 3482
348 678
678 3267
1590 1810
1810 1873
4033 197
197 1268
3526 4356
4356 4526
1005 153
153 3219
3204 3292
3292 4127
1191 3535
3535 3462
1631 1836
1836 325
910 4030
4030 3689
3756 195
195 4427
3465 127
127 3933
4878 580
580 735
4191 1917
1917 2439
2560 373
373 1430
1095 1276
1276 2974
3877 880
880 2616
383 1548
1548 3100
2900 1351
1351 844
3507 2484
2484 3556
2704 1776
1776 2144
1139 3281
3281 2507
3506 3951
3951 1914
1644 3164
3164 4912
3972 2851
2851 877
2643 4891
4891 4912
358 2308
2308 1425
1468 3605
3605 4534
2644 2145
2145 2049
2419 4586
4586 590
41 2549
2549 1193
1640 2486
2486 1500
675 4746
4746 3409
607 4582
4582 2300
2946 3386
3386 2926
3114 561
561 2338
2066 3945
3945 937
3877 1510
1510 3041
3272 943
943 1312
910 255
255 2530
4770 1421
1421 4037
1644 2692
2692 4803
3781 2673
2673 1408
941 1911
1911 1312
767 3567
3567 4534
3957 1149
1149 1121
4878 1112
1112 1244
2068 1768
1768 1648
1751 4276
4276 2269
701 4132
4132 2990
1688 1790
1790 3415
4142 124
124 2440
1631 4522
4522 909
584 3597
3597 2776
1005 1807
1807 2989
668 2780
2780 3942
4502 4872
4872 1962
3972 511
511 687
726 3536
3536 2660
3624 277
277 2255
4878 2201
2201 3985
2448 538
538 3409
4040 2913
2913 3243
1793 3428
3428 2049
4680 2722
2722 506
1950 3918
3918 1624
348 2621
2621 362
1242 4690
4690 311
1736 1069
1069 1852
4847 4088
4088 3589
2068 3553
3553 2237
1942 278
278 2493
4844 4779
4779 492
4461 2316
2316 844
531 2409
2409 4467
2164 4710
4710 1471
2327 2878
2878 1175
4862 82
82 524
4034 3743
3743 3650
459 3856
3856 564
3227 2070
2070 4546
348 609
609 1820
4010 517
517 778
1273 3394
3394 891
3458 1426
1426 3452
4844 3693
3693 1175
3756 4433
4433 1671
3877 280
280 427
3264 781
781 3267
3763 426
426 2688
2859 1884
1884 574
3807 1232
1232 1268
1004 187
187 2349
2900 2364
2364 2761
2777 3729
3729 1404
1590 3816
3816 2090
1005 1959
1959 2363
3507 2956
2956 666
2983 3447
3447 3556
4040 1056
1056 1443
423 181
181 2395
194 2585
2585 3396
1134 1863
1863 303
1240 1297
1297 2439
2983 461
461 1487
2039 110
110 4413
2728 2183
2183 2247
424 2013
2013 4319
1127 3772
3772 2239
2906 2162
2162 4316
4338 528
528 2426
3458 2157
2157 2530
3756 3486
3486 606
348 1074
1074 2740
2623 3565
3565 2247
2262 4840
4840 3977
1468 1041
1041 2049
2898 3130
3130 1513
4592 3414
3414 4514
4317 1299
1299 652
975 3241
3241 2395
3363 1657
1657 29
183 663
663 3755
1019 4400
4400 3765
2327 84
84 2660
718 2840
2840 3952
3124 610
610 471
2014 2716
2716 2239
767 4578
4578 2813
1600 4723
4723 1914
1019 4335
4335 1563
3264 3503
3503 2005
4317 178
178 1430
3987 3153
3153 2386
4021 4347
4347 3362
4862 3473
3473 3174
531 4726
4726 2363
424 3342
3342 3834
3124 106
106 2761
3507 1200
1200 367
910 4052
4052 4486
4317 1723
1723 1563
43 4273
4273 492
3893 1098
1098 2760
4370 3668
3668 1871
3526 2516
2516 4566
394 2405
2405 2760
3877 2451
2451 1404
183 2546
2546 4777
1767 2434
2434 635
3624 4147
4147 4157
4592 918
918 4094
4680 476
476 1087
1242 3892
3892 2386
579 3145
3145 3005
4409 3653
3653 3985
2643 2227
2227 2217
584 4881
4881 4094
4425 1937
1937 3563
3760 4861
4861 889
3763 3269
3269 427
2719 3065
3065 4486
3877 1347
1347 2543
737 3225
3225 1383
3227 4099
4099 1410
1243 1282
1282 912
2930 826
826 3755
1273 7
7 4174
3643 4255
4255 2144
2012 1985
1985 3100
4040 3431
3431 4271
274 2890
2890 4721
2560 2542
2542 337
1127 2836
2836 1419
2777 2993
2993 2368
3114 2278
2278 1172
4844 213
213 167
3363 4138
4138 4666
2728 4623
4623 3905
4592 4832
4832 2494
3458 1258
1258 1175
1240 1192
1192 2990
4033 1880
1880 3575
2935 2394
2394 524
3506 3263
3263 4427
1468 4294
4294 4271
4118 4654
4654 3639
4847 3061
3061 1408
864 2408
2408 2328
35 2687
2687 4777
2640 1874
1874 4889
1640 2981
2981 3834
2644 3913
3913 1406
3560 4894
4894 2426
4878 2461
2461 1982
2946 3828
3828 693
579 3757
3757 2813
3928 4636
4636 4562
35 4339
4339 1435
2790 3035
3035 852
1240 4274
4274 4587
3613 3183
3183 3700
4835 354
354 1852
2068 1294
1294 2397
2012 3940
3940 1500
2170 1454
1454 3161
43 431
431 1922
2466 3095
3095 167
1644 2445
2445 1075
2914 4260
4260 2368
2934 917
917 2237
2560 4000
4000 3396
3465 2916
2916 658
607 3421
3421 3755
3643 2654
2654 2653
383 4585
4585 687
2466 1250
1250 1846
3526 3118
3118 3612
183 2016
2016 4897
2039 3761
3761 1873
3893 3787
3787 877
2121 3852
3852 4721
814 487
487 1982
1644 1591
1591 877
726 4023
4023 687
2914 206
206 4486
4425 1509
1509 321
1144 1160
1160 303
41 3423
3423 2494
269 3802
3802 3397
3619 1692
1692 4223
2419 2252
2252 3905
3000 3941
3941 3823
3335 4120
4120 4319
957 1599
1599 2269
3220 2192
2192 1852
1942 1353
1353 3977
2191 1670
1670 1128
183 1718
1718 2349
701 4850
4850 1359
3766 3824
3824 4808
595 4612
4612 1001
3215 4932
4932 1846
4142 4500
4500 1520
3763 3449
3449 2229
2122 2457
2457 2761
2859 4798
4798 2090
3807 2056
2056 1244
3526 2489
2489 2740
3810 4252
4252 4511
35 3803
3803 1563
2946 4747
4747 1758
2640 582
582 3688
2466 4281
4281 3563
3877 1016
1016 3689
4021 950
950 2616
3763 4344
4344 4808
1005 1541
1541 3952
2560 4704
4704 3377
183 1543
1543 574
2790 4258
4258 29
4409 642
642 160
2704 4740
4740 2813
2934 1523
1523 1175
4592 2544
2544 4094
2220 1459
1459 2760
3375 1218
1218 1408
726 1239
1239 506
3756 760
760 1962
1127 723
723 1512
3 2799
2799 2217
1243 536
536 310
2158 2626
2626 2047
4646 2062
2062 1982
3624 4233
4233 76
2345 2067
2067 2616
383 848
848 4721
3890 1881
1881 2598
3204 2071
2071 3161
1468 4436
4436 4526
1787 416
416 1175
424 622
622 590
4118 4579
4579 1914
4775 3108
3108 310
2170 3125
3125 3409
3781 2809
2809 1575
1751 2325
2325 4022
4863 2680
2680 3462
3987 2839
2839 3005
274 4166
4166 1707
4770 1369
1369 4157
183 3917
3917 2144
1095 3148
3148 4282
4312 17
17 2300
910 3776
3776 1577
4680 3670
3670 4177
394 4485
4485 2999
423 1963
1963 3539
531 1945
1945 4818
4592 1058
1058 658
2012 906
906 4127
4338 977
977 362
274 376
376 844
607 3301
3301 984
2143 896
896 1846
4642 3926
3926 2635
2906 3357
3357 3765
3114 1119
1119 2671
2170 3074
3074 3219
2643 559
559 3396
4770 163
163 3977
3507 535
535 2776
1792 3543
3543 4803
4034 4860
4860 4368
3781 1020
1020 1563
4733 455
455 2688
2014 588
588 3985
3272 3540
3540 2426
3756 475
475 4037
1858 2336
2336 782
1546 2242
2242 2384
3272 1989
1989 3612
1139 2622
2622 899
1600 1876
1876 2255
3114 78
78 3041
2790 2214
2214 4179
1140 2352
2352 216
668 4426
4426 4039
1590 1705
1705 167
4733 3123
3123 4319
3893 1560
1560 524
1793 1720
1720 2653
1600 2416
2416 4486
4409 298
298 3639
726 3569
3569 619
1786 302
302 2688
4624 2767
2767 1624
424 2051
2051 76
3890 3470
3470 2005
2930 233
233 3823
423 811
811 160
4482 2606
2606 1634
2790 3060
3060 3612
3507 91
91 160
4040 111
111 899
1243 769
769 1175
2362 4155
4155 1866
3763 3815
3815 1624
4040 2025
2025 433
1144 3258
3258 1383
274 4473
4473 4609
4034 2218
2218 1487
2777 745
745 1430
2946 689
689 1563
726 2080
2080 1624
587 1941
1941 2838
4592 4573
4573 1435
4680 3878
3878 4667
3713 3949
3949 2661
1616 4078
4078 4753
3560 3195
3195 4511
4770 143
143 2533
1004 1281
1281 889
269 365
365 4610
2020 1361
1361 2439
814 215
215 204
767 3234
3234 3834
2362 3298
3298 2738
4592 3076
3076 4205
2719 3443
3443 3989
2391 2587
2587 1594
2391 3750
3750 3933
598 327
327 4753
2719 1221
1221 2507
2946 4092
4092 2558
2859 306
306 2530
1787 1656
1656 891
1144 4239
4239 2095
1093 2534
2534 3575
394 40
40 687
3928 3601
3601 520
4502 3899
3899 244
1827 2418
2418 2397
2170 2079
2079 3635
423 4003
4003 4511
2618 4613
4613 4413
3465 3476
3476 1982
4338 828
828 4316
1600 4245
4245 3873
3255 2739
2739 1283
4844 4320
4320 3409
4646 2723
2723 2487
274 1886
1886 1648
2158 2609
2609 1268
2575 1822
1822 1820
1271 787
787 1829
1688 3777
3777 3602
952 2940
2940 284
1658 4817
4817 3231
4338 980
980 1914
2039 3032
3032 471
3363 2331
2331 2237
4847 1907
1907 3174
3227 1379
1379 3452
2935 961
961 367
2704 2753
2753 492
4010 2310
2310 996
3465 1448
1448 4803
4021 3009
3009 3908
3781 1208
1208 2990
500 2655
2655 325
2220 63
63 1637
1062 1478
1478 3452
4370 3570
3570 2439
2859 759
759 1366
2640 173
173 1829
4642 2377
2377 1406
2728 1925
1925 2990
3227 3822
3822 1244
394 1090
1090 2530
2170 1625
1625 1121
4021 3770
3770 4808
2983 3711
3711 2660
786 3293
3293 4039
4835 4327
4327 3005
3215 429
429 1829
2906 312
312 321
3877 4087
4087 996
2462 2510
2510 2974
3506 727
727 1312
4640 1318
1318 1637
3190 3218
3218 3580
4482 534
534 3985
1240 262
262 4094
4370 1690
1690 4094
1079 4455
4455 2300
1590 432
432 4753
3363 4345
4345 1577
2934 2178
2178 2047
1271 3067
3067 1425
3507 300
300 321
2643 3644
3644 1487
2859 1960
1960 3199
1243 3812
3812 3612
4862 3595
3595 3556
4050 3302
3302 3397
4835 1696
1696 3366
1243 481
481 3686
4425 1348
1348 4348
713 1025
1025 2005
3624 1049
1049 4534
4409 3019
3019 2439
1688 3283
3283 909
598 4415
4415 1009
4878 3690
3690 3085
3760 2666
2666 4282
4770 240
240 2530
2012 883
883 1383
952 3749
3749 1366
767 3109
3109 1194
1751 4750
4750 652
4317 807
807 3508
4592 4807
4807 1982
1616 4084
4084 2616
4010 1572
1572 3397
183 4681
4681 325
3365 1938
1938 2974
2575 3371
3371 4843
1640 3533
3533 1758
767 2105
2105 2090
2898 2520
2520 4282
358 4568
4568 2290
1134 3747
3747 4705
4844 3660
3660 428
1127 854
854 2989
2068 3273
3273 4721
43 1054
1054 2776
2961 4209
4209 370
274 742
742 1805
1084 92
92 2990
1967 198
198 3086
3890 861
861 2493
2618 4310
4310 2688
1005 4384
4384 520
2728 3736
3736 4282
500 2187
2187 524
2170 421
421 2813
2695 3489
3489 2395
2347 868
868 3267
3335 1783
1783 852
2448 2855
2855 1922
3807 2782
2782 3574
3506 4371
4371 1244
4725 2651
2651 3755
675 1051
1051 160
459 1803
1803 1808
1005 4013
4013 3085
3893 3733
3733 1624
1616 4373
4373 337
4844 3854
3854 1487
2906 4075
4075 1575
1139 2334
2334 220
3781 4660
4660 652
1631 2011
2011 3199
2220 1859
1859 4667
3987 1331
1331 2433
607 2161
2161 2671
2935 4222
4222 3755
579 4175
4175 1283
2220 2315
2315 3168
2724 4036
4036 735
4409 904
904 3755
3928 3290
3290 889
3465 4471
4471 2738
383 2160
2160 471
423 2250
2250 2989
3526 1561
1561 1520
3363 179
179 2349
4033 644
644 2095
2695 1650
1650 2099
1767 2896
2896 1075
3335 1971
1971 244
4878 2329
2329 4037
4118 3038
3038 180
4847 1188
1188 4562
2859 4160
4160 4264
2946 1156
1156 3369
3260 407
407 4094
3272 3698
3698 1312
1093 1384
1384 367
4317 3611
3611 693
3807 1986
1986 29
1640 4333
4333 160
2695 2619
2619 3579
3507 2602
2602 2494
1967 4048
4048 2653
2362 4188
4188 3580
1191 1427
1427 337
35 3983
3983 1121
1590 1385
1385 1128
2935 74
74 2368
3260 874
874 180
1688 4888
4888 2433
2560 37
37 1132
2419 3861
3861 809
3264 1765
1765 1267
1616 1315
1315 2255
1271 1566
1566 809
2934 3196
3196 3639
2220 1909
1909 1419
4425 867
867 4843
975 908
908 2237
3 3279
3279 492
3987 322
322 1873
2347 3649
3649 3563
2347 4004
4004 3639
2327 95
95 2255
269 1126
1126 4368
1767 3919
3919 4897
2900 707
707 2926
2448 135
135 2740
1144 2097
2097 4348
348 4734
4734 1359
2934 2235
2235 4526
4021 3448
3448 3462
2066 1611
1611 1132
3363 3959
3959 2247
2347 4864
4864 1512
4191 4103
4103 1513
3458 3268
3268 2328
4733 1785
1785 2494
1127 4152
4152 1443
4142 3701
3701 321
2898 2625
2625 4818
1468 4389
4389 520
4680 1772
1772 4803
1531 2830
2830 2671
4050 547
547 1500
4461 4492
4492 244
500 4530
4530 4022
579 3609
3609 325
2170 2196
2196 4667
2983 670
670 3556
2462 999
999 4753
1144 2151
2151 3755
579 2180
2180 3765
1531 2785
2785 1871
2345 3964
3964 1359
1531 993
993 2368
1134 1060
1060 1175
3282 4907
4907 3243
2466 307
307 2813
1858 3329
3329 303
3227 1632
1632 506
4405 4303
4303 2047
701 147
147 3933
3760 1116
1116 1707
2640 1703
1703 1873
2724 620
620 666
3272 3178
3178 1575
3088 477
477 2300
3215 3064
3064 1512
1134 1654
1654 3267
4502 3349
3349 3041
3877 3121
3121 1846
4862 1255
1255 1268
2122 4235
4235 1575
1631 3947
3947 4479
668 4212
4212 4843
726 1261
1261 2738
1093 3316
3316 782
3957 3466
3466 2776
3000 1975
1975 3686
194 3630
3630 3908
871 304
304 4546
864 3291
3291 2507
4191 1992
1992 652
767 3277
3277 3168
3893 1701
1701 2653
1658 2711
2711 4753
383 4661
4661 1624
2220 356
356 4250
3506 729
729 160
1095 714
714 809
1950 486
486 693
4338 1750
1750 2433
1271 1333
1333 2761
2724 2825
2825 1132
35 1370
1370 2660
3928 4093
4093 4721
269 615
615 1637
1139 4576
4576 2090
4624 2367
2367 1808
2121 2805
2805 428
1140 4506
4506 3908
1640 3390
3390 877
1736 594
594 2989
3255 2476
2476 2440
4312 3467
3467 1259
2164 1189
1189 4808
4409 3408
3408 3396
2728 1797
1797 2144
4164 4326
4326 2255
767 2175
2175 1637
4502 591
591 3942
383 4047
4047 1637
2020 1800
1800 4413
194 2850
2850 1805
718 784
784 2974
4370 2982
2982 2328
675 1537
1537 524
864 1104
1104 4127
575 4769
4769 1818
864 2864
2864 428
1243 4906
4906 1563
3220 629
629 3952
2039 562
562 284
1140 4146
4146 2616
4461 4337
4337 2999
424 4535
4535 899
2724 2029
2029 1707
4592 4604
4604 3086
2800 3896
3896 2507
2859 3744
3744 29
348 1934
1934 2530
4592 1595
1595 2049
871 736
736 1001
737 1713
1713 3700
3763 1089
1089 310
3365 2318
2318 2717
3465 3960
3960 2653
4770 3144
3144 1829
1134 1585
1585 2507
2122 664
664 2660
2644 4407
4407 4179
737 161
161 204
4863 4887
4887 435
4847 515
515 3700
1616 1125
1125 3574
3987 1327
1327 4892
1538 4145
4145 4609
2020 58
58 666
1792 3479
3479 1808
269 4072
4072 4587
1967 234
234 4348
1631 301
301 4514
2900 1738
1738 1648
575 581
581 1312
3204 2224
2224 2783
500 3833
3833 4534
4844 1877
1877 4440
1271 3894
3894 635
1144 1055
1055 105
4770 2952
2952 909
2066 1148
1148 4562
598 1770
1770 3396
767 4496
4496 4264
3890 3034
3034 463
2391 3598
3598 2838
2934 2118
2118 180
1767 1122
1122 3041
1950 3410
3410 2999
1240 81
81 3620
4021 3845
3845 367
4725 4015
4015 3589
4033 419
419 2533
4835 2589
2589 303
4033 1159
1159 204
595 3884
3884 3154
1468 3593
3593 325
575 2600
2600 3700
1827 897
897 520
2466 1264
1264 2440
701 2233
2233 899
41 3591
3591 2426
2623 1943
1943 1513
4878 1320
1320 4205
1005 3245
3245 687
358 3402
3402 311
4680 1133
1133 4223
4775 4882
4882 574
1271 3044
3044 2386
3 651
651 160
348 772
772 506
3877 4382
4382 3369
3781 3469
3469 996
2643 4764
4764 1671
3260 1994
1994 1873
2560 4198
4198 574
3893 343
343 912
3766 3996
3996 1366
4439 3633
3633 4803
3204 2820
2820 463
1191 1368
1368 2255
1640 1826
1826 2661
3624 2664
2664 1779
3114 447
447 1435
930 3808
3808 325
1144 518
518 912
3810 4432
4432 435
3000 4154
4154 2874
2122 681
681 2338
3 1047
1047 4818
2898 70
70 4808
941 1519
1519 1132
3877 1612
1612 1410
3507 4730
4730 4179
4642 2764
2764 4271
274 3254
3254 658
2704 3629
3629 4494
4878 1046
1046 4609
2012 4787
4787 4037
1242 3378
3378 4511
2347 542
542 666
2164 2965
2965 3409
2946 2023
2023 4319
4642 2036
2036 3985
1787 593
593 3396
194 1862
1862 1194
2462 4029
4029 909
668 1485
1485 2095
4405 3042
3042 4609
2575 1006
1006 3977
2306 1518
1518 362
3282 1697
1697 4753
2121 1923
1923 4250
1005 3093
3093 1575
1093 4005
4005 2328
3972 4126
4126 3174
383 4493
4493 1425
1134 69
69 3366
2961 3265
3265 3689
2983 2936
2936 1364
2719 4366
4366 4479
719 3286
3286 76
4844 4469
4469 3579
2640 4677
4677 3574
2914 4628
4628 2493
2704 1168
1168 4667
1019 456
456 2239
3619 2714
2714 4127
2695 3157
3157 435
2724 4685
4685 506
871 4008
4008 909
3333 4331
4331 370
1095 2971
2971 564
3335 4208
4208 852
607 3105
3105 1829
3560 2866
2866 3563
3375 4717
4717 4514
4370 3307
3307 3199
1084 3012
3012 2494
3272 3274
3274 204
952 1493
1493 4316
713 2613
2613 4843
1004 2960
2960 1820
3000 2531
2531 590
4770 1762
1762 3612
1093 3453
3453 1193
4863 847
847 2533
348 3343
3343 4546
194 3339
3339 1624
3333 4736
4736 471
2900 131
131 4889
2306 682
682 3650
3713 4478
4478 3639
2704 3347
3347 1359
4733 3870
3870 3574
3890 3809
3809 4777
2020 4729
4729 244
2466 482
482 2838
4461 1290
1290 1513
2800 1043
1043 1371
579 2296
2296 2247
4640 4641
4641 996
1792 4924
4924 325
4733 2834
2834 3989
2695 26
26 4177
3507 1953
1953 284
4010 853
853 574
348 1535
1535 3873
1019 3352
3352 362
3560 2786
2786 2439
2900 2880
2880 3985
3619 208
208 2776
3560 683
683 2099
3713 33
33 2891
3363 676
676 3154
2623 1558
1558 2671
358 3963
3963 4177
2914 4135
4135 2653
2724 3303
3303 3933
1538 3715
3715 4390
459 4001
4001 778
3760 2311
2311 4368
2560 1428
1428 3602
459 1912
1912 1383
2862 4178
4178 3231
2728 2968
2968 4413
786 1230
1230 180
4725 816
816 435
1240 212
212 2047
1531 2226
2226 3168
1468 3944
3944 1194
1688 3796
3796 370
4502 4442
4442 2229
1793 3097
3097 877
2728 4896
4896 524
1967 4560
4560 1575
459 1981
1981 606
1240 1661
1661 2989
274 570
570 1634
1793 4148
4148 1914
1590 2887
2887 2660
1273 4859
4859 1513
930 3350
3350 310
2191 377
377 666
1538 3253
3253 4802
4227 3244
3244 4037
595 2485
2485 4157
598 4622
4622 1779
2158 4046
4046 105
4725 510
510 3508
500 646
646 3452
860 430
430 658
3363 151
151 3575
2935 3818
3818 4271
3204 2755
2755 1820
1093 3929
3929 520
1191 2
2 2926
3506 4237
4237 574
675 4839
4839 1404
1793 453
453 1132
1019 765
765 22
952 436
436 370
713 156
156 4466
4646 3522
3522 3377
2462 3901
3901 4466
1139 3584
3584 1852
2306 3326
3326 778
2935 2814
2814 2760
3619 2541
2541 2229
607 1608
1608 2247
1242 3678
3678 427
1688 4066
4066 216
2220 3739
3739 4390
500 3623
3623 2047
2695 4297
4297 2440
1858 3811
3811 3905
459 11
11 3905
1546 2875
2875 1846
2466 3309
3309 3199
1538 4098
4098 4802
3220 3134
3134 2368
424 133
133 2397
4405 1505
1505 105
4312 4451
4451 2005
786 257
257 4843
500 3583
3583 2891
3227 458
458 2368
871 3171
3171 3575
2448 2389
2389 1408
1531 558
558 778
1950 550
550 1075
4844 3647
3647 2395
1908 3418
3418 4440
3465 2629
2629 427
459 2154
2154 2616
2121 1645
1645 4094
3507 2101
2101 2558
814 2969
2969 4721
4775 3825
3825 2990
2961 217
217 3168
3877 4453
4453 2217
1546 2238
2238 4427
1084 1182
1182 3362
4034 3513
3513 4467
1786 3849
3849 3688
1005 4355
4355 1500
183 4311
4311 889
424 2465
2465 520
4624 4204
4204 284
767 4284
4284 3482
975 2065
2065 2363
4118 3867
3867 1193
4191 3939
3939 2761
3643 1091
1091 4590
1950 1078
1078 3508
3619 4508
4508 4316
4640 1521
1521 3377
2419 1434
1434 778
1688 2849
2849 1563
4461 3971
3971 2255
587 3006
3006 1487
3877 1138
1138 3563
2121 4463
4463 284
3088 3338
3338 1648
2898 1731
1731 564
2039 378
378 984
3363 657
657 3793
4502 199
199 4802
1858 4792
4792 658
607 4903
4903 4721
4164 472
472 2738
4191 4828
4828 1406
1084 3169
3169 303
194 4659
4659 877
2900 1660
1660 2990
579 1436
1436 1430
1005 112
112 1435
1736 1879
1879 4897
4502 1668
1668 2397
575 1897
1897 3580
930 1784
1784 3985
2898 1995
1995 1128
4640 2452
2452 1922
2906 2477
2477 1575
4461 3004
3004 4039
183 4447
4447 3589
1243 4866
4866 4179
2164 715
715 3366
1140 1621
1621 4286
2640 2447
2447 3834
2462 2473
2473 2671
2900 4079
4079 2338
3458 1794
1794 1371
2262 886
886 3219
786 437
437 4721
1139 4759
4759 4777
3088 1904
1904 735
3282 2148
2148 337
500 1719
1719 912
668 3025
3025 3100
35 2360
2360 3755
2143 4671
4671 3612
424 3915
3915 3219
587 4329
4329 2269
4033 2837
2837 1818
394 4749
4749 1172
1095 1152
1152 3989
4733 4570
4570 22
2262 279
279 4705
2466 3054
3054 4479
3713 3615
3615 3574
1243 3986
3986 284
4862 2617
2617 2099
3560 2182
2182 1820
1787 3732
3732 435
4317 2129
2129 3952
3972 2793
2793 1779
3766 1053
1053 4534
4592 1334
1334 4319
2800 4104
4104 1410
1640 3461
3461 3589
3957 1407
1407 4494
3826 2701
2701 1637
3 3379
3379 852
2143 2357
2357 877
975 4793
4793 2328
3893 3355
3355 105
2914 3717
3717 2144
1908 96
96 1121
2983 752
752 1563
2448 3325
3325 4892
713 3883
3883 3650
941 4811
4811 3905
3465 3558
3558 4127
1967 4708
4708 3755
4642 1229
1229 2300
1751 3177
3177 4667
1144 454
454 2269
4119 2910
2910 809
3272 3683
3683 4177
786 592
592 2813
1139 2106
2106 937
3458 2707
2707 2229
4461 145
145 4348
2790 4450
4450 4179
4592 4529
4529 2440
3810 1032
1032 1425
1079 4631
4631 2874
2640 3159
3159 658
814 2579
2579 4368
587 604
604 3576
3643 1683
1683 506
4847 88
88 4534
500 3101
3101 4039
424 3039
3039 4562
3507 1809
1809 1779
3526 4925
4925 889
2068 1666
1666 2660
1191 810
810 22
2220 1676
1676 2090
584 876
876 564
1751 2953
2953 4271
910 3021
3021 1408
864 3976
3976 433
3713 2040
2040 2090
1908 4550
4550 1500
952 8
8 2384
1786 702
702 337
35 3068
3068 4777
2039 1748
1748 337
3458 4414
4414 4223
4040 254
254 3580
1767 4608
4608 687
3458 2868
2868 984
3957 2788
2788 3689
2790 3978
3978 4157
4640 4401
4401 4753
3215 4474
4474 1193
668 2055
2055 2616
274 1249
1249 912
3333 927
927 4843
930 3737
3737 3041
4317 1924
1924 2543
3526 1853
1853 3452
1127 1507
1507 1366
3255 2472
2472 4440
358 4544
4544 1267
2777 2400
2400 4666
1140 900
900 3451
1767 2294
2294 984
4021 2919
2919 3231
4863 3911
3911 4427
3506 470
470 4808
2643 3323
3323 2439
4312 2096
2096 2838
3877 2762
2762 3539
1005 3132
3132 1366
575 958
958 2005
3000 1771
1771 4587
2719 1745
1745 2738
4119 2112
2112 3942
2724 1946
1946 3574
3807 4596
4596 3580
713 2141
2141 3650
2961 67
67 1172
3928 2019
2019 1487
3255 3128
3128 311
1751 4845
4845 1430
3826 1721
1721 3765
3465 2423
2423 3219
2961 3472
3472 1364
4119 3516
3516 2999
2068 3229
3229 2738
1751 4243
4243 4818
864 382
382 3174
1127 4014
4014 204
3972 3604
3604 1132
1792 32
32 889
4461 4349
4349 76
3506 638
638 3834
2961 2370
2370 574
3220 2378
2378 4467
2724 1655
1655 564
41 3797
3797 2099
2983 2584
2584 2349
4733 405
405 2671
3 4083
4083 1408
3506 4309
4309 606
4425 1763
1763 3905
3215 2650
2650 1852
910 998
998 4319
3756 4416
4416 3650
3526 699
699 564
1004 4602
4602 3508
2644 3696
3696 1808
4010 1180
1180 4390
860 3176
3176 3462
1967 118
118 4808
3272 1034
1034 1594
4844 1463
1463 4610
1538 172
172 1404
2262 3813
3813 3377
2777 1775
1775 1852
3560 2700
2700 2440
3560 3077
3077 2543
4050 3680
3680 2838
2906 1529
1529 844
2946 4379
4379 693
910 1674
1674 1637
3624 1635
1635 4546
1271 2022
2022 284
424 148
148 2738
3826 2772
2772 1283
4475 923
923 311
4425 4128
4128 1259
3335 4814
4814 1283
1095 1052
1052 3508
3282 4028
4028 4912
2643 2401
2401 1805
2575 2359
2359 2290
3613 4783
4783 1312
975 3827
3827 1852
1786 214
214 3755
2643 2750
2750 3576
4862 614
614 1520
675 838
838 1873
2790 1083
1083 3362
4844 3287
3287 3575
4624 250
250 2239
1590 2577
2577 1443
3619 3779
3779 3267
910 872
872 3575
4835 2111
2111 4282
4034 1439
1439 2776
1908 1285
1285 1408
1590 4593
4593 3793
871 1582
1582 1175
3260 1542
1542 891
3458 3328
3328 2049
2327 2383
2383 3451
4640 1991
1991 4205
2164 3239
3239 2328
4425 974
974 3462
194 4778
4778 4157
3264 1278
1278 1820
1640 3210
3210 1404
4425 4101
4101 4039
864 256
256 2598
3124 4218
4218 2217
3204 2927
2927 4094
394 2411
2411 4486
3713 4251
4251 778
1792 2652
2652 2440
2859 4513
4513 1852
2643 2962
2962 3243
2914 3284
3284 4802
1191 52
52 4777
4502 108
108 1244
587 2038
2038 3005
3972 1919
1919 4889
4646 1708
1708 1364
459 94
94 782
3220 3419
3419 321
2724 2421
2421 1009
2220 1647
1647 3556
2170 690
690 3686
2935 4192
4192 4546
1062 956
956 2440
274 2084
2084 2660
3526 3478
3478 1758
1827 1453
1453 76
4725 1324
1324 311
4844 2803
2803 4808
701 2234
2234 4467
4770 1220
1220 433
358 1107
1107 3576
786 3916
3916 1873
1242 4799
4799 2838
1827 1667
1667 4803
459 611
611 1846
2262 363
363 2099
786 1752
1752 606
1538 4577
4577 2776
2800 3194
3194 1624
1792 3994
3994 1425
2347 73
73 492
786 1695
1695 325
1242 662
662 367
3124 1340
1340 1873
2906 1562
1562 635
3713 4287
4287 4157
2914 3073
3073 2891
269 1504
1504 3219
3124 4395
4395 216
274 3621
3621 3409
2164 1737
1737 3575
2345 2881
2881 4818
4317 44
44 1087
2643 4300
4300 3563
1631 3020
3020 524
500 4263
4263 1829
719 790
790 899
4119 1977
1977 782
3335 4242
4242 4316
2728 3549
3549 2144
4312 4885
4885 4511
4338 483
483 891
4033 3192
3192 4892
41 3961
3961 1922
2862 2518
2518 3977
4642 4399
4399 4587
1631 3832
3832 3579
1827 4540
4540 1648
4370 2193
2193 4587
598 1441
1441 3377
3000 119
119 4177
3190 4719
4719 160
1191 4302
4302 3219
3957 1673
1673 3908
786 1646
1646 2740
2039 4618
4618 427
1658 898
898 433
1793 4752
4752 4514
3877 4886
4886 1194
194 4819
4819 2738
394 4711
4711 1707
4338 2302
2302 1128
4502 89
89 2661
1827 3839
3839 4802
767 3384
3384 1172
2777 1682
1682 1194
4775 4200
4200 4808
2262 656
656 1193
3781 4181
4181 1922
2164 1287
1287 2598
2419 2751
2751 3508
1616 2954
2954 1818
2961 2467
2467 4427
860 2977
2977 2300
269 2523
2523 463
3756 4824
4824 2507
3114 4115
4115 4562
41 2073
2073 3161
3204 3393
3393 1648
598 2563
2563 2999
1062 1691
1691 1818
2930 2413
2413 1575
1616 4701
4701 2813
2362 2104
2104 362
3560 855
855 3100
718 2573
2573 2384
2121 1961
1961 2891
3766 1073
1073 2760
2391 1806
1806 2660
3 3353
3353 3686
2164 3804
3804 619
1736 2123
2123 167
1631 1179
1179 220
348 2021
2021 1648
3227 4630
4630 362
3972 514
514 1758
3972 331
331 2635
1967 260
260 782
2220 4278
4278 1637
3526 2293
2293 2543
4502 2303
2303 3834
4733 2004
2004 1471
1546 4930
4930 889
4640 4465
4465 4039
2347 4364
4364 2368
668 2285
2285 2891
1538 4905
4905 877
3272 351
351 370
2983 2277
2277 1087
2039 4796
4796 666
1062 2634
2634 4721
2618 3276
3276 2999
957 1262
1262 3161
3000 3324
3324 1563
4475 4616
4616 3977
2220 4105
4105 3369
713 317
317 2598
3220 3427
3427 1914
3763 1623
1623 844
864 944
944 4590
2014 313
313 652
4409 1663
1663 4039
3893 3588
3588 4843
4164 3112
3112 2989
4733 925
925 244
701 3547
3547 4413
3807 1018
1018 1383
2898 4185
4185 204
274 3388
3388 1419
719 2903
2903 216
4010 1356
1356 3366
1767 3354
3354 1512
1062 3817
3817 1982
2068 1847
1847 1820
598 2286
2286 29
2790 319
319 1404
607 4880
4880 574
4010 4712
4712 996
1127 513
513 2090
860 1987
1987 4721
4034 907
907 1009
4312 1382
1382 2760
2790 2915
2915 4609
3928 2806
2806 1707
1858 4470
4470 1359
2618 1710
1710 877
1005 1061
1061 1406
3282 1482
1482 4666
4725 1413
1413 160
1658 65
65 1671
2643 3805
3805 1520
43 831
831 1648
3333 1610
1610 4610
194 3875
3875 4427
2859 3022
3022 666
4646 4042
4042 4250
4034 2503
2503 4808
3957 2596
2596 244
701 2524
2524 693
3215 2134
2134 3755
4642 4410
4410 435
4370 102
102 1758
910 4301
4301 3823
719 2608
2608 2974
2777 2142
2142 735
786 1247
1247 3556
183 2831
2831 3451
595 716
716 2891
2191 3484
3484 1366
2724 3242
3242 4479
4592 3450
3450 4705
737 2737
2737 590
531 3697
3697 3396
2900 3208
3208 2269
1644 1988
1988 3231
3713 2076
2076 303
4338 3412
3412 4889
2170 2490
2490 2536
4835 1151
1151 1371
910 2681
2681 4319
269 2358
2358 1513
424 1349
1349 2688
4863 2279
2279 1487
1644 1029
1029 1846
3643 1747
1747 2688
4338 4771
4771 3231
35 3278
3278 463
1531 2149
2149 4319
871 4542
4542 4286
2306 4890
4890 1818
3375 2829
2829 2990
4119 4806
4806 2300
3507 4393
4393 2269
3365 2709
2709 4390
4010 939
939 3793
4317 3090
3090 29
3957 3705
3705 666
4338 2922
2922 1406
4461 4909
4909 3219
4482 3457
3457 2328
269 796
796 2247
1793 3180
3180 4514
4770 785
785 29
3363 2674
2674 2395
4725 1559
1559 2363
35 1352
1352 937
3526 2720
2720 2144
2719 788
788 687
595 4062
4062 3942
423 2442
2442 284
2898 3017
3017 2874
1273 4743
4743 3579
3763 2522
2522 427
2122 1103
1103 2386
3826 955
955 1009
1658 2884
2884 1852
713 3184
3184 303
1600 794
794 29
3807 2245
2245 367
2859 1875
1875 2047
2448 4462
4462 76
2220 792
792 2507
4680 2801
2801 1194
4119 2526
2526 2558
910 4683
4683 325
2800 3321
3321 4037
3365 862
862 4039
4439 1401
1401 284
1240 3027
3027 3574
860 3819
3819 3908
1538 2821
2821 310
3282 3050
3050 3243
3526 4801
4801 1866
1242 31
31 4721
575 4554
4554 321
3507 4187
4187 1513
3624 1675
1675 4037
2800 1070
1070 492
3114 462
462 1671
2039 3864
3864 2487
1243 4041
4041 1914
3807 4519
4519 1512
1538 3248
3248 3267
1531 2951
2951 3005
3643 2955
2955 1846
1736 2088
2088 3397
1531 1357
1357 1001
3560 369
369 2635
3272 2684
2684 4534
2220 2404
2404 4721
2327 493
493 3267
4482 1252
1252 4368
2777 1496
1496 2237
1736 3201
3201 3168
579 4537
4537 1808
607 3708
3708 3765
2066 3383
3383 2838
2020 803
803 3700
3756 3315
3315 4777
4409 539
539 4609
1004 3608
3608 1410
595 3344
3344 2616
2020 1064
1064 1268
3333 1253
1253 370
41 2223
2223 105
4862 1839
1839 852
2906 3937
3937 1866
4010 2249
2249 4205
2466 4108
4108 433
3375 2320
2320 506
3506 392
392 3100
500 4100
4100 1283
719 3459
3459 782
1243 2082
2082 2761
4191 2677
2677 574
718 4877
4877 2095
4439 1931
1931 1408
1858 1341
1341 3161
1191 4269
4269 1425
2983 2752
2752 216
952 4821
4821 325
3335 2350
2350 4546
2898 2632
2632 1408
194 791
791 284
975 2712
2712 2926
2014 3372
3372 3451
2728 616
616 3576
4680 1824
1824 2217
2345 4649
4649 1871
4142 1115
1115 1087
1736 4738
4738 3908
2121 1499
1499 2783
1616 1077
1077 216
1736 2726
2726 2761
3763 2567
2567 1520
3826 1528
1528 3639
4439 3031
3031 2838
3255 4097
4097 524
2327 3432
3432 4348
3260 2998
2998 1364
3088 3792
3792 2338
1967 1210
1210 4466
1644 4927
4927 4808
2020 350
350 891
2220 4874
4874 3154
1084 411
411 337
2014 2669
2669 4818
579 739
739 433
4425 1596
1596 2099
3458 806
806 735
4033 3217
3217 2813
1127 4266
4266 735
2946 1130
1130 2239
2935 4123
4123 4205
2728 2792
2792 2328
3088 2550
2550 809
3619 3092
3092 4467
383 1215
1215 367
3810 589
589 2217
4640 3247
3247 1671
183 2155
2155 1808
871 3008
3008 4803
2391 777
777 2269
2643 2557
2557 844
4733 442
442 2543
3810 3491
3491 2616
1950 4934
4934 1430
4642 4790
4790 2660
3255 2817
2817 1648
584 3104
3104 1779
1787 3509
3509 3905
2068 3029
3029 3462
910 4423
4423 4590
2640 4190
4190 3168
4475 4408
4408 506
713 632
632 1866
3272 2958
2958 4610
394 2048
2048 3952
1736 659
659 2536
2704 583
583 4526
1631 3238
3238 435
767 954
954 4486
1468 4163
4163 2989
718 4049
4049 1808
1658 1437
1437 2543
2466 1812
1812 4892
4482 2131
2131 3366
2790 218
218 1435
2930 2670
2670 4316
1967 2732
2732 3377
2643 3554
3554 3575
3220 4553
4553 3563
2391 239
239 2386
2020 2601
2601 1487
1242 2138
2138 1075
864 2412
2412 216
4680 3047
3047 2558
1079 352
352 2247
424 4305
4305 1443
1538 4855
4855 1366
2983 439
439 1075
4040 3091
3091 1443
1084 2429
2429 4562
1139 4184
4184 3989
2623 1066
1066 2761
2143 1947
1947 4466
2704 3203
3203 3243
2862 3888
3888 3231
2983 371
371 652
1140 1630
1630 3952
2345 2517
2517 2005
3124 568
568 2368
3987 2374
2374 1425
4338 2225
2225 652
2643 750
750 4250
3613 2127
2127 1871
957 3656
3656 4177
3282 1338
1338 362
675 390
390 3451
1243 1302
1302 2740
595 1622
1622 2926
1079 1158
1158 1193
2862 4656
4656 2635
3810 4702
4702 3942
595 576
576 4843
4862 4698
4698 524
1640 556
556 1312
183 2061
2061 1175
3972 2763
2763 3574
975 1251
1251 2395
3260 1187
1187 2217
3333 3846
3846 687
2560 902
902 3199
3220 4490
4490 4022
43 1234
1234 22
4863 4664
4664 204
3264 1228
1228 2891
3987 4374
4374 4808
1139 2117
2117 4157
459 567
567 3556
2143 186
186 2533
4425 4556
4556 4127
1736 4484
4484 3415
910 2075
2075 105
4439 1305
1305 4157
4725 4421
4421 4818
41 4214
4214 2598
1242 2771
2771 4889
1079 795
795 3755
4502 2778
2778 3362
4040 154
154 3005
2391 3411
3411 3688
43 3740
3740 4250
584 77
77 1866
3619 4716
4716 1779
4680 1983
1983 4037
274 2050
2050 1594
394 3341
3341 2740
2158 1143
1143 1512
718 1420
1420 778
1546 235
235 1009
3282 142
142 3219
1688 2410
2410 2761
1590 2775
2775 1624
4405 3340
3340 193
2946 4383
4383 4666
2961 869
869 3700
2164 3216
3216 1009
348 4763
4763 4666
4770 4055
4055 1873
719 1354
1354 652
2862 1211
1211 3985
1004 551
551 2269
1127 4006
4006 1406
3255 4111
4111 3366
2724 57
57 2653
4844 711
711 4818
4646 1109
1109 325
4405 3868
3868 3086
3088 2195
2195 3977
2934 3336
3336 2783
4040 1392
1392 3989
1942 2417
2417 1408
2618 4599
4599 1648
3526 4448
4448 984
183 4929
4929 337
2345 3024
3024 2229
1093 2115
2115 370
1793 3116
3116 1419
531 2232
2232 1383
3766 2312
2312 2363
737 1583
1583 4511
4409 4498
4498 2349
3220 140
140 2989
1191 1477
1477 1172
1590 4732
4732 1818
1004 1451
1451 311
3613 1391
1391 3942
3204 1882
1882 1512
1644 1039
1039 204
1273 114
114 3576
3365 1433
1433 3700
1644 4018
4018 4818
1127 2917
2917 3482
2777 2804
2804 4494
587 3784
3784 463
2644 4688
4688 4590
4425 3299
3299 909
4642 2856
2856 3451
4733 245
245 4609
1908 4831
4831 4753
2695 2735
2735 4843
4439 4121
4121 1818
2121 4518
4518 1520
595 2941
2941 4264
383 2260
2260 2660
1271 265
265 1846
4021 2035
2035 3508
2362 3252
3252 996
2362 3224
3224 1408
3766 2396
2396 4390
2462 4153
4153 1758
2012 4904
4904 1193
1084 3405
3405 3219
3114 4369
4369 2239
4863 3672
3672 4427
1531 3900
3900 4205
4646 4572
4572 606
668 3280
3280 303
1531 1649
1649 1829
2362 86
86 2999
3877 1424
1424 877
3282 812
812 3041
1134 2444
2444 4514
675 2861
2861 3755
423 822
822 524
500 929
929 1435
2719 3642
3642 3635
952 4365
4365 244
2143 3654
3654 4897
2020 2633
2633 471
4502 3018
3018 1406
4592 1565
1565 1829
4770 1298
1298 2099
2391 3771
3771 3556
3713 1266
1266 984
2640 1412
1412 1383
1139 3028
3028 2433
1786 839
839 2740
2906 4375
4375 1964
4640 1387
1387 658
2644 4027
4027 2384
423 3389
3389 1259
726 157
157 3199
2800 320
320 2533
3088 3566
3566 1634
500 4737
4737 1443
941 4489
4489 2494
3458 2441
2441 1648
4439 4070
4070 1873
2560 3594
3594 899
4317 243
243 1624
2068 3995
3995 321
2643 162
162 3362
4646 4739
4739 852
2466 2057
2057 4319
668 3285
3285 3154
1792 2925
2925 1487
2643 3974
3974 3765
4642 1399
1399 3688
3255 2430
2430 1707
2560 1057
1057 1425
3810 1157
1157 4566
1273 2213
2213 1964
4405 3057
3057 852
2862 226
226 3908
2122 2197
2197 2598
1531 1915
1915 76
3465 1970
1970 4466
3124 3907
3907 1707
1240 2964
2964 1364
1688 1455
1455 3100
2345 3607
3607 204
43 4699
4699 4467
2575 2030
2030 2661
2862 1280
1280 1259
2623 2658
2658 2760
3766 288
288 844
1792 641
641 4818
1688 1536
1536 3219
2777 3724
3724 4511
4425 1712
1712 193
3507 4525
4525 2090
1827 3865
3865 2740
1005 344
344 3689
1243 1699
1699 367
1095 3434
3434 325
3114 720
720 2783
4338 4267
4267 3161
3506 1442
1442 4534
500 832
832 2740
1139 50
50 1707
2728 4637
4637 590
786 1376
1376 2999
860 983
983 1419
4640 2275
2275 4368
3972 266
266 1471
587 3297
3297 1410
2391 502
502 3199
3877 4728
4728 693
3893 4627
4627 3576
1271 4788
4788 2349
1644 1996
1996 4802
4118 4259
4259 325
41 2718
2718 311
3972 2604
2604 1132
1858 1968
1968 3041
2362 232
232 1128
3756 137
137 2989
4425 3492
3492 909
3810 4569
4569 4319
1858 3774
3774 778
4021 1861
1861 520
587 4225
4225 2989
767 4709
4709 1624
1600 1702
1702 2891
3 4724
4724 889
2575 4689
4689 4390
2158 717
717 4566
4646 884
884 4566
531 2759
2759 1009
3760 1265
1265 321
719 2647
2647 3635
1793 3070
3070 4205
786 914
914 2269
871 3725
3725 193
2623 843
843 4587
3766 347
347 2384
952 190
190 2990
41 130
130 4587
4775 4523
4523 4562
2347 2562
2562 635
575 1270
1270 3688
3877 2514
2514 3369
1127 630
630 105
4425 1170
1170 3366
1590 949
949 844
575 4692
4692 3452
4680 4774
4774 2247
1631 808
808 3700
719 1286
1286 1001
500 497
497 3793
726 3897
3897 3908
2643 3518
3518 2237
2859 165
165 2891
2934 2811
2811 2891
2066 4032
4032 782
1827 3586
3586 4566
183 3106
3106 2533
394 968
968 1132
4592 292
292 4127
3713 3426
3426 891
3272 174
174 4808
3204 136
136 995
587 935
935 1513
1095 2024
2024 4157
3760 2058
2058 105
1095 4854
4854 2990
2575 4351
4351 216
2983 1397
1397 4250
3781 1201
1201 564
4725 469
469 1513
1004 4313
4313 1779
4338 113
113 2671
3264 2240
2240 3369
2014 2603
2603 1634
726 3477
3477 1829
4119 4718
4718 1359
3333 3544
3544 3635
274 4143
4143 4286
1942 1601
1601 3952
3255 3841
3841 3100
1134 1898
1898 1259
2704 1554
1554 1001
2946 3773
3773 1009
1793 4898
4898 2433
4010 624
624 367
718 647
647 909
4312 1108
1108 337
1140 1928
1928 3362
1793 3040
3040 524
3365 1638
1638 1964
1688 1796
1796 2363
3526 1388
1388 1471
2934 2272
2272 3397
4624 2497
2497 4587
2934 4916
4916 3977
194 3381
3381 2363
930 1910
1910 1443
2898 1550
1550 1419
1736 4480
4480 1430
786 3487
3487 2598
3220 1980
1980 778
2719 3691
3691 3942
3124 3704
3704 2239
2900 3746
3746 3539
4370 4231
4231 4609
2347 1841
1841 891
4770 4567
4567 4157
3335 409
409 435
941 3407
3407 1873
860 2743
2743 1779
767 85
85 2783
2935 3880
3880 2049
4680 798
798 4777
952 3271
3271 2433
3560 2206
2206 1820
2448 1516
1516 995
4646 2766
2766 590
4725 3904
3904 1001
3560 1498
1498 1283
952 2757
2757 4562
4502 2637
2637 3231
3928 762
762 899
4010 3646
3646 1267
3957 3562
3562 4037
424 4876
4876 2783
3526 4435
4435 782
43 247
247 3873
2777 2491
2491 2558
675 2689
2689 4127
2946 4314
4314 619
4624 4574
4574 564
2391 597
597 984
1590 4564
4564 1594
3807 1147
1147 3161
4475 397
397 4250
4770 3527
3527 3602
4640 3078
3078 635
1271 1895
1895 1244
4844 4353
4353 1513
2039 3764
3764 1873
1616 1789
1789 2300
2164 2938
2938 311
3763 1860
1860 4546
3507 2420
2420 2290
579 4162
4162 2363
194 4768
4768 2384
2220 4913
4913 687
737 4354
4354 4494
3333 480
480 2891
1139 1578
1578 2300
2419 4633
4633 3755
2618 4915
4915 4514
3987 1551
1551 1371
3560 543
543 2368
713 4559
4559 4892
3526 608
608 2813
2862 2676
2676 4157
2640 3259
3259 160
3526 1474
1474 735
3264 3115
3115 4494
1767 1429
1429 520
4624 1330
1330 1758
975 3677
3677 2439
2644 2361
2361 4843
269 2978
2978 3574
3526 697
697 2229
1736 3699
3699 4892
584 4691
4691 4587
3190 2258
2258 4494
1967 751
751 3689
1644 4651
4651 687
3458 1598
1598 3362
2906 2289
2289 3765
4640 698
698 1808
2262 2454
2454 3100
3264 4180
4180 1009
3957 2730
2730 2269
860 1308
1308 370
2777 413
413 2536
607 107
107 652
3363 3920
3920 321
3893 4917
4917 2891
4142 1372
1372 1425
1688 4234
4234 658
3810 4595
4595 2433
3215 3143
3143 3366
2898 3454
3454 2386
1271 2376
2376 2493
2419 1396
1396 1194
3987 2007
2007 1175
3526 2263
2263 1132
2158 3821
3821 3005
394 4589
4589 4348
1095 34
34 4427
579 4524
4524 3905
3972 870
870 778
1084 700
700 3834
3507 1757
1757 1671
4191 2662
2662 1435
4461 3666
3666 4348
4164 49
49 606
4164 2611
2611 4390
1538 691
691 4526
4862 3521
3521 4486
1093 1883
1883 2433
814 3147
3147 3985
3333 2126
2126 2783
910 2812
2812 1846
2618 3767
3767 3174
3781 294
294 4467
2946 672
672 1575
4439 4109
4109 1964
2262 3745
3745 4223
2777 2882
2882 22
3114 4647
4647 4534
2014 3948
3948 1383
871 3193
3193 4179
814 1344
1344 574
3526 4025
4025 1366
1616 758
758 4818
3215 2267
2267 1175
1084 3395
3395 3933
3766 3304
3304 1244
4733 4515
4515 2999
4482 2037
2037 4179
183 3997
3997 2558
348 2243
2243 1283
3893 1869
1869 666
2462 2147
2147 1371
607 103
103 2616
2704 3782
3782 4157
2362 1755
1755 1982
1191 2736
2736 1500
910 446
446 244
4338 3094
3094 2229
4164 2697
2697 2533
3987 150
150 2487
2164 1174
1174 2999
713 1627
1627 1805
4775 4229
4229 1871
531 1814
1814 3942
4680 400
400 3650
2327 3719
3719 2049
3643 4926
4926 1364
3987 3110
3110 3231
2191 1940
1940 996
1093 3645
3645 1009
864 330
330 1500
4312 1177
1177 1267
4646 1173
1173 337
668 885
885 3267
2306 2460
2460 3482
2306 4679
4679 564
183 1405
1405 2395
1546 3185
3185 2530
4878 364
364 2999
814 166
166 3267
3893 2976
2976 1419
194 2103
2103 4286
2643 3087
3087 1410
2946 2853
2853 1075
2560 756
756 3985
1531 1704
1704 1707
269 1557
1557 1577
4021 353
353 3161
4640 2905
2905 889
3220 817
817 4286
4033 2928
2928 564
4425 3141
3141 3905
957 4919
4919 3650
1658 3843
3843 877
1908 4805
4805 2598
2143 554
554 3689
3763 1164
1164 1964
3363 1322
1322 4587
4642 849
849 3575
3255 892
892 2974
1600 380
380 652
2158 1958
1958 2386
1273 412
412 3085
4482 973
973 590
2728 2244
2244 4610
4370 1936
1936 3409
584 1470
1470 2386
1271 1868
1868 4427
2790 704
704 1846
3763 4555
4555 1818
587 2481
2481 180
194 3840
3840 1808
1468 1643
1643 1866
394 28
28 2426
2640 1547
1547 1805
1858 3049
3049 167
3465 2375
2375 3161
4164 879
879 2144
1631 2001
2001 2598
2719 4308
4308 2536
2143 3205
3205 3700
2068 3471
3471 1366
726 3814
3814 3174
4640 2125
2125 1404
348 290
290 1283
3506 3359
3359 2397
2983 1288
1288 1366
3713 2950
2950 3639
2934 3625
3625 2005
3375 1185
1185 2598
43 637
637 1871
1644 177
177 4022
595 1495
1495 2384
2618 3830
3830 3267
1631 740
740 1443
4640 175
175 427
3760 3578
3578 1371
3507 2406
2406 1259
2039 2291
2291 4753
1134 2904
2904 891
1062 1246
1246 1408
952 391
391 3905
383 1515
1515 1244
358 259
259 4413
2327 4452
4452 433
1134 2556
2556 2300
2914 3759
3759 1962
579 237
237 619
1531 2985
2985 3985
595 2284
2284 3933
1644 4675
4675 3580
2419 59
59 3589
2934 933
933 310
1767 55
55 4174
3465 420
420 2616
3507 873
873 2494
1792 2297
2297 244
3643 3403
3403 1121
1240 25
25 3219
2644 3162
3162 3397
2220 633
633 2363
394 48
48 1818
1243 4359
4359 2653
2068 99
99 3755
1942 139
139 809
3507 754
754 520
1546 4446
4446 909
2345 4403
4403 2395
1240 3582
3582 1404
3957 4011
4011 2368
2164 346
346 687
701 3640
3640 1121
2170 4615
4615 3952
2220 3262
3262 2229
2800 2539
2539 909
4733 612
612 937
2466 1944
1944 4479
2466 3967
3967 1087
2466 1927
1927 433
2777 1741
1741 4721
1531 2163
2163 1419
274 3965
3965 3452
3766 1665
1665 3362
4592 1196
1196 2397
3220 1332
1332 778
871 3902
3902 4546
1093 1530
1530 3563
1095 4784
4784 3620
41 4731
4731 1244
584 3198
3198 3977
269 457
457 844
2347 1263
1263 4223
1736 200
200 4368
3227 4110
4110 2247
2898 2871
2871 1805
2724 3786
3786 844
4680 712
712 2760
2220 3709
3709 4479
786 2833
2833 2661
941 1628
1628 606
2724 3855
3855 2891
4312 3938
3938 606
575 4510
4510 3482
1139 1380
1380 2635
2462 3023
3023 4174
2191 3226
3226 1707
4010 1835
1835 3620
1751 291
291 1435
3560 3167
3167 2813
2345 366
366 220
2039 4499
4499 4368
3215 916
916 2440
1858 4253
4253 1563
2640 1106
1106 4562
2644 1642
1642 2255
4770 1343
1343 1520
4439 4362
4362 4039
1005 3151
3151 1132
4878 3233
3233 2269
4118 890
890 3396
871 3182
3182 4440
2900 3844
3844 3451
3272 2678
2678 303
2623 3043
3043 3765
2704 3155
3155 1671
2934 2638
2638 244
269 1893
1893 3086
2012 1310
1310 193
4409 2353
2353 2653
1242 512
512 1121
1590 2299
2299 4753
3088 3676
3676 1172
4040 981
981 2874
1468 4472
4472 1259
1792 4825
4825 4039
579 1038
1038 1312
1140 3573
3573 3396
737 2173
2173 1808
1644 3382
3382 2776
3928 540
540 29
2704 1110
1110 782
786 4611
4611 220
3760 2222
2222 3985
2560 2033
2033 1846
2695 3599
3599 3041
2640 1321
1321 2426
4010 12
12 3005
2164 3319
3319 687
4164 3249
3249 4368
1084 3968
3968 1267
675 2414
2414 370
1546 688
688 4721
2575 3033
3033 4479
4119 2210
2210 1634
1144 1183
1183 4264
607 120
120 3688
2859 1367
1367 2783
1004 2351
2351 4127
1140 468
468 666
2143 2768
2768 2536
4034 673
673 606
3272 1336
1336 2300
1767 3557
3557 1922
3957 2480
2480 3396
4142 4614
4614 2635
4317 184
184 912
3713 3232
3232 1001
3763 4686
4686 3620
713 4372
4372 2738
269 4823
4823 1366
2020 1843
1843 427
2961 1932
1932 427
4775 9
9 2047
2719 1920
1920 325
4227 1224
1224 1312
1590 2200
2200 2717
3756 1475
1475 367
2695 3859
3859 3793
1093 1202
1202 2005
1751 4299
4299 2440
930 3514
3514 3834
4680 1617
1617 2090
2695 2034
2034 4486
4680 2672
2672 1172
1546 4617
4617 1634
952 80
80 1846
4317 4139
4139 1268
1546 2789
2789 3700
3624 2569
2569 244
3560 3158
3158 1193
3215 1339
1339 2217
2790 3528
3528 995
2362 2614
2614 1128
2643 2228
2228 2974
3624 3731
3731 1009
3893 3954
3954 244
4461 1161
1161 160
2790 680
680 2386
1095 4491
4491 4479
701 1570
1570 3612
1271 1272
1272 2300
3619 3102
3102 3362
4034 3992
3992 3686
2462 2435
2435 524
2618 4043
4043 2635
43 2181
2181 4174
3810 499
499 1575
500 4074
4074 693
814 1740
1740 1259
1787 1613
1613 1846
194 2283
2283 2558
4142 2957
2957 4514
3260 4625
4625 877
4461 3083
3083 284
35 1398
1398 2838
348 2156
2156 310
1139 3752
3752 3267
2068 2554
2554 2783
1908 3768
3768 321
3763 858
858 2237
4640 1292
1292 899
1787 3638
3638 1366
952 1584
1584 3168
2391 3374
3374 2661
2934 2045
2045 3873
4227 2137
2137 463
4050 4438
4438 3482
1736 671
671 3639
269 2054
2054 76
274 1795
1795 3580
1243 4332
4332 2144
2345 1446
1446 2776
43 42
42 1982
2946 2392
2392 606
3766 2886
2886 492
598 2747
2747 877
4439 2744
2744 4440
4592 3568
3568 889
1908 2407
2407 4440
2623 2496
2496 1520
2946 3436
3436 2813
3365 2500
2500 1366
4733 3364
3364 2558
4405 1633
1633 204
1084 53
53 427
1139 2580
2580 1312
3526 942
942 937
1827 2330
2330 3452
3 934
934 1172
3713 1746
1746 3161
1967 3069
3069 852
3114 4487
4487 4250
500 763
763 899
3114 4216
4216 2616
3260 2042
2042 2530
1546 2997
2997 3639
4405 3741
3741 1962
675 815
815 4368
3 2459
2459 652
2191 30
30 2926
2158 618
618 3650
1736 997
997 303
579 282
282 1430
3260 267
267 3639
2220 144
144 590
4646 2207
2207 2530
2327 4549
4549 3620
183 3836
3836 687
3124 4899
4899 310
3333 4495
4495 3580
3204 1489
1489 1962
35 3610
3610 4205
4010 2132
2132 606
587 415
415 2738
4646 448
448 3977
1793 2515
2515 3539
2900 3930
3930 2558
2859 2323
2323 3482
4142 3387
3387 1364
4370 2566
2566 996
2906 2729
2729 1962
2068 395
395 899
3333 4869
4869 2395
3893 3098
3098 3243
2014 4706
4706 4753
2448 4541
4541 1443
675 2784
2784 1758
3807 3202
3202 1577
3807 1303
1303 1268
3928 3716
3716 984
595 308
308 4818
737 4249
4249 1009
4847 4605
4605 3765
2961 4837
4837 4440
3624 4385
4385 1808
1005 1555
1555 1873
718 2221
2221 1866
864 100
100 2487
4624 4318
4318 3989
607 4082
4082 2494
2961 3146
3146 877
1827 1269
1269 912
3088 2980
2980 506
4844 2899
2899 3231
194 3464
3464 4127
2262 1972
1972 3154
269 75
75 2536
941 355
355 3977
713 3222
3222 4889
4847 2094
2094 1132
274 4601
4601 2661
2961 3223
3223 4511
1271 776
776 2255
737 987
987 1846
607 2555
2555 1075
1005 4827
4827 1634
3465 1681
1681 4562
4010 3063
3063 471
2121 1190
1190 4440
1546 527
527 4818
1531 1296
1296 3620
3507 2949
2949 310
4680 1275
1275 4802
4863 2124
2124 1194
3507 56
56 3834
3781 4829
4829 310
1616 4662
4662 204
2143 3617
3617 3451
4624 3398
3398 3823
1062 4397
4397 2671
1140 1891
1891 1244
3619 2259
2259 1268
2121 2945
2945 3539
1942 882
882 1779
500 2031
2031 4413
3282 1415
1415 1419
500 773
773 2494
183 207
207 1846
3972 1993
1993 1922
2800 1815
1815 2328
1127 1581
1581 3793
4191 2819
2819 1312
1139 2948
2948 1779
3756 2287
2287 912
4050 3664
3664 370
941 4812
4812 4912
910 3684
3684 4466
668 2402
2402 433
3363 1245
1245 160
1767 1235
1235 433
2983 4700
4700 3041
726 3969
3969 3154
3000 2702
2702 3905
3365 932
932 4546
2719 4456
4456 3602
1786 2083
2083 321
3088 21
21 3793
2961 2912
2912 76
1786 913
913 3409
1005 2198
2198 2635
2906 2582
2582 2635
1093 1274
1274 3635
1127 4357
4357 3452
598 708
708 1922
4409 3895
3895 4271
1644 1213
1213 1419
4461 4394
4394 889
3766 4744
4744 2989
2961 3524
3524 1259
3928 1461
1461 337
4502 640
640 4566
4164 4150
4150 321
2306 1865
1865 1175
1600 3511
3511 1846
3190 3181
3181 3409
4482 1998
1998 1624
860 3107
3107 4843
1134 3910
3910 2635
3624 3966
3966 4590
2345 1514
1514 4514
424 408
408 204
952 54
54 1430
4475 1316
1316 4511
3972 1568
1568 2761
2859 793
793 3451
2191 3958
3958 325
1600 169
169 4808
2859 3400
3400 2740
194 4322
4322 433
4191 2085
2085 1577
394 4836
4836 666
1139 1002
1002 3905
358 1979
1979 4912
4317 404
404 3977
4624 2699
2699 4264
35 1685
1685 2494
3272 4846
4846 4177
675 4856
4856 2761
4405 2597
2597 1594
2466 3973
3973 1563
4010 749
749 2099
2191 3587
3587 1193
1531 4483
4483 2635
1616 3703
3703 1779
719 4420
4420 1512
3 64
64 1637
4592 1901
1901 3602
2643 1100
1100 1364
2143 283
283 1132
3220 3420
3420 666
2934 2508
2508 4802
3766 1306
1306 4705
3810 3495
3495 2493
3781 2845
2845 160
1767 3046
3046 3612
598 2973
2973 1471
3506 316
316 1871
4878 2482
2482 1193
1786 1328
1328 2368
2170 126
126 325
531 4910
4910 4802
1062 125
125 4094
3957 270
270 4892
274 2282
2282 1001
1908 4031
4031 3576
1531 660
660 2426
910 3235
3235 3005
2618 3627
3627 3168
394 3435
3435 4587
3877 804
804 3005
2462 1416
1416 1873
4770 2548
2548 337
975 2858
2858 1009
531 2028
2028 782
2724 104
104 3580
3893 2561
2561 1406
2914 1508
1508 984
4142 93
93 520
957 3440
3440 2290
607 3313
3313 1404
2935 2265
2265 524
1004 71
71 4566
3763 4265
4265 3977
3760 374
374 1563
2800 209
209 3989
269 1063
1063 3556
3215 4367
4367 2487
4142 2818
2818 370
2728 4325
4325 1982
2466 4607
4607 687
3826 4020
4020 3086
2466 3795
3795 1594
4878 4244
4244 2229
3000 645
645 2558
2930 258
258 3905
3624 1365
1365 852
3204 1872
1872 606
2560 4785
4785 782
348 2298
2298 2507
2935 3988
3988 3755
3526 4852
4852 2328
3624 623
623 2660
1908 4289
4289 4479
2859 1374
1374 4534
274 3373
3373 3977
3766 3531
3531 4486
423 4722
4722 2493
860 3320
3320 3161
1644 4324
4324 1259
1736 2190
2190 3086
1787 2366
2366 4566
3458 3062
3062 1962
3465 4851
4851 310
4646 1445
1445 1648
1084 1976
1976 3409
2143 3838
3838 4205
2068 4870
4870 2507
2014 1360
1360 303
701 2741
2741 652
718 2427
2427 666
3613 3603
3603 3556
1273 3829
3829 3952
4502 3266
3266 3765
4863 1606
1606 1982
726 4159
4159 4094
1950 23
23 2776
2419 1162
1162 2047
2419 2455
2455 3415
4775 4539
4539 193
3526 2060
2060 2688
4033 2470
2470 3589
2934 3084
3084 1087
2640 3751
3751 1132
726 3294
3294 3755
4033 1766
1766 3005
3713 2110
2110 2005
3000 2610
2610 1443
3890 3842
3842 1707
1967 1015
1015 2660
910 4895
4895 1443
3619 3800
3800 1982
598 4670
4670 3539
4312 522
522 2099
2719 3946
3946 635
2859 3710
3710 1637
1631 959
959 4039
3465 1773
1773 4467
2724 1587
1587 4590
269 4457
4457 3612
3781 3775
3775 2047
41 1181
1181 2974
4439 856
856 492
383 2501
2501 687
4409 1311
1311 984
2066 3636
3636 782
3365 1900
1900 2533
3619 3590
3590 4319
4317 3542
3542 4264
2347 4203
4203 1922
2345 3275
3275 658
1095 1929
1929 782
4847 4501
4501 370
4461 4220
4220 2090
2327 1237
1237 2349
4592 2576
2576 1283
952 4360
4360 3508
2345 2923
2923 3952
952 3835
3835 3267
2900 1414
1414 1193
2347 3142
3142 3086
4461 2322
2322 4157
2930 1524
1524 1009
3220 4543
4543 889
1191 4202
4202 4802
2859 1466
1466 1964
2935 4151
4151 427
1967 3392
3392 2507
1538 2988
2988 1852
1093 1677
1677 735
4191 1067
1067 3362
2345 3045
3045 3243
786 1450
1450 4250
194 2816
2816 22
3613 586
586 524
3756 3886
3886 4666
1942 596
596 1563
1079 1603
1603 3005
3613 546
546 4368
3282 851
851 2269
2800 1219
1219 204
1095 2152
2152 996
3375 2876
2876 1852
4725 4323
4323 844
4409 4304
4304 4590
3763 4921
4921 3085
2020 818
818 1443
3987 1978
1978 1471
1243 1539
1539 4466
424 4131
4131 1419
3375 1472
1472 4667
3088 3361
3361 3765
4033 3618
3618 2426
4847 2892
2892 337
3260 4879
4879 1512
4482 4460
4460 4223
2961 3455
3455 3161
3506 1231
1231 735
423 4402
4402 2487
4592 4241
4241 1648
4439 4292
4292 3154
2859 2649
2649 244
814 2802
2802 2761
2575 1709
1709 3793
4770 3561
3561 1075
4862 4694
4694 2493
3272 2895
2895 2635
2618 1072
1072 1408
1793 2710
2710 891
786 3140
3140 2144
3227 489
489 2349
930 488
488 105
1640 1527
1527 1408
4725 1614
1614 2397
1127 4130
4130 1443
1827 1223
1223 4587
2020 4168
4168 4179
4844 881
881 3366
1273 2230
2230 2099
2862 846
846 2543
2158 1890
1890 3574
4010 4207
4207 4037
1140 410
410 3574
1004 2340
2340 4889
2862 840
840 877
4725 4481
4481 1430
2930 648
648 2433
3506 1458
1458 4705
4164 1377
1377 4843
2728 2599
2599 463
3526 2209
2209 1624
2039 696
696 463
3255 3534
3534 3755
3506 3188
3188 1009
4021 3481
3481 2761
1644 1105
1105 4223
2934 2354
2354 2813
3264 2706
2706 3952
3763 3788
3788 3905
1079 5
5 3199
4370 4873
4873 220
1019 2991
2991 1408
2983 4503
4503 652
2391 2551
2551 3168
4733 2944
2944 3933
4409 1044
1044 1312
719 1620
1620 3650
584 3209
3209 1259
2012 4053
4053 2493
1644 1969
1969 3556
4733 368
368 2661
1858 1540
1540 1513
3643 4901
4901 370
4021 1679
1679 506
3375 4342
4342 852
668 565
565 2671
3807 1764
1764 1087
3335 389
389 778
4878 1457
1457 4368
2930 484
484 2543
1644 4173
4173 4479
3810 296
296 4319
274 4321
4321 1430
2345 4454
4454 4319
1631 2745
2745 2813
2618 1473
1473 4282
459 2607
2607 3579
1531 1684
1684 2543
4010 706
706 4094
4425 4464
4464 2891
2448 1825
1825 2255
737 402
402 311
183 4228
4228 4037
587 4548
4548 2440
2306 3494
3494 428
2859 4911
4911 2874
3781 3310
3310 2974
910 4171
4171 1500
975 2615
2615 3154
3928 3442
3442 2239
4844 1050
1050 2144
4119 3499
3499 4179
584 398
398 1808
3333 1400
1400 1410
194 2627
2627 310
2914 2199
2199 3576
1084 1593
1593 76
1093 4741
4741 3635
4439 414
414 3100
41 2894
2894 3933
2327 3548
3548 3174
4312 2109
2109 1443
4164 253
253 1634
4835 2959
2959 4818
2220 3614
3614 1707
269 1651
1651 4179
2191 2943
2943 1194
2012 1042
1042 4666
3 4116
4116 180
2306 4140
4140 1500
2262 802
802 1443
4844 2572
2572 2005
3282 2595
2595 3362
4475 1817
1817 1575
2777 985
985 1818
1658 2565
2565 1075
786 3189
3189 1283
3215 4468
4468 2269
2777 1092
1092 22
2790 2920
2920 3574
3114 2317
2317 4440
1616 2987
2987 3377
4164 4340
4340 1648
871 4141
4141 311
1967 2305
2305 2368
4021 87
87 367
2859 628
628 693
1858 4279
4279 3977
786 4007
4007 2926
2777 4176
4176 1779
1908 4133
4133 4889
3227 3444
3444 4486
2012 336
336 362
3987 1153
1153 76
2728 4193
4193 435
4642 2502
2502 4039
1139 1248
1248 3161
1019 4755
4755 1268
41 20
20 3650
2704 936
936 778
1273 1335
1335 2095
2191 1639
1639 3267
579 2590
2590 3085
3713 3571
3571 3267
4642 231
231 4250
3560 2432
2432 3700
2121 2715
2715 1964
587 2639
2639 1244
1950 3311
3311 2990
4475 2843
2843 2974
4770 3053
3053 4390
3987 4551
4551 852
4770 4096
4096 76
1600 2668
2668 1634
3810 1722
1722 3508
2644 4059
4059 1128
1736 4280
4280 4282
595 1094
1094 4590
726 4629
4629 3219
358 2841
2841 3905
2143 2064
2064 4467
713 4306
4306 463
4835 4848
4848 590
3 1481
1481 22
701 3559
3559 652
2158 4820
4820 4413
587 2984
2984 735
1140 1494
1494 4562
786 1759
1759 693
2262 705
705 2144
43 1155
1155 4127
1140 2256
2256 2507
531 1799
1799 735
2934 228
228 2813
4021 4221
4221 2558
1273 4657
4657 899
860 1939
1939 1175
864 1586
1586 1410
3124 4328
4328 4803
3507 2133
2133 2740
3760 4933
4933 1001
3987 841
841 1520
3756 2929
2929 1172
3260 2087
2087 471
726 771
771 3369
3826 189
189 2005
4475 2257
2257 574
3781 1195
1195 2368
3781 473
473 3005
4592 3015
3015 2989
2800 2333
2333 1283
4592 4246
4246 1634
4118 878
878 4705
43 946
946 1964
1243 1999
1999 4390
1273 1319
1319 2255
4878 627
627 1267
3957 1567
1567 3823
2935 601
601 3563
2122 3011
3011 3686
3272 14
14 2005
2946 3437
3437 1075
2391 2295
2295 1366
4119 1552
1552 4127
2898 2994
2994 2776
3215 1137
1137 1128
4312 1076
1076 3755
2728 2823
2823 3482
2164 4182
4182 4479
668 1284
1284 4223
2935 2498
2498 4094
595 4406
4406 4610
2306 1840
1840 2255
1644 4676
4676 2397
3756 1686
1686 4039
3000 51
51 889
2419 3585
3585 984
584 2553
2553 3085
1786 2605
2605 2217
4119 2901
2901 1259
2900 4213
4213 4803
1144 141
141 4467
3 813
813 1594
719 3687
3687 2738
424 684
684 310
4119 98
98 2239
1792 1777
1777 4526
814 835
835 3688
584 3665
3665 3563
2983 3517
3517 180
2220 3030
3030 2363
2724 748
748 4348
4624 1350
1350 1410
2170 332
332 3793
1243 2641
2641 3154
3363 971
971 435
2862 4114
4114 1175
1631 4217
4217 220
4680 1279
1279 1128
4021 3903
3903 3243
1787 875
875 3231
1062 1102
1102 3575
1004 2146
2146 4753
2946 3089
3089 3409
2930 1823
1823 693
424 249
249 1982
598 753
753 2653
4312 2796
2796 937
1531 3152
3152 427
1787 2089
2089 4534
2191 3659
3659 2653
3713 2897
2897 1075
1019 4443
4443 4390
2462 3317
3317 2740
4844 2381
2381 4205
1019 2176
2176 4526
1240 2779
2779 4802
3365 4650
4650 778
4847 1033
1033 506
4142 2261
2261 4157
3227 1036
1036 4587
4317 4875
4875 3905
2704 3228
3228 891
2800 1007
1007 4562
4118 2586
2586 321
2800 1956
1956 3154
1546 2749
2749 3409
4040 1000
1000 912
4338 3211
3211 4534
2935 3197
3197 1594
2345 3072
3072 4534
3465 440
440 4264
3624 2506
2506 2384
4844 571
571 3369
1019 3820
3820 337
2704 1522
1522 4127
4040 3655
3655 4319
3333 4621
4621 2738
713 2274
2274 2099
4010 3358
3358 193
2121 3404
3404 3580
2575 1113
1113 370
4835 3520
3520 3686
3893 4376
4376 1871
1093 3799
3799 220
2704 1464
1464 1172
726 2438
2438 3462
4502 2390
2390 4892
1093 2756
2756 2090
1908 1141
1141 912
814 4158
4158 337
1942 3564
3564 2660
2066 2398
2398 463
1242 653
653 3174
1062 3117
3117 3686
1793 1256
1256 1914
1273 2624
2624 506
3227 3445
3445 4534
1616 4247
4247 105
4592 2499
2499 3793
4050 732
732 3689
2164 4884
4884 4610
718 3240
3240 782
3560 4558
4558 3462
4050 1714
1714 2530
358 4285
4285 4666
2466 4459
4459 4390
4425 2130
2130 3689
2262 3356
3356 3219
3972 661
661 606
3957 2798
2798 606
1093 196
196 3575
269 4638
4638 3834
35 2865
2865 1648
4863 692
692 4223
2466 227
227 3689
595 1828
1828 2338
35 3416
3416 1359
3458 4757
4757 367
1139 3505
3505 3688
2704 1532
1532 321
3643 894
894 1779
2800 3430
3430 284
4118 2365
2365 1866
2039 3552
3552 2487
786 3970
3970 1268
2122 4315
4315 2974
4646 4767
4767 3556
2327 3504
3504 2891
3260 2032
2032 2397
4844 2006
2006 1500
4725 3706
3706 4667
4338 2568
2568 3085
3282 789
789 2533
2164 799
799 1818
2859 2857
2857 4223
4482 2337
2337 3580
1273 2642
2642 3539
2164 2074
2074 2395
1688 1951
1951 1193
4878 3685
3685 782
2704 631
631 3397
1631 3334
3334 2247
2362 2657
2657 1406
2983 1171
1171 4494
3 2321
2321 3199
2935 4226
4226 1410
4142 4
4 1820
3928 2828
2828 3700
864 406
406 2433
3465 2545
2545 2229
2362 1545
1545 1866
3957 4563
4563 1359
1004 4620
4620 4467
4312 3661
3661 1873
2644 2918
2918 4174
274 986
986 4889
1786 4766
4766 4534
3204 2172
2172 4705
1792 3066
3066 2237
4370 2547
2547 4177
3987 600
600 3563
2575 2690
2690 1964
1767 2044
2044 3005
4775 4445
4445 619
4034 3953
3953 4897
4033 2453
2453 1914
4502 3212
3212 1430
4409 1241
1241 3482
2704 1743
1743 1808
1967 2403
2403 4039
1751 966
966 891
2020 2174
2174 3396
737 1864
1864 3451
2448 349
349 520
35 978
978 4514
1792 4488
4488 2269
269 1326
1326 3700
4775 3150
3150 2493
4878 1813
1813 2047
348 4853
4853 4037
1134 4816
4816 4753
383 3850
3850 1259
2462 1990
1990 1371
2306 2437
2437 1244
4040 1526
1526 506
1908 3735
3735 4348
394 4868
4868 2493
2012 2683
2683 2598
4409 3879
3879 2395
864 3541
3541 778
575 1602
1602 2530
348 1605
1605 3589
4725 3376
3376 1425
1005 3515
3515 3267
4844 4398
4398 3366
348 2015
2015 76
3375 722
722 2558
4475 1753
1753 1575
595 516
516 3989
2066 1609
1609 3650
701 3295
3295 3366
1792 3943
3943 1808
930 2731
2731 3243
930 2512
2512 1634
975 2159
2159 693
1062 2273
2273 1435
4040 3433
3433 2395
1005 132
132 4466
2800 1732
1732 778
860 3519
3519 4753
3506 4833
4833 3397
3560 229
229 4467
2066 2686
2686 4348
3000 2592
2592 1671
3335 805
805 1520
2220 3723
3723 4511
2220 2509
2509 204
2012 1467
1467 427
4863 1744
1744 4094
4317 1791
1791 1366
4033 504
504 1267
4409 545
545 2874
4502 2742
2742 160
41 1488
1488 3415
3619 275
275 2530
1786 1569
1569 105
584 4773
4773 2838
1093 3982
3982 3161
2800 2026
2026 2507
2728 4648
4648 4250
2391 460
460 1087
348 466
466 4666
1858 4026
4026 4590
274 1014
1014 3219
4878 649
649 4467
358 521
521 1128
1191 4149
4149 635
2262 4928
4928 3989
43 674
674 1259
575 2483
2483 1366
41 842
842 3508
3227 4632
4632 3267
2362 4520
4520 2300
269 728
728 4494
3124 1850
1850 2783
1004 4071
4071 3462
3507 3975
3975 4286
4640 1205
1205 3005
1531 491
491 1267
1736 1163
1163 2363
3756 3634
3634 76
814 3493
3493 4897
2122 2098
2098 1435
3763 1309
1309 4777
2345 2883
2883 1406
4482 3332
3332 1404
3507 3014
3014 3700
3220 3780
3780 193
2039 677
677 912
3756 2356
2356 2433
2191 3622
3622 3952
607 201
201 1267
584 4758
4758 912
3957 2696
2696 782
2914 2063
2063 4808
1950 3422
3422 2099
4370 1146
1146 3650
500 4538
4538 909
3890 1749
1749 1383
3506 2663
2663 3366
786 3837
3837 1563
2158 4077
4077 1410
2640 3401
3401 1312
4021 2574
2574 1624
274 3360
3360 2099
4775 1838
1838 1364
3643 1935
1935 693
2790 4521
4521 2660
2012 3581
3581 3989
1095 2371
2371 4223
3972 850
850 1829
1590 1129
1129 1371
2644 768
768 1193
2391 4715
4715 3576
2930 3058
3058 1922
1792 529
529 1312
2362 4893
4893 4094
1942 4210
4210 3154
274 1186
1186 2338
2983 4240
4240 2368
4425 2208
2208 2598
1140 171
171 2493
3335 3312
3312 3231
3890 976
976 1637
1242 1855
1855 167
587 1217
1217 1624
4034 90
90 606
2560 3679
3679 3396
1600 4735
4735 909
4475 2631
2631 4667
2066 1277
1277 1575
4482 3657
3657 4177
3264 2734
2734 3686
2066 422
422 2090
2448 4112
4112 3688
531 972
972 4546
3333 3671
3671 433
1546 4256
4256 1425
1093 4044
4044 3415
957 1257
1257 1563
500 1099
1099 996
2777 2748
2748 1001
1658 830
830 310
4142 1204
1204 1634
1827 1373
1373 3952
2946 4330
4330 4368
2859 724
724 244
2946 168
168 4802
2643 3931
3931 996
2362 1363
1363 3952
2362 109
109 3219
2728 2281
2281 167
3613 3707
3707 4319
423 2313
2313 3174
4482 3485
3485 635
2191 3831
3831 3952
4844 1589
1589 3366
4847 4634
4634 666
4733 2003
2003 1419
3507 1184
1184 4094
910 3318
3318 1312
871 3246
3246 1922
4608 4546
2676 4486
1498 1075
1716 2717
4621 666
400 2974
1484 1001
2228 3161
4077 3563
3302 4802
312 1471
116 3908
2632 3650
3103 4514
55 1873
1166 2426
2455 2440
2505 2891
1071 2999
3217 1435
1886 606
2233 2368
3570 2653
772 2328
828 1408
3431 4889
3461 1175
3736 1805
2950 1818
3301 2349
2884 2530
2021 2237
2846 216
1302 912
1351 1648
4530 4590
292 2090
1732 22
1899 1512
1826 1594
2185 658
3887 3823
3520 2660
2499 995
1378 4566
2843 370
2401 2300
2376 1430
1545 2838
4758 2598
4059 471
2927 3755
1286 4466
3971 4179
943 4818
4600 1575
4268 4777
631 2229
2931 2099
1607 4094
190 2493
1456 4912
4769 3482
2394 1244
1874 687
3038 899
2227 4609
3518 2543
991 1366
3809 3267
3412 2783
2815 3576
4560 2247
3961 2338
699 3689
3646 4803
2574 3834
2851 2926
1223 2144
191 4037
397 2049
4198 3243
2002 4892
867 4264
766 2005
3060 3409
3627 362
198 2776
1135 1268
3775 4753
3407 1758
3146 2989
1071 4587
2069 1820
391 1121
190 3377
526 1871
4793 3620
2423 891
1932 180
3277 1829
2847 2395
2869 1443
4787 2558
4107 1132
264 4667
1620 3005
2628 1964
1031 3041
890 844
1432 889
131 3700
66 3508
3791 1563
4596 1283
1974 1410
2402 2095
862 4440
3671 3612
1258 4039
3414 4127
3685 4610
3608 3942
1042 2239
762 4282
743 2761
384 3574
259 3602
4175 735
1297 2507
1795 2363
2520 2397
1664 852
465 204
3667 2386
2421 1193
4291 3575
378 3154
2894 2671
1018 492
4737 3174
4816 3086
4809 3589
490 3933
2766 996
1358 3580
1519 337
2312 1914
1476 4534
2665 2661
1920 1383
4032 4808
1865 1194
392 4177
4426 693
3552 2384
1912 3765
2885 303
3179 877
188 3579
315 367
1924 1637
4539 2738
3450 524
3094 463
1539 1425
997 1779
4886 1624
3063 1577
1044 435
4365 3639
3627 3556
1481 2269
4365 3905
2292 3462
2765 4494
4927 1962
578 3231
4927 1406
3340 909
2942 427
2747 590
1708 1520
2896 1866
2826 428
2886 4319
4602 3085
3840 76
3403 1009
3879 3100
2442 652
1118 4368
1857 1172
989 1259
2166 220
1297 3539
134 2487
4627 1808
4254 3452
2702 105
4388 1513
1096 4511
1748 2433
4809 937
4410 574
1496 2439
4809 160
3524 1500
2211 1312
4876 4223
3226 635
2888 193
290 1359
1220 1087
561 4250
3477 4666
381 3873
1932 244
834 4390
1236 310
893 2047
2003 1982
805 1371
107 2874
2235 2760
2070 3688
2540 29
1456 2255
1235 3977
633 564
2415 4316
3448 3366
4450 3952
2822 2688
1544 3415
2054 3168
3699 3989
4044 2635
3402 2290
4869 2533
1716 3686
16 4467
883 4427
1138 4897
4851 3635
1682 3396
1770 4705
4784 1487
1270 3199
1094 4022
3308 1671
2846 3397
4685 1267
1288 433
1727 167
496 4286
4487 4526
4934 1634
2887 3451
818 321
330 284
2062 311
2313 3985
3250 4348
2755 2217
2727 2740
185 1404
991 3219
415 506
4233 984
839 1419
4327 2813
1323 1128
3655 1364
381 782
1785 2616
2721 2494
4290 2536
2176 4271
3770 520
521 1846
2292 619
4336 809
886 3362
3774 1922
1330 3793
2603 4721
149 4562
1431 4205
2860 4479
2845 4174
1277 2990
2751 778
656 4157
148 325
862 3369
1167 4413
2293 1852
47 4843
