1
4676 9991 3951
1053 4417
4145 1270
57 3238
1400 2835
48 3132
2115 781
825 4045
3427 3863
1713 2751
474 4539
342 3997
419 2170
857 1152
2025 2317
241 4636
1595 3546
1142 4245
874 3442
2853 4046
1272 3935
3381 3226
3223 3736
4323 3019
2379 550
4672 3188
2760 3957
1554 472
4174 2383
4451 3831
1101 1544
1833 101
1559 2929
1460 1913
2166 4600
4000 4293
330 2336
1712 2958
720 4576
558 2240
17 224
843 4032
3273 1167
1909 3874
2974 2414
2120 511
1256 4299
3633 1412
247 3860
1151 4330
4112 3396
2278 4574
4073 2107
2000 3422
1184 3206
200 638
3106 3945
2009 2501
1811 3927
2828 3724
3474 3684
4342 4535
2228 1995
2765 3081
3003 2707
392 3394
2686 4034
4441 4602
788 311
4391 1418
2721 239
3235 3965
4 1385
4155 580
1695 3743
546 3611
2979 3234
575 4560
160 898
2349 2044
2133 2322
3502 4664
683 1145
3340 1444
3564 838
3011 568
4152 3077
4584 3726
4429 3853
3523 3935
1196 2984
3563 760
2279 3726
3013 814
1315 2103
2087 4538
4412 722
1960 2331
257 1020
3503 515
3144 4331
195 4423
2035 1903
106 2050
3284 4156
3838 3967
2865 2488
3316 1044
3456 2750
206 1894
2067 3243
2586 745
3707 4076
4480 4037
886 3325
4038 1741
1169 1925
2844 28
2195 56
3073 360
1690 3585
184 4422
3493 1631
3406 2707
3168 4250
1071 990
1410 2620
2918 3883
1249 3275
4313 29
797 2569
1011 872
1868 3323
343 1305
4420 1518
4117 3910
1453 2547
3964 1139
2639 3022
1100 4481
3688 2616
2800 1740
2747 3999
704 2982
3140 3434
153 4320
4445 4080
3839 3687
3527 2876
3822 2365
3500 2219
2271 2801
2726 3350
3240 2711
894 3094
3776 4551
902 2428
3946 667
1041 3417
1464 618
4160 2776
2453 934
125 1805
3207 218
1203 123
1237 63
4216 4187
3267 2097
513 4619
4283 78
219 254
2708 1893
951 523
4081 436
978 2880
142 3160
2508 1262
4511 4017
547 4438
2413 1205
1719 3510
2476 119
3281 2920
3483 3611
4021 2134
4496 3200
488 4289
1275 2666
4215 259
1576 3325
1513 1928
3536 1626
2630 479
2092 770
1806 3825
3410 468
909 4309
2815 86
3572 1918
3805 2260
1124 3635
685 3488
3886 1665
1905 4335
3809 1291
4521 3078
3413 2485
2202 3131
4486 3781
3026 1841
4528 3066
2056 4129
1879 2978
1649 1659
236 1684
3336 4104
2793 684
4165 111
529 1929
3321 1
4454 3694
610 1923
1878 4288
3123 3803
489 2196
1735 1888
920 1110
3832 276
4356 3424
881 3881
2718 936
1542 3289
1245 189
2465 24
1056 3834
3458 4011
4430 4665
2346 156
3998 2215
3754 1320
1528 3875
2421 569
3584 2416
1638 2280
3763 4282
2008 327
1159 1386
2029 3048
3512 3588
1984 38
2434 2197
480 3992
3605 2862
1059 2544
297 422
628 1312
2936 2710
252 1829
3429 3258
1111 1800
3799 4133
2658 4517
2410 1244
3452 622
916 2074
4439 3213
301 862
2861 3170
407 1152
192 1150
4054 2040
3696 3287
1239 1107
1562 2691
3246 1707
130 793
365 99
1545 1674
4328 2750
1130 2328
2762 2767
1372 258
3932 1982
2275 855
2980 1020
2822 4327
1802 234
3931 1412
2136 1069
4418 3691
1031 3266
45 3086
260 2246
750 4278
1428 3356
697 4545
2818 3504
625 3943
514 1299
3958 3925
1307 4143
2093 4218
3351 2360
4489 1628
1757 2647
1446 239
1519 4598
3087 3580
416 4250
2476 152
152 1313
2025 3296
3296 418
1960 3221
3221 3306
825 4545
4545 1809
2828 2354
2354 1064
4429 3583
3583 1009
3832 2521
2521 3375
2434 2970
2970 1637
4165 422
422 96
916 1596
1596 1784
4313 993
993 1941
3763 1340
1340 2832
3572 3716
3716 2461
4160 1606
1606 1646
1638 582
582 2391
4174 2023
2023 215
2980 3434
3434 3480
3427 1213
1213 3722
2000 3099
3099 4477
1196 4173
4173 1286
4117 1457
1457 2577
1400 193
193 215
3429 2255
2255 3725
4117 570
570 1187
153 4044
4044 4390
3106 893
893 3264
2658 3446
3446 2338
474 3154
3154 149
3351 1534
1534 4477
206 1298
1298 4572
57 2259
2259 2303
4430 4375
4375 3358
3523 4595
4595 1874
3886 2859
2859 268
365 716
716 349
4489 1098
1098 1866
3381 1511
1511 3470
4429 1832
1832 734
3026 390
390 1615
1203 2214
2214 3916
788 4180
4180 2402
1169 3601
3601 451
2822 1006
1006 289
3207 305
305 3150
513 2939
2939 3873
3140 151
151 3407
2818 3443
3443 4260
3536 4324
4324 4662
3707 585
585 1874
4155 1888
1888 1547
1519 1121
1121 1049
343 4202
4202 269
683 4018
4018 996
529 2539
2539 2080
1101 99
99 1866
1151 2137
2137 3361
843 3484
3484 2846
1811 830
830 2273
683 3608
3608 3929
3707 4370
4370 1260
57 42
42 2926
1513 1949
1949 355
3168 3745
3745 1505
750 212
212 2420
1256 490
490 404
685 2245
2245 475
3340 1207
1207 1064
3240 2060
2060 3867
297 2772
2772 1064
2979 1362
1362 2391
2056 2916
2916 3431
489 1873
1873 3677
894 842
842 2233
2413 4078
4078 1360
200 3850
3850 3333
1868 2094
2094 3543
886 3472
3472 180
1272 3132
3132 1283
2815 186
186 3586
2067 473
473 74
4528 1641
1641 1050
1735 3090
3090 3467
297 3566
3566 3225
4283 4244
4244 3462
1203 5
5 3021
1239 4613
4613 947
2349 2270
2270 3847
4420 2790
2790 1354
2828 3628
3628 4068
2658 4188
4188 3589
1196 300
300 4502
419 1406
1406 2977
1372 1074
1074 96
192 2231
2231 2391
252 4575
4575 121
2166 3445
3445 4373
909 4624
4624 3379
1649 2340
2340 4638
2718 2372
2372 2879
1111 1455
1455 121
685 1045
1045 4616
3123 1327
1327 3414
3493 4380
4380 2163
301 662
662 1584
3839 1382
1382 3531
301 4049
4049 1055
1464 2504
2504 215
4391 2681
2681 116
2136 781
781 2583
4429 4612
4612 4185
3763 4608
4608 2763
881 3356
3356 404
575 1051
1051 2583
2974 2948
2948 3345
1151 2531
2531 81
2000 3447
3447 359
546 86
86 3306
4313 1541
1541 1815
2630 4444
4444 2353
1545 2212
2212 4477
3493 3373
3373 4086
4054 2198
2198 4251
160 1019
1019 4135
2056 3990
3990 4254
2815 4253
4253 2186
2278 1281
1281 734
2936 1998
1998 1691
3336 4650
4650 3057
951 2024
2024 1436
1249 420
420 871
3931 1040
1040 3346
153 4506
4506 1484
4486 1020
1020 4458
3998 2552
2552 1073
2009 3835
3835 1026
1562 128
128 2262
720 918
918 116
2120 4497
4497 922
3563 500
500 1076
1878 1306
1306 3545
3281 1796
1796 2659
2936 3747
3747 3873
257 3137
3137 1384
2093 237
237 3912
3536 4225
4225 3674
2974 4029
4029 603
3273 294
294 1782
365 2903
2903 1540
3321 2666
2666 2443
1638 3533
3533 4656
3168 397
397 1055
4112 1647
1647 3674
1031 4395
4395 922
219 4314
4314 4369
3458 2576
2576 2879
1272 2703
2703 3873
575 3119
3119 1691
342 444
444 4662
2586 3416
3416 3383
2067 1583
1583 1313
3822 1854
1854 191
3474 627
627 2607
241 789
789 2991
2815 4311
4311 4557
4073 4618
4618 389
1806 3870
3870 2879
4 1343
1343 2688
3144 275
275 3558
3140 62
62 1073
1111 2712
2712 1926
4528 3979
3979 418
2686 748
748 359
3799 2376
2376 1505
2275 4113
4113 2927
920 1754
1754 2607
628 2635
2635 3519
697 2693
2693 475
874 3194
3194 389
2639 2862
2862 3796
1256 274
274 2189
902 1963
1963 190
206 660
660 149
3839 959
959 1578
2009 4604
4604 81
2133 3044
3044 3912
3168 517
517 20
1053 4257
4257 2623
2979 3986
3986 3848
2009 4387
4387 96
1142 1070
1070 3551
130 4359
4359 1941
1554 2400
2400 3867
1059 623
623 3402
2844 2892
2892 1646
2974 1558
1558 3361
488 3863
3863 642
2822 1721
1721 4135
236 3347
3347 3773
1649 1223
1223 1096
4391 3742
3742 1388
343 1416
1416 2468
4342 2572
2572 1405
3805 3425
3425 3722
3839 1232
1232 1271
3429 484
484 1502
3284 3317
3317 4390
1690 4358
4358 4572
2476 4646
4646 4205
1562 1662
1662 4232
4 4510
4510 4085
3838 3471
3471 2294
2815 852
852 1578
2747 3968
3968 2886
474 3525
3525 4557
683 735
735 4557
683 3542
3542 3198
3207 1024
1024 1076
1275 1280
1280 3228
628 2433
2433 1706
916 3900
3900 170
1142 2867
2867 1523
365 957
957 159
1307 4562
4562 1866
4174 201
201 3677
3087 421
421 4254
1879 1666
1666 1436
365 1394
1394 2737
4511 4197
4197 4232
3527 3594
3594 451
3696 4353
4353 1640
720 2215
2215 3847
1100 1451
1451 755
3410 4472
4472 3586
610 3651
3651 1561
1184 2289
2289 3912
1272 4169
4169 100
3799 107
107 2737
547 4189
4189 2551
4174 2949
2949 1271
3754 901
901 3306
3964 2663
2663 2299
4152 1002
1002 74
488 2173
2173 1055
1868 597
597 961
2379 4187
4187 1350
1757 4534
4534 81
2093 3468
3468 2194
1513 166
166 4246
3207 4491
4491 769
3958 738
738 3383
4 3560
3560 3198
257 791
791 587
1690 3927
3927 521
125 1028
1028 598
4430 3323
3323 1313
1053 3567
3567 2623
3832 2786
2786 3902
48 4518
4518 2977
2278 2322
2322 973
3633 93
93 4653
2035 3152
3152 3225
2346 234
234 110
4441 3463
3463 605
4489 2206
2206 230
4000 1118
1118 2637
2658 727
727 159
297 2752
2752 947
3123 4067
4067 2303
575 2598
2598 1866
625 2833
2833 3225
2000 936
936 3441
2476 1821
1821 2145
1256 948
948 4638
1239 3942
3942 3130
3284 3860
3860 1782
3087 3735
3735 170
3502 3067
3067 1552
2980 3721
3721 116
978 2036
2036 281
1142 1409
1409 4068
106 4243
4243 355
4412 46
46 1904
1307 832
832 1950
4054 3042
3042 2688
1151 724
724 642
160 3739
3739 230
252 254
254 4656
4496 4660
4660 2319
2092 2571
2571 1640
909 3938
3938 4390
1909 2921
2921 1502
1446 1927
1927 2262
4160 4550
4550 100
2630 2169
2169 4589
3321 4466
4466 4305
628 3642
3642 4007
1169 1197
1197 4614
480 2801
2801 4369
894 429
429 3619
2760 435
435 215
4489 2111
2111 1090
1576 4040
4040 1099
750 672
672 289
1400 4482
4482 3337
3832 2753
2753 1384
3140 1274
1274 755
1984 2650
2650 4656
4216 3092
3092 2163
3123 2831
2831 3867
1101 1337
1337 3375
4420 1046
1046 4232
1169 105
105 755
3584 1600
1600 3876
2658 2014
2014 1505
546 3342
3342 1926
3536 55
55 1501
2586 3444
3444 2168
4672 2065
2065 3773
1559 3620
3620 1099
4155 1723
1723 4007
2056 364
364 1540
2271 1390
1390 3029
1453 4409
4409 1584
153 1180
1180 4275
2056 1980
1980 3174
392 3094
3094 149
195 4321
4321 3214
1239 2287
2287 3876
125 3064
3064 871
951 3041
3041 1859
1909 172
172 3659
1453 1066
1066 3573
3340 467
467 385
160 3426
3426 2927
843 3293
3293 3595
1256 2644
2644 1874
2133 4056
4056 2368
3456 4516
4516 3262
1464 3715
3715 4616
1833 2314
2314 1866
3500 213
213 3379
2136 3459
3459 215
3321 131
131 2926
750 4102
4102 4427
2658 2989
2989 3462
529 4419
4419 2424
3223 3324
3324 1486
2035 1520
1520 3978
1735 1565
1565 2577
2087 557
557 3467
3932 1860
1860 2659
4328 2418
2418 1060
546 3856
3856 281
45 4673
4673 2561
3958 1480
1480 4547
1011 1392
1392 3668
3809 3626
3626 944
2979 599
599 1405
1275 4554
4554 3379
2721 1708
1708 3894
4021 3919
3919 2782
4313 1724
1724 2927
628 3357
3357 1073
2279 4274
4274 75
1868 1293
1293 2846
909 4055
4055 543
1712 1510
1510 1813
3512 2555
2555 1093
4439 1493
1493 3619
894 1288
1288 3543
130 3039
3039 4206
4021 1389
1389 1615
2410 382
382 1585
195 663
663 4547
125 1492
1492 2168
2936 1817
1817 3198
2465 1010
1010 3590
1245 1653
1653 1862
3073 4573
4573 3183
4391 2657
2657 4572
1239 4649
4649 2715
106 807
807 2490
843 239
239 574
200 1092
1092 3852
886 308
308 2957
3316 584
584 3551
2630 2911
2911 183
2815 2993
2993 1384
3932 527
527 3978
3316 2226
2226 3322
3267 4538
4538 3271
3832 4076
4076 1048
1159 2097
2097 4185
1272 4015
4015 2294
3273 3118
3118 4205
4073 1282
1282 2395
4391 1113
1113 2437
750 1966
1966 4652
2195 3830
3830 268
200 569
569 4115
3087 670
670 3322
825 2950
2950 1225
3316 820
820 1897
547 626
626 2832
3456 4357
4357 2957
2278 3377
3377 2631
1184 4566
4566 3392
3805 3126
3126 1026
4112 1413
1413 475
3688 793
793 3852
3011 753
753 922
1554 1420
1420 3337
3003 2414
2414 3616
4418 242
242 2631
625 3692
3692 1427
685 4286
4286 710
2630 3868
3868 4527
365 2522
2522 2461
1151 2209
2209 2954
1237 2316
2316 2631
1245 2472
2472 4251
4521 1069
1069 1786
2979 831
831 2299
3958 4272
4272 543
3502 3196
3196 1354
3144 3789
3789 1073
1239 2947
2947 2303
683 463
463 1099
902 1284
1284 1589
513 303
303 769
2166 1285
1285 734
902 2956
2956 1862
480 3277
3277 3652
1101 1291
1291 223
4342 828
828 3379
3013 1475
1475 4093
683 1947
1947 4298
2762 1553
1553 1637
2349 1068
1068 4616
916 3051
3051 3467
142 202
202 1584
4439 3718
3718 3509
3688 3918
3918 2561
2278 3311
3311 281
2844 2401
2401 1384
153 3124
3124 3676
3512 33
33 66
4054 3189
3189 3531
206 4222
4222 1384
1196 1748
1748 4229
4165 2516
2516 1815
106 512
512 1967
3763 3448
3448 1866
2136 1524
1524 2154
1315 2847
2847 543
3838 2131
2131 2715
1272 2107
2107 1501
1649 1412
1412 3551
2025 1222
1222 4527
2056 1027
1027 3383
1528 1657
1657 2420
2195 2135
2135 1084
1151 3473
3473 66
3964 2221
2221 2326
1307 2566
2566 4260
3321 4107
4107 1388
3240 2532
2532 3174
1056 3096
3096 4298
2980 3684
3684 2520
419 4141
4141 3407
2410 3997
3997 475
1245 1378
1378 721
3707 3508
3508 1436
697 3800
3800 1076
3207 4330
4330 1084
3584 3260
3260 4589
2476 508
508 266
2818 924
924 2368
1695 2393
2393 389
2133 2375
2375 996
797 4537
4537 66
3351 68
68 4297
260 816
816 1813
2815 277
277 2326
2056 760
760 2737
153 536
536 3798
2708 4487
4487 3682
2747 1487
1487 4205
3572 2749
2749 3545
3500 1885
1885 121
909 1683
1683 3852
1879 3121
3121 1271
628 4453
4453 2042
1638 2797
2797 96
297 4569
4569 2520
3633 3510
3510 535
2762 476
476 3150
1712 265
265 2368
3483 2091
2091 1523
2818 136
136 3183
2800 3403
3403 269
1203 2777
2777 71
4000 1934
1934 3338
45 2408
2408 404
2708 3555
3555 3519
2120 2972
2972 1897
1410 2502
2502 162
2093 3113
3113 605
894 1788
1788 1090
3799 3660
3660 4652
2271 283
283 1502
1272 1399
1399 162
2136 2669
2669 1000
3123 1264
1264 4547
4152 1018
1018 3916
343 3637
3637 1521
1071 167
167 385
2918 1137
1137 1809
2029 3353
3353 2932
3500 646
646 1099
2166 2966
2966 2272
2865 990
990 1782
4155 1444
1444 1048
3805 4610
4610 1926
1203 1543
1543 3313
1559 3526
3526 2168
1562 2706
2706 3150
3838 564
564 3414
1545 4335
4335 4653
1909 1221
1221 3012
2275 4016
4016 403
4174 777
777 4413
3493 2964
2964 734
881 4633
4633 2687
3536 2043
2043 1055
3958 1810
1810 3262
1239 4023
4023 191
1249 2253
2253 535
1562 4524
4524 403
1372 834
834 4502
1528 1698
1698 2125
1562 2668
2668 2454
4073 743
743 170
1513 3360
3360 4297
1712 2493
2493 1646
3932 393
393 1589
4313 1330
1330 1967
3429 3880
3880 2977
788 3828
3828 587
192 2150
2150 3677
1513 2774
2774 3848
1053 1411
1411 603
1071 2498
2498 431
3223 2611
2611 2577
4672 526
526 110
3805 2001
2001 3428
3832 4039
4039 149
720 2917
2917 1615
2980 2366
2366 2846
529 1376
1376 4458
2793 2864
2864 3867
3240 534
534 2637
1237 3935
3935 320
1410 1798
1798 1691
1909 4151
4151 1427
4021 3187
3187 2954
2853 117
117 1550
1124 2296
2296 4111
489 4460
4460 1862
3240 2492
2492 4638
697 4635
4635 603
610 619
619 4514
3413 639
639 96
3413 4542
4542 577
2029 1227
1227 1090
1713 2621
2621 1872
1184 4013
4013 215
407 3348
3348 2319
1159 2236
2236 71
1011 3917
3917 4614
3932 1654
1654 4298
3886 952
952 3674
252 3816
3816 1561
3429 1613
1613 1547
1905 4224
4224 359
902 4036
4036 3306
2202 2181
2181 74
1101 1632
1632 384
628 563
563 1813
3123 90
90 269
1272 1448
1448 1670
546 4447
4447 2527
1713 509
509 3531
3832 923
923 1646
419 2869
2869 2461
4073 2804
2804 349
1576 2705
2705 1615
4081 1174
1174 1904
3523 2344
2344 4229
3503 2088
2088 4567
2008 1145
1145 1942
2815 1836
1836 159
3500 2632
2632 1313
1595 3791
3791 2623
4445 2554
2554 2262
1806 3787
3787 1354
1101 1564
1564 1862
4528 4415
4415 269
1196 4288
4288 3867
1400 4148
4148 944
17 2162
2162 1866
2760 4150
4150 4068
4672 493
493 3616
1071 4417
4417 121
628 4483
4483 2716
1960 943
943 1354
697 3681
3681 268
4283 1753
1753 159
4454 3748
3748 2922
1239 4147
4147 1117
920 714
714 535
3284 3292
3292 2395
330 1991
1991 268
4480 4403
4403 2163
1545 700
700 2353
978 2973
2973 3824
1984 1978
1978 320
2421 617
617 2490
45 2807
2807 2607
1031 539
539 3545
3336 3180
3180 2454
1196 4136
4136 191
4528 1190
1190 1000
2035 3593
3593 2273
2008 2184
2184 2518
3527 143
143 1547
17 3190
3190 1048
1275 1014
1014 1000
3696 1911
1911 2932
3563 2645
2645 3725
474 775
775 1405
4038 2219
2219 3590
3456 983
983 3361
4038 1794
1794 355
419 3571
3571 3674
2726 1971
1971 1096
4328 3244
3244 3589
3321 814
814 1890
3763 645
645 525
2067 3913
3913 3306
1059 1336
1336 3616
1237 3565
3565 2509
3696 3711
3711 652
3087 1736
1736 2168
3235 4611
4611 961
3839 2324
2324 752
2136 4371
4371 587
4391 2838
2838 71
3003 1
1 4652
3073 3827
3827 4547
4323 2616
2616 1283
297 2126
2126 3676
4054 1800
1800 2788
2853 800
800 2437
2434 1838
1838 922
3026 3327
3327 769
3886 859
859 3551
3946 2914
2914 4557
4356 2998
2998 2561
2793 4416
4416 170
4165 1183
1183 3279
1056 1495
1495 2687
160 3728
3728 1260
1528 1128
1128 833
3240 1827
1827 1388
3527 3052
3052 755
2195 4287
4287 2232
392 1317
1317 3437
3140 2829
2829 1212
1712 4341
4341 1904
3235 3908
3908 359
3429 1899
1899 2232
3809 4295
4295 4193
3003 1441
1441 3894
4054 1929
1929 3674
3316 2643
2643 2977
1203 4218
4218 231
894 1167
1167 4115
2228 3369
3369 1354
3832 1179
1179 1502
4584 2351
2351 976
3838 966
966 3242
2421 1065
1065 1584
365 2096
2096 2922
1169 4592
4592 1384
480 4605
4605 110
392 4121
4121 4135
1169 2230
2230 266
2087 447
447 3262
2800 838
838 1225
2686 3751
3751 1350
951 1875
1875 3337
1519 3089
3089 2042
4454 2205
2205 2520
1513 4109
4109 587
3144 4361
4361 183
2195 216
216 1584
343 3308
3308 4656
3144 4304
4304 887
2279 2144
2144 4527
3964 2183
2183 3650
195 545
545 1064
4486 4178
4178 3725
2278 1570
1570 3509
1151 4505
4505 1751
3523 3765
3765 2637
628 3615
3615 3130
1909 3435
3435 2628
4480 133
133 4492
3998 2311
2311 1584
825 354
354 269
2087 2415
2415 4617
1811 3245
3245 3824
206 3524
3524 4404
4054 4548
4548 2932
2278 3698
3698 3462
529 3258
3258 1950
2762 2581
2581 1890
4216 363
363 583
4328 2292
2292 3545
1275 2041
2041 4206
3087 3538
3538 3242
2476 1758
1758 2257
1868 3993
3993 3676
704 2691
2691 871
3474 3450
3450 4653
4165 1898
1898 2163
3998 1299
1299 74
2865 2290
2290 3545
3168 1555
1555 1670
3123 2506
2506 3710
529 1816
1816 3262
2202 2477
2477 3916
3805 1243
1243 2129
1237 2457
2457 1271
2278 4593
4593 2080
2120 1711
1711 149
1806 2104
2104 4185
153 906
906 4135
575 1120
1120 100
4021 2978
2978 1225
3998 4004
4004 451
3536 220
220 3480
3246 1819
1819 2281
3832 1580
1580 755
3838 2900
2900 3543
3458 1485
1485 4492
4521 1893
1893 1872
1041 2720
2720 2788
3011 3701
3701 2186
1690 611
611 1225
3805 6
6 871
4391 933
933 1212
3958 3544
3544 2520
106 4171
4171 3361
4454 1922
1922 2454
301 4230
4230 2755
2087 326
326 543
1833 998
998 170
2025 3072
3072 289
2639 1870
1870 4373
4486 4119
4119 3876
1410 2519
2519 4653
3512 2323
2323 1350
704 358
358 3338
1868 3404
3404 1405
125 2371
2371 3392
881 3529
3529 3135
1410 2565
2565 2437
902 2875
2875 149
3809 4284
4284 739
2133 2624
2624 4373
3564 550
550 3130
4145 600
600 2509
2025 501
501 451
1960 2849
2849 3379
2349 4476
4476 752
2009 331
331 389
130 4162
4162 3467
2136 1902
1902 2577
4283 2128
2128 1064
4165 783
783 3773
697 3352
3352 2846
3696 3112
3112 1691
3493 4560
4560 1084
4412 3481
3481 4252
3427 1302
1302 2957
4038 2946
2946 1225
916 229
229 3847
1130 4525
4525 4413
3493 4539
4539 3043
2228 581
581 475
894 2729
2729 680
4412 925
925 976
4160 702
702 4458
4216 677
677 1782
1142 3557
3557 3361
342 3665
3665 180
3564 3081
3081 3773
3207 4110
4110 1941
625 1620
1620 4260
4672 4161
4161 2577
920 4231
4231 1561
2349 4270
4270 3589
1249 4301
4301 3590
4672 2266
2266 4652
3754 1627
1627 2189
1879 4442
4442 833
2271 137
137 1667
1159 2965
2965 3891
3458 4586
4586 3225
3564 1579
1579 1093
2166 4568
4568 598
2822 3422
3422 3397
1011 3049
3049 385
3316 1925
1925 2420
1460 2307
2307 3573
4584 2619
2619 3901
330 4394
4394 2233
3572 1129
1129 2013
894 3846
3846 2338
3013 3158
3158 110
3429 3697
3697 1619
3493 2582
2582 1405
4480 4156
4156 3562
2844 4212
4212 4185
4511 1762
1762 66
3564 927
927 755
3805 4641
4641 1813
1712 2070
2070 2719
2133 3110
3110 2518
4486 2109
2109 320
3429 2248
2248 266
3564 4382
4382 3985
4486 2095
2095 961
247 2336
2336 4477
3140 898
898 2490
1249 2264
2264 2186
683 3053
3053 124
2087 3823
3823 3345
978 4508
4508 3029
160 2046
2046 3021
2974 3842
3842 3650
3500 2976
2976 603
2453 1478
1478 3135
301 911
911 4614
2278 2139
2139 4297
2793 3344
3344 2628
4480 2044
2044 2922
206 481
481 1202
2035 532
532 2490
1151 1226
1226 4252
2765 2877
2877 1260
1878 2449
2449 813
2166 332
332 3867
2056 616
616 3773
1595 703
703 3676
1041 1185
1185 3470
750 369
369 75
4356 2837
2837 2782
4073 3289
3289 2420
1041 2243
2243 1809
1237 1573
1573 320
4451 1674
1674 2437
2025 329
329 3652
1169 1881
1881 116
2586 3781
3781 3239
2465 2656
2656 3960
3832 2544
2544 1212
2195 1781
1781 2257
2815 3477
3477 4275
3946 2478
2478 4373
4328 3854
3854 3960
106 466
466 2715
2279 2895
2895 3677
3087 2389
2389 2454
1428 4331
4331 3960
1056 1514
1514 1360
2413 1200
1200 4390
2000 3186
3186 2443
2035 2365
2365 3306
2087 972
972 96
3754 768
768 4185
2760 1067
1067 1890
843 844
844 3586
125 207
207 2395
2120 1774
1774 2977
2166 1671
1671 2879
4356 1075
1075 1202
2853 1276
1276 1354
610 1764
1764 1691
2000 3216
3216 349
192 4637
4637 4458
419 731
731 973
4112 3232
3232 268
3207 2412
2412 2715
4486 4533
4533 928
902 2664
2664 598
3410 3054
3054 3242
4112 2930
2930 3399
2278 3649
3649 1615
1446 4658
4658 2257
3776 3581
3581 3375
2639 696
696 1637
1428 946
946 231
241 2216
2216 3346
2747 3953
3953 2286
881 4659
4659 525
2822 3487
3487 2299
489 2223
2223 3873
2760 1693
1693 3894
2115 784
784 1751
3026 2427
2427 2607
1031 2239
2239 922
1559 3319
3319 1809
1053 496
496 3676
2980 18
18 3818
1960 4455
4455 144
920 3131
3131 1384
416 59
59 4298
1372 1772
1772 2628
3267 1993
1993 1691
920 2614
2614 230
1372 3390
3390 1941
1909 2987
2987 191
1159 4422
4422 2273
3584 1614
1614 3392
1576 4645
4645 3361
797 2742
2742 2886
886 1503
1503 1502
575 559
559 3543
48 592
592 1578
1879 4334
4334 1782
978 1358
1358 3589
3273 1155
1155 75
558 3534
3534 183
3223 3924
3924 3333
4313 596
596 1117
916 361
361 1521
343 687
687 3894
3696 3732
3732 1117
1011 4668
4668 1523
3284 3516
3516 2186
2202 2399
2399 3916
916 380
380 1103
3223 2996
2996 81
4430 3022
3022 4501
2087 3784
3784 1967
3452 633
633 3480
192 203
203 2145
3932 3332
3332 1552
206 1959
1959 2490
1519 1165
1165 3793
2815 1309
1309 1117
257 1235
1235 4205
4496 940
940 2561
195 2843
2843 3029
3351 4217
4217 3901
4160 2591
2591 3333
1595 2411
2411 1615
1011 2038
2038 2805
4528 3363
3363 4458
4511 433
433 3262
2120 1749
1749 2564
2630 745
745 3392
4160 2179
2179 3135
886 2176
2176 191
704 4515
4515 583
3512 673
673 2353
1196 2362
2362 4572
558 4072
4072 2294
3946 1348
1348 947
1307 1115
1115 922
1041 661
661 4111
4323 3680
3680 2687
1695 1549
1549 4373
1879 4532
4532 1862
547 1021
1021 3021
1879 1679
1679 1706
2279 1195
1195 755
3144 3795
3795 1866
392 4495
4495 230
2853 1668
1668 4458
3168 1642
1642 269
4117 811
811 996
3413 2342
2342 4614
3809 757
757 2879
1638 749
749 2145
4489 439
439 3441
3273 288
288 3634
3763 3691
3691 3029
3474 900
900 2782
3456 1672
1672 4007
3336 3981
3981 1084
2508 122
122 170
1372 2584
2584 1561
1811 1305
1305 3978
4429 4063
4063 4242
1833 1236
1236 3462
4323 2429
2429 3183
857 1033
1033 3867
3799 1292
1292 4229
4054 4563
4563 3509
1100 2345
2345 170
1041 2764
2764 1202
130 4267
4267 607
3809 4281
4281 1637
546 3202
3202 535
625 3419
3419 721
2092 2387
2387 2509
3886 2953
2953 1096
480 368
368 3876
2275 3343
3343 3576
2093 1602
1602 833
3207 2550
2550 266
2465 1146
1146 3894
3087 2824
2824 2272
125 873
873 2977
184 4001
4001 3279
3246 3486
3486 2437
2025 1761
1761 3337
2379 4048
4048 969
3240 2567
2567 4390
610 684
684 384
4430 69
69 2659
3605 2596
2596 75
3427 3479
3479 4275
2508 1344
1344 3852
2029 954
954 1484
489 3896
3896 3262
3281 3354
3354 976
788 185
185 3358
1237 921
921 3338
192 602
602 4086
4441 2017
2017 973
2092 3488
3488 1187
2346 2288
2288 751
4323 1921
1921 3375
4323 4005
4005 1212
3776 1229
1229 3021
3998 1572
1572 1502
419 2076
2076 734
301 3954
3954 4502
1100 1588
1588 180
4429 4098
4098 3337
825 1308
1308 266
825 3575
3575 969
1528 1316
1316 3852
2974 3
3 1486
3822 129
129 1706
3483 24
24 4404
2936 4226
4226 3322
4342 740
740 3543
1239 2118
2118 223
4511 1003
1003 1388
3011 278
278 3659
2865 692
692 1090
978 3988
3988 385
3822 3598
3598 3399
2726 4266
4266 1084
1101 440
440 3676
3822 316
316 3135
3503 885
885 734
4511 1254
1254 4404
3235 3418
3418 2273
3523 2235
2235 1360
1011 1932
1932 2715
3502 263
263 3876
2974 4410
4410 4567
1460 2878
2878 3562
1757 659
659 1967
1528 145
145 2454
874 1686
1686 3428
4328 1760
1760 2631
788 4177
4177 605
3958 3497
3497 2954
3429 3663
3663 4185
1100 3269
3269 1099
4155 11
11 190
1868 3806
3806 2719
575 2676
2676 3043
3429 4099
4099 3773
1031 3365
3365 1578
3536 1261
1261 1055
1712 505
505 2715
797 1849
1849 1874
3483 2325
2325 2454
3527 2213
2213 349
4480 1601
1601 384
1307 3925
3925 772
4000 2602
2602 577
2686 4665
4665 1187
1576 3226
3226 3135
3754 3811
3811 144
474 1992
1992 3382
2000 1424
1424 4572
1519 3033
3033 2583
4342 3532
3532 3174
1071 4544
4544 4305
260 178
178 1049
4511 4535
4535 3519
683 767
767 2763
4356 2866
2866 3043
2865 3966
3966 1926
4117 424
424 2564
4486 2971
2971 231
2087 1509
1509 1813
4420 1720
1720 3431
3536 2002
2002 1866
1256 449
449 1897
3688 3227
3227 967
2029 233
233 1640
4054 3172
3172 2719
2349 3592
3592 3441
4000 3388
3388 3595
142 3247
3247 3299
3799 2994
2994 3029
1542 4555
4555 3558
720 2141
2141 3985
3246 134
134 1815
1101 4221
4221 2551
489 4282
4282 2564
4 3027
3027 944
1041 1522
1522 2299
153 4530
4530 2299
1833 4561
4561 2232
1806 3664
3664 3462
2936 1435
1435 3029
628 3341
3341 1589
1528 2374
2374 1009
3503 2692
2692 3345
4496 3588
3588 3531
1315 2149
2149 4390
45 2798
2798 3616
750 1125
1125 1057
1713 2099
2099 2564
2815 3086
3086 4297
3240 3714
3714 2189
2718 3370
3370 2977
3564 4579
4579 359
4486 351
351 3241
1559 12
12 268
2747 4479
4479 3545
1878 4541
4541 1048
4054 2942
2942 3894
2092 1401
1401 2125
1184 3001
3001 1405
843 4639
4639 3338
1184 1270
1270 1890
916 3514
3514 1436
3413 156
156 587
3572 4488
4488 4492
3946 956
956 3891
3886 1769
1769 3271
419 3128
3128 2395
247 2855
2855 3043
2133 3869
3869 4477
1576 405
405 4068
3832 3618
3618 1388
4480 3217
3217 1862
3351 3612
3612 2564
184 891
891 4427
874 2241
2241 3562
788 3738
3738 4254
2421 949
949 268
1031 58
58 3562
3223 1999
1999 3480
2271 4090
4090 4242
843 754
754 1271
2726 3040
3040 1064
2639 3951
3951 2659
3946 4432
4432 2273
4112 3109
3109 385
489 2640
2640 3674
750 4315
4315 385
1031 82
82 521
130 4630
4630 2233
3809 37
37 1550
3805 3303
3303 4111
610 1958
1958 1090
1169 846
846 124
3838 567
567 1941
2918 3897
3897 4232
2865 3841
3841 2631
2979 1332
1332 3682
4439 2568
2568 20
750 2007
2007 2737
1879 261
261 543
1713 4377
4377 2497
3563 912
912 928
3168 2085
2085 976
1059 4367
4367 1360
3321 1843
1843 3929
2056 1675
1675 2715
3838 2600
2600 1782
4451 2599
2599 3824
3427 70
70 3264
342 867
867 4589
45 761
761 947
920 3411
3411 4501
3281 3764
3764 4589
4528 2409
2409 20
1649 2260
2260 3375
2818 1623
1623 3535
3087 1102
1102 404
1053 4408
4408 1093
3958 3585
3585 1354
3946 2941
2941 2080
1909 4139
4139 1585
1559 339
339 3551
1315 3261
3261 2957
1446 2908
2908 976
2508 3836
3836 3677
2658 2783
2783 1706
2115 3911
3911 4390
489 16
16 4246
257 810
810 1501
3799 3899
3899 3916
3696 1379
1379 2737
3427 3424
3424 734
4174 609
609 183
416 2301
2301 922
2586 2713
2713 944
2056 620
620 3867
1595 3690
3690 710
4038 3391
3391 1064
241 472
472 3392
514 1116
1116 1866
1372 2601
2601 1941
474 2698
2698 4502
2476 4431
4431 1926
2586 3433
3433 1384
3223 762
762 680
2421 3230
3230 75
3207 13
13 1117
3799 4383
4383 2637
1879 1731
1731 1523
857 3803
3803 3183
1909 1036
1036 3595
1806 1421
1421 121
3456 4105
4105 268
1545 410
410 355
1542 4249
4249 3652
301 2934
2934 1103
3527 2005
2005 1283
1713 1265
1265 3573
2918 1823
1823 4617
886 1598
1598 4251
2974 1370
1370 1103
1719 443
443 3847
2762 4255
4255 944
1124 4619
4619 1090
1053 2147
2147 769
1159 1962
1962 1950
57 4280
4280 1076
3429 120
120 418
843 4381
4381 4206
1307 4448
4448 2299
3688 3297
3297 3043
342 492
492 451
2718 2059
2059 1578
1559 1954
1954 1076
1056 1660
1660 2490
2136 373
373 1637
17 2004
2004 1578
1142 101
101 170
1562 2052
2052 4085
2346 4388
4388 769
3223 164
164 3589
4323 4204
4204 4232
3500 3294
3294 4427
3523 2791
2791 2262
2120 988
988 4068
219 44
44 2782
4038 2537
2537 3279
3351 1189
1189 1263
3572 1867
1867 3929
4356 2981
2981 3847
2025 3288
3288 2319
1101 717
717 1540
1453 3970
3970 3652
1239 3464
3464 3262
2979 456
456 1853
488 3617
3617 1000
45 2653
2653 3543
1400 3678
3678 3876
2115 2132
2132 116
4342 47
47 4246
1256 3541
3541 1208
195 3591
3591 2561
3406 91
91 4514
547 4052
4052 1866
1559 4158
4158 1926
2067 510
510 2286
3026 1498
1498 1436
3523 3178
3178 535
3563 1803
1803 603
825 460
460 4572
4521 2086
2086 445
1184 2874
2874 1585
192 2806
2806 3573
392 4507
4507 1405
2476 3359
3359 187
3572 4504
4504 1619
2760 1768
1768 3901
3240 1964
1964 2715
1576 2361
2361 1090
2726 1956
1956 3929
1595 2330
2330 2932
4216 175
175 3462
1053 3268
3268 1093
342 4237
4237 96
1802 3657
3657 3650
4152 679
679 3824
2793 4003
4003 2879
2410 3114
3114 3867
978 280
280 3586
3563 427
427 2623
252 1901
1901 3867
1239 61
61 603
4021 2142
2142 3198
3321 4601
4601 4514
1712 1779
1779 1093
2067 792
792 180
160 3176
3176 183
200 4407
4407 1436
1595 1154
1154 3462
4216 2883
2883 3551
3822 3105
3105 2319
1100 1463
1463 1084
514 725
725 1561
1410 3994
3994 4404
3500 1876
1876 349
978 2138
2138 4662
894 323
323 2042
1878 1618
1618 74
3207 4337
4337 2081
4038 3469
3469 3057
916 2403
2403 4527
1519 391
391 4251
2721 2672
2672 4514
1410 4034
4034 4275
3013 1131
1131 652
4155 1799
1799 3659
1638 2175
2175 2782
3351 1628
1628 2788
4328 1722
1722 3467
3246 461
461 74
3340 770
770 1026
153 1386
1386 2879
4528 3724
3724 1552
1031 3631
3631 4656
2166 593
593 642
2093 1783
1783 3848
628 2560
2560 1000
3456 1228
1228 191
489 4452
4452 3414
4112 3330
3330 1640
3500 4248
4248 2437
1649 4363
4363 764
628 4091
4091 1809
920 2530
2530 3652
247 2929
2929 4135
1638 2785
2785 3818
1446 2155
2155 1505
2865 79
79 3576
2853 2197
2197 384
3284 430
430 3242
4418 4440
4440 3847
894 3933
3933 3535
2476 1030
1030 1961
1554 537
537 1561
45 590
590 3441
704 1430
1430 652
184 1447
1447 4116
3410 4031
4031 2294
4112 4628
4628 2957
3429 2709
2709 3902
2800 4138
4138 871
2793 819
819 1388
3502 1763
1763 2194
1184 3167
3167 3462
2765 554
554 3392
2853 2003
2003 4427
4165 1752
1752 1670
2726 631
631 4477
1245 3257
3257 4616
1372 3717
3717 1874
951 1357
1357 3467
4160 40
40 680
2718 3032
3032 576
2721 1577
1577 771
4441 636
636 1048
200 4046
4046 1615
4152 188
188 4093
1649 4423
4423 1961
3838 1842
1842 1521
4429 1015
1015 3214
3754 3275
3275 2402
1638 860
860 1187
4391 3843
3843 4085
3073 3046
3046 772
1878 2885
2885 3242
3536 1333
1333 385
4117 1593
1593 3586
1909 1172
1172 1872
920 2699
2699 607
1453 4278
4278 2013
2087 4478
4478 4176
365 1741
1741 3313
4038 870
870 4297
857 2816
2816 1646
3502 2364
2364 3590
3240 1215
1215 4514
1757 960
960 1484
2818 4340
4340 3467
683 1023
1023 2186
3763 3328
3328 3399
3246 14
14 289
3763 4009
4009 266
894 1531
1531 3645
2035 1829
1829 4567
1400 383
383 445
2133 3036
3036 739
1100 919
919 1177
3207 1325
1325 2637
3572 2745
2745 3551
4430 3310
3310 2402
3839 284
284 3423
142 2442
2442 1568
1528 3599
3599 3399
4216 664
664 4229
3572 3950
3950 225
4313 3654
3654 3480
2035 2423
2423 3773
2008 4199
4199 1561
3688 2160
2160 2509
1041 3982
3982 4115
1713 2511
2511 404
330 2578
2578 3012
2379 1700
1700 3531
236 1422
1422 4176
4342 1575
1575 1926
3406 2047
2047 3135
3013 3885
3885 3437
3223 1986
1986 451
2818 1445
1445 4305
1372 4223
4223 1026
260 2015
2015 543
488 2589
2589 4502
1169 3248
3248 2577
3073 335
335 4206
3273 2394
2394 1283
57 2224
2224 2368
1237 2218
2218 3796
514 3858
3858 3375
909 1112
1112 4206
2434 199
199 587
2718 1374
1374 4492
3267 3156
3156 1961
4152 1743
1743 1060
2133 2350
2350 1691
704 264
264 543
1159 291
291 3655
3026 3231
3231 3576
2092 4179
4179 577
825 1253
1253 3852
4439 3274
3274 2454
48 2422
2422 2257
1833 889
889 3586
2093 1310
1310 734
513 4636
4636 3710
2195 681
681 2145
1595 688
688 1619
2974 1500
1500 4206
2067 1846
1846 1961
2056 103
103 74
4412 1488
1488 3576
1638 140
140 3873
3776 1086
1086 1853
1315 809
809 96
4451 1644
1644 4662
1400 3266
3266 3470
2379 2651
2651 4242
3144 3314
3314 1619
4215 3903
3903 1950
200 4622
4622 1585
3474 1795
1795 445
3584 2352
2352 2145
978 1953
1953 3467
2630 3643
3643 3867
2658 3624
3624 4254
343 2089
2089 1271
3429 4571
4571 269
1275 2529
2529 1436
1713 3965
3965 3901
825 1793
1793 1360
3633 1087
1087 20
3273 4469
4469 230
1256 4664
4664 1009
1196 3528
3528 598
3235 3569
3569 451
902 853
853 2194
1151 2234
2234 359
57 2613
2613 3029
1111 1402
1402 1263
788 4385
4385 81
4283 2187
2187 2257
3696 524
524 1706
2056 1004
1004 71
3799 4443
4443 4557
920 2730
2730 771
2818 2696
2696 1427
392 1211
1211 3346
2087 780
780 2509
2410 2775
2775 2527
4486 25
25 1286
2760 1515
1515 355
3809 4167
4167 100
342 1994
1994 1360
2228 132
132 973
2349 4338
4338 3595
1833 2985
2985 445
2861 3704
3704 3337
48 4597
4597 576
1410 1699
1699 1815
4454 1920
1920 751
3474 2348
2348 2273
4328 2880
2880 2338
2815 2906
2906 3440
4420 2188
2188 603
704 931
931 947
3281 119
119 3198
1712 2648
2648 2145
343 2445
2445 947
2166 2369
2369 2437
2115 1199
1199 4229
3267 1892
1892 2326
3144 3699
3699 996
978 3546
3546 1208
3207 2124
2124 3228
2861 104
104 1060
3822 3318
3318 191
2136 1536
1536 4068
3267 756
756 180
2974 4522
4522 4115
1071 2834
2834 2353
1056 1979
1979 2368
2686 1220
1220 3150
1169 4172
4172 1350
3493 4062
4062 772
416 1777
1777 2081
3316 1916
1916 100
1159 4263
4263 2518
575 3561
3561 1547
3381 1417
1417 1436
184 1168
1168 3402
1011 3108
3108 1202
2793 4146
4146 2395
1806 4326
4326 3674
365 858
858 4662
2936 4190
4190 4193
130 2889
2889 4501
1909 4309
4309 3333
1031 3203
3203 3710
2936 4137
4137 3891
195 950
950 3174
1879 2757
2757 121
2476 3539
3539 4501
1059 835
835 2846
3754 1935
1935 1646
2025 1940
1940 1859
529 2514
2514 2715
1464 3155
3155 1501
3503 312
312 3183
4451 876
876 3333
1272 2766
2766 3241
4216 1164
1164 1271
4451 2754
2754 1890
2726 4368
4368 577
2865 3679
3679 1354
4496 1734
1734 4305
106 2417
2417 1540
1101 2082
2082 2737
4420 1088
1088 521
2476 1508
1508 2922
297 2050
2050 3796
3932 3817
3817 3239
1142 4261
4261 3338
3512 2495
2495 2659
184 798
798 144
4454 1740
1740 187
1203 2028
2028 1550
3235 3412
3412 3198
1245 3254
3254 3650
1130 868
868 3414
2865 3065
3065 944
4451 2781
2781 2145
3240 3415
3415 3519
3406 1342
1342 3241
3013 150
150 3929
3340 2536
2536 3440
1203 1694
1694 223
1695 3530
3530 3873
1554 4097
4097 389
3336 3874
3874 3242
416 1529
1529 3337
2092 4154
4154 3174
252 3061
3061 3379
2413 1557
1557 1872
2800 2308
2308 967
3340 1970
1970 2395
2718 4405
4405 3428
1151 9
9 2518
2133 2444
2444 3470
2228 836
836 223
3340 3602
3602 4205
3427 1567
1567 2922
1410 2587
2587 3029
4496 2670
2670 973
3572 3355
3355 1637
1757 1017
1017 3242
4439 2358
2358 4254
1460 4591
4591 1263
1464 774
774 1096
2093 3661
3661 1084
1806 2474
2474 2954
2708 4499
4499 525
4454 4059
4059 2926
881 3409
3409 4656
1169 942
942 2424
902 2075
2075 223
184 3213
3213 3519
558 3372
3372 2805
3946 4642
4642 3650
3483 1608
1608 2443
1576 1972
1972 583
2056 2784
2784 1501
4283 3028
3028 1260
3340 4269
4269 833
4430 1097
1097 2326
3932 3766
3766 1859
2762 2123
2123 3668
57 4471
4471 3848
3998 296
296 170
142 3115
3115 183
4155 3770
3770 3480
3123 287
287 2262
2726 890
890 2233
489 907
907 521
4342 3394
3394 1501
48 2538
2538 4616
3240 3943
3943 1547
546 2541
2541 96
2228 4450
4450 3264
1879 2825
2825 1009
1878 3775
3775 3677
3707 3895
3895 3852
1513 161
161 3414
750 2945
2945 2042
3406 112
112 1561
4429 1398
1398 2957
3013 1946
1946 266
142 1175
1175 4193
1041 675
675 2129
1519 3015
3015 2013
57 3252
3252 20
1428 2463
2463 2715
3340 1746
1746 3891
4165 2074
2074 2189
1203 1650
1650 3012
3284 630
630 3467
1142 1273
1273 1405
48 1837
1837 1286
3026 3093
3093 2353
3223 243
243 215
2508 2654
2654 577
2008 2812
2812 680
4000 1258
1258 1859
343 2746
2746 1271
4430 3237
3237 3960
206 3148
3148 124
2008 3609
3609 4232
3207 85
85 3668
2115 2265
2265 4297
4429 2276
2276 3519
1053 2098
2098 2805
3011 3405
3405 1809
3321 123
123 1637
558 1900
1900 320
1249 4393
4393 2281
4021 290
290 1897
1169 4310
4310 2194
3688 3018
3018 3902
153 2293
2293 3012
2067 118
118 652
1690 336
336 1384
241 667
667 3873
1559 487
487 1568
685 2710
2710 2497
610 732
732 3509
3410 3845
3845 2561
342 3460
3460 587
1272 3102
3102 1484
1868 3790
3790 1436
1041 2933
2933 2628
330 2204
2204 3682
2434 1957
1957 3262
3527 2201
2201 4557
3474 651
651 2145
4439 4425
4425 4653
3946 43
43 2520
1542 4264
4264 384
4081 3031
3031 2879
3223 2767
2767 2125
17 1981
1981 3978
4342 3195
3195 1076
260 412
412 3894
843 2876
2876 734
2762 938
938 2163
2092 635
635 359
4160 2153
2153 231
3003 4153
4153 3509
1878 1635
1635 1786
857 2485
2485 1049
1275 1770
1770 162
1151 2302
2302 755
3799 3149
3149 3725
184 2385
2385 110
3503 1468
1468 1691
3235 1022
1022 1026
546 1973
1973 1084
4328 693
693 2922
3536 1267
1267 2583
3584 3163
3163 1589
2136 4526
4526 418
2974 3730
3730 3379
2115 3084
3084 967
1879 3826
3826 3509
704 4194
4194 4655
3413 1908
1908 543
17 1701
1701 2391
3605 896
896 1782
2586 3808
3808 2832
920 327
327 3912
3822 4657
4657 1585
3246 822
822 2129
2120 3224
3224 3929
1203 248
248 1283
2166 4564
4564 389
1984 965
965 4111
192 1044
1044 3916
4283 3736
3736 2551
2465 2677
2677 3876
4486 1506
1506 3174
2815 3999
3999 4501
3572 556
556 652
407 4017
4017 4252
1203 649
649 3392
1735 3350
3350 3793
2844 1533
1533 4242
2639 4127
4127 2257
489 3813
3813 3793
4672 3380
3380 1271
2278 977
977 652
4439 2915
2915 3358
3754 3097
3097 976
3931 2902
2902 4638
4328 2030
2030 445
3776 4406
4406 2437
894 736
736 1486
4174 4596
4596 1859
1100 1739
1739 4116
3235 4392
4392 1283
236 3408
3408 1076
1031 678
678 739
2092 1592
1592 603
843 4594
4594 2927
1713 4262
4262 2013
4521 2627
2627 1523
489 273
273 521
3822 436
436 1589
3832 32
32 4185
529 3969
3969 3818
529 1563
1563 3902
2708 2620
2620 2154
4000 2761
2761 2454
3500 226
226 734
3832 267
267 2194
1196 3218
3218 4254
247 1108
1108 2145
3087 3211
3211 4458
1595 1729
1729 1090
2346 3875
3875 521
4521 3270
3270 1502
2453 3164
3164 3358
3240 452
452 2262
3527 821
821 3773
750 3653
3653 2468
1542 4606
4606 871
2228 612
612 2125
1811 4517
4517 1055
2853 2682
2682 1782
1446 2768
2768 3397
3799 4308
4308 1099
3284 211
211 1589
3763 2817
2817 1084
1984 3713
3713 4373
2721 3597
3597 2926
1315 1665
1665 3876
3964 4012
4012 3392
474 2835
2835 4527
3336 2398
2398 4252
1307 3384
3384 1897
2718 1785
1785 2013
206 2999
2999 3306
513 2071
2071 1813
3106 208
208 3441
3458 3786
3786 3558
2974 1771
1771 1859
192 2471
2471 3773
3958 3778
3778 654
1151 232
232 2186
2865 4014
4014 3383
4480 415
415 3873
2202 4493
4493 475
3240 2318
2318 3873
1690 1914
1914 3392
416 2161
2161 574
2092 4069
4069 180
4000 2331
2331 4068
2136 818
818 2607
3458 506
506 2443
3503 1936
1936 3021
4313 3006
3006 4373
683 4463
4463 1026
1576 601
601 1874
3336 2460
2460 1048
2793 1466
1466 3361
2092 1938
1938 1060
2918 3511
3511 3279
4480 561
561 2303
2818 3080
3080 2163
4486 2489
2489 752
797 1988
1988 116
1256 2547
2547 751
3340 1725
1725 2042
2844 31
31 771
3144 499
499 3407
1528 2588
2588 574
3267 1269
1269 2561
1833 279
279 4547
2453 706
706 116
4439 515
515 3402
3073 2329
2329 2186
902 2606
2606 772
2918 854
854 2490
1909 2267
2267 2527
2067 4626
4626 1670
474 468
468 3306
1315 4449
4449 1872
788 1604
1604 2564
297 4397
4397 281
2087 1499
1499 1859
1453 2084
2084 4527
4145 877
877 4242
1245 542
542 969
3240 1158
1158 1691
2686 2728
2728 3876
685 4551
4551 3551
4 1072
1072 543
2410 872
872 764
547 2636
2636 4115
1056 1918
1918 1585
3500 3719
3719 4458
2828 3515
3515 2232
3946 4317
4317 887
1130 111
111 583
2195 3420
3420 1096
2008 3134
3134 3902
685 102
102 4007
1100 4632
4632 577
2120 1733
1733 124
1868 3177
3177 3852
3073 1847
1847 384
1460 2898
2898 4193
2686 1605
1605 3655
3406 2860
2860 3652
474 3648
3648 3228
2815 707
707 3306
902 1329
1329 2189
3458 1141
1141 587
3776 1877
1877 1547
4155 1844
1844 764
1275 1192
1192 764
3932 1834
1834 4653
2721 1294
1294 755
3958 2159
2159 871
3776 2382
2382 3242
2029 2033
2033 1904
2586 3693
3693 764
1554 3834
3834 1640
2035 1759
1759 4655
3123 3002
3002 3867
2120 3236
3236 2509
3822 3630
3630 431
3429 2573
2573 2186
3413 341
341 1941
2979 423
423 1862
2586 1181
1181 2145
2087 2112
2112 3659
3207 1737
1737 191
2708 4462
4462 1084
2800 758
758 81
2379 3389
3389 1523
3413 1268
1268 2168
2271 2695
2695 162
3087 1968
1968 3407
874 3309
3309 4275
1245 1537
1537 3462
2844 2242
2242 2551
2747 1289
1289 3392
797 3756
3756 2294
2508 23
23 1961
3696 903
903 2081
3336 4126
4126 2879
3168 1404
1404 3558
2853 1395
1395 1706
130 89
89 2631
4496 3222
3222 1568
2800 3840
3840 3383
3964 2069
2069 3590
1811 2037
2037 2607
3140 2300
2300 3431
252 3700
3700 739
160 2943
2943 2294
4 2679
2679 4589
474 2016
2016 574
2815 2483
2483 2932
1124 3287
3287 2233
1695 1351
1351 3616
1595 4027
4027 4275
4160 1218
1218 4185
2708 2893
2893 2145
297 3944
3944 2922
1833 3243
3243 359
3429 214
214 2273
3763 594
594 2922
2166 338
338 3894
2067 4024
4024 1615
3123 4079
4079 4567
130 3490
3490 1584
2278 4307
4307 281
1169 2678
2678 2080
685 2962
2962 75
4528 1062
1062 418
1307 4436
4436 1486
160 3991
3991 1521
1576 2842
2842 2927
4454 528
528 3725
3351 572
572 4111
1735 262
262 2402
3267 2055
2055 4305
4454 2642
2642 3796
241 3173
3173 3057
2765 992
992 2623
3267 2685
2685 2145
2379 2119
2119 967
2980 2524
2524 3345
3799 715
715 3535
3998 3774
3774 3916
2686 3656
3656 2954
3998 794
794 403
474 3385
3385 2637
978 4291
4291 1813
2346 259
259 3773
330 3466
3466 2991
3584 1692
1692 1271
2465 4131
4131 1050
4412 1160
1160 2042
4160 1182
1182 2273
2434 2407
2407 1313
4496 2254
2254 1784
3633 4238
4238 2922
3351 608
608 2879
951 3059
3059 3619
2726 2744
2744 2490
978 4142
4142 4502
2228 1287
1287 4567
1984 362
362 3264
894 2439
2439 755
4356 2899
2899 1103
4 2100
2100 3589
3026 4082
4082 3271
3267 657
657 1084
1041 799
799 4477
206 4470
4470 451
628 3263
3263 3383
1307 2452
2452 3619
1031 1634
1634 3710
3207 3307
3307 4653
886 4103
4103 3214
1735 1089
1089 4413
797 1210
1210 121
1245 3782
3782 289
1059 1688
1688 3509
2056 4096
4096 1751
1595 930
930 3480
2630 417
417 75
610 1590
1590 4655
2195 3362
3362 2926
3503 2388
2388 4572
342 4053
4053 4246
1576 2722
2722 1584
192 3771
3771 2490
1256 3930
3930 2272
3822 2263
2263 4502
3456 2207
2207 1584
2815 2066
2066 1589
489 2431
2431 1103
1307 2237
2237 1540
625 1373
1373 576
4391 621
621 1263
750 4268
4268 1360
1984 4399
4399 3562
4283 1246
1246 2518
2434 1527
1527 121
4439 737
737 4502
1554 1539
1539 431
260 3265
3265 116
3144 3276
3276 3576
3799 4484
4484 144
1909 2121
2121 1187
3240 169
169 944
2115 4671
4671 2926
4511 4598
4598 4589
3605 453
453 2637
1833 591
591 2081
2133 850
850 2461
1151 3743
3743 1486
130 1328
1328 603
3822 3746
3746 1073
3998 1134
1134 603
1410 2608
2608 3279
2035 4129
4129 2518
1984 2436
2436 2454
1272 1730
1730 4093
480 1476
1476 2628
2974 3851
3851 384
4412 2907
2907 3652
1169 3737
3737 1000
3832 785
785 755
1811 4378
4378 1099
3452 2158
2158 2957
4081 4599
4599 1263
416 2704
2704 2081
2000 4259
4259 3333
1245 615
615 2232
2658 2868
2868 4205
3429 3139
3139 1505
2453 4602
4602 2497
3809 77
77 1049
3106 1039
1039 2932
330 4191
4191 2932
881 1123
1123 3876
2708 4352
4352 2715
3707 1320
1320 1103
513 2134
2134 3576
2818 3898
3898 3891
1960 4494
4494 41
4160 1891
1891 2081
2747 1355
1355 2299
3776 686
686 149
2166 1943
1943 543
4412 2735
2735 2080
1713 3396
3396 2281
3932 2061
2061 4492
1712 3088
3088 2454
1169 2491
2491 1384
4420 408
408 771
3273 1948
1948 2443
2861 3582
3582 3852
4152 549
549 1360
4418 2058
2058 187
881 459
459 4373
2025 1163
1163 2168
1528 2464
2464 4390
2476 372
372 2719
2035 934
934 190
106 1569
1569 2125
2800 3280
3280 3824
1595 4276
4276 3021
3456 4219
4219 66
3340 1166
1166 1751
2815 1656
1656 1640
1275 1432
1432 289
1275 1126
1126 4492
1909 3143
3143 3543
2747 2328
2328 3441
3500 1085
1085 3262
1562 3075
3075 1090
4117 2011
2011 223
2202 3076
3076 41
4420 668
668 1751
3832 1452
1452 1874
2815 38
38 4614
130 1989
1989 4567
4418 4032
4032 3551
4528 3055
3055 2319
2861 3729
3729 603
2093 3374
3374 4185
4155 347
347 4116
3073 2513
2513 739
3235 4576
4576 2490
3144 3731
3731 4185
4152 1745
1745 2461
3633 1178
1178 3668
206 3138
3138 359
3688 1248
1248 475
2465 2683
2683 4298
4323 1043
1043 1942
3429 1912
1912 3241
1184 862
862 4085
3336 1871
1871 2687
2974 3670
3670 4252
142 1144
1144 266
1464 568
568 190
920 2448
2448 1561
153 2432
2432 2805
2793 4080
4080 3545
1071 1147
1147 2832
3316 36
36 4501
4391 1095
1095 2154
3168 2924
2924 4193
4054 3948
3948 3798
2092 4240
4240 4390
3500 1393
1393 1283
4054 4552
4552 4572
575 3147
3147 1225
697 2850
2850 1751
4152 250
250 652
2056 1696
1696 359
3931 3430
3430 1096
247 2813
2813 4205
1649 1718
1718 3382
2035 2689
2689 2326
2815 4057
4057 3916
1142 560
560 1942
3381 4011
4011 4007
1410 432
432 4514
3832 1425
1425 1360
4174 3229
3229 3441
48 4277
4277 4572
1806 2335
2335 3891
3267 1532
1532 2338
1031 3395
3395 3543
2087 4170
4170 4297
1460 482
482 451
750 864
864 116
2278 2383
2383 4656
2686 2068
2068 3397
4342 3302
3302 2607
1059 2282
2282 3847
1460 4553
4553 535
1595 2018
2018 4502
546 2339
2339 2391
1464 4581
4581 289
1905 4464
4464 4502
200 2171
2171 1064
513 1234
1234 1212
4112 848
848 96
3822 2510
2510 1502
514 4186
4186 3916
4486 985
985 3595
797 2751
2751 4502
2844 2200
2200 1187
3336 565
565 384
4420 3376
3376 3545
48 1945
1945 1064
3799 4643
4643 4229
3536 1581
1581 4254
142 3666
3666 1866
247 4074
4074 3676
2639 4210
4210 3725
3073 1157
1157 4369
2508 353
353 4547
4511 4583
4583 3796
3246 437
437 642
1542 4651
4651 607
843 2
2 3271
3144 3432
3432 2273
1833 1571
1571 1584
1879 2702
2702 3021
4000 346
346 2886
2818 1630
1630 96
2822 1609
1609 2922
2760 650
650 2454
1811 2440
2440 2257
3336 3610
3610 3358
1184 2021
2021 1360
1400 840
840 231
2029 1407
1407 4514
130 2484
2484 1904
1562 2034
2034 2659
3998 1449
1449 772
2861 76
76 1904
1528 3928
3928 603
2413 729
729 1060
1638 88
88 404
4021 3604
3604 2763
2639 2661
2661 3029
4391 1219
1219 3590
2421 3499
3499 680
1464 3752
3752 1961
1595 3103
3103 1350
843 1546
1546 3150
1562 4623
4623 2194
2718 2748
2748 3645
2421 1808
1808 359
2800 2031
2031 680
2025 2827
2827 3902
125 2010
2010 3174
3336 806
806 969
978 878
878 4652
1519 409
409 418
2721 2904
2904 772
2465 218
218 4205
3688 2377
2377 2575
4496 1094
1094 751
1151 3915
3915 2168
2815 1038
1038 2163
4112 653
653 1961
2630 1377
1377 3773
4454 3083
3083 3322
2035 1697
1697 4458
3805 98
98 1388
2630 3740
3740 3239
3427 1924
1924 1055
1868 1855
1855 4297
3633 4603
4603 4656
1909 2610
2610 4185
857 396
396 1283
3235 974
974 1589
750 4411
4411 1615
3168 3518
3518 603
1041 4065
4065 3397
3932 4661
4661 2583
4216 3627
3627 1202
2800 2327
2327 1646
4117 4316
4316 576
1196 4239
4239 1225
48 2363
2363 3239
1446 2185
2185 3543
3483 1396
1396 1691
2275 3744
3744 3021
2195 2499
2499 3551
4418 3366
3366 2927
2793 376
376 1271
3474 2734
2734 996
3003 26
26 1212
1513 1889
1889 1486
1053 1061
1061 144
2630 2543
2543 2281
4486 3182
3182 4662
2275 1607
1607 2782
547 866
866 3873
886 3300
3300 1096
342 2165
2165 3543
3886 3014
3014 2194
1878 2102
2102 1942
2092 1852
1852 2659
3011 1835
1835 969
750 3295
3295 3531
3246 177
177 100
1554 4198
4198 2551
2708 1122
1122 2420
3427 1408
1408 4305
547 968
968 833
3073 682
682 4298
3932 4035
4035 973
3340 3100
3100 3894
2658 3712
3712 2186
1802 1633
1633 576
1464 307
307 4297
1203 4159
4159 41
1041 3305
3305 1619
3564 3825
3825 1505
1879 1341
1341 3873
1275 1728
1728 3428
2853 64
64 772
1446 2451
2451 1640
1960 3579
3579 1786
1159 632
632 269
514 1886
1886 2583
1984 2487
2487 71
4215 2306
2306 2628
1272 2690
2690 225
2844 3622
3622 1084
2726 2167
2167 4085
4152 2626
2626 2623
3688 3349
3349 3183
1802 3767
3767 1060
3776 3371
3371 3848
2861 3007
3007 1093
3964 4320
4320 833
3026 10
10 1202
1410 3047
3047 2932
1056 1255
1255 3852
886 941
941 187
1249 3909
3909 4501
4216 2526
2526 3589
3413 1807
1807 2719
3413 3849
3849 2189
2815 2727
2727 3847
514 1915
1915 281
3563 3476
3476 384
474 448
448 3306
4073 3315
3315 772
2708 2054
2054 2424
206 399
399 3214
4 4674
4674 75
2979 3804
3804 3399
2686 2743
2743 2154
206 3421
3421 1350
2844 519
519 1866
365 613
613 2623
1410 2819
2819 2623
1806 1681
1681 180
4391 1450
1450 710
4486 1629
1629 3397
2747 676
676 4514
1690 2622
2622 4662
1056 2332
2332 3299
1695 2500
2500 3491
4420 4149
4149 1646
1159 224
224 3198
2009 4208
4208 3710
1595 1016
1016 3551
2828 2938
2938 4572
1905 3772
3772 3345
857 4220
4220 3228
4445 3890
3890 1874
2087 4468
4468 3867
529 4654
4654 268
843 4292
4292 1427
1690 3936
3936 967
1272 2079
2079 603
252 2441
2441 973
3123 4008
4008 3590
625 1365
1365 231
153 4228
4228 1050
2410 2649
2649 281
1712 3238
3238 3470
825 962
962 4404
2133 1385
1385 3659
4454 3494
3494 2623
3026 2455
2455 1853
1053 286
286 1501
3351 3972
3972 2125
3932 3283
3283 3985
2936 370
370 2168
4216 1135
1135 116
3429 4549
4549 652
3427 671
671 431
1031 4241
4241 2520
1031 4041
4041 2518
1169 964
964 3337
2067 2174
2174 1103
1056 3914
3914 1009
297 4006
4006 1813
529 395
395 4086
1690 3607
3607 2922
1100 3400
3400 289
514 3807
3807 1050
4328 4348
4348 1050
1960 3996
3996 3655
902 3208
3208 1561
4412 2247
2247 1350
3235 1490
1490 2081
2828 2770
2770 418
2918 690
690 1853
3267 311
311 100
1372 2347
2347 1117
4117 839
839 1866
1101 1669
1669 4589
1249 221
221 2262
2025 2992
2992 3978
2630 3367
3367 3562
241 2780
2780 3333
1315 1597
1597 3135
3410 3325
3325 404
529 689
689 603
3106 92
92 1859
1372 3209
3209 3894
2025 2191
2191 2257
2630 1658
1658 1874
3474 883
883 230
3235 2872
2872 4232
3316 2193
2193 2262
1713 1680
1680 1547
3321 1349
1349 2168
3523 2557
2557 3616
2000 1176
1176 3674
1595 3587
3587 587
4328 1738
1738 2832
343 3963
3963 2233
1428 426
426 4116
2025 3035
3035 3337
4021 845
845 3589
4000 1887
1887 3595
3321 802
802 2272
2815 4192
4192 4298
1124 3667
3667 2368
1528 2285
2285 1436
825 980
980 1026
2009 3304
3304 3634
4521 113
113 4458
1275 1995
1995 3428
200 3540
3540 2042
2009 3923
3923 3891
857 3758
3758 1751
2008 1209
1209 4229
130 586
586 3338
683 4339
4339 871
3240 4279
4279 4572
1184 647
647 2257
4081 2359
2359 3437
407 179
179 4373
3776 2787
2787 3333
4521 2988
2988 1615
3754 3290
3290 1405
797 318
318 3519
4480 1624
1624 418
1811 1636
1636 170
4160 3498
3498 2583
2115 1917
1917 4501
1011 94
94 3586
4038 238
238 289
916 2020
2020 1049
683 4296
4296 1187
1184 1149
1149 1961
2508 2435
2435 603
1460 629
629 3021
4038 4157
4157 2232
3452 2261
2261 3668
2465 322
322 2518
4038 580
580 521
1256 1013
1013 170
610 2940
2940 2129
3763 3961
3961 3241
2087 2459
2459 2232
252 4130
4130 4390
3696 2671
2671 2154
1542 3853
3853 3407
2275 699
699 1904
2726 2740
2740 1096
419 4293
4293 1117
1878 3193
3193 1866
252 4546
4546 1064
978 1906
1906 2607
3502 34
34 752
3456 787
787 3978
2844 2739
2739 3174
3688 3485
3485 1897
843 723
723 607
195 504
504 605
2865 173
173 320
1272 803
803 3346
365 3438
3438 1786
1372 1224
1224 1501
3688 4256
4256 3012
3707 479
479 54
2115 4490
4490 71
1713 3212
3212 159
1811 4312
4312 973
1735 3085
3085 215
857 1709
1709 384
2413 3453
3453 587
2760 4509
4509 1057
2115 2969
2969 1619
4584 1997
1997 2957
2861 4347
4347 598
3564 1217
1217 4638
1184 2064
2064 4373
2278 1347
1347 710
4174 1331
1331 3901
1984 2479
2479 1640
474 795
795 4252
2025 1387
1387 1859
3073 2863
2863 1050
342 2983
2983 2688
1239 4143
4143 576
3452 3905
3905 2637
3410 3734
3734 349
1053 398
398 4093
4521 4670
4670 1427
3168 895
895 2232
4486 3451
3451 1904
4216 4166
4166 2719
1453 1156
1156 2319
2747 2935
2935 3358
4283 400
400 3183
2008 1161
1161 3431
3809 3387
3387 3346
1878 1414
1414 159
1256 141
141 75
1203 618
618 2518
2202 3038
3038 3722
4174 438
438 4458
1142 3613
3613 2518
704 1106
1106 1271
3336 1952
1952 2509
3381 4590
4590 4193
342 3967
3967 2326
419 4106
4106 3392
2195 345
345 4251
130 4498
4498 3876
1307 3741
3741 4206
1237 1162
1162 3174
1203 19
19 1967
4489 2297
2297 1897
704 285
285 3379
160 1659
1659 1942
3123 1884
1884 2303
1695 3070
3070 3873
4496 2156
2156 2163
978 1910
1910 3586
720 1894
1894 1093
257 495
495 1057
419 2110
2110 3225
4418 1707
1707 967
857 2944
2944 2805
1559 1717
1717 751
4429 4349
4349 2402
3809 3621
3621 813
881 746
746 3346
4112 228
228 4492
3013 3759
3759 1550
2093 2811
2811 1388
2093 765
765 2715
874 3393
3393 3225
392 4196
4196 1187
909 2180
2180 4572
2115 4346
4346 4298
4155 1812
1812 1786
3410 3398
3398 4653
3381 551
551 1784
2658 4667
4667 2353
480 1756
1756 3470
3564 1138
1138 2991
1562 4520
4520 2129
1100 3749
3749 752
2508 2776
2776 752
1595 3312
3312 451
488 4064
4064 1809
3207 3122
3122 2846
2136 1599
1599 4662
825 255
255 4254
247 1296
1296 1670
4430 1591
1591 607
200 2152
2152 2631
2630 2638
2638 389
4496 249
249 1866
3932 3074
3074 1585
3564 4302
4302 3573
625 1266
1266 3174
1559 2905
2905 4616
685 1366
1366 1484
2476 1459
1459 4617
1562 1251
1251 2577
206 1078
1078 2042
2765 711
711 3480
3442 4527
1719 2984
2984 1505
2136 1861
1861 1751
4174 1765
1765 3198
2762 2469
2469 996
192 562
562 2454
2120 1368
1368 3402
2800 4087
4087 3818
1111 604
604 385
1041 763
763 3894
3809 3926
3926 1502
2279 3107
3107 149
1011 1206
1206 2631
4117 879
879 2368
4521 2503
2503 2564
3003 1345
1345 1000
4054 1152
1152 543
2278 4114
4114 2607
3429 3298
3298 289
2639 3802
3802 2081
625 691
691 922
514 4325
4325 223
142 4209
4209 2013
2586 3614
3614 1751
142 2961
2961 2846
3452 4100
4100 445
3946 3179
3179 3519
1811 2280
2280 4557
195 1685
1685 3616
4489 1790
1790 3428
130 2779
2779 3509
1719 3779
3779 180
4165 2533
2533 525
697 4354
4354 1263
130 3726
3726 4251
874 915
915 1540
951 51
51 1064
4480 3454
3454 2927
894 1544
1544 2257
3754 2646
2646 268
2760 1058
1058 4193
3998 2852
2852 1523
3246 2888
2888 3470
153 171
171 4656
2822 2741
2741 1502
1272 4631
4631 3824
3839 3708
3708 3392
3140 4025
4025 3891
1453 1133
1133 721
1554 1512
1512 947
2936 1951
1951 2957
184 4461
4461 2145
4430 1841
1841 190
610 465
465 2461
1757 2446
2446 769
1879 1822
1822 2319
1464 2274
2274 2303
365 3636
3636 3818
843 1933
1933 1505
2025 837
837 1405
489 3706
3706 4617
3563 2051
2051 2163
297 2697
2697 605
720 4108
4108 4232
1245 1290
1290 652
750 1442
1442 1809
2465 1311
1311 3397
1806 2151
2151 404
1802 1705
1705 3659
1011 4332
4332 3130
1576 971
971 431
206 2675
2675 1637
2726 1443
1443 1263
219 3833
3833 4111
1130 4580
4580 4653
683 705
705 475
2974 1304
1304 1706
1249 801
801 721
788 2919
2919 2954
1519 155
155 4135
392 937
937 3867
3413 3117
3117 1941
343 4066
4066 4662
1713 1491
1491 3901
1428 674
674 1502
2379 3181
3181 4275
1879 4570
4570 2832
200 518
518 1706
3406 2809
2809 2163
260 3577
3577 4229
1513 1775
1775 3299
547 3537
3537 2145
1735 3760
3760 1212
2762 544
544 1187
1256 1965
1965 2977
1428 3200
3200 3891
2465 1507
1507 1502
160 3145
3145 4492
1059 3974
3974 4246
3474 766
766 3467
4496 1791
1791 574
1428 1109
1109 1350
514 880
880 3428
1460 3559
3559 3399
1638 958
958 3876
2056 3259
3259 1813
3073 1792
1792 3573
4174 2012
2012 403
546 3461
3461 3519
2009 1188
1188 587
3799 3507
3507 3057
4160 1882
1882 813
3316 3703
3703 947
1059 4351
4351 887
125 1339
1339 1117
3003 1005
1005 3558
2434 3030
3030 2518
1811 2450
2450 431
1519 2386
2386 1263
1542 1825
1825 3379
3003 2456
2456 535
1101 1250
1250 3264
1124 2438
2438 3645
4054 469
469 3674
4391 1975
1975 4527
1528 2062
2062 574
3886 348
348 451
3503 2140
2140 3722
2349 4529
4529 1706
4160 986
986 3873
3406 759
759 3535
3809 1381
1381 3012
610 4588
4588 3978
558 2217
2217 2782
2228 1678
1678 320
2586 3063
3063 2659
3998 139
139 3519
2936 2823
2823 268
2092 1626
1626 2688
2278 4433
4433 680
3964 2778
2778 3824
3273 1136
1136 1354
2093 987
987 2257
558 2732
2732 475
3493 1171
1171 445
3381 2540
2540 3333
1695 1295
1295 1751
330 1326
1326 2716
3413 3780
3780 996
3011 1535
1535 170
1184 485
485 4251
4054 2771
2771 269
3073 1625
1625 1060
3456 2912
2912 3441
407 2597
2597 583
2815 4556
4556 4229
2056 1848
1848 1117
3381 1840
1840 1859
4117 4200
4200 231
1249 2196
2196 180
2721 1297
1297 772
2275 406
406 577
1735 638
638 2303
1868 2480
2480 755
2800 945
945 3470
3838 913
913 1941
4081 3669
3669 1090
4174 253
253 2954
1513 4303
4303 3440
3026 540
540 3383
1011 1104
1104 3590
3267 2821
2821 2805
1315 2684
2684 3198
1053 2604
2604 3012
1453 932
932 3428
2009 73
73 4653
3123 1631
1631 20
902 3129
3129 3543
628 1318
1318 3379
2815 2063
2063 2294
241 571
571 1026
874 1091
1091 3379
2508 4582
4582 3773
4430 4675
4675 2755
1453 1356
1356 3916
697 2246
2246 3271
2800 2122
2122 3682
4486 471
471 1055
1307 1863
1863 1926
610 2652
2652 3676
547 2997
2997 4617
3140 1214
1214 603
4112 2309
2309 4246
2822 2337
2337 3722
2279 2130
2130 1501
236 2603
2603 1862
2136 2229
2229 3437
419 1035
1035 1706
2760 209
209 445
4496 2667
2667 2509
951 1454
1454 1784
3564 3201
3201 1484
1041 2317
2317 3441
4412 4245
4245 755
236 3983
3983 2294
2087 1380
1380 2719
1905 3644
3644 3174
3839 4398
4398 1552
3838 381
381 1055
257 1923
1923 2551
206 3253
3253 4254
3605 217
217 1177
2828 4181
4181 2926
3809 3056
3056 2303
3832 4207
4207 2303
1453 2190
2190 3241
2974 2562
2562 521
4342 4435
4435 3437
3273 3920
3920 1484
825 205
205 3407
2844 538
538 3057
920 115
115 3873
1559 1689
1689 3798
153 3151
3151 81
3026 4421
4421 183
3458 1244
1244 813
1130 3727
3727 2954
1410 4640
4640 2294
1071 695
695 3361
2476 2049
2049 2042
4117 2523
2523 1904
3267 425
425 1049
1203 982
982 1436
3207 4319
4319 268
2721 984
984 223
1249 2475
2475 1615
1031 4095
4095 3361
3763 3521
3521 3431
1056 4437
4437 187
3413 158
158 1263
1879 1335
1335 4404
1410 2298
2298 3383
874 222
222 1073
2271 325
325 4557
2760 2558
2558 3375
1239 2305
2305 3225
2056 464
464 1691
4454 2019
2019 1853
3106 1312
1312 4589
3456 4327
4327 187
4511 2937
2937 170
2009 1676
1676 2186
4021 3568
3568 1942
2800 314
314 110
3427 3492
3492 680
184 1079
1079 3562
4412 4627
4627 4085
1802 929
929 4514
2980 3750
3750 2846
2279 1977
1977 349
4486 4037
4037 3509
4672 4128
4128 2954
1909 2428
2428 2832
514 3570
3570 2564
3281 157
157 887
3605 1755
1755 2262
4584 2826
2826 4254
3456 1231
1231 4492
2008 1801
1801 1941
4038 4122
4122 191
160 1830
1830 3562
3763 815
815 3668
4441 1198
1198 3912
3429 1037
1037 2564
3281 2113
2113 2991
2718 2570
2570 1263
2421 3017
3017 190
2434 3658
3658 3383
1124 428
428 4229
3932 2073
2073 1117
3958 357
357 3383
1757 728
728 3659
1203 2738
2738 4572
2918 4644
4644 3345
4441 2662
2662 576
4038 1077
1077 2272
3281 1477
1477 3491
4391 1985
1985 2932
3340 379
379 2637
4155 1726
1726 1691
2228 2896
2896 4653
4145 60
60 3876
514 3204
3204 4298
1237 2634
2634 4427
2453 4428
4428 4086
4511 904
904 607
4000 713
713 3978
1513 3401
3401 922
558 1439
1439 3619
1713 135
135 54
2762 1114
1114 4390
2853 1996
1996 3414
3958 2891
2891 170
3168 3197
3197 1890
142 1767
1767 3645
1446 457
457 2583
1713 3556
3556 1048
1275 4183
4183 3462
4021 4374
4374 2338
3273 1714
1714 3043
2035 3792
3792 3431
1275 1383
1383 2719
2228 3079
3079 359
2421 3783
3783 144
407 3831
3831 289
3932 2295
2295 4085
1909 1684
1684 1670
2747 3977
3977 2395
2008 719
719 813
4412 2789
2789 521
3958 340
340 4007
3502 4585
4585 4275
2586 350
350 3322
1960 1139
1139 3383
3011 4033
4033 3306
2410 4195
4195 764
407 1661
1661 3399
1124 953
953 3589
3429 3947
3947 4007
3964 2039
2039 1568
916 2222
2222 3428
4328 3694
3694 642
4155 4578
4578 4232
4081 2803
2803 269
4521 4634
4634 1751
2056 1820
1820 180
2279 2559
2559 1384
419 2040
2040 4086
4328 4669
4669 1691
1802 3489
3489 190
916 4211
4211 1427
3832 829
829 1585
192 4273
4273 1585
3087 2426
2426 1637
697 304
304 4589
558 1880
1880 359
3707 1864
1864 3313
2508 4513
4513 3313
330 3940
3940 1050
301 204
204 4502
916 2615
2615 451
3144 1497
1497 3423
45 3980
3980 191
3584 4133
4133 4653
2136 3606
3606 3848
2844 3797
3797 2832
1713 1140
1140 418
1879 299
299 2281
301 3552
3552 1405
1372 3501
3501 266
4412 4028
4028 642
257 2534
2534 1000
1464 3048
3048 3225
750 1896
1896 2338
3493 3574
3574 3519
3011 2707
2707 2490
1464 741
741 2927
843 4543
4543 1384
2793 1857
1857 4390
3273 1677
1677 2518
160 1461
1461 1064
2465 4234
4234 1212
1307 1105
1105 191
4145 52
52 654
184 2773
2773 4116
4174 1369
1369 66
2800 1664
1664 680
3707 1132
1132 3012
2346 520
520 41
4672 3034
3034 3902
558 4083
4083 577
1410 3553
3553 1874
3696 3641
3641 1384
1142 1710
1710 116
1868 1426
1426 4093
1239 3060
3060 1286
3931 3206
3206 2782
1984 4043
4043 1890
206 1173
1173 3586
3483 1472
1472 739
3483 2078
2078 587
1071 3955
3955 2637
874 295
295 3912
219 3251
3251 1782
4521 2848
2848 191
297 4426
4426 320
153 1008
1008 3183
1245 272
272 3773
1053 3329
3329 1751
3003 3455
3455 4086
2721 1482
1482 1578
2586 897
897 583
4073 3888
3888 1784
4454 4227
4227 3573
1237 1530
1530 1388
3688 1247
1247 3894
1101 2851
2851 543
2974 552
552 66
4521 4401
4401 1286
3633 1789
1789 1057
1638 882
882 1890
2721 4050
4050 3241
365 4002
4002 2551
252 1645
1645 2338
2349 3071
3071 403
2861 1538
1538 3242
3605 917
917 710
4489 3016
3016 598
3267 1007
1007 1568
2195 293
293 1941
1638 1473
1473 475
1719 1423
1423 2443
2853 2157
2157 2125
3106 2244
2244 3333
2166 3623
3623 3239
142 2968
2968 1350
3452 3723
3723 1640
2853 3334
3334 2461
474 1467
1467 3198
2818 2220
2220 1568
2120 2283
2283 1786
4021 2967
2967 445
3563 3513
3513 3634
1011 2320
2320 3650
2726 2871
2871 3174
4215 1931
1931 4527
2035 3629
3629 4617
153 2995
2995 2527
3381 1652
1652 2782
513 3127
3127 4206
978 779
779 404
2067 1845
1845 1615
342 2769
2769 4111
241 80
80 1103
488 3210
3210 1260
2195 1052
1052 3271
343 1252
1252 180
260 1469
1469 2338
1562 2802
2802 4252
4165 49
49 1589
3563 1715
1715 144
3406 4446
4446 2420
2793 4247
4247 976
1256 3937
3937 543
2726 3169
3169 4373
3281 3192
3192 3358
2413 3522
3522 2420
3838 1907
1907 66
4081 4092
4092 183
683 3010
3010 3876
474 863
863 231
3839 3170
3170 116
909 3906
3906 4185
3763 4258
4258 1263
2008 1471
1471 3616
4155 3934
3934 20
3267 3639
3639 2788
3026 3859
3859 3543
2918 3785
3785 1561
3026 4481
4481 2294
4328 4214
4214 3645
4152 2277
2277 1436
3572 2960
2960 475
2800 4536
4536 2926
3838 2711
2711 3796
2844 3753
3753 2716
2586 3959
3959 3519
4521 3810
3810 654
1245 4104
4104 3891
2708 65
65 2497
3321 4414
4414 4115
2009 2105
2105 4616
3207 970
970 947
1905 541
541 973
788 3078
3078 2879
1649 2211
2211 269
3605 402
402 2886
3838 3675
3675 3543
558 109
109 2461
2476 4456
4456 20
2278 502
502 389
3458 2923
2923 2272
3605 2127
2127 2257
1595 2986
2986 1874
3563 1170
1170 2233
301 1622
1622 2716
2349 2845
2845 1057
4511 2404
2404 1670
1410 210
210 4492
1196 4434
4434 4501
474 4465
4465 3847
1695 579
579 3198
17 1869
1869 4572
2586 975
975 4572
1528 1418
1418 4135
3474 847
847 3407
3805 375
375 2509
4328 1883
1883 969
342 1944
1944 535
1513 1025
1025 2273
3140 3282
3282 2832
3964 4574
4574 887
2346 3095
3095 110
4000 1990
1990 3322
2228 3449
3449 4007
4391 2048
2048 3545
184 3962
3962 2490
3483 1352
1352 3824
1545 298
298 2628
4165 1193
1193 769
2349 240
240 183
2202 701
701 1640
1446 196
196 41
1245 4438
4438 1961
720 1279
1279 2286
3321 2425
2425 355
219 1054
1054 1862
3073 899
899 2782
2271 856
856 1405
3502 2357
2357 4458
2630 824
824 1271
3839 2467
2467 3531
1151 4120
4120 389
2275 1489
1489 3399
4342 2238
2238 1360
894 3185
3185 752
3026 3801
3801 2879
474 2367
2367 2272
4480 4058
4058 680
575 3702
3702 4135
529 2605
2605 81
704 2392
2392 3876
3688 2913
2913 4369
2166 4333
4333 162
3763 1814
1814 2497
1041 3887
3887 1049
3474 3892
3892 4501
843 3256
3256 3306
1576 4362
4362 2782
297 3814
3814 1026
200 4010
4010 4275
894 2397
2397 4653
3799 2617
2617 4616
788 614
614 3616
480 3755
3755 1897
2008 566
566 3929
4054 1610
1610 1000
3003 776
776 2081
3523 708
708 2490
1757 3989
3989 3519
45 3050
3050 1866
1545 2542
2542 1501
3946 366
366 3279
1519 4676
4676 4297
3381 1440
1440 755
3427 3638
3638 3645
3763 578
578 2763
17 2203
2203 764
3707 245
245 1486
3429 282
282 1521
3267 2990
2990 3616
1878 3184
3184 1890
2853 744
744 2927
1053 3465
3465 2338
257 3439
3439 1354
3838 2982
2982 1501
546 4402
4402 1813
3500 3600
3600 4298
881 1639
1639 2145
978 2920
2920 4185
4174 497
497 225
788 401
401 1405
1245 733
733 755
1719 28
28 3135
3406 3331
3331 3423
3964 1364
1364 2395
902 1465
1465 4617
1719 637
637 710
4430 3233
3233 1523
3456 1081
1081 521
236 1238
1238 384
1249 2090
2090 1859
4391 2673
2673 3725
2508 2341
2341 3399
1719 3837
3837 871
4283 1805
1805 2832
2275 1029
1029 1615
4073 4168
4168 445
195 4071
4071 3873
2760 227
227 3847
3483 3175
3175 1751
909 1277
1277 2437
4496 371
371 3242
4454 3871
3871 1640
2136 2249
2249 3818
1307 694
694 2395
2228 3478
3478 3545
1649 3045
3045 4297
1169 3877
3877 969
3235 3672
3672 3402
4412 246
246 4093
547 3761
3761 2755
2008 2594
2594 2281
2056 3506
3506 3225
2133 3495
3495 2564
3011 1617
1617 1177
3144 4271
4271 3894
3932 360
360 162
797 855
855 3558
195 35
35 3824
2202 2731
2731 598
3502 3883
3883 4638
1151 1651
1651 4246
1059 1611
1611 4093
1041 2227
2227 3322
1545 2507
2507 100
365 2312
2312 3616
1159 309
309 1667
3500 523
523 2294
3406 29
29 1208
894 317
317 1073
2133 3215
3215 1786
416 3066
3066 2763
4112 2321
2321 3428
1905 2430
2430 1049
2508 127
127 1000
2202 595
595 2402
3500 669
669 3847
3964 2897
2897 2659
2793 387
387 3929
1464 3580
3580 404
4486 1504
1504 3279
2346 2057
2057 3383
4155 2794
2794 1866
920 7
7 3894
488 2951
2951 2719
4356 3862
3862 1117
3931 1766
1766 3043
3503 2258
2258 1670
3809 2027
2027 2782
3073 4051
4051 2420
909 2595
2595 20
2228 1928
1928 4193
3267 2146
2146 3021
916 2928
2928 525
3410 2592
2592 2338
3633 1551
1551 944
1695 1148
1148 1540
547 3757
3757 2395
3223 1240
1240 3867
4 2795
2795 231
2434 3984
3984 3299
4391 3976
3976 1584
4000 910
910 3306
2708 4022
4022 3676
514 3720
3720 4617
2658 1582
1582 3725
257 50
50 3225
1256 3339
3339 2977
2936 3019
3019 2583
2421 1429
1429 3545
1239 95
95 574
1071 3220
3220 2687
4216 1278
1278 813
3958 2858
2858 3428
625 3866
3866 289
4420 2820
2820 1926
1690 2959
2959 2805
330 1301
1301 2922
4323 2083
2083 1084
4313 2758
2758 654
488 624
624 2991
529 533
533 1073
3763 666
666 4614
4054 4030
4030 20
2025 1127
1127 1691
788 1616
1616 3659
2275 3517
3517 1099
419 352
352 1585
1464 1643
1643 2080
3452 1747
1747 2788
3284 4647
4647 3279
1428 4101
4101 2607
474 796
796 170
2765 1481
1481 2490
4160 1353
1353 928
1460 2857
2857 4427
1100 3945
3945 2788
48 2117
2117 1076
1111 712
712 269
3932 4666
4666 4492
1428 4386
4386 355
4081 1403
1403 3345
1909 3788
3788 3382
4430 2164
2164 4638
2586 176
176 4662
45 1850
1850 3242
4160 1939
1939 281
3483 1324
1324 3198
4117 1976
1976 2922
575 3686
3686 583
3964 640
640 190
1142 1346
1346 1427
192 3162
3162 3338
297 3956
3956 451
3946 1937
1937 3818
1101 3879
3879 121
2718 4587
4587 3586
3958 3685
3685 4617
1059 4306
4306 3589
2828 1230
1230 2737
3512 1314
1314 2273
4215 2515
2515 349
2760 1682
1682 1427
3144 4512
4512 159
4112 939
939 1640
130 1303
1303 3929
1100 2360
2360 2577
1184 414
414 3228
3267 4376
4376 1405
343 2574
2574 1177
1713 4118
4118 1550
2000 478
478 1540
4323 163
163 3225
2630 3878
3878 771
1275 138
138 769
2421 198
198 4514
4216 1913
1913 4193
4313 3191
3191 2080
3776 3166
3166 2353
3235 2580
2580 1619
902 2252
2252 231
575 2612
2612 3677
1757 3136
3136 1093
4451 1319
1319 4547
874 1587
1587 183
4323 1655
1655 2788
488 4396
4396 1484
2762 4519
4519 4527
3536 1474
1474 4229
909 1470
1470 2520
192 4285
4285 4176
1124 4070
4070 1099
3140 589
589 3322
4160 3733
3733 1637
3536 56
56 521
3456 3907
3907 2273
2056 1483
1483 3545
2056 884
884 1874
3073 2250
2250 3029
2718 2045
2045 359
3406 2641
2641 3358
488 2284
2284 2391
489 3278
3278 3659
2747 2310
2310 721
1059 3794
3794 4477
1428 4077
4077 1050
1554 3188
3188 4614
1649 2958
2958 1646
685 3520
3520 2957
1053 1415
1415 3383
4038 3884
3884 2420
192 641
641 3722
3140 181
181 3793
3503 4400
4400 2886
2822 2378
2378 4085
3584 981
981 3595
1757 2629
2629 2443
2726 3864
3864 772
142 1433
1433 3021
3281 2884
2884 642
125 2458
2458 3710
3563 1778
1778 3241
1071 804
804 1360
558 3844
3844 1706
3799 84
84 289
2465 306
306 1225
1256 4558
4558 1589
4672 462
462 772
916 665
665 710
3832 2462
2462 577
558 2799
2799 1484
3140 4607
4607 2125
160 174
174 74
3351 413
413 2319
192 321
321 4617
1802 4609
4609 2954
3168 2333
2333 3379
1695 3889
3889 3382
720 154
154 4369
3140 2756
2756 190
3144 3904
3904 2688
2275 4294
4294 3239
3946 4600
4600 3029
4 3762
3762 3012
2658 3695
3695 1177
4152 1903
1903 771
2410 3687
3687 230
4145 4026
4026 3725
4021 4019
4019 3012
4418 606
606 110
3500 4366
4366 1640
3406 197
197 2154
2721 4213
4213 1706
2009 1716
1716 2168
153 3768
3768 2886
1960 1361
1361 1350
1649 337
337 1667
1400 3975
3975 2194
4451 1012
1012 3299
2029 861
861 3645
720 2590
2590 266
45 4075
4075 2163
1056 258
258 2013
4486 378
378 3043
1905 4203
4203 3402
683 3769
3769 961
2708 3689
3689 3239
4081 2108
2108 1815
3696 3301
3301 2527
4215 1397
1397 4572
416 3291
3291 4557
2686 1773
1773 2719
3688 486
486 3462
3776 2356
2356 159
3931 4500
4500 764
3563 1496
1496 3543
2166 2894
2894 603
297 2931
2931 1640
2718 388
388 385
628 333
333 652
3429 908
908 3682
3805 4344
4344 2163
4216 997
997 4514
206 3249
3249 1942
2008 4503
4503 445
3563 1437
1437 973
1542 2315
2315 3796
407 588
588 3589
2410 553
553 4458
2133 87
87 1048
2136 1983
1983 1521
1169 2334
2334 3313
297 786
786 3306
3572 1359
1359 3655
241 2723
2723 3655
2278 182
182 4557
2865 4132
4132 81
3140 2101
2101 3619
419 377
377 1897
2630 1063
1063 3467
2092 4360
4360 928
2008 1032
1032 3655
4 1824
1824 2688
1695 324
324 404
3429 4625
4625 2125
4145 892
892 734
3964 3417
3417 1784
2658 3596
3596 2168
3168 2901
2901 1093
3427 503
503 3543
628 994
994 3346
1249 2419
2419 2326
1428 2208
2208 3174
4429 3024
3024 3470
3572 3335
3335 996
184 3111
3111 710
4511 3205
3205 4254
3512 3250
3250 2233
3321 2512
2512 124
3246 1969
1969 4638
2092 2840
2840 4557
4412 4045
4045 4589
2056 67
67 1076
195 531
531 4251
683 1828
1828 3313
1151 8
8 2368
57 4457
4457 1897
4429 2178
2178 3333
4021 888
888 3399
3458 3709
3709 1637
2346 3646
3646 2443
252 4475
4475 2957
1372 3662
3662 3852
3832 3368
3368 3798
2195 442
442 3876
1011 3153
3153 3397
4356 434
434 4115
704 2032
2032 230
1428 3872
3872 191
2029 2026
2026 159
1071 4565
4565 1486
1410 3855
3855 3379
4391 1300
1300 1866
3839 2482
2482 3619
4486 2384
2384 1050
3964 256
256 1050
142 3068
3068 3183
1638 1797
1797 4297
881 83
83 1271
1124 4163
4163 3668
3246 4299
4299 2879
1100 3971
3971 3960
4 2694
2694 385
489 1831
1831 4232
4356 470
470 3545
3527 310
310 3773
4215 3496
3496 4085
2029 39
39 1260
546 2304
2304 928
1130 3635
3635 4547
57 3285
3285 4206
2815 2975
2975 1950
3013 3505
3505 3543
1410 2579
2579 3722
3523 2210
2210 4589
704 548
548 159
3144 2830
2830 598
3140 1930
1930 3345
3964 3549
3549 1897
3527 1556
1556 1706
219 2882
2882 1055
1307 2618
2618 3174
1712 1456
1456 1523
3144 1201
1201 3358
2476 3104
3104 1578
343 4629
4629 2628
3321 2585
2585 1486
750 989
989 1521
1528 851
851 3722
4454 2870
2870 535
1464 827
827 3576
1879 782
782 289
206 2553
2553 3431
3240 1083
1083 2991
4342 235
235 2338
3456 270
270 4115
3429 2925
2925 2788
3886 2633
2633 976
241 648
648 1521
628 2251
2251 2368
4215 2569
2569 587
419 1322
1322 75
365 955
955 1117
142 2736
2736 1813
3696 808
808 2879
4496 3671
3671 116
1690 3116
3116 1552
407 3058
3058 1872
2000 3219
3219 1547
1111 1334
1334 3174
886 2103
2103 1691
4430 1826
1826 1384
1111 97
97 3437
4215 1895
1895 1521
2508 1479
1479 1436
1868 1851
1851 3798
2278 2396
2396 4477
3754 2593
2593 4116
3223 3777
3777 3901
419 1621
1621 4477
3931 3159
3159 2991
1879 656
656 1784
4073 147
147 772
2228 2546
2546 3916
4 875
875 4229
1446 2269
2269 1523
4283 126
126 2782
1011 4467
4467 3414
881 817
817 1547
2008 168
168 2886
3584 3987
3987 2319
886 935
935 418
1245 3286
3286 2303
3410 1363
1363 2957
3351 4060
4060 2879
2000 22
22 2991
2009 2006
2006 4614
3633 367
367 4614
2828 2390
2390 4413
4418 530
530 3543
1239 1143
1143 1667
1169 3386
3386 1942
153 3865
3865 577
3273 1431
1431 225
241 146
146 2042
3267 4621
4621 1384
2008 454
454 3043
297 869
869 739
2035 3133
3133 100
3809 4047
4047 4557
3140 114
114 2168
683 2525
2525 3313
4 1663
1663 525
4054 1525
1525 2763
1649 2660
2660 3558
2035 2182
2182 2273
3168 72
72 4297
2379 4289
4289 1862
697 3603
3603 2262
2133 644
644 2551
3805 1744
1744 2319
3754 2470
2470 451
488 3632
3632 996
4215 2647
2647 3545
4145 3000
3000 4305
3474 4084
4084 3543
3351 3009
3009 1813
1735 2172
2172 144
330 718
718 4427
886 2486
2486 1225
2093 3272
3272 996
184 1858
1858 1552
3838 4336
4336 2832
4441 3578
3578 1208
1695 2116
2116 2281
1169 15
15 4662
1372 108
108 4305
3106 1391
1391 3852
2861 386
386 813
1239 4088
4088 4086
3696 3893
3893 1782
2093 709
709 2081
704 555
555 3043
1151 78
78 4413
3427 963
963 2628
3456 4265
4265 3271
886 4350
4350 543
219 1150
1150 734
3123 2839
2839 3901
625 698
698 2281
2008 2674
2674 2932
3832 1673
1673 2520
3805 3023
3023 4557
3240 4182
4182 418
4117 2836
2836 973
4356 1516
1516 2368
1124 1780
1780 4617
788 1603
1603 1117
4313 2724
2724 3891
4445 3069
3069 4252
1878 4620
4620 4617
4145 730
730 1360
3336 3554
3554 4616
419 3673
3673 2194
4486 812
812 577
2762 1110
1110 2468
3512 1804
1804 4205
558 573
573 4085
2844 1982
1982 947
45 634
634 3262
3207 2268
2268 3322
342 244
244 4390
1159 328
328 110
3998 394
394 187
2639 1787
1787 3551
1237 2177
2177 2927
2009 3881
3881 2013
1735 3146
3146 1862
3512 4125
4125 1313
1100 1191
1191 3793
1464 1987
1987 1584
3886 3949
3949 4252
3605 4345
4345 230
1011 4124
4124 4246
3822 1034
1034 1751
3123 3161
3161 1561
1446 2313
2313 947
3998 4300
4300 3677
57 995
995 4206
1984 1727
1727 1967
697 319
319 1050
2453 1742
1742 4390
252 4089
4089 1360
1272 4144
4144 1967
297 1338
1338 215
3106 841
841 2763
1960 1462
1462 1853
3886 3821
3821 1786
142 1574
1574 1064
2434 315
315 1584
4081 441
441 3509
160 2505
2505 3659
1542 63
63 2561
2029 1323
1323 2926
2275 3941
3941 543
514 3005
3005 1505
1712 3815
3815 1872
625 2106
2106 3440
3351 3910
3910 3239
4283 4042
4042 2957
558 4424
4424 3043
4439 30
30 1486
489 1919
1919 1427
1245 4364
4364 4229
153 742
742 1784
1802 1186
1186 583
2413 148
148 2272
4328 4615
4615 2281
4160 3101
3101 269
2025 2473
2473 2232
3011 292
292 2129
2639 3457
3457 2129
1239 2725
2725 1706
3584 849
849 3313
192 2225
2225 4007
1719 2466
2466 3150
2465 2701
2701 3824
1056 411
411 1786
474 1818
1818 3722
3011 3475
3475 1388
3413 4020
4020 1048
1142 2343
2343 1084
825 1856
1856 3710
3207 1205
1205 1117
1833 1082
1082 385
4672 4233
4233 3725
1595 3829
3829 3467
3688 3082
3082 4193
4454 1732
1732 223
857 3548
3548 587
1196 3378
3378 1568
3503 2496
2496 3397
1272 2609
2609 1523
3696 3647
3647 3057
514 3171
3171 3645
2067 979
979 3682
1059 826
826 598
2865 2143
2143 3873
2453 1233
1233 3543
3503 3077
3077 1208
3458 4474
4474 3462
4000 3812
3812 605
1196 1702
1702 2402
797 3234
3234 389
3946 2199
2199 2637
4145 2952
2952 1096
4342 446
446 3551
474 4459
4459 1809
3427 778
778 3174
260 805
805 3796
1011 3320
3320 2303
184 3364
3364 1026
1576 1703
1703 574
704 2556
2556 3960
3106 2714
2714 3358
529 2256
2256 3397
392 522
522 1890
1984 1080
1080 2575
3707 4379
4379 1000
3207 313
313 3407
4489 4384
4384 2755
2025 4235
4235 20
2630 655
655 384
2349 194
194 1691
2718 2370
2370 3428
920 773
773 4246
2279 2072
2072 2125
558 4648
4648 3174
1554 2963
2963 3867
488 2881
2881 3573
1256 491
491 607
1056 483
483 2129
2980 53
53 2583
2092 2077
2077 3589
1713 1259
1259 3674
2726 2910
2910 187
3429 21
21 2509
2800 2665
2665 320
260 2148
2148 3902
106 3326
3326 755
1453 3995
3995 3228
3563 2854
2854 1585
4391 2625
2625 3225
365 4123
4123 3818
3427 3004
3004 1578
4356 356
356 3322
4412 1241
1241 4390
2686 3683
3683 603
2718 865
865 3916
513 2887
2887 3057
3240 1560
1560 2509
160 2856
2856 1782
3503 3157
3157 3414
2025 2481
2481 3531
4155 3819
3819 3375
2166 3882
3882 2461
2853 1194
1194 2468
3838 1321
1321 543
2056 458
458 225
2025 3550
3550 4653
2025 3120
3120 1048
1053 1955
1955 1859
4342 2810
2810 144
4038 4290
4290 3338
3805 1367
1367 3586
2630 3098
3098 2954
343 4250
4250 2163
2658 1776
1776 3562
1757 2814
2814 4501
1203 2053
2053 4589
2726 3504
3504 3441
4445 477
477 3382
920 4318
4318 3012
514 334
334 755
4283 3020
3020 1384
2853 3625
3625 4638
3026 2545
2545 1646
1528 498
498 3491
1513 1839
1839 4298
4439 4201
4201 769
909 2405
2405 1050
3776 2406
2406 1862
3351 3547
3547 3441
3458 1687
1687 3480
3946 374
374 1646
4420 455
455 961
2747 4473
4473 535
2936 726
726 3535
365 1119
1119 3710
2658 4559
4559 2719
1909 1257
1257 4390
4451 2759
2759 225
192 276
276 2395
2278 643
643 223
4672 905
905 1751
2346 1494
1494 4205
4496 3165
3165 1084
843 344
344 3021
3106 1865
1865 1540
2035 1974
1974 4007
3235 2380
2380 71
2465 1586
1586 3824
1713 1375
1375 3043
3073 2548
2548 4135
489 4343
4343 2081
1713 3611
3611 3345
3013 4175
4175 2551
1059 4184
4184 3379
874 4329
4329 2194
3429 3861
3861 187
4429 1518
1518 162
1272 2488
2488 4068
4584 1242
1242 2326
2822 2750
2750 1523
1307 1042
1042 191
920 3952
3952 1813
2349 2501
2501 2294
3564 2808
2808 2286
4511 2655
2655 231
3281 3957
3957 1578
3123 4355
4355 2564
1878 2291
2291 2991
3284 3255
3255 355
628 302
302 3214
2828 722
722 4653
3106 4236
4236 191
1453 2873
2873 587
3011 2373
2373 2879
2760 516
516 3431
3998 3436
3436 4501
2586 511
511 3562
2228 926
926 3029
2639 165
165 124
2136 4140
4140 3725
142 914
914 3431
3886 1216
1216 2490
4356 2733
2733 3645
1712 1526
1526 2391
1595 450
450 3876
1559 1371
1371 4254
247 1458
1458 543
3013 3141
3141 2805
2349 3062
3062 3519
153 3992
3992 4115
750 4540
4540 3645
4489 3037
3037 75
3512 3142
3142 734
206 4094
4094 149
610 3199
3199 1436
2828 2528
2528 1578
1878 3640
3640 3279
3223 2841
2841 191
2025 3705
3705 2788
797 4485
4485 525
2000 2717
2717 2637
1513 991
991 1961
1528 3820
3820 3338
3003 4061
4061 887
1237 2192
2192 3668
392 2447
2447 739
1203 4322
4322 3902
704 747
747 1691
1757 3160
3160 320
2271 494
494 1547
2918 2796
2796 2991
2434 3008
3008 268
4313 2549
2549 1809
4152 2022
2022 3595
48 2355
2355 3929
881 3482
3482 3239
3886 4663
4663 170
1100 3973
3973 3346
2092 4372
4372 1784
1428 1566
1566 3322
2056 1704
1704 121
1802 4577
4577 535
1595 1648
1648 2154
3536 4164
4164 3029
1169 2240
2240 2991
513 2416
2416 71
4454 2909
2909 4614
881 1419
1419 4176
1101 1107
1107 2420
1428 1548
1548 3392
1041 4531
4531 3509
3809 1438
1438 3228
2800 3857
3857 4617
1868 1262
1262 3174
1071 1001
1001 3437
297 3125
3125 3423
1562 2563
2563 1055
3483 1612
1612 1064
625 1204
1204 389
2658 3939
3939 183
2349 4523
4523 1584
1460 2114
2114 3519
2035 2381
2381 4589
2093 251
251 2080
1272 1434
1434 2013
575 823
823 2623
2029 999
999 1177
3427 3091
3091 3655
546 2700
2700 4572
4 507
507 4655
2413 2890
2890 3379
4174 1517
1517 3043
750 2494
2494 4232
184 4365
4365 3467
3106 3025
3025 4242
4117 2955
2955 3710
2202 271
271 1866
628 790
790 4116
17 1750
1750 3441
2686 2170
2170 268
57 1047
1047 1667
529 2792
2792 2927
3026 4134
4134 403
4117 27
27 654
2658 2680
2680 66
3087 1153
1153 3313
2346 3922
3922 1384
2093 4389
4389 3725
4283 622
622 2509
365 1594
1594 2688
3502 2535
2535 1866
3456 189
189 535
1545 2517
2517 4514
2413 658
658 3407
2762 3921
3921 149
2088 3867
2869 4246
1044 1049
3447 3659
2845 1354
3343 4492
2382 2577
1087 3818
3167 1926
446 772
1478 3239
2632 969
3647 2233
1632 752
896 1615
966 1026
995 3198
2071 1547
3617 1117
2695 2886
348 3462
4337 384
4286 1103
2558 124
25 404
1639 4427
998 4068
4381 3650
623 1427
3044 4185
413 3655
3365 2391
4250 2042
2176 54
3141 1501
1351 3848
2045 1384
3202 1484
3219 2257
3734 680
4505 1585
1383 2607
3691 1057
1718 4275
901 3619
2938 3338
429 3057
3378 3264
3701 2294
1506 1872
933 1578
1675 1691
2070 3674
1843 1859
1775 4252
306 187
3000 3677
4187 3902
1555 3375
4217 2575
10 2281
2534 928
4123 2395
2116 2013
2849 3012
3411 81
1740 3242
1344 4662
2214 3901
3877 887
3643 3535
3061 2232
2185 1502
1590 3402
2423 2461
725 2168
4483 2846
3434 771
2230 3299
4092 973
1445 475
2311 3545
1654 2189
368 4093
1855 3306
2261 3551
367 349
4098 4085
2211 1890
884 3852
4311 3214
3544 3562
3159 2080
2398 1360
112 1208
4666 3796
4062 3543
3243 3978
780 3428
1659 3480
2569 577
4134 1099
3001 1786
691 4260
4308 96
136 4305
3986 3358
4401 4229
1761 4297
444 1646
1201 3573
1628 75
1162 4176
426 4298
2738 223
2046 2628
4180 710
1515 1505
4189 2353
2892 525
4321 961
2629 3392
3403 4652
3219 1350
3126 116
4436 1055
2158 3470
4327 3929
633 4502
562 2716
2883 652
4497 3616
4099 2687
1393 3174
3690 1064
1364 3595
1533 1093
2021 2437
3520 3793
3729 2805
1374 66
3211 4373
4161 1550
2037 41
2994 2832
322 967
630 1260
995 4193
2157 320
2868 1619
3982 191
4168 3135
617 289
4620 3379
2816 170
2776 3423
2376 1874
2931 3491
467 2719
3303 71
3966 269
3783 4413
1022 2468
3285 1640
2471 4111
199 1177
1137 1050
2629 1060
846 947
4526 3337
4363 3407
3060 1967
3164 4547
2143 2782
4171 110
1798 1212
2065 3437
4590 2927
1004 1263
2995 4206
698 3668
250 268
2649 100
1018 2497
4125 3798
3107 1815
1267 3271
528 2154
2894 4086
1518 4616
3412 2125
2328 1853
1594 2402
25 543
2409 4501
3086 605
933 3225
2831 4527
2998 144
2764 4656
4634 574
798 2145
692 3873
4317 2509
1351 2755
473 1904
233 3894
2417 2957
2216 1521
3662 1283
3673 1589
1716 3183
4611 1096
863 3586
2539 3414
1916 418
2655 521
2263 1286
1684 1561
4333 1552
4161 3021
2354 3682
1364 1187
2807 121
3041 1388
448 3441
643 2303
2543 1090
4453 3431
1277 2737
760 813
309 3029
1077 2273
4180 3645
4025 4007
3117 1405
1877 4557
1389 1540
2629 4589
3641 2977
2315 385
1238 3333
3317 642
3709 180
3792 4572
2756 2551
2111 3345
1800 2326
2018 2319
4282 2922
3810 2420
1865 2454
4042 4458
2137 598
3779 2186
3151 4232
2377 739
282 74
3177 1000
3015 4477
1432 3228
910 4617
4598 3519
3638 1866
677 3440
1475 20
1030 3467
1871 403
3250 4254
477 1084
122 1809
390 451
4360 1076
2592 2272
568 4116
780 2583
2711 4514
2463 3576
1534 190
1574 2527
4004 3361
1157 3589
3270 281
3311 3891
3120 922
2077 755
3053 2954
1575 1782
2462 603
4665 149
248 4115
550 4653
3363 3383
2876 3916
872 583
410 1486
2200 1584
1047 1784
3484 3397
302 3241
1880 587
3715 3847
42 1950
846 3710
4065 3399
2748 2338
3525 2424
443 230
2725 225
4318 4638
4286 3652
4347 2163
4488 2194
3033 769
1742 2081
3024 3722
1294 4404
3721 3043
3594 2623
1365 359
1231 996
4619 2286
3578 1813
1818 3346
1927 3322
2140 1048
4562 3509
1081 4614
1054 1897
3308 576
3002 976
4610 3912
2806 2490
3629 1751
1394 2262
3627 4655
2811 2637
2131 3382
4214 2788
2597 215
1727 2368
429 2688
1482 535
174 3531
4141 1706
1800 231
2648 3985
4311 3634
4201 833
3956 355
1030 445
2386 431
2005 3150
2212 183
915 266
3640 3824
1369 159
40 1862
1304 3279
1884 1961
761 721
4170 734
2702 3876
1775 3313
2950 2129
635 2879
3010 1202
1431 1073
1250 3676
259 2763
4634 2932
2387 2561
2615 1009
4227 3725
1380 1670
1693 1523
3823 4205
670 3262
3532 3130
1549 4390
1377 2299
3766 944
2096 1271
2786 4369
3649 607
2039 2443
104 871
2812 2631
4106 3590
165 2659
3620 1667
733 1313
3018 4242
253 162
1933 2991
228 2926
681 1436
736 3773
4517 654
2407 1942
459 1637
1703 4251
3885 2520
1698 4135
2086 1225
3530 389
2670 751
4012 1568
2802 3960
4153 2564
882 2518
2963 764
2295 3558
3204 2715
4259 1941
1780 1872
4661 182
753 3053
4333 3402
422 2977
3355 787
166 577
1924 3146
4613 1426
236 860
3525 3328
3497 4183
1487 3963
117 3239
1675 1247
3730 4106
4238 3130
907 1550
1688 1076
968 4578
2895 2567
3097 1090
753 332
1424 3301
1035 1350
678 3513
2128 2766
2720 1763
1699 2732
3153 4369
1221 787
2611 3783
4147 1435
2511 3017
3468 1359
3297 2673
1770 4594
1879 102
889 827
2807 2233
113 2262
3460 4626
1854 2971
395 1231
3380 4502
4410 8
3131 1769
1413 3509
1131 3859
1463 803
3347 1680
2195 2917
1595 3855
2880 2857
2655 2125
673 4318
2095 4582
1932 4315
3217 4228
989 2199
794 1296
3572 538
4402 2281
3336 3389
1524 2542
3610 2167
1539 39
3601 3385
3222 1064
843 311
4476 986
4412 884
952 3894
2942 2464
1749 3982
4263 879
1686 2839
3049 1238
1316 688
3006 276
1763 4164
880 1742
1629 1433
422 4252
4566 3534
2847 161
558 1105
3481 1369
4471 4570
559 1114
4300 3470
2641 812
3261 1217
2024 2532
3790 3752
169 4519
421 2992
1512 1610
1147 2694
3116 2808
707 973
2815 1549
1802 3217
888 3364
480 1444
1166 1449
172 4318
1999 1846
745 4116
4087 1314
2581 2776
4270 2842
916 3522
3925 8
1796 113
2667 4400
493 34
1114 190
4030 4134
3724 910
2785 1279
1556 2719
1327 4377
1215 1866
1936 979
3351 64
1056 1884
2426 148
240 2125
1062 4616
4286 211
3837 491
305 3660
1767 2501
3998 2447
3385 1952
3599 3386
331 2935
1698 2090
1811 2028
4321 4331
4507 518
586 1224
4472 3158
339 3326
3809 1777
3604 4254
3868 2330
242 4181
632 2741
2215 412
1742 1242
3221 75
903 3955
3508 3384
1823 3724
3356 2958
1305 3971
3096 1994
1215 995
1912 2909
216 963
4511 2642
1267 1582
3073 926
3235 740
2818 3488
3064 3040
2722 730
716 3444
3552 2836
4613 3693
3433 4175
1671 3905
167 4623
528 3146
2956 207
3458 3463
3189 2713
1672 3501
1336 3521
140 2286
1234 1456
841 4369
1990 266
3702 3506
3502 2289
3460 583
3010 3865
3849 2819
204 371
3189 1937
1891 4084
831 3994
2046 4368
2595 2674
2619 3282
1944 3829
3842 3469
1497 1787
1411 51
1449 4254
2431 1550
1407 1290
2730 4427
252 959
419 2480
3258 288
4635 400
3789 3012
4676 2443
2195 3275
1669 2629
468 4349
4304 3017
2657 1792
3324 1057
216 1566
2474 4499
4376 1612
1017 3470
4272 1540
1812 413
925 1424
1147 2963
2089 1005
2034 871
4279 1300
1621 2343
1095 2381
1168 1209
720 4348
1829 2728
692 3461
3528 64
1450 3000
1370 4149
666 2419
3013 412
14 2417
2138 678
3609 2617
1631 3750
2309 2304
1695 1962
513 1250
3445 4500
2230 309
297 2680
2741 2186
2045 726
1207 4244
4412 2118
3698 2959
2844 4497
4311 311
472 3659
1558 3969
2444 3298
4483 3578
422 3127
1005 4402
1464 1377
1614 3108
2096 4317
3052 2882
2916 814
2617 3465
1832 366
4513 2719
1731 4058
1380 3647
2270 2848
3935 4183
2780 2182
2201 1081
1018 4159
3468 2926
3540 1114
4039 2856
1460 3735
4542 3821
3415 3906
3202 1924
49 523
2697 371
3651 2780
2781 3989
1447 2338
2698 415
1213 4468
4651 3157
481 3866
597 1330
3956 3952
784 3554
1376 3210
3003 1066
925 2561
4334 3239
1875 2044
4126 2384
2220 4372
597 4649
1464 3594
3472 1080
2574 1913
3002 2988
3331 4182
1219 469
874 4422
2219 887
1070 1765
2072 1615
876 2467
2412 3171
3832 676
4504 2237
433 1087
2533 1652
3340 123
720 3542
2124 4386
3474 3888
217 306
994 1479
4495 1895
1541 988
3967 4349
3715 1004
1092 653
4387 4035
201 4290
2978 1162
3362 1942
2863 2769
3976 50
735 3522
3792 3652
1141 4475
4566 2128
1850 1655
998 4182
2780 1706
4674 4414
957 1461
1558 3067
2992 1233
2417 2792
435 907
1881 124
2989 73
4062 3757
1788 3700
4654 2739
3033 411
4613 162
4632 2871
2762 540
1738 3574
55 800
561 515
4071 624
2043 4327
592 3753
4100 4644
738 1198
2691 1536
4478 1805
4512 2256
2682 4208
2504 2160
2853 612
4245 577
1100 1122
4363 2789
1763 3655
881 1406
1445 589
1277 2172
1654 4142
3900 528
3259 381
4415 2127
2328 2252
3757 1230
3670 356
901 2684
3444 4347
4558 3819
3260 277
242 469
472 4306
997 3978
775 2768
4521 1407
4380 2227
2056 4473
2378 2910
1147 3904
1643 1560
141 531
4073 624
3865 3992
364 715
496 4421
4576 457
1979 1890
2797 2527
3684 1907
3828 1991
4224 2619
1164 3888
842 2100
1991 3193
858 669
345 3703
3642 3172
4438 3589
3418 3122
4315 1038
4585 3689
1749 2991
3434 2994
1841 3375
4201 2319
3031 4599
1807 2925
2888 2634
117 2085
1946 1255
2900 504
619 1271
1134 1152
4028 4424
79 3331
3608 1901
1889 2217
2653 3143
1888 4640
4659 1278
4672 3683
42 2629
842 2392
3374 3872
4635 2654
192 4133
797 4100
1144 2032
676 2969
1882 27
4355 4404
2909 3912
2956 3424
3332 2794
1545 2543
3708 2381
2147 4547
2472 3262
209 1967
4209 457
2280 81
3370 3002
1222 1335
2279 370
17 1644
2707 4656
1078 1403
4157 3329
3226 2696
1453 989
1338 4540
679 2968
348 3050
1924 450
4637 2732
3059 4100
3599 823
2135 2177
4363 543
1383 2836
4079 1625
1545 3096
716 1632
858 3548
1868 4180
4669 1429
3737 4514
3261 4198
4331 1699
943 3616
1444 3768
1197 666
1118 2496
1376 1956
313 1263
3860 3769
2511 3837
4266 2640
42 414
2296 2320
3718 1125
2242 3662
4668 4517
2203 530
2802 4233
3252 984
787 1188
1301 2755
309 3264
1130 4350
744 2528
1867 3043
2673 1090
1085 371
2903 975
3896 1398
131 4371
1905 228
2859 238
3493 166
443 641
4542 2746
1740 3394
3630 1705
3860 4536
1783 671
997 3234
3836 4213
1109 3382
3280 2944
2880 2984
1130 3045
3823 1144
2074 465
3207 2712
1183 3974
2712 1751
4178 2066
1737 4080
447 4583
4198 3613
2972 4047
4563 1935
2422 3161
1653 1309
364 535
2239 2489
2123 4191
1213 1628
2218 400
2436 2031
181 2053
1986 1615
1400 2842
11 4667
2855 1048
4334 4007
2350 4345
490 2174
203 3691
4166 401
1424 4638
3840 318
362 4427
167 4332
4568 2390
283 1844
3046 2629
3001 3837
2046 612
290 2470
274 4658
4161 868
1671 3714
1059 2374
1182 1029
412 1346
2012 3703
536 1816
1565 2502
4209 3066
2061 168
877 1603
3095 3683
2476 801
1429 67
332 3088
1171 3815
1593 790
797 3757
626 3600
3451 3971
2534 2443
1035 3185
3608 1290
1712 2643
3825 1645
2288 2368
3786 1808
161 1568
596 215
3743 2338
3362 404
130 2602
3032 1193
974 3198
3096 3045
1044 3517
3730 2134
1228 1433
2091 345
4317 1139
1237 2643
2023 1439
743 2194
4180 2484
750 2155
2244 2425
3699 3731
4431 2912
3775 4629
2729 3081
3013 2663
1689 796
2539 1311
4313 4633
4482 2139
3164 3047
1169 2568
1823 2378
4537 2710
3886 2759
2905 4384
619 373
467 2073
2322 3378
544 606
1512 4205
1685 1397
88 3792
990 1322
3868 101
1636 1034
3735 315
4482 4139
1141 3852
842 3727
2000 73
3903 2327
1435 827
3874 2153
217 3489
3051 1300
1654 386
3953 2601
953 3077
3557 2614
1416 189
1876 2293
645 598
3565 3774
4278 1208
2076 2551
2512 168
1641 3557
3508 3537
509 2976
1176 1109
1938 1923
2656 4585
3132 28
3093 3198
943 174
3154 3965
916 2215
3746 3371
3080 3153
157 2808
4618 2018
220 1147
1337 204
909 1686
4419 1119
283 1882
1041 2181
2804 4085
4073 3222
1088 2027
2667 3346
3149 3436
4036 2835
3112 472
4316 1297
3443 3393
2840 3407
3908 1042
2942 94
3294 2020
88 1252
1102 3358
4079 1985
4622 2100
918 4207
1243 1672
3042 4026
34 4653
4234 28
653 2250
3739 2145
208 1684
1015 552
3598 1037
1708 199
1126 2468
2570 328
4304 4292
2057 2494
2361 1035
1743 1895
830 966
299 170
421 4114
3422 4637
2726 1137
2308 1418
2358 221
1787 3392
1447 2870
504 3644
4610 4308
2268 1561
2581 4168
336 3518
339 1699
2070 2141
3654 691
4456 4299
4337 497
1430 3702
1876 3999
1893 3961
2533 2665
1444 833
83 1371
950 4020
4515 2149
2695 4485
4314 2200
527 1009
3400 3881
3592 3285
372 1122
3658 8
1056 2333
571 812
613 705
3459 973
2721 4449
2712 2623
4408 2337
118 3074
1325 3506
830 437
4388 295
2318 751
2051 3364
4083 3170
218 1551
2708 4209
3041 227
3341 1149
1666 1628
1879 1357
236 4272
145 3197
4145 2707
4356 2113
3716 1349
2493 4377
2621 4606
1796 3033
2131 4114
870 2439
4112 4094
3968 2485
3065 3295
3732 601
3078 3645
4446 1584
3536 4494
3803 1970
2740 1484
2423 262
4038 3728
886 2690
3713 289
920 1953
2239 3855
867 1663
117 2090
3716 2513
3032 3150
4591 3237
682 1490
3131 3632
753 2369
472 3475
3176 2154
1587 4265
2198 998
3813 1233
3581 1626
2161 4373
3274 1490
4539 1551
1693 250
2149 1381
748 339
4192 1691
2151 4438
2600 3467
1033 2320
1955 2443
702 4410
4301 2614
2844 2445
1239 2243
3898 2986
1689 114
1699 3537
3118 1950
226 967
3293 1799
2635 3610
2044 2063
1970 2358
2111 3395
3 2945
2065 293
1400 3639
1511 780
884 477
4202 4559
2472 2285
261 221
3341 1894
697 2727
952 4536
3970 2447
529 3717
651 601
2898 3521
3663 3947
3989 3023
1757 4626
206 3708
336 680
2824 3773
193 1448
4494 3498
4005 905
3859 4386
4159 2963
2669 4436
3484 879
3866 2378
2630 4446
893 1164
2476 496
564 3960
1808 4318
2058 345
2584 543
978 3205
4230 2906
3787 995
4357 2888
1386 3914
1072 4546
2307 965
750 4654
2670 4577
173 1617
1875 2526
1509 3160
2860 347
3334 3675
2874 1994
2366 1772
1835 1681
4202 3190
1182 560
4354 751
2342 542
179 3382
2226 2930
784 631
4499 1983
4573 743
3001 1099
4222 924
1797 1552
1116 4208
1514 446
361 4651
347 711
3497 1886
685 2951
3791 4641
1460 2317
791 3174
3040 2331
4081 3858
3780 2488
3252 1052
4159 641
895 2779
4443 1830
4510 836
2366 3515
2491 1434
45 140
1422 2848
2000 663
3190 4295
401 3057
830 2048
1105 3852
3762 516
2889 1770
1962 641
2198 3999
1602 4632
4057 3157
4410 3920
4073 2602
261 3334
3839 308
1908 2588
3588 495
2141 1837
3886 2667
44 3441
5 139
3694 2887
3237 2894
4288 1000
579 1242
1412 2511
4460 1824
3487 3693
3814 3616
2016 469
424 238
1206 3552
3717 2295
3044 3681
2209 3773
4637 644
3098 1809
2191 3706
3742 434
55 3796
1606 3370
2234 4019
2237 2951
859 1830
749 3700
3643 576
541 2470
1269 1586
4604 4367
1189 94
3484 3596
241 816
3132 3845
262 224
737 4531
3525 2704
240 3671
3235 3726
1019 3585
2812 752
1849 613
2730 173
1406 950
2069 293
4674 3386
3511 3646
4355 41
2264 778
780 2898
4635 2234
1018 1209
1843 3007
716 759
1909 4280
1674 4140
532 468
1994 3489
1217 345
1368 67
3089 1244
2980 362
2713 3485
3631 1434
3859 2466
3332 3961
1441 4531
1059 3866
3944 622
2030 2254
4090 3550
4327 3010
2132 3322
2768 2045
280 2732
2351 2623
1227 2059
202 415
1147 2424
3602 2788
3608 1443
2096 466
3527 3861
4608 900
4601 1950
1898 77
4075 2854
1387 108
3730 1865
3681 3514
4383 594
3164 468
779 1982
3208 2984
836 1359
1281 4573
3409 1685
29 2882
495 245
3027 3790
2266 1426
1602 3116
2401 3166
483 755
1236 1839
2418 2953
3592 1622
4008 2473
2193 4265
3526 428
40 2464
471 3652
6 1582
3194 3279
4394 2775
3093 1496
1541 3656
4049 2154
2686 1252
762 2045
2206 1133
596 1847
131 2072
468 4232
1685 642
3805 4649
4601 2286
974 1369
2669 2696
844 2600
2985 1664
3296 1756
3206 2494
2519 3083
2676 880
3603 1751
2188 3613
4486 1434
2155 805
3999 4208
152 1656
282 3904
3351 562
2867 1521
2657 3806
90 4277
1178 674
3635 2395
1258 3609
2321 871
2831 3939
3986 4232
3184 2890
4049 4102
4008 3506
3246 1828
3913 2327
4615 598
414 1526
1559 2580
493 2383
1572 4146
3223 3949
2942 3548
291 221
4169 677
1511 502
25 1108
293 2467
1329 1965
3427 3991
236 2923
3107 3160
4650 1831
3232 1531
2169 2932
532 4128
656 1076
1092 455
2516 3578
4593 1629
3125 1103
2559 3723
1776 1566
4119 4242
1572 1846
458 2688
932 60
128 2983
3371 4181
3970 3871
896 2963
37 3050
240 2145
14 161
211 1050
3055 73
1806 308
3277 1399
3905 1055
2058 1568
1838 80
2599 4309
1774 410
278 2744
2496 4379
4036 2856
557 2938
1953 2526
2990 2178
2361 2556
702 1089
3843 4035
831 1990
2706 347
4550 1707
943 148
3272 2545
3903 3197
3736 2200
1079 4206
1879 1002
1672 2646
1308 4086
981 3402
3841 3539
1722 3802
2730 1437
341 1055
3369 169
3716 2345
43 1141
2790 1135
3620 3393
783 1254
4534 2494
17 1290
3660 1418
2976 1760
2831 1365
4017 1380
1810 4133
1920 2489
703 298
1416 1798
2126 1892
2823 3414
2211 2321
4056 3108
4521 1686
306 1009
1883 2736
4138 4399
4624 2378
439 2402
2158 2983
1624 4115
1914 1548
1694 2071
76 3358
1389 2640
482 1710
3942 3646
2377 947
2705 3033
2663 2802
3316 2652
3954 1354
4610 2850
489 4228
661 2303
2981 4523
2970 1971
2479 2081
1078 1787
923 4193
3618 4664
3384 3656
3890 414
1662 3487
3102 3824
348 3127
1657 1859
1572 1645
1380 189
98 2805
4211 1007
4255 1364
2956 1235
4395 1094
3877 2269
2721 314
3704 1188
1441 4005
3316 3508
2092 4636
2217 3495
1693 2436
4604 3342
2766 1805
52 642
464 3166
3791 3170
2115 1676
3109 1843
2047 2922
777 2881
2346 3549
1070 146
1333 953
3968 1512
2738 1314
2591 70
1495 3216
3925 2200
1237 2899
3385 2238
1010 2387
1020 2872
3533 1504
1215 3229
4361 4159
2040 1064
1509 1710
750 3971
3707 3892
416 4142
1172 4574
2916 811
382 2670
473 805
3159 3640
4295 2237
2178 2370
3067 2082
493 2523
4421 3977
4561 1163
19 1091
3391 3050
1003 3757
4437 3382
2422 2130
561 465
1951 147
1213 2010
4241 2295
1689 3883
2329 2604
3581 2222
1067 1807
3565 1895
563 2069
1349 4296
3376 3400
4027 2751
3811 2390
3110 2731
1183 3864
2265 2935
4325 932
3003 3781
2063 1612
2877 2300
4169 18
3803 1265
4265 3346
2260 794
3450 4035
1511 1235
4552 432
792 1034
2312 2665
2573 2018
1659 2759
167 299
2268 1505
1449 1150
3743 479
2658 465
3697 3038
264 4239
1324 2659
4001 2789
1761 2515
3716 2621
239 2424
3144 86
2510 2151
2508 1722
846 589
199 1852
2144 588
843 3865
1352 344
1045 617
1239 1876
2302 1523
735 2059
1537 337
617 1415
2740 2341
811 114
3233 1646
3771 3607
3734 4437
2023 4003
3563 1462
33 94
1823 3032
1905 763
2821 1516
4173 2017
386 4251
608 2277
1336 737
1921 975
4440 4164
2612 4467
4445 2
4289 3199
1432 2303
