1
4703 9014 4221
1056 2898
3012 2407
3350 1799
2606 3527
174 4344
389 2690
4606 2908
2089 1360
4489 1289
707 2397
3951 1932
2938 3462
2145 4320
722 2801
2816 1282
2987 461
2552 711
3783 2611
3353 3843
3467 2003
3518 1723
2705 2065
4193 1167
4376 3980
3326 4582
544 2047
2355 1459
683 3204
106 410
2452 3112
1556 4255
4619 4102
250 960
778 2006
1634 3849
317 2732
2228 2439
400 2327
848 4629
4595 2045
1733 4506
3834 614
4586 2593
1408 1897
406 2387
3263 4516
371 3042
2813 2242
2793 1942
2711 2951
1080 2303
389 1456
1456 2098
3350 4290
4290 324
2813 3778
3778 2472
1056 16
16 1792
389 2918
2918 884
3263 3664
3664 1329
2938 1872
1872 1817
3467 2518
2518 3562
4606 1317
1317 837
1056 806
806 1329
250 2390
2390 3824
778 4678
4678 3164
1634 3699
3699 4485
4489 2597
2597 3604
1080 553
553 2362
2606 4607
4607 3717
3467 2933
2933 3568
4489 4634
4634 2040
389 3703
3703 872
4376 3372
3372 27
3326 290
290 4097
683 1446
1446 4241
2552 2048
2048 814
1056 1750
1750 8
4489 1122
1122 3642
2816 4460
4460 2780
1556 1213
1213 600
250 333
333 1865
778 786
786 1230
3834 2093
2093 2393
2452 2867
2867 4286
3350 1787
1787 1931
371 4191
4191 69
1556 3151
3151 2772
2711 130
130 1954
4595 4312
4312 3960
2552 4518
4518 612
1056 1841
1841 600
174 2288
2288 2317
250 3465
3465 3551
1634 3142
3142 329
2813 2336
2336 66
4619 1392
1392 1206
848 4491
4491 3871
4619 3257
3257 4589
683 4099
4099 3366
3326 1170
1170 4485
2089 4573
4573 4286
2813 448
448 492
4193 4081
4081 1453
3012 980
980 4294
2987 1500
1500 222
3467 1482
1482 3690
2793 2495
2495 4503
722 927
927 3211
4606 399
399 1560
2987 2738
2738 543
2813 4315
4315 1619
371 1578
1578 1230
2938 3598
3598 1954
2987 2752
2752 3548
106 702
702 2077
3467 570
570 3041
2711 439
439 368
3951 3831
3831 1403
4489 1737
1737 645
2987 2270
2270 1714
2938 920
920 1385
3783 3219
3219 2770
4619 4305
4305 3805
4606 2572
2572 543
3326 473
473 4052
106 4463
4463 3747
174 269
269 465
2606 1751
1751 2079
2711 1682
1682 4503
406 1300
1300 2745
2987 3285
3285 890
544 2139
2139 845
250 4062
4062 2622
317 1333
1333 2833
2793 3631
3631 3711
544 1749
1749 738
3467 4575
4575 2682
2813 1281
1281 2644
2355 2065
2065 471
2606 2341
2341 1888
1733 112
112 3871
683 3700
3700 1044
3012 2926
2926 3824
4619 4082
4082 4391
544 2131
2131 125
4489 3288
3288 3608
544 116
116 228
106 891
891 2728
2793 1398
1398 2071
3467 2661
2661 3960
544 1197
1197 3269
2816 2993
2993 3146
2938 3580
3580 2384
1408 2351
2351 4058
4619 124
124 3047
4595 2769
2769 1560
3353 3240
3240 4440
2552 2789
2789 4204
3350 4635
4635 362
2552 2601
2601 1463
2938 2941
2941 2758
174 3706
3706 1817
1056 2205
2205 3433
4619 489
489 2040
250 3873
3873 27
2705 3168
3168 835
4193 699
699 4578
3951 352
352 3642
4376 1618
1618 3765
3263 654
654 4057
2228 1441
1441 4610
1408 1722
1722 723
3783 3119
3119 2070
250 3693
3693 4129
106 669
669 3419
3951 2328
2328 884
4606 1356
1356 27
3350 3527
3527 2200
683 3775
3775 1309
1080 3829
3829 4043
3518 4352
4352 228
1733 517
517 612
106 3525
3525 3568
400 1175
1175 820
1733 1431
1431 2472
2089 975
975 2657
4489 4083
4083 627
2938 4582
4582 2985
4489 1893
1893 3146
4376 2243
2243 1108
3783 2835
2835 1067
1634 3639
3639 3211
1634 606
606 4642
2089 4322
4322 4503
3467 2324
2324 3196
2793 1906
1906 2018
1556 1880
1880 1924
3518 3858
3858 4160
174 3511
3511 3871
2606 3022
3022 761
2228 3440
3440 4294
3518 3377
3377 4642
2793 1014
1014 590
707 100
100 2923
3834 2368
2368 2098
389 687
687 63
2606 1565
1565 4057
3951 2967
2967 1163
371 3152
3152 627
2987 2676
2676 521
4489 2237
2237 4299
2711 1918
1918 3594
2452 3394
3394 2194
1733 4535
4535 4021
406 3017
3017 2902
544 918
918 3555
3350 4467
4467 4058
2606 519
519 1463
3012 2419
2419 3765
683 680
680 4148
683 1563
1563 1572
400 2020
2020 2406
317 3582
3582 4116
371 3825
3825 4170
400 1564
1564 3642
4489 67
67 793
3467 409
409 2448
2705 2856
2856 884
3263 2308
2308 241
4376 4472
4472 4036
389 784
784 1336
1556 2466
2466 353
4619 3360
3360 1577
2816 360
360 2212
4595 710
710 4443
2816 3896
3896 2964
3951 1691
1691 793
2228 2175
2175 2362
707 1929
1929 403
3518 3815
3815 4241
707 2206
2206 1370
2228 4553
4553 2770
2089 2404
2404 1891
2606 1680
1680 3765
4489 2649
2649 4317
2813 2870
2870 2450
250 1507
1507 3960
106 504
504 2660
2816 3015
3015 4443
250 4652
4652 3196
1733 3185
3185 2071
2145 1217
1217 91
2816 1607
1607 4208
683 1837
1837 363
4489 2247
2247 1309
2711 2824
2824 2098
3012 730
730 185
848 1555
1555 569
2813 874
874 4115
544 1101
1101 3366
4586 1487
1487 1554
707 1081
1081 222
722 2000
2000 32
2793 1228
1228 1096
1080 3636
3636 4451
4489 23
23 241
4619 3617
3617 353
4586 2347
2347 1888
4489 3574
3574 2935
2145 4274
4274 2454
3518 3409
3409 4391
4619 3363
3363 3392
1408 1765
1765 353
4489 3648
3648 2923
2711 2236
2236 341
2452 1231
1231 437
3353 4365
4365 1385
2711 1214
1214 4208
1733 4517
4517 521
3350 57
57 3067
2793 3537
3537 241
406 1523
1523 2393
778 2914
2914 222
2452 2922
2922 612
400 3162
3162 4642
2145 686
686 2843
3467 167
167 2525
2145 2379
2379 2276
2145 4461
4461 928
250 4040
4040 185
250 899
899 454
1634 2865
2865 4504
2813 2086
2086 837
707 107
107 2365
778 3328
3328 1572
722 1325
1325 3419
2228 1627
1627 66
4489 1550
1550 403
2816 1871
1871 1817
778 2847
2847 2040
1556 1839
1839 2276
371 3595
3595 1789
3350 4372
4372 1907
683 2112
2112 2790
2938 3637
3637 4390
2606 4423
4423 4569
174 2927
2927 4451
3467 375
375 4541
3518 2945
2945 738
3350 989
989 3805
2228 1928
1928 3806
2145 3657
3657 709
2355 1687
1687 3184
2938 1447
1447 43
544 4564
4564 328
2711 3696
3696 2622
4489 234
234 1022
2228 2342
2342 2135
1056 177
177 1719
1408 3743
3743 4642
1733 1506
1506 4293
3518 1452
1452 2200
2355 4060
4060 4114
4595 1454
1454 2024
683 2913
2913 2866
3353 4088
4088 449
3518 2781
2781 4591
4586 4508
4508 3269
707 456
456 1117
3012 1957
1957 335
3353 2142
2142 709
174 4490
4490 2399
3350 1538
1538 2104
848 679
679 69
406 1003
1003 4610
2938 2602
2602 3307
2452 3298
3298 2622
3012 2686
2686 3548
4606 977
977 4129
3783 468
468 903
3467 965
965 1251
106 655
655 1549
1733 1522
1522 280
2606 2545
2545 2964
3518 1049
1049 2694
371 2441
2441 3837
2816 531
531 581
544 495
495 2758
1556 2832
2832 857
317 3910
3910 3594
371 2433
2433 2454
3834 2899
2899 4527
389 1651
1651 1206
1056 2389
2389 3690
3263 667
667 3871
2813 1438
1438 3690
2355 3715
3715 2104
544 2740
2740 1022
2089 3097
3097 471
3012 1698
1698 1108
400 1533
1533 3806
544 658
658 4503
4586 184
184 2102
4595 879
879 2931
3012 4080
4080 1305
778 7
7 2896
4193 2130
2130 2401
3326 2411
2411 3562
848 395
395 2077
1634 1981
1981 3568
3012 1896
1896 2077
317 440
440 2660
106 2258
2258 1309
3353 309
309 959
2987 2046
2046 3642
2228 2670
2670 4170
3467 3136
3136 3728
3783 597
597 1336
406 4393
4393 2702
4606 1320
1320 4610
2705 4403
4403 4695
4586 3120
3120 738
722 2778
2778 4680
3353 323
323 4286
683 4552
4552 2896
2793 1668
1668 1616
722 4242
4242 1866
4586 2002
2002 2902
3350 3982
3982 4471
250 2600
2600 928
2452 1778
1778 2983
3326 3464
3464 403
2611 4503
4586 2154
2154 2135
4606 3468
3468 2448
371 2960
2960 4111
406 1975
1975 12
4489 3737
3737 3817
2355 215
215 2745
3834 2312
2312 449
406 3760
3760 4610
683 2451
2451 4440
3353 2038
2038 1225
4489 79
79 3050
389 839
839 492
707 3735
3735 2682
2705 4161
4161 454
3263 2724
2724 834
707 255
255 709
2552 3945
3945 4545
400 1341
1341 673
2987 2966
2966 2998
2938 706
706 4129
722 2177
2177 3758
4376 2275
2275 2702
406 1813
1813 4091
406 1716
1716 1099
1408 4347
4347 969
848 1567
1567 3695
1556 2498
2498 4259
4376 2427
2427 1108
406 1721
1721 4227
2145 162
162 4439
1634 3670
3670 4114
2816 1084
1084 4527
2606 3494
3494 2857
3951 2204
2204 3647
406 1104
1104 3667
707 1940
1940 1470
2355 3892
3892 3086
2145 3422
3422 492
778 4539
4539 2535
1080 367
367 3513
1056 3543
3543 3728
2228 4383
4383 1907
3518 4444
4444 2333
250 3197
3197 2448
3783 4361
4361 185
1634 3391
3391 3641
3350 2471
2471 4390
174 2746
2746 1225
707 2482
2482 3184
4586 3534
3534 1299
3350 4287
4287 1505
3350 2499
2499 3676
2813 3128
3128 4504
2705 534
534 1473
3834 4474
4474 2079
1634 3424
3424 91
848 3520
3520 2660
2711 3480
3480 551
1733 3466
3466 1148
174 3002
3002 368
722 850
850 454
3353 3079
3079 551
317 2519
2519 8
2938 2734
2734 1531
3834 314
314 1719
3783 2059
2059 3059
2938 1764
1764 4057
2793 4675
4675 1616
1056 1071
1071 903
544 2272
2272 191
4193 3404
3404 1858
4595 3652
3652 903
722 1860
1860 1817
4376 2675
2675 362
3518 4646
4646 2472
3350 2563
2563 2004
1056 908
908 2467
848 76
76 3548
3467 4513
4513 4114
1056 210
210 1519
2089 636
636 4560
3467 372
372 1403
2228 4597
4597 3668
1056 1740
1740 2785
4376 1345
1345 760
3783 40
40 4091
106 4102
4102 1204
3012 1602
1602 645
2705 1980
1980 709
3834 1166
1166 3548
2938 3014
3014 820
371 2041
2041 4545
544 1948
1948 600
4489 68
68 673
4376 3163
3163 2129
2705 1419
1419 2565
3518 4126
4126 1470
2145 858
858 4680
3263 4107
4107 487
2813 2063
2063 98
4619 1923
1923 1679
2089 2087
2087 2742
3263 3586
3586 2866
4193 4095
4095 1554
2813 3512
3512 1789
778 3276
3276 4560
4193 3530
3530 436
3467 2934
2934 1719
406 135
135 2077
1056 137
137 3184
848 3473
3473 800
2813 1512
1512 2667
3353 737
737 4058
3467 2862
2862 3915
848 1570
1570 4198
2606 2007
2007 4695
2938 2045
2045 4036
2816 3010
3010 3137
1733 2334
2334 3548
4619 1078
1078 63
317 505
505 911
2355 195
195 812
4489 3231
3231 568
2145 970
970 2983
4489 1465
1465 436
3353 3031
3031 2448
2452 1212
1212 2696
1556 453
453 577
2793 1352
1352 3562
683 1566
1566 4426
406 1145
1145 1096
4595 878
878 1251
2089 2794
2794 1907
3350 3496
3496 12
4595 4574
4574 657
3834 3623
3623 91
317 77
77 932
317 64
64 3967
1056 2864
2864 1299
3353 4070
4070 1817
1634 276
276 437
317 1766
1766 1323
3834 1120
1120 2472
3467 1486
1486 4116
4619 462
462 3379
544 4172
4172 2657
1634 3358
3358 1719
707 1842
1842 1719
4586 3517
3517 3146
848 1636
1636 2535
106 3138
3138 3568
2089 4693
4693 857
4586 2893
2893 3086
4619 954
954 3690
848 1958
1958 2384
2552 1574
1574 1470
3263 1010
1010 4457
2705 1844
1844 997
371 1277
1277 1355
2228 4249
4249 865
250 2137
2137 280
683 3689
3689 3817
3467 425
425 2682
544 626
626 4298
3518 3090
3090 2200
400 418
418 206
683 4437
4437 4560
3350 3738
3738 738
4586 253
253 1792
848 113
113 1305
317 384
384 1931
2711 1295
1295 4503
4193 875
875 4452
400 4051
4051 4531
3326 2988
2988 2129
2145 1114
1114 436
2813 3591
3591 1309
400 557
557 4406
4586 3291
3291 222
1080 3283
3283 4057
389 929
929 4426
778 2292
2292 4091
2606 3920
3920 1323
1733 3741
3741 3146
2228 3828
3828 2622
2938 3008
3008 4214
1634 921
921 641
406 2532
2532 4560
4193 2629
2629 4541
1056 547
547 1789
722 4109
4109 4541
4489 4145
4145 1323
1733 3714
3714 2476
400 86
86 1531
3263 1033
1033 3485
3951 4500
4500 3642
2355 574
574 12
3951 4512
4512 4596
778 914
914 4317
1080 3993
3993 2098
1634 1611
1611 3050
2228 4473
4473 3433
2711 958
958 845
3326 3822
3822 959
4376 2543
2543 4696
3353 470
470 1858
1408 2791
2791 3164
2606 4611
4611 4541
4489 632
632 1473
3951 4005
4005 280
3326 1994
1994 3690
2452 3541
3541 2467
3951 610
610 1554
1634 4279
4279 4160
683 2599
2599 2168
250 3054
3054 280
2938 33
33 3604
1056 2150
2150 812
683 4209
4209 2923
3467 29
29 2264
2552 2747
2747 1001
3263 3178
3178 2079
3467 2109
2109 760
389 3675
3675 1619
4595 971
971 2029
389 1835
1835 4406
3951 2842
2842 1891
2938 3126
3126 1889
848 39
39 98
3326 1361
1361 1206
2089 2054
2054 449
4376 4661
4661 3604
2452 2607
2607 793
2552 3426
3426 403
3783 609
609 3667
3518 4353
4353 1560
3834 2296
2296 843
3951 3339
3339 581
707 3767
3767 1363
4489 4119
4119 2374
2816 2962
2962 4537
544 3408
3408 900
371 930
930 1775
2813 1587
1587 4204
4376 888
888 4241
2816 4238
4238 1453
2705 3585
3585 2384
2711 4230
4230 2212
3353 2889
2889 903
1080 4441
4441 1099
722 4282
4282 4610
4619 2947
2947 4541
371 1186
1186 4241
3012 446
446 2930
3326 2126
2126 1858
317 4316
4316 228
4193 4233
4233 337
1080 1932
1932 4052
400 4433
4433 69
3326 1261
1261 2333
2606 3934
3934 3975
722 1140
1140 2104
2813 1876
1876 3625
4606 1617
1617 4043
2089 2294
2294 4016
389 3261
3261 3297
544 3374
3374 1858
2938 3245
3245 569
3350 4662
4662 3435
2606 1146
1146 1355
4606 3795
3795 3433
1733 302
302 2694
3834 4374
4374 4058
778 14
14 3817
174 3893
3893 2004
4489 946
946 3717
4193 2279
2279 4036
2711 3504
3504 4396
683 3255
3255 1323
722 1314
1314 911
3783 2214
2214 3348
3326 4267
4267 4696
2452 2776
2776 4129
406 906
906 3594
106 2442
2442 1714
406 1571
1571 4036
389 3669
3669 4452
848 3679
3679 3348
4489 2929
2929 4537
3353 412
412 4457
2987 2812
2812 2788
2552 3905
3905 2472
1733 2023
2023 465
400 1686
1686 335
2813 3718
3718 2476
2711 1528
1528 2298
317 3962
3962 3717
389 3845
3845 1924
317 631
631 2454
2089 599
599 69
1080 2537
2537 4531
406 4240
4240 1984
3263 2345
2345 4016
2938 828
828 872
4606 3036
3036 684
2452 3654
3654 362
544 1413
1413 2472
3834 4501
4501 2406
3350 1758
1758 893
2793 2140
2140 2896
1634 1308
1308 241
1080 2026
2026 2525
4619 3847
3847 3739
544 770
770 3435
4193 4074
4074 2857
2793 294
294 4503
3518 4245
4245 3513
2793 1583
1583 337
2606 3454
3454 527
4376 2132
2132 845
4619 2741
2741 69
3263 3202
3202 1549
3834 2178
2178 4052
3783 31
31 1903
3012 3570
3570 3817
3783 1344
1344 2406
106 2648
2648 3047
722 4035
4035 4406
2938 93
93 4596
2711 3165
3165 3392
2452 474
474 4299
4586 3102
3102 2029
2987 3658
3658 2024
4606 1240
1240 1973
4595 3498
3498 2923
3353 3133
3133 4036
722 2151
2151 4170
1056 507
507 2406
4586 2407
2407 2004
371 625
625 959
400 254
254 900
3951 1741
1741 1888
1408 2191
2191 4610
544 4534
4534 4097
2938 2673
2673 693
3518 2932
2932 1619
4586 1745
1745 872
2711 3481
3481 857
389 2016
2016 2029
389 768
768 1204
4376 1667
1667 793
2705 1420
1420 2450
1408 313
313 228
2552 1040
1040 3435
317 3963
3963 2399
371 1809
1809 2757
3783 2891
2891 820
1408 3215
3215 1619
683 1222
1222 4569
3467 3882
3882 997
3467 1036
1036 3960
3834 1988
1988 4596
4595 4033
4033 3668
4193 4701
4701 3366
778 1601
1601 2365
2813 4488
4488 66
3518 4138
4138 1225
2813 4
4 979
1056 4446
4446 2790
3326 995
995 2866
3834 438
438 543
778 4076
4076 4129
2816 2618
2618 2362
2793 3064
3064 890
3353 3167
3167 2569
778 4481
4481 4299
406 4587
4587 2024
4376 1030
1030 1616
3951 725
725 243
1408 3284
3284 760
2089 1072
1072 223
2987 3514
3514 1001
371 861
861 2024
2145 1342
1342 3547
2938 2524
2524 1385
174 2261
2261 1619
2228 1708
1708 1148
406 1630
1630 4545
683 158
158 63
722 3020
3020 8
2452 3938
3938 3269
2705 3011
3011 1843
371 4280
4280 3207
1733 1009
1009 2365
3834 256
256 111
722 3571
3571 1931
1634 1223
1223 1148
1733 4292
4292 974
2816 3863
3863 872
1634 3907
3907 454
2606 1058
1058 2823
4586 3345
3345 3547
4193 3108
3108 3958
2089 2146
2146 2757
2452 2373
2373 3562
3350 3448
3448 4440
371 919
919 2928
707 346
346 675
848 4554
4554 3455
4586 2585
2585 4241
2145 1445
1445 4057
2452 259
259 1866
4193 3121
3121 2264
2452 2720
2720 2535
3012 711
711 1789
3834 4636
4636 3137
2552 2496
2496 1099
2452 4371
4371 2902
3951 2526
2526 2281
778 586
586 2476
174 509
509 551
4606 1657
1657 4204
2987 2449
2449 4578
2452 678
678 580
3350 2907
2907 4426
4376 1434
1434 1259
174 777
777 2450
2816 105
105 569
683 4075
4075 492
1733 3577
3577 3765
3783 602
602 4569
2228 856
856 600
4619 4022
4022 2772
4586 4003
4003 1924
2552 427
427 2931
2355 3491
3491 2024
2816 1195
1195 43
1080 1443
1443 324
2452 2521
2521 2834
3783 3630
3630 3433
1080 2733
2733 98
544 780
780 329
317 1458
1458 241
2987 2021
2021 2964
3353 2165
2165 4610
2145 3673
3673 4298
371 2735
2735 3366
3353 3005
3005 4293
389 620
620 1108
683 2027
2027 1463
683 1761
1761 2565
2705 2014
2014 454
4606 1663
1663 1370
2711 3727
3727 1637
3353 4557
4557 3485
2606 4650
4650 890
2355 2877
2877 2401
2452 2193
2193 2168
3012 789
789 3485
722 2884
2884 1363
3951 4210
4210 4058
3951 3592
3592 4299
400 665
665 2467
174 3158
3158 469
4619 251
251 275
4193 2894
2894 1903
2793 1472
1472 2883
4619 4032
4032 3389
544 3701
3701 1654
4193 443
443 4531
406 1692
1692 2753
389 2944
2944 4691
3834 1484
1484 2349
1556 2990
2990 2696
389 361
361 2450
1408 2871
2871 3774
2793 4533
4533 4396
2089 862
862 1637
1408 2265
2265 3269
2816 2743
2743 4298
2938 670
670 3824
1556 1173
1173 1789
683 2225
2225 1108
174 2436
2436 1206
406 4072
4072 2004
4586 1517
1517 3280
3350 3412
3412 820
3012 4496
4496 3047
3326 3678
3678 2450
848 3486
3486 2004
3350 3680
3680 3366
3012 1185
1185 1355
389 3249
3249 4097
250 1803
1803 74
4586 4673
4673 2077
2793 2786
2786 4507
3951 2182
2182 1679
4586 442
442 1336
2089 1640
1640 3796
778 2748
2748 3307
4586 3628
3628 2071
4595 2405
2405 2758
2711 3519
3519 627
3350 743
743 1519
1556 2885
2885 2964
544 4261
4261 2538
4619 1220
1220 1117
2552 2307
2307 4214
317 1588
1588 4439
106 408
408 4114
4376 2815
2815 3960
4193 2010
2010 979
2228 2846
2846 812
3353 2887
2887 2757
544 422
422 812
2145 376
376 2040
2606 3247
3247 693
389 1337
1337 641
2452 887
887 2168
400 478
478 521
4595 3862
3862 1654
3467 3443
3443 4569
2228 2593
2593 890
2228 4223
4223 1545
1733 3327
3327 1001
2552 2100
2100 275
707 4337
4337 3676
683 4387
4387 684
2552 1052
1052 2040
2711 1119
1119 1984
1080 988
988 2512
2145 719
719 3269
1080 3615
3615 4654
4586 2799
2799 3392
544 3479
3479 2628
722 396
396 66
406 1358
1358 1463
2228 1483
1483 2834
2813 3961
3961 1866
2711 2455
2455 2843
4619 2584
2584 1927
4606 2329
2329 2646
3467 4509
4509 4170
683 205
205 3690
3350 4656
4656 2985
4586 2017
2017 3747
2705 2635
2635 2628
250 3661
3661 91
3783 3770
3770 4198
2711 3400
3400 2866
3012 4572
4572 1299
400 647
647 645
317 774
774 324
3783 2560
2560 577
1556 3698
3698 2644
3518 2730
2730 4204
2228 1278
1278 675
2228 2878
2878 4091
2987 4284
4284 3806
2355 271
271 551
2711 2901
2901 2077
707 1257
1257 3625
2938 1502
1502 2622
1733 1019
1019 3269
2711 4448
4448 1393
1080 4131
4131 3542
174 4540
4540 2129
4595 3779
3779 2696
2355 1805
1805 657
2793 1810
1810 125
2452 3214
3214 341
2303 2079
707 1340
1340 4504
778 623
623 1453
2705 477
477 3625
3353 2672
2672 1312
3350 4697
4697 2401
722 589
589 4129
2987 482
482 1370
3326 3843
3843 2212
4489 1210
1210 1096
1556 2549
2549 884
400 1489
1489 17
4489 3362
3362 3958
400 4672
4672 191
722 3744
3744 843
3951 2458
2458 4591
4595 1596
1596 328
400 1995
1995 693
848 2176
2176 357
317 4125
4125 2018
683 3649
3649 329
2145 1947
1947 2264
2793 277
277 2512
1080 1116
1116 1305
4489 4384
4384 2030
174 1087
1087 4680
2145 2009
2009 2512
1556 2981
2981 2834
2355 1324
1324 4642
1056 4019
4019 4545
707 3155
3155 4129
2355 2463
2463 3594
3353 660
660 1098
683 44
44 845
4376 604
604 2644
3263 2777
2777 3211
1556 957
957 2365
722 819
819 368
722 3209
3209 91
3012 4621
4621 1889
389 1718
1718 1984
3012 1674
1674 3975
778 4454
4454 2525
3012 270
270 3765
848 1141
1141 865
2552 2269
2269 2592
3467 2698
2698 857
400 4427
4427 1393
3467 1271
1271 191
4193 2651
2651 4654
2816 1412
1412 551
406 1467
1467 3164
2938 2551
2551 2823
3518 3417
3417 3667
2813 1999
1999 2833
683 2444
2444 3548
2711 3106
3106 785
3012 2422
2422 4457
3834 3635
3635 3633
4606 118
118 111
544 3062
3062 843
2813 2732
2732 185
4376 771
771 865
4376 646
646 2788
3012 2335
2335 1973
2793 587
587 4485
2552 2504
2504 111
317 4631
4631 2200
2145 3713
3713 1225
3467 1834
1834 2393
778 1007
1007 32
250 4226
4226 890
389 2081
2081 1782
683 2315
2315 2667
4193 3536
3536 1312
3783 1048
1048 4695
3518 4173
4173 657
2228 4385
4385 4294
3951 1097
1097 2682
722 2489
2489 4541
1556 4202
4202 2071
544 2809
2809 4016
389 905
905 4016
778 4020
4020 1817
707 4207
4207 3647
3326 336
336 4531
2705 284
284 3196
4376 804
804 3529
2793 1318
1318 1560
406 2729
2729 3816
4606 802
802 292
4619 1437
1437 3455
2793 2848
2848 4581
2987 4270
4270 2513
2813 860
860 2401
2228 1829
1829 1560
250 1331
1331 713
2228 2685
2685 4618
2145 1135
1135 3604
683 1935
1935 2070
1556 3684
3684 32
2816 688
688 4471
250 2033
2033 810
848 4243
4243 63
2793 1551
1551 2758
544 4325
4325 4052
707 901
901 12
2089 2819
2819 368
3326 2821
2821 3295
3012 498
498 911
371 537
537 4227
3951 3875
3875 1817
2813 2473
2473 4016
3353 4063
4063 4406
4489 3488
3488 1329
371 2659
2659 2702
174 4469
4469 1560
4376 796
796 673
2089 2886
2886 2758
4606 413
413 324
2793 1987
1987 4214
544 4649
4649 335
2793 2037
2037 2983
722 1647
1647 612
250 4004
4004 4129
106 3894
3894 3676
1408 3166
3166 2788
4595 342
342 3805
317 1912
1912 17
2711 3933
3933 1206
2793 3929
3929 4016
2145 1107
1107 527
4193 1832
1832 4591
2816 3317
3317 641
174 3398
3398 3435
722 156
156 4214
4606 3991
3991 125
2452 4671
4671 3041
3326 103
103 1931
3012 85
85 2317
174 1372
1372 2660
3783 1051
1051 2004
3951 3772
3772 4057
3518 2817
2817 4691
2452 1547
1547 63
2355 1477
1477 812
1634 4011
4011 2772
4193 450
450 3059
778 273
273 4560
1080 3206
3206 206
2793 1738
1738 600
3012 3364
3364 4299
1408 1365
1365 17
406 2061
2061 521
2355 1421
1421 223
400 3883
3883 527
544 2784
2784 3690
1556 2474
2474 2512
4595 2114
2114 465
3263 1797
1797 4214
1408 4348
4348 4198
4376 4698
4698 1637
3467 2350
2350 1044
2938 1386
1386 900
1056 2975
2975 2476
3012 4177
4177 3513
389 1013
1013 2628
3951 3103
3103 2742
4489 101
101 4111
544 1591
1591 1370
3350 3904
3904 835
371 715
715 2823
683 1730
1730 1817
2452 3254
3254 3307
371 1974
1974 1539
2355 2952
2952 4057
4376 3956
3956 2646
3350 1653
1653 1259
2711 692
692 1329
106 2874
2874 4527
2938 3475
3475 3548
4619 4100
4100 4589
3951 1548
1548 928
778 2806
2806 581
2552 2074
2074 1323
3012 1951
1951 223
4376 2099
2099 2788
2711 170
170 191
3518 3370
3370 4642
2793 2906
2906 2982
2355 4559
4559 3625
406 4450
4450 32
2813 2295
2295 2823
1733 695
695 3608
3783 2642
2642 2983
2705 2968
2968 3608
3353 4301
4301 641
3783 1558
1558 2535
1408 769
769 1577
778 386
386 4286
1634 383
383 3728
3326 3386
3386 4426
4376 2700
2700 1577
2816 3458
3458 959
4193 2621
2621 2199
3783 3521
3521 3747
1556 1780
1780 793
2089 2293
2293 3805
3012 4027
4027 2070
2816 88
88 3366
848 4146
4146 1393
2552 1606
1606 2843
2938 1382
1382 357
317 1415
1415 782
848 3666
3666 3765
2938 1613
1613 2129
2813 379
379 3967
1556 122
122 1714
1080 2377
2377 932
2987 983
983 865
1556 192
192 2694
722 3501
3501 1539
4193 301
301 723
2355 1262
1262 2450
250 1270
1270 2212
4376 2470
2470 2098
2452 1023
1023 1098
389 2326
2326 4317
3951 3434
3434 2998
4489 677
677 3608
400 1689
1689 2780
2552 1508
1508 125
2938 549
549 645
2705 1178
1178 3041
400 4192
4192 3146
317 1075
1075 3711
3263 1963
1963 3137
2606 1985
1985 2930
389 790
790 27
1056 2426
2426 91
3263 2580
2580 1858
2816 1121
1121 884
3326 2330
2330 206
1080 3028
3028 243
3012 3821
3821 4618
4376 2256
2256 3433
3834 3190
3190 3547
3951 1159
1159 612
2606 4679
4679 2857
2793 1139
1139 3067
1080 306
306 2757
174 3730
3730 3047
2711 239
239 928
2552 3153
3153 43
3012 2961
2961 3164
250 1180
1180 793
2089 2897
2897 1323
3951 3988
3988 3149
3326 2880
2880 2098
317 907
907 1022
406 2764
2764 1305
2228 410
410 843
2705 3324
3324 2982
174 3865
3865 1792
3518 316
316 2245
2228 2575
2575 4527
3951 2171
2171 1206
707 556
556 3067
406 2241
2241 1973
3350 11
11 487
3951 4599
4599 3739
722 1838
1838 2896
1408 298
298 2129
2089 1827
1827 4396
2987 161
161 1251
4489 2207
2207 66
2606 4307
4307 191
4595 3315
3315 449
3951 3840
3840 2682
4586 3123
3123 4097
4619 1892
1892 2476
848 1422
1422 3297
106 3260
3260 928
1556 1535
1535 3047
1634 616
616 3837
3326 2502
2502 1044
174 4612
4612 3960
3518 2431
2431 2525
2452 274
274 569
848 3899
3899 814
2987 512
512 2667
2355 3622
3622 4569
2793 4609
4609 577
2705 1624
1624 4541
400 2836
2836 3164
2813 214
214 243
2711 2417
2417 2985
174 2594
2594 241
2452 5
5 2772
707 4608
4608 1098
848 1881
1881 1163
1408 953
953 569
317 4185
4185 4259
3951 1369
1369 3379
2813 1334
1334 3600
406 2388
2388 2660
3951 4370
4370 1789
4489 3611
3611 2040
4606 1898
1898 837
2987 4639
4639 4044
3263 1796
1796 4160
2705 3540
3540 3307
400 4424
4424 3041
778 3941
3941 4503
250 4386
4386 436
3834 3223
3223 1577
1408 1585
1585 884
1634 2756
2756 1251
778 4157
4157 66
1080 1347
1347 928
1556 3382
3382 4036
2452 4340
4340 4390
2552 208
208 69
4489 3144
3144 845
3353 2814
2814 222
1556 999
999 996
4586 2750
2750 4114
683 718
718 1843
3783 458
458 843
3263 3789
3789 2742
4619 4087
4087 3824
406 3552
3552 641
848 3526
3526 3958
2552 3861
3861 1814
3012 4395
4395 4406
3012 4657
4657 723
778 3869
3869 2264
3951 3040
3040 185
2452 2208
2208 172
3012 1291
1291 1828
2793 311
311 4527
389 1066
1066 4057
2813 2316
2316 2823
2452 2179
2179 3785
544 1481
1481 4391
4619 1605
1605 1204
1408 3749
3749 3086
848 513
513 111
3263 1593
1593 1099
848 61
61 66
2089 1659
1659 4057
707 1184
1184 2834
544 3644
3644 1363
1634 1788
1788 1470
2452 2630
2630 217
4606 2775
2775 1108
406 1162
1162 3164
2987 196
196 4241
4193 1021
1021 760
722 1884
1884 1323
3353 3438
3438 4691
250 4483
4483 3625
3951 1414
1414 437
544 2946
2946 1924
174 3058
3058 2772
4586 560
560 4569
3783 1537
1537 2883
1556 2396
2396 2349
2355 1229
1229 1323
1556 3643
3643 3594
3350 4338
4338 2753
2355 3450
3450 3297
2089 2976
2976 368
3350 3395
3395 4695
1733 721
721 4451
2552 1417
1417 8
250 1639
1639 2029
778 1102
1102 27
4606 566
566 12
2793 2414
2414 3050
4586 807
807 449
4489 266
266 172
406 2209
2209 2657
3783 4550
4550 3366
1634 2873
2873 1719
3263 3914
3914 627
406 1194
1194 2018
2711 2632
2632 3392
250 3023
3023 3796
3350 4702
4702 1251
2089 1471
1471 2362
2705 3072
3072 785
2452 3832
3832 2644
2938 4577
4577 2834
2228 668
668 884
3353 2904
2904 454
1080 1242
1242 2757
389 4653
4653 1866
1056 3853
3853 551
2816 1524
1524 4426
371 1207
1207 3149
4619 4532
4532 3513
2938 816
816 3690
2705 3237
3237 2935
722 701
701 872
3353 3590
3590 2077
2145 1176
1176 1096
2606 128
128 1403
106 1879
1879 4214
4193 2849
2849 969
317 3224
3224 2667
106 3554
3554 1044
1634 876
876 1363
4595 3890
3890 3594
778 3109
3109 800
4193 2364
2364 1814
4619 4141
4141 1044
2816 898
898 449
1408 1181
1181 4396
2228 3349
3349 713
2606 4690
4690 357
2705 3085
3085 3435
544 567
567 465
3951 642
642 1654
106 3016
3016 3967
1556 1027
1027 872
848 1383
1383 657
4586 3575
3575 172
683 2331
2331 228
2705 3375
3375 3668
174 4010
4010 760
4193 3791
3791 4227
683 315
315 3419
683 1189
1189 1329
2552 1590
1590 1096
2938 1854
1854 4439
4193 1845
1845 243
3012 364
364 723
4376 817
817 1619
2816 2616
2616 1669
4606 639
639 924
2987 584
584 2276
4193 421
421 4531
3951 3626
3626 810
389 1297
1297 2393
2816 491
491 1336
174 1753
1753 4691
722 1416
1416 3547
4619 1603
1603 713
2816 1351
1351 1782
2816 1461
1461 4531
400 4336
4336 4299
106 2115
2115 2525
2711 2802
2802 1403
3467 2527
2527 2931
317 2244
2244 4097
2711 3989
3989 3529
3012 4462
4462 4021
2793 1089
1089 2450
722 2226
2226 997
1556 4400
4400 693
722 1494
1494 568
2228 833
833 1288
1733 2340
2340 1572
2987 2516
2516 449
3350 3839
3839 761
3350 2492
2492 4591
1080 4266
4266 4610
2089 2718
2718 4531
400 3798
3798 3086
2813 3069
3069 3050
106 286
286 4298
2705 964
964 1927
2711 123
123 337
3326 1061
1061 3551
707 2663
2663 43
2452 1479
1479 4432
4489 4644
4644 111
2987 4343
4343 66
2145 4229
4229 492
4586 3868
3868 2592
4376 4061
4061 2569
3951 202
202 2365
2089 3782
3782 4036
4619 3546
3546 4485
2816 2795
2795 2985
848 1244
1244 2758
4489 1861
1861 3668
1408 1177
1177 4198
4193 3299
3299 3207
1733 3252
3252 4097
778 3983
3983 1866
3467 2185
2185 3485
4489 4263
4263 2833
3353 2224
2224 1719
2606 1155
1155 449
1634 578
578 1616
3834 3373
3373 203
389 2352
2352 3806
4606 15
15 1370
250 3130
3130 2365
3353 2587
2587 4114
4376 1779
1779 4286
2987 176
176 1719
2938 2360
2360 4148
3263 3489
3489 1619
722 4123
4123 2004
2711 1138
1138 3149
2606 4258
4258 1363
1556 1296
1296 884
1408 4482
4482 3594
1733 1996
1996 2790
3834 4542
4542 3608
106 201
201 1206
3326 2375
2375 337
2705 4048
4048 3280
2793 1394
1394 1792
1634 1649
1649 3086
400 963
963 4116
4619 2460
2460 3774
3012 145
145 974
2711 3080
3080 3050
4489 300
300 911
4193 3013
3013 91
4606 1301
1301 3625
4193 4013
4013 4235
4193 157
157 2985
707 3954
3954 693
2705 4153
4153 4696
406 3270
3270 723
3263 2162
2162 4654
3263 871
871 810
2452 3572
3572 1577
3518 3344
3344 368
3350 3731
3731 773
371 2669
2669 2538
2145 3160
3160 1363
4193 3523
3523 469
2705 700
700 4545
1634 1882
1882 2902
4619 937
937 843
848 350
350 3885
250 3053
3053 3348
1733 4359
4359 2565
2452 818
818 3774
3350 494
494 4160
1056 2240
2240 368
1408 2034
2034 3774
2089 1875
1875 3755
250 3524
3524 66
371 1168
1168 2622
371 2559
2559 1539
2552 1699
1699 3455
174 3421
3421 1577
722 83
83 2029
2145 3723
3723 66
2793 1582
1582 2667
3834 2953
2953 865
3263 1713
1713 2513
371 1129
1129 4531
406 2701
2701 1463
4586 4269
4269 4569
2552 1273
1273 543
1080 2507
2507 4286
707 1949
1949 3647
3353 910
910 2512
3012 1188
1188 1954
3350 4495
4495 820
722 4201
4201 4115
2711 358
358 843
1634 4169
4169 1519
4586 624
624 3816
174 561
561 3915
317 265
265 1473
2793 3965
3965 2070
848 2838
2838 2040
3326 2233
2233 675
2813 1840
1840 74
848 3909
3909 241
400 2567
2567 2264
4193 1237
1237 911
371 1614
1614 1505
722 3784
3784 4695
1408 1925
1925 2448
4489 3117
3117 1096
4619 2369
2369 2998
848 3431
3431 2467
2816 1701
1701 335
317 3428
3428 3641
1634 1967
1967 2757
2816 3258
3258 2928
406 2917
2917 1539
3326 1439
1439 893
2987 416
416 8
4606 1819
1819 2281
3353 2937
2937 3915
4606 326
326 324
1556 4480
4480 2071
2711 3124
3124 1163
4606 2839
2839 1473
544 62
62 454
400 4288
4288 4214
3353 1307
1307 275
371 1409
1409 1099
2813 4167
4167 2702
389 1518
1518 1108
1556 1252
1252 1363
4606 1857
1857 2535
174 2049
2049 125
4193 1152
1152 4259
1056 1826
1826 1470
4606 791
791 2998
2705 272
272 3824
2705 558
558 3676
2552 2425
2425 2467
3951 248
248 2333
544 3212
3212 3837
2452 3471
3471 2102
2089 4499
4499 928
1080 3966
3966 3739
3350 1759
1759 2406
3326 4311
4311 172
106 1171
1171 1616
2552 3535
3535 1931
683 4402
4402 1572
1408 2955
2955 4021
2552 4127
4127 3625
2552 1700
1700 69
2452 3957
3957 1001
707 1209
1209 2102
1556 1286
1286 4391
2089 4313
4313 2770
4606 2353
2353 2823
2355 3171
3171 713
3518 3754
3754 810
1634 4162
4162 709
707 1493
1493 2102
4619 3405
3405 4566
371 2736
2736 469
2705 615
615 43
3350 4200
4200 3513
3467 1287
1287 4286
317 3768
3768 4680
3263 832
832 138
2816 1476
1476 2923
3518 291
291 437
4595 4455
4455 645
722 2529
2529 4439
1408 982
982 4695
3350 148
148 3389
3467 3104
3104 1973
3783 4122
4122 1719
4376 2943
2943 890
250 881
881 903
1556 3745
3745 3774
174 2141
2141 3824
317 917
917 368
3834 1608
1608 3676
2938 2110
2110 4406
722 2371
2371 893
106 4001
4001 657
2938 2218
2218 2276
2089 3026
3026 3765
2711 2798
2798 1117
4376 2229
2229 3608
4586 3503
3503 911
4595 1735
1735 2935
3951 461
461 959
2228 4268
4268 3975
3353 2339
2339 142
2793 189
189 91
2987 1856
1856 2401
2089 4487
4487 1001
4489 2875
2875 2333
3012 2578
2578 4160
3467 114
114 3728
3783 278
278 17
317 3078
3078 4610
371 344
344 2276
1634 2359
2359 820
544 1916
1916 1393
1056 3293
3293 3915
2452 2577
2577 172
3783 445
445 4566
1056 303
303 581
2813 3157
3157 3695
2705 3306
3306 4298
2089 506
506 4214
1056 1632
1632 2401
1080 3230
3230 3806
317 1172
1172 3513
389 159
159 865
250 3864
3864 3137
4606 4221
4221 2682
3012 1933
1933 2018
3951 4666
4666 3975
2793 3959
3959 1148
2987 895
895 3433
3263 2025
2025 936
2938 3148
3148 465
317 1820
1820 1098
250 1083
1083 3196
3783 2300
2300 4642
3263 991
991 2298
3263 3357
3357 2135
4606 1971
1971 3600
4489 1396
1396 17
2938 998
998 3419
2089 4064
4064 1577
1056 3210
3210 4298
371 293
293 1099
2816 2892
2892 206
250 2970
2970 3796
4586 2706
2706 1256
1634 3100
3100 793
848 2956
2956 3806
2452 3081
3081 2928
2452 1970
1970 2454
4619 3463
3463 1336
2606 3110
3110 1453
722 1982
1982 4426
4489 2555
2555 3207
2987 2366
2366 1907
3353 1710
1710 4406
400 894
894 436
4606 1878
1878 1891
2938 4175
4175 3975
2552 2762
2762 4589
778 3084
3084 3668
683 2654
2654 1654
389 164
164 1891
2938 2400
2400 3758
1556 2888
2888 4426
2793 2420
2420 884
3012 572
572 3975
3012 2690
2690 3975
371 886
886 723
848 485
485 2538
3326 4281
4281 2985
4376 3472
3472 810
2355 3665
3665 329
2228 530
530 1117
3350 102
102 4531
3353 3208
3208 4036
2793 841
841 1679
250 2321
2321 3137
317 1944
1944 2454
3951 4360
4360 580
4376 1774
1774 1096
1733 3793
3793 4691
106 3225
3225 3211
683 2936
2936 1206
3951 1201
1201 4235
4193 3879
3879 2365
2552 1457
1457 4596
778 2708
2708 2682
4606 2483
2483 353
707 3061
3061 2194
544 972
972 3280
389 783
783 4560
4376 2995
2995 3207
3350 3365
3365 4160
2228 4090
4090 1067
3783 1011
1011 1924
2987 1226
1226 27
3012 2631
2631 4116
4606 1054
1054 3641
2711 3235
3235 2928
1733 232
232 3668
389 1248
1248 1549
4619 2120
2120 1403
2938 1381
1381 3548
1634 4478
4478 2406
3350 2166
2166 4507
707 193
193 27
2705 3638
3638 3608
3783 212
212 1385
2452 1807
1807 2857
4193 4213
4213 3967
371 4124
4124 837
1080 1113
1113 4170
778 2075
2075 328
1408 226
226 3297
2145 4120
4120 4581
544 179
179 4204
106 2380
2380 3796
2705 613
613 4537
174 144
144 4560
3783 1937
1937 1393
4619 4262
4262 974
2355 1853
1853 1924
389 3994
3994 4241
707 3870
3870 4208
2145 759
759 969
2793 3259
3259 893
707 1156
1156 2702
4489 3470
3470 3642
371 1459
1459 1891
406 1100
1100 2565
4606 2478
2478 600
683 1268
1268 368
2711 3930
3930 2576
848 938
938 569
707 2067
2067 4198
722 922
922 243
1080 2609
2609 4298
707 3752
3752 3975
3350 3565
3565 3739
106 3694
3694 4545
1080 614
614 4527
3012 1977
1977 3967
2938 151
151 403
4606 1628
1628 206
2705 2144
2144 142
2987 3645
3645 3758
722 4438
4438 3307
1556 2287
2287 3625
2452 3850
3850 1669
3518 3116
3116 1814
4489 242
242 185
683 1055
1055 3211
2987 441
441 1470
3350 1497
1497 4286
2816 776
776 761
1408 13
13 800
400 961
961 2646
400 3337
3337 3594
3783 4404
4404 3672
2793 2479
2479 936
2711 18
18 3086
1634 4046
4046 3389
3326 2356
2356 43
3326 3203
3203 3806
1556 1294
1294 3817
2938 4042
4042 761
722 3851
3851 2476
2089 2604
2604 4545
2705 1375
1375 761
3353 2170
2170 1858
4619 4638
4638 4286
544 2984
2984 810
1056 4278
4278 2622
544 104
104 98
400 4092
4092 3086
544 3722
3722 581
2705 1086
1086 3555
1556 2291
2291 138
389 2796
2796 1204
4586 1579
1579 872
2552 4476
4476 3871
2987 480
480 969
3012 225
225 2525
3263 2119
2119 4091
2452 4368
4368 1355
4595 1917
1917 4294
1634 4014
4014 675
317 1196
1196 4504
174 2259
2259 1954
4595 2709
2709 543
406 2586
2586 1309
3012 1847
1847 223
3012 2920
2920 2694
4606 603
603 2788
4586 3968
3968 3435
250 319
319 471
1556 378
378 1259
1408 824
824 1888
2145 3833
3833 341
4489 288
288 17
3518 460
460 2199
2228 1283
1283 2657
3353 312
312 3608
2793 510
510 627
1733 3437
3437 890
400 1561
1561 341
4586 3243
3243 4439
4489 765
765 3690
2816 2443
2443 3059
2228 117
117 357
778 1304
1304 3837
1556 2057
2057 969
4376 1045
1045 793
2452 1264
1264 4485
371 2215
2215 492
848 1169
1169 203
1556 4028
4028 27
250 1946
1946 1549
848 4319
4319 2199
4595 3236
3236 903
778 2252
2252 3086
2938 1921
1921 2264
371 1756
1756 91
3951 4134
4134 527
106 2111
2111 2384
3326 2262
2262 63
3783 3029
3029 8
3326 803
803 2454
3326 559
559 2472
683 2774
2774 612
1056 1833
1833 959
2606 3367
3367 2780
3263 994
994 1470
2938 3884
3884 2998
2816 2469
2469 3455
1556 4246
4246 1888
1634 4303
4303 241
3834 2680
2680 3211
250 1211
1211 814
3263 173
173 4560
3951 1198
1198 1572
250 1620
1620 3647
4586 2397
2397 1305
317 981
981 4485
3783 2721
2721 1654
2705 3804
3804 627
4489 3726
3726 4432
371 2703
2703 2696
2987 1905
1905 2365
683 3281
3281 645
722 4412
4412 4294
1733 2977
2977 2576
2813 2827
2827 2384
174 3854
3854 32
4619 896
896 3600
2987 1846
1846 2454
3353 3917
3917 1117
848 4373
4373 581
2452 1645
1645 3695
4586 3937
3937 2129
1080 515
515 403
1556 3682
3682 3837
3012 619
619 1288
2452 992
992 2646
2987 233
233 3758
2228 4247
4247 4426
3350 1972
1972 4036
406 263
263 2823
371 1115
1115 3672
1556 4498
4498 1309
1733 1311
1311 3562
2711 126
126 600
544 2039
2039 4286
389 1734
1734 1022
3467 332
332 782
4193 1077
1077 760
3951 3361
3361 363
722 72
72 814
2793 4399
4399 527
3350 1193
1193 2365
1733 3515
3515 368
3951 4104
4104 3067
848 3578
3578 2565
400 1322
1322 693
406 1339
1339 2983
400 3341
3341 2983
544 889
889 2576
1080 3220
3220 3547
1080 2302
2302 2450
4595 1729
1729 4531
1080 2695
2695 2365
406 1676
1676 3647
3467 3550
3550 1888
3326 3505
3505 2276
3783 2717
2717 2450
3518 1818
1818 1363
2793 1902
1902 814
400 2136
2136 4052
3353 4528
4528 4396
544 2581
2581 2525
2816 3188
3188 2592
3012 3396
3396 2790
1056 4363
4363 3805
1556 2571
2571 2696
1056 4094
4094 2029
4586 3533
3533 4390
3951 3692
3692 3149
1733 1914
1914 3717
3012 1678
1678 1560
1634 847
847 2983
2987 744
744 1619
2813 3057
3057 893
2355 3403
3403 32
3467 2503
2503 773
4619 3300
3300 2833
4595 3912
3912 66
3012 4674
4674 4391
2089 1685
1685 4507
4595 264
264 2569
3350 3836
3836 111
389 3068
3068 4170
389 2183
2183 2928
3951 2677
2677 2077
2089 4648
4648 4451
400 4381
4381 738
174 2603
2603 2135
1556 2230
2230 3269
4595 1938
1938 4043
544 2684
2684 1022
389 2239
2239 581
544 1771
1771 74
4586 1110
1110 341
2145 1335
1335 872
2813 3932
3932 1336
1080 2271
2271 2245
106 4456
4456 738
3951 211
211 2276
2793 4526
4526 2245
2938 1706
1706 3529
2228 2381
2381 2467
2089 3556
3556 2454
3263 3897
3897 3774
722 3712
3712 69
2089 2290
2290 3885
4586 4590
4590 1889
250 745
745 890
2228 484
484 43
3467 3007
3007 1560
1408 4344
4344 1789
3518 467
467 4537
2606 2481
2481 924
3353 1646
1646 4695
2793 1070
1070 2823
3350 772
772 4114
848 1784
1784 2333
1056 3321
3321 2194
3518 740
740 2592
2606 4049
4049 222
3467 3981
3981 3366
2705 2053
2053 2592
2228 2771
2771 4589
683 3849
3849 1545
389 3316
3316 4560
2355 402
402 3600
2355 143
143 2399
3350 986
986 2476
3951 1521
1521 217
3783 2804
2804 243
2452 1908
1908 2024
2452 4510
4510 2883
3326 2754
2754 1473
3783 605
605 4440
3518 3052
3052 2077
400 252
252 2030
2606 4309
4309 3885
317 2539
2539 2029
2938 3101
3101 275
406 190
190 1312
2705 4166
4166 2930
1733 2613
2613 8
3353 417
417 4440
778 4411
4411 600
2552 1725
1725 675
3518 1354
1354 2935
1056 2266
2266 1866
250 511
511 4507
1556 4101
4101 43
4586 2561
2561 4406
3518 310
310 4116
4606 1234
1234 2513
848 4464
4464 890
2987 2383
2383 3207
406 3927
3927 843
1733 2113
2113 324
4595 4699
4699 3676
3353 2972
2972 627
371 1978
1978 4055
1056 2872
2872 3824
406 230
230 4680
4595 664
664 3392
1080 4333
4333 3067
3951 4304
4304 810
3518 486
486 928
250 3296
3296 4116
2145 1046
1046 3196
2452 1480
1480 1288
1634 1553
1553 4440
2228 3674
3674 223
2089 1597
1597 3547
2705 3677
3677 1099
2089 55
55 3633
3467 1836
1836 2264
1733 1516
1516 2758
3518 235
235 820
2089 2487
2487 4214
2606 1279
1279 3711
3467 2916
2916 1323
3263 1224
1224 2896
1733 2687
2687 2406
3783 3181
3181 4390
250 1793
1793 228
4376 3063
3063 928
2552 385
385 2928
4376 3720
3720 3765
707 3596
3596 924
4586 3132
3132 4227
3012 4002
4002 1891
2228 373
373 3806
1080 1125
1125 3871
2089 2562
2562 1505
2355 1153
1153 353
106 1399
1399 569
2705 1057
1057 4503
2452 2358
2358 1903
4193 459
459 1891
389 2840
2840 3149
3951 149
149 91
1634 746
746 2657
4193 902
902 4485
3326 3406
3406 4016
683 3449
3449 4111
1634 1401
1401 368
683 2008
2008 4452
2987 582
582 3676
1056 1812
1812 4596
2228 3383
3383 4036
3834 4211
4211 1393
250 3606
3606 2030
4595 2263
2263 2696
1056 260
260 812
2145 1772
1772 761
1408 1783
1783 2883
389 3508
3508 2896
4376 1664
1664 1305
1080 2658
2658 2070
778 3037
3037 1403
3263 607
607 4485
389 3156
3156 4432
106 4231
4231 3817
707 4300
4300 1519
4606 2579
2579 3824
1556 4622
4622 4396
389 916
916 1505
2793 2387
2387 641
4193 3242
3242 4541
722 4420
4420 4390
250 1390
1390 66
3783 552
552 4057
544 4434
4434 337
778 4324
4324 2513
4595 867
867 2029
4619 4449
4449 454
1634 1673
1673 1858
3012 2297
2297 1782
174 4633
4633 979
1556 3800
3800 3050
3012 261
261 2923
4595 2043
2043 2728
2987 244
244 223
4376 2304
2304 3785
683 4155
4155 569
2355 1353
1353 3389
3783 497
497 932
3951 56
56 206
317 2653
2653 3207
722 2751
2751 1679
2606 2855
2855 738
174 3913
3913 2576
683 2173
2173 353
1556 923
923 2102
2606 4252
4252 760
3350 41
41 4055
3467 1672
1672 437
4489 4181
4181 872
3326 4151
4151 1817
406 2773
2773 3050
1634 1460
1460 2928
1080 4415
4415 2393
4606 4135
4135 4642
2705 3083
3083 3717
1408 4584
4584 761
2705 681
681 4259
250 3880
3880 4406
2938 431
431 1022
1408 4341
4341 1001
683 1586
1586 3547
406 3781
3781 4214
3951 4351
4351 362
2987 2805
2805 1984
2813 2480
2480 900
2089 2325
2325 4560
544 3812
3812 2525
2711 3584
3584 2728
389 4327
4327 1305
3326 1956
1956 3915
848 2852
2852 2928
3467 1961
1961 74
2793 2820
2820 738
778 3502
3502 4452
389 3161
3161 911
250 2542
2542 2365
3783 2217
2217 1927
1733 2510
2510 2930
4586 1475
1475 600
2813 1068
1068 1336
707 1313
1313 527
722 1492
1492 3711
2228 1026
1026 3885
2145 2500
2500 4286
4606 4159
4159 3269
2355 661
661 2450
1733 1968
1968 1355
4376 1349
1349 2535
2552 3903
3903 3647
1408 4165
4165 1554
2452 3035
3035 2077
2705 532
532 17
2145 3947
3947 675
4619 479
479 2317
2793 1205
1205 1789
2938 305
305 4052
4595 2357
2357 2780
3518 247
247 1329
2452 3634
3634 645
3353 501
501 2592
2228 3019
3019 8
389 952
952 581
3263 2723
2723 4111
400 3027
3027 932
4586 109
109 4055
389 1621
1621 4440
2145 1429
1429 2982
2711 3407
3407 172
3834 555
555 569
1056 4068
4068 857
317 194
194 1148
3834 245
245 3774
848 4497
4497 590
2089 411
411 357
4489 3507
3507 3676
707 132
132 4317
2089 1711
1711 3774
1080 735
735 3562
2793 3173
3173 2985
2089 2958
2958 1619
2705 2084
2084 1329
1634 634
634 337
1080 2408
2408 979
3951 533
533 1719
1080 4265
4265 814
2711 1863
1863 2276
1080 4425
4425 3164
722 3429
3429 2985
3350 2445
2445 3485
389 4408
4408 3633
4376 2346
2346 3041
3783 2477
2477 3419
389 3141
3141 3211
406 1377
1377 3308
317 931
931 1973
683 767
767 890
3951 1374
1374 17
3263 354
354 203
2089 4556
4556 641
4606 150
150 335
2606 1953
1953 3184
4193 763
763 328
1634 4031
4031 3695
2552 1760
1760 222
4619 95
95 2682
174 3
3 2565
389 3114
3114 1637
3263 4306
4306 1924
544 188
188 4214
2228 451
451 1288
4606 3381
3381 2281
1634 4310
4310 2194
3012 662
662 1288
3350 2683
2683 2758
3263 3599
3599 1654
2228 343
343 600
4376 2344
2344 3433
3012 3056
3056 645
174 968
968 3050
1733 4551
4551 4043
2816 82
82 4452
544 1428
1428 3392
3951 3955
3955 4294
3012 4137
4137 2902
250 3792
3792 4170
3783 1901
1901 3548
3263 844
844 4691
2228 3312
3312 1572
389 4626
4626 2569
3012 2997
2997 3086
1056 2019
2019 328
1080 3461
3461 1204
2793 1540
1540 2790
3518 2515
2515 2833
4376 4419
4419 2401
2705 2202
2202 1204
2089 2278
2278 1828
4619 49
49 3295
4193 3025
3025 1973
2987 909
909 2399
2816 653
653 2472
2228 345
345 280
2606 4323
4323 782
1733 78
78 4485
1733 1249
1249 3555
2987 4567
4567 1539
250 3414
3414 4091
778 1024
1024 1022
2228 4203
4203 2098
1634 4394
4394 4396
406 1326
1326 4235
2552 2221
2221 2071
1408 3753
3753 3667
2452 359
359 1679
4489 2284
2284 4696
3326 2639
2639 590
2711 1794
1794 111
3834 1569
1569 4286
3951 4354
4354 222
3951 3439
3439 1403
1080 691
691 4204
3326 1243
1243 1531
3012 720
720 2576
2938 3984
3984 810
1733 178
178 4578
2228 2971
2971 1370
1733 3343
3343 2317
250 1899
1899 1858
1733 1388
1388 69
317 4251
4251 1148
4595 6
6 3967
722 30
30 2757
389 374
374 4036
3012 160
160 3960
707 1103
1103 4091
4193 1816
1816 4545
2552 2232
2232 893
3951 1378
1378 4116
4606 3506
3506 17
1056 1112
1112 3668
4595 2939
2939 368
4376 808
808 91
3518 4163
4163 4581
4595 4524
4524 1473
3783 4079
4079 3739
2938 4682
4682 1866
250 727
727 1206
3263 4543
4543 4457
3350 3493
3493 3297
3263 262
262 2780
2145 3940
3940 1288
4595 4339
4339 2317
4489 1911
1911 2576
722 1990
1990 191
4489 4486
4486 2964
406 2624
2624 3647
2355 3762
3762 2843
4489 4511
4511 1866
1733 35
35 845
3783 1936
1936 3568
2355 2097
2097 1539
2711 3705
3705 3086
389 2289
2289 2788
317 940
940 4043
3326 1384
1384 3915
4619 1890
1890 2281
1733 1868
1868 4440
3783 2367
2367 4507
389 92
92 3196
3834 3000
3000 4504
2938 2322
2322 2628
4193 1088
1088 2646
1634 3886
3886 1714
2813 3922
3922 3600
317 3113
3113 2930
3834 3613
3613 2770
1634 1562
1562 2788
2606 3888
3888 3146
4619 4133
4133 4696
2793 2143
2143 2660
2355 528
528 3308
3951 296
296 4391
4586 2391
2391 4618
2228 392
392 368
4586 430
430 2788
848 3704
3704 1549
371 426
426 1637
3350 3748
3748 4596
3834 434
434 1108
1733 717
717 3348
2606 628
628 469
3353 285
285 3041
2552 1442
1442 684
2705 182
182 793
2987 4009
4009 2923
2145 1910
1910 835
2711 3736
3736 2030
371 3627
3627 2785
4595 2106
2106 2998
722 452
452 996
4595 826
826 3642
3012 866
866 492
3518 2643
2643 4432
317 520
520 1096
2813 4651
4651 368
3518 595
595 551
371 3891
3891 292
2452 2464
2464 2317
1634 1543
1543 2694
2145 3995
3995 4578
389 1950
1950 1954
3518 3866
3866 2070
722 3607
3607 568
707 3528
3528 1973
3951 1455
1455 551
389 4583
4583 1022
2552 1491
1491 3295
2813 2540
2540 1385
3326 2570
2570 328
1408 2197
2197 4581
406 2156
2156 996
3834 2122
2122 4537
106 1697
1697 1256
2606 3091
3091 329
778 2101
2101 2024
2606 4130
4130 2985
4595 110
110 2467
707 3267
3267 217
683 3559
3559 3975
848 2044
2044 1889
106 749
749 329
2606 472
472 4440
1056 355
355 2384
2793 2546
2546 3568
174 4436
4436 4531
3353 1035
1035 43
3326 129
129 4566
3834 752
752 3041
3467 54
54 996
106 496
496 2923
2145 2195
2195 4589
2355 1
1 1355
4606 1802
1802 4695
2355 2392
2392 2935
2813 3410
3410 4451
2705 3766
3766 2745
3783 4547
4547 403
4193 2713
2713 4581
400 1612
1612 4390
544 321
321 1545
2987 1992
1992 2964
3326 370
370 568
3951 4392
4392 1336
2813 4176
4176 172
2228 4232
4232 1001
683 3509
3509 4527
3012 4637
4637 4214
3467 2671
2671 3297
317 4056
4056 1954
2145 942
942 337
3350 2167
2167 3695
106 3234
3234 3747
2987 2435
2435 773
848 2078
2078 2399
1408 3686
3686 4036
2552 4218
4218 17
174 3380
3380 2660
2987 3569
3569 1545
389 2242
2242 3600
2452 3384
3384 1865
1733 2845
2845 543
683 3150
3150 782
3467 4520
4520 2399
2813 1406
1406 1370
4586 3265
3265 2843
4619 2948
2948 1616
1056 1894
1894 3711
2938 4685
4685 3307
4586 948
948 4396
1408 2051
2051 69
2145 4149
4149 612
2816 2429
2429 935
1408 3876
3876 4058
1056 4623
4623 738
848 733
733 1312
106 2001
2001 2964
4606 2861
2861 1572
2813 1823
1823 1163
406 297
297 693
1556 325
325 2168
2452 1742
1742 1539
2813 4624
4624 900
317 28
28 3067
4586 3444
3444 2333
2705 3980
3980 1001
3783 45
45 1204
406 308
308 4581
2452 2829
2829 3690
2552 694
694 4396
317 115
115 1473
3783 2439
2439 2472
4595 1568
1568 1323
4595 1451
1451 3513
2145 2797
2797 1545
3326 4571
4571 4317
3350 2160
2160 1931
2606 4398
4398 2393
544 2012
2012 228
406 2589
2589 884
3263 4442
4442 1312
3353 1269
1269 4241
3834 3055
3055 223
406 3478
3478 1022
3353 1695
1695 3785
1408 4358
4358 580
4586 3979
3979 3392
1408 2615
2615 335
707 1105
1105 3348
3834 805
805 4114
3783 1133
1133 3551
106 1541
1541 1385
707 2627
2627 657
2228 320
320 2646
2705 4668
4668 3667
4489 3671
3671 1931
2355 52
52 3435
1408 637
637 3529
2793 4086
4086 2657
250 1589
1589 3307
4586 2461
2461 2592
4619 3902
3902 2745
3951 1474
1474 1519
1056 4041
4041 2098
174 3729
3729 2535
2816 229
229 521
1634 2490
2490 4021
2711 2055
2055 1393
4586 3823
3823 2264
3012 799
799 4596
1733 4492
4492 3837
3467 3942
3942 932
544 672
672 4566
2606 2282
2282 2448
3326 3082
3082 1654
778 1670
1670 4680
4193 4588
4588 368
3353 1575
1575 2467
1408 2231
2231 782
2711 2267
2267 3817
2813 1174
1174 1679
2987 3147
3147 936
389 2841
2841 4286
2938 3597
3597 1539
1080 1368
1368 3542
3783 4479
4479 2667
2552 2011
2011 4116
389 3999
3999 2702
3951 4407
4407 4114
2089 869
869 91
2987 1247
1247 1775
3518 3476
3476 1259
3012 4536
4536 4451
4193 877
877 2281
1556 3757
3757 1519
1634 1303
1303 206
2228 1496
1496 3690
2606 2693
2693 1637
3518 3399
3399 2780
3783 3852
3852 2883
371 524
524 1775
4606 1848
1848 185
317 3977
3977 2472
2089 2688
2688 3647
4595 2787
2787 4504
4586 650
650 812
174 2925
2925 1560
2452 3811
3811 3608
406 2523
2523 3747
3012 3950
3950 785
2816 2665
2665 4227
3353 187
187 1312
4595 1192
1192 1163
2987 2591
2591 997
3518 2440
2440 449
2711 2015
2015 2728
4193 944
944 3871
400 334
334 2728
2987 3447
3447 12
2552 3605
3605 454
2228 3286
3286 3433
400 4602
4602 3642
848 4445
4445 627
3263 1939
1939 4443
4595 2090
2090 368
778 141
141 2644
2711 3282
3282 843
2452 1754
1754 2753
371 2254
2254 1206
2987 4147
4147 2374
1080 2965
2965 2785
3353 394
394 363
2711 3332
3332 2745
3834 3826
3826 3695
4586 1920
1920 2753
2987 84
84 17
2089 1825
1825 884
544 3969
3969 2728
1556 973
973 2753
2938 3719
3719 1539
3350 2954
2954 328
722 2410
2410 835
4376 2277
2277 4471
2816 1777
1777 693
2355 3456
3456 2982
1408 4106
4106 3676
722 3354
3354 627
3350 739
739 3967
1056 4018
4018 3562
371 2064
2064 3551
4489 2006
2006 3529
174 2614
2614 1022
3326 2647
2647 43
2793 2056
2056 3548
2705 3948
3948 1858
3951 4530
4530 4610
3518 2128
2128 4504
3518 821
821 2657
722 3216
3216 2399
848 2851
2851 1336
2089 855
855 924
2987 1696
1696 217
3951 4514
4514 713
722 640
640 4406
3783 781
781 1096
4619 2310
2310 3086
4376 3200
3200 69
2145 231
231 3641
371 3579
3579 959
2987 2203
2203 865
317 1076
1076 1927
4193 1462
1462 3695
2089 3043
3043 590
2355 2083
2083 812
3012 1904
1904 936
2228 2765
2765 98
4376 3566
3566 335
3783 4522
4522 4115
4586 3681
3681 793
2793 726
726 2535
317 2850
2850 2512
2145 1598
1598 997
3353 4222
4222 600
2816 1546
1546 437
106 2908
2908 3419
1056 4096
4096 3086
389 545
545 2702
707 2588
2588 328
1733 2497
2497 3758
3350 3809
3809 3047
3353 401
401 3184
389 3887
3887 2569
4586 51
51 3837
250 4494
4494 2467
400 728
728 4531
2089 4215
4215 800
3012 1989
1989 1637
2813 4025
4025 1385
544 4544
4544 1814
683 3949
3949 1044
2452 2582
2582 2785
1556 3835
3835 4439
1556 3430
3430 2843
707 2465
2465 436
106 1290
1290 2902
3326 2942
2942 2135
250 1821
1821 2384
371 1126
1126 3348
1733 3877
3877 2823
317 1626
1626 580
174 3655
3655 3641
406 4142
4142 3755
2089 3716
3716 66
4606 2036
2036 1973
3467 3205
3205 3765
3951 4257
4257 2833
2705 3191
3191 3196
3467 4206
4206 43
4376 3401
3401 1336
106 4045
4045 4426
2793 4594
4594 436
4619 1233
1233 3379
4193 3045
3045 329
2705 1073
1073 280
3263 809
809 471
2987 1762
1762 3280
2089 3814
3814 2622
1080 2164
2164 3295
2228 152
152 857
4606 1227
1227 2657
2987 656
656 2772
400 703
703 1792
544 3557
3557 353
848 3516
3516 997
2552 1744
1744 4457
2938 1702
1702 577
2711 849
849 2030
3783 950
950 959
174 1648
1648 3647
2355 2125
2125 337
400 1436
1436 693
848 3925
3925 2024
4193 3973
3973 3728
371 659
659 3785
3951 3183
3183 723
3467 1536
1536 2450
2816 1824
1824 1323
2711 4458
4458 2199
544 2678
2678 1403
2987 1402
1402 936
2355 3030
3030 568
174 1542
1542 612
3012 3099
3099 738
707 2978
2978 2998
2552 1715
1715 1519
2089 762
762 2660
174 1050
1050 2780
3263 339
339 4129
174 120
120 292
3326 1530
1530 1858
389 2554
2554 1539
683 1991
1991 2401
4619 1359
1359 641
1556 213
213 4043
4606 488
488 969
106 1629
1629 222
2938 1391
1391 1096
2089 3095
3095 936
4586 3131
3131 2467
2705 1397
1397 4503
4376 267
267 1251
4619 2755
2755 785
2705 2911
2911 32
400 155
155 1903
848 1976
1976 3837
3326 3105
3105 2772
2938 1592
1592 91
3350 3935
3935 3513
4489 3587
3587 2393
317 523
523 4696
3467 4493
4493 1385
371 4199
4199 3184
2793 299
299 2024
4376 3457
3457 2454
4586 3532
3532 3041
174 3076
3076 32
4595 676
676 1679
2793 154
154 3672
4619 1085
1085 810
2793 798
798 1554
4619 4128
4128 4471
4489 3277
3277 1775
848 2246
2246 4560
317 3411
3411 2576
174 4629
4629 292
4489 1635
1635 2030
707 1373
1373 1907
1408 3974
3974 341
2552 181
181 3207
707 1757
1757 437
3353 1321
1321 675
722 3777
3777 857
4489 913
913 2696
2705 2421
2421 810
3467 4388
4388 924
4606 3810
3810 2199
2452 481
481 2857
3263 73
73 2029
3467 2091
2091 3837
4586 4283
4283 2467
544 2536
2536 2883
4376 3009
3009 760
707 960
960 4148
2987 1656
1656 4527
544 2488
2488 1866
1634 2152
2152 3774
3012 4428
4428 449
371 1039
1039 3774
1056 3032
3032 641
683 3769
3769 2843
2355 2544
2544 4055
2816 4700
4700 357
3326 3685
3685 1225
3951 1723
1723 1539
3834 4015
4015 2362
1056 1005
1005 12
848 4555
4555 3513
1056 1712
1712 723
3353 216
216 2682
4489 712
712 4439
2816 2568
2568 3641
2355 2158
2158 3280
4586 1042
1042 4426
4376 3564
3564 1554
1634 2134
2134 4440
722 3911
3911 2694
2813 387
387 337
406 1395
1395 4581
3353 708
708 362
1556 562
562 4294
3263 2416
2416 2660
2606 1862
1862 2696
2145 1060
1060 2535
3326 136
136 1096
3783 3271
3271 2276
848 3071
3071 2569
2711 3335
3335 4043
371 3522
3522 172
1056 3238
3238 138
317 423
423 4111
2552 822
822 2982
2452 1418
1418 4531
371 2633
2633 4503
317 892
892 362
3326 2831
2831 3307
2816 3688
3688 600
1408 1873
1873 3695
778 490
490 1814
400 1202
1202 3392
1408 347
347 2998
2816 1310
1310 3747
3012 608
608 1654
4489 4180
4180 1843
3350 2447
2447 1256
2145 1886
1886 222
4193 751
751 4129
544 146
146 2985
250 3971
3971 125
3518 794
794 2102
3951 754
754 4451
3350 565
565 4055
1080 1724
1724 324
848 1877
1877 3435
2793 815
815 1984
3518 4349
4349 2525
2987 1410
1410 4531
2938 3881
3881 4235
406 579
579 1828
544 2853
2853 2194
3012 3094
3094 4504
2711 671
671 2362
389 736
736 4680
2145 2707
2707 3568
778 1448
1448 2194
848 4422
4422 3184
2987 2094
2094 63
2228 2760
2760 3816
2606 788
788 3149
4193 4335
4335 1888
371 4143
4143 1259
4586 3751
3751 1299
4586 3329
3329 2040
2606 1208
1208 4696
174 2508
2508 900
4489 330
330 4055
2452 976
976 761
2938 4418
4418 471
4193 1969
1969 1355
3467 1773
1773 1163
4606 4345
4345 527
2711 2749
2749 693
544 4676
4676 3050
848 696
696 1954
3353 548
548 675
2816 1870
1870 3295
2793 4078
4078 3806
722 1746
1746 341
4606 2564
2564 3960
2145 3985
3985 900
2793 3602
3602 1560
4606 37
37 2476
2452 1165
1165 4057
1408 3497
3497 368
250 2828
2828 2628
2145 2430
2430 4259
2705 638
638 935
3326 1154
1154 403
2816 3563
3563 1305
683 1158
1158 1363
3834 2446
2446 1554
174 1267
1267 3915
4376 529
529 3562
4595 934
934 98
544 4447
4447 471
4376 941
941 4091
400 2992
2992 4259
406 3359
3359 3647
707 4628
4628 4114
2606 1179
1179 335
371 3342
3342 3529
1733 3477
3477 865
371 4603
4603 487
1408 3978
3978 206
544 873
873 4055
1080 415
415 4317
174 4118
4118 527
4376 348
348 890
250 369
369 723
722 1074
1074 3728
2089 1709
1709 2349
3783 3919
3919 4298
2552 3290
3290 3690
722 854
854 3146
3518 1781
1781 1924
400 2766
2766 1355
1733 4012
4012 810
2793 3092
3092 3295
3467 349
349 3625
3326 166
166 32
3012 3021
3021 2660
848 573
573 2362
1408 1638
1638 3960
2813 295
295 3137
371 1874
1874 4170
4376 4103
4103 3389
2355 1404
1404 3608
317 3318
3318 2079
317 4529
4529 974
174 1371
1371 4610
2452 4334
4334 4114
4586 3074
3074 3747
250 2085
2085 1637
2793 1509
1509 2200
778 846
846 3529
317 2493
2493 4204
400 4216
4216 2365
683 2957
2957 810
3353 1276
1276 2406
4619 2127
2127 600
2705 1468
1468 2513
4586 1769
1769 2194
722 2782
2782 2745
707 576
576 2018
3263 3115
3115 2467
2089 2895
2895 2212
4619 1688
1688 569
371 2423
2423 3529
3353 622
622 3837
1408 758
758 3747
3263 268
268 793
389 3186
3186 3690
1080 525
525 1385
106 1137
1137 203
722 466
466 2212
2816 2080
2080 1775
3834 2783
2783 2298
2705 3275
3275 872
2606 186
186 2883
2987 3830
3830 890
2606 2198
2198 1669
3350 4085
4085 43
4376 2634
2634 3817
3353 3620
3620 2646
2355 1599
1599 2448
3951 1275
1275 3755
848 621
621 4432
4595 1059
1059 3816
406 3189
3189 3050
3467 168
168 4610
250 3070
3070 3307
3518 2553
2553 487
683 4604
4604 2317
1733 2378
2378 3280
371 4356
4356 125
544 4546
4546 3728
4489 4039
4039 2199
3263 2249
2249 709
2552 3368
3368 2843
1080 3323
3323 2930
722 204
204 959
2552 2737
2737 3806
3350 1160
1160 3604
2711 4379
4379 890
1634 2710
2710 1889
3326 1801
1801 1259
683 3763
3763 3765
2987 3953
3953 69
2711 4264
4264 673
2228 2251
2251 900
4376 1191
1191 1022
2606 4355
4355 4457
3350 949
949 3960
2355 1776
1776 4317
3012 2305
2305 2758
683 3145
3145 1984
2452 4054
4054 890
1733 3499
3499 1288
2816 2338
2338 2317
1408 1768
1768 872
1634 2980
2980 1866
3326 2220
2220 709
3326 1450
1450 760
400 1955
1955 3433
1733 1693
1693 217
2938 3874
3874 4044
3951 3112
3112 2770
1556 4112
4112 2281
4619 1644
1644 2742
3467 2189
2189 4391
4376 3174
3174 3717
1733 3143
3143 3824
722 3222
3222 4406
4619 3304
3304 2657
4193 1743
1743 2281
317 2003
2003 4294
1056 2517
2517 1954
3012 840
840 471
4376 1427
1427 837
2793 2619
2619 142
400 1965
1965 8
2987 435
435 125
4606 2994
2994 328
106 2032
2032 2982
2987 1864
1864 2742
406 697
697 3211
1056 594
594 810
4586 2558
2558 2565
2228 880
880 1259
174 1008
1008 2467
389 540
540 2472
3326 3436
3436 2135
400 3573
3573 1782
2938 163
163 900
3012 601
601 3433
2711 4244
4244 568
707 19
19 3137
3834 1726
1726 4589
2552 3402
3402 4298
400 4105
4105 337
250 3660
3660 328
2816 4183
4183 2399
2145 2314
2314 900
778 2879
2879 1782
174 3303
3303 959
2355 2910
2910 568
707 3279
3279 4091
1056 4077
4077 4596
2355 1731
1731 3625
3783 2337
2337 4531
4193 1580
1580 4294
2705 1504
1504 3600
317 3756
3756 612
3042 2883
1733 3355
3355 172
2816 2511
2511 3915
2711 377
377 2264
1733 1514
1514 820
707 1808
1808 4569
3012 563
563 581
106 2409
2409 3366
371 4562
4562 3366
4376 1943
1943 3392
406 1241
1241 1637
3467 1604
1604 2525
2355 2184
2184 335
389 3213
3213 2930
2089 3659
3659 2298
3783 4023
4023 185
3326 4154
4154 2883
1733 2485
2485 760
317 3310
3310 337
2606 4429
4429 3711
2355 1559
1559 1817
3467 365
365 820
2145 897
897 997
2813 4687
4687 1403
317 2999
2999 3755
3012 4194
4194 3547
2938 4378
4378 2199
317 4570
4570 363
2355 1986
1986 543
4586 3807
3807 3958
4193 463
463 2902
1634 3135
3135 1022
4619 3510
3510 2333
1556 3432
3432 1714
1080 2858
2858 1782
1056 2623
2623 865
2705 2924
2924 436
3353 3228
3228 1363
1634 3244
3244 1549
848 2807
2807 3824
250 3302
3302 1117
4595 1015
1015 275
3326 2394
2394 3547
4489 2361
2361 4016
1556 1292
1292 773
2938 2860
2860 353
4193 2462
2462 1099
4586 2996
2996 3885
2552 3446
3446 1067
544 4346
4346 3513
4193 2280
2280 280
2452 611
611 4527
3263 539
539 3379
3951 1053
1053 527
778 993
993 4111
1056 2792
2792 335
3467 2285
2285 1473
4376 4205
4205 3647
2705 1488
1488 2757
2938 3539
3539 3050
3783 716
716 3392
2552 1625
1625 2104
3834 1748
1748 713
3951 4256
4256 3146
707 3266
3266 2565
3350 4184
4184 17
722 4525
4525 4044
2987 2148
2148 275
1634 2201
2201 1163
2987 3024
3024 2525
317 1752
1752 2129
4376 2082
2082 3641
1408 1123
1123 4691
2606 3154
3154 2964
2452 48
48 2576
4489 4277
4277 3137
406 2186
2186 3542
250 925
925 2780
3326 2318
2318 3041
778 2556
2556 4198
3263 1959
1959 4642
2987 1255
1255 1067
4193 3199
3199 527
2793 2640
2640 1531
2228 1660
1660 3668
848 3740
3740 2212
406 951
951 3690
389 1034
1034 1251
544 2759
2759 2040
3263 3561
3561 3608
174 3320
3320 2833
3353 836
836 969
2552 3844
3844 709
4193 2196
2196 709
2987 3576
3576 1817
3951 1755
1755 3824
250 80
80 2535
4606 536
536 3967
406 2505
2505 645
406 831
831 2694
2711 3107
3107 4115
1056 1707
1707 4578
2705 1704
1704 3348
4489 1573
1573 3207
3951 2286
2286 2902
317 3111
3111 362
2606 90
90 142
2145 53
53 1519
2552 3333
3333 959
1733 747
747 3695
1733 2050
2050 1001
2089 3500
3500 4691
2145 2704
2704 2129
2355 2768
2768 1931
2711 4139
4139 1204
317 690
690 2029
707 3619
3619 4426
317 2722
2722 785
4619 405
405 2129
406 1785
1785 3837
1080 4121
4121 2682
2987 258
258 4591
400 1263
1263 4527
3467 393
393 3765
683 3687
3687 1044
2228 4688
4688 3548
3783 1094
1094 843
4606 87
87 3717
250 4375
4375 111
3353 3314
3314 1044
4489 1236
1236 641
2145 2174
2174 814
3012 2354
2354 1858
1556 20
20 2982
2228 2133
2133 1654
3350 3177
3177 4654
3518 3492
3492 4527
1408 4006
4006 2985
3951 2060
2060 551
2816 169
169 1067
1056 1012
1012 292
2089 220
220 2513
3518 340
340 125
250 2428
2428 4241
406 3336
3336 1616
1733 3346
3346 3690
4489 546
546 3211
1056 3441
3441 2245
389 133
133 3885
4489 4585
4585 223
2987 1964
1964 580
400 3201
3201 3542
4193 4475
4475 2982
4193 236
236 577
1408 2514
2514 3755
1056 4050
4050 1865
3783 3707
3707 3207
3263 4093
4093 3568
106 3906
3906 4391
3012 2161
2161 27
406 1913
1913 3967
2228 797
797 3765
250 1328
1328 4545
544 1478
1478 3308
3783 4362
4362 4227
2355 842
842 1891
2813 3603
3603 3765
2987 3118
3118 3297
1408 1510
1510 2982
2816 153
153 275
2813 3998
3998 1782
4619 4369
4369 890
4619 3709
3709 2513
371 978
978 1984
3834 3495
3495 4170
4193 1274
1274 3837
1408 3632
3632 865
3467 643
643 673
3353 3490
3490 3295
317 2223
2223 2472
707 912
912 1572
3783 4459
4459 2982
106 633
633 1393
2987 2372
2372 1305
4595 3256
3256 2135
2705 200
200 185
1056 1167
1167 63
1556 307
307 3816
2355 3134
3134 3672
250 4047
4047 185
2705 75
75 191
2938 1020
1020 2362
4193 2453
2453 4537
4619 795
795 2194
3467 1106
1106 4642
2711 3087
3087 223
2816 1449
1449 4541
1056 3841
3841 974
2711 171
171 2660
2711 4136
4136 4170
722 1609
1609 2098
2145 94
94 543
2705 1728
1728 1336
2987 2650
2650 3149
3353 1650
1650 1385
106 1002
1002 228
4376 2986
2986 1852
3783 2222
2222 2646
1556 4477
4477 3280
2552 1330
1330 4504
1634 455
455 2576
778 3289
3289 3551
400 4605
4605 4044
3467 4254
4254 2758
3834 1260
1260 3711
406 3921
3921 1370
4193 4331
4331 4198
3518 596
596 893
2987 3172
3172 785
3518 3352
3352 1973
778 3972
3972 3211
3951 390
390 590
778 199
199 4058
3353 1091
1091 2866
2813 591
591 2024
4619 4182
4182 3392
3353 1915
1915 812
371 4627
4627 835
1556 1662
1662 4208
389 4171
4171 2365
707 592
592 865
683 3330
3330 1888
4489 3733
3733 2702
400 2163
2163 3435
1408 4659
4659 4208
683 3842
3842 551
1080 588
588 4097
250 3309
3309 1044
1556 1615
1615 3806
3783 2509
2509 329
2228 3098
3098 437
389 4364
4364 4058
317 3093
3093 3641
3012 1800
1800 329
4595 1400
1400 911
1056 432
432 335
2816 3856
3856 2646
3326 4563
4563 3915
174 175
175 4443
400 1435
1435 3885
2552 1806
1806 4589
707 698
698 3728
3518 3482
3482 835
3834 4289
4289 3137
406 483
483 1817
2228 4453
4453 4443
4193 787
787 1903
2552 2541
2541 4443
722 3610
3610 4545
2228 407
407 1866
371 1411
1411 2513
3834 4219
4219 2660
3834 2656
2656 2843
2355 4328
4328 91
3467 3393
3393 3392
400 3549
3549 4406
722 1655
1655 4227
2452 882
882 590
3263 3846
3846 761
174 2491
2491 1852
3783 2159
2159 280
371 1631
1631 2281
317 3788
3788 1099
2606 629
629 1403
3012 4580
4580 3389
2145 757
757 1022
2793 1254
1254 465
3326 967
967 449
371 1895
1895 4457
2793 3194
3194 4021
2552 1218
1218 2399
4586 1499
1499 3547
2355 1360
1360 3641
2705 227
227 2565
3518 3204
3204 3041
3518 4225
4225 4471
544 1694
1694 3672
4606 1623
1623 3600
1056 4692
4692 1931
2938 538
538 3758
1080 3378
3378 69
3834 2095
2095 3958
4489 2719
2719 2129
406 1082
1082 3690
2938 4144
4144 2745
544 1849
1849 2333
400 1285
1285 2467
2813 1739
1739 241
3353 2590
2590 4503
1634 4276
4276 4654
2606 4250
4250 3389
4619 4576
4576 4052
3951 3469
3469 2694
2816 3460
3460 911
106 424
424 3435
3834 4613
4613 569
544 4660
4660 4058
2987 2974
2974 4596
1408 1544
1544 900
4606 3325
3325 337
3326 134
134 835
1080 1389
1389 3392
3263 4318
4318 1385
3518 4431
4431 3824
2705 1677
1677 843
3783 3169
3169 3739
722 1284
1284 98
106 2047
2047 2930
2452 4616
4616 4227
1408 1594
1594 449
544 3629
3629 3392
4586 4505
4505 2024
1056 3182
3182 3149
544 870
870 454
722 282
282 551
4193 26
26 3796
2228 4665
4665 341
3263 281
281 4396
2552 2905
2905 1385
2813 1315
1315 4452
544 663
663 436
2705 3462
3462 1549
1634 4380
4380 2264
707 3943
3943 2276
2711 2348
2348 2702
683 1526
1526 436
1634 3018
3018 2667
4376 475
475 3041
174 2124
2124 568
722 2415
2415 4591
2552 2716
2716 172
4595 1690
1690 4696
3350 3248
3248 837
2355 4579
4579 834
2987 2674
2674 2040
3834 666
666 2535
3951 4271
4271 568
250 1790
1790 1572
1080 3073
3073 2406
778 2058
2058 4111
317 50
50 2742
3518 3544
3544 2660
2355 382
382 3594
2145 3790
3790 492
3951 10
10 449
3467 4548
4548 2745
2938 2520
2520 2702
174 3334
3334 1927
3012 3187
3187 675
2816 3593
3593 684
2452 2457
2457 1843
406 2550
2550 1225
3326 4658
4658 4396
2452 3918
3918 3885
174 1430
1430 3711
2711 2370
2370 3196
3350 4197
4197 1903
389 2963
2963 3739
174 2620
2620 3067
106 4416
4416 2985
2705 4565
4565 2772
2355 3340
3340 4148
707 3096
3096 4452
4619 4038
4038 3548
2711 2116
2116 1336
1056 249
249 2281
2606 2692
2692 172
2228 1786
1786 3455
400 617
617 3455
406 1552
1552 3280
2552 500
500 2843
4586 2681
2681 3146
3353 714
714 4591
371 1187
1187 3711
174 2096
2096 2728
1056 2121
2121 1775
2452 3581
3581 1775
2813 630
630 1619
3518 2309
2309 2758
3783 3923
3923 66
2813 2890
2890 1067
406 4601
4601 1001
2813 1595
1595 3047
3834 3898
3898 4057
3012 1643
1643 2538
1056 322
322 785
406 3656
3656 1463
2552 338
338 3562
2228 585
585 3137
389 433
433 4654
544 2528
2528 3050
3326 4224
4224 2983
722 366
366 657
406 3653
3653 979
3518 3746
3746 1852
250 1376
1376 673
106 3558
3558 1363
2938 4065
4065 1954
544 1293
1293 1309
722 2169
2169 4545
3783 3553
3553 3642
707 2052
2052 2448
371 2088
2088 2077
2145 1245
1245 872
722 207
207 810
1733 4617
4617 2964
4619 1079
1079 1363
1733 2260
2260 800
2816 1485
1485 4432
3783 3044
3044 4160
722 2066
2066 2104
2987 1661
1661 4680
722 2808
2808 3695
2552 1732
1732 125
1056 2863
2863 362
544 1142
1142 569
2816 3292
3292 2393
3834 2818
2818 2070
174 1883
1883 2923
683 962
962 3647
778 2118
2118 27
4619 2596
2596 4581
3353 3175
3175 4299
3012 1658
1658 138
2711 2213
2213 4058
2228 4029
4029 492
2938 2826
2826 2758
3350 3697
3697 4457
371 753
753 3608
683 2973
2973 1577
2938 2395
2395 1782
2813 4521
4521 997
2355 1513
1513 4148
2987 2727
2727 2070
4193 97
97 2245
2145 2854
2854 4043
2552 3195
3195 1654
4489 2234
2234 3207
2606 4683
4683 1858
778 2744
2744 335
1634 4382
4382 568
4619 1681
1681 2264
1056 1387
1387 3667
707 987
987 2788
106 2180
2180 641
2452 238
238 2476
4586 2332
2332 4044
4595 1885
1885 1519
1634 1747
1747 2930
2793 955
955 2104
3951 1930
1930 865
707 1503
1503 492
4606 4098
4098 4299
4595 4630
4630 4114
3326 2641
2641 1891
3834 3646
3646 884
4193 4000
4000 4021
106 1433
1433 2104
2816 2068
2068 3641
3012 3987
3987 341
4595 380
380 275
3350 404
404 3297
683 2625
2625 4471
2228 2192
2192 857
400 1498
1498 1470
317 943
943 872
3012 2382
2382 3765
3467 4677
4677 3837
3834 3241
3241 3805
4619 4220
4220 4259
3834 65
65 3837
1733 2069
2069 1225
2552 4187
4187 1792
2816 1183
1183 4560
1733 4190
4190 3308
2813 775
775 4294
3518 2547
2547 3435
2938 2434
2434 2694
1080 3952
3952 893
4586 516
516 2362
2813 3710
3710 4457
1056 3820
3820 1117
722 864
864 4439
2793 801
801 1891
1733 1232
1232 1370
2228 724
724 4503
4595 1830
1830 2646
2089 2731
2731 3307
4489 2253
2253 3308
3350 541
541 1714
4376 1364
1364 782
2793 60
60 3817
683 1253
1253 4691
707 2108
2108 362
406 4466
4466 3295
2816 4236
4236 1888
2711 2912
2912 1098
3353 4108
4108 337
4193 1215
1215 2785
1056 2035
2035 935
3012 1136
1136 3435
1408 503
503 222
1056 4655
4655 723
4489 1239
1239 63
3012 3065
3065 91
2711 508
508 2024
174 3278
3278 3164
4606 70
70 723
1056 1028
1028 2401
2606 131
131 2628
2355 2715
2715 657
174 4152
4152 2384
4619 3356
3356 2622
4619 4670
4670 2657
3951 2655
2655 3765
848 635
635 329
2552 2951
2951 1775
3263 1319
1319 1336
1408 904
904 2660
707 750
750 3728
2606 3732
3732 932
2355 9
9 4691
1733 1064
1064 527
722 3838
3838 1616
2816 3799
3799 4055
3951 3221
3221 693
2089 852
852 329
2228 3413
3413 1931
2606 1144
1144 2135
848 4640
4640 329
848 1767
1767 2790
1634 3125
3125 4452
1408 3855
3855 760
400 3759
3759 487
3518 2155
2155 3805
389 933
933 1355
1408 1423
1423 2758
1056 564
564 911
1056 1897
1897 1782
2552 1069
1069 2535
3951 1900
1900 2393
2552 3878
3878 4471
371 2859
2859 2071
4606 4117
4117 1572
3834 813
813 328
250 1143
1143 1843
2228 2725
2725 3041
3326 1859
1859 3513
683 3423
3423 2931
4489 3650
3650 4058
2711 4568
4568 2790
2355 3609
3609 1519
2452 499
499 2745
2711 3077
3077 2964
3834 4600
4600 1403
406 4641
4641 3885
1733 1190
1190 3915
2606 550
550 436
4586 2268
2268 3625
106 3229
3229 2448
2987 535
535 403
406 2949
2949 3548
317 3390
3390 2029
3518 985
985 3711
4193 3872
3872 4680
389 2903
2903 527
4586 2919
2919 645
4586 827
827 2790
3783 1720
1720 4036
544 4377
4377 890
2816 3702
3702 2525
4193 4295
4295 1789
3783 3453
3453 3146
4193 2566
2566 4286
250 3990
3990 3695
174 1426
1426 4426
2228 4689
4689 2843
3834 3274
3274 3837
2355 3708
3708 2004
3467 4212
4212 1852
848 3474
3474 1637
2987 99
99 834
4489 2531
2531 341
4586 947
947 2628
3951 1134
1134 627
2813 1063
1063 2644
400 1006
1006 4036
778 4515
4515 996
250 3860
3860 3600
722 1151
1151 4294
2228 1855
1855 17
722 4593
4593 693
1634 1665
1665 1299
1634 2301
2301 2194
1634 926
926 2780
4489 2216
2216 3805
707 4059
4059 2200
389 2157
2157 857
3326 1203
1203 2788
2987 3742
3742 693
2145 3305
3305 4390
3350 729
729 3739
4376 2327
2327 3379
3263 4465
4465 684
4595 283
283 935
106 756
756 228
2705 1238
1238 2476
2793 571
571 1312
1056 3176
3176 4115
778 2810
2810 1714
3467 883
883 2079
4595 1379
1379 3604
1733 1128
1128 3280
2355 96
96 928
250 1511
1511 2029
317 3033
3033 12
250 1464
1464 436
2452 1235
1235 403
2816 4592
4592 580
400 2413
2413 4451
1056 2437
2437 657
2228 3819
3819 4471
1056 257
257 577
3326 4024
4024 3604
400 3066
3066 91
2552 2921
2921 1637
406 4302
4302 928
2089 4053
4053 969
2813 2763
2763 492
722 4647
4647 206
4595 1942
1942 4115
2355 4273
4273 292
3326 108
108 928
2452 4506
4506 1654
3518 502
502 275
1556 1016
1016 521
106 3418
3418 2790
3353 966
966 2935
1733 2882
2882 693
544 1017
1017 773
2938 2468
2468 785
3326 3264
3264 551
1408 741
741 3280
174 1346
1346 1554
3951 811
811 465
4193 287
287 191
544 3218
3218 4439
2355 4034
4034 138
3263 4314
4314 1817
3326 4067
4067 568
707 3946
3946 1001
1634 3616
3616 3667
2711 652
652 2930
4619 4703
4703 4396
1080 915
915 3594
371 2530
2530 4043
707 2837
2837 4541
1733 318
318 1782
778 2638
2638 1577
2813 2697
2697 8
3783 4421
4421 3529
2793 4410
4410 3641
3834 3268
3268 172
2228 58
58 2079
1556 1633
1633 357
3834 3683
3683 1336
683 2801
2801 4695
683 1584
1584 2349
2606 1032
1032 4044
778 3776
3776 1888
106 1642
1642 2753
3353 2403
2403 2682
3012 1850
1850 2576
3783 2386
2386 2245
2793 748
748 27
778 2273
2273 2788
3834 4694
4694 627
722 4430
4430 27
250 4681
4681 2823
389 2306
2306 4426
106 1444
1444 1096
4595 1250
1250 713
106 4196
4196 551
4595 1265
1265 3958
3834 397
397 487
3834 1919
1919 2467
3834 429
429 2628
371 1038
1038 1814
722 304
304 2317
2938 766
766 3562
4595 792
792 17
4193 2767
2767 465
2793 2909
2909 2788
3783 4008
4008 335
400 1338
1338 4471
400 3351
3351 3307
722 1407
1407 4391
4376 4502
4502 857
371 2028
2028 3915
3951 1922
1922 3695
317 2991
2991 521
722 4684
4684 3885
4193 2636
2636 1099
2813 1031
1031 2667
4595 1164
1164 3379
2813 2432
2432 3717
250 823
823 1403
4376 4632
4632 3435
2938 1161
1161 4298
3353 3618
3618 959
2938 2534
2534 979
3518 2319
2319 4294
406 22
22 4695
2816 3180
3180 275
683 4409
4409 2834
3783 3046
3046 1927
1634 493
493 362
4619 4234
4234 3196
3350 755
755 911
3518 939
939 3604
707 945
945 2393
1556 2412
2412 2264
106 4558
4558 4680
3467 3895
3895 4293
317 42
42 3555
2705 3928
3928 2646
2606 3192
3192 1305
2793 147
147 1453
2711 1182
1182 4114
1733 4667
4667 2790
848 4164
4164 4129
1556 2712
2712 185
2793 1666
1666 2694
2452 4519
4519 1305
406 3803
3803 2728
371 4007
4007 1719
4619 4188
4188 2646
371 2187
2187 709
2793 1316
1316 3547
2228 2881
2881 577
683 651
651 4293
683 689
689 12
3263 3818
3818 834
683 3801
3801 3796
2452 3992
3992 3967
3263 4350
4350 2384
4595 1302
1302 1927
1634 3567
3567 3755
1408 1501
1501 3207
174 2072
2072 4298
683 240
240 3806
4376 34
34 3885
1733 838
838 4116
3012 2574
2574 4451
3951 2227
2227 4610
3951 1622
1622 924
4376 2610
2610 2317
2705 3331
3331 577
2355 1432
1432 2843
371 3313
3313 1907
3012 1111
1111 3562
4595 2385
2385 2384
389 1216
1216 3086
2813 3376
3376 890
3353 2475
2475 1148
250 4069
4069 800
3326 3560
3560 3641
1634 3787
3787 2742
722 1118
1118 834
4619 1425
1425 2512
3263 956
956 1539
4606 139
139 2200
4586 3859
3859 2753
1556 1600
1600 3307
2606 4389
4389 2569
3783 1960
1960 1903
2816 3387
3387 4680
4606 2598
2598 3806
406 851
851 1096
2228 3936
3936 217
317 1440
1440 1108
1056 3996
3996 2129
3518 3786
3786 4286
3350 2424
2424 469
2705 1490
1490 673
106 388
388 4610
2793 1405
1405 4680
2452 2811
2811 2512
2711 2548
2548 1866
2813 444
444 3960
2606 1258
1258 1230
389 221
221 2694
1408 3089
3089 12
2793 3813
3813 1336
1408 4272
4272 1453
3012 742
742 2374
3951 1770
1770 2024
4586 3415
3415 2745
2355 3931
3931 469
1634 2822
2822 2785
722 1671
1671 3280
106 3721
3721 2535
1080 4239
4239 363
3012 2761
2761 3774
707 3724
3724 521
4606 1815
1815 4129
3834 4140
4140 353
2228 4071
4071 3806
683 2699
2699 3067
1056 3750
3750 1843
2606 464
464 3785
3834 1000
1000 4116
2089 3487
3487 91
3783 2257
2257 3086
4489 1367
1367 1309
1733 4285
4285 4545
2606 853
853 2476
400 2255
2255 932
2987 859
859 3785
3326 3916
3916 1370
3012 89
89 2696
3353 4037
4037 1531
778 1095
1095 936
2711 4296
4296 2902
389 1831
1831 3885
2938 526
526 2628
400 4275
4275 4541
1056 47
47 2030
2606 2117
2117 996
4193 4468
4468 1714
2816 4686
4686 4545
2987 4598
4598 2104
317 3294
3294 3958
4595 3179
3179 1096
4595 36
36 4440
3353 2376
2376 4696
4193 4248
4248 4286
2705 1093
1093 974
1556 4326
4326 3667
1080 4615
4615 3207
4586 868
868 1259
2606 644
644 3389
3326 2172
2172 1204
4193 1199
1199 1117
371 289
289 2024
317 3761
3761 2576
250 1736
1736 4160
3783 4523
4523 228
2089 4664
4664 4426
2816 1869
1869 328
1733 3771
3771 1117
2452 3088
3088 3047
2813 2486
2486 4541
1080 2147
2147 820
1056 1327
1327 2199
1634 4189
4189 3668
1556 1887
1887 1719
389 4113
4113 43
2552 1763
1763 810
406 219
219 2194
3263 1380
1380 2077
778 140
140 2622
400 1289
1289 27
400 2363
2363 1572
1634 1717
1717 4170
722 4156
4156 1251
4376 3451
3451 1256
2145 1090
1090 2535
1408 2900
2900 2843
2355 119
119 2018
2711 2830
2830 4578
4586 2533
2533 2472
1080 3319
3319 4057
389 3944
3944 469
4376 3217
3217 69
2452 3589
3589 1843
1080 3388
3388 2365
3783 1366
1366 111
1056 3122
3122 2866
2793 2868
2868 4503
2705 3427
3427 1782
174 1527
1527 3960
2705 4405
4405 3785
1056 1926
1926 969
4606 3459
3459 2476
2355 3640
3640 641
3783 4321
4321 4055
1733 3651
3651 2004
3350 1804
1804 1577
1556 3003
3003 2129
2606 4561
4561 172
317 2438
2438 1531
2793 4084
4084 814
1056 3246
3246 893
2145 3287
3287 569
106 1798
1798 2657
3353 3425
3425 4115
1080 1641
1641 2935
3783 356
356 222
1080 3583
3583 4443
3951 4538
4538 3348
2452 419
419 2018
4489 2283
2283 2745
2089 1004
1004 3164
4489 2989
2989 69
4586 4168
4168 341
3353 1469
1469 1817
1733 2076
2076 3513
106 2605
2605 2667
2711 2149
2149 2476
3326 514
514 2129
317 542
542 4036
3783 4332
4332 4298
2606 59
59 223
406 209
209 2823
1408 2248
2248 4452
3783 3301
3301 1370
2813 2320
2320 3059
2793 674
674 2365
3012 4217
4217 3435
2452 127
127 4696
1634 2188
2188 222
722 1246
1246 738
3326 121
121 1539
4619 3338
3338 865
2938 3262
3262 2982
3834 46
46 4443
3012 2013
2013 657
3012 990
990 1230
2938 1219
1219 3755
2938 3725
3725 3695
1634 3034
3034 1259
4595 682
682 645
707 1581
1581 487
2452 1684
1684 3739
174 2662
2662 645
3518 1652
1652 2770
106 224
224 353
4376 825
825 543
4606 1200
1200 3548
2089 3371
3371 4695
2793 1867
1867 890
2228 2211
2211 3529
1634 2219
2219 2476
3951 2494
2494 3806
3263 2456
2456 12
371 830
830 2834
707 476
476 1789
3834 3797
3797 3785
2705 4089
4089 4426
3834 4620
4620 1230
2711 1043
1043 2384
2145 1952
1952 4241
4489 4260
4260 1148
3326 2637
2637 527
722 3924
3924 845
3012 381
381 3600
1634 3322
3322 1539
4376 2107
2107 1858
3350 2979
2979 4695
371 3039
3039 4596
3467 3908
3908 280
4619 1037
1037 3871
3518 732
732 4451
389 2557
2557 3594
174 3624
3624 969
1733 2506
2506 657
1056 4253
4253 761
2711 4178
4178 2333
4489 1811
1811 903
4586 1362
1362 814
4586 984
984 465
2711 3051
3051 4439
848 1520
1520 3280
2355 1266
1266 1852
778 1557
1557 2790
389 1029
1029 2040
250 3997
3997 551
2089 1466
1466 487
371 1221
1221 3551
174 3442
3442 4052
3353 331
331 1323
4619 3483
3483 3747
2355 3397
3397 3455
1634 1124
1124 2569
4595 2800
2800 723
778 2950
2950 2833
400 2103
2103 2512
1556 2105
2105 2758
2816 1272
1272 4426
2793 1092
1092 2281
4586 1532
1532 713
1080 1966
1966 936
2813 4342
4342 4503
3353 2844
2844 3513
3834 3734
3734 487
2145 38
38 368
683 3939
3939 138
3353 398
398 2843
722 4186
4186 1931
250 1157
1157 1259
3353 24
24 403
2606 3139
3139 2212
4489 414
414 2745
1733 3232
3232 4235
4489 25
25 900
3326 4614
4614 449
848 3848
3848 793
4595 885
885 292
4376 2668
2668 1355
2452 3976
3976 3551
3467 2959
2959 1973
3263 4645
4645 1549
3326 705
705 2538
3467 420
420 812
2816 3048
3048 3547
1556 4017
4017 2077
2145 1610
1610 191
3326 3060
3060 2472
2606 3140
3140 185
1080 21
21 2512
1056 2522
2522 12
3353 3347
3347 111
2606 2042
2042 1843
778 1047
1047 2896
2089 1525
1525 111
3834 649
649 4537
4193 428
428 449
1056 3889
3889 1473
1733 1534
1534 900
406 180
180 337
4586 3545
3545 2538
4489 2459
2459 1843
1056 2869
2869 3542
3012 351
351 3871
4619 1150
1150 403
2987 1934
1934 928
3263 4179
4179 203
2552 1350
1350 4044
2228 4110
4110 1001
1556 2238
2238 4160
3783 1025
1025 3513
544 3601
3601 893
544 3233
3233 3041
3326 3385
3385 32
371 2210
2210 1792
371 1280
1280 2512
1733 518
518 1225
2711 4297
4297 353
722 3827
3827 3690
389 2679
2679 4507
3263 3251
3251 4566
4619 3452
3452 2660
3467 2664
2664 1775
1733 2595
2595 3050
3951 1130
1130 3625
2228 1127
1127 1852
371 4195
4195 3600
3012 3612
3612 2742
2705 3621
3621 3529
2606 198
198 1323
4489 2274
2274 1858
1056 2645
2645 2682
3326 2343
2343 3642
2228 2181
2181 1309
4619 1495
1495 2264
683 1675
1675 4642
2987 2323
2323 1984
3350 1822
1822 1363
3467 3986
3986 2077
3951 3159
3159 4545
2938 4158
4158 1204
1733 218
218 2199
4606 3802
3802 1230
3326 279
279 4443
406 4417
4417 800
317 4401
4401 872
250 2617
2617 98
1733 4329
4329 4581
389 3049
3049 3806
2606 246
246 2622
4619 1576
1576 17
707 764
764 2264
317 2573
2573 723
2987 1791
1791 709
2938 3900
3900 4036
4193 1983
1983 3975
371 1998
1998 568
2711 1357
1357 3817
2816 2652
2652 280
2355 554
554 4235
400 2313
2313 2467
389 2311
2311 292
4606 3484
3484 834
848 3129
3129 1572
2452 3272
3272 2476
1634 4516
4516 3137
722 3239
3239 657
174 779
779 4170
4595 863
863 3547
2705 2022
2022 2788
400 4291
4291 2476
2145 1018
1018 1312
4606 2501
2501 4058
174 3964
3964 357
3012 2739
2739 2660
2813 4663
4663 2077
2816 4625
4625 3785
4595 1424
1424 2833
4193 2691
2691 1067
3012 327
327 1022
2813 4357
4357 645
2089 2153
2153 568
3012 3970
3970 627
683 3006
3006 1814
848 2138
2138 492
2705 593
593 2406
400 3416
3416 4507
3834 1062
1062 63
3263 3780
3780 675
4595 598
598 2569
4619 2484
2484 1225
848 3445
3445 4578
2813 2
2 329
389 1799
1799 1251
1634 183
183 3146
2793 1041
1041 3389
4619 1348
1348 2694
778 2062
2062 1775
3951 3170
3170 2135
544 2825
2825 1299
1056 618
618 2079
3263 1945
1945 935
544 3075
3075 3690
2552 447
447 812
2145 3127
3127 3967
1408 3794
3794 2983
2145 1147
1147 2374
2705 4308
4308 3633
406 1962
1962 1204
371 3250
3250 4691
3353 4237
4237 2667
848 1795
1795 675
4489 4320
4320 2857
3012 1132
1132 3086
3263 4414
4414 4036
2816 2969
2969 324
3834 4367
4367 2667
1634 583
583 2682
400 1683
1683 4432
778 2915
2915 3805
371 3867
3867 2199
400 734
734 2565
1408 1515
1515 3059
1056 4549
4549 1984
2816 2398
2398 2070
2228 1298
1298 903
2145 1282
1282 4227
406 3662
3662 2135
2145 4255
4255 2833
106 1705
1705 172
1556 1529
1529 2399
4489 4484
4484 1505
4586 4228
4228 3348
2145 3420
3420 810
389 2689
2689 1098
3783 2250
2250 2834
389 3227
3227 2667
317 3038
3038 3050
4489 1149
1149 2538
2705 3004
3004 865
3951 4132
4132 172
4595 575
575 3149
3834 4030
4030 1403
2228 2612
2612 1714
1080 4435
4435 2102
3518 3857
3857 2079
544 3531
3531 3647
406 2235
2235 27
317 1332
1332 2628
4193 81
81 2628
371 2726
2726 1067
4595 829
829 471
3783 3808
3808 684
371 1993
1993 2657
1556 1306
1306 2513
722 165
165 1782
2452 1343
1343 1206
848 1909
1909 4204
4586 522
522 569
544 2803
2803 172
683 3614
3614 865
4595 3311
3311 1370
2145 3001
3001 2513
3834 2402
2402 2757
778 2005
2005 3184
1408 2073
2073 2454
3263 3253
3253 4055
4606 1941
1941 3975
389 1997
1997 4114
2552 2779
2779 969
4193 2418
2418 3419
3518 4330
4330 4208
4376 2583
2583 2004
3012 391
391 4507
2987 457
457 241
389 2666
2666 2264
3263 1851
1851 436
3951 2608
2608 172
3951 1065
1065 2264
2705 731
731 814
1408 197
197 2667
2089 2123
2123 1288
848 3926
3926 1669
4193 2876
2876 4589
4595 4073
4073 3633
707 4026
4026 2896
4376 4470
4470 469
3326 4643
4643 928
848 4397
4397 673
3834 3773
3773 4016
3326 3691
3691 3960
1408 685
685 3690
174 4669
4669 3695
3326 2626
2626 2362
4595 2898
2898 4286
4376 2714
2714 2168
2552 1727
1727 4569
3350 1703
1703 3485
2793 704
704 4432
106 71
71 1654
1080 3369
3369 1022
2552 1109
1109 3435
2552 4174
4174 2070
4586 3538
3538 172
1080 2940
2940 2935
3353 4366
4366 1305
544 3198
3198 1204
707 4066
4066 353
2705 3588
3588 324
1733 3226
3226 4507
2452 3663
3663 98
3353 3193
3193 74
2228 2299
2299 527
2552 237
237 4021
389 2031
2031 1865
3783 648
648 172
778 2092
2092 4642
174 3764
3764 471
4619 1979
1979 2742
2938 2190
2190 329
3326 1131
1131 1163
3326 4413
4413 1775
250 3273
3273 4695
174 4150
4150 2788
683 3901
3901 872
2630 1792
1000 3608
1720 890
4677 785
2605 709
4386 1323
4345 903
4061 837
2744 793
2543 3280
1418 4208
692 1299
2944 3196
1919 2694
524 2040
3973 3667
4673 1163
2808 2384
4577 1973
2802 3594
2134 590
2014 3455
3279 835
2100 1312
1893 335
3947 1355
1565 3164
3933 893
2348 3967
4397 4286
1523 368
2050 673
143 3647
10 2129
2287 3555
3189 2757
4582 2742
3281 4055
2900 2070
2965 2212
4080 324
3384 98
651 928
384 1545
2301 581
708 2833
1068 3871
4358 2569
1132 4545
4066 2592
906 4036
2403 974
3363 543
662 2450
4564 2245
4592 1889
2208 4204
10 2883
2625 723
3845 845
315 834
2706 979
2699 2823
2252 3419
448 4642
1197 1782
1760 1866
3749 4406
491 357
4701 3758
4692 471
1741 4691
4325 1108
4615 3672
3213 437
3134 4541
2093 1865
1938 2018
1485 436
2940 2753
601 3837
4095 4057
1142 693
1380 1309
1018 3796
3217 3050
2824 843
4480 800
771 1888
939 936
1870 1577
1005 2401
3575 125
1318 3149
1915 2276
855 3915
1630 3711
1946 206
1356 3146
1568 2964
719 1470
794 3816
2048 292
2937 2657
2035 3392
1552 1843
128 4560
2804 4317
1849 4241
89 2194
4285 600
2161 2525
116 3765
555 69
1890 4198
2408 3690
1213 3137
376 3717
2363 3958
4577 492
2868 2866
1776 3633
3929 1256
2878 4527
952 2406
122 328
768 2513
1324 2281
573 657
1921 353
1454 1858
1506 521
1104 3642
1951 810
882 1637
2222 1572
4266 4259
3395 43
224 2622
153 4452
423 872
1786 4129
306 1654
126 3747
3391 761
421 1554
1589 3086
3284 4439
1649 1907
898 2790
3489 2646
620 1891
2853 568
2248 217
4264 4052
2539 2104
1358 2393
3057 1204
3175 3297
3652 2935
1688 4115
1272 3774
1957 2077
1401 4235
3659 4695
3271 2472
3194 3529
2369 2098
388 32
2329 454
343 3513
382 4116
4694 2785
4645 1148
3581 4114
1543 4432
19 4440
4567 2930
4571 4044
558 3728
286 223
4218 1096
3292 2029
2709 2374
3972 884
3658 4299
1996 3547
1267 2770
1232 1363
4399 1225
3277 1828
2335 1931
2818 2365
1906 203
1760 3641
3634 2102
2044 3755
3841 1616
4631 1251
2718 66
2331 3389
3407 2788
4538 1230
1829 1984
574 1463
4229 465
2099 362
3339 1453
4202 1288
2041 142
2176 3184
2733 1669
4600 138
1024 2200
3408 4227
3926 4569
213 3542
4340 3676
2108 222
2932 4591
4215 2758
3699 4160
2917 4566
1564 329
1138 1259
608 569
2615 2333
2140 2644
1940 1385
4529 2448
621 2998
2407 1001
3693 2024
4105 3433
2206 3806
1836 924
199 2857
1003 4111
1672 487
2784 3295
1177 91
831 4390
2781 4581
3150 1098
4605 1549
4089 4294
2796 1852
153 3805
4045 3960
2640 577
4203 3366
609 2843
3104 1719
1869 1099
4481 4396
1443 3568
2056 337
2432 1403
1704 675
4077 3041
1807 580
1005 363
2697 63
3439 3739
3458 2454
4232 2535
4373 2728
3132 641
3299 2985
2617 4293
3775 3885
2325 2168
576 4148
3538 4578
2830 4504
4667 241
3599 2896
1734 4016
2117 4531
3212 627
2853 4696
3874 1817
1169 2467
3534 2538
1131 275
4270 1619
1698 2264
1658 2982
1677 1370
4669 1067
3987 4058
248 2667
131 2772
444 527
909 2565
478 713
698 1714
1594 814
323 8
1065 1927
3698 3562
4028 3348
3226 900
1744 3059
1354 1539
1793 1393
2081 3604
1686 932
2774 3307
3232 280
4477 3817
1603 997
2671 2476
4558 403
1048 2834
2839 3695
2681 959
452 2682
2612 1117
828 3435
1120 2745
1462 1305
4051 3975
2066 2071
4088 996
1534 74
950 4596
3595 857
1061 935
4226 4680
830 612
1697 4214
2101 2928
2248 27
1586 812
1245 2931
2687 3824
4095 684
4686 4426
3767 3548
1756 865
2514 469
2387 1336
3167 4298
2284 1560
3945 1775
3515 1022
2572 3211
939 2317
478 3308
3643 243
3662 4097
1653 2298
141 2983
2899 4170
4213 3625
2630 1924
4514 12
3570 4503
3735 2696
512 1814
1826 1473
4089 4091
1271 4589
3438 2628
3945 2362
2760 2576
4694 1789
3884 185
2481 1329
214 4618
4099 4443
1342 4043
1580 17
266 2512
2322 4507
4278 1505
4615 4451
3063 2660
2608 1044
161 2004
3436 2030
3515 3668
1748 191
1606 4471
2850 820
31 4021
2784 228
1892 2135
2556 3379
3369 3067
2737 1903
202 3551
2141 4457
308 4610
3971 2199
2156 2702
2625 782
4636 3485
2131 4391
168 760
2025 341
1503 172
3294 3269
4106 3047
517 2923
720 2399
3219 4537
3618 449
3368 911
2072 4654
3916 2349
2316 111
4291 551
1036 3207
4192 1531
905 1206
3980 2079
4512 1519
4521 738
1860 3785
2164 773
579 2902
4409 1679
780 969
84 2780
4122 454
246 2276
2225 698
182 4367
573 34
1745 1294
3627 659
2364 281
4699 267
3993 1604
4112 3908
1721 719
1631 4116
3409 671
3938 3601
4 2664
2499 809
4557 3107
1778 3538
1833 2623
2146 3507
2330 328
4508 2794
1264 2644
2387 2108
2482 1239
632 4306
1431 1179
1412 248
3255 2035
1322 2490
2725 43
3341 4683
2864 3284
1414 4504
2917 3134
3703 3534
3892 1215
3025 2896
2851 134
2539 3889
2033 3175
215 3809
2718 2268
1214 214
2130 449
440 2866
1458 3731
3227 2626
4345 4197
159 4271
770 1065
613 4296
3398 3886
346 1966
3571 19
2715 3889
2215 1986
2455 1062
1638 1148
1861 1850
2113 2085
2794 509
4648 4699
1322 3432
263 3766
3138 3856
951 1966
2186 2973
3933 616
2984 3972
1294 890
2354 171
3265 318
2841 3624
479 282
2417 2040
2831 736
1910 335
2302 1752
1890 2801
856 1952
2794 3953
2383 641
1460 368
2292 4641
2558 4342
230 466
4509 4497
4400 3717
1725 2285
4634 4478
4620 3433
2404 834
3099 1866
1991 1127
