5
78 156 1
25 40
42 18
1 64
25 43
43 23
1 18
18 20
1 58
58 60
1 27
27 60
42 2
2 20
25 63
63 20
25 3
3 20
42 33
33 20
1 5
5 20
42 69
69 60
1 40
40 60
42 44
44 23
25 9
9 60
42 41
41 20
42 6
6 60
42 21
21 23
25 32
32 20
1 51
51 20
25 39
39 23
25 57
57 60
1 61
61 60
1 66
66 20
42 36
36 20
42 64
64 60
25 48
48 20
42 59
59 20
25 26
26 23
25 56
56 23
42 34
34 23
1 8
8 20
42 54
54 23
42 19
19 23
69 20
18 23
2 23
57 34
44 36
40 8
51 54
61 54
58 59
75 76
28 16
75 22
22 7
28 76
76 74
28 52
52 7
75 10
10 7
28 72
72 74
28 15
15 7
75 46
46 7
75 67
67 74
28 49
49 74
28 29
29 7
75 45
45 74
75 17
17 74
28 11
11 7
28 50
50 74
75 14
14 74
75 55
55 7
28 65
65 74
28 31
31 7
75 35
35 74
28 13
13 7
75 30
30 7
28 70
70 74
75 4
4 74
28 77
77 74
75 47
47 7
28 37
37 7
28 68
68 7
75 73
73 7
16 74
75 62
62 7
75 53
53 7
28 24
24 7
28 71
71 7
28 12
12 7
28 78
78 7
31 74
77 7
65 24
46 49
23 38
20 38
60 38
38 75
38 28
91 198 1
46 34
88 26
66 59
10 67
66 40
40 7
10 73
73 9
46 81
81 24
59 68
10 15
15 9
66 72
72 50
10 29
29 41
88 34
34 41
10 57
57 7
10 55
55 7
66 11
11 50
10 47
47 24
10 60
60 68
66 86
86 20
10 79
79 9
46 22
22 41
66 31
31 24
10 61
61 7
10 30
30 24
88 82
82 24
66 39
39 9
66 48
48 90
88 35
35 90
10 19
19 20
66 16
16 50
10 17
17 24
46 76
76 20
10 77
77 90
46 6
6 1
10 3
3 50
88 85
85 1
26 50
10 5
5 41
66 84
84 9
46 21
21 9
10 69
69 24
10 58
58 41
10 74
74 1
88 49
49 50
46 83
83 50
66 23
23 68
46 51
51 9
88 14
14 7
10 37
37 20
10 13
13 20
46 43
43 68
46 70
70 1
88 12
12 9
10 2
2 9
10 42
42 50
67 50
10 38
38 41
10 28
28 1
88 78
78 41
46 8
8 50
88 87
87 9
10 80
80 50
66 63
63 41
66 71
71 68
10 4
4 90
46 45
45 24
66 36
36 1
10 53
53 1
66 27
27 1
88 32
32 7
88 18
18 9
66 75
75 20
46 33
33 41
66 89
89 41
88 44
44 50
46 56
56 50
46 65
65 68
10 54
54 9
88 64
64 20
10 91
91 1
46 25
25 41
66 62
62 68
66 52
52 7
37 50
33 90
38 9
79 41
42 68
21 24
44 20
86 7
51 50
6 26
60 39
40 77
11 30
86 38
79 36
57 2
57 18
81 8
18 75
87 63
77 5
42 54
55 32
42 4
80 52
47 70
88 51
32 64
82 91
77 33
72 28
43 1
48 80
29 7
55 47
35 76
49 4
85 20
32 18
91 7
39 62
78 157 1
31 10
21 68
31 71
71 51
31 67
67 11
21 14
14 51
21 34
34 11
21 20
20 51
21 75
75 11
31 24
24 51
31 70
70 11
31 58
58 11
31 56
56 51
21 76
76 11
21 7
7 11
31 47
47 11
31 6
6 51
31 18
18 11
21 10
10 51
21 63
63 51
21 53
53 51
21 9
9 11
31 62
62 11
21 29
29 51
31 55
55 51
21 54
54 51
21 26
26 51
31 64
64 51
21 44
44 11
31 61
61 51
21 37
37 51
31 30
30 51
31 4
4 51
21 16
16 51
31 68
68 51
31 28
28 11
31 74
74 11
58 51
4 28
56 74
67 7
7 9
14 24
3 65
3 42
42 17
3 1
1 17
3 69
69 78
3 73
73 17
3 13
13 48
3 22
22 17
3 40
40 48
3 57
57 48
3 23
23 48
3 49
49 48
3 77
77 17
3 2
2 78
3 59
59 78
3 45
45 48
3 39
39 78
3 15
15 78
3 27
27 48
3 46
46 48
3 12
12 17
3 50
50 17
3 33
33 48
65 17
3 32
32 17
3 19
19 48
3 52
52 78
3 5
5 78
3 38
38 48
3 25
25 78
3 35
35 17
3 43
43 78
3 8
8 78
3 60
60 78
3 41
41 78
3 66
66 48
3 36
36 48
1 48
13 78
1 27
69 15
69 60
57 41
23 45
40 36
11 72
51 72
72 3
94 181 1
18 12
78 60
47 39
63 1
89 24
25 12
47 93
93 57
89 49
49 45
18 38
38 73
63 51
51 67
47 80
80 67
78 92
92 57
89 1
1 21
78 39
39 59
89 36
36 35
63 43
43 69
89 82
82 35
47 85
85 45
47 76
76 21
47 88
88 73
78 34
34 69
78 68
68 73
89 7
7 35
18 15
15 67
89 75
75 45
47 17
17 57
78 94
94 45
63 27
27 73
89 13
13 45
18 40
40 35
63 16
16 69
60 73
18 22
22 57
63 50
50 73
63 52
52 21
63 72
72 73
63 58
58 57
63 62
62 57
24 20
18 10
10 20
18 90
90 69
78 32
32 20
18 81
81 21
25 91
91 45
63 55
55 35
18 64
64 69
89 84
84 21
89 44
44 21
78 29
29 57
89 26
26 67
63 86
86 45
89 8
8 21
18 6
6 69
18 9
9 20
47 71
71 20
47 87
87 45
63 11
11 67
25 61
61 21
25 53
53 45
25 31
31 21
89 77
77 35
47 23
23 67
25 46
46 35
47 33
33 67
47 12
12 45
89 56
56 57
63 79
79 69
63 14
14 59
78 42
42 20
25 3
3 69
25 30
30 20
89 4
4 59
89 19
19 21
47 41
41 67
25 28
28 21
63 70
70 59
18 48
48 21
89 74
74 45
63 66
66 73
18 65
65 73
78 83
83 67
78 5
5 67
78 54
54 35
78 37
37 35
47 2
2 59
31 73
10 45
72 20
51 35
52 69
2 57
66 21
24 59
84 67
4 28
80 88
88 68
25 77
55 29
31 57
60 79
14 67
17 19
46 2
94 193 1
28 42
63 52
67 53
79 91
86 44
48 12
67 81
81 75
67 19
19 75
86 35
35 75
79 46
46 75
48 14
14 75
63 87
87 75
28 32
32 75
63 50
50 20
28 82
82 75
79 85
85 20
48 8
8 20
48 21
21 20
67 37
37 20
86 78
78 20
28 12
12 20
48 94
94 20
48 25
25 20
48 24
24 75
63 47
47 75
28 57
57 75
48 30
30 75
79 45
45 75
86 76
76 75
48 77
77 75
63 70
70 20
28 51
51 75
86 62
62 20
86 31
31 75
28 44
44 20
79 33
33 20
79 56
56 75
79 93
93 75
28 49
49 75
86 92
92 20
79 55
55 20
79 29
29 75
79 10
10 75
86 18
18 20
67 69
69 75
28 38
38 75
86 36
36 75
48 7
7 75
48 13
13 20
28 52
52 20
86 5
5 75
67 59
59 75
86 11
11 75
79 89
89 75
67 22
22 20
48 60
60 20
28 40
40 75
79 83
83 20
28 58
58 20
86 64
64 20
48 41
41 75
48 34
34 20
63 73
73 75
63 3
3 20
63 54
54 20
63 80
80 20
48 6
6 20
63 15
15 20
48 4
4 20
86 43
43 20
28 27
27 75
86 88
88 20
67 26
26 20
67 74
74 20
28 39
39 20
86 53
53 75
86 61
61 75
86 42
42 20
63 9
9 75
67 23
23 75
86 72
72 75
48 91
91 20
67 1
1 20
63 71
71 75
67 16
16 20
63 84
84 75
79 68
68 75
67 2
2 20
86 65
65 75
48 17
17 20
79 90
90 20
79 66
66 20
64 75
11 66
61 72
25 18
24 27
24 3
8 49
36 73
10 11
57 38
82 2
50 80
94 13
29 88
24 41
