5
959 1862 883
361 779
74 443
844 917
116 528
33 23
320 594
256 133
141 947
845 447
831 66
502 396
680 873
224 867
279 145
153 623
606 637
758 904
393 154
541 741
922 515
256 179
179 67
153 440
440 586
758 590
590 308
680 937
937 552
361 12
12 435
141 662
662 795
922 821
821 435
116 1
1 130
831 764
764 469
680 245
245 93
758 61
61 586
680 243
243 270
279 472
472 561
361 395
395 93
502 549
549 881
831 786
786 840
279 325
325 822
153 316
316 231
831 284
284 289
320 46
46 344
541 536
536 719
922 27
27 41
758 856
856 434
153 901
901 41
844 156
156 270
541 846
846 586
153 343
343 469
680 212
212 798
153 375
375 561
680 943
943 469
922 950
950 404
224 712
712 840
541 406
406 883
116 457
457 434
844 423
423 268
33 814
814 93
361 142
142 35
922 869
869 798
361 495
495 881
845 806
806 795
845 657
657 34
831 148
148 270
74 601
601 822
680 757
757 366
141 81
81 813
844 793
793 402
844 415
415 67
153 904
904 561
361 550
550 402
320 949
949 404
361 17
17 67
153 232
232 289
831 86
86 929
116 122
122 231
279 235
235 93
845 894
894 714
361 530
530 41
320 873
873 469
680 214
214 437
541 697
697 35
758 251
251 67
844 726
726 404
320 915
915 368
922 737
737 434
74 843
843 434
502 345
345 798
74 464
464 944
153 49
49 344
606 746
746 368
922 852
852 146
606 445
445 933
141 627
627 253
502 769
769 308
758 479
479 596
845 544
544 434
320 827
827 34
393 30
30 586
606 558
558 933
141 455
455 596
844 527
527 719
33 118
118 714
393 503
503 631
680 391
391 308
224 369
369 748
33 540
540 469
320 363
363 944
541 234
234 710
224 342
342 710
393 779
779 552
224 449
449 813
845 938
938 654
758 638
638 946
606 7
7 93
758 382
382 67
831 507
507 616
141 335
335 822
393 181
181 596
33 632
632 552
831 562
562 344
74 373
373 552
922 643
643 390
256 11
11 231
361 89
89 368
393 6
6 944
831 271
271 840
844 491
491 822
33 718
718 268
844 870
870 631
393 73
73 840
256 621
621 146
141 185
185 944
256 755
755 883
844 389
389 714
922 358
358 795
541 548
548 748
224 885
885 596
320 204
204 268
153 747
747 586
279 877
877 463
541 690
690 41
74 695
695 34
758 705
705 130
33 80
80 41
116 706
706 813
153 579
579 289
224 559
559 34
680 711
711 748
502 650
650 435
541 312
312 946
116 702
702 748
320 713
713 308
153 40
40 561
541 176
176 390
393 172
172 719
922 473
473 402
279 956
956 897
116 681
681 719
74 162
162 41
541 866
866 946
141 194
194 929
224 123
123 897
541 22
22 130
845 114
114 946
758 671
671 366
831 954
954 552
393 247
247 437
74 689
689 402
844 184
184 829
393 600
600 714
320 269
269 35
606 854
854 366
393 83
83 919
256 398
398 463
844 42
42 431
256 903
903 881
606 112
112 469
922 323
323 437
758 913
913 822
845 569
569 881
844 144
144 829
831 229
229 840
845 196
196 253
224 902
902 631
680 459
459 434
606 306
306 289
74 810
810 946
845 70
70 231
224 511
511 883
502 920
920 933
758 926
926 135
541 584
584 308
256 640
640 552
279 749
749 933
33 819
819 435
502 101
101 710
116 573
573 463
831 233
233 822
680 815
815 404
922 890
890 41
74 421
421 714
256 560
560 368
758 43
43 404
502 446
446 840
320 722
722 840
758 208
208 435
922 508
508 469
320 334
334 795
224 756
756 268
279 514
514 919
680 832
832 616
224 319
319 944
256 433
433 130
279 608
608 469
758 246
246 944
758 782
782 933
831 945
945 41
141 106
106 631
320 225
225 469
844 124
124 253
141 295
295 840
541 504
504 596
680 72
72 616
831 941
941 944
680 226
226 944
74 170
170 431
393 350
350 719
845 99
99 67
224 336
336 402
256 64
64 616
758 427
427 919
680 26
26 434
141 200
200 561
831 802
802 561
922 732
732 463
393 218
218 463
141 236
236 289
680 839
839 561
845 783
783 929
224 864
864 34
320 932
932 748
74 859
859 897
33 327
327 616
33 299
299 135
33 385
385 840
844 841
841 174
141 645
645 840
680 477
477 813
844 326
326 174
606 516
516 714
33 462
462 41
541 898
898 919
279 900
900 795
141 790
790 404
758 824
824 944
361 78
78 552
279 66
66 47
224 959
959 944
279 655
655 798
845 428
428 463
922 258
258 929
845 32
32 35
831 618
618 561
922 592
592 231
320 947
947 41
680 3
3 67
153 753
753 881
141 16
16 829
33 51
51 135
256 685
685 813
845 577
577 435
845 867
867 748
844 823
823 404
141 555
555 881
320 248
248 34
844 237
237 596
256 282
282 67
279 305
305 944
502 720
720 402
922 501
501 897
541 31
31 795
74 678
678 253
393 665
665 268
33 633
633 146
279 399
399 710
845 704
704 933
922 127
127 829
153 614
614 437
320 117
117 631
320 370
370 35
606 149
149 897
502 303
303 946
393 466
466 933
74 311
311 919
541 439
439 25
256 87
87 469
844 930
930 795
541 649
649 463
153 379
379 130
922 580
580 883
541 85
85 616
141 771
771 130
279 314
314 404
320 709
709 268
680 669
669 437
361 257
257 631
393 410
410 919
758 178
178 946
844 104
104 289
279 300
300 469
680 800
800 35
844 304
304 41
502 644
644 35
844 453
453 654
153 193
193 822
393 478
478 740
361 572
572 146
844 24
24 586
831 539
539 146
541 425
425 174
758 626
626 270
153 692
692 344
256 321
321 748
606 914
914 402
541 315
315 561
502 56
56 795
33 780
780 93
74 470
470 596
845 738
738 829
153 217
217 463
224 529
529 933
393 54
54 710
922 337
337 929
224 533
533 469
831 92
92 34
361 44
44 268
541 438
438 631
361 876
876 434
116 255
255 813
393 679
679 813
361 97
97 41
502 857
857 881
541 754
754 840
502 238
238 344
141 688
688 434
831 871
871 740
844 180
180 840
758 188
188 813
606 767
767 714
361 667
667 748
502 595
595 67
33 173
173 596
844 417
417 366
502 520
520 93
758 79
79 437
758 708
708 434
502 264
264 25
361 340
340 748
606 526
526 41
502 531
531 929
845 38
38 231
224 916
916 710
74 483
483 616
256 125
125 798
224 215
215 344
361 187
187 435
33 380
380 434
74 53
53 402
224 499
499 25
116 261
261 719
361 794
794 368
606 249
249 719
279 515
515 616
153 634
634 174
845 419
419 25
224 175
175 67
680 239
239 431
116 411
411 552
831 625
625 740
606 855
855 463
922 288
288 919
831 492
492 289
831 482
482 435
393 545
545 795
393 454
454 881
831 875
875 135
361 588
588 929
224 517
517 368
320 71
71 41
844 166
166 34
922 273
273 34
320 761
761 366
922 45
45 41
141 812
812 437
680 921
921 946
256 409
409 822
320 744
744 897
141 788
788 944
541 578
578 130
153 84
84 366
153 635
635 308
320 309
309 253
845 906
906 41
680 629
629 268
153 668
668 368
502 659
659 308
758 801
801 35
606 28
28 883
320 607
607 146
680 836
836 93
224 599
599 174
502 397
397 404
279 891
891 881
393 619
619 944
320 353
353 798
33 554
554 813
361 198
198 368
541 728
728 289
502 734
734 719
606 524
524 710
153 899
899 35
153 339
339 268
33 165
165 740
844 936
936 270
680 805
805 435
33 266
266 798
393 134
134 919
393 693
693 289
33 809
809 897
844 332
332 93
845 458
458 795
831 158
158 67
141 878
878 130
33 333
333 933
320 2
2 34
845 882
882 552
541 684
684 654
116 475
475 946
680 820
820 822
393 656
656 881
393 485
485 919
224 636
636 616
74 752
752 919
502 121
121 431
502 762
762 366
141 250
250 795
831 100
100 437
320 570
570 47
502 496
496 813
33 155
155 41
153 648
648 146
279 447
447 897
279 893
893 586
831 221
221 434
393 197
197 270
844 481
481 253
541 222
222 596
33 886
886 390
393 294
294 253
279 639
639 47
141 663
663 714
153 387
387 710
393 763
763 174
758 95
95 719
844 267
267 631
320 612
612 631
153 441
441 368
680 952
952 344
922 641
641 795
224 928
928 270
256 307
307 897
224 613
613 710
279 660
660 795
844 927
927 740
224 850
850 740
680 371
371 822
116 4
4 795
141 242
242 552
74 192
192 919
758 430
430 390
74 189
189 840
758 291
291 366
844 807
807 929
224 138
138 881
680 69
69 883
393 789
789 822
831 567
567 130
361 593
593 368
758 591
591 253
680 313
313 368
541 694
694 368
845 63
63 748
845 110
110 883
922 935
935 919
141 603
603 631
279 467
467 631
33 401
401 654
74 912
912 919
74 888
888 881
320 132
132 35
831 597
597 41
844 244
244 390
256 362
362 798
256 98
98 748
606 374
374 404
845 743
743 41
845 731
731 47
393 923
923 822
844 275
275 795
758 169
169 268
831 958
958 798
141 426
426 714
320 182
182 795
502 386
386 840
831 703
703 552
831 13
13 174
256 773
773 434
831 751
751 840
74 865
865 881
502 547
547 933
845 202
202 813
279 82
82 390
74 230
230 135
393 443
443 41
502 103
103 829
153 834
834 368
831 838
838 469
74 292
292 919
393 623
623 67
541 357
357 146
320 700
700 135
224 36
36 933
541 68
68 390
922 951
951 270
224 615
615 344
153 94
94 740
541 355
355 897
680 296
296 469
831 57
57 390
141 207
207 719
74 759
759 47
606 727
727 897
33 683
683 748
74 394
394 469
922 76
76 919
153 523
523 146
393 861
861 435
361 465
465 368
320 730
730 586
393 432
432 740
758 157
157 404
361 451
451 34
680 575
575 47
361 298
298 344
845 171
171 344
320 682
682 368
845 383
383 616
116 147
147 897
320 500
500 929
116 879
879 390
74 113
113 268
320 403
403 270
844 143
143 404
256 23
23 146
361 509
509 798
33 535
535 34
116 476
476 41
845 489
489 798
922 448
448 897
256 892
892 268
279 216
216 431
256 55
55 344
844 414
414 34
141 407
407 631
224 518
518 469
845 317
317 897
116 628
628 748
606 908
908 368
74 287
287 67
541 115
115 897
320 723
723 268
33 583
583 631
831 133
133 740
758 10
10 344
361 376
376 431
393 9
9 390
33 830
830 368
758 65
65 25
844 538
538 929
224 161
161 822
256 283
283 268
758 594
594 561
153 456
456 919
141 862
862 463
680 664
664 93
606 15
15 368
33 140
140 933
831 14
14 434
116 887
887 344
33 8
8 35
256 450
450 596
33 139
139 798
922 522
522 944
320 828
828 463
141 331
331 146
74 498
498 47
606 21
21 437
393 240
240 268
393 513
513 366
502 416
416 435
502 537
537 146
320 851
851 740
361 227
227 368
320 152
152 25
361 574
574 586
320 765
765 404
141 791
791 748
279 160
160 270
256 687
687 883
224 241
241 41
680 205
205 946
116 542
542 840
758 480
480 435
116 102
102 881
116 60
60 368
279 260
260 740
141 622
622 822
361 565
565 561
153 210
210 714
541 461
461 146
502 534
534 93
74 96
96 390
116 388
388 813
224 154
154 47
320 620
620 390
502 347
347 829
361 670
670 795
680 281
281 631
680 109
109 881
831 107
107 435
279 874
874 616
680 816
816 146
33 213
213 434
844 177
177 881
606 674
674 130
922 77
77 67
845 842
842 435
606 808
808 34
845 760
760 883
224 120
120 616
680 265
265 47
74 412
412 740
153 772
772 35
224 910
910 897
141 696
696 469
33 468
468 404
33 348
348 34
224 880
880 616
256 948
948 748
141 341
341 67
541 896
896 268
922 413
413 135
153 484
484 798
606 286
286 308
502 889
889 270
502 330
330 840
831 911
911 174
845 610
610 289
393 486
486 929
393 675
675 919
361 666
666 919
541 424
424 130
831 392
392 813
922 18
18 253
141 494
494 253
33 750
750 881
116 774
774 748
116 418
418 135
279 487
487 231
393 784
784 881
758 557
557 135
361 272
272 596
393 354
354 631
393 585
585 135
844 488
488 798
74 677
677 368
279 589
589 174
393 741
741 714
845 940
940 366
256 490
490 748
224 939
939 231
74 360
360 402
922 151
151 798
279 860
860 67
33 568
568 435
153 278
278 366
74 907
907 795
502 581
581 631
680 211
211 829
153 556
556 840
141 164
164 897
320 293
293 897
361 934
934 130
680 364
364 946
541 400
400 368
320 338
338 897
758 436
436 829
680 159
159 463
361 328
328 586
224 630
630 270
74 318
318 231
224 20
20 434
33 252
252 437
256 576
576 463
256 658
658 431
502 405
405 268
502 126
126 748
116 506
506 435
141 609
609 435
74 220
220 710
758 676
676 946
680 835
835 840
831 707
707 798
831 29
29 933
606 381
381 631
502 776
776 434
393 493
493 740
361 262
262 710
758 408
408 552
758 209
209 308
844 637
637 798
845 918
918 67
33 766
766 822
831 50
50 434
74 59
59 344
393 785
785 35
116 254
254 561
256 546
546 34
153 652
652 174
361 378
378 146
256 19
19 795
831 372
372 469
845 917
917 561
153 909
909 41
279 686
686 93
680 653
653 174
831 775
775 463
758 108
108 289
393 356
356 130
541 396
396 435
256 505
505 933
541 543
543 366
33 377
377 146
606 833
833 616
680 797
797 434
279 186
186 35
74 715
715 404
758 525
525 631
361 781
781 552
831 111
111 933
33 646
646 919
541 582
582 929
361 528
528 795
224 745
745 897
116 924
924 231
758 263
263 135
758 39
39 881
831 787
787 719
279 471
471 344
224 183
183 435
320 725
725 93
393 598
598 231
606 519
519 596
320 274
274 146
116 818
818 146
831 571
571 431
758 837
837 463
845 817
817 469
153 647
647 919
831 739
739 174
361 957
957 289
844 721
721 253
541 884
884 368
224 168
168 654
361 145
145 435
502 460
460 135
844 277
277 883
141 301
301 586
393 799
799 35
153 88
88 883
680 803
803 946
680 905
905 344
922 105
105 552
361 444
444 946
361 136
136 402
502 604
604 41
606 777
777 404
361 617
617 881
320 553
553 740
606 698
698 719
361 349
349 929
279 848
848 308
680 605
605 883
606 37
37 434
831 203
203 469
393 872
872 822
922 452
452 130
361 931
931 253
541 716
716 67
606 847
847 822
256 624
624 34
141 735
735 586
844 310
310 146
116 442
442 740
831 219
219 710
224 429
429 431
393 420
420 35
606 510
510 270
606 150
150 366
224 796
796 829
844 532
532 390
680 673
673 829
224 322
322 366
256 811
811 67
256 701
701 47
680 352
352 714
606 351
351 813
361 863
863 25
502 131
131 146
141 276
276 881
74 768
768 919
844 119
119 93
320 474
474 631
393 826
826 748
279 199
199 270
33 849
849 946
256 75
75 174
845 587
587 829
845 48
48 368
33 285
285 146
320 191
191 35
758 129
129 308
541 384
384 596
680 201
201 883
606 953
953 463
320 190
190 435
74 90
90 434
116 733
733 740
224 359
359 231
320 290
290 829
831 52
52 469
680 551
551 404
279 742
742 135
224 770
770 795
845 804
804 822
33 895
895 25
845 346
346 253
831 792
792 437
279 497
497 710
845 58
58 740
256 853
853 437
393 736
736 740
256 128
128 798
845 163
163 897
74 5
5 366
502 858
858 130
845 724
724 368
606 422
422 390
844 329
329 431
831 651
651 561
320 62
62 654
320 302
302 929
541 661
661 135
758 955
955 434
74 367
367 25
141 365
365 719
256 717
717 561
141 195
195 146
224 564
564 463
153 729
729 946
74 642
642 929
502 259
259 822
141 228
228 795
502 602
602 929
361 206
206 366
922 868
868 93
361 825
825 231
680 223
223 919
393 280
280 146
153 324
324 253
606 566
566 47
153 925
925 174
256 91
91 368
393 778
778 253
393 512
512 368
541 563
563 748
279 942
942 130
922 699
699 67
831 691
691 840
320 167
167 135
845 521
521 366
844 611
611 631
606 137
137 631
224 297
297 130
831 672
672 944
40 270
613 897
711 714
692 268
326 813
165 944
414 289
579 435
477 67
888 35
489 929
608 795
945 34
321 919
28 174
106 434
726 719
80 654
283 390
537 552
471 431
292 463
30 829
419 402
808 883
5 344
668 469
261 586
53 561
904 231
102 93
564 933
372 740
346 946
854 840
370 710
110 366
848 253
538 616
615 437
698 748
888 135
877 130
932 596
637 25
90 47
124 881
244 308
959 404
823 41
698 822
629 146
729 631
260 798
527 368
327 841
483 68
584 921
152 953
269 529
681 735
50 909
679 396
44 593
547 21
12 583
327 54
147 647
106 655
142 318
935 400
624 259
214 490
282 135
926 1909 907
420 448
37 879
255 787
685 566
55 9
37 272
272 358
37 396
396 347
255 894
894 207
685 921
921 603
55 477
477 643
37 910
910 878
37 447
447 207
420 527
527 643
255 292
292 358
420 667
667 347
55 542
542 141
420 344
344 347
37 162
162 556
55 833
833 689
255 124
124 603
37 125
125 207
420 208
208 75
420 198
198 72
55 722
722 556
55 831
831 626
55 437
437 643
420 484
484 556
55 384
384 358
55 783
783 347
420 189
189 72
37 336
336 643
55 513
513 643
420 59
59 363
255 547
547 347
37 414
414 878
420 634
634 603
55 7
7 878
255 589
589 347
255 362
362 556
37 801
801 363
255 877
877 141
420 160
160 626
420 78
78 556
420 371
371 207
55 282
282 689
55 448
448 556
420 299
299 603
420 918
918 626
685 673
673 72
255 214
214 207
420 257
257 643
420 23
23 603
420 132
132 878
55 142
142 72
685 345
345 363
255 610
610 347
685 810
810 141
255 551
551 207
420 787
787 878
37 875
875 603
685 620
620 75
420 127
127 207
685 811
811 72
685 654
654 75
37 596
596 643
420 473
473 347
255 904
904 72
255 509
509 141
55 240
240 141
255 364
364 603
420 925
925 878
255 338
338 72
55 924
924 878
420 314
314 75
255 562
562 689
420 500
500 75
685 495
495 363
685 480
480 556
37 216
216 207
55 684
684 556
685 308
308 75
685 798
798 72
255 856
856 363
37 403
403 556
685 165
165 72
55 256
256 878
37 445
445 556
685 489
489 347
255 438
438 689
37 449
449 347
255 121
121 75
255 254
254 878
55 748
748 689
37 855
855 141
55 106
106 556
55 869
869 556
55 30
30 75
685 94
94 347
255 669
669 347
255 28
28 347
255 772
772 141
420 241
241 75
685 793
793 207
420 841
841 643
55 825
825 75
255 614
614 207
37 301
301 72
9 72
37 853
853 72
420 619
619 347
255 224
224 72
255 90
90 626
37 219
219 689
55 816
816 878
37 430
430 878
685 717
717 358
37 644
644 72
685 649
649 141
420 670
670 75
685 313
313 72
255 790
790 878
55 53
53 75
37 616
616 141
37 916
916 141
685 433
433 603
420 625
625 603
37 264
264 556
255 290
290 626
420 242
242 75
55 367
367 72
255 553
553 626
55 269
269 72
420 237
237 347
37 765
765 643
55 119
119 347
420 369
369 556
685 604
604 363
37 416
416 75
255 642
642 689
420 322
322 363
255 286
286 626
255 442
442 141
55 826
826 75
55 903
903 603
685 434
434 141
37 374
374 626
55 779
779 207
255 152
152 878
420 104
104 556
420 661
661 207
37 281
281 603
55 888
888 626
37 876
876 347
37 163
163 643
685 576
576 141
420 859
859 207
55 624
624 141
420 753
753 878
420 129
129 363
55 662
662 141
255 794
794 556
255 530
530 878
420 161
161 689
685 97
97 556
55 726
726 72
37 154
154 556
255 360
360 878
255 842
842 347
37 372
372 347
685 145
145 72
37 184
184 141
255 622
622 358
420 788
788 141
685 777
777 689
685 778
778 75
37 882
882 556
420 355
355 363
420 911
911 556
685 342
342 626
37 901
901 626
685 407
407 75
255 755
755 603
55 741
741 207
420 71
71 141
420 223
223 75
55 734
734 72
685 905
905 689
55 658
658 556
255 733
733 207
420 546
546 347
420 402
402 347
685 213
213 643
420 529
529 75
255 806
806 75
255 521
521 626
420 268
268 72
255 4
4 75
685 883
883 141
37 221
221 603
37 389
389 358
685 108
108 689
55 123
123 689
37 319
319 141
420 415
415 643
55 679
679 363
37 83
83 207
37 745
745 363
255 470
470 72
685 82
82 643
55 399
399 347
55 41
41 75
37 107
107 556
37 749
749 72
255 868
868 347
255 671
671 626
420 789
789 626
37 897
897 141
37 151
151 347
255 829
829 878
55 691
691 75
37 768
768 358
685 804
804 207
420 332
332 643
55 421
421 141
37 204
204 363
55 361
361 643
685 454
454 626
37 270
270 72
420 444
444 207
255 462
462 878
255 370
370 75
255 703
703 141
37 742
742 358
55 69
69 75
685 233
233 207
420 170
170 603
55 920
920 75
685 805
805 626
37 158
158 347
55 65
65 72
55 590
590 358
255 834
834 363
420 818
818 72
685 279
279 141
420 639
639 363
255 890
890 141
685 149
149 603
255 196
196 141
420 267
267 689
255 601
601 347
37 711
711 626
37 851
851 207
55 169
169 75
55 39
39 347
685 565
565 75
55 157
157 603
255 648
648 878
420 291
291 141
255 385
385 207
685 246
246 207
255 850
850 363
55 864
864 603
37 45
45 626
420 130
130 556
685 99
99 75
37 926
926 603
55 64
64 207
420 577
577 643
420 393
393 556
255 458
458 207
420 523
523 75
55 312
312 626
420 465
465 626
420 846
846 141
37 176
176 72
255 188
188 363
255 917
917 347
55 218
218 878
420 567
567 347
685 239
239 75
420 424
424 141
420 251
251 358
55 321
321 603
55 803
803 643
420 12
12 603
255 866
866 556
255 664
664 556
685 623
623 207
55 738
738 358
37 621
621 363
255 380
380 72
255 273
273 603
420 652
652 207
37 808
808 72
685 759
759 878
255 784
784 626
37 405
405 347
685 318
318 75
255 672
672 556
420 298
298 878
255 159
159 347
55 700
700 626
255 217
217 643
55 426
426 878
55 84
84 363
37 250
250 358
37 58
58 556
255 38
38 72
55 796
796 363
685 366
366 358
685 43
43 643
55 377
377 141
37 861
861 207
37 563
563 626
685 770
770 141
55 919
919 363
37 498
498 207
420 35
35 141
37 702
702 878
420 327
327 141
55 618
618 689
420 173
173 75
685 443
443 363
685 677
677 556
685 559
559 141
255 133
133 689
420 578
578 603
55 757
757 603
255 609
609 72
420 187
187 878
420 613
613 603
37 615
615 141
685 863
863 689
55 85
85 878
55 744
744 358
685 809
809 363
37 791
791 347
685 554
554 141
685 73
73 643
420 167
167 643
420 156
156 689
55 60
60 358
685 814
814 643
255 212
212 141
420 682
682 347
420 636
636 75
685 263
263 643
685 432
432 878
255 635
635 643
685 325
325 72
37 695
695 358
685 388
388 878
55 715
715 72
37 147
147 358
37 913
913 556
37 923
923 689
420 315
315 363
255 781
781 363
420 633
633 207
685 690
690 689
55 359
359 689
420 580
580 358
37 705
705 75
37 429
429 626
685 723
723 75
37 862
862 75
37 193
193 358
55 561
561 358
420 15
15 72
255 900
900 141
37 398
398 556
420 774
774 643
685 714
714 72
255 902
902 626
685 763
763 207
685 401
401 358
420 880
880 363
37 638
638 141
685 231
231 207
55 827
827 72
37 404
404 75
255 747
747 72
37 858
858 207
255 261
261 643
685 760
760 207
685 581
581 207
37 893
893 643
37 574
574 878
685 236
236 556
55 650
650 626
255 892
892 207
420 844
844 689
685 773
773 207
420 354
354 75
420 211
211 626
255 408
408 207
685 143
143 626
255 283
283 347
420 481
481 72
55 485
485 363
55 659
659 878
37 6
6 878
420 468
468 643
255 607
607 75
55 588
588 363
685 543
543 347
420 592
592 363
685 68
68 358
685 50
50 363
420 696
696 626
37 857
857 207
55 739
739 626
685 277
277 207
685 758
758 72
685 582
582 75
685 249
249 603
37 203
203 603
255 848
848 363
420 870
870 358
420 392
392 878
420 710
710 363
37 232
232 689
37 335
335 75
255 641
641 358
420 865
865 72
420 89
89 75
255 357
357 75
55 80
80 75
255 285
285 141
685 287
287 347
37 222
222 643
37 365
365 603
37 697
697 626
55 423
423 75
255 146
146 358
55 56
56 363
685 191
191 363
55 678
678 358
685 517
517 207
255 541
541 603
255 427
427 603
685 410
410 358
685 699
699 72
255 235
235 207
55 356
356 643
37 195
195 643
420 253
253 878
420 382
382 363
420 605
605 75
255 171
171 72
55 275
275 626
685 606
606 347
55 122
122 347
55 334
334 603
255 730
730 347
685 891
891 878
37 716
716 603
37 488
488 358
685 493
493 626
255 183
183 626
420 569
569 556
37 665
665 626
420 506
506 689
255 243
243 72
55 265
265 643
420 190
190 347
685 915
915 689
37 181
181 689
55 501
501 603
37 266
266 75
685 736
736 363
255 525
525 643
55 886
886 358
55 409
409 75
420 47
47 347
685 67
67 878
255 524
524 358
685 812
812 643
685 306
306 363
685 854
854 363
255 31
31 141
255 819
819 878
420 350
350 878
55 271
271 207
37 394
394 626
37 538
538 358
685 375
375 72
685 352
352 72
37 440
440 556
255 683
683 141
37 617
617 347
37 807
807 347
255 503
503 603
255 178
178 643
420 835
835 878
37 907
907 689
37 884
884 347
55 150
150 556
55 544
544 643
37 455
455 207
55 95
95 626
255 175
175 358
685 597
597 643
420 771
771 556
685 24
24 643
420 568
568 878
255 395
395 626
420 849
849 643
37 815
815 347
255 452
452 358
255 304
304 626
55 743
743 363
420 782
782 347
37 518
518 141
420 873
873 626
255 719
719 207
55 341
341 603
55 579
579 878
255 1
1 689
255 13
13 878
37 117
117 878
37 674
674 347
420 42
42 207
420 732
732 643
685 549
549 358
685 482
482 643
685 852
852 878
37 557
557 207
685 570
570 603
255 288
288 358
255 737
737 72
685 761
761 556
37 16
16 626
37 914
914 603
55 922
922 363
420 572
572 689
37 201
201 603
37 373
373 643
55 220
220 603
55 295
295 141
37 566
566 75
255 302
302 207
55 397
397 347
55 533
533 141
685 725
725 347
255 491
491 556
685 419
419 603
55 860
860 72
55 387
387 75
685 478
478 75
685 519
519 141
685 230
230 141
420 96
96 643
255 457
457 689
37 645
645 347
255 62
62 878
685 663
663 626
685 532
532 72
37 305
305 556
55 309
309 207
55 487
487 358
420 843
843 626
37 573
573 878
55 431
431 878
420 328
328 689
685 81
81 72
685 144
144 358
37 872
872 347
55 584
584 878
55 340
340 556
255 483
483 363
685 25
25 626
55 688
688 626
55 537
537 72
55 687
687 643
255 817
817 207
685 637
637 358
37 22
22 363
420 611
611 358
255 450
450 72
55 339
339 689
55 229
229 878
55 729
729 689
55 227
227 72
685 822
822 626
420 595
595 556
255 276
276 363
255 148
148 141
55 657
657 358
420 871
871 689
685 786
786 603
685 795
795 643
685 135
135 75
37 754
754 626
255 186
186 556
37 594
594 363
55 666
666 556
420 346
346 347
37 785
785 626
685 128
128 689
37 874
874 603
255 552
552 878
685 180
180 358
37 516
516 358
255 11
11 358
420 780
780 75
255 838
838 363
685 110
110 358
37 311
311 878
37 46
46 347
55 349
349 689
255 390
390 689
37 750
750 75
255 376
376 878
685 612
612 75
255 496
496 878
685 464
464 626
685 297
297 141
255 296
296 207
37 692
692 72
37 413
413 207
685 114
114 347
37 63
63 363
420 351
351 689
420 202
202 141
420 627
627 347
37 278
278 363
37 88
88 207
255 3
3 207
55 766
766 141
685 98
98 556
420 721
721 878
255 441
441 643
37 813
813 878
55 206
206 603
55 102
102 75
55 764
764 603
420 599
599 363
55 535
535 347
420 228
228 72
37 386
386 626
420 5
5 626
685 406
406 626
55 585
585 689
685 539
539 207
420 840
840 358
420 887
887 603
685 284
284 556
55 21
21 347
255 225
225 72
685 545
545 72
420 164
164 141
420 836
836 363
420 381
381 358
685 417
417 358
685 428
428 207
255 324
324 556
420 502
502 347
37 383
383 358
55 109
109 556
55 93
93 626
37 105
105 358
55 74
74 626
685 751
751 603
255 564
564 75
37 660
660 643
55 653
653 358
255 548
548 626
37 608
608 643
37 466
466 626
420 727
727 207
420 628
628 358
685 879
879 878
37 528
528 347
685 194
194 207
37 797
797 358
255 895
895 643
255 353
353 643
255 185
185 626
685 234
234 643
685 435
435 72
37 708
708 556
55 323
323 556
685 215
215 358
37 640
640 603
55 752
752 689
55 724
724 603
255 514
514 556
37 693
693 72
55 486
486 878
37 210
210 72
420 651
651 72
37 522
522 207
685 199
199 141
685 10
10 643
255 192
192 141
55 507
507 878
37 294
294 141
420 769
769 626
37 177
177 878
420 168
168 72
37 79
79 347
420 839
839 643
55 238
238 626
255 44
44 603
37 61
61 207
255 720
720 689
255 320
320 141
685 602
602 207
255 845
845 363
420 571
571 72
685 459
459 358
37 600
600 141
55 103
103 363
55 54
54 603
37 837
837 72
55 776
776 363
255 629
629 643
37 731
731 141
420 118
118 363
255 247
247 358
37 775
775 72
685 583
583 141
420 709
709 643
420 728
728 347
255 343
343 72
55 504
504 207
420 40
40 556
55 515
515 643
55 479
479 207
55 467
467 689
37 704
704 347
55 245
245 556
685 630
630 689
55 909
909 556
255 153
153 689
55 425
425 363
420 19
19 347
37 330
330 75
685 138
138 363
37 474
474 603
255 707
707 358
420 280
280 556
55 550
550 141
255 57
57 347
37 675
675 72
37 718
718 643
55 136
136 72
255 418
418 75
37 824
824 603
255 116
116 626
420 140
140 75
37 632
632 347
685 139
139 556
685 262
262 643
55 575
575 358
685 508
508 603
37 832
832 689
55 511
511 72
55 174
174 358
420 17
17 363
420 712
712 878
685 36
36 556
255 536
536 141
37 492
492 556
420 586
586 141
420 422
422 643
55 446
446 643
420 490
490 207
37 494
494 72
55 412
412 72
685 686
686 689
420 331
331 207
255 471
471 626
37 400
400 141
55 179
179 603
685 289
289 643
255 274
274 347
37 451
451 878
685 52
52 75
55 326
326 363
55 378
378 358
420 463
463 72
685 197
197 207
420 34
34 626
685 77
77 207
420 100
100 358
55 512
512 556
255 258
258 556
37 348
348 603
55 735
735 141
37 87
87 643
255 906
906 363
685 767
767 358
37 259
259 141
37 792
792 347
420 205
205 72
55 701
701 643
37 131
131 603
255 293
293 878
420 48
48 603
55 436
436 556
685 534
534 626
685 898
898 207
37 200
200 603
255 526
526 72
685 740
740 643
685 368
368 75
37 598
598 626
420 499
499 603
55 830
830 347
37 209
209 358
685 828
828 207
420 113
113 75
685 166
166 72
55 248
248 556
685 881
881 347
37 821
821 358
255 899
899 603
55 460
460 689
420 260
260 75
37 126
126 347
420 310
310 643
55 520
520 363
55 14
14 72
685 333
333 141
420 676
676 878
420 540
540 689
255 92
92 689
37 698
698 878
37 182
182 207
255 560
560 75
37 631
631 556
420 885
885 75
420 472
472 603
420 505
505 626
420 681
681 358
37 20
20 347
420 756
756 878
55 70
70 689
420 172
172 363
37 456
456 347
685 303
303 347
255 680
680 556
685 411
411 75
255 706
706 75
37 847
847 358
685 33
33 878
55 593
593 626
685 555
555 878
685 66
66 72
255 497
497 878
255 912
912 689
420 379
379 689
255 2
2 603
255 867
867 141
55 137
137 363
685 29
29 689
255 762
762 556
37 86
86 347
685 646
646 347
37 453
453 75
37 134
134 358
55 391
391 878
685 746
746 141
55 18
18 358
420 694
694 358
255 115
115 556
55 316
316 347
420 111
111 689
55 668
668 75
255 823
823 347
420 307
307 878
255 26
26 878
255 300
300 643
37 155
155 878
420 656
656 358
420 469
469 556
37 49
49 207
420 101
101 75
685 799
799 72
685 8
8 347
420 317
317 643
420 647
647 363
37 329
329 603
255 76
76 643
37 591
591 141
420 439
439 878
255 120
120 603
685 112
112 363
55 558
558 643
255 32
32 556
685 475
475 626
685 461
461 347
685 510
510 207
55 91
91 207
420 226
226 207
420 252
252 75
685 713
713 75
420 800
800 363
37 896
896 207
420 908
908 556
55 337
337 75
420 51
51 643
55 531
531 689
55 655
655 878
37 476
476 643
255 820
820 556
420 802
802 878
55 27
27 626
255 889
889 878
420 587
587 363
685 244
244 141
103 358
70 347
230 72
305 207
623 603
110 141
174 75
241 643
542 363
824 689
829 626
510 556
732 828
877 146
330 317
614 490
691 315
465 334
474 463
766 102
275 358
442 315
752 44
669 290
798 154
818 140
395 459
405 913
119 516
778 105
805 128
747 822
395 62
204 643
921 866
678 25
769 33
367 392
682 178
233 900
509 615
669 332
831 822
404 406
100 655
722 326
161 766
170 149
286 297
559 817
304 75
544 343
117 33
103 740
126 75
379 207
638 352
247 878
426 847
916 46
523 580
703 795
738 417
464 531
198 741
35 674
562 803
610 261
874 830
901 341
410 835
485 552
188 352
919 343
196 387
28 419
923 409
344 409
886 587
620 726
657 885
78 686
873 889
677 504
80 316
644 54
390 797
321 418
123 782
993 1893 806
479 436
398 672
254 469
249 910
737 460
580 944
962 442
808 81
497 978
780 136
91 783
668 953
115 870
554 36
328 397
560 76
492 518
448 484
95 567
101 705
931 437
727 256
678 280
361 927
195 19
503 120
695 298
738 330
963 469
608 614
213 153
733 982
538 854
350 633
58 702
431 155
227 522
184 454
704 22
930 270
418 649
618 641
191 447
35 841
768 411
244 822
291 777
453 157
3 616
214 660
404 377
322 541
462 293
681 37
677 822
611 612
297 352
687 23
443 205
751 765
748 461
573 659
888 968
679 664
164 368
935 316
903 874
74 312
403 774
351 527
942 947
426 465
652 974
510 991
915 648
112 256
723 487
581 849
110 131
107 6
200 319
601 23
105 537
623 373
886 312
401 643
564 38
89 321
211 55
730 797
729 206
686 264
350 5
5 329
328 747
747 883
623 914
914 99
74 699
699 168
962 233
233 622
213 259
259 811
418 598
598 547
95 846
846 323
888 40
40 877
291 887
887 108
404 850
850 215
3 794
794 941
677 849
849 364
751 531
531 362
448 491
491 753
608 44
44 161
431 656
656 429
361 4
4 811
462 444
444 366
768 315
315 661
89 209
209 72
74 83
83 98
227 831
831 843
112 411
411 588
737 612
612 362
573 375
375 102
211 278
278 252
748 713
713 13
200 239
239 133
426 205
205 843
681 256
256 364
195 8
8 693
361 245
245 843
704 274
274 56
730 658
658 674
479 968
968 975
213 100
100 872
112 257
257 420
492 370
370 463
350 882
882 265
191 840
840 756
723 689
689 536
401 509
509 117
431 582
582 877
601 43
43 746
729 189
189 215
915 532
532 946
554 797
797 199
768 357
357 323
808 296
296 215
686 743
743 13
930 142
142 98
213 477
477 122
322 153
153 108
737 698
698 883
403 228
228 362
418 313
313 756
886 845
845 763
398 460
460 161
687 9
9 347
350 716
716 168
677 527
527 741
888 432
432 542
254 980
980 989
462 783
783 122
214 314
314 364
213 955
955 199
704 253
253 232
95 876
876 160
678 793
793 108
3 135
135 975
322 835
835 56
503 690
690 308
608 916
916 193
214 986
986 329
291 507
507 198
105 634
634 102
249 862
862 241
730 125
125 420
492 234
234 193
227 752
752 420
733 870
870 917
322 12
12 858
538 988
988 975
244 269
269 741
244 555
555 232
729 335
335 54
608 182
182 360
695 409
409 338
191 240
240 13
768 590
590 591
58 529
529 898
35 255
255 145
213 268
268 753
107 923
923 197
601 104
104 251
618 377
377 977
431 250
250 323
200 908
908 323
89 482
482 396
401 891
891 229
608 237
237 425
35 36
36 229
704 26
26 232
581 792
792 48
727 961
961 422
564 976
976 975
733 662
662 661
808 32
32 56
618 148
148 756
105 490
490 763
652 441
441 338
254 604
604 975
738 563
563 364
214 710
710 420
214 140
140 588
297 382
382 422
89 501
501 54
962 685
685 588
211 138
138 122
601 667
667 305
554 633
633 329
297 483
483 56
89 616
616 232
249 392
392 989
448 190
190 193
479 684
684 258
200 171
171 977
195 786
786 990
211 586
586 989
931 683
683 746
107 788
788 336
214 157
157 883
808 143
143 241
431 972
972 977
581 610
610 756
510 565
565 591
695 19
19 599
95 524
524 133
808 571
571 366
492 540
540 941
426 34
34 109
350 447
447 496
418 550
550 542
211 926
926 364
737 777
777 366
95 368
368 758
351 60
60 323
888 65
65 109
492 41
41 843
297 606
606 542
608 319
319 731
560 15
15 161
668 476
476 258
195 742
742 599
443 722
722 241
564 369
369 588
213 589
589 746
115 617
617 258
479 326
326 638
398 799
799 336
942 472
472 396
930 761
761 193
105 469
469 265
361 583
583 917
737 680
680 429
254 473
473 496
780 412
412 265
695 485
485 588
497 345
345 395
58 987
987 542
668 437
437 108
780 515
515 145
554 814
814 347
687 263
263 168
191 433
433 429
677 848
848 843
679 175
175 145
115 767
767 193
58 855
855 215
492 371
371 323
479 778
778 883
227 709
709 838
200 50
50 420
903 111
111 741
89 373
373 199
244 636
636 98
254 155
155 199
730 150
150 265
184 300
300 898
768 776
776 288
888 644
644 547
686 238
238 88
668 833
833 366
95 549
549 54
418 180
180 338
351 459
459 838
322 570
570 72
554 407
407 99
931 390
390 232
211 945
945 638
227 868
868 252
704 619
619 73
564 952
952 898
738 185
185 54
601 660
660 422
962 802
802 117
730 359
359 305
254 134
134 161
679 152
152 117
963 516
516 347
704 206
206 989
751 343
343 308
361 587
587 215
652 449
449 229
687 174
174 638
611 28
28 13
608 561
561 941
195 406
406 893
107 921
921 755
677 123
123 99
401 139
139 594
930 829
829 202
601 266
266 940
580 312
312 229
903 222
222 114
453 495
495 843
105 325
325 588
350 21
21 396
962 298
298 525
211 181
181 463
608 52
52 198
398 819
819 429
768 717
717 811
930 851
851 347
479 929
929 98
462 413
413 588
107 183
183 202
107 711
711 133
361 828
828 364
401 520
520 198
211 49
49 122
91 958
958 56
200 386
386 72
723 86
86 990
211 493
493 160
112 736
736 975
398 223
223 642
751 774
774 252
704 219
219 731
184 436
436 642
611 132
132 199
730 969
969 525
184 627
627 114
608 966
966 463
164 151
151 463
903 584
584 88
35 446
446 674
401 943
943 232
361 607
607 463
213 562
562 753
581 80
80 114
184 934
934 108
962 894
894 305
730 303
303 547
211 632
632 308
426 289
289 13
401 380
380 161
191 939
939 145
297 602
602 193
668 648
648 917
580 782
782 975
581 847
847 588
350 341
341 198
942 69
69 133
431 311
311 288
35 890
890 215
95 734
734 741
448 800
800 917
503 379
379 360
195 39
39 145
560 982
982 811
962 186
186 758
503 47
47 336
112 397
397 897
105 653
653 594
538 23
23 347
730 629
629 756
244 697
697 199
3 2
2 338
404 732
732 160
404 830
830 241
479 204
204 897
184 451
451 422
401 513
513 753
492 546
546 429
89 30
30 990
560 499
499 109
942 246
246 591
462 144
144 425
503 355
355 536
623 455
455 946
748 639
639 336
623 918
918 542
58 6
6 395
727 286
286 547
652 964
964 108
448 7
7 308
105 430
430 746
497 24
24 429
398 640
640 741
935 764
764 741
554 663
663 73
886 854
854 843
35 85
85 422
942 750
750 366
200 376
376 429
431 522
522 122
748 66
66 160
211 179
179 642
668 817
817 496
573 118
118 99
443 450
450 72
328 321
321 133
930 909
909 821
931 353
353 429
403 295
295 215
780 230
230 265
618 705
705 251
538 924
924 198
903 481
481 811
695 383
383 366
611 137
137 429
350 116
116 323
418 465
465 588
652 216
216 88
564 664
664 591
695 820
820 202
328 655
655 946
213 906
906 594
350 506
506 756
249 262
262 265
601 177
177 338
398 363
363 755
35 859
859 883
214 815
815 496
200 97
97 536
184 316
316 202
227 784
784 975
935 541
541 117
3 937
937 193
601 391
391 763
580 552
552 422
695 452
452 940
554 970
970 308
554 993
993 13
58 881
881 54
678 984
984 622
291 344
344 811
580 928
928 990
214 84
84 160
401 919
919 360
687 225
225 56
686 907
907 338
808 333
333 674
538 27
27 977
426 327
327 198
903 853
853 329
677 626
626 305
733 773
773 251
723 224
224 258
58 670
670 858
426 415
415 329
963 146
146 599
618 119
119 117
74 592
592 547
431 659
659 622
418 895
895 622
200 22
22 396
538 331
331 755
200 261
261 674
58 544
544 753
398 807
807 990
95 766
766 265
687 417
417 429
751 461
461 258
35 75
75 336
404 787
787 821
573 832
832 362
213 324
324 542
214 290
290 98
418 745
745 843
915 861
861 989
291 624
624 329
213 974
974 362
751 735
735 940
497 688
688 99
737 474
474 741
105 920
920 514
780 827
827 99
737 535
535 73
404 126
126 193
191 163
163 99
244 64
64 897
195 950
950 536
751 320
320 547
623 416
416 514
401 614
614 872
227 129
129 693
580 287
287 145
935 568
568 622
737 365
365 347
748 822
822 229
677 94
94 756
737 428
428 877
398 167
167 13
403 235
235 946
110 825
825 360
443 956
956 265
91 765
765 323
214 136
136 731
426 294
294 838
737 575
575 73
686 823
823 838
91 318
318 360
503 498
498 542
679 948
948 56
249 539
539 496
608 577
577 252
401 124
124 872
564 141
141 763
249 864
864 588
704 700
700 199
351 605
605 858
115 875
875 946
935 348
348 323
727 889
889 463
191 372
372 693
751 120
120 755
608 67
67 496
668 220
220 362
492 803
803 265
443 78
78 395
581 566
566 838
686 812
812 547
105 130
130 897
573 951
951 108
618 299
299 422
112 779
779 133
915 760
760 202
448 480
480 336
213 911
911 420
678 826
826 758
573 666
666 975
462 925
925 463
931 613
613 642
704 874
874 756
112 277
277 536
808 387
387 122
350 574
574 193
560 96
96 514
942 156
156 883
361 960
960 102
623 637
637 898
404 504
504 336
677 885
885 661
751 478
478 741
401 53
53 898
737 339
339 329
322 701
701 108
935 281
281 429
448 127
127 229
350 528
528 811
780 791
791 496
677 275
275 429
730 106
106 496
727 834
834 642
942 873
873 395
227 356
356 109
497 172
172 366
729 421
421 940
105 953
953 198
58 231
231 940
737 593
593 755
291 267
267 838
704 512
512 542
227 798
798 731
601 59
59 638
448 672
672 838
200 682
682 977
200 57
57 347
74 192
192 463
733 719
719 872
580 579
579 514
727 992
992 674
704 196
196 622
492 221
221 977
564 785
785 420
195 62
62 109
479 628
628 756
652 1
1 661
564 904
904 753
398 749
749 161
213 949
949 872
611 631
631 883
935 973
973 54
687 505
505 72
915 419
419 13
350 871
871 288
497 537
537 102
573 880
880 536
497 715
715 199
963 585
585 547
105 20
20 425
58 467
467 160
963 438
438 98
291 696
696 229
91 790
790 73
723 304
304 756
453 70
70 917
328 703
703 133
254 578
578 422
227 103
103 838
611 236
236 638
768 292
292 420
112 754
754 547
497 147
147 989
244 714
714 202
297 769
769 198
195 173
173 117
398 837
837 989
931 414
414 108
704 402
402 193
618 82
82 329
191 841
841 693
213 424
424 542
214 676
676 396
564 712
712 422
608 470
470 252
730 121
121 360
398 957
957 48
164 867
867 763
214 346
346 265
448 983
983 811
105 79
79 422
195 669
669 893
322 468
468 429
751 45
45 364
808 226
226 199
503 810
810 547
398 707
707 364
723 985
985 898
963 282
282 133
751 620
620 168
74 17
17 197
200 927
927 133
888 61
61 336
730 302
302 122
213 657
657 898
184 965
965 117
538 169
169 229
668 131
131 336
687 781
781 197
538 439
439 883
573 944
944 229
618 408
408 731
737 29
29 525
479 14
14 122
962 25
25 13
91 569
569 364
249 284
284 308
611 739
739 360
426 248
248 838
686 203
203 215
115 93
93 858
403 551
551 122
254 176
176 622
679 759
759 763
191 270
270 13
403 936
936 514
184 273
273 366
431 900
900 305
723 922
922 288
74 806
806 536
677 410
410 821
328 475
475 251
677 218
218 514
729 207
207 133
401 149
149 73
668 33
33 329
538 869
869 536
580 654
654 755
723 572
572 661
91 158
158 893
554 896
896 323
254 405
405 108
254 76
76 160
89 839
839 755
780 621
621 54
191 673
673 638
601 558
558 102
164 971
971 98
401 454
454 893
214 530
530 746
401 720
720 396
687 385
385 753
418 671
671 877
573 272
272 99
723 349
349 258
510 68
68 108
74 543
543 114
213 559
559 241
538 836
836 420
191 487
487 525
686 260
260 197
361 367
367 251
564 691
691 525
497 247
247 422
751 471
471 975
105 842
842 395
110 725
725 329
431 332
332 395
497 301
301 56
227 630
630 98
328 388
388 755
730 813
813 251
510 650
650 258
328 18
18 265
686 517
517 594
214 279
279 917
963 912
912 362
503 488
488 755
560 625
625 54
618 243
243 599
554 708
708 858
254 423
423 347
668 154
154 133
942 394
394 241
350 31
31 193
687 744
744 941
888 162
162 990
687 500
500 252
733 170
170 897
618 694
694 883
618 600
600 109
404 706
706 591
808 87
87 305
886 51
51 305
931 649
649 193
580 342
342 252
677 635
635 160
74 967
967 215
935 77
77 917
652 702
702 108
105 824
824 99
729 494
494 364
105 771
771 897
431 647
647 215
453 519
519 108
930 595
595 422
448 293
293 977
930 128
128 308
942 486
486 241
652 464
464 429
695 442
442 265
903 852
852 48
328 212
212 674
213 242
242 108
89 899
899 329
244 844
844 893
686 46
46 198
738 533
533 977
497 818
818 145
291 757
757 198
3 615
615 755
623 502
502 54
503 646
646 54
211 340
340 347
652 55
55 542
903 16
16 599
679 466
466 265
351 194
194 946
808 283
283 117
191 526
526 547
618 991
991 338
737 643
643 198
564 37
37 193
200 863
863 463
431 400
400 99
704 645
645 898
244 81
81 336
453 187
187 897
112 521
521 547
107 910
910 202
623 508
508 54
768 596
596 642
668 772
772 396
89 728
728 396
200 11
11 366
581 879
879 756
297 90
90 199
101 675
675 946
164 947
947 898
479 523
523 336
704 159
159 763
107 905
905 193
729 902
902 941
554 309
309 396
164 427
427 989
462 306
306 395
886 597
597 197
195 384
384 193
930 796
796 13
115 457
457 338
404 92
92 883
58 809
809 202
91 804
804 977
462 399
399 145
808 276
276 241
930 556
556 525
462 317
317 838
105 310
310 599
350 330
330 72
244 932
932 161
733 378
378 347
808 959
959 838
886 801
801 168
418 71
71 599
808 979
979 229
611 534
534 599
115 511
511 591
560 285
285 872
184 280
280 108
89 518
518 258
554 354
354 122
448 860
860 102
101 576
576 638
35 352
352 977
931 166
166 133
935 188
188 56
91 165
165 858
942 878
878 202
350 545
545 591
426 651
651 251
564 762
762 883
681 456
456 362
418 307
307 122
808 901
901 232
418 641
641 425
426 981
981 591
443 795
795 305
115 603
603 591
35 38
38 758
426 337
337 252
687 548
548 193
254 665
665 252
723 440
440 496
195 264
264 591
291 770
770 536
107 567
567 463
679 740
740 661
723 389
389 360
297 10
10 199
618 201
201 811
652 334
334 251
401 358
358 117
328 63
63 109
560 789
789 838
611 609
609 251
748 208
208 731
3 978
978 940
681 856
856 755
351 178
178 161
426 374
374 347
398 217
217 496
431 884
884 811
573 718
718 145
737 553
553 591
404 892
892 514
930 210
210 114
398 913
913 364
249 775
775 109
678 42
42 811
618 938
938 893
184 805
805 48
350 113
113 364
503 692
692 917
748 866
866 160
560 271
271 898
903 726
726 329
737 489
489 753
35 724
724 161
942 954
954 308
963 434
434 547
687 381
381 98
768 393
393 536
254 435
435 258
668 933
933 199
668 816
816 821
581 484
484 463
554 721
721 975
695 857
857 98
291 557
557 977
681 458
458 622
249 865
865 463
560 445
445 591
864 622
382 975
277 514
544 989
543 288
373 883
829 122
386 117
515 977
639 536
834 73
444 362
451 102
789 674
190 108
973 366
673 422
271 232
706 98
201 305
818 336
165 347
692 198
761 946
775 496
913 661
253 88
616 109
939 594
766 395
980 425
787 756
382 755
157 588
919 525
844 898
782 693
293 858
134 251
142 990
477 838
932 638
620 258
912 338
981 161
226 168
882 746
11 893
697 763
296 202
972 199
634 872
474 160
876 547
416 229
262 13
762 811
276 753
789 940
739 917
610 252
593 396
165 193
480 145
57 941
298 758
752 114
318 329
313 591
69 642
385 323
466 215
201 420
49 542
636 429
11 360
352 56
799 99
275 821
208 599
602 897
714 877
505 197
657 364
605 133
438 308
274 54
711 72
332 265
438 241
925 48
171 741
626 731
217 463
508 518
361 820
565 330
643 917
972 693
344 435
891 265
787 911
281 702
935 127
370 318
143 735
286 873
799 147
92 878
704 711
27 853
633 137
786 583
895 366
882 133
158 818
767 331
153 827
101 775
503 255
418 736
574 338
402 122
83 774
879 511
569 979
830 61
298 295
397 324
3 247
245 441
216 279
934 865
143 102
727 861
254 459
466 434
974 975
30 422
931 60
854 630
28 484
223 821
41 796
281 70
814 397
274 234
676 384
383 893
328 131
120 88
472 336
808 582
136 106
218 400
321 305
779 77
443 188
727 868
835 80
326 881
123 512
891 123
963 43
279 744
450 42
722 337
296 495
510 574
412 821
501 476
950 702
723 894
319 625
516 512
159 330
4 278
300 865
394 456
584 329
476 216
590 671
992 927
492 383
561 654
60 718
900 991
696 272
520 946
972 1890 817
958 519
614 37
126 729
939 31
770 176
314 155
691 853
405 77
173 675
422 87
909 425
527 3
397 708
16 92
250 558
827 669
399 195
158 749
297 648
197 536
371 694
6 414
533 80
961 529
534 168
332 701
876 607
283 69
375 325
621 686
833 300
499 86
361 803
689 110
360 69
85 273
471 781
476 333
855 579
15 220
911 755
206 86
492 29
174 776
97 82
546 496
609 542
683 555
10 56
642 155
257 226
222 445
157 563
365 86
183 481
13 132
209 801
793 508
854 170
200 120
312 813
819 224
369 128
802 502
246 190
418 153
917 651
212 723
329 117
713 655
504 457
383 525
466 675
146 113
697 623
761 424
787 732
455 128
280 437
58 7
434 629
357 227
593 121
971 943
610 123
57 503
204 138
232 239
816 223
439 746
544 764
48 29
380 935
88 478
73 755
108 141
493 892
492 119
119 875
397 637
637 145
58 723
723 763
761 834
834 147
614 792
792 490
917 12
12 572
16 923
923 256
361 460
460 768
329 336
336 559
683 578
578 20
405 24
24 921
418 438
438 948
158 494
494 213
971 161
161 874
383 731
731 821
88 846
846 664
816 738
738 364
609 322
322 177
383 454
454 559
876 224
224 605
126 448
448 4
360 461
461 145
854 906
906 407
88 424
424 407
209 258
258 453
257 807
807 705
357 866
866 20
232 925
925 583
57 663
663 763
833 542
542 364
399 251
251 561
855 340
340 664
534 234
234 948
787 474
474 583
375 858
858 881
108 26
26 875
206 373
373 561
15 671
671 612
297 328
328 948
689 898
898 941
770 679
679 705
361 93
93 700
200 341
341 517
57 331
331 364
200 128
128 877
283 214
214 874
88 61
61 814
108 349
349 517
108 804
804 612
399 810
810 659
827 49
49 821
793 764
764 213
939 484
484 559
57 693
693 763
157 393
393 875
697 354
354 948
455 666
666 959
15 812
812 710
246 433
433 453
173 577
577 600
958 752
752 881
365 252
252 109
422 865
865 177
614 551
551 600
793 408
408 769
157 653
653 712
854 95
95 711
787 515
515 177
833 266
266 115
534 162
162 600
48 847
847 611
146 949
949 763
16 450
450 449
689 521
521 313
158 837
837 768
209 29
29 881
361 261
261 281
713 566
566 449
158 404
404 583
158 591
591 814
332 590
590 912
492 210
210 611
476 318
318 912
15 218
218 449
610 634
634 711
200 468
468 386
371 121
121 583
697 916
916 684
173 34
34 912
13 425
425 20
546 779
779 559
13 699
699 881
204 627
627 589
329 947
947 877
917 757
757 561
157 496
496 106
642 915
915 101
397 629
629 589
418 306
306 684
212 100
100 453
609 696
696 313
499 780
780 364
642 842
842 954
357 79
79 145
246 729
729 386
365 191
191 700
971 262
262 561
157 296
296 921
126 736
736 705
493 972
972 596
816 656
656 881
280 398
398 561
492 452
452 600
197 21
21 596
246 242
242 941
493 483
483 313
332 254
254 106
197 392
392 881
527 316
316 106
492 899
899 270
713 965
965 875
466 658
658 877
527 733
733 572
493 536
536 768
361 530
530 881
329 482
482 912
533 571
571 596
527 194
194 874
827 42
42 109
455 586
586 611
439 848
848 583
146 655
655 705
614 374
374 877
73 67
67 612
614 125
125 386
369 84
84 347
621 929
929 517
360 841
841 106
544 721
721 912
173 818
818 101
909 435
435 490
939 379
379 453
13 694
694 561
909 412
412 759
222 113
113 453
614 457
457 659
504 368
368 449
713 74
74 659
939 581
581 449
371 619
619 559
380 76
76 912
434 635
635 145
534 830
830 921
146 333
333 572
816 730
730 664
911 226
226 490
689 403
403 874
206 902
902 109
383 28
28 561
833 726
726 600
854 660
660 912
476 624
624 407
173 622
622 659
16 298
298 583
827 217
217 664
971 582
582 109
212 966
966 712
57 343
343 177
827 868
868 213
422 808
808 877
493 888
888 145
499 604
604 596
6 122
122 106
819 469
469 4
108 363
363 101
357 317
317 115
493 928
928 814
329 626
626 559
85 419
419 759
816 99
99 659
713 134
134 559
312 507
507 199
770 269
269 948
961 107
107 517
609 308
308 710
332 774
774 313
380 944
944 106
126 617
617 711
85 794
794 589
369 931
931 589
802 893
893 612
280 77
77 768
365 82
82 583
787 820
820 4
200 665
665 4
57 140
140 705
380 124
124 559
854 432
432 281
6 789
789 490
917 154
154 759
855 767
767 106
827 272
272 712
383 845
845 281
85 565
565 711
246 138
138 814
533 178
178 177
157 936
936 583
85 742
742 700
533 169
169 611
405 775
775 959
534 853
853 449
57 132
132 712
383 722
722 109
10 470
470 705
713 502
502 659
533 78
78 875
434 879
879 712
173 437
437 874
329 751
751 364
422 529
529 101
439 520
520 453
257 687
687 517
961 411
411 769
476 64
64 270
257 286
286 768
621 104
104 177
360 852
852 517
399 288
288 364
793 344
344 347
854 783
783 875
16 111
111 814
85 805
805 959
476 116
116 109
527 744
744 109
697 790
790 954
173 279
279 147
174 953
953 821
418 910
910 407
855 376
376 875
691 843
843 921
793 495
495 912
770 414
414 101
57 2
2 877
917 11
11 684
697 919
919 145
971 760
760 710
212 51
51 759
197 409
409 559
212 390
390 874
434 753
753 145
802 83
83 177
257 765
765 959
397 69
69 20
183 832
832 561
909 870
870 572
380 803
803 612
361 732
732 763
183 608
608 281
683 943
943 941
360 243
243 877
209 922
922 921
971 510
510 611
504 201
201 948
126 143
143 490
297 667
667 596
88 33
33 561
499 648
648 769
961 951
951 101
183 443
443 959
13 535
535 768
610 445
445 874
10 144
144 145
246 302
302 147
174 597
597 912
250 607
607 711
369 231
231 20
802 940
940 921
787 293
293 101
13 163
163 583
88 791
791 106
939 786
786 596
369 631
631 959
911 237
237 256
492 168
168 407
787 303
303 712
369 118
118 20
819 114
114 589
476 560
560 874
57 724
724 386
439 366
366 442
365 645
645 769
961 674
674 101
610 171
171 700
422 615
615 572
466 824
824 364
455 305
305 596
48 324
324 659
6 32
32 948
369 253
253 106
250 456
456 759
770 192
192 199
246 518
518 664
691 323
323 881
939 889
889 561
360 956
956 877
399 641
641 768
97 937
937 948
609 887
887 941
283 970
970 881
455 420
420 941
283 292
292 659
527 370
370 147
48 311
311 705
533 431
431 490
911 381
381 517
422 441
441 759
827 869
869 572
209 8
8 572
697 176
176 959
232 117
117 281
10 563
563 711
434 239
239 712
689 164
164 664
614 839
839 559
222 781
781 490
361 480
480 313
146 133
133 954
610 367
367 213
593 120
120 659
504 525
525 589
833 506
506 313
16 156
156 347
593 717
717 106
534 395
395 453
158 840
840 611
713 686
686 959
173 938
938 941
97 564
564 769
257 856
856 912
876 63
63 256
257 230
230 881
610 676
676 712
85 861
861 213
397 901
901 612
422 920
920 213
371 160
160 490
297 568
568 281
544 963
963 147
146 193
193 912
280 798
798 921
85 228
228 600
689 709
709 664
418 654
654 145
10 142
142 700
246 112
112 449
204 350
350 270
546 896
896 364
369 477
477 612
174 643
643 4
819 247
247 959
88 31
31 684
206 1
1 954
855 151
151 145
917 741
741 768
357 606
606 20
232 650
650 256
57 932
932 759
642 580
580 941
609 809
809 517
909 714
714 712
833 649
649 605
383 165
165 710
380 421
421 490
357 400
400 600
88 620
620 959
212 555
555 705
97 862
862 596
793 219
219 763
158 268
268 612
314 94
94 612
246 503
503 572
492 25
25 954
126 263
263 4
855 728
728 875
455 208
208 453
332 914
914 4
691 905
905 115
15 773
773 20
713 587
587 814
375 245
245 313
206 346
346 912
504 68
68 442
212 447
447 517
802 682
682 877
146 45
45 145
58 315
315 759
683 60
60 347
257 758
758 596
197 523
523 101
97 351
351 596
697 416
416 611
297 149
149 912
819 384
384 313
369 52
52 759
158 702
702 659
380 459
459 517
73 406
406 612
329 933
933 106
546 135
135 147
246 486
486 115
183 595
595 768
958 669
669 874
380 681
681 213
10 894
894 875
455 511
511 768
418 543
543 213
200 670
670 109
471 835
835 490
329 102
102 959
422 873
873 711
97 926
926 921
157 602
602 912
971 59
59 364
713 625
625 659
534 330
330 700
493 428
428 145
157 570
570 954
222 170
170 442
206 491
491 921
57 327
327 347
455 599
599 769
16 618
618 256
958 54
54 256
397 735
735 700
383 955
955 959
365 259
259 270
108 547
547 664
527 746
746 954
689 244
244 109
833 557
557 347
183 413
413 759
827 755
755 145
58 44
44 281
375 221
221 589
621 782
782 600
827 338
338 199
329 274
274 145
200 65
65 490
761 836
836 912
642 514
514 712
369 19
19 768
57 402
402 769
455 857
857 877
48 489
489 874
312 342
342 596
48 950
950 763
689 377
377 109
200 740
740 611
250 30
30 20
250 47
47 659
174 295
295 821
534 236
236 20
158 187
187 814
146 300
300 572
280 334
334 881
816 389
389 605
971 772
772 700
476 957
957 600
683 706
706 589
642 813
813 213
158 718
718 561
544 186
186 659
689 826
826 147
911 556
556 583
232 153
153 559
819 463
463 821
57 50
50 763
434 148
148 386
527 70
70 612
280 184
184 877
365 811
811 199
365 139
139 874
15 265
265 213
126 630
630 270
819 727
727 517
534 895
895 769
683 41
41 684
183 255
255 347
504 150
150 213
16 545
545 109
397 356
356 347
770 531
531 948
527 558
558 821
833 43
43 759
6 215
215 101
246 892
892 281
610 167
167 442
405 86
86 449
909 487
487 442
329 285
285 177
683 567
567 572
854 289
289 281
369 410
410 881
383 335
335 763
418 179
179 664
476 584
584 213
787 310
310 561
499 89
89 20
329 35
35 20
88 964
964 490
793 388
388 759
876 526
526 313
126 5
5 213
183 934
934 449
544 701
701 941
405 603
603 4
476 387
387 611
360 103
103 768
854 924
924 490
283 196
196 270
183 415
415 711
621 897
897 814
802 291
291 605
691 90
90 199
88 180
180 517
593 473
473 442
15 105
105 684
833 532
532 407
471 185
185 612
357 207
207 109
691 800
800 877
15 152
152 572
126 235
235 959
371 55
55 814
816 588
588 684
819 739
739 270
911 537
537 145
257 225
225 712
534 385
385 881
546 98
98 769
802 756
756 814
280 137
137 572
329 509
509 583
212 205
205 199
369 287
287 106
770 747
747 959
466 573
573 941
383 678
678 874
418 795
795 611
697 903
903 517
232 446
446 4
173 522
522 705
546 748
748 877
157 685
685 281
371 817
817 700
280 273
273 490
97 594
594 589
13 267
267 912
917 326
326 875
466 240
240 959
369 651
651 605
329 695
695 877
527 636
636 20
200 745
745 442
593 211
211 213
909 640
640 270
492 38
38 147
911 692
692 874
13 825
825 605
222 136
136 605
713 498
498 875
713 155
155 517
183 479
479 711
57 688
688 347
642 229
229 572
397 967
967 874
492 647
647 364
492 601
601 941
876 960
960 559
793 776
776 768
332 762
762 589
371 485
485 877
499 913
913 759
232 657
657 449
527 451
451 115
614 720
720 213
492 181
181 912
418 716
716 449
546 271
271 877
157 883
883 712
329 396
396 589
314 822
822 768
197 878
878 874
455 172
172 589
183 737
737 101
88 462
462 145
209 806
806 559
375 829
829 270
222 401
401 612
876 501
501 821
297 528
528 572
691 195
195 583
787 907
907 449
157 458
458 407
455 698
698 605
697 968
968 559
876 3
3 386
257 672
672 109
209 828
828 948
6 216
216 700
371 430
430 213
466 241
241 659
466 307
307 814
283 304
304 386
697 707
707 712
375 945
945 814
206 189
189 921
361 9
9 572
380 859
859 763
85 426
426 659
422 353
353 442
6 900
900 559
527 278
278 347
958 227
227 453
455 62
62 347
174 652
652 881
621 871
871 256
610 394
394 145
911 166
166 941
57 81
81 109
546 429
429 684
713 639
639 959
146 677
677 875
232 690
690 177
146 277
277 20
13 309
309 20
375 574
574 313
209 946
946 347
546 299
299 453
405 505
505 921
222 638
638 453
593 632
632 875
383 864
864 596
476 785
785 4
297 348
348 759
397 541
541 559
533 549
549 954
614 417
417 763
206 27
27 145
819 290
290 763
492 918
918 912
593 141
141 711
204 598
598 256
544 831
831 106
683 860
860 572
793 661
661 912
833 220
220 814
958 467
467 881
371 750
750 881
200 935
935 145
383 540
540 453
793 339
339 769
971 440
440 763
314 46
46 941
369 123
123 875
802 703
703 596
827 675
675 769
527 796
796 109
158 91
91 572
246 952
952 612
173 930
930 561
499 345
345 612
397 87
87 281
683 880
880 145
204 962
962 768
455 777
777 821
546 249
249 684
126 662
662 763
439 801
801 875
610 680
680 407
471 18
18 256
802 872
872 442
527 719
719 517
610 175
175 600
405 553
553 572
621 538
538 147
876 886
886 600
380 182
182 877
422 472
472 449
16 797
797 199
819 337
337 364
200 382
382 874
183 159
159 313
204 725
725 912
689 22
22 407
222 942
942 490
97 616
616 921
126 850
850 177
73 969
969 109
504 891
891 583
146 75
75 213
158 248
248 115
683 188
188 759
257 569
569 347
232 849
849 517
527 784
784 684
614 358
358 213
534 475
475 596
418 552
552 941
15 823
823 177
312 40
40 572
365 202
202 115
257 513
513 442
593 319
319 912
527 294
294 313
283 497
497 605
97 743
743 453
16 465
465 814
793 359
359 711
697 851
851 948
697 613
613 768
499 275
275 407
939 885
885 256
697 56
56 912
614 72
72 768
816 644
644 612
492 778
778 954
827 715
715 583
471 815
815 605
206 516
516 941
360 276
276 561
173 508
508 561
173 233
233 759
397 754
754 875
697 799
799 768
73 519
519 281
971 321
321 589
761 427
427 881
471 788
788 711
770 585
585 115
197 444
444 559
544 96
96 874
939 37
37 710
405 352
352 664
422 260
260 664
534 673
673 442
108 579
579 364
6 238
238 442
375 80
80 768
422 436
436 109
197 71
71 874
157 927
927 912
492 554
554 145
48 127
127 177
250 734
734 256
48 749
749 559
197 771
771 684
383 282
282 659
418 481
481 874
383 708
708 561
383 198
198 572
332 264
264 490
917 512
512 948
250 488
488 561
399 190
190 106
158 423
423 912
332 14
14 612
854 838
838 711
493 524
524 589
466 17
17 145
383 539
539 490
683 576
576 664
329 867
867 4
911 325
325 442
827 646
646 877
493 301
301 768
971 130
130 256
360 320
320 407
917 623
623 572
197 844
844 490
471 882
882 814
173 372
372 270
533 633
633 881
504 548
548 881
73 362
362 442
174 66
66 881
365 904
904 517
610 628
628 20
58 766
766 875
365 131
131 313
157 7
7 281
961 478
478 213
183 284
284 490
157 884
884 256
691 575
575 948
85 890
890 881
360 464
464 106
761 550
550 659
917 355
355 106
534 92
92 874
434 908
908 711
610 863
863 20
544 592
592 572
499 391
391 559
961 704
704 559
73 36
36 941
16 110
110 941
439 378
378 449
380 39
39 959
691 223
223 589
533 203
203 442
533 668
668 769
15 562
562 20
466 23
23 572
314 53
53 281
455 129
129 407
312 500
500 596
848 596
23 684
254 145
750 875
181 711
489 664
267 453
484 768
531 881
379 605
649 659
850 270
349 763
873 921
547 912
929 490
61 115
885 442
904 821
550 449
21 705
718 954
164 611
137 559
21 710
296 948
862 583
92 600
338 941
428 199
379 759
836 700
189 109
53 561
595 256
84 589
749 874
461 959
179 101
882 20
121 769
161 106
831 213
226 386
76 364
566 347
835 407
285 814
29 177
459 147
193 313
96 281
579 4
868 877
337 517
500 612
210 436
636 946
899 756
133 277
809 166
122 715
949 919
546 120
221 364
932 612
293 337
658 766
29 20
417 585
455 175
57 645
707 270
666 377
564 23
637 289
57 296
111 564
428 549
924 291
869 531
674 559
200 318
649 592
722 611
815 130
687 198
432 501
544 542
786 387
642 389
103 907
916 549
232 947
329 779
518 22
525 160
298 667
817 294
324 712
689 34
696 3
15 491
165 172
933 35
949 554
238 759
242 658
252 657
153 872
574 110
97 649
563 573
820 572
103 935
60 960
411 72
781 589
181 407
551 9
471 865
425 507
323 299
754 734
660 227
141 705
931 519
907 882
226 66
421 362
365 732
571 638
434 56
68 275
373 393
753 278
297 459
40 548
831 540
731 565
639 348
6 666
842 66
398 811
476 228
346 605
482 118
315 301
742 237
653 279
132 597
525 205
511 785
138 832
732 260
666 403
731 542
13 908
239 526
975 1986 897
24 810
472 297
950 408
804 624
343 757
428 102
66 441
422 946
309 946
691 421
629 588
507 963
294 270
713 448
530 276
147 149
295 561
359 499
817 74
651 181
772 552
876 69
71 79
514 109
234 20
527 864
372 402
334 427
692 11
753 109
843 583
971 706
520 247
245 627
171 311
565 674
688 934
720 946
925 260
733 126
279 924
790 533
697 64
396 306
203 821
392 771
165 869
510 953
190 367
91 384
830 104
377 195
870 524
628 812
508 677
375 495
952 921
284 332
666 430
732 867
676 214
34 417
462 632
316 53
553 402
945 521
862 159
669 593
37 257
956 670
536 939
202 936
705 153
955 904
322 138
637 259
906 738
753 214
214 310
396 741
741 310
651 845
845 310
294 727
727 310
284 484
484 310
651 209
209 310
950 56
56 310
830 654
654 310
396 150
150 310
462 399
399 310
316 367
367 310
691 947
947 310
945 137
137 310
772 696
696 310
772 216
216 310
520 650
650 310
520 502
502 310
666 538
538 310
294 327
327 310
396 562
562 310
713 7
7 310
697 787
787 310
956 715
715 310
876 187
187 310
945 6
6 310
713 813
813 310
316 964
964 310
862 739
739 310
790 4
4 310
950 930
930 310
37 734
734 310
772 599
599 310
66 488
488 310
688 851
851 310
804 773
773 310
925 946
946 310
952 121
121 310
245 133
133 310
472 875
875 310
245 112
112 310
343 301
301 310
422 136
136 310
956 106
106 310
666 363
363 310
697 679
679 310
536 293
293 310
713 51
51 310
753 94
94 310
520 465
465 310
294 844
844 310
553 728
728 310
553 674
674 310
720 57
57 310
294 756
756 310
316 47
47 310
830 59
59 310
669 164
164 310
772 607
607 310
24 585
585 310
316 566
566 310
790 244
244 310
676 547
547 310
462 655
655 310
462 221
221 310
692 406
406 310
925 652
652 310
688 298
298 310
955 922
922 310
772 224
224 310
713 208
208 310
37 783
783 310
284 12
12 310
295 360
360 310
508 160
160 310
91 75
75 310
950 746
746 310
906 288
288 310
294 960
960 310
772 163
163 310
245 95
95 310
637 487
487 310
422 276
276 310
862 634
634 310
906 489
489 310
392 881
881 310
202 119
119 310
316 35
35 310
472 419
419 310
713 78
78 310
830 120
120 310
870 117
117 310
245 22
22 310
37 879
879 310
676 764
764 310
66 918
918 310
508 193
193 310
37 189
189 310
309 647
647 310
375 824
824 310
876 426
426 310
790 614
614 310
514 905
905 310
472 761
761 310
334 401
401 310
804 432
432 310
720 292
292 310
527 143
143 310
322 544
544 310
316 183
183 310
720 222
222 310
669 86
86 310
688 329
329 310
733 935
935 310
472 810
810 310
676 938
938 310
952 64
64 310
322 588
588 310
91 132
132 310
234 838
838 310
697 303
303 310
514 643
643 310
830 258
258 310
705 211
211 310
171 17
17 310
925 379
379 310
536 868
868 310
628 466
466 310
955 561
561 310
309 693
693 310
66 807
807 310
66 72
72 310
530 275
275 310
322 821
821 310
375 763
763 310
733 850
850 310
372 504
504 310
628 735
735 310
713 181
181 310
295 89
89 310
245 540
540 310
713 522
522 310
190 158
158 310
817 5
5 310
234 611
611 310
322 765
765 310
322 820
820 310
202 395
395 310
720 737
737 310
343 141
141 310
520 402
402 310
955 204
204 310
316 68
68 310
462 320
320 310
720 73
73 310
817 615
615 310
876 541
541 310
279 546
546 310
322 247
247 310
34 423
423 310
202 463
463 310
37 170
170 310
279 308
308 310
279 9
9 310
666 725
725 310
375 709
709 310
676 128
128 310
629 937
937 310
697 210
210 310
628 268
268 310
165 639
639 310
772 405
405 310
190 88
88 310
530 853
853 310
316 213
213 310
372 782
782 310
316 908
908 310
422 892
892 310
202 269
269 310
514 642
642 310
396 886
886 310
565 803
803 310
906 646
646 310
676 897
897 310
316 570
570 310
720 390
390 310
527 839
839 310
37 931
931 310
536 49
49 310
862 129
129 310
294 973
973 310
637 673
673 310
753 138
138 310
316 644
644 310
843 933
933 310
284 76
76 310
697 433
433 310
925 155
155 310
732 80
80 310
396 638
638 310
536 341
341 310
359 492
492 310
952 232
232 310
870 424
424 310
628 525
525 310
713 270
270 310
71 470
470 310
171 537
537 310
772 31
31 310
637 236
236 310
322 744
744 310
830 67
67 310
334 435
435 310
870 505
505 310
906 323
323 310
343 912
912 310
510 550
550 310
705 318
318 310
284 397
397 310
520 636
636 310
527 380
380 310
817 123
123 310
377 328
328 310
691 28
28 310
553 738
738 310
147 313
313 310
234 305
305 310
945 670
670 310
37 407
407 310
334 362
362 310
334 417
417 310
309 671
671 310
510 264
264 310
294 760
760 310
375 114
114 310
955 555
555 310
372 496
496 310
377 370
370 310
651 557
557 310
508 168
168 310
334 589
589 310
91 617
617 310
732 194
194 310
422 526
526 310
234 740
740 310
66 921
921 310
37 515
515 310
666 521
521 310
753 548
548 310
790 613
613 310
396 726
726 310
536 503
503 310
971 240
240 310
862 23
23 310
553 443
443 310
692 889
889 310
666 926
926 310
514 605
605 310
676 109
109 310
553 449
449 310
295 700
700 310
372 716
716 310
720 494
494 310
530 620
620 310
322 304
304 310
870 490
490 310
753 809
809 310
37 694
694 310
676 48
48 310
906 169
169 310
190 361
361 310
165 369
369 310
691 648
648 310
876 563
563 310
651 307
307 310
732 148
148 310
37 828
828 310
37 907
907 310
945 261
261 310
396 885
885 310
553 250
250 310
24 400
400 310
396 197
197 310
950 731
731 310
359 531
531 310
34 878
878 310
203 532
532 310
316 324
324 310
295 44
44 310
377 975
975 310
952 398
398 310
713 3
3 310
322 799
799 310
359 698
698 310
955 635
635 310
295 754
754 310
629 719
719 310
925 139
139 310
422 217
217 310
772 90
90 310
713 227
227 310
514 859
859 310
37 179
179 310
732 812
812 310
203 951
951 310
692 860
860 310
870 869
869 310
71 914
914 310
830 444
444 310
870 325
325 310
772 736
736 310
637 767
767 310
428 500
500 310
294 491
491 310
510 383
383 310
428 478
478 310
713 919
919 310
692 415
415 310
666 272
272 310
294 416
416 310
171 206
206 310
753 923
923 310
536 154
154 310
527 911
911 310
24 606
606 310
906 890
890 310
955 101
101 310
945 842
842 310
691 411
411 310
536 299
299 310
322 38
38 310
66 595
595 310
34 501
501 310
956 680
680 310
316 967
967 310
906 471
471 310
876 42
42 310
956 833
833 310
234 229
229 310
462 542
542 310
697 235
235 310
906 609
609 310
202 854
854 310
945 965
965 310
37 957
957 310
295 451
451 310
925 346
346 310
629 580
580 310
956 332
332 310
817 50
50 310
462 473
473 310
422 427
427 310
666 82
82 310
520 748
748 310
279 556
556 310
279 703
703 310
375 832
832 310
688 198
198 310
906 661
661 310
392 509
509 310
375 142
142 310
732 418
418 310
294 954
954 310
817 410
410 310
375 771
771 310
732 578
578 310
830 475
475 310
713 481
481 310
669 393
393 310
309 902
902 310
322 135
135 310
536 30
30 310
34 567
567 310
565 822
822 310
862 457
457 310
804 656
656 310
359 685
685 310
733 829
829 310
510 523
523 310
536 115
115 310
697 622
622 310
34 358
358 310
955 836
836 310
507 15
15 310
565 368
368 310
24 167
167 310
322 969
969 310
422 153
153 310
971 176
176 310
790 619
619 310
295 577
577 310
925 802
802 310
536 486
486 310
772 98
98 310
171 319
319 310
294 729
729 310
843 220
220 310
377 191
191 310
843 32
32 310
830 353
353 310
359 408
408 310
629 498
498 310
203 479
479 310
876 434
434 310
428 381
381 310
950 454
454 310
171 200
200 310
637 608
608 310
462 940
940 310
508 626
626 310
697 440
440 310
772 14
14 310
956 749
749 310
284 430
430 310
906 916
916 310
565 602
602 310
804 750
750 310
520 667
667 310
34 882
882 310
295 581
581 310
462 45
45 310
372 336
336 310
950 660
660 310
637 894
894 310
720 551
551 310
147 338
338 310
343 228
228 310
637 385
385 310
732 795
795 310
950 684
684 310
804 464
464 310
862 195
195 310
190 175
175 310
733 768
768 310
553 354
354 310
971 113
113 310
428 770
770 310
396 518
518 310
322 511
511 310
697 453
453 310
733 413
413 310
359 659
659 310
372 632
632 310
284 884
884 310
295 819
819 310
66 468
468 310
666 568
568 310
202 769
769 310
830 574
574 310
945 207
207 310
732 640
640 310
536 485
485 310
377 63
63 310
295 927
927 310
688 880
880 310
676 447
447 310
669 333
333 310
817 84
84 310
462 757
757 310
753 249
249 310
294 690
690 310
753 77
77 310
377 616
616 310
190 587
587 310
691 689
689 310
203 371
371 310
629 483
483 310
24 618
618 310
733 382
382 310
472 26
26 310
359 388
388 310
514 837
837 310
234 85
85 310
772 267
267 310
245 678
678 310
733 185
185 310
565 291
291 310
520 16
16 310
676 199
199 310
510 55
55 310
372 823
823 310
876 695
695 310
733 125
125 310
692 781
781 310
510 404
404 310
343 742
742 310
37 231
231 310
830 62
62 310
71 677
677 310
520 253
253 310
462 108
108 310
629 223
223 310
234 784
784 310
772 867
867 310
234 920
920 310
372 517
517 310
817 572
572 310
372 723
723 310
372 811
811 310
876 855
855 310
520 801
801 310
804 752
752 310
688 116
116 310
295 172
172 310
553 877
877 310
203 233
233 310
295 662
662 310
359 747
747 310
372 665
665 310
692 686
686 310
945 604
604 310
666 192
192 310
956 663
663 310
66 776
776 310
309 524
524 310
514 467
467 310
536 777
777 310
71 953
953 310
945 631
631 310
952 110
110 310
553 899
899 310
322 441
441 310
843 866
866 310
553 339
339 310
688 743
743 310
830 226
226 310
676 891
891 310
245 70
70 310
862 533
533 310
753 549
549 310
295 755
755 310
790 350
350 310
952 373
373 310
334 144
144 310
870 932
932 310
294 40
40 310
322 262
262 310
732 87
87 310
514 93
93 310
295 766
766 310
71 887
887 310
66 545
545 310
772 895
895 310
309 330
330 310
906 909
909 310
392 18
18 310
375 289
289 310
396 649
649 310
713 849
849 310
190 58
58 310
472 314
314 310
753 834
834 310
945 687
687 310
462 972
972 310
396 493
493 310
322 103
103 310
692 901
901 310
202 280
280 310
753 825
825 310
870 582
582 310
514 182
182 310
945 111
111 310
565 239
239 310
234 469
469 310
171 243
243 310
790 376
376 310
527 152
152 310
950 345
345 310
422 900
900 310
862 248
248 310
669 774
774 310
91 351
351 310
637 337
337 310
245 374
374 310
732 286
286 310
294 409
409 310
971 347
347 310
705 793
793 310
309 297
297 310
71 437
437 310
772 174
174 310
817 205
205 310
24 480
480 310
720 788
788 310
66 355
355 310
843 883
883 310
876 107
107 310
955 575
575 310
24 215
215 310
720 69
69 310
66 455
455 310
956 246
246 310
876 571
571 310
692 612
612 310
190 425
425 310
862 162
162 310
956 796
796 310
165 722
722 310
428 658
658 310
34 966
966 310
514 792
792 310
676 161
161 310
628 431
431 310
165 529
529 310
530 591
591 310
508 848
848 310
472 779
779 310
629 681
681 310
24 560
560 310
91 326
326 310
514 102
102 310
955 92
92 310
870 645
645 310
527 254
254 310
705 593
593 310
804 36
36 310
514 281
281 310
565 257
257 310
553 534
534 310
91 512
512 310
705 818
818 310
971 668
668 310
691 564
564 310
171 785
785 310
651 800
800 310
697 815
815 310
428 344
344 310
462 157
157 310
510 188
188 310
359 10
10 310
565 386
386 310
71 856
856 310
666 186
186 310
790 263
263 310
171 707
707 310
697 61
61 310
956 65
65 310
316 864
864 310
245 717
717 310
870 255
255 310
906 528
528 310
530 963
963 310
71 33
33 310
309 196
196 310
316 218
218 310
876 52
52 310
422 39
39 310
530 242
242 310
396 497
497 310
843 357
357 310
843 641
641 310
165 105
105 310
530 131
131 310
462 29
29 310
733 780
780 310
507 21
21 310
34 653
653 310
691 104
104 310
753 584
584 310
377 915
915 310
71 762
762 310
245 827
827 310
66 420
420 310
294 903
903 310
637 506
506 310
862 140
140 310
171 81
81 310
396 657
657 310
510 315
315 310
343 271
271 310
147 835
835 310
279 941
941 310
359 778
778 310
396 118
118 310
510 456
456 310
71 122
122 310
334 519
519 310
876 130
130 310
37 349
349 310
372 758
758 310
952 816
816 310
971 603
603 310
637 364
364 310
925 166
166 310
284 831
831 310
697 96
96 310
862 944
944 310
165 134
134 310
971 554
554 310
629 331
331 310
950 730
730 310
628 41
41 310
514 579
579 310
628 701
701 310
772 477
477 310
955 442
442 310
392 597
597 310
316 840
840 310
343 858
858 310
527 495
495 310
876 861
861 310
508 273
273 310
392 759
759 310
692 592
592 310
71 342
342 310
956 888
888 310
71 745
745 310
697 450
450 310
950 718
718 310
530 184
184 310
279 306
306 310
530 826
826 310
876 569
569 310
817 282
282 310
950 378
378 310
375 290
290 310
507 124
124 310
713 25
25 310
377 201
201 310
950 958
958 310
629 312
312 310
876 252
252 310
284 724
724 310
396 675
675 310
676 872
872 310
334 151
151 310
952 559
559 310
375 100
100 310
316 863
863 310
669 278
278 310
692 230
230 310
472 929
929 310
732 79
79 310
377 366
366 310
372 712
712 310
66 961
961 310
245 283
283 310
713 53
53 310
971 552
552 310
34 238
238 310
720 798
798 310
71 43
43 310
733 539
539 310
527 403
403 310
279 594
594 310
691 265
265 310
190 389
389 310
691 610
610 310
514 145
145 310
692 846
846 310
536 904
904 310
91 928
928 310
202 460
460 310
203 786
786 310
870 873
873 310
34 2
2 310
732 11
11 310
772 54
54 310
669 625
625 310
651 710
710 310
870 721
721 310
507 598
598 310
530 352
352 310
24 857
857 310
190 672
672 310
91 962
962 310
24 633
633 310
377 583
583 310
925 664
664 310
190 704
704 310
697 439
439 310
66 797
797 310
245 348
348 310
309 60
60 310
925 178
178 310
202 414
414 310
945 277
277 310
508 939
939 310
669 356
356 310
952 46
46 310
628 841
841 310
817 789
789 310
171 394
394 310
203 621
621 310
705 711
711 310
629 127
127 310
713 365
365 310
628 149
149 310
514 601
601 310
536 974
974 310
24 412
412 310
628 630
630 310
203 948
948 310
372 296
296 310
688 808
808 310
165 516
516 310
790 936
936 310
565 13
13 310
316 300
300 310
422 321
321 310
71 791
791 310
753 600
600 310
322 474
474 310
322 623
623 310
952 794
794 310
753 445
445 310
472 159
159 310
651 74
74 310
527 943
943 310
245 896
896 310
971 8
8 310
732 448
448 310
527 805
805 310
24 714
714 310
203 173
173 310
565 421
421 310
372 942
942 310
950 751
751 310
772 458
458 310
520 934
934 310
322 99
99 310
971 97
97 310
637 335
335 310
392 452
452 310
472 806
806 310
971 83
83 310
691 225
225 310
462 898
898 310
234 429
429 310
637 573
573 310
952 241
241 310
955 513
513 310
651 706
706 310
790 596
596 310
950 285
285 310
637 20
20 310
733 317
317 310
530 287
287 310
311 310
279 446
446 310
862 590
590 310
171 871
871 310
71 237
237 310
171 302
302 310
925 535
535 310
66 266
266 310
66 19
19 310
514 702
702 310
527 775
775 310
472 558
558 310
691 384
384 310
37 251
251 310
955 847
847 310
651 699
699 310
956 910
910 310
309 682
682 310
37 708
708 310
334 461
461 310
676 438
438 310
817 436
436 310
733 146
146 310
294 627
627 310
71 624
624 310
392 340
340 310
817 274
274 310
295 924
924 310
71 126
126 310
862 387
387 310
772 1
1 310
553 913
913 310
971 256
256 310
527 814
814 310
565 852
852 310
713 865
865 310
843 27
27 310
309 683
683 310
688 874
874 310
553 968
968 310
322 482
482 310
71 212
212 310
316 586
586 310
830 459
459 310
876 893
893 310
147 499
499 310
530 576
576 310
692 156
156 310
950 260
260 310
514 970
970 310
66 177
177 310
817 219
219 310
520 917
917 310
294 391
391 310
830 949
949 310
862 476
476 310
906 180
180 310
637 543
543 310
472 959
959 310
527 259
259 310
643 736
163 866
268 622
325 356
171 580
899 928
433 896
813 108
607 641
14 675
544 398
328 240
8 702
286 576
124 259
577 818
673 557
242 682
385 447
492 721
239 778
372 967
897 289
66 709
872 898
588 248
632 357
828 846
615 525
693 747
493 61
617 579
676 528
484 552
617 880
328 174
654 216
553 643
595 351
505 218
396 267
642 825
946 229
471 41
524 461
617 866
59 111
345 337
905 580
822 54
221 929
724 366
508 184
404 600
553 321
773 188
336 904
294 15
93 968
973 50
845 793
253 855
500 151
197 350
746 240
511 394
133 292
73 52
276 289
129 438
731 695
313 878
234 262
940 149
629 251
45 196
736 429
577 762
837 218
912 65
838 501
928 499
353 608
780 706
322 344
49 580
741 833
431 386
216 921
678 373
502 582
392 32
359 21
501 934
138 762
356 225
140 751
537 199
770 539
857 391
906 585
250 220
694 352
190 871
720 175
510 337
424 453
80 458
504 735
313 408
313 604
366 712
821 771
563 330
183 751
906 712
