1
4699 9216 4420
3016 4255
198 4627
4041 2243
2007 7
1559 3361
1441 152
2559 626
544 1087
476 3281
3466 2390
1965 3502
4215 1558
2725 3840
450 2979
4175 3915
2748 565
917 3230
389 2185
2911 631
2484 3717
3480 1360
1711 4510
4520 2918
3276 4205
4076 372
3752 3813
185 3663
974 4301
4582 956
3259 1252
2416 2709
1246 3352
1717 1796
50 4418
4290 1932
2796 2540
4495 304
3608 1127
1991 62
3703 1945
1961 3956
2844 2541
4440 2027
498 760
1815 4100
3350 2
373 1827
4235 3176
2328 3125
1000 2749
1966 692
1906 3909
2955 1951
2884 2363
948 3830
1412 1563
2434 1309
1821 1440
3337 3080
868 3065
477 299
2878 1764
4243 4164
4436 2454
4265 4230
3971 502
2076 1805
2826 3324
1647 1696
3024 1459
4127 993
2662 3664
655 698
3269 3985
721 3925
2769 349
2312 266
667 2873
524 1234
2120 1989
2046 3164
3491 1419
614 3927
359 3756
4299 1665
481 2751
666 1291
2720 860
1574 3661
1293 3725
1363 3781
1560 67
551 3831
23 1790
4403 34
3348 1275
3320 712
2370 160
2301 3955
2825 129
1664 3023
350 4494
2529 3916
1373 3604
225 4553
3460 2782
3077 2881
3391 698
3296 3696
2611 1491
3372 813
4576 2132
3732 4512
1937 2389
2240 3547
3433 1048
833 2305
4191 3065
2615 2214
3299 1737
3254 1472
3082 3074
3127 1
1654 4562
3639 2873
2622 2429
2853 4268
3124 2233
2336 2999
259 1406
2141 3586
4499 452
2512 2068
3917 2155
4055 1646
3407 3448
2394 3006
2019 1334
1557 346
4054 3976
2030 2147
2197 648
4525 780
1081 532
3845 1155
1794 2220
513 901
486 1589
2572 2232
281 1343
145 1171
4503 3683
2817 2477
3079 4455
2828 913
4697 1377
2448 1968
3602 2742
2351 2309
2874 1880
3508 4329
2831 931
1102 4624
4218 441
386 709
2989 2
4574 44
3932 1143
2840 912
820 1753
3051 2238
434 865
3136 4635
1333 828
592 3593
201 4656
915 2228
1719 2713
211 2718
1919 3974
2998 2971
4101 4695
3750 552
2912 613
2451 4245
216 4654
3487 3743
4555 511
227 3216
3413 3717
270 2623
1133 1009
2579 1927
2087 1857
283 3607
2876 2029
900 1267
2722 3680
1642 4348
3137 74
3013 3220
2943 3841
1421 299
2582 813
1785 338
2813 4506
3850 2631
2294 2771
3987 77
2061 128
1032 1482
1145 1804
4532 4680
2870 4583
2210 230
1205 4042
4187 3049
2939 4104
3998 3321
1399 176
590 1770
3474 127
4066 4250
3865 4013
2585 292
2564 2837
2350 3690
1436 2926
4279 617
2968 1327
105 1277
526 1152
1658 3777
1786 4685
2403 4453
1185 3807
4269 252
2164 219
1519 4676
1402 4013
2413 3808
70 924
2448 4595
4595 2287
2434 2437
2437 1780
4279 3717
3717 4527
2725 1433
1433 4064
3254 2967
2967 2103
4582 3116
3116 4064
1658 4049
4049 4527
1642 1170
1170 282
2748 3543
3543 4527
2796 659
659 1403
974 3953
3953 699
1032 3715
3715 92
3016 2893
2893 855
481 4614
4614 1248
524 3389
3389 4588
3079 1693
1693 2192
4582 1523
1523 855
1402 2969
2969 695
4269 3232
3232 855
4127 2102
2102 1780
3299 4022
4022 3322
1205 218
218 1780
2328 3464
3464 1403
216 76
76 681
2828 3589
3589 4527
105 993
993 3753
2210 1575
1575 3322
3850 940
940 282
105 1470
1470 2182
4299 3435
3435 3753
145 4166
4166 92
373 3428
3428 2103
1441 191
191 3753
1664 546
546 4588
2416 3479
3479 78
4440 3999
3999 771
900 1429
1429 2192
259 1759
1759 2103
1815 3224
3224 699
1664 2741
2741 365
948 3257
3257 4064
4215 1948
1948 2182
4520 1178
1178 695
1711 1986
1986 4139
1815 2172
2172 998
833 1706
1706 1403
1647 437
437 3430
4440 3225
3225 92
211 165
165 1197
917 4115
4115 4527
216 1742
1742 1320
3254 4457
4457 3753
2817 2604
2604 282
4525 2922
2922 1121
3971 2944
2944 365
3480 3151
3151 2223
2825 2653
2653 78
1363 2641
2641 4139
4066 4123
4123 1248
3337 566
566 78
1519 819
819 1248
1815 419
419 3283
1402 2752
2752 282
655 754
754 4588
2912 1540
1540 1248
2448 3548
3548 1122
2087 870
870 348
2826 2465
2465 2182
3474 3812
3812 92
4576 1602
1602 1403
1966 1391
1391 4302
2019 4296
4296 3490
1794 1334
1334 1780
3480 4389
4389 3283
1711 3981
3981 2287
2844 3219
3219 771
1363 3470
3470 4302
4574 2195
2195 2182
1719 997
997 92
23 2153
2153 1121
2831 4174
4174 2287
2416 2300
2300 1122
1961 955
955 2223
3124 4
4 3322
3391 1995
1995 681
2611 1979
1979 3322
544 4669
4669 3283
3348 2962
2962 1248
4574 4259
4259 699
3845 548
548 365
3082 4623
4623 4064
3348 2568
2568 2287
2662 2550
2550 365
1133 1448
1448 3283
434 4295
4295 998
3299 2721
2721 282
2294 2445
2445 2287
1719 731
731 1780
486 1691
1691 3430
2141 3566
3566 1320
3137 1132
1132 2192
2076 2670
2670 1248
2943 2171
2171 1249
2725 913
913 998
3320 4232
4232 695
3079 2567
2567 78
4499 1930
1930 681
2769 3605
3605 2192
4532 4629
4629 699
4403 2757
2757 699
2998 641
641 2223
185 3301
3301 92
4269 4526
4526 1248
1402 4604
4604 1122
3865 37
37 4064
389 1630
1630 1197
2579 3423
3423 78
4440 3039
3039 2212
2087 3215
3215 541
2874 2526
2526 1122
820 3340
3340 1248
3850 2936
2936 2103
3127 1510
1510 282
2912 888
888 3430
2416 3679
3679 1248
1906 1038
1038 2103
526 2834
2834 282
2611 2033
2033 1249
4576 1164
1164 4527
2448 1556
1556 1249
4279 1648
1648 681
450 2763
2763 1780
4127 589
589 2287
4265 4696
4696 998
4440 538
538 4527
4235 2863
2863 695
3124 451
451 3490
4187 4592
4592 2287
3051 556
556 282
4495 3408
3408 541
4218 1639
1639 681
1717 1994
1994 2103
1205 3706
3706 1249
1664 1474
1474 3430
198 4355
4355 2212
2564 1463
1463 699
70 4543
4543 4588
2061 1772
1772 695
2622 2490
2490 855
3917 2331
2331 541
667 3112
3112 78
2878 497
497 4302
2572 186
186 4064
389 4445
4445 3490
3732 61
61 92
1032 3032
3032 855
105 953
953 1121
2312 1019
1019 3430
2197 312
312 1121
915 2794
2794 1197
2813 1689
1689 2212
1363 1884
1884 1248
2240 2851
2851 2182
145 4100
4100 3753
1557 74
74 695
1906 4285
4285 855
3602 2054
2054 3753
1293 3807
3807 2223
2120 3734
3734 1248
2870 418
418 3753
3137 1043
1043 855
1102 1467
1467 4527
2087 2724
2724 681
4066 4061
4061 998
4066 4408
4408 282
4101 3723
3723 541
2912 619
619 2287
4436 985
985 1248
2585 4313
4313 2182
1032 1517
1517 681
2876 3743
3743 2103
3487 4172
4172 365
3372 996
996 2103
544 2270
2270 2287
4574 2765
2765 1122
2328 2719
2719 1248
1373 2288
2288 771
1102 152
152 2103
1333 2495
2495 855
4574 2385
2385 3430
1421 69
69 681
201 3798
3798 3430
3639 4011
4011 4588
2312 946
946 1122
1081 1776
1776 3490
3433 3248
3248 699
2817 3545
3545 3490
4403 1892
1892 1121
1399 1452
1452 4588
1145 2739
2739 4527
50 355
355 4139
3016 1863
1863 1780
544 4437
4437 2192
2512 1505
1505 2212
2076 3655
3655 2192
1441 2660
2660 695
1421 2452
2452 2103
3350 1970
1970 3322
2615 1294
1294 4064
2351 81
81 2192
373 3395
3395 348
3971 1039
1039 4527
1557 3685
3685 3322
227 340
340 3753
3466 2111
2111 541
2831 2644
2644 3430
2817 2658
2658 3490
2572 4176
4176 1121
225 773
773 92
614 799
799 92
3024 2380
2380 3490
900 732
732 771
1421 2516
2516 3490
4525 1137
1137 92
3079 663
663 3283
1399 1424
1424 541
948 828
828 681
4436 2178
2178 3322
2529 3197
3197 2212
655 1928
1928 2212
2030 2276
2276 2182
2350 2791
2791 282
4215 1600
1600 1197
2911 1599
1599 3490
281 328
328 1121
3750 172
172 1197
198 2047
2047 282
4290 1184
1184 681
1785 2916
2916 1122
3082 4621
4621 695
3013 3070
3070 78
4576 4439
4439 4139
450 1825
1825 1403
590 3963
3963 348
3127 2981
2981 1122
3845 63
63 1249
3337 4453
4453 3322
2825 1925
1925 2182
283 3886
3886 771
2615 674
674 1320
1557 462
462 2223
4440 4362
4362 348
1246 4383
4383 681
2416 2469
2469 348
4403 177
177 771
1373 4042
4042 348
4265 3640
3640 2182
2350 1827
1827 4139
1133 297
297 681
281 3279
3279 3283
3917 2781
2781 4139
3602 4126
4126 681
4235 2959
2959 2287
201 3336
3336 3753
3639 3159
3159 1780
2141 4240
4240 998
3259 618
618 1249
4265 3677
3677 695
2007 1797
1797 4302
1815 3326
3326 1249
1205 197
197 1403
4582 293
293 282
3127 4350
4350 1403
4574 2430
2430 282
2769 534
534 1320
2413 1250
1250 855
2529 1784
1784 855
3079 2396
2396 2182
4555 1981
1981 92
2955 1854
1854 92
450 1803
1803 2103
3254 4378
4378 1121
915 1729
1729 348
917 603
603 1122
4299 57
57 4064
3254 2093
2093 695
4265 4271
4271 681
2120 687
687 2103
2853 4485
4485 541
373 3484
3484 3322
185 4028
4028 681
4235 1713
1713 541
2870 458
458 1403
3348 3515
3515 3430
3079 4594
4594 2192
3460 2084
2084 1780
551 3095
3095 4064
2955 3630
3630 4064
4265 3300
3300 1197
2512 2712
2712 3322
4235 2022
2022 3430
2955 2357
2357 348
4076 893
893 1121
1658 4297
4297 78
4243 3469
3469 2223
2416 3649
3649 541
1961 3390
3390 348
2240 3189
3189 3322
900 3924
3924 2192
2370 3181
3181 1248
1557 4377
4377 1248
4436 2071
2071 2103
3372 4107
4107 78
1519 4443
4443 3322
216 816
816 365
4215 2983
2983 1780
270 726
726 4139
2720 4304
4304 1121
3480 1387
1387 92
1102 2708
2708 1403
211 4522
4522 699
201 3634
3634 1320
389 249
249 2103
721 1846
1846 998
2813 3854
3854 3283
3752 3789
3789 3490
3474 1324
1324 78
1658 258
258 855
524 1779
1779 4302
1991 3067
3067 771
2622 1088
1088 541
3750 2821
2821 3490
2989 4664
4664 348
270 621
621 2212
1647 1477
1477 855
1421 922
922 3430
917 2689
2689 1121
2998 1633
1633 2182
1786 161
161 1248
2351 3213
3213 771
3987 3799
3799 282
2828 3839
3839 4527
259 2570
2570 4064
3602 3000
3000 1121
2968 3816
3816 4064
2874 3383
3383 1780
4525 1095
1095 681
4243 2249
2249 1780
3466 2138
2138 3322
2720 571
571 365
3474 3911
3911 1248
2989 3935
3935 2212
3127 2325
2325 3753
1906 586
586 4588
3750 2672
2672 1121
4191 633
633 541
3082 3120
3120 2182
2748 1858
1858 1121
2911 1414
1414 1320
3998 2248
2248 4064
2748 863
863 2103
2210 742
742 771
4436 1895
1895 78
477 1267
1267 3490
1399 1054
1054 92
4054 2663
2663 855
2720 1871
1871 4527
2370 3008
3008 2212
4520 3294
3294 771
4525 4571
4571 681
551 125
125 4139
3480 3275
3275 855
3137 4607
4607 92
2878 1310
1310 695
666 3808
3808 2287
820 4481
4481 2192
2912 4335
4335 3322
486 1110
1110 4139
592 2418
2418 1780
486 1151
1151 2182
1412 2202
2202 695
2870 4368
4368 2212
70 1826
1826 2212
3602 3075
3075 4139
3865 3965
3965 1197
185 3673
3673 681
1654 421
421 78
1711 2100
2100 3753
1032 353
353 3753
1815 3410
3410 365
868 1777
1777 4527
2853 830
830 3490
721 2163
2163 4302
50 1150
1150 699
614 4518
4518 1122
3413 709
709 1121
2725 1645
1645 1403
3608 4627
4627 2223
281 2238
2238 1780
386 471
471 541
3608 3126
3126 1320
1658 4540
4540 92
1815 3107
3107 2103
386 1590
1590 2182
386 4475
4475 855
544 3457
3457 3283
974 3130
3130 541
2844 2768
2768 4527
198 4071
4071 998
2725 1245
1245 3753
1436 2646
2646 2182
2585 1844
1844 282
2197 3076
3076 2192
3016 3339
3339 855
434 13
13 2223
2968 3575
3575 1121
2294 2134
2134 3283
2451 1564
1564 4527
3602 2761
2761 4588
2046 1516
1516 2192
1102 4188
4188 771
450 3765
3765 3490
3137 2427
2427 1121
4299 3488
3488 4527
4582 4387
4387 4139
4235 2077
2077 78
2939 2942
2942 3430
526 3651
3651 1248
486 308
308 2192
3487 2507
2507 2223
3407 764
764 4302
3845 1537
1537 2192
2828 3019
3019 3430
2046 3779
3779 1121
544 508
508 4139
4499 400
400 1248
2061 4565
4565 1197
4076 4622
4622 1320
211 213
213 4588
185 2476
2476 2103
3474 4032
4032 541
1402 2549
2549 4302
1557 153
153 2223
3752 4649
4649 365
386 2603
2603 1780
2351 4179
4179 4064
3391 4197
4197 282
1560 1701
1701 4302
2615 91
91 3283
2828 2168
2168 2192
2831 3622
3622 695
105 2245
2245 2223
1133 2439
2439 1122
3299 1609
1609 78
2434 2088
2088 1249
1441 3042
3042 998
2451 2596
2596 998
2828 4549
4549 2103
1647 2073
2073 4527
201 1580
1580 4139
283 115
115 92
1794 4024
4024 3490
481 2048
2048 681
2825 1963
1963 78
2998 276
276 695
4054 1614
1614 3490
4555 1198
1198 348
2939 1868
1868 1249
477 3738
3738 4588
1717 403
403 4588
551 2361
2361 348
2769 4343
4343 541
2939 1073
1073 1121
145 580
580 4139
1363 714
714 1249
3350 3505
3505 1197
3337 4563
4563 3753
4499 1040
1040 2192
1906 4538
4538 282
1412 2146
2146 4139
2826 597
597 695
1402 2744
2744 348
389 1655
1655 92
2061 2525
2525 4139
4576 1203
1203 1122
2825 3644
3644 4302
1145 2045
2045 695
3865 300
300 1780
2874 1400
1400 2287
2572 3456
3456 4064
1786 745
745 998
3051 2838
2838 771
486 2862
2862 4588
1399 3448
3448 1122
2210 1318
1318 4527
281 243
243 2212
3051 3952
3952 2212
4697 3247
3247 348
389 316
316 771
551 385
385 4064
145 3510
3510 78
2622 1869
1869 1197
2484 3603
3603 699
592 469
469 1320
4697 3579
3579 2182
386 3044
3044 1320
1559 408
408 1121
4555 3078
3078 4302
2019 1910
1910 3430
666 836
836 1780
4066 3031
3031 1249
4215 4000
4000 3490
3608 384
384 3490
2955 2639
2639 855
2312 1220
1220 282
2878 1183
1183 4588
3051 1950
1950 681
2825 1980
1980 1249
3407 3210
3210 1403
2611 1105
1105 4064
3703 3004
3004 3490
3474 1808
1808 1403
2416 30
30 695
486 2211
2211 4139
4076 1938
1938 1320
2403 4651
4651 695
1786 1878
1878 2182
1081 911
911 4588
1794 1864
1864 3322
1000 2979
2979 348
3254 269
269 2192
450 1605
1605 365
3024 1074
1074 2287
3254 3786
3786 1197
2828 517
517 1248
1402 1661
1661 3283
4175 3495
3495 1780
1560 4504
4504 1780
225 1431
1431 4527
3466 2732
2732 1121
2120 2620
2620 1121
974 1541
1541 681
2998 3088
3088 1320
2884 1378
1378 1249
3136 3958
3958 2287
2579 484
484 92
1133 4637
4637 348
1333 1641
1641 4064
2828 2348
2348 4064
105 4047
4047 4302
373 4579
4579 4064
3051 3659
3659 4139
3508 4482
4482 855
1421 4081
4081 2182
211 1497
1497 78
2007 554
554 998
2007 1432
1432 855
4041 482
482 4139
2164 962
962 92
3372 4690
4690 1121
4436 1920
1920 699
2955 2691
2691 2212
3480 1662
1662 1320
1363 252
252 771
1246 1918
1918 771
3016 3252
3252 1403
666 3498
3498 1249
270 4319
4319 1249
2968 360
360 2192
225 68
68 1249
1711 1456
1456 4588
1937 1901
1901 855
3971 1068
1068 365
2725 2025
2025 2223
4503 642
642 1320
1965 223
223 3322
1717 4083
4083 855
2874 3473
3473 282
4187 1052
1052 1121
2141 1347
1347 2103
3602 2194
2194 3322
1000 3819
3819 2192
4495 4147
4147 1122
1906 4164
4164 4302
4127 4686
4686 348
592 247
247 2212
2989 2341
2341 4302
2826 696
696 78
3971 2013
2013 699
2939 4090
4090 3283
915 4384
4384 4588
3487 1696
1696 2103
1821 3399
3399 1121
1654 535
535 92
3639 3532
3532 2192
948 2365
2365 3322
1559 1364
1364 365
2955 3281
3281 4139
4041 3642
3642 3283
4576 67
67 699
524 2037
2037 1248
820 1158
1158 699
145 159
159 681
2301 116
116 4064
4525 2454
2454 2223
614 724
724 681
3487 3741
3741 541
2662 3856
3856 1197
2622 1832
1832 4588
1821 847
847 3283
2087 3920
3920 4302
3971 2756
2756 1122
3269 504
504 771
2826 1753
1753 3753
1647 3176
3176 2223
3391 791
791 3322
481 2627
2627 365
3079 688
688 4139
917 1904
1904 771
1717 1515
1515 998
3474 842
842 695
2831 2896
2896 2192
2817 2877
2877 1249
201 606
606 695
1991 1802
1802 4588
3508 1508
1508 695
4127 4103
4103 1121
1642 3614
3614 365
350 876
876 4139
2831 891
891 92
2912 1571
1571 282
3987 3251
3251 3283
526 3862
3862 348
4403 490
490 998
666 1643
1643 4588
2529 4397
4397 1320
4495 3328
3328 1197
2840 3788
3788 365
201 4130
4130 1249
3299 889
889 4588
2796 4452
4452 1121
3474 1027
1027 3283
2076 2186
2186 4588
2884 162
162 78
434 1570
1570 4527
3732 4170
4170 3753
3391 4385
4385 2287
2370 4068
4068 2223
486 3887
3887 681
1246 739
739 3490
915 2130
2130 4588
2413 2856
2856 4302
1647 2001
2001 1248
3276 1413
1413 1248
3391 4273
4273 681
4265 3696
3696 1403
225 3558
3558 1780
3987 1669
1669 3430
373 190
190 92
3407 2412
2412 2103
3051 1199
1199 365
2989 4337
4337 1248
3750 1859
1859 365
4520 494
494 681
2853 1001
1001 771
526 1200
1200 4527
3491 3895
3895 2103
2955 2668
2668 1320
2831 1026
1026 92
655 794
794 1780
544 1086
1086 2287
3350 3009
3009 1403
3413 3187
3187 282
2572 4568
4568 1122
667 1042
1042 2212
2998 3925
3925 4139
2725 1715
1715 78
1815 4428
4428 1248
1373 515
515 695
4403 802
802 998
900 4020
4020 348
4191 3876
3876 699
513 295
295 1197
2874 248
248 348
2874 244
244 3753
1717 3716
3716 348
1559 3523
3523 771
3391 1739
1739 3283
3508 4186
4186 1320
434 84
84 2103
3752 304
304 4527
486 2534
2534 699
2564 1264
1264 2192
2853 1360
1360 365
4574 2189
2189 855
4555 1181
1181 699
3013 3945
3945 695
1441 1352
1352 1197
201 780
780 78
3865 4135
4135 1248
1145 2405
2405 1403
3254 2804
2804 3490
3016 3451
3451 4588
3051 2458
2458 78
1965 3937
3937 2182
3077 433
433 1248
1421 1770
1770 3490
2141 3509
3509 2287
2870 4241
4241 3753
2529 343
343 1403
3276 4237
4237 2223
4436 4409
4409 1197
3299 2809
2809 3430
2615 2860
2860 4139
3350 2879
2879 1320
2874 3212
3212 4588
2870 3600
3600 1320
1906 3217
3217 1780
211 3465
3465 2287
105 1513
1513 699
216 941
941 2223
211 2343
2343 2182
3137 4425
4425 365
4191 3122
3122 1122
70 4680
4680 2287
2622 4507
4507 2192
3391 2552
2552 4302
3608 3011
3011 2223
4269 1818
1818 348
2831 1816
1816 2212
4187 1301
1301 2103
476 3863
3863 541
1961 253
253 3283
2484 3787
3787 4064
2878 4322
4322 365
3491 3719
3719 1121
4436 1296
1296 92
3127 2217
2217 3430
1785 439
439 541
2989 4390
4390 282
2579 4048
4048 1780
2434 4386
4386 1248
105 183
183 699
3971 506
506 1122
4403 4111
4111 771
4576 4612
4612 2182
1421 4185
4185 1403
1145 93
93 771
3296 4536
4536 3283
1293 4251
4251 2182
486 529
529 3283
1574 2836
2836 4527
4503 1380
1380 3753
3276 3569
3569 695
3987 3343
3343 1403
476 3803
3803 3283
2870 33
33 2287
721 45
45 4588
2559 1034
1034 1780
2878 4356
4356 541
3137 4085
4085 2182
2611 4288
4288 2287
4279 239
239 3283
3998 3332
3332 771
2564 39
39 2182
1145 4496
4496 3430
1133 4025
4025 78
2611 2904
2904 78
2351 3650
3650 3430
1794 2247
2247 541
50 3354
3354 3283
3750 4354
4354 4588
526 1051
1051 771
4175 2021
2021 3283
3971 1945
1945 855
3850 2485
2485 3753
2662 907
907 92
4697 3883
3883 3322
4215 1610
1610 4527
2825 250
250 1248
3259 2907
2907 2287
2164 1317
1317 2192
1906 1279
1279 4588
216 3216
3216 3322
3413 4606
4606 2192
2876 1988
1988 681
2019 796
796 855
3348 3065
3065 3753
1293 3414
3414 1249
3850 3880
3880 695
666 3919
3919 92
3016 987
987 1248
1786 4294
4294 699
2141 809
809 2103
3917 3096
3096 282
1965 1207
1207 78
3372 873
873 1403
2825 2880
2880 3283
4218 2866
2866 2287
3348 3093
3093 2223
2197 3813
3813 855
2164 944
944 695
3850 1196
1196 92
3276 523
523 4139
4055 2364
2364 282
2512 1098
1098 855
2769 845
845 1197
4235 2468
2468 3322
3024 466
466 998
2943 2780
2780 695
1786 4342
4342 92
3732 2207
2207 1122
2878 3196
3196 348
2328 2229
2229 2223
1246 1362
1362 3753
3296 220
220 3753
2939 2322
2322 1320
1557 3694
3694 4139
1937 698
698 1403
105 2845
2845 282
2825 3555
3555 3430
3391 140
140 4139
198 2590
2590 2287
2019 280
280 348
4697 1936
1936 998
1642 2070
2070 78
1333 3758
3758 4139
4055 2868
2868 78
2210 3657
3657 3430
105 756
756 2192
2840 139
139 4588
2350 1404
1404 1780
2615 1090
1090 78
1719 2149
2149 4139
2826 1847
1847 3753
2328 3691
3691 4139
1557 3071
3071 541
2197 3180
3180 681
3136 818
818 541
2874 1499
1499 1197
4076 112
112 92
4290 1944
1944 3322
4532 4168
4168 855
721 1990
1990 1121
2939 2214
2214 2103
4175 925
925 3283
2413 1350
1350 4588
3016 1525
1525 1248
350 2011
2011 1248
3480 2970
2970 1403
2796 2709
2709 4588
2076 2460
2460 3753
2968 923
923 1248
917 2608
2608 3283
4576 2159
2159 4302
1185 1330
1330 4139
4187 1879
1879 2287
4101 602
602 1197
4066 3757
3757 699
1557 3154
3154 4527
1519 4683
4683 541
833 3419
3419 1121
2769 2782
2782 998
513 520
520 2192
3259 3962
3962 2223
2076 572
572 695
2350 499
499 699
3372 1450
1450 2182
2351 3871
3871 699
4191 2023
2023 2212
481 3724
3724 1403
1399 905
905 4588
1412 4382
4382 2287
2240 171
171 2103
2662 3040
3040 2192
2968 4400
4400 1403
1574 2075
2075 3430
216 4110
4110 1248
4440 569
569 2192
3320 848
848 365
3752 1984
1984 1780
1719 2205
2205 4139
2911 455
455 1248
2394 294
294 4139
2019 4508
4508 771
667 1683
1683 2192
1574 4190
4190 78
2484 309
309 1403
359 1327
1327 4588
1102 4460
4460 2287
434 2881
2881 681
2351 255
255 4588
2844 3923
3923 92
2451 878
878 92
4076 1361
1361 699
2564 331
331 1249
2884 3236
3236 699
477 691
691 92
2884 3255
3255 3322
551 2900
2900 3430
3608 2104
2104 4302
4697 1258
1258 4064
389 3371
3371 541
4191 3342
3342 2223
2884 683
683 4527
1664 2315
2315 998
1559 4044
4044 4302
281 3388
3388 2287
3124 3244
3244 2103
3850 2652
2652 4527
1399 3675
3675 4302
2912 3747
3747 282
1519 2610
2610 4302
513 3302
3302 2223
3850 401
401 1249
2120 1209
1209 2192
2912 2041
2041 348
2301 1093
1093 4064
350 407
407 541
1373 1077
1077 695
1557 7
7 365
3932 594
594 1248
4436 746
746 2103
2197 4434
4434 2212
3299 3570
3570 771
2796 2605
2605 998
2796 4483
4483 3430
2448 217
217 1248
198 3551
3551 681
3413 3409
3409 2182
2019 1894
1894 1121
2662 934
934 695
915 4478
4478 1249
3124 2640
2640 3322
721 2029
2029 3283
3079 975
975 2212
373 3313
3313 2287
721 680
680 1121
1102 4263
4263 2287
3732 781
781 855
2844 24
24 1249
4525 72
72 1780
2876 38
38 4064
1402 231
231 365
2030 2098
2098 2287
4403 2218
2218 3490
270 3006
3006 2287
476 4250
4250 3283
2989 4411
4411 541
4041 1589
1589 541
2748 805
805 348
3254 169
169 1403
4243 702
702 855
721 4253
4253 699
3082 2504
2504 2212
2870 4364
4364 855
1102 11
11 2287
2120 1953
1953 2182
4041 59
59 1320
4582 1875
1875 1121
1436 1899
1899 2192
3259 3503
3503 2212
3845 3939
3939 771
2622 4534
4534 1320
1333 2464
2464 998
2998 1454
1454 1780
1906 3582
3582 1197
2061 4056
4056 3430
2876 3092
3092 699
281 3710
3710 681
1815 3209
3209 2287
1658 4220
4220 92
2840 2518
2518 771
3137 64
64 1780
185 3954
3954 1403
667 2925
2925 3322
3407 4141
4141 1320
3348 3178
3178 1122
1559 1831
1831 2287
281 1479
1479 348
2484 1331
1331 4064
2968 3755
3755 2182
655 1671
1671 1248
1559 3094
3094 3430
4697 1100
1100 2182
2831 2131
2131 282
2312 1810
1810 4527
3391 2183
2183 3283
1145 2503
2503 78
1032 2581
2581 681
1719 2511
2511 4139
389 4165
4165 3490
1205 1805
1805 541
198 2208
2208 3430
4054 3519
3519 771
2662 4153
4153 855
513 4661
4661 2287
4041 287
287 3753
2019 2225
2225 1122
201 2318
2318 695
2796 3514
3514 78
2403 2758
2758 2182
2769 2395
2395 4588
227 192
192 1403
3639 2861
2861 1780
3703 168
168 2192
2351 4415
4415 3490
1574 3818
3818 3490
1966 1146
1146 2182
2336 632
632 1197
4041 624
624 348
3466 2201
2201 699
1719 142
142 92
259 4272
4272 3322
2720 628
628 78
2076 719
719 2223
1785 73
73 1121
4503 4546
4546 1403
3407 3632
3632 4588
1711 3540
3540 4302
2826 613
613 2212
1937 2432
2432 1197
4499 3619
3619 1248
2019 2388
2388 2192
2336 1344
1344 4588
2831 2515
2515 3430
1785 2142
2142 2103
1642 519
519 282
1363 1993
1993 699
3269 1521
1521 1248
23 505
505 1320
551 288
288 3490
2828 3629
3629 4064
476 4591
4591 2287
259 3166
3166 78
4532 3546
3546 3322
1421 3604
3604 3322
4269 4550
4550 1248
592 2659
2659 3490
4218 4493
4493 699
216 1358
1358 3283
2831 1149
1149 92
1102 2957
2957 541
211 2543
2543 2182
544 2143
2143 1248
434 2435
2435 681
2403 4370
4370 365
3750 4454
4454 2182
4101 2235
2235 1197
2720 1419
1419 4302
2840 334
334 1320
373 3978
3978 771
4503 2913
2913 771
1363 1269
1269 541
2197 2086
2086 78
4495 3468
3468 681
1246 1008
1008 4302
820 448
448 1248
526 3848
3848 855
2579 4155
4155 3430
614 3615
3615 1197
2240 1444
1444 2103
2351 1481
1481 2103
3480 1830
1830 771
1815 4684
4684 4302
3348 3984
3984 541
3350 1850
1850 3283
4175 3422
3422 1248
4076 267
267 771
70 3396
3396 4302
1711 4205
4205 2212
3320 4431
4431 2103
1421 196
196 78
4503 3645
3645 1248
3016 411
411 3490
2416 3362
3362 771
2748 257
257 3283
3299 1041
1041 3430
386 2947
2947 2182
359 956
956 348
3460 4255
4255 1403
948 3853
3853 3490
3971 4311
4311 348
2831 1064
1064 3322
2968 2823
2823 1249
614 1204
1204 2182
900 1187
1187 541
1412 3877
3877 3322
2611 1460
1460 3322
1102 2308
2308 1197
1441 3806
3806 1320
1906 3416
3416 92
1402 4616
4616 771
1937 3867
3867 78
3407 1124
1124 1122
526 720
720 1780
2120 1261
1261 695
1719 2491
2491 2103
1794 110
110 1122
3460 3780
3780 2192
2844 1754
1754 695
2611 4461
4461 1249
4403 1028
1028 282
1664 3285
3285 1121
1519 3060
3060 2103
551 2155
2155 4064
3127 1382
1382 3283
198 2378
2378 1780
3079 1636
1636 3322
2943 2091
2091 855
614 1861
1861 2287
2413 2263
2263 541
833 4665
4665 699
2394 839
839 3322
3372 604
604 78
1658 2321
2321 3753
2559 156
156 3283
3433 3768
3768 2212
1102 467
467 2103
1937 3270
3270 3753
4191 3635
3635 3322
1293 2523
2523 4139
498 4670
4670 2223
2087 635
635 1320
2585 187
187 78
3917 1534
1534 1121
4076 1355
1355 4064
1373 3624
3624 2182
1574 119
119 1122
2813 1348
1348 998
2615 1756
1756 4302
2030 2892
2892 365
3998 3610
3610 4064
2328 54
54 4139
4101 4012
4012 1197
2615 4124
4124 699
3259 1153
1153 1122
225 2411
2411 365
1032 120
120 4527
2748 1992
1992 699
1961 1075
1075 998
666 3698
3698 348
3508 3063
3063 1780
1421 2044
2044 4302
2564 2180
2180 365
389 3942
3942 541
4436 3572
3572 78
2720 3153
3153 1122
4582 2015
2015 2103
1373 3972
3972 3753
105 1115
1115 1780
3276 2619
2619 348
1185 2837
2837 4064
373 3802
3802 4064
4215 2592
2592 3490
1000 3841
3841 4064
4555 1834
1834 4139
2579 4626
4626 699
1906 4501
4501 699
2164 2179
2179 2223
1081 653
653 1320
2874 620
620 1780
2876 364
364 4302
3276 423
423 3283
1185 3612
3612 1197
486 1108
1108 2192
3480 3763
3763 3430
3474 1799
1799 3283
2328 489
489 1403
4440 2713
2713 2192
1373 4194
4194 1403
23 210
210 365
4525 1465
1465 4064
4495 2541
2541 998
3137 3014
3014 4139
2585 3711
3711 3430
4576 846
846 2192
1205 1545
1545 365
3136 877
877 2223
3077 4260
4260 4302
4218 3737
3737 771
145 2196
2196 4588
498 3516
3516 3753
270 4529
4529 1197
1185 2539
2539 541
592 382
382 695
1785 1013
1013 3322
350 1339
1339 1249
2336 431
431 2103
2825 4084
4084 1249
4191 717
717 2192
2240 1374
1374 348
3082 4341
4341 2223
2019 2686
2686 1121
1032 1139
1139 1249
4525 1053
1053 4139
3987 2613
2613 282
1906 3521
3521 771
2564 661
661 771
3508 600
600 998
3299 3483
3483 92
655 377
377 348
2394 3444
3444 855
2529 114
114 1320
477 4219
4219 1320
655 1960
1960 541
2825 631
631 4588
4076 871
871 1122
2413 1475
1475 282
614 1453
1453 4302
4215 1426
1426 998
211 1005
1005 695
721 1974
1974 4302
2826 3278
3278 1121
526 867
867 282
3350 2992
2992 541
3348 2773
2773 282
2350 1083
1083 1403
3639 2807
2807 1197
1000 822
822 1121
1246 2199
2199 3490
4076 4137
4137 2103
4582 2304
2304 3430
2579 999
999 541
2336 2010
2010 541
4215 2419
2419 681
2197 2101
2101 855
434 4070
4070 78
2943 3141
3141 282
3865 1449
1449 1122
868 298
298 771
513 2314
2314 4139
1906 1579
1579 2192
2572 3770
3770 3283
2197 4666
4666 3322
2615 1695
1695 78
2912 779
779 2182
2197 2184
2184 4527
655 1531
1531 1197
3750 3918
3918 855
2826 561
561 282
4243 2928
2928 695
721 3355
3355 2223
2370 224
224 681
1647 2050
2050 699
4218 4468
4468 4302
2817 4202
4202 4064
2911 2415
2415 4588
592 831
831 681
3127 219
219 348
3276 2614
2614 2192
3987 2408
2408 3322
915 3182
3182 1780
868 4632
4632 282
198 1154
1154 4064
2019 6
6 699
2911 1076
1076 1403
270 1136
1136 1122
4175 1415
1415 3322
900 3541
3541 855
3508 684
684 1403
1559 1025
1025 998
2240 1672
1672 2103
2403 1033
1033 1248
2240 1370
1370 699
4218 2126
2126 855
3320 3186
3186 3490
1815 3771
3771 1780
1961 3660
3660 348
2350 2097
2097 348
1711 1561
1561 1320
544 1381
1381 3753
3024 4426
4426 2223
3024 3256
3256 1121
2831 2852
2852 1121
3474 1227
1227 282
3127 324
324 2212
2968 1781
1781 3283
4495 2827
2827 3753
201 4359
4359 282
2817 1674
1674 855
450 715
715 541
1436 1004
1004 681
3602 1708
1708 4139
2611 1131
1131 282
3474 1504
1504 4064
1719 2080
2080 998
2210 2467
2467 3283
1293 3192
3192 1121
1711 2242
2242 855
1293 3544
3544 3322
4555 2855
2855 2287
1966 1705
1705 541
900 3744
3744 2212
2876 1775
1775 3753
4215 1283
1283 92
590 8
8 681
3127 1498
1498 1320
1559 3199
3199 1780
1363 4365
4365 1122
3460 2915
2915 282
3998 209
209 4302
185 1565
1565 3753
2351 2696
2696 4139
2943 2906
2906 2223
3602 2428
2428 4302
2328 560
560 2287
3124 3059
3059 2182
3845 2389
2389 1248
1293 2246
2246 2182
3079 966
966 3322
2828 4258
4258 681
4532 2898
2898 3430
3460 510
510 4064
4191 3411
3411 1780
524 921
921 855
2019 2295
2295 681
4243 2234
2234 2212
3137 4441
4441 4139
3082 3836
3836 4302
833 3150
3150 1249
1647 1109
1109 3322
1654 1311
1311 348
476 4419
4419 2212
4076 2873
2873 3430
359 1162
1162 3490
1559 3494
3494 1780
1333 465
465 4588
667 1338
1338 4527
4066 2735
2735 1780
4499 3530
3530 4064
3051 2656
2656 4064
1000 2031
2031 695
2559 150
150 1248
198 2846
2846 855
551 1383
1383 1320
450 189
189 1320
513 1451
1451 2212
524 2602
2602 1780
1421 2749
2749 2223
477 1792
1792 3490
3474 960
960 2223
3433 3266
3266 1197
2611 749
749 1320
359 4113
4113 4064
434 989
989 92
3608 2787
2787 348
3750 1886
1886 2182
3082 4469
4469 4064
4066 19
19 3753
450 1964
1964 4588
2998 2118
2118 3322
524 241
241 348
476 1021
1021 681
386 4148
4148 541
476 3132
3132 1122
4215 2116
2116 348
1412 3980
3980 998
3602 4630
4630 1780
614 973
973 1122
3480 2497
2497 3753
1717 2422
2422 365
666 3087
3087 365
915 2303
2303 2212
1664 4051
4051 2192
2394 488
488 1403
1436 2524
2524 3490
2394 4663
4663 771
1664 3022
3022 2212
3491 3286
3286 4064
1399 2636
2636 3430
2912 2475
2475 78
3299 2354
2354 699
2210 2591
2591 699
1654 1798
1798 998
4525 3979
3979 1122
4576 4642
4642 4302
4269 4346
4346 699
2312 3983
3983 2212
2559 77
77 2192
2512 3206
3206 855
2210 3312
3312 1320
3987 3574
3574 2182
359 612
612 681
2448 685
685 2287
4574 2630
2630 541
3024 1502
1502 2192
3466 2083
2083 1197
2825 3205
3205 3283
2662 4206
4206 1197
3608 503
503 695
259 2767
2767 282
1965 4371
4371 2223
198 2869
2869 1320
833 2566
2566 681
4532 1677
1677 855
3269 4014
4014 3753
1711 3837
3837 3430
915 3704
3704 2192
481 2841
2841 2212
3998 2200
2200 1320
2874 3714
3714 3753
3608 2633
2633 3753
2722 1855
1855 92
2312 2747
2747 1122
1658 4274
4274 1121
477 4584
4584 1122
3296 3061
3061 4588
4697 167
167 1122
2840 1971
1971 699
667 4325
4325 2212
2876 1069
1069 1780
820 3489
3489 365
2955 2269
2269 282
4532 4656
4656 2192
4265 82
82 998
281 2513
2513 4139
2046 327
327 1403
2076 104
104 78
3269 1905
1905 699
2564 2278
2278 1121
2336 3214
3214 1122
1815 3870
3870 4064
1560 2816
2816 4302
2529 3560
3560 681
2019 1193
1193 855
227 3427
3427 2212
1647 2018
2018 1122
2448 222
222 699
4532 4474
4474 1122
1560 2629
2629 2103
434 266
266 998
3998 4203
4203 2212
3124 645
645 2182
227 1006
1006 681
2813 1024
1024 771
4218 1817
1817 1248
2394 881
881 2103
2197 2704
2704 2223
3433 2431
2431 282
4127 102
102 1320
1717 2156
2156 3753
477 3592
3592 2223
3608 143
143 92
3136 3504
3504 1248
3466 3043
3043 3322
2370 3884
3884 78
4697 4570
4570 2103
4175 3377
3377 681
2748 930
930 541
4555 40
40 78
2294 4685
4685 541
50 1788
1788 2103
198 1190
1190 92
2796 648
648 2212
4440 4019
4019 998
513 3915
3915 2287
2572 2994
2994 998
2336 1934
1934 3490
3077 3003
3003 3490
1658 2960
2960 348
3491 2882
2882 1403
198 537
537 2103
4555 1461
1461 3753
2769 2964
2964 365
2370 2553
2553 282
4187 3735
3735 855
2529 1724
1724 4064
201 184
184 1320
4076 3627
3627 2287
498 1002
1002 2103
2998 1738
1738 2212
4299 1638
1638 699
4187 3099
3099 855
1421 784
784 2182
3254 2682
2682 695
2825 2996
2996 3430
2825 3026
3026 1122
211 2600
2600 282
3865 3782
3782 1403
2911 193
193 365
2720 1824
1824 4139
2312 1769
1769 4139
1821 1586
1586 699
477 3398
3398 681
2350 3653
3653 681
524 3133
3133 1320
2611 346
346 3753
2582 3872
3872 2182
1658 938
938 4588
4495 4657
4657 2212
3845 1896
1896 348
2370 4125
4125 771
3752 536
536 78
551 3881
3881 92
70 1464
1464 681
3124 1670
1670 1249
1185 1011
1011 2103
1664 2872
2872 2103
948 1099
1099 365
2076 1587
1587 1121
477 575
575 3490
1717 3949
3949 2287
389 3893
3893 2192
4576 4221
4221 365
216 2822
2822 699
201 789
789 2182
1421 4367
4367 998
3082 3912
3912 2103
2955 2374
2374 1403
3433 646
646 3430
1402 3121
3121 1248
201 2537
2537 855
2512 1596
1596 2103
3407 1062
1062 681
2019 2479
2479 1122
2061 2035
2035 2182
1145 2105
2105 78
2911 1458
1458 4588
3845 668
668 4588
1412 4247
4247 1249
917 1535
1535 681
551 3440
3440 3490
721 662
662 282
227 578
578 1320
3391 4287
4287 1403
3137 4442
4442 3322
2813 4149
4149 695
1102 2122
2122 998
4101 2576
2576 2287
4127 3345
3345 699
2874 2438
2438 2223
3016 3561
3561 4064
3480 2643
2643 1197
1711 366
366 4064
3276 397
397 2223
3433 857
857 1320
211 825
825 1320
2312 1547
1547 2287
1399 2699
2699 4064
434 1900
1900 699
3082 2137
2137 2182
1658 1336
1336 1197
2120 3463
3463 4588
4279 3295
3295 699
2030 3246
3246 771
185 1828
1828 92
1574 4693
4693 3490
1658 957
957 365
259 4363
4363 2212
4290 453
453 3283
283 3449
3449 1122
281 2267
2267 1122
2769 3855
3855 541
3350 4162
4162 4139
1363 147
147 2182
2210 1332
1332 1403
2828 2096
2096 348
1000 2617
2617 282
2512 2785
2785 365
2197 879
879 2223
1658 587
587 4064
2529 1385
1385 1320
259 2695
2695 1248
3917 2802
2802 1248
3269 2986
2986 1780
2120 3944
3944 4527
1205 1262
1262 365
3051 3363
3363 348
4525 991
991 998
4520 1675
1675 1780
3127 1888
1888 2223
259 951
951 4139
4440 4497
4497 4064
1965 2982
2982 4139
4066 4244
4244 4302
4041 1103
1103 2103
3348 4099
4099 1197
1991 4002
4002 699
1185 2307
2307 3490
4175 765
765 771
2572 2008
2008 2223
2394 4118
4118 92
3466 3613
3613 1403
4066 299
299 1403
2301 2043
2043 2223
1557 3113
3113 3322
2939 1243
1243 3322
3732 2588
2588 998
1557 3767
3767 3490
2828 979
979 541
3124 2139
2139 771
1519 1234
1234 998
4525 21
21 1248
4436 1214
1214 2103
2989 4490
4490 1780
1560 3101
3101 1403
868 4169
4169 998
3051 522
522 4527
1421 233
233 2287
1574 4641
4641 681
4055 3766
3766 855
2484 2798
2798 1320
2046 4531
4531 699
3491 3709
3709 2192
3639 4017
4017 681
4066 4210
4210 2192
3752 3083
3083 4064
666 2976
2976 1248
477 4583
4583 1248
974 927
927 771
3474 4566
4566 348
948 2694
2694 92
2394 4140
4140 1197
721 4234
4234 78
667 113
113 4064
3752 2494
2494 2223
198 199
199 1122
900 2940
2940 3322
3932 1809
1809 4064
2416 2193
2193 4064
1711 670
670 3322
592 711
711 282
2413 2548
2548 1121
2351 170
170 4064
2831 4293
4293 1249
2828 3171
3171 3430
1373 369
369 2103
4175 371
371 771
2796 362
362 3430
50 1268
1268 1780
1557 3452
3452 1197
70 841
841 2103
2061 4117
4117 78
4403 1872
1872 3430
3752 2316
2316 4588
3998 4129
4129 3430
1145 368
368 2182
2061 1341
1341 855
3259 2665
2665 855
2769 4553
4553 3322
3608 690
690 282
3051 2764
2764 1403
1786 1728
1728 2223
3932 3431
3431 4064
2572 173
173 1121
3124 914
914 699
2572 2285
2285 2287
2164 1585
1585 1320
2870 1620
1620 4302
2874 480
480 348
281 4512
4512 1248
3077 4309
4309 771
3254 976
976 998
185 2743
2743 365
4215 1530
1530 2192
4299 151
151 92
2240 978
978 2212
3508 735
735 348
145 4424
4424 3283
1815 1548
1548 2212
2796 2895
2895 681
4403 2161
2161 1320
2874 4435
4435 1320
2912 180
180 4139
1000 4451
4451 2182
2301 4516
4516 681
3296 2924
2924 3322
2141 1749
1749 3430
1246 651
651 4139
868 803
803 541
1919 4511
4511 348
1559 916
916 365
1574 1935
1935 2192
2294 1266
1266 4527
450 1273
1273 681
2870 2808
2808 3753
3348 1933
1933 2192
3487 383
383 4588
4101 3370
3370 4588
4403 2650
2650 3753
2720 2373
2373 1403
201 2058
2058 3490
350 2039
2039 3322
915 3581
3581 695
3016 3957
3957 541
1717 2558
2558 695
2370 3529
3529 695
2197 2954
2954 3283
820 3382
3382 1249
4532 4001
4001 1248
4499 2401
2401 4302
3433 3394
3394 2287
2164 3139
3139 3430
2831 2678
2678 2192
2725 4332
4332 2192
513 1549
1549 4139
1399 2520
2520 998
2912 4214
4214 1197
389 3319
3319 4302
2451 1851
1851 78
2336 2997
2997 348
948 148
148 365
2874 4026
4026 92
3703 2393
2393 855
4290 338
338 2182
3508 2638
2638 1320
2046 2346
2346 1780
1717 3810
3810 771
524 2753
2753 3283
2301 3238
3238 855
2434 479
479 1122
3320 4444
4444 695
2451 2125
2125 1197
2301 2514
2514 3430
4218 4410
4410 3753
1664 2384
2384 771
2030 884
884 282
3491 3585
3585 541
3296 1558
1558 771
1719 3898
3898 2212
3016 810
810 1122
4175 204
204 4139
917 4578
4578 4588
2141 4500
4500 2223
2197 2675
2675 2287
1205 3777
3777 3753
2840 4195
4195 1122
2585 3268
3268 1320
225 4324
4324 348
1102 3670
3670 1780
3703 2253
2253 1780
2061 10
10 3490
70 2985
2985 1121
915 97
97 4527
3480 929
929 2192
1965 3162
3162 4588
2884 1295
1295 1121
2210 3989
3989 695
3487 2339
2339 3490
1717 2958
2958 3283
3051 943
943 2103
2939 485
485 3490
2240 4196
4196 4302
1373 2786
2786 1320
3372 1635
1635 282
2725 1783
1783 1122
2301 1912
1912 1248
2416 3859
3859 1403
2403 1097
1097 1320
4235 4035
4035 365
2585 1239
1239 2287
1373 3966
3966 92
359 1229
1229 348
2350 2148
2148 2182
2087 221
221 1197
2413 904
904 681
4403 1418
1418 695
2844 2368
2368 4302
2825 3938
3938 4302
1991 924
924 3322
4436 1791
1791 1403
1421 3921
3921 4064
4520 443
443 695
2998 630
630 1780
3077 1094
1094 3490
2870 1750
1750 1122
3269 4114
4114 1249
3259 610
610 1121
1664 1231
1231 4064
1821 1898
1898 78
145 107
107 998
359 1284
1284 365
948 4417
4417 4527
4697 1003
1003 2212
3254 1926
1926 695
2828 1356
1356 3490
2240 2443
2443 2192
4525 3263
3263 681
201 843
843 2212
4175 3606
3606 92
450 2417
2417 541
1785 2551
2551 855
915 3665
3665 1320
2210 4031
4031 771
1785 3699
3699 771
2076 502
502 541
2451 2988
2988 3283
2828 3250
3250 4139
2884 2803
2803 348
70 4567
4567 1122
3079 3769
3769 4588
2844 3056
3056 699
1145 1867
1867 3490
201 1989
1989 3322
3013 2854
2854 92
3752 1956
1956 1197
2240 2561
2561 1249
1421 3869
3869 1248
526 1915
1915 4302
2615 409
409 3283
3474 1368
1368 282
2076 126
126 2192
1363 3712
3712 92
544 2108
2108 2103
833 4228
4228 3753
259 1907
1907 1780
1402 2505
2505 2212
2943 376
376 681
2813 1201
1201 4139
2141 3069
3069 3490
1991 3829
3829 92
666 3
3 855
1333 1767
1767 4302
216 1155
1155 3753
1821 3443
3443 1197
524 3191
3191 2212
2434 2463
2463 348
1032 3578
3578 3322
2796 1615
1615 3322
2120 18
18 3322
2720 1682
1682 2182
2911 785
785 1248
974 2625
2625 855
3608 2918
2918 3753
4269 3090
3090 3283
524 3482
3482 3753
2579 3437
3437 681
592 752
752 348
1642 2456
2456 1197
2007 470
470 1248
3971 2797
2797 3753
2019 4446
4446 681
2416 2053
2053 1320
1293 87
87 282
4582 2569
2569 3490
3136 1263
1263 3283
3391 1303
1303 365
614 798
798 699
4525 49
49 3490
350 1171
1171 4527
3608 3746
3746 3490
2874 3583
3583 4588
2294 4510
4510 4064
2351 777
777 695
3320 1939
1939 1403
2141 2914
2914 4527
145 4116
4116 4064
2874 2404
2404 1320
2061 2074
2074 1320
3407 1232
1232 2182
4582 2262
2262 2223
2968 2584
2584 2212
2484 718
718 1197
1333 2984
2984 282
4576 3081
3081 3283
3932 1787
1787 3430
481 3791
3791 771
281 4080
4080 3430
3124 3754
3754 92
2870 2284
2284 4139
2998 1389
1389 2287
2350 4494
4494 92
1560 570
570 92
1991 2085
2085 855
477 812
812 2287
4532 4638
4638 1122
3013 4181
4181 78
1436 4667
4667 2192
526 4108
4108 1122
3850 2252
2252 1249
4175 3759
3759 348
2007 1959
1959 4302
1647 1947
1947 78
4499 3131
3131 695
386 4635
4635 365
2911 1425
1425 92
1557 1941
1941 681
3299 2745
2745 3283
2769 3234
3234 3283
4265 1940
1940 3490
1658 3527
3527 4302
4041 2169
2169 92
1647 1091
1091 2212
4215 2783
2783 2182
2579 1048
1048 1122
1785 402
402 3322
721 697
697 4139
2615 2250
2250 2192
2585 264
264 282
2884 96
96 348
544 656
656 2287
2061 2899
2899 3430
4576 3891
3891 2212
3917 426
426 3283
4215 2382
2382 78
3254 2327
2327 3322
2831 971
971 3490
1574 4639
4639 3322
2884 2934
2934 855
3407 4212
4212 4588
1185 1035
1035 681
4582 1340
1340 2103
1906 700
700 282
3845 146
146 92
4436 121
121 2287
4215 2864
2864 3322
3639 1023
1023 3322
2451 733
733 3283
3299 100
100 998
4265 1238
1238 348
1664 2283
2283 3490
1559 2306
2306 4588
2484 2711
2711 3430
2301 3599
3599 348
1246 2631
2631 3490
4235 4227
4227 998
3865 4392
4392 1403
476 672
672 4064
3487 4282
4282 2223
3460 166
166 3753
185 3386
3386 4527
1185 154
154 1780
1821 3943
3943 4527
1717 428
428 541
2046 416
416 699
4436 4225
4225 2192
1719 330
330 1320
2722 1743
1743 4588
2164 133
133 3322
1205 34
34 1249
2968 1969
1969 855
2615 1768
1768 1248
2403 2973
2973 2287
524 3796
3796 4527
1559 3421
3421 92
4191 2891
2891 681
1436 2509
2509 4139
2853 1796
1796 1197
1574 2003
2003 3490
1406 4527
1421 3175
3175 4064
4127 4158
4158 3430
2328 1443
1443 695
4532 3335
3335 695
281 2737
2737 1403
386 4109
4109 771
544 4077
4077 3322
3320 475
475 3753
2662 2546
2546 78
3752 2923
2923 3430
667 2198
2198 1122
551 2387
2387 282
1642 3742
3742 3753
1642 786
786 2192
948 1887
1887 92
211 4091
4091 1320
4055 1761
1761 4588
974 1628
1628 282
3024 2519
2519 3322
2582 1973
1973 681
1373 2221
2221 348
2351 4492
4492 3490
2164 4420
4420 282
4576 2216
2216 365
2769 1626
1626 4302
3372 854
854 1248
551 1228
1228 1780
4191 1972
1972 1248
3124 615
615 1122
3337 4561
4561 699
2853 4079
4079 998
4265 3858
3858 1403
2294 2109
2109 699
2416 565
565 2287
1032 3775
3775 1320
1436 769
769 2192
3024 4033
4033 3753
4235 1377
1377 1780
4532 939
939 2192
3865 4528
4528 1121
3639 2062
2062 78
3079 1551
1551 1249
198 3455
3455 695
2572 2224
2224 2103
3474 3085
3085 695
3348 1210
1210 1248
1185 1191
1191 1248
2416 4089
4089 4527
477 553
553 78
1102 3976
3976 1780
2529 3183
3183 1403
4055 442
442 681
3077 332
332 541
3850 2332
2332 855
2817 4075
4075 695
3082 2609
2609 855
4555 3477
3477 4527
1032 3783
3783 699
2240 853
853 1122
4191 995
995 1249
2336 301
301 78
1102 271
271 365
2876 3429
3429 3283
3703 2938
2938 1403
1965 1278
1278 2182
868 3946
3946 2103
2722 3729
3729 4139
3269 2671
2671 3490
2164 4283
4283 541
3254 3695
3695 1780
3474 1606
1606 1403
3971 3936
3936 1122
3016 1152
1152 92
3987 2090
2090 78
1293 2450
2450 3753
1363 4173
4173 695
3254 4150
4150 855
1421 686
686 2103
2720 2005
2005 4139
1333 3500
3500 4527
917 1492
1492 78
3337 3426
3426 699
1961 1275
1275 699
2722 530
530 681
1574 4238
4238 348
3460 14
14 2192
2582 2302
2302 4064
513 1394
1394 365
3460 736
736 3430
4499 1379
1379 92
3845 4334
4334 2182
666 649
649 2103
1717 801
801 681
3703 2028
2028 699
1961 4486
4486 78
3079 226
226 681
526 4052
4052 2103
4697 3341
3341 2103
1717 639
639 365
2622 1237
1237 92
2007 1843
1843 3430
1574 2472
2472 78
1794 1659
1659 4064
4235 1601
1601 2192
3433 326
326 2212
2853 3638
3638 541
1642 4394
4394 3753
2512 1891
1891 1197
2413 3074
3074 1122
359 608
608 3322
4215 4464
4464 4302
450 3163
3163 3283
3024 1213
1213 92
1719 2859
2859 3430
2912 2299
2299 1780
3372 4360
4360 92
216 1287
1287 771
2853 2268
2268 2212
1557 753
753 3490
2210 4333
4333 3283
2572 2066
2066 1197
1293 3058
3058 365
1412 3502
3502 282
201 372
372 1248
105 1684
1684 2223
373 2595
2595 2212
513 262
262 541
1785 3380
3380 1249
2870 2372
2372 771
833 44
44 771
1574 1527
1527 771
1205 1678
1678 681
476 2496
2496 282
4243 1471
1471 282
868 3990
3990 2287
481 574
574 365
389 1022
1022 1320
2870 26
26 348
4555 311
311 1122
974 392
392 1403
2817 1157
1157 2182
3917 3267
3267 998
820 3906
3906 3283
2989 3705
3705 699
4403 3053
3053 1403
185 4401
4401 4527
1786 313
313 771
4265 637
637 1780
3082 3662
3662 4527
2076 3947
3947 855
2831 3868
3868 3430
2579 4414
4414 78
3917 1189
1189 771
2912 429
429 1197
4175 1656
1656 2192
2878 763
763 699
3732 2243
2243 695
2579 3308
3308 365
4055 3930
3930 1320
1519 583
583 2192
1402 4471
4471 2192
4055 4092
4092 365
2939 3310
3310 998
1519 3047
3047 1121
281 2453
2453 998
2529 3417
3417 4064
4436 4252
4252 855
2943 710
710 699
1436 3499
3499 3283
2061 2901
2901 2223
4076 3590
3590 4064
4697 3776
3776 1249
105 1668
1668 78
915 4402
4402 4527
4299 1823
1823 1122
2611 1366
1366 365
4299 3282
3282 92
3350 3902
3902 78
270 4133
4133 1320
2725 393
393 78
1133 4298
4298 348
974 2481
2481 1320
820 208
208 3430
4187 3356
3356 2212
2336 3537
3537 699
1436 3534
3534 1248
3955 4139
3337 3188
3188 2182
211 1405
1405 541
1560 1611
1611 4064
476 4088
4088 3283
1133 1072
1072 3753
225 1016
1016 1122
3127 660
660 541
4436 3994
3994 1121
1363 3307
3307 855
2844 4617
4617 3753
3079 4338
4338 1780
2030 345
345 4139
3460 1874
1874 3753
105 3708
3708 1320
477 2012
2012 2212
3850 2858
2858 2192
4403 3454
3454 998
3845 9
9 3753
4525 3991
3991 771
1559 3597
3597 78
2998 3568
3568 1248
3971 3347
3347 2103
2413 3533
3533 1320
481 182
182 541
2725 1819
1819 2182
3024 2645
2645 2192
3608 759
759 3430
225 79
79 1122
1560 3325
3325 4302
4436 435
435 2182
3917 2683
2683 1122
3998 1375
1375 681
3491 5
5 998
2611 230
230 2212
3487 4131
4131 2287
270 286
286 365
3350 1795
1795 3430
1786 3667
3667 998
3491 1751
1751 1320
3124 3556
3556 3322
434 2173
2173 1320
4101 2690
2690 365
2796 3547
3547 2223
3016 1195
1195 4302
2939 399
399 681
1402 2573
2573 1403
3639 1722
1722 1248
2912 2714
2714 4588
4697 357
357 541
614 1595
1595 699
3639 473
473 1197
211 1388
1388 1197
3276 41
41 998
1363 4009
4009 78
1421 980
980 1403
2939 1680
1680 541
2141 3033
3033 2212
450 3760
3760 855
820 4456
4456 1122
2046 4577
4577 1122
3487 3329
3329 681
4269 4479
4479 681
2451 2800
2800 1249
2328 3379
3379 3322
3845 4509
4509 1248
1785 4480
4480 1320
2579 2237
2237 4588
2076 3221
3221 2182
1785 3838
3838 1249
1436 4575
4575 3322
948 1604
1604 4527
450 134
134 3430
4187 4551
4551 1403
2529 1833
1833 1320
1815 2829
2829 3753
3433 2311
2311 3490
614 2160
2160 2212
3350 937
937 1320
2451 2119
2119 282
2955 3641
3641 1249
4187 1226
1226 699
1412 2369
2369 4527
2370 1865
1865 3490
2911 527
527 2103
2350 1457
1457 4302
1937 3222
3222 3322
4187 567
567 1122
2512 4120
4120 4588
4436 374
374 699
667 2626
2626 4139
2007 669
669 1197
2998 970
970 681
2351 3330
3330 4064
225 3668
3668 2192
551 1446
1446 771
1436 3066
3066 4527
2370 3102
3102 1320
1937 454
454 695
2529 2536
2536 541
2210 2681
2681 282
2828 60
60 541
4265 4330
4330 2212
2413 12
12 4302
3337 2667
2667 2192
2434 2255
2255 1122
4041 2751
2751 695
386 2527
2527 365
2413 3749
3749 1248
1557 1087
1087 92
283 1056
1056 1122
227 108
108 4064
2120 3720
3720 855
3259 347
347 2223
386 15
15 4064
3296 4102
4102 4139
2870 4467
4467 1248
486 3291
3291 78
3082 3346
3346 3430
4525 1997
1997 4064
1441 1569
1569 2192
1991 341
341 3322
389 2236
2236 681
2585 405
405 695
2403 2367
2367 695
3269 3633
3633 3490
1185 3993
3993 3283
1205 4608
4608 1121
1794 4569
4569 365
513 1147
1147 1249
2722 1225
1225 3490
2141 1598
1598 348
4055 2473
2473 4302
1965 3242
3242 3753
1559 2390
2390 4064
1966 4654
4654 2182
3703 1880
1880 4064
486 2082
2082 3490
3337 3314
3314 1780
4127 4292
4292 3490
2870 4465
4465 3430
2796 1764
1764 699
3508 1507
1507 855
225 3450
3450 4139
2831 1398
1398 3490
3508 3736
3736 1249
4436 2391
2391 4139
283 3525
3525 699
721 2338
2338 3430
3917 1335
1335 771
270 852
852 3490
2828 1732
1732 4139
1399 461
461 1248
4041 766
766 2103
3466 3334
3334 3753
3013 3531
3531 4527
2876 540
540 348
667 3821
3821 1320
1333 2176
2176 1197
350 4062
4062 855
974 2455
2455 2223
2046 3535
3535 3753
1185 3846
3846 78
1102 1490
1490 3283
2141 122
122 348
3987 4078
4078 855
3413 598
598 681
1794 2521
2521 1122
3845 795
795 699
868 1049
1049 699
3124 1438
1438 1320
2725 1175
1175 1122
1906 1699
1699 365
4235 1281
1281 695
1937 555
555 348
2585 335
335 2212
3466 4143
4143 3753
4495 4276
4276 2103
614 652
652 1122
4525 1159
1159 1320
4265 1503
1503 282
359 2635
2635 2192
2529 1663
1663 4527
666 2483
2483 2212
721 3785
3785 4527
2579 788
788 365
2874 2978
2978 4064
2416 2680
2680 1403
2512 3621
3621 3283
3433 2776
2776 2287
201 3860
3860 4139
1937 3110
3110 998
1133 2728
2728 1249
2564 4463
4463 1403
4495 4104
4104 1780
1711 1172
1172 1403
2019 3518
3518 2287
2853 2072
2072 998
974 4007
4007 2192
3136 2040
2040 3490
2370 3681
3681 699
3480 902
902 4302
1966 3114
3114 855
2911 1873
1873 4527
2403 2470
2470 1249
2582 3995
3995 3322
3433 83
83 4139
185 858
858 4139
2615 3910
3910 2223
3474 1860
1860 1403
4191 4236
4236 998
4127 3140
3140 998
434 1943
1943 3490
185 1321
1321 2223
2826 2865
2865 3283
1133 1690
1690 771
868 1712
1712 1122
1333 2601
2601 1403
2403 3462
3462 1197
524 3378
3378 1320
1821 2002
2002 1197
544 3762
3762 771
1145 3458
3458 699
1436 4074
4074 1320
3608 1927
1927 695
1557 3672
3672 1320
476 2014
2014 2223
3024 89
89 1780
3372 4631
4631 2192
1664 1329
1329 92
3865 3245
3245 998
3508 4422
4422 2182
259 584
584 3753
721 1343
1343 2212
2529 3306
3306 2287
1246 478
478 1780
2622 2480
2480 1249
2336 4506
4506 2223
2559 4674
4674 348
1574 1917
1917 771
4265 4003
4003 541
1642 4505
4505 2103
4440 4581
4581 699
3051 459
459 3490
3299 643
643 2103
1785 3005
3005 3283
2955 3400
3400 3430
526 3297
3297 92
2582 2544
2544 1403
3077 4087
4087 2103
2529 1932
1932 1122
3337 2112
2112 348
4054 337
337 3322
2831 3951
3951 2103
2328 251
251 2212
4697 3001
3001 1780
2076 4222
4222 4139
1133 1572
1572 771
1717 2528
2528 4139
3350 3562
3562 2287
3337 4105
4105 855
2328 388
388 699
4525 3778
3778 855
2828 3598
3598 2103
1991 1401
1401 2212
4235 2353
2353 3283
3348 2032
2032 4588
2884 3145
3145 695
544 80
80 771
216 158
158 1121
3480 2342
2342 3322
3845 644
644 2212
1412 1233
1233 365
2394 3774
3774 92
2164 4268
4268 4302
281 414
414 2223
1185 4539
4539 3283
2197 992
992 2192
1574 1112
1112 2287
614 2
2 1248
544 1255
1255 2103
1991 1
1 2287
948 3875
3875 3490
2720 3793
3793 1122
3137 1390
1390 1122
3732 3367
3367 681
2061 3927
3927 2212
1821 1182
1182 541
2512 959
959 541
386 3689
3689 4527
4054 1583
1583 4064
3474 4662
4662 365
4265 2020
2020 1248
198 3260
3260 1320
1363 988
988 1403
3259 737
737 4139
513 703
703 3753
2968 3201
3201 2223
1711 3105
3105 78
2876 436
436 78
3703 3072
3072 1248
3602 2222
2222 695
1919 1306
1306 2103
3508 1211
1211 4527
1906 1134
1134 4302
1786 984
984 1780
4697 3309
3309 695
3460 1020
1020 699
1205 4646
4646 4527
216 782
782 3283
3608 3434
3434 1248
4582 3890
3890 282
2030 234
234 2223
3024 2487
2487 1248
3491 463
463 771
4574 3084
3084 541
486 3020
3020 1249
2579 2204
2204 2212
900 3481
3481 4302
590 3478
3478 2223
3508 3926
3926 2212
3136 456
456 3490
666 1631
1631 1197
1821 1518
1518 78
2939 3904
3904 1197
2141 1741
1741 3322
2351 4345
4345 1249
3127 2081
2081 1780
3276 179
179 2287
551 394
394 4527
373 518
518 541
2370 202
202 3430
185 4284
4284 2212
4243 4289
4289 3322
1081 4098
4098 1249
4218 1778
1778 78
3413 3089
3089 681
3259 1174
1174 3430
3296 3903
3903 282
1647 1065
1065 2103
3350 1439
1439 282
3850 2540
2540 282
974 3948
3948 3283
3971 1835
1835 1320
2087 4676
4676 4139
2840 1757
1757 4302
4187 3790
3790 78
2840 228
228 3322
4265 2128
2128 4139
1185 3327
3327 1121
1402 2929
2929 699
359 3177
3177 695
2416 4029
4029 92
1373 3700
3700 3753
1965 272
272 1780
4290 3037
3037 1403
4243 2132
2132 2287
4574 3756
3756 3430
2529 1543
1543 3430
1786 650
650 855
1654 942
942 1780
2840 2402
2402 771
524 3929
3929 1403
1436 4376
4376 4588
2312 4502
4502 1780
3348 768
768 2287
2998 1085
1085 2287
3752 4134
4134 92
4243 1952
1952 695
2294 242
242 78
4495 728
728 1320
2434 558
558 1403
2582 4429
4429 1197
1719 4643
4643 3322
1519 483
483 282
614 2289
2289 3753
4101 1686
1686 4588
486 2597
2597 1780
2853 3364
3364 4064
1185 3374
3374 3490
3299 1141
1141 695
3413 1744
1744 2223
4574 3204
3204 1403
2007 1771
1771 4588
211 3601
3601 3430
185 2849
2849 2182
2722 1319
1319 3490
201 654
654 3753
1000 3316
3316 699
3254 3104
3104 3753
3460 4675
4675 3753
1399 3073
3073 855
3703 2991
2991 1121
1965 333
333 3283
2434 3907
3907 1122
3998 1885
1885 1403
2312 1520
1520 4588
4503 862
862 1249
2007 3933
3933 4064
2301 875
875 681
2725 3591
3591 771
2046 1186
1186 1122
4574 1613
1613 1197
1246 1804
1804 3283
1363 496
496 4527
2019 1417
1417 2182
3016 4548
4548 282
4041 2555
2555 1780
4697 4073
4073 1122
1966 4388
4388 365
3391 2698
2698 4302
2662 2233
2233 2212
4532 4373
4373 4139
2312 1241
1241 1121
2870 2258
2258 4302
3024 452
452 2287
3082 3015
3015 1121
513 3956
3956 2287
3077 4615
4615 365
2876 1949
1949 541
3407 895
895 4064
2769 1351
1351 2182
3337 4558
4558 92
2529 1593
1593 771
2350 4257
4257 1249
2350 2729
2729 4588
3703 4224
4224 4588
3348 2279
2279 2223
524 829
829 771
1919 3997
3997 695
2853 2220
2220 92
3079 3195
3195 365
2579 4650
4650 4527
281 3381
3381 1122
4520 2623
2623 1320
4066 4006
4006 2103
3602 1539
1539 78
2087 1142
1142 3430
2197 4132
4132 1249
3703 2162
2162 695
3608 2883
2883 3753
1966 160
160 1122
3372 1903
1903 3753
4265 1058
1058 699
4576 2049
2049 541
524 4547
4547 4302
1919 2977
2977 3753
1785 3815
3815 4527
513 4677
4677 699
386 1532
1532 365
1363 398
398 3430
3413 1621
1621 2223
2572 4488
4488 1248
1821 3375
3375 365
386 3512
3512 2192
1436 3697
3697 348
2294 4593
4593 3490
2769 1848
1848 2182
2912 840
840 348
1719 4306
4306 3430
389 3888
3888 348
1786 1967
1967 4302
1000 3517
3517 4139
4436 2375
2375 2192
2579 2685
2685 3283
4440 1230
1230 282
4215 4636
4636 3322
3269 3844
3844 998
2968 1942
1942 1780
2434 1484
1484 2182
2769 1428
1428 1121
2294 1270
1270 4064
4576 860
860 2103
1000 755
755 1403
3917 3331
3331 681
551 474
474 2182
2336 1420
1420 855
70 229
229 365
917 2902
2902 3322
1961 2124
2124 365
3752 4605
4605 541
868 3125
3125 1121
3917 318
318 1248
2825 3731
3731 4588
3413 531
531 1122
721 1369
1369 1122
2884 3686
3686 695
2240 412
412 3322
4041 1365
1365 1249
4576 928
928 2182
974 1999
1999 1248
551 1046
1046 998
3865 1265
1265 78
2955 3303
3303 4064
2912 616
616 2212
2876 3896
3896 695
2826 2317
2317 1197
721 1758
1758 699
4055 1736
1736 2182
3460 1459
1459 1249
2844 824
824 541
917 507
507 771
2870 3961
3961 3753
2989 3726
3726 681
3269 1624
1624 2192
3750 3688
3688 4302
1519 4448
4448 695
3016 2532
2532 3322
4582 3318
3318 1121
1966 4694
4694 3490
1658 760
760 1320
513 4648
4648 855
3269 1876
1876 2212
481 2697
2697 1197
450 3142
3142 4139
4290 707
707 1320
2853 1328
1328 3283
2955 2036
2036 4302
721 2716
2716 541
1815 4023
4023 4139
2579 3687
3687 771
2878 1841
1841 2212
2076 599
599 4588
1717 1687
1687 1320
4191 4160
4160 2182
3608 1958
1958 2287
1719 381
381 1320
1574 1533
1533 699
4582 420
420 771
3466 3959
3959 1122
50 1127
1127 771
3320 2949
2949 998
281 528
528 1249
4495 4034
4034 4527
477 838
838 2192
3024 3940
3940 1122
4436 4057
4057 3490
1399 4596
4596 2103
3391 516
516 3283
1786 339
339 1249
1000 4280
4280 3753
4576 3357
3357 4064
3845 3833
3833 3753
481 378
378 4302
2350 2363
2363 2182
2725 954
954 1320
1000 638
638 1249
2350 3173
3173 1249
3296 1840
1840 3753
1519 1652
1652 282
4218 2024
2024 1249
4525 1773
1773 4527
3732 4261
4261 1320
1717 2666
2666 4064
3299 136
136 78
900 1165
1165 681
2019 1437
1437 365
4066 2657
2657 3430
868 4189
4189 2103
3337 1679
1679 92
270 2115
2115 2212
655 1299
1299 3430
666 2226
2226 4588
2817 3369
3369 3753
1436 3761
3761 4064
2413 2407
2407 681
833 2213
2213 1249
1717 3226
3226 3283
1966 694
694 2103
4436 595
595 3490
3320 2227
2227 2103
2240 4601
4601 92
2061 3594
3594 1320
4403 729
729 1320
3639 3974
3974 1780
2564 4688
4688 4588
2998 4430
4430 855
3136 1349
1349 282
1246 3403
3403 2223
434 3707
3707 1320
2943 3467
3467 365
450 2174
2174 3283
2210 4248
4248 92
1664 3280
3280 1403
201 1322
1322 4302
592 2231
2231 681
2301 3035
3035 695
3971 3323
3323 1248
2831 1845
1845 1121
1519 817
817 78
3474 4633
4633 3283
4576 1567
1567 1780
833 3842
3842 3322
389 3128
3128 2103
2722 4323
4323 92
2350 3157
3157 1320
917 4039
4039 1122
544 3795
3795 771
2585 1430
1430 695
359 2203
2203 541
1519 278
278 1249
3850 4658
4658 92
3016 1725
1725 1197
4191 3193
3193 4588
1373 492
492 3283
1333 776
776 681
1032 741
741 4588
434 4395
4395 1121
2559 1104
1104 4064
1421 4559
4559 1197
2046 354
354 4064
3917 533
533 1122
2878 425
425 1197
3932 2275
2275 2223
4436 770
770 2223
1906 2556
2556 1197
2512 3352
3352 365
2120 1017
1017 541
2998 2228
2228 2223
1937 4560
4560 348
1815 3365
3365 282
2434 164
164 2223
2611 2710
2710 1122
1647 1304
1304 2212
3466 4634
4634 1122
2968 464
464 1248
3299 885
885 541
3474 52
52 1121
201 3160
3160 348
2413 774
774 1121
216 3317
3317 1248
2512 869
869 92
3750 1371
1371 282
4127 1392
1392 855
4495 1811
1811 348
4582 3057
3057 998
3998 1716
1716 681
4582 3822
3822 4527
3433 2889
2889 3430
2725 432
432 4139
655 2545
2545 1121
1647 705
705 4064
2403 310
310 92
2720 277
277 3490
2019 1731
1731 2287
1794 3338
3338 3322
3703 4455
4455 1780
917 1983
1983 2223
3051 3804
3804 1249
513 1651
1651 1122
3296 2754
2754 3283
3269 1044
1044 1403
477 851
851 78
2585 2501
2501 2103
2813 783
783 282
917 532
532 4139
2611 564
564 1197
2350 1107
1107 541
2622 4045
4045 3490
4191 1130
1130 348
2748 509
509 1320
3750 3764
3764 1249
227 4541
4541 2223
3850 4086
4086 4588
915 1488
1488 1122
1821 1282
1282 1320
1906 1116
1116 855
1906 2563
2563 2182
2451 2447
2447 3322
2853 3237
3237 2223
3350 1822
1822 771
450 1720
1720 2223
2197 576
576 4527
2831 3461
3461 78
1373 673
673 3283
2301 2706
2706 365
3608 3914
3914 681
3932 237
237 3430
2434 2296
2296 2182
2403 4030
4030 365
2413 1500
1500 348
4576 2618
2618 3490
2403 1509
1509 2103
3750 410
410 2192
2622 4320
4320 3753
2943 4609
4609 998
2912 2424
2424 3283
1333 149
149 3283
1654 3172
3172 92
1785 3143
3143 695
3391 2444
2444 2103
2825 1782
1782 1248
1373 2442
2442 2182
1402 2292
2292 3753
2579 2251
2251 3430
4243 4668
4668 2212
2030 1718
1718 4527
1133 2542
2542 282
3850 2398
2398 998
2725 1747
1747 3430
1559 3832
3832 1780
4243 2492
2492 2287
2484 3584
3584 1249
2968 2815
2815 2103
1560 2750
2750 2212
2328 4585
4585 3322
3480 325
325 1403
2529 2843
2843 771
3466 3208
3208 1248
23 3964
3964 681
105 124
124 4588
614 2718
2718 1121
666 2272
2272 998
3350 3198
3198 3283
948 3897
3897 1249
1557 3203
3203 681
2874 2397
2397 78
2876 2488
2488 771
3474 2051
2051 3753
4066 3680
3680 3490
2825 761
761 1248
1333 2664
2664 78
3732 3134
3134 2212
4218 4517
4517 92
4127 2063
2063 2223
1785 1911
1911 681
3320 585
585 3490
3269 3272
3272 92
974 3402
3402 1320
4235 2888
2888 3430
1906 4405
4405 2192
1919 1931
1931 3753
4299 2042
2042 3490
667 3840
3840 92
1719 103
103 2223
1246 2583
2583 998
1991 664
664 1197
868 2457
2457 2212
3269 4590
4590 2103
225 2230
2230 1320
3865 4119
4119 2212
4187 449
449 855
3703 3027
3027 1403
2087 1179
1179 1197
2328 1576
1576 1248
4187 2887
2887 2192
4697 175
175 699
4574 4432
4432 1121
2722 2170
2170 1249
476 4484
4484 1249
2968 1216
1216 3322
2611 3017
3017 2212
2813 4347
4347 1122
389 2921
2921 2182
2870 800
800 1197
2853 968
968 2182
1906 3441
3441 3753
1363 109
109 699
2853 629
629 1403
3850 2917
2917 1249
3466 636
636 2287
2370 4449
4449 2223
666 1962
1962 2192
201 2971
2971 855
1399 3637
3637 2182
476 4542
4542 365
2582 315
315 1197
2087 256
256 3753
201 307
307 1122
4235 1423
1423 365
2748 4015
4015 78
477 2759
2759 2182
70 627
627 2287
2796 370
370 282
3932 1951
1951 3490
2876 1734
1734 855
2831 2330
2330 2212
2622 1511
1511 2287
4495 1629
1629 2192
1399 521
521 695
4101 4533
4533 1403
3127 1473
1473 681
2301 3857
3857 541
2611 1045
1045 3283
216 1650
1650 4139
3602 2004
2004 1249
4299 2648
2648 2212
2294 2377
2377 1121
2394 3916
3916 1320
3971 17
17 3753
544 2814
2814 3490
2197 2961
2961 681
1102 1625
1625 3490
2884 2352
2352 681
4265 2730
2730 1249
2403 1096
1096 365
3608 897
897 681
1719 3471
3471 1248
2725 4523
4523 4527
4066 2920
2920 1248
1133 2731
2731 78
2294 3538
3538 4064
1664 3618
3618 3430
1246 1307
1307 282
1821 417
417 1197
1373 1623
1623 2223
2413 3358
3358 2192
477 2517
2517 348
3372 4184
4184 2103
3320 1120
1120 1121
2955 22
22 78
4055 887
887 4527
1658 1300
1300 92
2769 3967
3967 4527
4697 2426
2426 1121
833 3826
3826 4588
4101 3725
3725 1197
3987 2746
2746 4588
434 4459
4459 1122
1436 994
994 1320
1786 1617
1617 3283
3254 2770
2770 695
2722 306
306 3283
1145 352
352 1780
2826 3010
3010 2212
590 1386
1386 348
270 289
289 78
2164 2688
2688 1403
2448 547
547 4139
524 3827
3827 3322
477 4652
4652 855
3127 4198
4198 1248
4697 1807
1807 4588
259 3098
3098 998
1719 1870
1870 695
201 1487
1487 1320
2748 2089
2089 1121
2989 3554
3554 1121
3296 3115
3115 998
1032 2676
2676 1122
1205 3573
3573 2103
2336 1345
1345 1780
544 1774
1774 1403
3051 4603
4603 348
526 2806
2806 1249
1333 2775
2775 1197
2968 1619
1619 2182
2512 1288
1288 3753
974 3874
3874 4527
2853 1727
1727 681
145 2140
2140 2103
2210 344
344 1122
23 3241
3241 1320
4697 1161
1161 3490
2825 2679
2679 1248
551 1015
1015 2103
4440 1676
1676 4064
3917 1291
1291 771
3276 1208
1208 4588
2870 2489
2489 541
526 2259
2259 3322
4299 3002
3002 681
4299 176
176 4527
2484 3223
3223 2192
1402 3360
3360 855
1560 827
827 4302
3413 3194
3194 1403
666 1591
1591 4588
1560 3596
3596 4064
2585 2637
2637 2212
2351 2206
2206 695
2870 1820
1820 3283
974 3117
3117 348
1412 1707
1707 348
3299 2471
2471 2192
4290 273
273 998
2870 2530
2530 2287
1937 716
716 1248
1441 582
582 699
2722 2099
2099 3430
551 1427
1427 3430
2912 141
141 3283
434 3393
3393 541
2998 563
563 855
481 3852
3852 699
2448 1292
1292 1197
2197 1842
1842 92
1719 3646
3646 4064
1363 3843
3843 2182
2141 1082
1082 1122
2030 706
706 4302
4525 4318
4318 4527
2611 2726
2726 365
1441 1649
1649 4588
1185 1700
1700 1403
2451 2927
2927 365
1966 358
358 1249
526 2624
2624 1121
145 1714
1714 1249
477 4418
4418 4139
1133 336
336 4139
2559 3123
3123 4588
2512 4067
4067 695
3487 445
445 2287
2989 2946
2946 3283
386 3228
3228 4302
2403 3824
3824 998
2817 2577
2577 1121
3608 2647
2647 1780
2240 4208
4208 78
4503 2651
2651 2212
201 3607
3607 2212
2622 1495
1495 541
185 1766
1766 4064
2529 3103
3103 2103
283 317
317 2192
590 4161
4161 365
3296 58
58 3322
1966 3190
3190 681
498 738
738 4527
4041 319
319 2192
3608 3801
3801 4588
1185 1666
1666 365
974 4027
4027 2192
2998 3425
3425 699
974 3055
3055 3490
1102 4231
4231 365
2585 2575
2575 1780
3276 4046
4046 695
2370 4308
4308 4139
1574 3161
3161 2212
1373 349
349 2192
4054 1916
1916 1780
3407 1976
1976 1403
3013 990
990 2182
2210 3227
3227 2212
1719 3155
3155 855
1102 3669
3669 1403
2998 3034
3034 78
1815 2297
2297 998
4436 981
981 1121
2828 4653
4653 3283
1557 872
872 3430
2585 245
245 92
3051 3344
3344 2212
3508 1526
1526 3490
3024 4491
4491 771
833 138
138 3430
281 2177
2177 2287
1647 4122
4122 771
667 1029
1029 4588
2350 4200
4200 3322
2301 2286
2286 348
1436 1070
1070 541
3254 1955
1955 4139
4499 4645
4645 855
105 813
813 1121
2870 501
501 92
477 1978
1978 365
3932 1730
1730 699
4243 4412
4412 3430
3254 834
834 2212
2615 387
387 541
592 1411
1411 2182
1399 2293
2293 4588
1000 3119
3119 3490
3296 4524
4524 699
1664 2919
2919 1249
614 918
918 4139
3127 2282
2282 2223
2210 1644
1644 2287
526 4157
4157 92
3474 2933
2933 2192
2019 4112
4112 3283
3932 1544
1544 998
185 3617
3617 348
481 1954
1954 3322
259 88
88 771
4235 4477
4477 2212
386 1354
1354 1121
4101 1312
1312 855
2336 1478
1478 681
211 514
514 1249
1785 1314
1314 998
2141 342
342 3753
359 2784
2784 1249
2448 2362
2362 695
2351 814
814 4302
2512 3349
3349 1403
3299 2067
2067 282
551 1582
1582 2212
3137 4620
4620 348
2141 581
581 4302
198 1483
1483 998
2878 3866
3866 2287
2911 2094
2094 1403
3137 4351
4351 2287
1102 2850
2850 2192
386 3324
3324 2212
2844 1148
1148 1197
3079 1323
1323 282
1717 797
797 2223
477 894
894 855
2394 1612
1612 695
4403 99
99 998
4054 2399
2399 4139
3750 4404
4404 4139
2870 2136
2136 771
211 4040
4040 365
1794 790
790 4302
259 1806
1806 695
2912 1640
1640 998
2831 178
178 1320
4520 1800
1800 4527
4503 758
758 2212
3391 3100
3100 541
2451 701
701 3283
974 1496
1496 1780
486 4059
4059 4588
1333 3376
3376 3430
2831 1694
1694 2103
4532 3745
3745 771
915 3781
3781 2103
2351 2079
2079 348
2076 591
591 365
4532 787
787 855
1441 3648
3648 4527
4574 4177
4177 1403
3391 4413
4413 4302
1421 3305
3305 4139
2120 3794
3794 681
4265 2345
2345 1122
2611 1254
1254 695
868 1752
1752 365
1965 1298
1298 2103
3259 2793
2793 681
820 2824
2824 3753
1658 1607
1607 681
1664 3901
3901 1197
3971 4069
4069 3322
105 1177
1177 1248
1919 4647
4647 4139
2484 3851
3851 365
386 1422
1422 541
4436 48
48 2212
2076 3733
3733 2182
4175 305
305 855
2939 2909
2909 998
1664 3167
3167 699
4175 2987
2987 2103
2844 3513
3513 3490
1000 730
730 2192
1654 2425
2425 78
4290 2133
2133 3490
3276 1244
1244 4064
2840 1434
1434 78
4495 3830
3830 998
23 1194
1194 699
1664 2129
2129 1248
2076 3792
3792 78
3276 3571
3571 1780
1519 1140
1140 348
1654 3751
3751 699
1991 3220
3220 998
2484 682
682 4588
655 207
207 4139
2769 285
285 771
1412 1790
1790 2103
3480 4037
4037 2182
1966 3536
3536 4588
477 2885
2885 541
2825 3922
3922 2223
3127 1009
1009 1320
3932 1485
1485 1780
1000 1256
1256 1248
2662 1036
1036 78
3407 3992
3992 2223
4290 3805
3805 2223
4499 4142
4142 2192
450 903
903 4588
3276 4193
4193 2223
2796 4151
4151 3753
590 4163
4163 78
1654 363
363 855
201 1882
1882 699
1293 4097
4097 1249
3124 3900
3900 1197
2564 3934
3934 855
2585 908
908 3283
2998 2462
2462 1197
227 775
775 2182
498 129
129 282
2019 2499
2499 1122
216 2531
2531 1121
1032 3520
3520 4588
4525 2778
2778 365
3487 4610
4610 1249
2394 3576
3576 1248
3024 3506
3506 1403
3269 772
772 348
1421 4698
4698 78
3480 986
986 1248
3639 1367
1367 541
2874 1080
1080 771
1937 4145
4145 541
4218 3169
3169 4588
917 1144
1144 1249
2087 1889
1889 3430
4555 1395
1395 4302
198 4043
4043 699
1032 2772
2772 699
2939 1893
1893 365
3348 909
909 1121
201 2538
2538 4139
2370 3658
3658 348
2141 3050
3050 699
359 2578
2578 1320
1785 3718
3718 92
526 2474
2474 1403
592 4182
4182 1780
3016 1762
1762 4527
1560 3849
3849 699
4243 2106
2106 2212
1402 2366
2366 4302
655 626
626 4139
2611 811
811 282
227 689
689 699
1402 3424
3424 4302
667 2742
2742 541
3732 4154
4154 1780
1719 1289
1289 365
2351 2477
2477 771
498 835
835 348
2328 2894
2894 681
3276 2945
2945 2103
105 3333
3333 2287
4127 3472
3472 1320
2564 2127
2127 4139
2451 2256
2256 78
2725 1890
1890 1403
900 1251
1251 92
2720 3249
3249 4302
2328 2733
2733 3283
1654 4136
4136 348
211 4535
4535 1121
4576 4270
4270 699
2030 2175
2175 2223
4269 1247
1247 2192
1717 2241
2241 282
2943 3834
3834 2103
1664 757
757 4302
1519 2232
2232 2287
2817 4562
4562 699
1574 4515
4515 681
4279 4262
4262 3753
1906 804
804 282
1032 2277
2277 2287
2968 1735
1735 4139
1937 1212
1212 1248
1421 549
549 2103
4041 969
969 699
1436 2734
2734 4064
2416 4692
4692 282
4499 2788
2788 1320
1560 4427
4427 3430
1421 3960
3960 1780
1246 1476
1476 1780
3269 1176
1176 282
2748 2493
2493 1320
4290 3476
3476 92
3124 238
238 4588
359 1167
1167 681
2301 2446
2446 365
917 2522
2522 4527
2817 1143
1143 4588
1399 3899
3899 92
2911 4399
4399 1122
655 2057
2057 4302
4576 3359
3359 4139
2336 1223
1223 1320
4495 1128
1128 282
1293 865
865 1403
1557 1442
1442 1403
281 933
933 771
4055 1259
1259 3322
211 4438
4438 2192
2582 2323
2323 78
3391 4691
4691 2287
1402 601
601 1249
4243 406
406 855
4574 1909
1909 4139
3407 1163
1163 365
3998 3973
3973 1248
1711 2319
2319 4302
1642 3028
3028 2103
2030 1272
1272 699
2370 2157
2157 4064
2294 1224
1224 699
434 4660
4660 771
3407 128
128 282
2572 2674
2674 348
1081 2441
2441 92
2662 4344
4344 2287
105 2903
2903 2287
2007 3261
3261 2223
1719 4204
4204 3430
4215 1168
1168 771
1654 2274
2274 4064
3917 3909
3909 1121
1821 2506
2506 699
70 4050
4050 2182
868 194
194 1780
3639 1957
1957 1197
2572 261
261 1780
3016 2414
2414 4139
477 4199
4199 1320
2943 2305
2305 348
4440 4447
4447 4139
2087 4619
4619 541
1658 1071
1071 1320
3296 2486
2486 1197
3337 912
912 3490
1654 2092
2092 3490
2197 4065
4065 771
2197 2842
2842 695
4218 1765
1765 3490
3932 2805
2805 4139
1560 4513
4513 4527
1246 3588
3588 1197
1815 1260
1260 2182
2061 1568
1568 92
2582 1681
1681 1121
2351 3147
3147 3322
4503 748
748 1122
2046 793
793 3753
2722 1114
1114 348
477 4239
4239 699
3124 2594
2594 2192
1399 4329
4329 4302
2076 2423
2423 2103
1133 1501
1501 4139
2748 4275
4275 681
23 762
762 2223
185 2167
2167 998
833 36
36 2192
1436 3287
3287 78
2844 2147
2147 1320
2210 2016
2016 2192
486 1447
1447 4302
2336 3905
3905 4064
2394 1337
1337 2192
3732 457
457 2103
389 3046
3046 4064
4576 3165
3165 1403
1102 3825
3825 1122
2662 1653
1653 2287
2350 1384
1384 1403
4175 1482
1482 4527
2448 3748
3748 4527
868 3436
3436 3490
389 1396
1396 2192
1794 1462
1462 4527
2912 1357
1357 2212
1293 2950
2950 365
2813 2565
2565 1249
3850 3418
3418 1780
1919 2337
2337 1122
477 3170
3170 1121
3413 3557
3557 348
948 744
744 1197
551 1235
1235 2212
1412 31
31 348
667 3739
3739 348
2813 51
51 3430
2210 1276
1276 2212
3254 3507
3507 2182
4697 246
246 695
481 1581
1581 4064
1559 2121
2121 4064
4269 1060
1060 4527
4066 35
35 2182
4066 1563
1563 998
3079 2355
2355 4139
216 2069
2069 1248
2529 734
734 4527
590 856
856 4139
1559 86
86 1403
3024 3401
3401 1320
4697 1982
1982 998
3077 2717
2717 2192
3079 3690
3690 1403
1965 3144
3144 3322
201 963
963 771
3750 1506
1506 348
2294 3797
3797 3753
434 1089
1089 282
434 379
379 1780
4191 3970
3970 3490
2240 1632
1632 4139
4127 2740
2740 541
3732 2886
2886 1403
2998 460
460 4064
2413 2649
2649 3322
2579 2598
2598 3490
3013 65
65 1197
4218 1125
1125 282
3079 3908
3908 1121
2582 1305
1305 1122
389 3486
3486 348
3136 2557
2557 4064
2559 3636
3636 699
1785 2209
2209 2182
2076 4209
4209 348
1436 2117
2117 2103
526 2703
2703 348
1647 4016
4016 1320
3433 3661
3661 771
1133 367
367 1320
145 4036
4036 348
3732 2151
2151 1249
655 3772
3772 1122
4066 2107
2107 3322
2529 3293
3293 365
4269 4156
4156 699
655 3385
3385 681
900 1862
1862 3283
1966 3438
3438 1249
833 155
155 4588
2876 380
380 2192
2817 750
750 2212
2720 205
205 699
2529 3446
3446 2182
1785 640
640 78
3413 1902
1902 1249
1965 1813
1813 4139
2912 127
127 4527
4532 1393
1393 3430
1363 1057
1057 2287
2796 559
559 78
3460 1257
1257 2212
2328 4171
4171 2223
4076 2810
2810 4588
3491 4315
4315 1780
3932 130
130 78
2416 356
356 4302
3254 4316
4316 1320
4279 4519
4519 1121
3602 2340
2340 1320
476 1923
1923 1780
2351 1524
1524 771
3971 4618
4618 92
2611 658
658 1197
3750 3230
3230 3283
4235 665
665 2103
1574 4072
4072 3753
1664 3553
3553 699
2164 4613
4613 3490
3413 2833
2833 3753
1032 1280
1280 2223
1436 1897
1897 998
1000 3609
3609 2287
3508 678
678 1320
2884 4230
4230 1122
1658 926
926 348
1205 1554
1554 3753
3639 2905
2905 3753
283 611
611 681
227 20
20 771
481 677
677 2212
1785 949
949 1320
1293 1007
1007 1121
2826 1726
1726 3283
4101 2320
2320 4527
3337 936
936 695
590 1202
1202 771
3850 898
898 4302
3124 3012
3012 3490
4215 157
157 1248
198 3996
3996 541
526 3315
3315 1121
2416 712
712 3753
3850 200
200 282
3460 1998
1998 2287
2403 4180
4180 2182
4076 447
447 92
2328 806
806 855
1557 983
983 4064
4532 3048
3048 1122
4218 4094
4094 1121
4574 1737
1737 3430
145 1206
1206 4064
2210 3628
3628 2212
185 3563
3563 92
2572 375
375 1403
974 1063
1063 771
2912 3492
3492 3283
70 4552
4552 2182
3971 977
977 2192
3732 3631
3631 348
2911 2344
2344 3753
3348 2972
2972 699
3124 117
117 1197
270 1837
1837 1249
270 4307
4307 3753
1658 3928
3928 78
2413 3586
3586 365
2840 3611
3611 2192
1664 111
111 4139
4269 75
75 1121
476 2755
2755 2182
2828 2006
2006 771
350 71
71 78
1000 2673
2673 3283
2120 4053
4053 1249
3850 4106
4106 1197
1785 3158
3158 92
1937 3894
3894 348
917 1169
1169 1780
386 3526
3526 1780
1333 4514
4514 4588
2831 292
292 4588
2559 3713
3713 3753
476 935
935 3322
666 1469
1469 2212
4574 90
90 2103
2622 4317
4317 1248
4525 1078
1078 1248
3137 1793
1793 1780
50 2324
2324 1248
2301 284
284 3283
1647 4682
4682 541
477 1883
1883 2182
3413 3643
3643 282
105 468
468 2223
2197 427
427 1780
4574 1550
1550 4302
105 1584
1584 681
2825 1242
1242 681
198 2400
2400 2223
2336 1468
1468 4064
1421 3985
3985 695
1821 4381
4381 1248
2484 708
708 1780
3051 4178
4178 2223
2874 4246
4246 2212
3932 2953
2953 1780
2844 2215
2215 1249
2197 2386
2386 2182
2943 2266
2266 4139
3391 1929
1929 365
2007 2727
2727 4588
2831 2244
2244 282
4532 4281
4281 2103
2748 3243
3243 92
1717 4096
4096 2287
4576 28
28 1122
614 4021
4021 4588
3413 625
625 2103
721 2152
2152 3490
3407 4369
4369 1122
2939 1286
1286 681
1658 2095
2095 681
2434 56
56 4527
3971 899
899 1197
915 2260
2260 4302
1519 2264
2264 2212
3407 2114
2114 4302
3407 2335
2335 2223
1719 2009
2009 1248
1519 2429
2429 681
3391 163
163 3430
4299 4340
4340 2182
4697 1486
1486 348
4076 1129
1129 2223
227 2056
2056 855
526 4587
4587 3322
270 4254
4254 541
3259 1138
1138 4139
477 2349
2349 681
524 4264
4264 4139
2529 2580
2580 771
2828 3373
3373 365
3487 3528
3528 1121
4243 1789
1789 92
283 1536
1536 695
3299 3820
3820 282
1102 2459
2459 4527
590 1494
1494 1780
270 404
404 3283
2622 55
55 3283
1965 4416
4416 78
4187 1480
1480 1248
2813 1126
1126 4064
2434 203
203 998
3350 3453
3453 92
4076 3148
3148 1249
2416 2560
2560 1121
2874 1528
1528 2223
3602 2410
2410 2192
3608 4352
4352 348
3703 1866
1866 4588
4574 2060
2060 681
3254 3271
3271 4064
1664 1634
1634 2103
2076 3663
3663 282
3127 3129
3129 771
551 2795
2795 3753
2939 844
844 2287
2087 2616
2616 855
2210 3587
3587 3430
3466 3086
3086 4527
1647 2359
2359 2287
2351 2571
2571 1320
1185 3240
3240 4527
4175 291
291 541
3639 1597
1597 282
1185 1160
1160 92
3320 1119
1119 699
1293 3800
3800 4527
4269 2801
2801 771
2813 1592
1592 1121
1642 2144
2144 4139
3971 1346
1346 1248
4582 596
596 855
2370 1667
1667 4064
4532 1316
1316 3283
3337 1877
1877 78
3337 2360
2360 3753
3639 1101
1101 348
4101 1627
1627 3490
2722 1092
1092 348
3487 3290
3290 2287
2141 4379
4379 1249
4265 1274
1274 282
2416 3229
3229 1121
3750 2574
2574 365
524 472
472 92
3413 1562
1562 4527
3254 2948
2948 282
2120 4223
4223 92
3508 101
101 2287
2294 4391
4391 4527
3391 3298
3298 78
1436 1856
1856 1122
1658 892
892 695
1821 965
965 282
1436 850
850 3322
2826 4545
4545 3490
3703 4640
4640 92
1333 4303
4303 365
2030 545
545 771
2572 3311
3311 855
3413 4093
4093 4139
4525 1271
1271 4302
4495 647
647 2223
2350 2554
2554 4064
1642 1342
1342 2223
1436 2291
2291 855
3703 3041
3041 2212
1246 1180
1180 2182
3752 4312
4312 1122
2416 3091
3091 3283
211 4013
4013 3430
3508 3273
3273 1197
4403 1407
1407 1197
70 2055
2055 1248
3013 4286
4286 1122
2120 3405
3405 4139
4436 4266
4266 681
2564 2771
2771 1121
2876 2661
2661 1320
721 1030
1030 2212
2876 1512
1512 4588
2210 2684
2684 4527
3299 1946
1946 3753
2007 1514
1514 92
4697 3625
3625 92
4436 3831
3831 4588
50 1637
1637 541
721 1445
1445 4139
3639 1616
1616 1403
3850 3656
3656 3283
1559 4659
4659 1121
915 4580
4580 3283
476 3030
3030 695
3971 2392
2392 348
1205 3097
3097 2212
4532 4010
4010 1403
2939 2966
2966 699
3407 2433
2433 3283
481 4671
4671 1197
201 866
866 2192
1961 3682
3682 1403
2350 2154
2154 695
1794 4374
4374 771
1937 2376
2376 1320
3276 118
118 348
1794 3969
3969 4064
185 144
144 1121
1647 2931
2931 365
2769 1302
1302 4527
3971 767
767 695
1560 1061
1061 3322
2796 1914
1914 1121
2141 3304
3304 282
1081 2420
2420 365
2813 4095
4095 3753
477 3412
3412 1249
2076 4058
4058 3490
721 2634
2634 4139
2853 4458
4458 1320
4066 2281
2281 3283
666 3988
3988 681
1436 3671
3671 2212
2512 3892
3892 1122
145 2239
2239 4139
1574 2158
2158 1249
3016 3274
3274 695
2030 4450
4450 681
3413 3485
3485 282
270 4586
4586 3753
2817 2951
2951 2223
2912 4470
4470 92
2007 4556
4556 3283
2662 2811
2811 2223
4436 2449
2449 2223
3998 4082
4082 998
4403 3277
3277 2287
3480 3740
3740 695
4055 1603
1603 92
667 4572
4572 4302
1559 3678
3678 1403
1815 2835
2835 4302
350 4679
4679 771
655 3288
3288 541
4499 4226
4226 4302
1363 3977
3977 1249
524 1218
1218 1121
270 4521
4521 771
105 2965
2965 681
3051 657
657 2287
2998 4358
4358 3753
1664 4487
4487 348
4215 808
808 2212
2878 3168
3168 2223
1402 3351
3351 3322
259 1113
1113 348
2878 1529
1529 2223
917 607
607 998
2434 1222
1222 855
4235 4211
4211 2287
513 1408
1408 3490
1919 195
195 348
1436 2271
2271 1780
2559 743
743 4588
373 1622
1622 699
3413 3025
3025 3430
2448 2326
2326 3753
1373 2655
2655 4302
544 3968
3968 92
3608 46
46 2223
2448 2701
2701 1121
526 557
557 4527
2451 2930
2930 4527
4243 2150
2150 2287
4187 2440
2440 348
4499 593
593 4139
1519 3975
3975 681
373 859
859 771
2529 3054
3054 855
4436 1522
1522 1403
2912 849
849 541
1000 4233
4233 2103
4436 3616
3616 771
2394 512
512 1248
2662 123
123 1122
1185 671
671 92
2725 832
832 2103
1937 314
314 282
481 1723
1723 695
1961 2593
2593 541
2394 1618
1618 348
2912 3721
3721 1249
2294 1309
1309 4527
3407 1746
1746 699
434 2819
2819 348
2416 1829
1829 3430
2403 2034
2034 541
3639 4624
4624 1122
2725 4321
4321 1249
1441 2926
2926 4588
2403 4183
4183 1197
4215 4207
4207 2182
2141 539
539 282
2826 4672
4672 3322
2434 62
62 699
2720 1111
1111 4064
2878 1326
1326 2182
1145 947
947 771
4555 265
265 695
2878 47
47 771
666 1924
1924 3322
4520 1308
1308 4527
820 2963
2963 4139
2120 3152
3152 3283
3998 1853
1853 3283
2240 3207
3207 1249
1363 4138
4138 1121
3013 1215
1215 699
3460 2606
2606 695
105 94
94 2182
2853 920
920 3753
2403 1755
1755 3322
216 4229
4229 1249
1246 98
98 1197
2448 2642
2642 348
2061 2812
2812 695
2210 1217
1217 695
2413 4687
4687 3283
4076 2478
2478 4139
4101 4328
4328 282
3480 2166
2166 2212
23 2078
2078 998
350 2562
2562 78
227 3264
3264 2182
4574 2705
2705 1780
3608 2990
2990 1403
2312 2612
2612 2212
4532 2693
2693 282
3932 967
967 2223
1000 1012
1012 1320
1436 4349
4349 4302
833 807
807 4588
1363 861
861 2192
526 2421
2421 695
4265 675
675 771
4066 1709
1709 998
3391 722
722 2287
2662 4597
4597 998
2572 3565
3565 4302
3391 2383
2383 92
3269 214
214 4588
434 1698
1698 3322
1711 4380
4380 365
2611 2026
2026 541
948 3567
3567 541
1402 2064
2064 78
2240 3353
3353 365
1906 4407
4407 3490
359 95
95 282
3136 634
634 78
1373 837
837 282
2030 1996
1996 4588
1441 4598
4598 1248
2120 3118
3118 4064
4574 1665
1665 4527
2870 188
188 1403
1559 4498
4498 348
666 2038
2038 1248
974 3913
3913 2287
2662 1646
1646 1122
4054 3406
3406 998
2662 4361
4361 348
1815 444
444 695
4403 3861
3861 78
4127 3080
3080 3753
216 2847
2847 365
3480 1117
1117 4139
1711 4557
4557 681
2840 4277
4277 92
2564 3062
3062 1249
2831 568
568 2103
524 747
747 1320
3932 4004
4004 1122
4127 1838
1838 3283
2240 1814
1814 2182
2197 826
826 4527
2512 1685
1685 695
3350 4699
4699 695
1399 1123
1123 2192
211 2379
2379 2103
2572 4121
4121 282
2197 2547
2547 2212
2989 2510
2510 78
592 4644
4644 1122
3480 4611
4611 3753
3474 562
562 4302
3466 3036
3036 2287
1081 3522
3522 1197
1205 2482
2482 1403
2878 1566
1566 699
524 1852
1852 3322
2046 2875
2875 2287
833 2358
2358 365
2301 2145
2145 2182
498 3239
3239 1197
2943 302
302 2182
1815 2309
2309 78
3350 3879
3879 2182
281 438
438 2212
2943 1740
1740 2192
3269 3146
3146 3283
1402 3882
3882 855
281 3023
3023 541
4499 1721
1721 1248
3845 2498
2498 541
476 1588
1588 998
3413 4152
4152 3283
974 3847
3847 2192
3602 3496
3496 1780
3372 622
622 4588
1402 2832
2832 92
2831 4018
4018 4064
450 1977
1977 541
2294 725
725 2103
2817 1435
1435 695
2826 3864
3864 695
476 2165
2165 1403
2448 1763
1763 1780
4218 3038
3038 541
1333 2790
2790 2182
1333 3174
3174 998
544 2466
2466 4527
3124 1315
1315 2182
2622 693
693 78
4525 3262
3262 4527
2351 623
623 2223
2394 1745
1745 78
4041 2702
2702 2212
2615 3064
3064 4302
1642 2799
2799 1197
477 2908
2908 4139
2559 3666
3666 1780
225 215
215 1403
4576 3811
3811 4064
3254 3420
3420 695
4697 2508
2508 1780
3639 3683
3683 3490
4218 2257
2257 1197
2403 4060
4060 4139
4440 1542
1542 771
526 1055
1055 4139
3413 4201
4201 2223
2582 3052
3052 1403
4520 43
43 1197
2370 2502
2502 2182
1333 4038
4038 3322
2370 4462
4462 2192
4520 3595
3595 998
350 3068
3068 2192
2831 2897
2897 2182
350 4339
4339 1121
105 4159
4159 4527
3865 1037
1037 1320
4495 106
106 78
1961 1297
1297 365
3608 322
322 681
4191 275
275 4527
70 2779
2779 2103
4041 1219
1219 365
2826 1710
1710 855
3971 1018
1018 699
1246 2766
2766 3490
4076 4146
4146 1121
1032 85
85 4139
2046 3676
3676 3490
3259 2820
2820 1248
2662 3447
3447 1780
3372 919
919 1248
1519 952
952 771
1786 3109
3109 998
3460 1594
1594 681
2210 2628
2628 4588
359 4393
4393 681
1246 3185
3185 2103
4279 132
132 4064
2943 3184
3184 3490
1906 3878
3878 3283
2572 2952
2952 4527
2413 2632
2632 4588
1333 4300
4300 2212
1664 3149
3149 3283
2828 1577
1577 2182
544 4695
4695 1780
1145 2110
2110 3283
3269 982
982 1320
1719 4216
4216 541
481 3828
3828 1121
721 66
66 541
4290 1290
1290 1197
3639 42
42 3283
3487 274
274 2287
2840 823
823 681
4299 588
588 998
3082 4433
4433 855
2748 2867
2867 3490
513 2371
2371 998
2076 4554
4554 1249
2413 4375
4375 855
1574 1968
1968 3430
4440 3889
3889 282
3433 1192
1192 1320
1919 4005
4005 3322
70 945
945 695
2828 4372
4372 2192
2989 1455
1455 1121
3024 2191
2191 998
3082 413
413 3753
2585 4278
4278 4302
1786 3218
3218 282
3932 1166
1166 2287
2912 3289
3289 1403
2615 4472
4472 2223
1961 2059
2059 2192
1574 2723
2723 3490
2585 4421
4421 3322
833 1466
1466 78
526 3018
3018 2287
4235 3045
3045 4588
2817 4366
4366 1248
4440 3773
3773 681
1647 4336
4336 3430
2240 1703
1703 1122
666 4301
4301 348
1421 3442
3442 1248
1559 2113
2113 3753
4582 2777
2777 1122
3016 4489
4489 2223
917 886
886 365
259 2135
2135 771
3276 890
890 365
1000 1084
1084 4064
3750 4305
4305 4527
3077 815
815 1320
526 676
676 998
389 1050
1050 1122
2874 723
723 2182
283 3730
3730 365
3608 3654
3654 3490
666 1014
1014 1403
198 1491
1491 2182
216 2436
2436 92
3124 4128
4128 771
1717 882
882 4064
2046 1704
1704 92
486 1397
1397 2182
1373 3233
3233 699
2294 1881
1881 695
4503 2669
2669 771
2007 3135
3135 2192
50 3873
3873 2223
2413 3623
3623 4302
1654 279
279 282
4495 3211
3211 365
2725 3652
3652 855
3917 1353
1353 2287
105 579
579 695
2141 3459
3459 2212
917 2937
2937 1248
4576 3626
3626 4139
227 3524
3524 2287
1436 240
240 695
2796 2848
2848 1197
655 617
617 2287
1293 1359
1359 771
4503 1552
1552 4588
2874 1067
1067 2182
4054 573
573 1122
2828 4625
4625 3490
3433 1118
1118 2182
3433 1688
1688 998
1906 883
883 2287
3407 2587
2587 1197
386 254
254 2212
1654 2857
2857 699
3987 4673
4673 365
2622 2333
2333 365
2622 1066
1066 3490
3350 1573
1573 92
373 1748
1748 4139
3508 2068
2068 348
4499 181
181 2103
3296 1921
1921 92
4243 236
236 3322
2825 3539
3539 3430
3703 2774
2774 695
2853 525
525 282
4503 232
232 4527
3508 2313
2313 1403
721 2941
2941 92
3850 3475
3475 3322
350 1047
1047 3753
2301 3231
3231 3490
3269 212
212 365
4299 4689
4689 3490
4520 692
692 1403
2301 972
972 1249
3752 491
491 1248
4520 950
950 2182
486 2535
2535 3490
2840 3366
3366 282
2878 2932
2932 3322
373 543
543 2212
3750 4144
4144 2223
185 500
500 695
359 1657
1657 2212
3639 2993
2993 998
3987 1156
1156 1248
1654 2027
2027 855
2826 901
901 92
3082 3106
3106 4527
2448 1546
1546 771
2662 2254
2254 1197
1145 958
958 282
2559 2265
2265 2182
1145 1857
1857 3283
2748 2310
2310 541
3127 3684
3684 1197
486 2700
2700 1403
225 880
880 2182
350 4256
4256 365
145 3552
3552 771
4403 2871
2871 695
1557 3885
3885 1121
2030 4396
4396 92
1965 2890
2890 92
2351 964
964 998
3732 441
441 3753
4440 3029
3029 4588
592 3549
3549 2287
2197 3111
3111 4588
1965 2789
2789 998
3703 3501
3501 3490
359 3200
3200 681
4555 2621
2621 998
667 1240
1240 78
2725 2185
2185 695
2748 2762
2762 2182
721 2692
2692 1122
1205 1836
1836 92
350 4291
4291 855
3932 430
430 541
2622 396
396 2212
185 4242
4242 2103
3077 2298
2298 3322
1081 1416
1416 2182
1711 2995
2995 348
3372 4655
4655 2182
3136 3647
3647 3322
3136 1313
1313 3430
4054 3809
3809 2223
2615 3164
3164 4064
2722 1059
1059 2287
1421 3577
3577 681
1965 2347
2347 78
481 2738
2738 78
3276 2187
2187 1121
434 4564
4564 771
1642 2190
2190 699
1185 4681
4681 348
868 3497
3497 2287
4503 2707
2707 4302
3269 2188
2188 1320
4101 874
874 4139
1081 3620
3620 699
4191 3258
3258 541
3865 864
864 771
2076 2290
2290 1320
2840 2736
2736 1403
1412 174
174 3430
4436 395
395 1122
3602 2000
2000 4139
3865 3265
3265 771
2301 605
605 1320
3016 740
740 4064
481 1221
1221 1248
917 2052
2052 2212
3703 609
609 4588
2611 3284
3284 4527
1664 2607
2607 2287
915 3432
3432 2223
4290 4249
4249 2287
3350 961
961 771
1402 3415
3415 998
2769 1975
1975 1248
2564 2261
2261 4588
2336 2461
2461 365
4265 2839
2839 1249
721 1409
1409 2103
4041 4466
4466 4588
4436 2356
2356 695
868 1812
1812 4139
2769 1253
1253 1197
3413 3835
3835 855
145 1135
1135 3430
1658 2123
2123 541
1363 1376
1376 681
4525 4245
4245 2223
2968 329
329 1121
2240 704
704 4064
2840 1440
1440 365
3276 1660
1660 1780
2120 910
910 2212
225 351
351 348
4403 3580
3580 1197
2998 4678
4678 3490
1363 1922
1922 282
2007 3664
3664 2287
2725 552
552 1121
2939 4267
4267 4527
1966 2065
2065 348
2301 2974
2974 3283
3639 3397
3397 541
1557 4213
4213 92
3051 320
320 3322
2912 3511
3511 1320
3407 1692
1692 998
590 713
713 699
1654 2999
2999 4527
4265 3593
3593 771
3127 3007
3007 4064
3407 16
16 3753
2087 3727
3727 2212
216 303
303 2287
2403 3439
3439 699
3077 3950
3950 1249
3998 2586
2586 4302
3337 4348
4348 1403
4520 1277
1277 78
1815 4530
4530 1320
2876 4192
4192 699
2164 4406
4406 348
4041 424
424 699
1032 3292
3292 2192
3917 1849
1849 4139
820 1173
1173 1320
3865 3728
3728 3430
3971 1578
1578 695
948 361
361 4527
481 896
896 998
4191 778
778 2182
4525 4008
4008 541
1966 2792
2792 4139
833 390
390 1121
4235 3693
3693 541
2611 3235
3235 2103
1363 25
25 4588
511 78
1785 3384
3384 4139
4066 1673
1673 1197
3079 131
131 3490
270 4398
4398 2223
4403 679
679 78
1133 1801
1801 4064
3480 487
487 541
3136 1031
1031 3283
3639 3722
3722 4302
1961 2715
2715 855
3079 2500
2500 695
1205 751
751 3322
2046 3823
3823 2182
3320 2975
2975 2212
2394 1372
1372 1249
2844 1908
1908 1197
900 137
137 771
3732 415
415 1122
145 1325
1325 3490
227 1493
1493 695
4279 263
263 681
4440 2533
2533 1403
3413 1106
1106 78
3487 3392
3392 998
2350 3702
3702 78
3013 3049
3049 78
590 4628
4628 541
3077 1538
1538 4064
2197 2280
2280 2103
2120 1608
1608 78
3602 4314
4314 1403
4574 4473
4473 2182
2579 2935
2935 1780
1205 1236
1236 2103
4076 2980
2980 3283
1557 3559
3559 3430
2968 932
932 699
2955 4544
4544 4588
2087 391
391 541
4265 3986
3986 1122
216 32
32 78
3077 3564
3564 2103
3474 2910
2910 3283
3407 2599
2599 998
2030 4476
4476 2103
2585 4310
4310 855
450 3404
3404 4527
3269 3179
3179 771
2828 4602
4602 2287
1293 1760
1760 3322
3127 1010
1010 3283
1000 2409
2409 1197
2939 2329
2329 2212
2813 2956
2956 2287
3850 422
422 2103
1711 1985
1985 92
2416 1839
1839 771
4191 727
727 1249
211 3493
3493 3753
2828 550
550 4302
2817 493
493 2192
1965 4353
4353 3283
3276 3253
3253 3490
917 2181
2181 2192
2512 4573
4573 681
2662 3941
3941 78
544 135
135 365
667 440
440 3430
3016 4327
4327 4139
145 3542
3542 4527
1647 3931
3931 3490
2878 1188
1188 1121
544 235
235 1248
4503 296
296 1780
3136 495
495 2103
1966 542
542 4588
2061 260
260 4588
544 1913
1913 282
4066 3321
3321 3322
3845 29
29 695
2087 3784
3784 78
270 3817
3817 1780
4055 3361
3361 78
3372 4537
4537 771
2061 3701
3701 998
2817 323
323 1780
4066 4357
4357 4527
2748 2677
2677 4064
2874 821
821 2182
1402 1252
1252 2192
2622 3202
3202 681
1000 1733
1733 681
4066 2654
2654 541
3320 4063
4063 3753
1293 2818
2818 3322
1961 4599
4599 695
3296 3674
3674 2223
3752 1987
1987 2192
498 3982
3982 855
1081 290
290 1320
3732 27
27 348
4101 206
206 3322
70 446
446 855
4582 4589
4589 855
2579 1410
1410 855
3850 1553
1553 282
259 1079
1079 1403
3127 3138
3138 1248
3998 2017
2017 2182
1906 2589
2589 1780
3602 1285
1285 2182
481 4331
4331 348
2413 2334
2334 3753
4041 3387
3387 1121
1906 321
321 998
1717 2830
2830 3430
2403 2687
2687 681
1145 1489
1489 4588
1293 4167
4167 1248
4066 268
268 2287
2512 906
906 1122
2312 3021
3021 1122
3082 4600
4600 2212
283 1702
1702 1403
2451 931
931 78
259 1472
1472 1121
2955 3814
3814 1197
4187 4217
4217 1249
477 3156
3156 1320
216 2381
2381 348
2585 3692
3692 1320
2448 3368
3368 365
259 3550
3550 1121
1000 792
792 695
283 4423
4423 348
1794 3108
3108 771
2725 2273
2273 1121
2240 1697
1697 4139
2817 2406
2406 4064
1786 2760
2760 2287
1436 3445
3445 699
225 53
53 1249
614 4326
4326 2192
3269 577
577 3283
2448 1555
1555 4302
2911 2219
2219 699
2992 855
3366 3430
3972 1122
1625 78
4596 1121
2973 3283
1844 2223
904 4139
3766 4302
378 1780
3420 541
2105 1248
2346 998
3538 2212
1046 365
2299 348
2355 3753
4681 1197
3724 3322
2459 3490
3603 4588
3469 771
3951 4064
3994 2192
179 699
3183 2182
2702 2287
4456 1403
2736 1320
4411 2103
4026 282
2685 681
1153 1249
3542 92
134 695
1258 4527
4572 623
3200 1555
2248 3822
1873 3721
905 3338
4680 2591
4690 3252
4206 859
2789 1839
285 821
1879 4242
674 3638
1039 858
4543 154
2490 489
3786 94
3503 3188
1960 3791
2959 3382
382 1194
3979 1757
4343 2218
782 3471
2048 715
939 1716
2124 378
2445 1516
3980 3007
754 1270
116 4492
597 2905
1871 4615
3488 1075
3812 4162
37 558
3198 2027
494 2710
114 2614
1001 1362
332 2330
537 699
3706 54
86 2000
2989 208
2452 4006
4540 4517
2537 3170
1859 4396
1580 448
1519 4390
4667 1445
4607 1959
731 2685
197 1773
1402 1514
641 3930
485 1172
4652 4366
2234 1682
3127 2213
4047 2098
3821 2993
2155 428
4028 860
2169 1932
1726 1998
4342 3211
4365 4347
3849 2154
250 510
3286 4672
2222 815
2149 871
1579 807
1096 2340
369 3452
2467 19
4090 1796
2196 1738
3000 1385
3070 782
2169 2379
1970 1820
526 3364
1901 2261
1797 2523
788 501
3032 1043
3421 1063
261 3620
814 3973
2444 3646
960 1011
4265 2119
1102 3417
2213 1216
4361 3559
621 1015
4682 2839
