5
941 1833 886
39 291
446 131
91 44
456 785
34 389
467 475
262 169
256 499
808 216
413 406
819 160
281 407
498 344
468 176
437 619
817 711
758 622
28 51
706 191
423 554
699 60
534 313
804 649
621 918
457 832
906 712
696 537
865 322
498 520
520 757
696 330
330 566
28 325
325 872
534 336
336 312
804 504
504 287
281 388
388 287
281 77
77 370
28 571
571 757
706 893
893 375
456 148
148 180
865 362
362 180
699 900
900 111
906 742
742 111
534 157
157 175
34 873
873 757
696 618
618 128
865 633
633 128
819 78
78 375
413 720
720 566
281 818
818 872
621 752
752 180
256 409
409 175
817 634
634 573
446 272
272 661
34 937
937 573
696 461
461 757
758 245
245 180
456 41
41 825
621 121
121 199
39 451
451 766
696 859
859 287
423 321
321 175
804 806
806 757
456 295
295 757
498 333
333 294
437 708
708 180
262 149
149 294
758 436
436 766
621 611
611 294
534 92
92 128
468 83
83 912
817 663
663 294
446 747
747 566
457 637
637 801
91 203
203 294
534 830
830 825
39 646
646 294
437 353
353 573
446 98
98 287
467 876
876 566
699 701
701 661
621 146
146 707
758 182
182 912
446 530
530 111
446 695
695 573
456 518
518 912
437 729
729 661
696 249
249 312
808 787
787 912
34 51
51 370
91 614
614 707
498 796
796 912
468 426
426 128
621 159
159 312
906 472
472 111
456 824
824 453
817 924
924 312
534 260
260 453
706 659
659 294
457 756
756 825
534 89
89 757
28 739
739 497
39 486
486 803
437 340
340 566
706 496
496 497
39 778
778 566
456 167
167 872
262 2
2 657
534 250
250 370
865 500
500 312
865 746
746 453
256 814
814 312
468 348
348 287
699 608
608 657
423 896
896 757
865 22
22 128
39 193
193 825
467 603
603 912
706 526
526 639
413 156
156 375
808 205
205 375
256 609
609 287
28 704
704 825
281 208
208 766
534 795
795 803
456 428
428 199
804 665
665 111
819 240
240 639
804 705
705 375
262 586
586 377
534 685
685 912
262 837
837 825
28 166
166 872
413 550
550 287
817 345
345 757
699 12
12 175
621 723
723 312
91 821
821 294
446 110
110 661
621 13
13 757
498 936
936 111
804 934
934 566
262 82
82 766
865 584
584 180
699 372
372 312
446 853
853 180
699 700
700 766
808 125
125 872
256 184
184 175
699 113
113 294
262 784
784 707
281 572
572 661
423 940
940 175
696 785
785 375
437 928
928 825
696 60
60 661
906 393
393 766
696 274
274 312
808 238
238 175
498 753
753 497
256 478
478 312
865 190
190 573
468 49
49 766
34 441
441 111
413 619
619 707
423 854
854 825
423 588
588 370
34 507
507 180
262 622
622 766
804 420
420 825
819 253
253 707
256 515
515 825
699 792
792 375
262 800
800 377
39 338
338 111
467 684
684 377
39 384
384 803
498 883
883 639
534 47
47 128
621 615
615 375
446 412
412 370
423 122
122 766
468 638
638 497
804 509
509 375
534 473
473 180
262 105
105 757
281 168
168 294
696 319
319 639
865 88
88 377
446 600
600 566
413 815
815 287
256 265
265 661
34 132
132 312
262 123
123 312
281 823
823 497
906 271
271 312
621 775
775 497
457 79
79 453
534 96
96 175
758 90
90 180
413 15
15 801
91 668
668 657
696 269
269 707
457 455
455 377
457 273
273 370
621 541
541 294
28 75
75 573
446 731
731 803
34 710
710 757
446 85
85 657
262 682
682 661
437 479
479 287
468 65
65 573
534 444
444 453
696 751
751 912
456 361
361 573
437 17
17 370
256 489
489 757
467 886
886 312
262 612
612 912
468 341
341 294
906 326
326 175
281 738
738 175
758 931
931 639
423 627
627 801
804 842
842 111
467 354
354 312
706 935
935 757
256 776
776 199
456 234
234 199
423 835
835 912
865 866
866 801
34 524
524 128
256 810
810 199
498 303
303 294
456 424
424 111
256 650
650 573
808 871
871 801
706 802
802 803
468 909
909 566
808 26
26 661
39 163
163 573
804 248
248 657
804 237
237 566
534 881
881 825
706 23
23 287
819 645
645 453
423 521
521 566
706 318
318 370
91 438
438 199
437 656
656 657
621 522
522 766
456 602
602 294
437 210
210 497
413 153
153 707
91 745
745 661
706 630
630 639
706 279
279 803
468 811
811 287
906 236
236 180
621 666
666 497
621 42
42 180
467 21
21 766
28 430
430 453
457 593
593 287
906 162
162 128
467 718
718 453
423 235
235 566
446 799
799 912
696 192
192 287
457 19
19 661
696 555
555 180
696 284
284 199
437 716
716 128
457 391
391 912
906 591
591 497
91 732
732 803
534 8
8 707
468 655
655 657
34 888
888 566
423 117
117 657
817 783
783 497
498 259
259 639
34 349
349 657
262 553
553 294
706 141
141 803
456 46
46 872
262 907
907 497
437 528
528 657
446 185
185 639
706 510
510 766
498 74
74 707
467 220
220 639
39 635
635 801
256 505
505 453
621 449
449 661
39 532
532 707
468 596
596 657
437 761
761 370
467 855
855 707
696 563
563 312
91 755
755 803
467 736
736 566
467 483
483 801
91 914
914 766
456 545
545 872
446 554
554 377
498 768
768 639
865 794
794 180
34 257
257 128
699 363
363 872
706 288
288 707
706 397
397 199
804 207
207 199
256 791
791 573
468 186
186 639
456 187
187 128
804 286
286 287
819 408
408 801
262 604
604 175
281 681
681 661
446 112
112 639
817 502
502 872
817 292
292 375
34 290
290 370
262 93
93 294
91 289
289 370
696 64
64 370
819 373
373 657
758 915
915 657
457 14
14 180
699 533
533 453
437 669
669 573
817 676
676 912
34 360
360 757
446 462
462 180
413 324
324 566
865 774
774 370
456 463
463 453
28 539
539 370
456 777
777 801
39 214
214 199
28 18
18 639
819 878
878 312
696 932
932 128
468 727
727 757
804 458
458 128
699 136
136 370
262 880
880 825
467 691
691 128
467 754
754 312
621 403
403 312
468 677
677 825
262 296
296 375
865 343
343 128
758 891
891 497
906 86
86 199
534 632
632 111
39 416
416 180
456 431
431 825
758 45
45 453
804 722
722 566
534 494
494 639
34 910
910 801
413 316
316 707
456 903
903 312
281 845
845 453
457 798
798 661
413 178
178 497
808 884
884 639
457 636
636 377
534 592
592 111
281 387
387 294
262 567
567 566
534 719
719 128
437 314
314 573
804 487
487 175
804 429
429 312
498 561
561 803
696 786
786 497
906 261
261 825
808 27
27 757
758 616
616 111
437 493
493 287
804 376
376 661
699 576
576 175
706 671
671 199
817 170
170 370
808 925
925 661
437 560
560 175
906 575
575 757
699 877
877 825
256 221
221 825
498 850
850 573
808 407
407 757
437 683
683 312
91 713
713 801
457 267
267 566
91 401
401 661
437 829
829 573
804 919
919 312
699 466
466 312
696 559
559 370
423 107
107 199
262 826
826 199
457 165
165 825
758 87
87 661
706 68
68 766
706 470
470 757
456 514
514 825
413 127
127 199
262 150
150 128
808 728
728 287
413 512
512 912
423 307
307 661
423 399
399 128
28 216
216 872
865 201
201 912
446 916
916 872
281 181
181 803
817 171
171 803
446 40
40 766
906 415
415 370
467 902
902 128
413 394
394 377
804 908
908 111
808 25
25 639
467 686
686 707
804 118
118 912
423 501
501 377
699 807
807 111
446 129
129 639
437 712
712 801
498 130
130 128
621 48
48 803
91 569
569 312
696 674
674 872
413 440
440 566
413 414
414 312
256 263
263 707
468 506
506 566
262 104
104 287
804 726
726 175
39 323
323 287
423 231
231 766
906 537
537 175
865 841
841 707
256 57
57 825
534 715
715 803
467 480
480 312
865 793
793 370
534 697
697 872
906 628
628 370
456 418
418 872
256 131
131 872
457 422
422 375
699 570
570 872
256 482
482 803
817 7
7 175
498 355
355 912
413 889
889 707
817 508
508 377
534 624
624 111
758 689
689 912
281 688
688 639
468 827
827 128
758 562
562 766
91 81
81 803
456 748
748 287
437 548
548 128
865 400
400 312
262 741
741 803
281 155
155 573
808 913
913 370
28 306
306 707
865 492
492 912
34 421
421 801
758 5
5 872
34 675
675 801
804 523
523 757
457 856
856 707
804 692
692 825
696 450
450 375
456 581
581 377
39 516
516 872
804 54
54 766
39 762
762 312
699 595
595 872
498 623
623 657
808 499
499 825
819 310
310 912
468 679
679 375
457 342
342 175
865 31
31 128
808 174
174 312
758 885
885 766
39 670
670 180
413 822
822 912
758 84
84 766
446 328
328 175
534 558
558 375
706 737
737 370
906 115
115 175
446 246
246 801
696 219
219 180
281 601
601 377
534 142
142 375
621 568
568 128
498 229
229 111
808 711
711 872
262 139
139 657
256 327
327 199
804 898
898 180
413 491
491 657
819 335
335 573
34 101
101 128
865 702
702 375
446 301
301 175
865 901
901 453
446 606
606 128
34 427
427 872
34 200
200 377
817 882
882 375
819 114
114 180
39 587
587 453
423 673
673 872
621 577
577 128
706 773
773 294
28 252
252 707
865 923
923 294
91 390
390 707
534 725
725 766
817 538
538 497
262 255
255 199
423 232
232 803
423 698
698 375
706 503
503 370
706 425
425 377
437 654
654 453
28 597
597 872
28 304
304 287
39 320
320 573
696 358
358 111
498 419
419 657
468 540
540 377
423 445
445 175
467 589
589 180
91 366
366 661
706 217
217 199
256 120
120 377
699 80
80 377
819 218
218 825
34 52
52 825
34 585
585 312
467 653
653 573
446 812
812 375
865 529
529 370
804 672
672 370
456 582
582 453
696 917
917 111
437 24
24 111
446 410
410 912
706 405
405 180
696 213
213 497
456 285
285 375
699 667
667 294
413 874
874 294
758 264
264 573
621 836
836 801
413 211
211 912
413 225
225 872
262 642
642 377
456 769
769 287
758 452
452 803
34 511
511 175
621 204
204 912
437 648
648 287
456 471
471 175
446 813
813 757
706 805
805 801
468 270
270 803
281 3
3 757
817 895
895 657
256 137
137 757
423 411
411 801
906 359
359 573
468 10
10 912
534 398
398 801
819 779
779 661
819 230
230 912
498 346
346 312
446 911
911 803
804 108
108 497
256 160
160 872
437 432
432 566
281 334
334 370
457 920
920 573
281 56
56 872
696 495
495 497
456 347
347 573
262 302
302 912
808 50
50 370
498 459
459 801
456 173
173 766
699 868
868 497
39 433
433 757
456 251
251 180
256 583
583 312
498 239
239 707
256 209
209 657
423 647
647 497
696 69
69 375
262 447
447 287
457 557
557 639
534 183
183 757
456 331
331 661
256 53
53 175
706 309
309 175
437 839
839 766
437 244
244 801
456 32
32 803
423 73
73 825
91 357
357 294
28 169
169 294
413 144
144 128
817 311
311 375
706 226
226 639
906 759
759 111
423 70
70 453
34 215
215 801
281 744
744 661
446 519
519 180
91 4
4 312
534 61
61 912
696 106
106 287
457 772
772 375
621 460
460 639
467 268
268 766
281 6
6 199
262 247
247 377
758 543
543 287
865 535
535 180
281 344
344 453
456 851
851 801
262 227
227 661
457 448
448 657
39 833
833 573
906 649
649 657
91 380
380 825
28 564
564 111
262 126
126 872
256 243
243 199
498 730
730 573
467 527
527 657
91 176
176 375
437 620
620 766
413 62
62 566
34 578
578 912
456 291
291 707
758 242
242 757
467 828
828 375
423 44
44 453
91 780
780 639
281 276
276 128
437 16
16 801
256 664
664 825
621 145
145 497
498 709
709 872
262 862
862 180
262 724
724 766
39 206
206 872
456 71
71 912
808 834
834 497
256 816
816 199
906 443
443 801
817 277
277 375
804 843
843 287
498 904
904 639
413 381
381 111
468 305
305 872
758 590
590 312
865 721
721 657
437 124
124 375
808 918
918 128
446 29
29 294
817 733
733 639
423 703
703 287
28 313
313 566
804 547
547 111
817 536
536 639
423 750
750 497
34 892
892 803
91 869
869 566
696 30
30 872
865 55
55 661
498 844
844 573
423 43
43 757
865 840
840 657
446 574
574 801
437 938
938 872
758 651
651 180
467 368
368 825
262 35
35 707
865 743
743 199
468 63
63 639
39 860
860 801
817 275
275 803
758 465
465 757
699 188
188 199
28 158
158 661
91 643
643 370
446 857
857 912
413 763
763 294
39 369
369 872
423 308
308 375
262 513
513 375
706 926
926 707
467 434
434 872
281 76
76 707
468 95
95 199
865 352
352 803
437 322
322 766
808 693
693 825
819 542
542 803
91 662
662 825
808 337
337 180
758 838
838 175
262 66
66 661
256 67
67 312
457 717
717 639
39 378
378 639
817 475
475 312
91 339
339 639
865 734
734 757
457 241
241 639
706 690
690 111
281 864
864 766
28 905
905 287
696 350
350 573
281 103
103 657
621 552
552 111
808 832
832 661
498 678
678 453
256 484
484 111
446 565
565 453
621 782
782 175
256 143
143 453
804 282
282 453
457 875
875 312
808 392
392 453
817 617
617 803
281 389
389 111
457 921
921 639
804 228
228 573
467 464
464 912
262 278
278 377
28 644
644 180
423 863
863 377
534 781
781 128
256 714
714 497
456 154
154 825
467 20
20 912
28 198
198 912
468 544
544 370
819 867
867 912
906 764
764 175
706 97
97 573
808 33
33 801
446 283
283 912
699 765
765 128
446 1
1 825
437 109
109 287
467 133
133 707
706 402
402 766
468 740
740 370
39 598
598 375
696 442
442 912
906 356
356 766
467 266
266 180
457 102
102 707
906 223
223 375
758 861
861 573
808 771
771 294
804 680
680 639
413 939
939 453
758 317
317 707
817 551
551 180
621 852
852 825
621 224
224 312
498 488
488 872
808 116
116 128
696 770
770 825
706 660
660 497
437 546
546 175
28 599
599 801
457 177
177 312
423 607
607 825
534 933
933 199
819 735
735 377
423 631
631 707
413 135
135 757
256 406
406 199
621 37
37 912
808 417
417 825
706 847
847 657
467 164
164 803
819 119
119 128
906 626
626 180
34 531
531 657
865 894
894 912
281 848
848 661
817 760
760 128
39 788
788 573
456 485
485 912
758 922
922 294
696 605
605 180
91 858
858 707
699 151
151 766
817 454
454 573
696 549
549 872
467 315
315 639
262 365
365 375
423 629
629 453
758 222
222 287
706 439
439 566
498 293
293 453
446 189
189 111
696 846
846 766
437 172
172 375
699 179
179 370
91 100
100 312
621 849
849 175
906 899
899 801
256 9
9 287
34 371
371 497
256 790
790 377
819 379
379 912
413 38
38 377
468 404
404 657
34 11
11 803
456 194
194 294
468 233
233 803
498 831
831 657
706 212
212 872
34 890
890 312
819 941
941 825
281 613
613 375
91 374
374 128
91 580
580 294
906 280
280 912
865 610
610 573
621 641
641 377
696 579
579 294
621 386
386 766
804 930
930 497
28 625
625 370
808 749
749 111
457 134
134 453
262 887
887 801
819 879
879 111
467 329
329 803
423 820
820 803
696 138
138 639
498 140
140 312
819 161
161 766
281 58
58 766
467 556
556 657
34 300
300 657
758 927
927 294
758 658
658 312
446 395
395 370
498 36
36 912
706 297
297 375
699 385
385 377
28 147
147 801
467 929
929 803
699 525
525 766
446 197
197 766
758 474
474 661
808 517
517 825
446 809
809 661
808 870
870 294
621 94
94 707
256 396
396 453
817 469
469 657
468 481
481 453
696 789
789 128
468 202
202 657
467 299
299 128
817 195
195 180
621 152
152 707
706 59
59 377
468 196
196 707
457 694
694 801
446 477
477 661
281 767
767 111
457 476
476 639
281 382
382 803
758 367
367 707
28 594
594 497
413 364
364 497
808 640
640 661
819 435
435 199
423 99
99 825
457 687
687 199
706 332
332 757
468 351
351 294
498 72
72 639
498 490
490 766
256 258
258 801
456 897
897 707
91 254
254 111
467 191
191 377
262 298
298 453
758 383
383 199
437 652
652 825
34 797
797 661
254 180
183 375
270 825
781 657
11 111
247 707
476 199
681 566
61 766
898 757
827 912
854 312
406 287
448 803
555 497
382 370
579 872
249 453
500 801
385 639
726 573
348 175
10 661
112 128
284 294
147 377
581 1
906 459
748 251
422 872
83 487
977 1904 927
777 834
242 15
801 462
533 806
513 892
156 922
837 107
376 254
742 431
839 315
360 657
652 697
746 667
758 646
973 530
35 417
488 190
909 53
35 764
764 405
533 809
809 175
513 64
64 958
909 673
673 509
758 668
668 75
242 972
972 476
909 898
898 744
777 499
499 405
839 340
340 968
360 738
738 175
513 423
423 794
839 394
394 744
35 384
384 509
242 611
611 598
513 150
150 804
973 626
626 971
360 845
845 483
652 644
644 968
909 129
129 966
801 88
88 774
533 413
413 334
758 852
852 958
376 797
797 803
777 600
600 338
746 216
216 338
746 164
164 774
35 706
706 175
652 286
286 175
513 498
498 338
488 693
693 509
909 844
844 803
742 827
827 428
513 936
936 509
758 228
228 794
839 387
387 334
242 536
536 968
742 558
558 509
837 501
501 476
801 669
669 453
242 399
399 326
488 345
345 326
35 969
969 338
376 793
793 73
488 568
568 161
777 297
297 904
513 820
820 774
758 437
437 904
801 468
468 175
513 342
342 476
360 281
281 73
758 880
880 90
839 810
810 338
837 745
745 453
837 211
211 509
839 34
34 971
376 532
532 509
533 18
18 73
360 367
367 509
837 709
709 968
652 952
952 598
156 828
828 509
156 784
784 894
777 352
352 90
839 451
451 598
242 239
239 804
652 2
2 72
376 139
139 338
652 219
219 453
376 112
112 161
909 28
28 894
777 859
859 178
742 243
243 894
156 871
871 90
35 802
802 803
35 24
24 894
801 762
762 744
35 962
962 598
801 889
889 175
742 602
602 958
376 773
773 804
837 173
173 326
801 214
214 509
839 237
237 135
360 887
887 178
973 872
872 958
777 825
825 971
376 723
723 598
777 573
573 108
837 975
975 971
909 292
292 178
839 685
685 958
746 3
3 971
909 258
258 509
839 29
29 794
242 517
517 966
652 247
247 744
777 866
866 476
746 638
638 334
839 79
79 894
839 911
911 90
156 190
190 135
746 814
814 794
839 767
767 794
973 119
119 476
513 766
766 971
973 177
177 598
742 151
151 274
801 947
947 476
909 30
30 428
488 235
235 175
973 580
580 476
909 349
349 274
35 541
541 75
360 516
516 968
488 449
449 75
758 686
686 971
360 492
492 804
376 320
320 803
360 497
497 794
156 842
842 483
839 831
831 90
777 174
174 904
513 942
942 904
839 734
734 161
488 67
67 178
777 290
290 73
242 891
891 476
652 396
396 966
156 143
143 326
376 134
134 135
533 132
132 338
376 664
664 108
652 500
500 334
801 923
923 971
488 206
206 135
909 819
819 968
837 905
905 405
513 675
675 73
777 153
153 453
533 361
361 72
746 5
5 598
909 867
867 175
513 822
822 794
242 287
287 958
758 619
619 774
35 661
661 509
360 702
702 598
801 86
86 73
488 231
231 405
533 799
799 75
777 792
792 90
652 55
55 75
837 864
864 405
909 379
379 90
652 705
705 894
758 275
275 178
360 203
203 971
909 575
575 334
839 424
424 108
746 587
587 966
35 461
461 428
533 364
364 405
376 862
862 161
973 484
484 904
837 327
327 428
533 325
325 175
488 133
133 90
360 654
654 483
758 94
94 72
242 179
179 971
156 44
44 75
488 527
527 598
242 104
104 509
242 926
926 453
35 40
40 804
839 925
925 175
376 566
566 774
837 310
310 774
652 346
346 966
652 732
732 326
758 939
939 904
742 659
659 904
242 222
222 72
801 569
569 175
839 308
308 428
777 460
460 72
652 728
728 178
777 648
648 108
777 380
380 966
360 260
260 108
742 687
687 334
777 789
789 509
360 704
704 803
652 76
76 894
488 480
480 966
376 616
616 803
839 506
506 966
652 369
369 744
909 692
692 894
652 618
618 453
242 653
653 958
777 798
798 794
973 407
407 75
35 585
585 73
242 524
524 161
758 220
220 744
837 440
440 405
156 382
382 326
488 213
213 509
652 306
306 453
360 426
426 904
742 288
288 904
758 765
765 175
513 718
718 958
242 165
165 744
376 916
916 334
742 324
324 135
533 142
142 804
360 372
372 958
488 77
77 72
652 546
546 178
909 783
783 476
376 748
748 338
376 736
736 73
35 609
609 744
376 961
961 774
746 625
625 958
360 772
772 72
376 354
354 794
758 13
13 744
242 404
404 968
376 753
753 75
652 256
256 476
742 126
126 75
35 788
788 428
35 171
171 161
242 549
549 73
376 479
479 338
839 12
12 135
909 188
188 509
801 353
353 428
242 196
196 90
533 641
641 453
488 813
813 804
973 881
881 774
909 597
597 904
652 674
674 338
488 375
375 744
758 543
543 971
742 265
265 804
513 102
102 178
777 853
853 75
533 779
779 774
839 70
70 453
242 750
750 774
35 69
69 453
156 643
643 72
973 271
271 509
746 903
903 326
837 548
548 326
376 56
56 509
513 946
946 326
909 482
482 483
973 915
915 509
909 17
17 73
777 924
924 744
758 620
620 135
837 442
442 178
533 37
37 804
652 149
149 804
758 586
586 326
909 389
389 803
839 421
421 428
156 9
9 72
839 96
96 135
35 163
163 338
758 411
411 598
758 938
938 178
777 667
667 405
488 534
534 774
652 115
115 108
758 22
22 274
909 323
323 804
533 679
679 966
242 378
378 803
376 279
279 476
777 182
182 744
746 420
420 73
909 23
23 453
909 170
170 338
758 570
570 744
533 918
918 161
376 528
528 405
513 628
628 274
35 953
953 178
35 485
485 744
777 967
967 135
360 592
592 178
242 39
39 966
488 710
710 804
376 45
45 161
156 154
154 774
376 42
42 405
777 368
368 453
488 48
48 598
746 358
358 405
758 252
252 904
652 38
38 774
652 266
266 75
533 209
209 75
242 229
229 794
801 223
223 958
742 885
885 598
801 796
796 405
777 848
848 326
742 448
448 135
360 82
82 794
35 507
507 958
360 123
123 509
837 233
233 803
742 504
504 161
513 245
245 428
758 977
977 405
746 385
385 744
837 701
701 334
777 608
608 73
839 347
347 453
909 727
727 178
242 930
930 774
973 840
840 794
973 567
567 774
742 716
716 774
777 808
808 338
652 414
414 334
156 615
615 483
758 92
92 958
777 572
572 483
777 168
168 894
360 900
900 804
801 696
696 326
513 847
847 108
909 159
159 90
758 604
604 894
360 594
594 971
513 261
261 744
360 343
343 894
376 795
795 326
973 634
634 509
652 934
934 175
742 671
671 178
488 118
118 405
758 131
131 483
376 555
555 804
837 786
786 804
242 631
631 178
533 403
403 598
837 627
627 509
242 20
20 453
533 562
562 405
839 607
607 968
973 148
148 804
758 955
955 476
652 540
540 968
909 192
192 804
837 698
698 598
909 711
711 161
837 144
144 894
156 284
284 428
652 264
264 804
242 960
960 483
909 269
269 338
746 254
254 161
839 725
725 161
533 614
614 509
909 637
637 72
746 181
181 971
652 870
870 804
360 503
503 483
801 371
371 428
513 438
438 894
758 419
419 405
758 330
330 338
746 807
807 453
652 976
976 476
758 199
199 274
746 321
321 744
742 603
603 803
513 303
303 161
746 832
832 598
746 470
470 971
156 656
656 135
909 584
584 794
758 57
57 161
488 818
818 274
488 658
658 904
360 99
99 894
242 97
97 476
839 236
236 971
360 429
429 338
837 965
965 108
909 740
740 904
652 695
695 958
652 417
417 476
746 520
520 509
746 145
145 509
909 835
835 274
513 791
791 476
376 412
412 428
801 21
21 968
360 908
908 483
376 893
893 803
156 31
31 428
742 730
730 161
242 113
113 178
837 447
447 453
513 391
391 135
35 93
93 175
652 333
333 598
746 561
561 326
156 329
329 598
973 829
829 75
376 854
854 904
360 408
408 509
746 817
817 966
758 198
198 483
533 726
726 338
837 204
204 90
488 71
71 274
746 724
724 108
513 10
10 108
376 200
200 334
376 180
180 794
777 128
128 968
839 560
560 405
376 861
861 108
909 729
729 744
973 410
410 108
746 530
530 803
777 823
823 958
533 629
629 326
533 494
494 334
837 957
957 428
973 152
152 598
242 518
518 338
35 502
502 75
973 605
605 161
360 931
931 966
652 974
974 72
533 749
749 405
513 491
491 509
513 830
830 326
652 50
50 108
758 855
855 971
156 291
291 334
156 221
221 966
242 467
467 894
746 719
719 904
742 328
328 326
746 432
432 274
742 593
593 971
533 425
425 334
360 922
922 894
533 751
751 428
839 523
523 135
35 250
250 108
360 481
481 968
909 624
624 90
242 117
117 509
360 805
805 803
35 633
633 794
742 455
455 804
360 355
355 274
652 230
230 803
513 147
147 894
839 816
816 72
777 78
78 804
742 769
769 338
35 162
162 476
513 322
322 175
801 251
251 338
909 116
116 966
652 731
731 794
156 544
544 178
973 120
120 968
35 268
268 108
746 444
444 90
652 577
577 744
376 681
681 509
758 140
140 968
652 450
450 453
376 700
700 178
488 107
107 90
533 207
207 966
533 464
464 274
35 46
46 968
35 474
474 178
156 850
850 72
758 551
551 73
376 43
43 958
909 556
556 334
652 240
240 958
746 755
755 904
652 613
613 971
488 6
6 75
839 8
8 509
837 666
666 73
973 639
639 338
513 874
874 968
156 547
547 958
513 688
688 326
837 95
95 476
909 215
215 774
777 944
944 509
652 940
940 90
488 11
11 803
837 314
314 274
488 895
895 794
488 508
508 483
801 296
296 178
839 770
770 971
533 537
537 774
652 25
25 326
35 579
579 744
652 201
201 803
758 901
901 428
758 888
888 958
360 471
471 971
909 337
337 326
837 919
919 804
360 943
943 804
973 283
283 774
801 100
100 73
488 458
458 108
973 959
959 428
360 186
186 598
513 307
307 73
156 125
125 135
837 763
763 744
513 877
877 804
777 305
305 178
837 459
459 161
758 713
713 968
777 176
176 326
973 41
41 476
360 691
691 428
837 357
357 453
35 645
645 509
488 912
912 483
909 963
963 744
376 270
270 135
533 19
19 794
801 920
920 274
35 856
856 428
376 348
348 966
973 708
708 338
652 54
54 958
973 781
781 161
376 882
882 509
156 122
122 774
758 373
373 75
242 869
869 803
973 660
660 175
742 896
896 72
533 127
127 75
376 47
47 428
973 59
59 175
360 84
84 968
777 124
124 894
746 945
945 509
242 130
130 405
746 741
741 958
35 950
950 966
488 535
535 774
777 868
868 509
758 433
433 326
376 462
462 971
533 377
377 405
777 191
191 966
488 552
552 904
360 14
14 135
758 318
318 774
801 282
282 894
837 141
141 744
513 427
427 428
837 187
187 598
973 365
365 904
837 951
951 803
156 860
860 509
837 89
89 598
746 590
590 161
777 595
595 598
360 759
759 428
758 7
7 509
758 313
313 72
488 298
298 405
746 197
197 108
973 851
851 75
652 886
886 161
242 697
697 968
909 87
87 405
746 571
571 338
488 431
431 483
35 588
588 274
973 293
293 75
801 542
542 108
488 646
646 774
652 824
824 598
360 699
699 968
801 515
515 75
742 51
51 803
777 276
276 904
652 388
388 794
746 743
743 326
533 676
676 476
360 949
949 90
513 285
285 72
156 780
780 894
973 157
157 161
746 272
272 453
360 707
707 90
801 670
670 744
35 496
496 175
360 563
563 476
652 312
312 178
242 27
27 90
488 581
581 72
242 858
858 75
242 457
457 453
973 81
81 774
909 721
721 72
652 74
74 338
652 838
838 453
533 49
49 476
376 910
910 794
156 138
138 73
801 956
956 90
837 689
689 178
652 172
172 75
973 601
601 774
513 733
733 161
513 933
933 894
909 694
694 958
801 747
747 803
652 655
655 958
652 137
137 453
35 948
948 804
777 582
582 804
360 478
478 178
156 554
554 803
513 897
897 161
777 651
651 73
488 225
225 108
488 402
402 334
746 657
657 334
973 406
406 476
742 776
776 334
837 302
302 483
513 311
311 72
513 370
370 794
973 83
83 483
758 486
486 175
758 565
565 334
973 232
232 904
533 315
315 958
35 680
680 971
533 401
401 744
777 902
902 73
746 591
591 774
488 53
53 72
652 339
339 744
376 114
114 73
376 622
622 135
777 519
519 75
801 514
514 509
242 937
937 894
973 331
331 476
533 663
663 75
156 477
477 405
652 212
212 161
837 317
317 73
973 166
166 73
973 246
246 774
973 350
350 509
837 386
386 968
973 106
106 90
242 539
539 90
758 553
553 274
242 928
928 75
360 876
876 108
801 263
263 804
488 642
642 968
513 277
277 509
746 754
754 135
746 917
917 73
746 778
778 476
909 58
58 476
742 185
185 405
758 821
821 75
360 875
875 428
360 362
362 135
488 487
487 476
156 415
415 958
801 259
259 72
742 815
815 274
513 906
906 804
652 510
510 135
533 121
121 175
376 683
683 904
909 589
589 509
513 521
521 794
839 63
63 971
533 578
578 774
909 62
62 72
488 612
612 326
242 61
61 794
513 278
278 744
758 195
195 803
35 833
833 744
837 383
383 804
513 356
356 904
376 445
445 135
909 715
715 971
242 210
210 744
839 416
416 175
376 929
929 968
909 768
768 804
513 756
756 338
973 469
469 971
909 650
650 338
242 158
158 958
376 439
439 135
777 68
68 744
360 884
884 161
513 865
865 453
909 98
98 72
777 359
359 804
909 393
393 958
488 234
234 75
35 465
465 971
837 811
811 428
746 184
184 476
156 557
557 958
758 434
434 968
839 205
205 744
652 717
717 338
777 505
505 904
746 621
621 598
742 682
682 108
652 684
684 75
758 630
630 794
533 678
678 971
746 418
418 161
360 241
241 274
156 316
316 428
652 489
489 405
742 623
623 476
837 511
511 161
758 409
409 178
777 775
775 334
360 395
395 334
758 531
531 971
533 843
843 334
742 400
400 326
360 834
834 803
777 136
136 476
156 224
224 274
758 443
443 598
758 526
526 175
758 253
253 968
909 935
935 968
513 446
446 803
909 790
790 744
156 226
226 135
35 202
202 135
837 85
85 453
801 690
690 968
742 735
735 958
746 466
466 338
758 398
398 966
376 183
183 804
156 441
441 75
758 720
720 453
801 146
146 338
652 490
490 509
742 538
538 274
777 103
103 971
156 752
752 135
533 208
208 405
758 737
737 135
777 397
397 804
839 16
16 774
35 932
932 274
513 576
576 804
488 255
255 803
837 703
703 966
242 635
635 135
777 36
36 326
488 435
435 971
35 332
332 175
973 392
392 794
973 273
273 108
652 15
15 894
156 512
512 108
839 52
52 904
909 299
299 334
909 892
892 135
742 66
66 966
156 110
110 135
513 914
914 73
758 4
4 794
35 610
610 161
777 422
422 804
513 712
712 338
488 677
677 966
801 160
160 971
801 782
782 178
909 806
806 405
909 596
596 774
839 218
218 744
513 257
257 971
533 217
217 904
742 452
452 958
973 244
244 966
909 863
863 428
973 295
295 75
777 91
91 428
360 309
309 971
360 714
714 175
242 33
33 971
488 857
857 803
242 363
363 108
652 564
564 135
758 599
599 803
242 812
812 161
652 760
760 175
746 849
849 966
777 529
529 509
746 238
238 598
156 636
636 966
801 495
495 73
488 941
941 894
376 739
739 958
777 366
366 75
360 722
722 108
801 169
169 178
837 617
617 894
376 454
454 334
35 301
301 483
513 475
475 804
801 105
105 453
742 662
662 794
35 300
300 334
837 665
665 804
758 525
525 904
839 890
890 175
801 841
841 135
360 785
785 72
801 248
248 966
488 970
970 161
839 65
65 598
35 883
883 108
533 456
456 968
360 826
826 428
742 60
60 178
758 109
109 598
777 473
473 966
513 761
761 971
533 879
879 804
35 155
155 774
488 472
472 904
376 26
26 483
488 632
632 161
360 304
304 904
801 907
907 90
376 493
493 958
242 550
550 894
360 846
846 774
777 167
167 326
746 921
921 274
652 672
672 894
746 1
1 509
839 913
913 75
242 80
80 274
839 249
249 72
513 32
32 509
533 335
335 476
742 640
640 405
742 899
899 904
513 954
954 774
533 800
800 794
242 545
545 966
35 341
341 178
909 559
559 804
758 289
289 178
652 294
294 72
746 280
280 338
801 463
463 598
973 374
374 161
360 436
436 744
376 430
430 509
533 111
111 274
909 927
927 774
513 101
101 161
758 351
351 598
742 757
757 894
533 787
787 958
360 606
606 135
909 319
319 90
360 390
390 274
242 194
194 338
533 878
878 958
513 193
193 509
533 771
771 744
746 189
189 476
533 964
964 73
801 381
381 75
801 873
873 804
488 262
262 72
909 336
336 804
758 574
574 73
746 583
583 405
801 836
836 108
513 344
344 73
837 227
227 72
742 647
647 476
488 522
522 334
909 649
649 326
360 267
267 326
851 90
97 338
624 598
28 774
142 958
388 274
733 804
273 334
667 971
880 75
949 966
227 904
945 794
390 968
821 476
459 428
658 178
284 894
168 483
34 161
421 108
479 326
738 73
332 405
972 803
785 135
637 509
262 453
597 175
874 72
934 1818 866
249 301
411 522
858 796
246 48
353 572
229 512
304 875
108 915
164 148
342 49
441 244
602 415
585 797
837 631
140 117
76 916
913 271
213 350
4 508
394 278
730 203
442 839
363 370
235 65
333 214
16 1
603 787
310 23
701 804
557 80
598 417
284 827
47 356
822 474
789 121
690 570
248 723
711 216
695 878
553 781
155 106
786 178
838 900
904 7
666 674
779 488
782 684
28 311
50 737
480 773
392 450
8 384
346 681
334 783
910 870
813 464
102 339
691 357
799 423
262 372
891 313
171 267
805 670
696 496
373 289
537 172
8 67
67 588
603 384
384 427
373 201
201 427
363 834
834 588
696 311
311 427
334 316
316 588
47 898
898 588
4 642
642 427
913 448
448 588
102 11
11 427
229 405
405 427
47 827
827 427
333 360
360 427
28 443
443 588
284 293
293 588
4 494
494 427
310 243
243 588
16 655
655 427
910 771
771 588
108 567
567 427
799 190
190 427
441 926
926 588
346 322
322 588
858 871
871 588
603 409
409 427
441 26
26 588
691 665
665 588
537 95
95 588
602 53
53 588
394 775
775 427
557 156
156 588
50 223
223 427
603 111
111 427
779 874
874 427
213 231
231 427
28 667
667 588
28 143
143 427
553 521
521 427
28 109
109 588
353 671
671 427
441 815
815 588
858 568
568 427
730 672
672 588
557 117
117 588
805 435
435 588
392 628
628 588
441 712
712 427
711 339
339 588
342 24
24 427
334 924
924 588
858 586
586 588
229 282
282 427
171 853
853 427
284 13
13 588
284 852
852 427
102 911
911 588
140 648
648 427
805 824
824 427
711 578
578 427
441 294
294 427
537 688
688 427
249 793
793 588
235 221
221 588
701 901
901 588
779 477
477 588
108 649
649 427
108 327
327 427
246 919
919 427
8 886
886 427
585 584
584 427
346 361
361 427
691 274
274 588
16 534
534 427
666 153
153 588
50 318
318 427
891 474
474 588
913 510
510 427
711 902
902 427
342 145
145 427
4 421
421 588
8 839
839 588
8 325
325 427
333 577
577 427
171 464
464 427
4 700
700 588
342 641
641 427
691 106
106 588
557 137
137 588
690 912
912 427
235 25
25 427
4 868
868 588
838 209
209 588
102 60
60 427
394 31
31 427
891 366
366 588
789 45
45 588
229 336
336 427
779 870
870 588
603 34
34 427
585 122
122 427
696 414
414 588
701 750
750 427
691 862
862 427
891 174
174 427
394 265
265 588
480 287
287 588
76 331
331 427
235 415
415 427
8 652
652 588
585 934
934 427
394 846
846 427
235 879
879 588
858 517
517 427
108 644
644 427
799 369
369 427
858 694
694 588
480 875
875 427
8 348
348 588
28 177
177 427
585 299
299 588
108 278
278 588
392 872
872 588
441 245
245 427
8 14
14 588
789 390
390 588
799 476
476 427
4 188
188 427
858 736
736 588
262 713
713 427
838 271
271 427
334 803
803 588
813 769
769 427
891 595
595 588
557 486
486 427
346 675
675 427
585 423
423 588
557 29
29 588
602 599
599 588
837 461
461 588
904 738
738 427
904 434
434 427
701 359
359 588
342 729
729 427
102 383
383 588
284 549
549 427
813 859
859 588
789 380
380 588
813 54
54 427
701 823
823 588
47 185
185 427
353 687
687 427
730 330
330 588
598 522
522 588
8 159
159 588
557 623
623 588
246 472
472 588
838 65
65 427
782 861
861 427
822 56
56 427
701 740
740 427
164 417
417 427
411 708
708 427
711 226
226 427
779 205
205 427
786 180
180 427
4 365
365 427
666 865
865 427
585 20
20 427
155 591
591 588
696 257
257 588
363 107
107 427
779 817
817 427
284 79
79 427
441 398
398 427
310 127
127 427
102 849
849 588
140 770
770 588
394 719
719 588
4 529
529 427
553 867
867 427
229 917
917 427
333 391
391 588
213 514
514 427
333 253
253 427
838 350
350 427
891 809
809 427
342 562
562 588
28 482
482 588
310 625
625 427
480 126
126 588
4 118
118 427
786 680
680 427
598 664
664 427
730 17
17 588
598 897
897 588
789 139
139 588
695 374
374 588
913 59
59 588
799 608
608 588
411 399
399 588
411 895
895 427
102 876
876 427
701 561
561 588
262 932
932 427
789 279
279 427
47 69
69 427
102 869
869 588
585 686
686 427
891 124
124 427
171 658
658 427
904 792
792 427
262 607
607 427
140 21
21 427
730 298
298 427
171 236
236 427
701 845
845 427
284 745
745 427
16 2
2 588
249 762
762 427
47 386
386 427
229 439
439 588
284 432
432 427
711 132
132 588
342 80
80 427
904 761
761 427
837 379
379 588
598 888
888 427
913 766
766 427
76 657
657 427
4 632
632 427
248 777
777 588
171 403
403 427
333 676
676 588
695 160
160 588
891 309
309 427
140 511
511 588
16 699
699 427
666 303
303 588
837 329
329 427
304 697
697 427
838 594
594 588
235 854
854 427
838 19
19 588
102 646
646 427
805 250
250 427
799 407
407 588
813 733
733 588
602 1
1 588
666 504
504 427
837 509
509 588
346 300
300 588
235 239
239 588
284 395
395 588
441 308
308 588
666 277
277 588
363 507
507 427
913 714
714 427
805 622
622 588
108 727
727 427
480 820
820 588
786 828
828 588
342 734
734 427
248 419
419 427
598 212
212 588
304 133
133 427
333 217
217 427
8 660
660 588
102 195
195 427
16 706
706 427
16 3
3 588
813 495
495 427
789 811
811 427
164 73
73 588
910 357
357 588
480 640
640 588
334 900
900 588
4 74
74 427
213 63
63 588
838 259
259 427
598 610
610 588
891 319
319 588
598 532
532 427
246 306
306 588
262 887
887 427
891 101
101 588
171 618
618 588
346 193
193 588
805 743
743 427
47 612
612 427
813 645
645 427
262 927
927 588
822 551
551 427
4 113
113 588
373 401
401 427
480 907
907 588
805 485
485 427
813 908
908 588
553 673
673 427
304 473
473 427
363 66
66 588
730 234
234 588
779 606
606 588
108 592
592 588
666 98
98 427
304 503
503 588
598 896
896 427
246 679
679 427
248 460
460 588
28 302
302 427
229 81
81 588
102 737
737 588
779 885
885 588
696 296
296 427
363 914
914 427
442 539
539 588
799 220
220 588
837 168
168 588
553 873
873 588
50 830
830 588
822 921
921 427
213 884
884 427
334 764
764 588
553 682
682 588
891 114
114 588
47 202
202 588
262 267
267 588
246 272
272 427
789 147
147 588
342 5
5 588
249 273
273 588
363 860
860 588
441 880
880 588
799 748
748 427
696 48
48 427
411 565
565 427
213 795
795 427
411 372
372 588
838 142
142 427
858 520
520 588
229 186
186 427
786 91
91 588
4 290
290 588
789 709
709 588
603 161
161 427
904 569
569 588
585 601
601 588
249 563
563 427
229 506
506 427
171 541
541 588
779 242
242 588
779 286
286 427
838 633
633 427
690 307
307 427
441 614
614 588
363 923
923 427
394 326
326 588
304 893
893 427
164 459
459 588
229 104
104 427
585 381
381 427
16 450
450 427
249 349
349 588
363 270
270 427
690 144
144 427
102 71
71 427
789 491
491 427
904 819
819 588
346 499
499 427
730 583
583 588
789 447
447 427
858 559
559 427
730 835
835 588
363 916
916 588
248 493
493 427
164 881
881 427
891 52
52 427
782 470
470 427
171 254
254 588
913 468
468 427
47 194
194 427
557 130
130 588
537 574
574 588
310 426
426 427
602 906
906 427
822 751
751 588
363 785
785 588
910 840
840 588
691 178
178 588
262 821
821 588
837 678
678 427
666 163
163 427
248 794
794 588
171 321
321 427
342 437
437 588
16 611
611 427
822 512
512 427
779 317
317 427
480 634
634 427
50 337
337 588
28 669
669 427
690 636
636 588
822 368
368 588
50 169
169 588
598 445
445 427
553 354
354 427
229 210
210 588
8 705
705 588
373 746
746 427
171 542
542 588
392 566
566 588
691 593
593 588
102 502
502 588
730 219
219 588
50 100
100 588
690 597
597 427
47 629
629 427
334 131
131 427
28 496
496 588
910 832
832 588
598 613
613 427
695 78
78 588
4 388
388 427
695 324
324 427
690 781
781 588
858 587
587 427
799 88
88 427
304 489
489 427
411 458
458 427
342 728
728 588
799 328
328 427
858 626
626 427
695 420
420 588
164 256
256 588
235 292
292 588
786 431
431 427
813 166
166 427
696 87
87 427
50 647
647 588
799 703
703 588
16 191
191 588
262 295
295 588
392 481
481 427
603 389
389 588
910 732
732 588
858 121
121 427
904 61
61 588
50 922
922 588
50 33
33 427
822 451
451 427
782 408
408 427
284 783
783 588
480 422
422 427
480 698
698 427
537 355
355 427
696 508
508 588
701 455
455 588
602 416
416 588
695 135
135 427
442 429
429 427
249 724
724 427
691 68
68 427
102 519
519 588
373 376
376 427
585 739
739 588
585 261
261 427
155 206
206 588
690 175
175 588
557 119
119 588
333 364
364 427
553 255
255 427
246 158
158 588
730 635
635 588
262 55
55 427
696 816
816 427
602 125
125 427
799 589
589 588
910 525
525 427
553 70
70 427
284 312
312 427
249 619
619 427
442 75
75 588
813 22
22 588
891 123
123 588
249 424
424 588
334 801
801 588
730 758
758 427
108 340
340 588
284 12
12 588
333 631
631 427
102 251
251 588
4 393
393 427
813 375
375 427
691 580
580 427
557 116
116 427
779 505
505 427
171 552
552 588
805 800
800 588
229 747
747 588
284 172
172 588
696 183
183 427
441 915
915 588
304 463
463 588
334 843
843 588
310 889
889 427
334 128
128 588
140 199
199 588
480 890
890 588
235 370
370 588
47 40
40 427
353 808
808 588
262 681
681 427
392 228
228 588
248 492
492 588
155 515
515 588
334 176
176 427
164 170
170 427
822 513
513 588
603 638
638 588
334 425
425 427
691 651
651 588
16 554
554 427
813 487
487 427
213 857
857 588
394 570
570 427
838 37
37 427
779 892
892 588
813 227
227 427
76 85
85 427
213 43
43 588
108 925
925 588
442 847
847 427
102 538
538 427
691 826
826 427
284 615
615 588
246 466
466 588
16 710
710 588
537 829
829 427
363 627
627 427
50 406
406 427
691 377
377 588
47 96
96 427
155 332
332 588
480 320
320 588
47 535
535 588
691 718
718 427
701 264
264 588
342 136
136 427
108 120
120 588
342 269
269 427
334 804
804 588
392 263
263 588
711 18
18 588
805 387
387 588
102 471
471 427
28 531
531 588
585 928
928 427
782 103
103 588
108 438
438 588
140 851
851 427
304 864
864 588
789 842
842 588
284 533
533 427
711 198
198 427
822 670
670 427
248 15
15 427
891 214
214 588
805 479
479 427
711 894
894 427
891 654
654 588
691 452
452 588
262 909
909 588
8 550
550 427
16 105
105 588
805 192
192 588
229 527
527 588
603 741
741 427
394 929
929 588
786 850
850 588
342 704
704 427
304 112
112 427
363 720
720 427
392 35
35 588
904 97
97 427
838 548
548 427
334 367
367 588
248 810
810 588
394 297
297 427
8 579
579 427
333 605
605 588
155 314
314 427
585 288
288 427
102 763
763 427
394 778
778 427
701 659
659 588
782 165
165 427
789 545
545 588
28 230
230 427
411 707
707 427
838 433
433 588
76 877
877 588
696 637
637 588
76 555
555 427
333 110
110 588
102 498
498 588
691 151
151 427
76 546
546 427
140 224
224 427
411 351
351 427
838 30
30 427
50 693
693 427
171 484
484 588
353 58
58 427
346 86
86 427
441 683
683 588
16 412
412 427
585 558
558 588
779 283
283 427
799 418
418 427
891 10
10 588
334 543
543 427
441 787
787 588
837 203
203 427
155 23
23 588
310 42
42 427
28 856
856 427
373 358
358 427
213 72
72 588
858 469
469 427
363 755
755 588
838 397
397 588
891 556
556 588
363 544
544 427
411 878
878 427
50 208
208 427
904 62
62 427
334 456
456 588
16 46
46 427
394 478
478 588
695 341
341 588
8 49
49 427
346 918
918 427
171 573
573 427
910 731
731 588
799 200
200 588
411 684
684 427
262 7
7 427
838 590
590 588
891 744
744 427
411 356
356 427
904 765
765 427
598 735
735 427
50 444
444 427
858 866
866 588
249 899
899 588
411 462
462 427
164 523
523 588
171 396
396 588
248 222
222 588
108 630
630 427
585 500
500 588
858 39
39 427
838 204
204 427
140 115
115 588
164 237
237 427
786 833
833 588
585 94
94 588
666 449
449 427
47 772
772 588
246 285
285 427
262 716
716 588
249 650
650 588
691 662
662 427
695 404
404 427
411 882
882 427
553 802
802 588
913 44
44 588
598 134
134 588
140 930
930 588
695 93
93 588
334 643
643 588
342 572
572 427
353 483
483 427
50 620
620 427
602 218
218 427
666 788
788 588
782 148
148 427
813 617
617 588
171 689
689 588
333 524
524 427
789 661
661 588
229 774
774 588
782 812
812 427
333 754
754 427
691 604
604 427
392 814
814 588
392 526
526 427
730 825
825 427
28 244
244 588
76 905
905 427
838 753
753 588
248 715
715 588
904 207
207 427
155 547
547 588
695 129
129 588
304 197
197 588
557 467
467 427
229 723
723 427
171 536
536 427
16 291
291 427
891 258
258 427
50 289
289 588
891 179
179 427
28 581
581 427
730 624
624 588
480 402
402 588
666 51
51 588
334 776
776 427
76 454
454 427
248 933
933 588
537 752
752 588
910 796
796 588
838 89
89 588
333 798
798 588
4 759
759 588
557 721
721 588
353 668
668 588
701 280
280 588
602 57
57 588
701 702
702 427
246 347
347 427
248 773
773 427
553 252
252 588
838 831
831 427
779 90
90 427
690 841
841 427
602 83
83 588
779 516
516 427
786 371
371 427
858 382
382 588
701 99
99 588
691 490
490 588
598 790
790 588
394 475
475 588
50 343
343 427
47 338
338 427
442 428
428 588
799 844
844 588
4 582
582 588
310 575
575 427
441 488
488 588
442 146
146 427
480 225
225 588
47 141
141 427
155 232
232 588
235 345
345 427
8 797
797 588
690 378
378 588
910 518
518 588
782 301
301 588
904 663
663 427
76 674
674 427
50 757
757 427
904 167
167 427
822 616
616 588
229 807
807 427
140 215
215 427
537 576
576 588
690 138
138 427
235 571
571 588
813 560
560 427
342 181
181 427
16 836
836 427
805 717
717 588
310 189
189 588
50 260
260 588
164 564
564 427
229 920
920 427
216 427
557 903
903 588
701 725
725 427
140 453
453 588
480 154
154 588
171 440
440 427
262 457
457 588
822 38
38 427
585 600
600 427
557 315
315 427
50 780
780 588
248 848
848 588
373 413
413 588
50 335
335 588
140 281
281 588
284 722
722 427
553 182
182 588
585 677
677 588
904 241
241 588
537 150
150 588
284 400
400 427
813 883
883 427
782 149
149 588
155 501
501 588
262 305
305 427
262 362
362 588
557 528
528 588
47 621
621 427
353 609
609 427
789 82
82 588
690 275
275 588
16 465
465 427
164 77
77 427
711 784
784 427
441 430
430 588
8 238
238 427
8 268
268 427
248 653
653 427
47 749
749 427
442 497
497 427
822 760
760 588
603 596
596 427
392 247
247 588
858 410
410 588
171 726
726 427
248 855
855 427
691 240
240 427
76 756
756 427
140 173
173 588
585 187
187 427
155 196
196 427
602 27
27 588
353 36
36 427
822 32
32 427
789 84
84 588
537 313
313 588
304 767
767 427
786 818
818 588
730 863
863 427
799 266
266 588
711 6
6 427
333 656
656 588
171 233
233 588
789 211
211 588
108 352
352 427
411 162
162 588
602 276
276 588
537 791
791 588
102 446
446 588
411 385
385 427
602 64
64 588
910 540
540 588
155 152
152 427
598 692
692 427
28 530
530 427
779 9
9 588
711 931
931 427
602 184
184 427
363 436
436 588
691 639
639 588
537 742
742 427
213 92
92 427
363 157
157 588
904 685
685 427
910 41
41 588
16 344
344 588
480 323
323 588
779 806
806 588
695 768
768 427
287 427
100 256
298 768
821 890
711 161
389 576
26 628
816 621
33 892
166 707
26 93
894 571
766 848
907 301
414 365
389 716
879 726
249 74
327 845
296 338
849 6
925 1914 795
666 833
857 455
918 601
113 258
641 900
30 279
392 169
757 460
490 20
92 576
443 417
339 487
317 87
829 900
907 43
89 721
597 465
4 408
701 745
512 561
172 735
399 243
513 626
742 679
635 161
534 800
859 73
792 44
230 863
657 152
567 367
72 477
676 355
224 694
316 334
78 555
581 158
262 24
178 324
758 548
82 227
31 261
865 509
74 726
282 615
846 70
849 755
384 653
74 24
24 650
82 309
309 786
399 91
91 422
742 269
269 311
513 752
752 709
4 200
200 702
74 435
435 215
657 695
695 9
392 622
622 52
78 778
778 9
857 110
110 838
641 80
80 686
31 466
466 145
262 704
704 9
918 768
768 374
666 426
426 786
31 17
17 271
316 888
888 686
4 99
99 52
262 699
699 524
31 484
484 239
676 261
261 770
78 820
820 85
172 478
478 326
399 497
497 650
224 899
899 290
30 501
501 786
317 388
388 85
339 305
305 387
859 520
520 675
742 735
735 608
282 209
209 85
490 588
588 273
567 414
414 845
513 712
712 327
907 504
504 550
392 916
916 85
392 371
371 387
534 572
572 915
865 174
174 85
792 376
376 608
316 249
249 810
74 123
123 439
82 674
674 915
865 726
726 557
89 560
560 838
78 902
902 327
72 643
643 319
316 530
530 898
30 864
864 845
701 589
589 32
89 887
887 498
666 347
347 709
676 53
53 346
262 59
59 115
443 144
144 838
918 61
61 368
490 97
97 226
172 403
403 838
224 284
284 709
792 776
776 637
224 578
578 422
829 141
141 289
918 708
708 310
865 180
180 616
82 291
291 289
907 654
654 210
657 889
889 247
857 27
27 239
113 914
914 675
701 297
297 115
918 739
739 368
513 333
333 310
443 62
62 140
666 234
234 215
89 58
58 251
597 905
905 915
72 516
516 311
758 775
775 289
701 412
412 289
262 188
188 492
443 618
618 492
676 743
743 715
316 108
108 496
4 229
229 915
676 120
120 771
907 253
253 239
92 218
218 496
567 431
431 140
907 772
772 272
282 585
585 32
230 836
836 546
443 216
216 310
30 590
590 616
581 313
313 828
581 656
656 289
92 217
217 709
597 791
791 498
657 276
276 604
657 721
721 127
172 421
421 407
224 677
677 637
89 397
397 627
792 843
843 271
635 405
405 557
30 410
410 838
865 766
766 838
865 633
633 106
443 331
331 546
230 728
728 422
74 396
396 771
78 921
921 32
113 679
679 702
224 812
812 785
701 152
152 650
676 233
233 289
490 723
723 272
597 204
204 627
30 574
574 496
384 220
220 247
282 358
358 747
846 719
719 608
72 576
576 140
666 625
625 747
172 749
749 407
316 308
308 319
282 304
304 473
635 662
662 524
829 203
203 271
512 299
299 310
4 86
86 407
676 808
808 274
567 165
165 368
849 769
769 157
31 566
566 709
490 485
485 702
172 320
320 374
829 748
748 557
82 67
67 251
792 844
844 550
392 535
535 319
399 50
50 709
657 459
459 106
859 527
527 709
282 303
303 350
282 192
192 838
513 223
223 616
178 731
731 272
742 329
329 803
567 68
68 637
859 639
639 131
78 227
227 85
339 470
470 716
172 257
257 215
597 147
147 407
907 583
583 239
172 231
231 498
859 252
252 828
89 423
423 716
918 705
705 706
758 611
611 550
89 631
631 706
757 379
379 675
641 801
801 546
230 691
691 496
82 672
672 310
384 307
307 627
78 667
667 496
82 49
49 747
224 100
100 274
534 344
344 407
666 63
63 368
399 95
95 247
512 255
255 716
74 148
148 498
31 878
878 387
224 660
660 157
635 802
802 803
317 883
883 145
657 736
736 473
666 114
114 828
490 21
21 496
30 424
424 327
758 640
640 637
567 427
427 9
230 606
606 254
742 754
754 686
178 548
548 119
89 201
201 439
490 375
375 680
676 185
185 247
666 570
570 290
757 897
897 215
230 243
243 273
792 638
638 685
758 103
103 702
581 911
911 387
282 852
852 247
641 322
322 293
676 260
260 716
399 856
856 319
74 684
684 52
513 186
186 845
758 377
377 32
859 264
264 439
907 579
579 524
230 537
537 715
384 700
700 608
641 65
65 828
92 395
395 706
792 688
688 119
72 562
562 627
30 549
549 608
262 196
196 539
31 133
133 616
31 545
545 550
829 710
710 32
72 722
722 274
865 646
646 845
4 372
372 803
113 25
25 290
317 619
619 680
113 177
177 346
178 636
636 539
443 740
740 210
513 183
183 915
849 751
751 872
82 33
33 9
829 149
149 346
78 882
882 52
178 194
194 608
384 469
469 140
597 195
195 289
865 38
38 771
172 762
762 785
178 125
125 326
230 682
682 498
907 162
162 557
849 842
842 785
31 777
777 272
641 697
697 608
907 561
561 42
859 615
615 343
262 670
670 810
82 315
315 215
74 312
312 439
641 536
536 115
178 182
182 709
339 600
600 422
72 367
367 650
512 787
787 273
918 543
543 616
846 505
505 343
742 87
87 898
82 3
3 407
742 661
661 872
262 494
494 52
82 441
441 274
82 815
815 85
757 83
83 179
316 663
663 215
4 571
571 702
657 783
783 539
534 542
542 115
282 55
55 686
865 763
763 311
262 664
664 845
230 517
517 706
918 18
18 32
859 335
335 557
846 356
356 838
4 482
482 343
89 866
866 273
757 523
523 496
666 332
332 319
641 659
659 52
918 279
279 686
534 807
807 387
72 398
398 770
230 256
256 343
792 553
553 9
282 890
890 616
89 651
651 85
918 265
265 680
666 420
420 785
316 894
894 715
282 575
575 271
78 121
121 254
758 173
173 709
512 36
36 85
865 626
626 226
384 300
300 326
597 790
790 374
113 529
529 524
567 601
601 374
30 23
23 106
317 817
817 627
512 552
552 686
657 594
594 898
443 745
745 32
443 2
2 713
78 15
15 675
846 342
342 131
384 159
159 713
316 280
280 247
490 139
139 32
89 126
126 184
384 797
797 215
567 246
246 608
89 168
168 357
317 653
653 524
178 116
116 239
4 416
416 85
657 111
111 319
534 208
208 550
392 642
642 327
742 764
764 685
512 881
881 680
490 164
164 546
172 632
632 368
907 503
503 293
666 551
551 184
172 353
353 715
490 703
703 686
31 860
860 210
172 75
75 131
30 507
507 343
178 285
285 557
742 814
814 715
172 301
301 627
846 920
920 387
742 587
587 184
262 341
341 290
758 259
259 650
676 408
408 770
597 645
645 311
113 236
236 496
567 219
219 828
757 824
824 604
918 278
278 85
641 874
874 785
230 294
294 498
113 718
718 115
316 556
556 702
443 901
901 289
282 238
238 616
918 109
109 838
113 296
296 210
78 438
438 845
490 429
429 627
74 509
509 675
4 248
248 357
113 753
753 915
72 565
565 524
339 16
16 786
30 678
678 327
865 744
744 915
72 867
867 524
172 869
869 179
316 515
515 604
657 136
136 439
82 788
788 374
597 559
559 247
857 330
330 422
846 193
193 680
534 156
156 838
30 69
69 215
513 900
900 702
859 831
831 604
829 337
337 350
757 101
101 310
317 924
924 311
513 64
64 290
92 568
568 319
918 250
250 293
865 411
411 747
534 596
596 845
31 624
624 845
72 51
51 650
865 154
154 838
92 48
48 872
282 483
483 319
262 525
525 604
657 137
137 350
30 877
877 368
666 222
222 604
792 292
292 350
4 212
212 326
92 850
850 872
597 809
809 9
78 221
221 254
172 66
66 407
224 840
840 716
78 692
692 770
635 834
834 210
859 381
381 715
859 43
43 319
512 816
816 747
512 241
241 608
339 694
694 310
392 767
767 289
92 655
655 496
757 858
858 407
859 518
518 915
399 495
495 803
657 602
602 127
392 480
480 473
399 404
404 247
857 419
419 616
512 321
321 637
534 450
450 785
89 364
364 803
92 258
258 210
865 486
486 706
829 514
514 127
490 668
668 350
641 455
455 608
829 363
363 706
399 693
693 715
534 837
837 247
178 286
286 422
641 784
784 492
742 189
189 140
316 102
102 557
31 245
245 810
513 577
577 273
282 369
369 546
92 207
207 785
635 39
39 496
74 440
440 374
230 266
266 524
792 711
711 293
31 474
474 872
758 774
774 496
513 437
437 272
78 181
181 273
72 727
727 439
846 88
88 387
865 93
93 627
758 5
5 803
392 875
875 52
657 880
880 293
641 671
671 32
443 135
135 422
392 487
487 274
757 365
365 271
82 1
1 845
30 6
6 498
865 725
725 251
757 819
819 85
865 244
244 179
316 830
830 747
512 822
822 184
31 378
378 422
792 270
270 637
742 623
623 898
89 84
84 915
865 595
595 106
641 629
629 131
701 409
409 546
865 400
400 685
316 851
851 343
78 94
94 119
443 57
57 439
512 827
827 650
534 29
29 343
224 811
811 293
849 402
402 785
178 390
390 810
72 835
835 343
857 756
756 785
30 870
870 872
846 383
383 179
907 382
382 140
74 621
621 350
859 90
90 85
82 413
413 828
701 479
479 407
317 564
564 637
31 833
833 407
30 13
13 685
846 171
171 9
857 79
79 210
512 720
720 498
857 555
555 350
74 698
698 915
178 696
696 346
178 77
77 145
30 105
105 604
4 563
563 439
490 472
472 290
513 609
609 828
641 855
855 686
399 277
277 747
513 161
161 210
282 591
591 550
512 644
644 546
392 773
773 127
339 457
457 422
918 240
240 247
4 283
283 106
230 805
805 539
742 26
26 680
392 11
11 210
399 738
738 680
392 454
454 702
857 476
476 845
92 318
318 680
567 44
44 498
339 508
508 357
316 166
166 119
230 893
893 140
30 132
132 680
597 287
287 157
490 481
481 771
758 281
281 343
399 163
163 539
666 176
176 845
74 37
37 215
78 198
198 838
30 338
338 680
30 729
729 715
31 789
789 239
4 436
436 492
742 584
584 271
534 876
876 272
657 804
804 254
172 506
506 422
92 447
447 290
676 150
150 496
581 386
386 157
512 456
456 239
513 336
336 496
78 891
891 326
31 533
533 786
392 202
202 127
757 500
500 387
282 205
205 872
865 892
892 290
907 76
76 715
392 806
806 9
666 599
599 627
443 360
360 157
82 268
268 803
581 912
912 524
230 432
432 290
742 34
34 604
581 446
446 422
567 213
213 546
635 417
417 343
282 345
345 608
846 138
138 119
443 169
169 374
849 687
687 706
641 187
187 898
4 430
430 215
581 793
793 680
82 547
547 106
78 155
155 898
113 288
288 247
907 730
730 127
317 848
848 311
262 351
351 539
113 489
489 771
641 620
620 85
113 823
823 289
399 35
35 702
859 7
7 422
742 462
462 604
641 904
904 115
384 528
528 828
907 197
197 786
581 425
425 709
399 475
475 274
262 854
854 637
282 295
295 616
859 839
839 702
846 863
863 319
74 158
158 272
317 782
782 407
31 146
146 319
224 235
235 350
316 460
460 872
113 214
214 650
74 681
681 157
512 211
211 273
4 471
471 439
701 569
569 845
399 647
647 872
918 433
433 273
31 658
658 675
82 885
885 685
907 461
461 838
89 112
112 498
865 228
228 680
742 391
391 293
490 191
191 706
4 206
206 289
31 225
225 686
701 617
617 546
113 415
415 637
89 232
232 357
641 41
41 357
792 463
463 686
4 128
128 387
317 707
707 838
513 724
724 326
849 734
734 32
567 242
242 716
918 649
649 374
857 510
510 115
4 488
488 915
657 10
10 226
384 130
130 702
178 117
117 140
92 452
452 273
224 22
22 557
792 444
444 271
282 323
323 716
859 442
442 210
31 366
366 210
262 160
160 210
262 886
886 326
316 592
592 637
792 826
826 247
907 19
19 407
666 491
491 247
72 393
393 915
567 468
468 915
581 267
267 343
89 199
199 289
282 690
690 343
701 586
586 215
581 467
467 32
443 919
919 915
490 167
167 254
534 554
554 145
72 732
732 157
757 541
541 215
581 603
603 226
178 71
71 115
72 896
896 604
178 761
761 32
742 81
81 686
4 314
314 898
859 630
630 350
918 453
453 898
30 755
755 702
78 733
733 343
829 385
385 616
82 359
359 210
641 302
302 310
641 153
153 140
74 354
354 715
78 760
760 293
581 380
380 747
178 263
263 770
829 373
373 247
89 683
683 387
392 759
759 346
597 40
40 374
758 526
526 272
443 613
613 387
178 908
908 343
31 612
612 271
513 781
781 407
635 853
853 310
513 418
418 226
635 796
796 786
399 913
913 685
316 521
521 771
316 107
107 368
339 340
340 327
597 362
362 157
490 275
275 637
31 821
821 608
316 143
143 374
224 355
355 898
399 334
334 119
490 464
464 374
513 104
104 713
74 741
741 226
635 370
370 524
31 795
795 650
846 389
389 274
792 607
607 770
757 151
151 274
399 12
12 407
4 652
652 498
742 746
746 310
78 799
799 747
384 98
98 387
384 669
669 706
178 906
906 550
384 237
237 327
865 142
142 310
317 861
861 85
567 909
909 498
339 665
665 492
113 499
499 637
907 306
306 702
849 134
134 247
490 96
96 119
78 779
779 713
676 477
477 608
30 465
465 785
230 813
813 272
512 449
449 550
316 593
593 215
676 352
352 915
72 73
73 771
676 20
20 293
865 922
922 496
4 862
862 319
490 406
406 675
74 60
60 9
513 522
522 184
230 614
614 273
31 325
325 319
757 348
348 290
30 14
14 106
224 175
175 343
82 502
502 702
567 54
54 845
82 800
800 496
846 648
648 492
282 124
124 810
757 190
190 715
490 401
401 771
846 493
493 374
857 349
349 770
534 531
531 127
262 458
458 498
581 538
538 810
657 903
903 539
859 841
841 539
31 56
56 685
31 122
122 310
597 825
825 685
82 582
582 251
829 765
765 715
30 873
873 650
31 832
832 608
792 28
28 368
89 445
445 803
676 532
532 898
534 573
573 251
792 70
70 254
857 818
818 686
534 847
847 32
597 394
394 828
641 884
884 828
846 45
45 407
907 879
879 271
30 8
8 254
443 605
605 346
635 634
634 140
742 923
923 627
859 628
628 310
918 170
170 274
567 871
871 290
339 917
917 747
701 717
717 247
657 511
511 52
676 580
580 326
92 673
673 271
849 451
451 106
859 895
895 557
384 519
519 716
282 47
47 310
907 361
361 179
30 750
750 368
829 558
558 184
172 798
798 686
666 448
448 119
74 434
434 179
907 118
118 915
857 544
544 311
282 540
540 715
31 794
794 407
597 689
689 290
317 910
910 650
829 610
610 685
78 428
428 326
339 46
46 346
676 598
598 872
443 868
868 357
82 714
714 32
907 129
129 254
92 298
298 770
846 324
324 608
282 780
780 492
666 737
737 627
74 328
328 140
676 925
925 627
265 32
281 747
789 702
423 157
613 115
383 290
733 524
250 407
585 828
549 374
644 42
446 239
456 387
575 604
847 9
536 273
626 210
765 251
472 770
445 179
177 145
892 539
300 785
695 311
737 546
863 845
693 680
105 715
185 675
265 803
109 254
704 616
454 247
10 713
503 52
270 650
90 319
568 272
584 706
521 326
192 184
385 140
814 350
735 226
867 131
146 492
143 85
784 496
856 346
852 716
855 422
556 473
632 810
68 686
66 343
211 310
359 127
187 557
452 786
493 685
864 327
837 838
609 289
142 293
903 627
776 274
885 872
370 498
842 215
34 608
231 357
390 550
565 368
924 898
186 771
24 271
295 119
765 106
76 709
877 830
390 893
575 771
332 717
141 10
889 502
265 212
48 267
299 495
504 267
76 197
642 869
743 754
655 903
724 42
112 683
113 598
921 855
121 355
658 428
758 750
396 805
204 159
235 323
470 63
349 519
478 866
692 363
728 921
908 134
744 40
719 900
269 263
558 324
758 378
95 356
500 138
366 464
171 628
162 422
710 720
204 556
18 432
552 577
641 487
543 767
748 844
217 509
308 670
410 324
257 900
173 891
889 100
639 116
667 81
710 143
331 770
676 638
748 90
58 594
754 407
113 7
677 23
163 394
572 122
430 10
399 880
449 713
223 746
736 292
555 796
883 235
421 917
353 473
871 157
224 180
264 413
97 475
80 57
314 828
301 715
871 119
331 130
325 298
172 615
892 906
403 883
585 131
38 434
485 363
622 679
497 46
881 840
266 872
682 321
772 241
205 268
625 500
53 167
421 720
600 464
40 85
464 226
200 919
512 574
738 314
632 197
582 145
769 46
80 417
323 903
120 566
49 71
754 756
314 346
63 32
797 242
209 297
820 790
701 228
504 801
174 352
839 828
899 884
758 256
431 226
548 785
219 250
12 652
677 155
167 54
304 720
405 794
286 871
804 52
269 815
95 402
267 362
183 271
840 495
204 378
789 433
322 784
581 543
835 202
27 454
762 886
72 354
723 401
450 190
160 56
180 173
561 727
50 651
204 453
846 260
347 7
188 433
600 696
751 541
543 394
666 645
154 464
748 897
757 854
203 913
842 702
801 402
59 204
611 851
4 40
678 382
856 52
861 499
410 255
313 621
426 536
691 840
18 327
450 364
541 913
622 164
344 241
397 298
30 45
722 437
423 805
103 925
549 73
721 378
751 800
329 771
806 442
234 522
802 816
159 655
620 310
947 1841 815
721 828
610 537
829 13
408 251
572 902
565 860
147 860
570 251
84 95
783 422
212 194
52 551
889 637
293 343
10 242
324 552
733 658
45 556
150 407
834 595
514 191
97 587
264 467
554 326
133 881
899 459
128 815
910 263
762 104
795 782
787 798
2 36
60 622
694 747
255 533
914 483
932 314
323 301
485 912
903 577
15 279
437 278
872 535
765 646
72 53
26 674
288 30
138 849
461 877
150 420
420 793
829 220
220 850
324 739
739 608
872 817
817 303
572 946
946 262
565 628
628 933
52 719
719 313
138 505
505 484
461 801
801 415
133 24
24 825
264 249
249 510
694 235
235 200
60 213
213 699
554 386
386 200
514 154
154 493
694 527
527 275
694 331
331 187
899 741
741 793
461 218
218 755
765 460
460 611
572 438
438 793
324 149
149 139
795 389
389 403
834 256
256 499
255 830
830 107
932 516
516 846
610 491
491 363
323 720
720 299
829 587
587 793
255 591
591 136
324 612
612 745
610 360
360 633
762 562
562 615
323 806
806 490
15 884
884 598
570 414
414 188
783 635
635 927
694 842
842 850
829 70
70 510
762 23
23 105
762 781
781 490
128 738
738 850
133 183
183 102
829 742
742 758
461 4
4 188
138 433
433 675
783 761
761 927
565 93
93 584
26 418
418 383
84 257
257 675
45 122
122 593
84 857
857 33
783 851
851 852
765 156
156 499
52 28
28 131
733 384
384 316
903 511
511 852
762 285
285 193
138 729
729 578
485 712
712 510
565 271
271 850
829 364
364 758
408 828
828 193
910 194
194 55
408 190
190 107
733 399
399 363
15 268
268 833
60 204
204 107
72 7
7 699
914 468
468 573
485 512
512 316
212 266
266 200
147 558
558 596
733 823
823 608
255 270
270 578
437 161
161 424
84 459
459 596
84 622
622 573
408 920
920 850
889 432
432 593
26 409
409 490
52 940
940 484
783 253
253 499
408 103
103 499
10 65
65 493
264 737
737 125
293 279
279 237
733 439
439 383
128 381
381 592
52 674
674 550
903 503
503 14
138 49
49 240
910 62
62 663
514 560
560 657
408 917
917 758
10 808
808 55
721 911
911 55
765 19
19 584
72 637
637 816
554 25
25 99
10 632
632 117
255 878
878 758
97 691
691 755
733 71
71 441
288 549
549 208
721 217
217 493
26 597
597 68
903 684
684 931
288 785
785 308
15 523
523 927
932 245
245 510
554 487
487 139
910 64
64 441
147 385
385 107
45 31
31 363
45 398
398 852
834 160
160 363
461 69
69 75
889 172
172 188
84 346
346 933
408 876
876 493
60 155
155 403
133 731
731 316
910 509
509 237
899 532
532 424
721 341
341 105
834 347
347 816
721 670
670 880
10 736
736 573
762 890
890 51
889 786
786 299
565 407
407 493
783 687
687 846
910 912
912 48
293 692
692 188
255 901
901 663
60 137
137 117
288 227
227 441
212 552
552 254
150 689
689 598
408 934
934 592
565 716
716 592
147 723
723 237
293 718
718 846
485 616
616 125
721 321
321 493
485 621
621 758
437 526
526 548
932 334
334 383
554 855
855 55
485 943
943 157
212 199
199 793
150 395
395 592
554 369
369 14
565 109
109 493
323 372
372 254
554 337
337 136
733 871
871 493
15 805
805 568
288 935
935 615
834 751
751 550
212 211
211 578
834 163
163 68
324 799
799 563
293 132
132 107
323 802
802 846
461 54
54 859
899 626
626 102
733 343
343 657
133 500
500 299
932 686
686 931
45 98
98 816
610 226
226 573
834 332
332 237
829 86
86 51
787 411
411 262
889 650
650 573
84 396
396 75
762 63
63 755
212 66
66 793
212 673
673 139
932 171
171 568
610 913
913 254
133 30
30 262
60 356
356 550
26 620
620 254
264 656
656 568
150 78
78 303
133 180
180 825
437 315
315 499
572 61
61 188
128 335
335 833
932 82
82 308
610 16
16 131
765 111
111 548
910 436
436 880
288 443
443 850
829 210
210 313
72 452
452 102
84 696
696 157
787 753
753 510
128 309
309 833
323 702
702 55
610 809
809 584
60 466
466 112
485 553
553 933
2 454
454 758
323 280
280 208
324 300
300 200
15 221
221 548
26 12
12 187
572 400
400 833
15 170
170 927
293 416
416 825
899 404
404 510
72 306
306 859
10 703
703 308
461 42
42 68
461 760
760 139
323 513
513 424
570 877
877 188
554 895
895 275
461 915
915 441
408 361
361 87
212 519
519 107
570 223
223 14
910 175
175 578
694 244
244 139
514 368
368 102
52 338
338 316
10 402
402 304
2 298
298 139
762 683
683 403
932 427
427 254
147 56
56 755
323 412
412 308
212 202
202 303
15 483
483 139
899 811
811 117
889 900
900 350
829 769
769 633
914 435
435 139
323 246
246 573
834 883
883 117
514 336
336 745
733 589
589 490
133 419
419 933
212 282
282 568
10 636
636 254
97 47
47 68
914 467
467 304
787 50
50 675
2 81
81 117
84 754
754 493
461 286
286 87
72 442
442 68
45 698
698 633
461 740
740 125
52 482
482 131
323 310
310 852
437 88
88 593
795 243
243 611
570 498
498 193
834 625
625 131
323 169
169 573
570 314
314 112
610 476
476 102
783 116
116 117
52 613
613 51
461 17
17 927
45 352
352 793
795 91
91 262
787 104
104 852
899 429
429 633
72 464
464 188
150 685
685 48
932 260
260 240
212 896
896 188
765 918
918 188
323 658
658 578
324 118
118 441
565 902
902 592
932 186
186 573
97 278
278 550
45 53
53 237
408 376
376 14
15 803
803 299
572 727
727 852
147 148
148 157
26 645
645 793
554 841
841 699
128 864
864 927
554 682
682 490
15 734
734 316
554 847
847 125
408 619
619 350
45 840
840 125
84 106
106 107
288 59
59 441
872 119
119 563
150 571
571 51
255 647
647 859
783 756
756 608
733 854
854 846
694 318
318 99
84 743
743 200
2 541
541 308
255 766
766 573
26 655
655 563
408 166
166 48
323 746
746 675
45 474
474 573
324 544
544 880
255 191
191 563
461 123
123 596
733 80
80 187
783 564
564 240
787 831
831 654
554 506
506 237
288 471
471 237
762 891
891 383
437 590
590 240
408 492
492 117
45 340
340 850
910 295
295 816
15 921
921 584
872 29
29 550
795 925
925 550
554 178
178 33
2 456
456 139
765 662
662 927
60 391
391 48
570 724
724 663
288 796
796 424
461 607
607 499
762 322
322 745
60 942
942 573
694 77
77 424
765 705
705 490
721 353
353 663
889 838
838 99
554 388
388 593
150 135
135 793
324 311
311 852
133 944
944 931
733 672
672 611
733 559
559 157
293 641
641 117
889 96
96 484
461 305
305 99
932 378
378 598
15 284
284 927
288 892
892 880
899 757
757 262
932 535
535 563
133 515
515 187
762 434
434 187
834 475
475 208
26 36
36 48
829 812
812 48
26 272
272 880
932 382
382 850
565 184
184 573
212 410
410 675
554 936
936 833
565 782
782 484
889 302
302 758
15 930
930 592
554 888
888 383
461 794
794 193
45 937
937 87
128 426
426 33
150 197
197 745
783 440
440 852
84 228
228 75
52 366
366 33
570 367
367 573
787 258
258 745
554 447
447 131
572 39
39 548
212 588
588 107
733 697
697 188
128 358
358 563
903 120
120 578
26 939
939 563
323 856
856 107
45 631
631 633
52 893
893 859
762 807
807 308
26 504
504 275
323 247
247 663
787 329
329 403
903 547
547 510
408 605
605 237
834 815
815 931
45 449
449 117
762 569
569 493
572 44
44 313
570 732
732 208
45 711
711 51
610 46
46 316
795 566
566 657
133 501
501 208
721 348
348 14
52 380
380 568
914 422
422 825
554 219
219 568
721 85
85 99
903 798
798 33
288 599
599 596
212 922
922 68
84 664
664 931
554 182
182 633
288 110
110 633
461 357
357 316
485 700
700 383
2 945
945 193
787 473
473 880
45 92
92 208
288 776
776 193
52 792
792 584
572 8
8 598
288 862
862 303
829 189
189 87
323 824
824 880
514 638
638 139
889 444
444 510
2 790
790 55
10 259
259 87
128 735
735 596
910 349
349 187
889 747
747 363
323 413
413 699
783 574
574 262
147 617
617 825
872 882
882 611
765 294
294 105
610 9
9 55
128 837
837 608
570 821
821 107
255 827
827 99
721 83
83 484
572 113
113 758
150 648
648 758
72 715
715 188
408 601
601 313
138 431
431 850
783 582
582 105
255 230
230 125
903 430
430 510
84 748
748 187
765 602
602 663
150 681
681 657
45 561
561 593
255 333
333 68
408 773
773 758
323 477
477 484
565 868
868 654
323 779
779 107
903 320
320 850
133 486
486 850
264 462
462 675
932 312
312 493
2 810
810 14
52 517
517 568
461 775
775 424
829 397
397 484
133 938
938 313
408 94
94 415
899 472
472 615
610 428
428 14
765 813
813 136
147 836
836 880
721 533
533 254
147 643
643 550
45 448
448 415
97 41
41 424
138 789
789 308
150 297
297 927
694 43
43 350
565 164
164 105
572 772
772 136
872 542
542 193
572 231
231 363
795 791
791 578
293 575
575 316
26 371
371 262
288 89
89 931
914 909
909 299
15 145
145 51
834 861
861 816
899 525
525 99
437 581
581 657
26 242
242 131
138 196
196 484
408 37
37 758
150 289
289 441
2 521
521 200
52 239
239 755
932 709
709 675
84 90
90 316
147 728
728 185
762 614
614 663
10 405
405 793
903 688
688 825
765 342
342 852
26 819
819 850
2 100
100 598
288 714
714 657
264 496
496 846
889 488
488 663
762 639
639 208
133 423
423 157
147 351
351 112
324 140
140 403
485 690
690 185
2 666
666 87
212 238
238 200
45 906
906 200
45 319
319 927
721 173
173 48
910 292
292 548
324 417
417 68
84 644
644 568
26 370
370 185
721 451
451 931
485 34
34 816
150 276
276 825
212 328
328 850
910 215
215 87
255 653
653 363
610 101
101 584
72 457
457 825
264 497
497 859
610 853
853 68
694 76
76 14
570 317
317 75
10 704
704 657
323 13
13 931
26 651
651 611
899 11
11 131
899 236
236 657
60 585
585 615
733 344
344 102
264 463
463 105
255 373
373 484
872 539
539 657
97 406
406 139
26 267
267 493
762 618
618 313
899 708
708 548
570 929
929 139
787 283
283 68
150 458
458 833
610 784
784 510
910 291
291 550
264 947
947 573
437 557
557 188
514 394
394 303
437 469
469 87
133 1
1 441
565 858
858 139
721 114
114 880
60 926
926 573
783 177
177 55
288 744
744 316
899 57
57 316
147 206
206 550
10 35
35 859
461 455
455 75
324 531
531 185
610 67
67 615
128 195
195 99
60 665
665 208
84 144
144 596
10 528
528 68
889 579
579 105
733 233
233 125
15 450
450 493
514 327
327 383
903 421
421 188
932 234
234 657
694 717
717 675
84 470
470 563
787 290
290 490
485 885
885 510
694 941
941 592
572 822
822 833
15 27
27 852
84 224
224 304
52 453
453 275
26 393
393 308
694 355
355 615
932 21
21 87
765 797
797 262
572 143
143 846
889 530
530 415
762 507
507 568
60 695
695 200
554 722
722 755
762 770
770 303
485 241
241 793
97 536
536 117
485 121
121 548
461 330
330 117
610 780
780 592
288 630
630 415
212 730
730 68
914 764
764 254
133 229
229 105
60 502
502 350
914 679
679 850
52 379
379 75
554 214
214 55
795 522
522 745
288 524
524 593
461 480
480 48
45 551
551 850
128 192
192 99
765 767
767 755
60 660
660 193
147 489
489 107
2 640
640 663
323 6
6 825
60 274
274 699
26 800
800 139
128 860
860 852
899 870
870 699
133 874
874 441
52 886
886 850
324 445
445 240
795 95
95 633
52 750
750 484
765 849
849 87
26 881
881 654
783 804
804 441
288 339
339 105
514 73
73 125
829 873
873 484
45 345
345 758
903 126
126 403
2 713
713 592
408 707
707 573
762 844
844 846
323 678
678 825
765 232
232 102
138 634
634 14
554 534
534 112
783 277
277 415
324 771
771 933
572 362
362 102
408 759
759 193
787 652
652 240
795 659
659 633
408 168
168 51
293 600
600 608
721 529
529 105
324 58
58 187
914 726
726 816
572 387
387 833
733 250
250 275
899 225
225 663
60 774
774 745
889 176
176 102
2 326
326 548
733 843
843 136
554 209
209 117
910 671
671 424
10 545
545 75
694 374
374 859
872 130
130 633
212 261
261 112
485 248
248 852
834 543
543 745
52 207
207 608
138 820
820 931
150 538
538 758
932 768
768 185
72 778
778 859
324 907
907 99
733 839
839 880
889 667
667 157
889 518
518 593
572 365
365 254
147 924
924 14
408 904
904 14
324 908
908 188
147 919
919 200
264 301
301 550
26 577
577 593
554 646
646 55
264 642
642 208
721 905
905 441
485 124
124 675
264 252
252 550
610 763
763 654
783 832
832 383
97 325
325 490
610 752
752 187
324 826
826 200
324 923
923 675
323 495
495 573
572 777
777 188
733 354
354 131
147 174
174 850
721 595
595 193
872 875
875 608
45 649
649 563
910 390
390 611
787 162
162 859
485 540
540 441
128 198
198 193
138 520
520 441
212 108
108 136
264 18
18 415
829 359
359 316
461 494
494 131
264 296
296 833
570 5
5 102
765 680
680 51
570 375
375 563
461 401
401 208
565 848
848 237
293 203
203 592
10 898
898 816
733 508
508 927
795 146
146 931
323 887
887 833
408 3
3 657
872 661
661 550
765 425
425 275
572 669
669 550
694 869
869 131
932 79
79 383
765 928
928 313
60 567
567 563
889 863
863 663
565 916
916 484
570 594
594 33
903 749
749 299
72 159
159 102
45 153
153 299
765 181
181 254
128 710
710 663
84 865
865 654
795 606
606 441
570 580
580 316
72 201
201 208
554 586
586 187
133 701
701 415
255 273
273 608
212 879
879 490
889 706
706 99
52 263
263 304
932 894
894 499
610 287
287 187
733 151
151 125
45 624
624 755
783 269
269 313
787 74
74 188
787 179
179 188
910 627
627 758
765 478
478 424
899 576
576 105
762 129
129 846
914 788
788 852
15 835
835 75
787 307
307 75
721 20
20 208
787 251
251 608
97 677
677 51
323 603
603 755
264 537
537 308
323 115
115 75
212 222
222 208
60 609
609 303
485 40
40 200
10 897
897 931
128 867
867 254
762 38
38 755
910 446
446 55
795 604
604 193
60 465
465 675
408 134
134 157
694 142
142 608
150 725
725 363
610 629
629 240
910 22
22 299
84 281
281 933
694 152
152 931
72 158
158 933
288 668
668 55
787 392
392 125
60 167
167 33
128 555
555 185
324 216
216 299
212 377
377 568
610 127
127 275
570 265
265 663
60 479
479 578
694 141
141 14
133 693
693 441
60 818
818 852
565 814
814 139
138 556
556 350
2 205
205 131
147 623
623 14
52 546
546 75
150 866
866 633
795 845
845 578
914 676
676 107
889 165
165 313
147 583
583 383
565 32
32 237
147 481
481 102
723 598
290 825
472 499
183 584
941 593
428 654
276 99
166 131
8 316
19 68
259 193
621 48
104 240
679 254
310 846
179 208
845 262
865 675
668 833
530 657
944 139
822 187
619 75
398 303
108 550
365 758
906 403
942 313
625 933
199 568
624 793
345 117
766 424
466 927
494 563
58 441
250 596
69 55
906 308
305 415
156 608
488 850
272 136
401 611
836 200
328 107
743 816
612 484
781 299
177 157
677 33
802 490
668 745
23 87
861 363
137 304
149 112
752 615
531 14
844 699
407 237
646 663
76 633
392 105
674 102
391 188
151 510
601 592
447 125
494 548
13 51
201 578
508 755
494 859
683 573
298 185
349 275
522 880
868 931
623 493
906 383
96 735
486 406
787 851
881 99
579 550
430 74
511 275
354 304
899 589
697 747
847 67
97 49
122 619
798 359
784 326
98 68
790 205
764 374
342 157
819 701
942 342
286 117
757 320
597 303
347 42
896 816
612 865
761 860
519 566
688 539
119 776
369 441
670 882
691 667
348 168
689 486
312 679
692 142
680 201
687 633
806 860
760 676
544 477
705 159
642 833
421 225
70 702
283 580
753 813
937 652
416 534
35 522
47 709
49 501
622 441
806 431
104 342
819 675
650 502
899 711
641 127
454 536
783 524
264 329
628 171
334 42
711 312
472 585
364 354
103 405
283 750
69 525
422 627
448 745
449 232
766 693
492 575
656 11
939 669
469 507
579 387
