5
998 1983 986
832 651
704 791
283 92
155 395
358 906
704 597
597 123
155 515
515 19
704 255
255 681
704 661
661 19
358 357
357 681
832 712
712 123
704 754
754 620
283 97
97 621
832 838
838 681
283 482
482 621
832 83
83 19
832 266
266 621
358 669
669 620
832 21
21 533
155 173
173 123
704 429
429 123
704 142
142 681
358 254
254 533
358 826
826 620
155 6
6 681
358 319
319 620
155 135
135 620
283 239
239 533
155 924
924 621
704 363
363 123
155 99
99 19
832 116
116 621
283 159
159 621
832 367
367 681
832 506
506 19
832 614
614 681
358 768
768 620
358 65
65 533
155 281
281 621
283 449
449 533
155 887
887 19
155 148
148 681
358 478
478 533
704 644
644 123
283 160
160 621
283 994
994 533
358 205
205 533
283 720
720 19
832 204
204 681
358 867
867 123
155 710
710 19
155 743
743 681
832 33
33 681
358 91
91 681
358 252
252 621
283 830
830 19
704 818
818 123
283 748
748 620
283 901
901 620
832 888
888 533
358 126
126 620
283 673
673 620
283 61
61 620
832 955
955 620
704 408
408 19
155 727
727 533
283 420
420 620
283 592
592 123
155 915
915 19
155 603
603 620
704 732
732 123
155 215
215 123
832 82
82 621
832 588
588 621
358 280
280 19
704 14
14 620
704 573
573 123
358 273
273 621
155 361
361 533
283 376
376 19
155 647
647 621
283 225
225 621
358 894
894 681
358 646
646 123
283 208
208 681
832 557
557 19
832 871
871 533
832 824
824 621
283 943
943 19
704 81
81 621
358 679
679 533
832 948
948 19
283 755
755 681
704 291
291 621
283 494
494 123
704 546
546 19
358 167
167 620
358 549
549 19
832 199
199 533
358 354
354 621
358 561
561 681
704 575
575 19
155 954
954 533
283 206
206 533
704 344
344 621
704 706
706 681
832 741
741 19
704 566
566 620
358 789
789 123
283 895
895 620
155 988
988 621
704 953
953 621
704 493
493 123
283 70
70 123
155 51
51 19
832 539
539 621
832 858
858 681
358 402
402 19
832 456
456 621
155 643
643 621
283 606
606 620
832 854
854 620
358 355
355 19
704 903
903 620
832 130
130 19
704 814
814 19
283 141
141 533
283 749
749 19
283 921
921 681
155 626
626 621
832 467
467 620
704 454
454 533
704 657
657 533
358 808
808 19
283 170
170 19
283 847
847 620
358 299
299 681
704 450
450 123
358 530
530 19
283 495
495 620
358 907
907 19
283 987
987 533
283 314
314 681
283 393
393 19
704 66
66 620
155 427
427 681
704 484
484 533
283 35
35 533
283 738
738 620
283 913
913 681
832 210
210 533
832 58
58 19
832 502
502 533
155 30
30 19
832 111
111 533
283 746
746 123
832 949
949 533
832 411
411 621
283 688
688 621
283 959
959 123
704 938
938 19
155 745
745 620
704 334
334 533
358 656
656 621
155 132
132 620
704 509
509 123
155 828
828 621
832 40
40 533
283 424
424 621
283 168
168 681
832 105
105 19
283 18
18 681
155 630
630 620
704 92
92 123
155 709
709 123
155 827
827 621
832 207
207 123
155 628
628 123
155 278
278 681
283 378
378 19
704 543
543 19
832 731
731 123
704 414
414 123
283 180
180 19
283 102
102 681
832 783
783 123
832 140
140 621
283 332
332 533
832 770
770 533
283 307
307 620
704 671
671 621
155 31
31 533
155 678
678 19
155 72
72 123
704 787
787 533
155 117
117 681
704 670
670 19
358 638
638 681
283 431
431 533
283 410
410 620
832 632
632 621
283 622
622 620
155 618
618 19
704 440
440 681
155 405
405 621
704 513
513 533
832 531
531 19
358 813
813 620
358 371
371 620
283 364
364 19
832 930
930 123
283 708
708 123
283 833
833 620
283 308
308 533
155 893
893 620
155 312
312 681
155 271
271 123
358 552
552 533
832 983
983 621
358 343
343 533
155 822
822 533
283 36
36 620
155 842
842 621
358 23
23 621
283 362
362 681
832 235
235 533
832 434
434 123
155 922
922 620
358 651
651 621
155 923
923 621
832 472
472 621
155 407
407 19
155 339
339 19
704 820
820 19
155 793
793 620
704 961
961 620
832 837
837 533
704 268
268 123
283 611
611 19
155 113
113 19
155 962
962 621
832 441
441 533
704 259
259 123
358 615
615 621
358 957
957 681
283 677
677 533
283 791
791 19
358 93
93 123
832 726
726 19
283 801
801 621
155 236
236 620
704 455
455 533
832 151
151 620
283 468
468 533
283 918
918 620
704 892
892 533
358 43
43 19
832 914
914 19
155 305
305 123
704 222
222 19
358 445
445 621
283 263
263 620
283 668
668 620
832 972
972 681
832 599
599 621
358 94
94 123
283 150
150 620
358 676
676 533
832 243
243 681
155 686
686 621
155 815
815 620
358 274
274 620
283 660
660 621
704 320
320 681
704 300
300 681
832 137
137 533
358 810
810 620
704 480
480 620
358 461
461 620
155 601
601 19
704 722
722 19
283 12
12 621
832 816
816 681
283 366
366 533
704 149
149 681
832 78
78 681
283 744
744 620
155 902
902 621
704 665
665 19
704 848
848 533
358 439
439 19
358 836
836 19
283 192
192 621
358 124
124 620
704 785
785 123
832 612
612 621
704 119
119 620
358 417
417 681
155 218
218 533
832 45
45 620
358 330
330 681
358 329
329 681
832 9
9 19
358 762
762 621
832 662
662 19
704 896
896 681
358 153
153 123
358 839
839 19
283 523
523 123
155 798
798 19
832 756
756 681
832 323
323 681
283 935
935 620
358 133
133 621
283 469
469 123
832 486
486 19
155 703
703 681
832 214
214 621
283 359
359 620
283 39
39 533
358 876
876 621
832 375
375 123
283 248
248 123
704 778
778 620
704 997
997 620
832 853
853 123
704 674
674 620
832 302
302 19
832 844
844 533
283 309
309 533
358 47
47 681
832 101
101 620
155 996
996 681
358 272
272 123
832 44
44 621
704 452
452 681
283 576
576 681
283 538
538 681
704 736
736 533
358 388
388 681
155 152
152 621
832 616
616 533
832 59
59 19
358 534
534 533
832 260
260 681
155 42
42 533
704 227
227 620
704 591
591 19
704 342
342 621
704 463
463 621
283 963
963 533
283 570
570 681
704 752
752 19
155 675
675 533
283 633
633 620
283 649
649 533
358 4
4 621
358 852
852 681
832 692
692 19
832 346
346 620
358 368
368 123
283 595
595 681
906 123
358 56
56 19
283 306
306 19
155 602
602 621
704 753
753 19
155 931
931 123
704 75
75 620
155 872
872 681
704 134
134 621
155 777
777 621
832 553
553 621
704 285
285 533
283 55
55 533
155 586
586 620
155 512
512 19
832 974
974 19
283 457
457 19
155 841
841 123
283 62
62 533
358 672
672 123
832 550
550 19
832 969
969 123
155 421
421 533
358 169
169 681
155 381
381 123
155 379
379 533
704 806
806 621
155 625
625 681
155 568
568 621
358 258
258 19
832 790
790 123
832 578
578 681
283 716
716 620
155 432
432 533
358 951
951 123
704 508
508 621
155 465
465 620
704 804
804 621
832 489
489 681
704 526
526 19
832 860
860 620
155 582
582 620
704 425
425 681
155 187
187 123
358 904
904 621
832 834
834 19
704 967
967 19
283 349
349 123
155 436
436 123
832 607
607 621
704 16
16 533
704 916
916 19
704 594
594 533
704 757
757 681
155 799
799 620
704 917
917 123
155 295
295 123
283 79
79 123
283 270
270 621
283 216
216 681
358 831
831 123
832 246
246 123
155 497
497 123
155 600
600 533
704 536
536 533
832 883
883 533
283 912
912 681
358 840
840 123
155 397
397 533
832 579
579 621
832 580
580 533
704 540
540 533
155 166
166 123
832 212
212 620
704 936
936 123
358 718
718 681
704 282
282 681
704 788
788 533
704 897
897 533
358 909
909 19
358 868
868 620
832 158
158 19
704 859
859 123
832 823
823 533
832 474
474 620
155 240
240 681
704 265
265 533
832 551
551 620
155 194
194 681
832 608
608 533
358 690
690 681
155 80
80 620
358 680
680 620
155 296
296 621
832 181
181 620
358 976
976 533
283 964
964 620
358 499
499 620
155 937
937 533
832 535
535 681
283 942
942 533
832 198
198 123
832 609
609 533
832 960
960 533
704 927
927 621
704 725
725 620
155 350
350 19
704 413
413 620
832 244
244 123
832 143
143 123
155 176
176 533
704 5
5 681
283 352
352 620
155 139
139 620
704 865
865 681
358 640
640 681
155 684
684 681
832 88
88 19
704 900
900 620
358 572
572 123
358 471
471 620
283 145
145 621
704 691
691 621
832 875
875 123
283 563
563 621
155 995
995 681
155 812
812 19
704 795
795 19
358 183
183 621
358 289
289 621
704 775
775 123
704 68
68 621
358 920
920 123
832 850
850 123
704 389
389 620
283 905
905 681
283 970
970 533
832 325
325 123
704 269
269 620
704 73
73 621
704 200
200 681
704 596
596 621
358 77
77 533
704 928
928 681
832 613
613 621
358 747
747 681
358 178
178 123
358 655
655 19
358 877
877 621
358 700
700 681
704 645
645 620
283 866
866 19
155 483
483 621
155 26
26 620
704 100
100 123
704 422
422 533
704 829
829 681
358 25
25 19
155 491
491 123
358 899
899 123
358 89
89 681
358 772
772 123
358 406
406 533
358 878
878 19
358 69
69 533
358 802
802 621
704 172
172 19
832 636
636 681
358 211
211 123
155 496
496 123
358 851
851 533
832 374
374 681
155 292
292 19
155 993
993 620
155 879
879 681
704 705
705 620
704 740
740 19
155 251
251 123
832 190
190 123
155 76
76 621
832 136
136 533
283 941
941 621
155 819
819 621
832 351
351 621
155 387
387 123
155 560
560 620
155 623
623 621
283 982
982 19
704 542
542 533
358 129
129 123
283 558
558 123
832 290
290 621
704 682
682 123
358 487
487 533
704 37
37 19
704 835
835 620
704 697
697 681
832 459
459 620
155 569
569 620
155 50
50 123
358 188
188 19
155 157
157 681
358 418
418 19
832 316
316 620
704 398
398 19
832 369
369 533
832 774
774 19
283 956
956 621
155 267
267 19
704 971
971 123
832 664
664 621
358 933
933 123
832 385
385 620
155 881
881 19
704 127
127 533
283 991
991 533
704 733
733 123
704 294
294 533
832 370
370 123
283 241
241 621
358 345
345 123
155 249
249 123
283 185
185 123
358 48
48 681
832 29
29 533
704 855
855 621
283 237
237 620
704 419
419 533
832 862
862 19
155 984
984 621
283 737
737 533
155 336
336 19
155 864
864 19
283 519
519 123
155 10
10 123
283 760
760 681
155 256
256 533
358 110
110 620
704 764
764 621
283 863
863 123
155 528
528 533
155 873
873 19
283 784
784 19
358 196
196 533
358 386
386 123
704 516
516 19
832 593
593 621
832 723
723 620
358 973
973 681
832 324
324 681
155 689
689 620
358 373
373 19
832 729
729 533
832 911
911 19
704 529
529 621
704 412
412 19
358 57
57 533
832 537
537 621
283 400
400 621
155 372
372 123
704 390
390 19
283 109
109 123
358 659
659 123
358 34
34 681
832 501
501 533
155 968
968 19
155 886
886 19
283 184
184 123
832 394
394 19
283 98
98 533
283 341
341 533
358 331
331 123
155 288
288 620
704 409
409 681
832 637
637 621
358 525
525 123
832 337
337 19
358 654
654 123
155 992
992 123
832 384
384 681
832 773
773 681
155 965
965 19
155 891
891 681
832 313
313 533
283 817
817 533
155 275
275 621
283 699
699 123
358 104
104 123
704 548
548 620
358 293
293 123
832 475
475 533
832 377
377 620
358 629
629 681
704 154
154 620
704 28
28 533
832 444
444 19
283 391
391 19
832 230
230 123
283 335
335 621
358 182
182 620
704 303
303 123
358 186
186 123
832 521
521 123
358 464
464 19
155 348
348 123
155 771
771 123
283 585
585 681
704 781
781 533
358 365
365 19
283 966
966 19
704 353
353 681
704 845
845 123
155 750
750 533
358 869
869 533
155 989
989 681
283 734
734 533
832 138
138 681
155 889
889 19
358 809
809 533
155 796
796 19
832 492
492 621
283 164
164 19
358 443
443 620
704 947
947 620
832 695
695 621
704 980
980 621
832 821
821 620
283 297
297 621
155 7
7 621
358 209
209 533
832 226
226 19
832 564
564 621
283 317
317 533
283 156
156 533
283 253
253 681
704 333
333 681
704 318
318 621
832 648
648 123
358 201
201 533
358 20
20 19
704 67
67 19
832 635
635 621
155 761
761 681
283 144
144 681
155 498
498 533
155 277
277 533
283 125
125 681
283 63
63 620
704 32
32 620
283 604
604 620
358 84
84 19
704 223
223 19
358 574
574 533
358 556
556 620
358 908
908 621
704 617
617 533
358 751
751 19
832 587
587 123
832 730
730 533
155 224
224 533
704 518
518 620
704 380
380 621
283 46
46 19
358 232
232 533
358 898
898 19
155 524
524 621
832 264
264 123
832 805
805 123
358 146
146 123
704 15
15 621
832 510
510 533
832 581
581 533
704 488
488 621
832 715
715 123
358 451
451 533
358 234
234 123
832 490
490 681
155 203
203 681
155 507
507 621
155 435
435 533
704 652
652 533
832 934
934 123
704 163
163 533
832 106
106 620
283 885
885 681
155 103
103 123
358 24
24 123
283 447
447 19
832 279
279 621
155 161
161 621
704 554
554 123
832 946
946 681
358 233
233 123
358 562
562 620
358 466
466 123
704 776
776 681
358 473
473 621
832 122
122 620
704 114
114 533
283 590
590 123
155 800
800 19
155 767
767 533
155 453
453 620
704 286
286 621
832 383
383 123
155 131
131 681
283 696
696 533
155 64
64 621
283 925
925 620
358 96
96 620
155 179
179 533
832 174
174 620
283 60
60 621
358 634
634 681
704 958
958 621
283 462
462 123
832 321
321 621
832 423
423 681
832 555
555 19
832 583
583 620
704 257
257 620
832 245
245 681
832 610
610 123
704 910
910 19
283 653
653 681
283 739
739 123
358 17
17 123
358 438
438 123
704 171
171 123
358 711
711 19
832 213
213 123
283 584
584 19
704 8
8 620
155 545
545 123
358 470
470 19
283 310
310 533
832 193
193 19
155 120
120 681
832 242
242 123
704 763
763 681
358 340
340 621
832 503
503 533
283 404
404 681
155 416
416 620
358 220
220 620
704 287
287 19
832 276
276 681
155 701
701 19
832 477
477 123
832 694
694 123
704 311
311 19
283 714
714 681
704 504
504 681
704 191
191 681
358 442
442 621
704 396
396 19
155 825
825 620
155 919
919 533
155 567
567 620
358 86
86 533
155 724
724 123
155 13
13 620
358 115
115 123
832 977
977 681
832 559
559 621
283 403
403 533
283 986
986 620
704 217
217 19
155 945
945 19
283 1
1 681
704 713
713 681
704 765
765 533
358 107
107 681
704 658
658 621
283 803
803 533
358 304
304 620
358 641
641 123
358 786
786 123
704 315
315 681
283 356
356 19
832 766
766 621
283 650
650 19
155 85
85 123
832 985
985 621
155 769
769 621
358 532
532 621
283 807
807 620
358 721
721 621
704 624
624 681
155 978
978 621
832 401
401 19
832 121
121 621
283 870
870 19
155 544
544 533
155 687
687 621
283 448
448 681
358 780
780 123
358 717
717 621
358 758
758 620
155 939
939 533
155 779
779 123
832 861
861 621
358 392
392 19
283 728
728 533
704 485
485 19
283 74
74 533
155 990
990 621
155 2
2 621
155 975
975 533
704 415
415 681
155 238
238 123
283 998
998 621
283 849
849 681
155 505
505 123
283 71
71 123
283 940
940 681
358 202
202 621
358 460
460 123
358 108
108 621
832 399
399 533
358 479
479 620
832 565
565 621
283 53
53 123
832 698
698 533
283 54
54 620
704 735
735 533
704 147
147 533
832 794
794 19
358 707
707 533
832 162
162 533
358 433
433 621
283 301
301 123
358 228
228 620
832 577
577 681
358 950
950 620
832 458
458 19
832 52
52 621
283 229
229 620
283 522
522 681
704 890
890 620
283 541
541 123
832 944
944 19
283 514
514 620
704 221
221 123
358 874
874 123
358 683
683 620
832 165
165 19
832 90
90 19
283 884
884 621
283 511
511 533
358 3
3 19
358 298
298 681
155 782
782 621
155 857
857 681
155 846
846 123
155 619
619 621
155 446
446 19
832 261
261 620
832 328
328 533
358 195
195 533
155 27
27 123
283 981
981 533
358 481
481 621
704 128
128 123
832 197
197 123
832 926
926 19
155 856
856 620
155 327
327 620
283 118
118 621
704 882
882 123
358 693
693 533
358 719
719 533
283 639
639 620
832 338
338 620
832 360
360 681
283 11
11 123
358 520
520 533
155 41
41 620
155 952
952 620
704 527
527 533
704 284
284 123
832 49
49 620
283 476
476 620
832 231
231 533
155 250
250 533
283 932
932 621
283 395
395 681
283 742
742 533
832 792
792 620
832 666
666 620
283 702
702 533
704 685
685 19
155 589
589 681
283 347
347 621
832 426
426 123
155 627
627 533
358 247
247 681
155 797
797 621
832 811
811 533
704 430
430 681
283 326
326 19
832 663
663 19
155 517
517 19
704 605
605 123
832 219
219 620
283 177
177 621
283 38
38 123
832 95
95 621
704 87
87 533
283 642
642 681
832 880
880 123
832 382
382 19
704 428
428 123
283 262
262 19
704 22
22 620
832 598
598 19
832 189
189 123
704 843
843 19
704 759
759 533
358 437
437 681
704 631
631 620
155 175
175 19
832 979
979 19
704 667
667 621
704 571
571 621
832 929
929 19
283 112
112 621
358 547
547 620
155 322
322 681
358 500
500 621
139 621
383 533
404 620
166 681
409 123
991 1930 902
914 549
386 635
593 171
17 940
857 935
793 361
140 748
534 964
651 944
58 833
392 46
707 769
619 672
203 153
366 298
846 551
590 379
197 373
685 706
596 46
507 238
47 745
406 450
540 710
114 939
622 18
327 823
62 690
713 46
660 69
782 40
326 14
929 83
677 669
281 585
86 426
578 403
591 767
984 967
223 514
155 714
728 44
369 557
132 490
312 46
961 673
628 783
854 70
269 152
60 498
368 126
462 262
550 441
68 222
978 855
703 600
68 375
375 516
507 215
215 786
386 401
401 13
312 436
436 983
846 830
830 102
978 512
512 72
984 824
824 102
685 896
896 102
854 878
878 25
326 923
923 279
281 421
421 569
846 24
24 337
223 749
749 474
677 673
673 13
590 888
888 189
914 662
662 102
68 726
726 210
857 275
275 474
793 799
799 515
961 884
884 236
507 183
183 25
651 247
247 123
368 265
265 337
132 656
656 569
660 43
43 99
68 764
764 516
406 776
776 332
984 845
845 852
984 245
245 236
677 792
792 983
550 968
968 210
386 124
124 142
984 398
398 821
534 341
341 821
534 146
146 983
58 542
542 102
366 771
771 123
17 843
843 474
793 939
939 142
203 350
350 13
854 144
144 955
507 860
860 13
978 918
918 72
707 552
552 515
269 355
355 338
366 645
645 744
60 796
796 168
728 902
902 473
269 451
451 983
854 623
623 852
58 727
727 156
392 605
605 786
462 853
853 156
540 826
826 983
269 106
106 821
281 423
423 167
62 455
455 102
368 205
205 279
62 539
539 168
914 50
50 25
86 438
438 955
703 306
306 983
596 705
705 123
114 822
822 332
540 841
841 473
86 3
3 279
622 331
331 983
62 14
14 156
155 665
665 168
369 676
676 473
366 688
688 13
703 502
502 983
728 208
208 955
507 407
407 189
62 802
802 189
369 405
405 99
58 309
309 744
590 185
185 744
685 12
12 474
677 903
903 955
269 148
148 473
197 719
719 821
281 238
238 696
392 844
844 210
593 862
862 167
366 295
295 955
590 33
33 516
978 945
945 696
914 788
788 338
406 151
151 167
619 224
224 25
203 87
87 725
854 235
235 142
326 93
93 167
386 137
137 515
281 874
874 168
406 41
41 236
368 814
814 955
534 296
296 25
369 541
541 955
507 629
629 821
327 898
898 168
86 186
186 786
540 98
98 516
369 930
930 473
578 900
900 236
660 722
722 102
534 869
869 189
591 686
686 102
406 373
373 474
62 777
777 189
386 5
5 189
114 597
597 332
685 495
495 210
62 103
103 337
540 334
334 168
386 909
909 453
929 11
11 474
368 320
320 142
312 365
365 236
591 643
643 168
782 735
735 123
534 467
467 515
914 920
920 156
62 424
424 516
223 362
362 955
593 832
832 189
534 328
328 474
914 921
921 189
660 472
472 744
68 6
6 744
782 924
924 236
140 254
254 167
312 91
91 99
854 476
476 474
929 543
543 983
728 246
246 72
223 976
976 72
368 491
491 236
223 556
556 167
782 204
204 744
846 170
170 72
327 213
213 983
677 544
544 515
622 774
774 515
550 252
252 168
366 872
872 852
961 356
356 337
782 241
241 852
914 562
562 123
713 971
971 338
132 631
631 13
707 494
494 279
223 20
20 13
540 499
499 332
507 916
916 156
846 261
261 453
628 97
97 123
728 139
139 99
114 267
267 123
223 377
377 236
619 871
871 955
392 618
618 142
406 963
963 337
929 574
574 102
578 642
642 337
406 32
32 453
462 187
187 852
651 763
763 473
58 851
851 99
155 82
82 725
140 558
558 983
651 648
648 13
534 285
285 168
155 603
603 569
628 948
948 168
392 750
750 72
406 259
259 167
114 349
349 474
590 207
207 725
651 775
775 142
386 431
431 744
386 950
950 473
17 683
683 142
984 376
376 696
392 606
606 142
591 694
694 25
929 220
220 279
47 893
893 473
62 199
199 13
281 120
120 515
628 153
153 337
269 411
411 955
590 627
627 25
550 214
214 168
782 668
668 569
327 435
435 725
386 221
221 338
914 52
52 696
578 704
704 569
628 519
519 983
578 818
818 210
591 380
380 338
60 678
678 516
713 2
2 142
961 684
684 236
326 37
37 236
392 615
615 142
507 951
951 569
590 234
234 852
793 233
233 338
197 417
417 168
707 396
396 696
462 768
768 453
703 325
325 725
782 287
287 569
269 74
74 210
854 518
518 156
578 674
674 786
961 486
486 744
312 613
613 569
929 46
46 337
369 351
351 883
685 586
586 279
596 256
256 189
857 83
83 167
651 889
889 156
728 517
517 473
368 767
767 821
86 147
147 13
728 101
101 338
114 875
875 569
713 363
363 210
366 740
740 99
651 458
458 983
929 95
95 983
203 559
559 72
366 670
670 102
462 861
861 210
782 192
192 569
782 987
987 189
984 347
347 102
312 154
154 473
651 466
466 983
392 954
954 156
58 965
965 332
782 601
601 13
269 503
503 338
47 989
989 338
312 617
617 167
660 890
890 473
685 991
991 25
369 263
263 102
312 253
253 168
782 340
340 279
713 196
196 337
68 4
4 236
140 904
904 142
197 714
714 123
590 463
463 142
793 240
240 168
62 357
357 13
155 206
206 13
312 952
952 983
140 420
420 25
713 592
592 453
703 599
599 983
622 973
973 821
386 30
30 473
326 115
115 156
550 588
588 337
685 125
125 13
47 988
988 25
203 690
690 13
677 218
218 279
703 229
229 168
984 109
109 142
540 184
184 883
782 107
107 123
590 487
487 696
60 145
145 821
326 659
659 332
155 718
718 883
793 177
177 473
628 397
397 236
269 367
367 99
707 641
641 123
846 525
525 337
114 497
497 189
68 877
877 102
846 671
671 569
269 382
382 696
846 710
710 338
685 582
582 168
593 36
36 569
462 773
773 516
17 242
242 569
782 303
303 102
578 273
273 515
140 589
589 569
17 887
887 516
269 311
311 25
978 227
227 142
782 432
432 474
60 280
280 786
60 751
751 515
269 936
936 983
619 348
348 337
58 736
736 189
929 219
219 279
651 34
34 744
47 570
570 852
155 31
31 337
392 881
881 338
854 675
675 337
17 868
868 453
155 80
80 474
622 354
354 744
619 787
787 72
281 630
630 516
326 113
113 279
62 84
84 725
857 506
506 983
929 885
885 72
269 67
67 279
590 895
895 516
540 138
138 569
578 806
806 123
462 322
322 474
703 135
135 156
619 739
739 515
462 88
88 102
534 293
293 338
914 693
693 102
132 194
194 156
223 501
501 474
550 442
442 102
846 762
762 142
978 286
286 725
223 910
910 955
114 755
755 696
685 231
231 883
368 1
1 725
782 430
430 210
312 248
248 453
846 173
173 338
628 427
427 516
854 225
225 473
155 428
428 337
462 165
165 99
406 865
865 142
386 639
639 696
596 864
864 102
703 57
57 883
60 789
789 955
685 842
842 696
269 760
760 516
854 422
422 516
366 938
938 236
914 291
291 569
713 100
100 696
782 743
743 236
462 870
870 337
854 483
483 725
507 128
128 515
857 371
371 236
593 624
624 332
619 158
158 337
590 925
925 569
707 346
346 983
47 942
942 852
978 698
698 883
223 608
608 338
713 381
381 852
628 941
941 142
590 364
364 474
978 29
29 453
929 297
297 189
203 738
738 786
984 399
399 168
984 387
387 156
312 962
962 279
703 813
813 123
707 272
272 189
47 937
937 337
281 493
493 337
140 292
292 279
622 361
361 338
62 825
825 852
660 16
16 696
203 547
547 852
62 715
715 569
58 209
209 852
782 652
652 725
728 110
110 279
507 444
444 821
914 873
873 569
793 111
111 210
846 222
222 72
68 778
778 13
140 481
481 13
462 178
178 210
281 724
724 210
593 513
513 821
978 395
395 210
660 687
687 983
707 379
379 474
929 433
433 72
660 181
181 696
47 932
932 72
978 969
969 883
622 790
790 821
590 449
449 156
369 934
934 474
685 566
566 13
550 389
389 337
155 394
394 279
961 18
18 338
929 699
699 516
60 53
53 123
269 49
49 338
60 563
563 337
929 803
803 332
685 492
492 983
203 682
682 337
223 720
720 696
590 901
901 453
782 538
538 102
197 226
226 167
984 579
579 102
596 640
640 955
578 26
26 473
961 59
59 821
462 468
468 569
114 96
96 821
462 620
620 474
703 469
469 696
984 708
708 189
846 644
644 25
713 89
89 744
60 943
943 99
914 478
478 821
713 447
447 210
578 66
66 744
978 171
171 168
281 200
200 474
47 866
866 821
68 390
390 102
132 669
669 189
68 817
817 744
728 833
833 337
590 549
549 852
590 383
383 725
369 289
289 123
596 180
180 236
590 408
408 332
86 172
172 168
534 960
960 338
406 318
318 725
281 614
614 332
368 672
672 516
62 464
464 983
685 753
753 473
366 161
161 25
854 650
650 696
62 975
975 25
281 55
55 332
534 64
64 744
155 758
758 210
406 445
445 337
578 595
595 453
462 632
632 725
386 179
179 337
327 809
809 696
68 470
470 338
326 981
981 744
86 169
169 156
854 359
359 102
854 393
393 338
978 880
880 744
707 855
855 725
58 933
933 983
707 573
573 102
914 625
625 25
17 300
300 725
114 791
791 13
728 212
212 13
591 133
133 338
854 734
734 744
914 69
69 168
854 661
661 167
857 891
891 210
132 127
127 338
854 92
92 983
685 324
324 821
406 576
576 852
540 244
244 142
368 545
545 744
197 756
756 337
685 264
264 473
914 804
804 168
984 742
742 744
550 496
496 453
47 191
191 210
593 65
65 569
17 10
10 210
619 765
765 744
132 702
702 167
60 654
654 852
392 849
849 167
854 159
159 569
47 314
314 955
590 577
577 725
728 330
330 123
223 412
412 123
622 262
262 168
507 243
243 338
707 931
931 725
677 553
553 453
707 798
798 102
17 667
667 883
327 27
27 123
651 658
658 516
713 730
730 725
782 926
926 955
984 54
54 123
326 858
858 569
114 548
548 474
707 766
766 142
593 274
274 337
596 418
418 883
203 815
815 821
155 528
528 786
685 533
533 210
47 343
343 983
369 104
104 473
68 434
434 210
619 723
723 236
984 958
958 983
677 250
250 123
857 164
164 474
155 847
847 786
86 116
116 99
132 249
249 156
132 957
957 167
961 440
440 25
326 266
266 569
281 980
980 473
17 745
745 168
984 23
23 332
961 838
838 515
132 310
310 821
651 258
258 852
17 537
537 156
312 801
801 453
86 78
78 72
622 452
452 13
782 216
216 102
978 807
807 337
312 8
8 821
366 944
944 99
540 697
697 955
929 336
336 168
677 634
634 696
793 935
935 473
846 160
160 123
590 779
779 168
327 626
626 156
793 456
456 696
857 414
414 99
58 580
580 72
793 385
385 474
197 972
972 99
392 638
638 167
619 282
282 279
203 479
479 474
534 174
174 142
846 783
783 236
596 535
535 168
593 964
964 696
62 716
716 156
978 840
840 168
392 321
321 515
312 967
967 473
223 198
198 473
685 546
546 473
685 277
277 955
540 35
35 786
550 526
526 569
60 271
271 102
369 437
437 279
462 531
531 332
281 557
557 473
60 985
985 696
677 524
524 13
197 611
611 332
550 812
812 168
312 691
691 189
857 255
255 338
132 450
450 473
369 304
304 515
728 912
912 167
660 441
441 516
628 482
482 156
507 319
319 236
651 681
681 102
132 561
561 955
114 77
77 453
929 193
193 337
728 966
966 696
392 604
604 332
326 911
911 821
86 384
384 786
978 44
44 474
132 863
863 167
17 583
583 142
651 51
51 786
590 391
391 102
406 22
22 786
929 701
701 167
62 917
917 569
929 811
811 13
406 689
689 142
728 831
831 167
462 555
555 13
60 333
333 332
368 94
94 167
326 956
956 123
369 746
746 725
17 465
465 696
651 117
117 99
622 75
75 332
857 237
237 569
914 257
257 142
550 182
182 516
507 344
344 236
68 484
484 123
86 202
202 142
651 429
429 142
660 232
232 102
326 621
621 883
793 443
443 569
622 572
572 337
507 419
419 337
155 403
403 210
651 477
477 168
534 527
527 99
677 795
795 168
857 388
388 696
929 970
970 786
155 313
313 725
677 663
663 332
793 882
882 99
369 260
260 569
651 927
927 123
713 829
829 983
534 839
839 983
651 859
859 189
728 316
316 189
961 28
28 337
628 982
982 453
619 439
439 13
590 741
741 236
590 637
637 852
550 73
73 142
197 646
646 102
369 757
757 279
392 770
770 25
782 700
700 515
782 530
530 725
197 752
752 473
223 118
118 102
534 733
733 744
269 897
897 955
677 448
448 696
914 805
805 156
223 129
129 883
857 986
986 279
961 769
769 337
929 283
283 983
462 587
587 337
392 657
657 99
703 610
610 569
782 121
121 123
622 345
345 167
593 105
105 337
782 797
797 821
534 166
166 337
197 136
136 189
197 480
480 236
507 157
157 142
140 378
378 473
368 820
820 123
707 600
600 744
58 529
529 955
386 416
416 167
62 915
915 142
86 284
284 569
961 585
585 725
197 270
270 123
857 823
823 955
203 867
867 156
369 459
459 744
660 342
342 332
327 190
190 515
462 711
711 786
978 21
21 72
507 522
522 955
857 188
188 955
857 721
721 123
155 130
130 13
197 876
876 983
540 571
571 453
312 551
551 102
685 488
488 474
540 308
308 473
857 323
323 852
728 664
664 279
978 211
211 236
392 949
949 473
984 504
504 338
984 520
520 189
685 329
329 696
685 42
42 852
507 400
400 474
660 609
609 167
854 299
299 337
703 532
532 821
651 567
567 168
929 71
71 744
914 461
461 515
269 856
856 13
406 76
76 474
155 7
7 168
462 15
15 852
281 278
278 744
707 112
112 983
462 602
602 168
591 816
816 337
728 152
152 744
550 85
85 210
326 748
748 210
58 508
508 983
622 666
666 102
578 90
90 821
312 372
372 744
507 850
850 99
929 953
953 569
140 454
454 337
782 649
649 72
984 19
19 474
619 581
581 453
793 360
360 569
591 276
276 168
984 647
647 473
660 922
922 142
685 511
511 25
327 239
239 142
312 919
919 725
540 143
143 25
392 692
692 168
281 217
217 102
327 913
913 515
68 307
307 516
978 122
122 725
197 607
607 236
651 425
425 72
593 784
784 696
114 175
175 167
203 754
754 189
590 498
498 744
369 471
471 156
707 268
268 955
622 781
781 696
312 150
150 744
369 39
39 25
578 426
426 189
58 808
808 453
269 848
848 332
929 352
352 167
728 635
635 337
728 717
717 168
369 680
680 515
677 510
510 332
707 536
536 515
550 894
894 955
17 40
40 123
86 835
835 569
713 56
56 236
578 706
706 744
140 565
565 99
68 653
653 102
327 108
108 515
60 195
195 516
114 594
594 955
854 616
616 453
60 45
45 516
326 63
63 516
593 761
761 786
368 509
509 983
68 358
358 852
619 560
560 725
368 879
879 955
269 633
633 338
140 505
505 123
62 737
737 474
507 374
374 156
846 485
485 167
728 119
119 210
62 126
126 25
550 655
655 516
68 905
905 883
619 514
514 102
685 460
460 515
540 353
353 569
703 575
575 189
197 134
134 983
550 837
837 279
327 612
612 13
155 785
785 337
203 810
810 744
369 301
301 332
60 410
410 473
914 141
141 142
854 940
940 474
86 79
79 725
622 819
819 156
619 794
794 983
578 489
489 337
707 38
38 279
223 990
990 696
462 907
907 142
507 70
70 883
534 568
568 473
685 131
131 515
17 413
413 473
619 163
163 474
591 906
906 453
223 457
457 167
114 9
9 474
591 827
827 473
550 61
61 725
961 695
695 744
984 679
679 142
366 446
446 516
782 946
946 13
140 288
288 883
578 759
759 210
713 564
564 725
406 828
828 569
47 974
974 725
793 908
908 515
369 899
899 696
534 886
886 25
406 598
598 25
857 298
298 569
534 228
228 236
590 149
149 474
593 404
404 72
17 475
475 515
58 947
947 210
281 409
409 167
58 317
317 13
857 584
584 852
269 302
302 210
978 81
81 102
58 201
201 983
854 836
836 883
703 521
521 156
619 290
290 210
17 636
636 786
462 402
402 210
114 834
834 210
155 339
339 696
857 800
800 189
540 230
230 515
854 415
415 786
155 162
162 516
140 731
731 453
703 500
500 210
914 712
712 883
60 305
305 189
68 523
523 142
507 294
294 332
462 251
251 123
368 772
772 102
591 554
554 983
223 490
490 955
651 335
335 983
406 315
315 473
578 709
709 516
17 729
729 474
591 959
959 337
978 732
732 515
846 747
747 883
17 780
780 99
590 48
48 516
62 892
892 279
269 370
370 515
590 979
979 72
619 928
928 156
961 176
176 123
914 977
977 156
498 189
384 25
405 786
411 696
118 744
501 13
532 279
675 852
41 123
676 474
686 883
215 955
391 168
484 453
637 338
479 142
141 102
76 983
720 516
758 821
90 236
299 515
939 337
438 332
370 725
134 473
124 99
519 569
78 210
574 167
745 156
651 563
60 767
203 513
405 324
539 195
868 666
874 790
580 827
599 667
932 243
718 211
686 321
676 128
554 370
231 210
11 950
699 646
68 759
868 71
920 126
310 308
323 239
229 934
194 979
228 475
434 473
645 755
50 927
287 912
159 717
312 724
120 734
677 486
662 666
424 780
990 317
685 811
932 1823 788
275 211
460 662
749 173
124 855
750 212
860 373
889 582
664 79
659 718
617 352
339 337
259 494
30 881
653 528
355 598
244 862
254 51
921 208
452 42
44 447
733 558
716 279
105 846
629 600
195 51
384 343
913 334
290 416
524 40
908 809
643 428
446 172
631 20
386 712
241 403
52 60
731 43
612 868
216 557
711 897
220 425
603 481
854 419
793 198
87 104
520 237
361 433
316 372
117 545
122 108
759 607
161 143
90 62
148 132
677 776
102 431
406 778
721 697
819 584
550 177
32 309
799 294
327 487
629 853
853 563
90 346
346 10
259 157
157 74
90 845
845 832
220 808
808 848
460 585
585 113
195 633
633 652
854 250
250 566
550 262
262 70
664 154
154 162
854 463
463 402
44 737
737 230
643 459
459 323
386 791
791 103
793 515
515 281
793 752
752 248
195 27
27 162
446 31
31 788
361 549
549 507
631 156
156 23
87 851
851 688
216 228
228 804
913 270
270 552
731 855
855 204
659 726
726 635
254 465
465 83
361 398
398 88
921 467
467 552
731 878
878 258
750 645
645 930
677 9
9 468
460 333
333 755
220 679
679 824
241 282
282 688
631 383
383 112
716 495
495 146
759 833
833 248
105 857
857 236
819 373
373 523
913 168
168 566
241 35
35 930
819 303
303 402
921 375
375 128
384 796
796 103
793 532
532 824
355 104
104 162
631 813
813 517
406 482
482 128
659 803
803 288
799 217
217 848
749 642
642 75
793 597
597 830
355 108
108 74
793 96
96 245
664 334
334 63
716 277
277 10
908 349
349 708
617 439
439 602
664 437
437 830
105 761
761 852
664 578
578 74
908 499
499 816
750 37
37 688
677 101
101 634
452 574
574 841
406 528
528 281
524 392
392 575
161 141
141 635
659 724
724 13
290 728
728 523
406 516
516 652
105 269
269 602
105 850
850 634
327 665
665 708
921 93
93 788
677 137
137 681
889 870
870 75
793 172
172 848
617 458
458 839
90 210
210 523
259 178
178 823
254 371
371 488
406 564
564 488
30 311
311 830
32 490
490 204
524 797
797 74
603 560
560 248
244 416
416 162
643 305
305 602
733 649
649 804
52 299
299 10
355 235
235 281
550 704
704 245
122 447
447 634
819 86
86 635
102 684
684 230
612 899
899 248
148 594
594 429
384 512
512 849
220 185
185 128
631 41
41 823
617 81
81 816
677 663
663 4
290 929
929 852
750 278
278 281
629 769
769 930
733 527
527 196
520 190
190 566
617 701
701 634
629 514
514 88
195 911
911 162
921 239
239 75
677 151
151 70
759 694
694 378
327 896
896 281
603 766
766 234
102 324
324 128
854 179
179 828
339 118
118 113
220 200
200 891
460 774
774 529
913 630
630 804
664 376
376 13
659 379
379 323
733 438
438 848
316 338
338 517
195 125
125 162
220 440
440 824
799 301
301 602
339 610
610 507
52 17
17 823
653 298
298 681
44 335
335 635
259 478
478 708
799 246
246 816
749 100
100 162
102 287
287 849
30 393
393 823
52 747
747 529
52 675
675 146
87 522
522 563
244 98
98 245
612 394
394 63
889 894
894 158
216 395
395 755
731 789
789 755
908 551
551 575
733 84
84 824
460 640
640 63
733 388
388 708
44 890
890 575
339 24
24 351
386 646
646 63
384 132
132 158
241 753
753 103
290 481
481 234
908 877
877 794
711 592
592 849
711 341
341 75
860 175
175 10
254 586
586 128
452 897
897 848
612 871
871 248
316 457
457 471
629 644
644 517
44 868
868 839
327 588
588 502
643 431
431 176
603 538
538 196
122 205
205 823
124 1
1 4
124 221
221 320
406 418
418 281
161 223
223 429
117 135
135 794
316 284
284 488
327 67
67 176
290 251
251 634
819 448
448 196
52 51
51 74
460 660
660 930
216 505
505 744
716 530
530 162
750 558
558 635
161 111
111 248
750 201
201 546
44 670
670 88
711 470
470 794
631 350
350 823
90 449
449 794
731 292
292 274
384 469
469 351
241 770
770 204
355 846
846 320
913 628
628 681
921 49
49 794
631 722
722 488
216 152
152 841
854 436
436 75
316 920
920 218
446 707
707 323
908 348
348 546
819 625
625 468
386 5
5 196
102 582
582 468
275 565
565 488
819 904
904 488
117 651
651 75
550 363
363 70
677 21
21 63
254 892
892 234
793 925
925 849
361 356
356 320
733 484
484 546
520 533
533 755
677 609
609 523
913 214
214 507
30 483
483 708
384 622
622 471
44 696
696 852
327 473
473 113
913 155
155 652
733 535
535 351
316 778
778 83
361 862
862 234
750 177
177 824
220 8
8 55
259 302
302 114
913 641
641 891
921 503
503 83
87 150
150 23
290 263
263 652
731 619
619 196
446 672
672 88
750 798
798 274
275 229
229 74
750 252
252 602
124 718
718 689
716 743
743 788
102 121
121 128
355 601
601 323
550 139
139 891
148 825
825 462
603 621
621 517
220 181
181 158
603 315
315 114
677 705
705 378
677 80
80 741
913 169
169 563
102 143
143 488
452 389
389 708
446 142
142 824
446 354
354 351
711 97
97 517
161 435
435 70
316 293
293 88
653 403
403 204
631 238
238 236
406 712
712 103
524 68
68 688
603 342
342 258
520 812
812 402
446 163
163 351
124 209
209 652
122 85
85 930
799 79
79 55
520 806
806 688
216 222
222 681
102 276
276 103
90 427
427 75
254 414
414 378
446 596
596 218
677 492
492 546
631 864
864 602
259 751
751 83
161 504
504 839
908 295
295 828
631 767
767 462
254 887
887 462
384 476
476 635
122 391
391 281
259 556
556 63
759 773
773 402
799 231
231 274
122 413
413 744
244 866
866 112
733 534
534 4
759 647
647 113
216 39
39 112
664 370
370 75
220 140
140 517
603 171
171 258
124 926
926 128
105 442
442 323
629 599
599 523
339 882
882 708
921 127
127 162
793 215
215 914
664 699
699 634
220 455
455 523
254 729
729 849
711 272
272 688
550 409
409 755
290 746
746 804
617 765
765 914
793 627
627 234
731 859
859 323
241 654
654 681
122 197
197 688
406 14
14 323
87 511
511 4
659 28
28 351
316 884
884 681
913 260
260 236
913 202
202 196
721 167
167 839
759 667
667 70
124 758
758 848
105 159
159 204
290 901
901 688
30 509
509 688
860 742
742 755
161 572
572 891
716 760
760 824
355 362
362 234
316 224
224 23
32 780
780 602
124 734
734 248
117 53
53 23
327 526
526 708
241 598
598 652
44 219
219 852
617 837
837 529
612 616
616 103
254 875
875 852
339 807
807 552
406 656
656 196
254 923
923 552
44 232
232 471
749 861
861 158
339 545
545 816
105 683
683 196
731 669
669 204
30 626
626 744
659 249
249 112
386 226
226 794
750 109
109 378
275 366
366 681
908 685
685 848
733 842
842 176
87 397
397 88
819 308
308 75
860 909
909 794
241 784
784 158
860 186
186 823
793 874
874 13
446 756
756 468
316 818
818 804
913 344
344 832
339 36
36 852
913 133
133 552
659 801
801 681
629 802
802 849
550 77
77 402
520 480
480 788
122 180
180 75
908 336
336 824
102 110
110 804
339 775
775 248
733 198
198 113
721 782
782 468
32 382
382 468
406 415
415 823
32 233
233 112
87 498
498 468
105 700
700 891
241 703
703 755
44 312
312 468
259 283
283 930
275 456
456 158
603 607
607 507
386 116
116 602
819 331
331 323
117 309
309 63
446 590
590 281
750 76
76 88
612 903
903 788
643 922
922 852
603 401
401 824
241 328
328 755
721 443
443 708
87 48
48 755
32 606
606 258
355 337
337 204
117 559
559 552
799 211
211 236
220 225
225 502
355 593
593 681
731 325
325 744
860 553
553 70
275 365
365 488
355 570
570 162
44 880
880 281
908 422
422 218
339 170
170 841
819 867
867 351
721 430
430 162
290 340
340 63
524 611
611 234
386 396
396 103
631 754
754 230
102 902
902 634
750 58
58 794
721 615
615 832
339 487
487 830
117 280
280 566
643 720
720 552
603 762
762 575
524 208
208 63
819 738
738 575
716 906
906 320
105 678
678 248
799 847
847 708
386 508
508 351
446 547
547 839
749 253
253 852
750 279
279 566
659 519
519 634
316 424
424 523
659 304
304 23
30 426
426 204
386 420
420 849
124 863
863 236
617 266
266 230
254 120
120 634
793 548
548 852
259 423
423 245
908 757
757 230
520 91
91 852
520 330
330 832
799 380
380 502
799 497
497 288
52 160
160 824
913 506
506 602
889 709
709 891
617 886
886 218
355 888
888 230
386 543
543 839
731 291
291 635
711 358
358 839
908 531
531 823
653 16
16 158
677 820
820 507
148 614
614 236
921 805
805 552
733 510
510 462
733 42
42 75
629 584
584 839
460 357
357 914
617 268
268 74
731 639
639 230
913 297
297 258
32 620
620 274
793 776
776 234
716 377
377 176
921 779
779 196
87 518
518 563
733 22
22 274
452 237
237 258
921 165
165 196
384 666
666 891
629 267
267 566
711 763
763 176
716 173
173 288
122 11
11 146
406 474
474 523
52 242
242 74
460 38
38 70
30 18
18 681
384 573
573 158
259 433
433 114
105 521
521 602
254 605
605 517
921 717
717 804
220 73
73 552
339 781
781 471
612 691
691 75
406 676
676 517
854 916
916 914
259 43
43 841
750 613
613 13
216 15
15 566
659 64
64 832
759 472
472 830
446 369
369 852
659 300
300 602
908 730
730 755
216 513
513 378
241 329
329 10
161 419
419 552
550 786
786 281
290 264
264 471
643 126
126 708
30 500
500 402
355 836
836 930
721 57
57 196
550 810
810 176
631 410
410 689
629 496
496 681
406 72
72 258
275 829
829 468
452 115
115 546
90 632
632 839
617 561
561 258
52 581
581 196
44 881
881 468
520 33
33 824
677 54
54 788
446 451
451 688
819 537
537 794
386 453
453 804
889 898
898 744
913 12
12 158
629 25
25 755
161 787
787 146
854 907
907 55
105 580
580 744
750 885
885 546
216 715
715 529
254 66
66 320
524 540
540 488
921 318
318 158
161 372
372 804
406 692
692 816
629 95
95 320
406 702
702 523
52 3
3 891
290 555
555 828
612 740
740 4
290 321
321 832
750 7
7 841
195 203
203 429
759 618
618 323
603 411
411 848
52 434
434 63
117 725
725 351
460 814
814 281
105 680
680 891
721 213
213 258
386 444
444 23
30 821
821 196
241 255
255 158
759 45
45 635
195 461
461 502
759 71
71 741
220 811
811 248
819 539
539 234
520 89
89 755
921 106
106 236
603 772
772 462
460 927
927 13
105 736
736 230
148 381
381 176
854 865
865 320
220 417
417 681
384 78
78 708
161 313
313 55
721 131
131 744
711 153
153 468
122 710
710 788
195 777
777 914
643 783
783 351
195 493
493 4
908 477
477 839
460 876
876 471
629 595
595 688
87 636
636 351
102 387
387 891
44 695
695 471
653 425
425 176
195 56
56 681
921 285
285 13
653 256
256 23
889 144
144 602
117 661
661 23
452 900
900 523
913 790
790 852
220 693
693 236
460 834
834 552
316 571
571 63
854 261
261 566
721 404
404 852
148 826
826 274
799 94
94 824
241 310
310 245
921 40
40 218
617 873
873 823
148 207
207 288
406 119
119 552
617 441
441 841
290 62
62 816
617 719
719 755
659 568
568 546
793 319
319 832
793 466
466 804
612 20
20 744
759 924
924 245
603 82
82 128
259 485
485 218
275 567
567 788
452 739
739 23
384 544
544 635
793 50
50 162
716 407
407 114
677 587
587 128
244 815
815 755
750 273
273 234
117 910
910 70
241 554
554 281
629 257
257 634
889 817
817 563
117 194
194 103
749 748
748 4
452 326
326 236
908 69
69 552
361 271
271 602
921 347
347 471
384 345
345 517
290 792
792 602
241 671
671 323
711 352
352 83
117 579
579 429
659 374
374 63
290 569
569 930
316 405
405 128
908 189
189 848
122 296
296 816
913 690
690 804
241 604
604 552
327 831
831 13
520 421
421 234
629 26
26 55
889 92
92 103
733 687
687 468
520 227
227 196
161 193
193 794
716 399
399 852
386 577
577 320
653 46
46 688
643 858
858 230
819 771
771 55
275 59
59 103
677 931
931 502
889 844
844 634
793 400
400 744
733 843
843 13
241 317
317 930
550 591
591 113
716 243
243 230
677 60
60 236
653 657
657 839
290 247
247 502
653 895
895 823
339 795
795 930
854 265
265 914
52 713
713 708
87 408
408 575
117 182
182 288
460 674
674 162
275 662
662 741
460 47
47 930
711 650
650 83
550 289
289 402
653 840
840 689
161 491
491 755
889 624
624 744
550 917
917 852
617 686
686 563
716 542
542 816
721 879
879 23
241 608
608 378
216 188
188 523
860 19
19 552
386 536
536 402
603 623
623 914
32 732
732 63
913 314
314 816
721 206
206 218
254 364
364 230
30 450
450 816
889 698
698 158
241 494
494 4
148 454
454 804
659 183
183 128
52 129
129 828
799 655
655 852
908 432
432 63
244 932
932 230
908 166
166 70
161 187
187 245
653 714
714 248
520 359
359 230
339 99
99 248
117 367
367 234
122 501
501 841
716 2
2 689
161 360
360 507
339 134
134 320
653 123
123 804
716 673
673 634
750 800
800 23
254 390
390 176
355 138
138 23
799 34
34 288
446 199
199 681
612 583
583 471
195 809
809 788
612 412
412 788
355 915
915 281
733 589
589 891
860 322
322 744
148 486
486 55
241 562
562 281
386 682
682 635
117 883
883 839
90 835
835 83
386 637
637 204
520 307
307 891
749 638
638 83
711 735
735 462
386 905
905 103
731 764
764 112
460 145
145 744
446 464
464 741
819 445
445 402
355 697
697 4
259 489
489 507
216 727
727 816
799 745
745 402
361 294
294 83
629 136
136 930
921 65
65 602
653 600
600 218
384 174
174 429
921 240
240 755
677 723
723 114
643 648
648 575
124 192
192 755
711 785
785 816
446 475
475 507
733 29
29 652
631 668
668 507
799 928
928 55
653 428
428 378
520 353
353 462
32 107
107 816
327 6
6 794
612 147
147 566
603 768
768 113
275 286
286 852
854 918
918 824
355 912
912 708
52 872
872 158
603 191
191 323
290 856
856 741
105 343
343 75
889 919
919 230
889 893
893 468
216 149
149 274
241 184
184 74
148 479
479 351
643 822
822 788
711 332
332 832
759 212
212 75
908 61
61 103
733 869
869 507
384 130
130 55
220 557
557 507
854 576
576 128
793 306
306 23
889 541
541 852
254 827
827 824
653 706
706 823
460 658
658 88
122 525
525 128
860 368
368 23
731 385
385 88
664 838
838 634
711 164
164 230
537 245
91 55
734 529
657 462
583 830
514 634
94 852
519 218
405 741
284 113
880 75
360 88
792 744
663 914
871 176
918 10
383 824
219 236
730 429
683 351
827 378
421 83
555 63
775 274
712 849
697 507
453 708
775 635
565 832
199 471
374 823
917 930
866 103
922 566
120 258
193 288
836 234
892 688
675 114
884 689
870 602
843 502
147 402
174 4
433 848
608 523
174 794
783 546
16 13
559 755
449 281
858 488
276 804
432 841
272 552
85 652
927 23
343 828
671 320
269 563
856 323
906 839
222 517
423 230
160 248
924 575
458 891
412 74
473 816
427 158
800 788
209 196
528 162
184 204
876 681
131 146
107 468
920 70
734 128
458 397
398 371
778 922
411 347
292 604
603 917
459 64
44 805
109 191
435 815
904 902
235 183
541 681
154 53
498 540
363 510
647 255
97 685
33 835
314 698
833 75
216 393
510 540
12 900
220 447
41 306
270 775
297 57
126 47
637 174
439 722
181 165
448 579
416 420
166 196
684 240
228 732
737 50
90 342
909 40
52 206
902 377
528 537
677 918
276 732
486 464
803 494
118 435
423 674
528 189
203 374
41 60
701 84
875 561
208 434
661 158
809 755
108 178
535 78
757 237
497 368
308 865
917 450
452 203
246 133
339 510
645 584
752 519
480 698
565 600
549 904
135 622
415 623
820 681
467 291
124 60
654 133
495 169
291 345
389 112
908 628
616 697
279 832
463 82
383 348
90 747
318 708
216 372
24 286
389 693
215 839
302 658
9 454
52 198
721 623
478 182
418 622
154 650
250 198
868 566
155 773
877 847
599 57
950 1922 802
77 263
892 520
38 860
891 820
934 223
362 825
683 489
653 507
167 705
461 916
742 98
10 929
282 456
361 277
55 787
155 474
750 565
449 402
838 643
238 251
349 50
754 323
481 28
614 201
18 201
356 858
358 76
798 345
454 950
388 477
224 346
545 727
485 86
637 933
669 814
597 190
942 377
844 702
162 335
168 681
748 941
551 486
170 746
2 656
729 363
651 624
19 472
15 67
93 944
671 587
907 284
283 235
270 281
650 300
689 129
601 749
881 197
92 940
110 230
198 322
568 164
72 598
471 22
65 914
761 797
690 387
240 437
218 442
640 101
56 143
698 103
318 582
11 526
576 27
919 190
91 172
293 747
144 24
873 33
872 753
170 100
100 780
650 870
870 26
356 43
43 501
168 233
233 762
653 32
32 532
748 246
246 769
388 774
774 368
238 521
521 288
38 398
398 531
873 781
781 519
637 607
607 815
110 373
373 275
198 223
223 90
356 751
751 599
270 334
334 660
91 700
700 241
671 393
393 288
698 820
820 90
198 871
871 501
198 462
462 848
283 802
802 599
155 27
27 519
750 182
182 862
545 684
684 267
55 88
88 214
362 866
866 519
224 503
503 319
690 756
756 599
892 465
465 221
919 374
374 317
761 180
180 615
601 518
518 532
361 325
325 319
671 768
768 780
907 846
846 159
218 705
705 137
18 776
776 397
698 658
658 389
551 250
250 752
15 505
505 899
19 122
122 126
56 427
427 599
798 639
639 214
18 186
186 435
155 45
45 589
65 716
716 479
454 723
723 484
55 82
82 519
55 132
132 541
650 782
782 435
91 777
777 532
651 600
600 856
689 430
430 599
873 807
807 368
748 811
811 519
93 252
252 519
798 265
265 368
38 444
444 16
93 410
410 899
65 813
813 577
356 51
51 924
10 371
371 26
318 255
255 355
65 569
569 368
881 365
365 752
545 527
527 603
270 646
646 90
38 79
79 660
270 833
833 193
170 861
861 297
144 931
931 531
601 818
818 867
218 225
225 920
224 404
404 275
597 256
256 851
72 235
235 602
293 552
552 368
671 508
508 815
844 760
760 368
77 691
691 685
162 497
497 602
942 670
670 126
218 309
309 769
91 696
696 924
18 109
109 898
38 152
152 174
362 905
905 577
907 783
783 599
167 455
455 288
110 142
142 862
77 308
308 862
65 583
583 435
110 384
384 319
170 950
950 615
485 707
707 193
750 407
407 297
637 549
549 243
224 884
884 347
934 163
163 599
361 189
189 355
601 83
83 577
240 217
217 435
576 801
801 436
93 865
865 853
72 839
839 104
77 143
143 243
77 351
351 275
167 346
346 752
576 301
301 924
690 437
437 660
65 244
244 436
388 451
451 924
144 445
445 531
362 208
208 603
162 147
147 16
754 799
799 435
942 305
305 397
318 139
139 762
461 298
298 602
110 893
893 501
168 563
563 559
844 875
875 436
218 281
281 615
224 613
613 535
224 890
890 126
110 558
558 762
218 686
686 535
91 185
185 867
19 474
474 317
650 855
855 851
640 364
364 752
167 52
52 297
56 341
341 867
601 366
366 589
449 432
432 660
167 382
382 899
18 573
573 317
56 659
659 297
683 860
860 780
640 417
417 924
270 935
935 519
198 191
191 920
65 247
247 853
11 296
296 532
690 555
555 354
65 804
804 355
891 604
604 253
11 36
36 848
481 598
598 253
601 634
634 898
942 344
344 660
454 693
693 853
240 7
7 241
651 146
146 29
934 916
916 898
729 136
136 848
358 226
226 660
844 188
188 395
461 622
622 546
798 128
128 853
167 596
596 780
698 9
9 479
485 936
936 126
597 654
654 780
669 190
190 221
283 758
758 221
637 383
383 297
761 447
447 856
798 712
712 602
2 548
548 267
683 544
544 297
168 927
927 397
481 911
911 297
461 467
467 920
798 239
239 221
485 794
794 104
597 701
701 350
92 204
204 350
601 711
711 347
891 826
826 603
240 616
616 253
601 636
636 501
167 157
157 867
2 375
375 921
358 641
641 603
77 183
183 297
155 178
178 660
669 808
808 275
742 662
662 243
798 160
160 535
110 338
338 856
742 759
759 867
683 286
286 924
844 400
400 856
388 231
231 350
349 392
392 602
93 1
1 267
93 728
728 221
748 787
787 535
65 67
67 815
92 200
200 848
167 504
504 599
461 765
765 762
72 648
648 29
358 290
290 267
270 135
135 921
919 315
315 397
919 578
578 319
283 621
621 898
454 35
35 355
270 336
336 615
934 203
203 368
881 494
494 479
485 727
727 851
283 643
643 350
19 119
119 769
471 524
524 317
872 902
902 16
110 106
106 389
471 172
172 856
471 24
24 924
671 725
725 159
653 796
796 193
844 376
376 214
454 124
124 541
10 387
387 898
170 230
230 354
750 311
311 853
361 879
879 484
65 864
864 389
240 944
944 660
651 819
819 851
2 704
704 559
942 99
99 347
545 664
664 126
761 886
886 519
198 342
342 815
750 489
489 535
698 574
574 531
170 763
763 288
19 285
285 104
356 507
507 921
18 171
171 26
282 678
678 769
293 949
949 851
449 529
529 26
872 222
222 577
65 81
81 867
167 663
663 297
144 612
612 253
198 522
522 535
942 130
130 126
650 49
49 395
461 656
656 436
224 510
510 214
637 566
566 559
551 312
312 924
162 348
348 253
240 71
71 297
872 179
179 484
754 274
274 354
240 101
101 531
56 39
39 253
293 470
470 297
729 303
303 16
919 385
385 589
11 647
647 243
892 377
377 137
388 133
133 174
55 25
25 90
318 313
313 29
601 800
800 397
481 687
687 815
601 195
195 848
362 112
112 531
798 490
490 856
729 33
33 319
198 734
734 898
65 786
786 174
18 709
709 769
892 617
617 193
144 547
547 159
481 638
638 16
270 321
321 589
653 928
928 599
881 103
103 241
689 570
570 395
689 78
78 815
640 543
543 856
55 608
608 921
361 150
150 221
454 476
476 769
358 42
42 602
358 166
166 137
690 495
495 484
671 459
459 848
690 352
352 752
38 201
201 292
282 6
6 159
650 713
713 848
168 86
86 241
640 528
528 436
318 62
62 660
224 793
793 546
240 320
320 288
65 724
724 241
651 590
590 532
92 562
562 546
545 852
852 241
698 369
369 769
545 107
107 350
318 649
649 603
601 703
703 395
942 212
212 780
93 251
251 660
671 726
726 603
170 412
412 389
671 854
854 856
356 912
912 484
881 595
595 104
168 105
105 531
651 259
259 193
362 593
593 347
454 816
816 275
545 827
827 193
155 732
732 159
838 205
205 531
93 779
779 752
91 330
330 603
838 161
161 317
388 889
889 214
65 635
635 193
919 770
770 899
167 232
232 104
144 845
845 577
742 468
468 253
601 721
721 174
891 618
618 395
38 413
413 484
170 540
540 174
358 859
859 368
485 908
908 347
601 880
880 126
283 272
272 531
669 885
885 243
167 745
745 762
934 676
676 856
10 699
699 436
907 12
12 253
55 591
591 531
907 438
438 501
461 511
511 867
38 764
764 395
942 642
642 126
18 323
323 780
10 469
469 288
640 61
61 29
892 403
403 319
93 127
127 603
671 164
164 577
640 581
581 104
356 630
630 762
471 148
148 137
761 453
453 241
198 66
66 921
224 915
915 317
761 47
47 137
56 74
74 660
92 40
40 898
10 448
448 577
167 441
441 275
224 506
506 501
485 790
790 253
698 805
805 862
838 536
536 762
293 57
57 435
919 266
266 589
93 897
897 862
2 63
63 856
551 575
575 104
650 401
401 154
198 31
31 292
551 584
584 921
293 213
213 26
650 571
571 221
651 87
87 484
240 120
120 292
18 64
64 535
349 925
925 275
892 21
21 532
388 592
592 752
282 755
755 848
283 58
58 853
318 749
749 395
761 941
941 221
91 904
904 752
907 585
585 541
892 378
378 851
597 279
279 589
761 537
537 484
844 657
657 599
844 623
623 243
92 743
743 920
637 500
500 921
15 294
294 762
798 483
483 867
65 719
719 214
761 379
379 435
640 433
433 90
283 943
943 762
18 830
830 752
881 736
736 243
653 491
491 519
162 114
114 16
651 53
53 297
650 310
310 532
942 418
418 26
798 187
187 660
942 791
791 154
356 295
295 275
690 821
821 241
15 149
149 154
293 332
332 867
934 741
741 159
545 472
472 920
637 380
380 126
144 810
810 920
240 96
96 104
144 914
914 253
653 420
420 853
872 302
302 159
729 795
795 221
690 773
773 769
601 151
151 762
481 426
426 921
18 211
211 395
238 263
263 920
471 196
196 899
92 910
910 685
362 918
918 762
637 175
175 253
485 512
512 780
907 97
97 221
942 431
431 780
481 675
675 501
637 236
236 898
362 215
215 253
671 153
153 501
358 268
268 752
942 525
525 898
934 677
677 546
170 304
304 535
240 111
111 90
56 496
496 603
358 50
50 484
698 843
843 853
461 735
735 780
218 718
718 317
240 440
440 577
873 926
926 541
729 276
276 154
55 165
165 241
844 456
456 856
872 116
116 599
77 932
932 317
224 714
714 288
748 883
883 479
72 219
219 436
18 460
460 368
10 738
738 599
601 284
284 159
750 210
210 126
318 482
482 862
683 771
771 350
729 817
817 924
761 322
322 435
568 118
118 532
18 372
372 484
934 300
300 532
698 579
579 577
481 70
70 350
576 425
425 589
690 766
766 243
55 906
906 541
19 324
324 856
224 896
896 752
15 28
28 899
388 792
792 16
55 620
620 267
844 98
98 531
11 206
206 769
362 655
655 16
597 399
399 319
576 4
4 26
318 89
89 815
155 784
784 174
873 68
68 253
471 803
803 397
873 611
611 867
754 408
408 769
224 381
381 29
167 80
80 253
349 363
363 253
838 23
23 26
92 46
46 762
224 667
667 615
110 869
869 292
640 457
457 615
576 22
22 90
170 498
498 297
358 842
842 288
167 530
530 920
10 353
353 241
388 772
772 275
449 849
849 317
19 75
75 848
671 876
876 899
77 809
809 355
167 307
307 848
748 102
102 899
77 610
610 16
729 345
345 297
162 538
538 762
110 359
359 267
270 828
828 174
72 242
242 603
56 665
665 267
873 477
477 577
18 840
840 16
683 674
674 355
56 480
480 436
38 475
475 243
361 13
13 851
838 695
695 924
93 314
314 436
761 14
14 436
934 173
173 920
55 306
306 531
318 631
631 501
669 627
627 856
651 606
606 685
650 550
550 484
545 85
85 851
872 493
493 762
653 825
825 501
461 125
125 395
167 192
192 685
283 499
499 924
892 850
850 769
873 509
509 214
155 822
822 535
224 823
823 354
761 923
923 559
198 95
95 267
650 692
692 319
55 452
452 862
742 903
903 921
144 694
694 603
240 858
858 317
689 419
419 90
754 48
48 541
162 258
258 350
653 882
882 921
881 948
948 851
614 434
434 780
167 280
280 221
844 131
131 90
689 857
857 292
481 261
261 350
748 588
588 221
671 439
439 241
614 34
34 288
77 343
343 241
361 326
326 389
872 487
487 350
838 702
702 347
362 488
488 221
218 572
572 104
110 59
59 589
754 207
207 436
170 337
337 275
892 894
894 815
55 357
357 267
18 515
515 851
15 832
832 501
93 594
594 519
471 946
946 862
568 930
930 599
689 394
394 921
651 278
278 541
77 411
411 368
92 227
227 214
282 30
30 214
168 837
837 297
144 835
835 174
844 556
556 762
349 940
940 16
454 442
442 436
651 450
450 90
614 557
557 288
934 446
446 603
238 645
645 241
38 775
775 297
318 561
561 853
282 463
463 899
361 216
216 484
283 277
277 603
934 121
121 436
93 628
628 851
601 5
5 397
388 329
329 16
742 184
184 126
361 492
492 848
93 209
209 354
485 60
60 350
690 158
158 288
689 806
806 243
10 740
740 815
168 836
836 532
872 123
123 126
689 291
291 350
698 113
113 267
892 812
812 899
669 94
94 815
683 554
554 435
167 234
234 577
597 739
739 532
349 41
41 159
748 747
747 856
485 717
717 862
168 115
115 350
601 733
733 159
798 887
887 317
18 564
564 851
919 533
533 292
907 847
847 243
671 582
582 559
637 834
834 395
637 331
331 174
754 194
194 921
637 69
69 275
873 542
542 867
601 697
697 126
614 514
514 154
72 316
316 154
349 917
917 221
545 789
789 368
798 629
629 297
873 939
939 848
838 722
722 126
361 909
909 355
576 619
619 243
283 632
632 541
485 134
134 214
601 245
245 350
162 466
466 546
838 715
715 90
282 874
874 288
461 429
429 501
650 264
264 541
907 8
8 769
349 688
688 137
761 737
737 174
168 406
406 853
2 360
360 602
144 624
624 292
238 661
661 221
637 262
262 350
10 370
370 355
891 228
228 660
651 682
682 347
689 260
260 368
481 626
626 126
91 609
609 532
56 868
868 899
942 289
289 920
349 169
169 752
942 443
443 159
282 254
254 26
238 141
141 347
198 197
197 546
10 391
391 16
167 390
390 519
934 652
652 368
362 526
526 541
55 54
54 559
640 333
333 221
454 140
140 26
170 421
421 924
597 929
929 815
2 666
666 602
729 706
706 660
77 565
565 16
77 220
220 368
240 673
673 126
358 895
895 267
318 287
287 856
110 422
422 862
873 680
680 368
545 814
814 137
218 478
478 159
545 710
710 921
361 708
708 531
144 797
797 921
238 586
586 29
110 176
176 397
77 37
37 602
19 824
824 862
798 339
339 769
461 424
424 26
167 402
402 355
690 458
458 924
358 878
878 297
15 473
473 577
218 720
720 853
690 199
199 479
238 84
84 368
872 922
922 26
218 788
788 26
471 560
560 368
170 523
523 851
92 534
534 436
485 271
271 104
224 108
108 589
56 731
731 29
270 129
129 126
844 416
416 752
892 785
785 899
601 888
888 615
637 414
414 159
698 900
900 862
907 730
730 253
653 177
177 436
698 679
679 752
65 237
237 126
637 327
327 851
18 17
17 899
358 299
299 241
56 202
202 174
742 587
587 193
942 138
138 354
282 415
415 479
15 841
841 815
471 938
938 899
170 502
502 355
170 567
567 297
358 539
539 350
91 328
328 29
461 156
156 546
690 605
605 853
110 428
428 603
485 340
340 862
218 913
913 214
729 947
947 853
601 831
831 214
93 20
20 531
362 229
229 317
2 625
625 898
18 464
464 16
748 668
668 559
449 753
753 685
651 405
405 319
56 829
829 350
198 76
76 920
597 778
778 848
669 933
933 519
754 396
396 174
838 746
746 856
170 44
44 90
671 117
117 159
168 486
486 221
844 513
513 780
155 273
273 104
669 633
633 752
449 681
681 174
167 145
145 16
238 516
516 501
270 335
335 16
11 269
269 535
690 937
937 253
358 672
672 174
155 744
744 253
240 877
877 501
891 517
517 519
761 423
423 275
748 901
901 899
356 249
249 104
162 945
945 90
872 644
644 853
170 767
767 292
362 3
3 484
669 863
863 243
38 553
553 16
168 757
757 856
92 248
248 577
55 386
386 921
198 520
520 221
388 409
409 541
240 73
73 241
891 580
580 603
240 257
257 241
167 367
367 851
881 181
181 815
654 395
259 559
677 848
691 602
878 615
370 867
735 297
5 541
434 501
386 479
522 90
629 350
458 193
444 214
103 275
739 288
335 347
364 856
259 531
622 780
277 221
489 436
459 921
556 660
524 26
868 685
774 241
180 769
250 603
716 577
309 899
583 292
695 589
812 355
131 354
570 243
507 752
664 253
48 319
866 862
610 815
409 546
821 159
246 104
805 535
477 397
27 532
518 484
22 16
820 137
265 174
254 389
382 519
415 435
764 898
315 924
272 267
822 762
713 317
211 851
136 368
950 154
755 853
739 920
181 29
296 644
919 498
161 676
332 141
357 710
942 557
334 868
169 287
838 518
582 785
498 271
574 837
376 594
218 573
570 360
412 565
336 638
881 30
805 169
49 899
338 773
432 229
68 419
614 324
658 185
858 271
183 501
893 259
801 501
725 863
152 484
761 94
861 856
826 201
408 30
304 347
927 408
926 744
936 97
2 701
647 744
859 642
554 260
471 423
807 211
807 314
834 680
68 145
334 586
489 380
19 353
178 876
936 106
607 839
237 389
635 273
552 214
205 764
142 910
195 234
950 431
527 64
244 810
874 778
256 778
910 674
918 117
547 330
151 784
474 46
866 842
60 405
261 814
699 102
566 836
301 475
782 559
647 874
179 889
765 478
609 289
77 385
92 808
75 603
760 699
583 206
687 314
92 616
170 203
782 674
622 484
905 563
157 257
25 496
410 193
554 535
382 778
27 518
801 806
459 874
798 277
915 615
203 810
412 448
700 448
838 538
118 354
444 413
544 770
485 257
832 367
691 724
864 175
348 355
637 795
96 300
476 495
824 899
760 279
312 850
89 328
72 320
820 869
149 113
819 484
195 158
562 44
371 719
268 939
614 6
931 289
847 478
732 323
671 694
703 248
195 557
723 386
98 207
489 733
621 582
201 159
928 710
43 136
640 529
83 556
827 773
686 304
691 24
764 929
250 605
810 757
269 531
897 680
612 159
926 443
427 887
465 594
671 596
270 948
1 271
236 68
11 945
130 195
393 249
400 757
68 692
860 286
189 577
471 756
78 353
303 263
955 1980 943
268 830
535 9
946 263
817 7
416 121
239 313
669 481
656 639
799 821
391 526
669 305
305 441
268 225
225 441
799 132
132 441
669 43
43 441
817 851
851 441
656 466
466 441
669 35
35 441
669 780
780 441
416 774
774 441
817 738
738 441
656 221
221 441
268 253
253 441
817 356
356 441
535 443
443 441
946 739
739 441
239 546
546 441
268 637
637 441
817 120
120 441
535 577
577 441
268 74
74 441
416 106
106 441
416 61
61 441
416 212
212 441
391 292
292 441
656 868
868 441
391 639
639 441
416 834
834 441
817 874
874 441
535 44
44 441
946 334
334 441
416 113
113 441
239 162
162 441
817 879
879 441
817 336
336 441
946 161
161 441
268 685
685 441
391 94
94 441
946 835
835 441
535 486
486 441
416 552
552 441
416 405
405 441
669 506
506 441
656 434
434 441
656 101
101 441
535 315
315 441
799 148
148 441
817 144
144 441
799 256
256 441
535 945
945 441
268 153
153 441
817 716
716 441
669 825
825 441
669 217
217 441
416 585
585 441
535 512
512 441
391 587
587 441
946 299
299 441
656 758
758 441
239 8
8 441
391 203
203 441
656 529
529 441
656 224
224 441
416 607
607 441
656 375
375 441
535 103
103 441
817 196
196 441
669 849
849 441
817 553
553 441
817 419
419 441
817 489
489 441
416 948
948 441
946 921
921 441
239 354
354 441
391 687
687 441
669 915
915 441
391 413
413 441
669 260
260 441
239 25
25 441
416 82
82 441
799 12
12 441
535 421
421 441
669 858
858 441
669 158
158 441
799 171
171 441
946 821
821 441
799 52
52 441
799 337
337 441
669 807
807 441
391 223
223 441
946 925
925 441
239 888
888 441
391 926
926 441
817 648
648 441
669 515
515 441
535 109
109 441
817 493
493 441
268 326
326 441
391 102
102 441
239 439
439 441
268 300
300 441
416 244
244 441
669 214
214 441
656 246
246 441
799 195
195 441
799 41
41 441
669 417
417 441
535 242
242 441
656 734
734 441
656 854
854 441
535 107
107 441
391 309
309 441
416 504
504 441
239 732
732 441
799 781
781 441
656 769
769 441
946 317
317 441
817 147
147 441
799 27
27 441
416 446
446 441
535 760
760 441
268 518
518 441
416 550
550 441
946 389
389 441
391 570
570 441
391 286
286 441
535 287
287 441
817 809
809 441
268 245
245 441
416 80
80 441
946 712
712 441
535 410
410 441
817 456
456 441
239 366
366 441
268 154
154 441
239 815
815 441
946 156
156 441
391 800
800 441
669 277
277 441
391 509
509 441
799 640
640 441
946 388
388 441
817 275
275 441
391 626
626 441
239 155
155 441
669 263
263 441
268 81
81 441
946 490
490 441
239 592
592 441
239 100
100 441
817 916
916 441
669 252
252 441
391 7
7 441
535 92
92 441
656 142
142 441
799 307
307 441
669 479
479 441
535 923
923 441
391 184
184 441
799 599
599 441
799 104
104 441
656 829
829 441
416 30
30 441
946 350
350 441
817 526
526 441
946 908
908 441
416 556
556 441
656 595
595 441
656 806
806 441
817 646
646 441
817 516
516 441
799 869
869 441
416 665
665 441
799 776
776 441
239 302
302 441
535 610
610 441
391 793
793 441
799 411
411 441
946 36
36 441
535 698
698 441
416 339
339 441
239 852
852 441
946 78
78 441
268 846
846 441
416 116
116 441
268 276
276 441
535 735
735 441
391 18
18 441
268 454
454 441
391 531
531 441
239 191
191 441
416 3
3 441
416 233
233 441
817 185
185 441
946 953
953 441
669 663
663 441
799 847
847 441
535 355
355 441
656 534
534 441
239 940
940 441
416 442
442 441
268 920
920 441
799 157
157 441
535 431
431 441
656 824
824 441
817 597
597 441
946 677
677 441
416 303
303 441
416 392
392 441
946 382
382 441
946 777
777 441
268 353
353 441
946 753
753 441
946 451
451 441
946 625
625 441
535 90
90 441
268 194
194 441
799 469
469 441
391 768
768 441
535 273
273 441
669 573
573 441
669 717
717 441
799 931
931 441
946 804
804 441
946 702
702 441
416 519
519 441
416 449
449 441
268 532
532 441
416 84
84 441
239 635
635 441
535 376
376 441
535 125
125 441
669 608
608 441
239 886
886 441
656 896
896 441
817 723
723 441
799 424
424 441
535 420
420 441
946 559
559 441
239 271
271 441
799 65
65 441
817 50
50 441
268 843
843 441
391 99
99 441
946 877
877 441
391 54
54 441
416 371
371 441
391 657
657 441
268 359
359 441
669 437
437 441
817 418
418 441
817 63
63 441
416 422
422 441
535 42
42 441
799 754
754 441
268 520
520 441
946 812
812 441
669 448
448 441
416 167
167 441
416 678
678 441
946 130
130 441
799 228
228 441
669 206
206 441
656 543
543 441
416 463
463 441
391 839
839 441
535 349
349 441
799 343
343 441
391 759
759 441
817 523
523 441
669 496
496 441
946 641
641 441
656 823
823 441
946 296
296 441
669 746
746 441
535 179
179 441
416 60
60 441
817 222
222 441
817 771
771 441
268 313
313 441
239 117
117 441
391 47
47 441
391 333
333 441
669 696
696 441
535 330
330 441
817 772
772 441
268 1
1 441
799 729
729 441
535 828
828 441
268 508
508 441
391 360
360 441
391 331
331 441
268 178
178 441
817 884
884 441
535 710
710 441
656 600
600 441
239 860
860 441
535 621
621 441
416 367
367 441
239 762
762 441
656 955
955 441
391 272
272 441
535 202
202 441
656 895
895 441
268 554
554 441
391 88
88 441
669 460
460 441
391 501
501 441
239 136
136 441
416 568
568 441
239 180
180 441
268 40
40 441
656 201
201 441
946 722
722 441
656 340
340 441
268 111
111 441
391 83
83 441
535 892
892 441
946 836
836 441
391 284
284 441
268 310
310 441
391 876
876 441
416 344
344 441
656 320
320 441
535 909
909 441
416 576
576 441
946 192
192 441
669 904
904 441
391 115
115 441
669 783
783 441
799 402
402 441
535 727
727 441
391 215
215 441
817 308
308 441
239 243
243 441
268 170
170 441
239 555
555 441
799 742
742 441
946 901
901 441
946 674
674 441
391 257
257 441
239 855
855 441
268 433
433 441
416 79
79 441
268 85
85 441
669 524
524 441
239 545
545 441
416 477
477 441
239 236
236 441
799 699
699 441
535 240
240 441
239 947
947 441
268 638
638 441
239 706
706 441
817 764
764 441
656 484
484 441
669 850
850 441
535 571
571 441
391 5
5 441
817 200
200 441
239 749
749 441
817 98
98 441
669 649
649 441
799 266
266 441
799 562
562 441
391 198
198 441
817 436
436 441
946 867
867 441
669 325
325 441
535 467
467 441
817 778
778 441
656 235
235 441
669 664
664 441
946 385
385 441
656 767
767 441
239 935
935 441
239 628
628 441
416 691
691 441
239 409
409 441
239 662
662 441
239 498
498 441
656 676
676 441
391 383
383 441
239 324
324 441
669 429
429 441
239 557
557 441
391 906
906 441
268 145
145 441
817 773
773 441
656 939
939 441
391 126
126 441
817 251
251 441
817 457
457 441
239 538
538 441
669 715
715 441
799 304
304 441
416 351
351 441
817 611
611 441
416 75
75 441
416 911
911 441
946 400
400 441
817 857
857 441
268 135
135 441
656 264
264 441
669 21
21 441
268 528
528 441
656 811
811 441
535 770
770 441
416 704
704 441
391 564
564 441
239 149
149 441
268 927
927 441
669 407
407 441
656 57
57 441
946 650
650 441
799 218
218 441
946 119
119 441
268 250
250 441
391 342
342 441
669 31
31 441
239 802
802 441
656 139
139 441
391 707
707 441
946 141
141 441
239 291
291 441
268 415
415 441
669 668
668 441
656 377
377 441
656 549
549 441
669 714
714 441
946 357
357 441
239 151
151 441
817 736
736 441
799 193
193 441
946 231
231 441
799 527
527 441
946 536
536 441
656 533
533 441
416 929
929 441
268 924
924 441
391 45
45 441
535 503
503 441
391 943
943 441
268 67
67 441
799 447
447 441
416 942
942 441
669 894
894 441
416 28
28 441
817 226
226 441
946 692
692 441
799 10
10 441
656 129
129 441
391 787
787 441
946 169
169 441
239 166
166 441
535 48
48 441
669 311
311 441
535 241
241 441
268 105
105 441
416 475
475 441
239 70
70 441
799 786
786 441
656 279
279 441
946 822
822 441
669 816
816 441
535 458
458 441
535 15
15 441
669 68
68 441
946 629
629 441
946 487
487 441
656 216
216 441
268 380
380 441
946 820
820 441
239 841
841 441
391 177
177 441
817 614
614 441
817 172
172 441
946 688
688 441
268 725
725 441
817 399
399 441
817 186
186 441
416 675
675 441
669 591
591 441
239 932
932 441
817 613
613 441
391 713
713 441
669 683
683 441
799 207
207 441
535 913
913 441
799 390
390 441
799 814
814 441
416 414
414 441
669 642
642 441
391 465
465 441
799 163
163 441
669 165
165 441
669 2
2 441
799 459
459 441
656 491
491 441
268 363
363 441
268 561
561 441
268 507
507 441
669 588
588 441
946 328
328 441
799 631
631 441
946 288
288 441
268 618
618 441
268 745
745 441
656 219
219 441
669 845
845 441
535 796
796 441
799 364
364 441
268 711
711 441
416 262
262 441
239 14
14 441
946 859
859 441
535 176
176 441
946 794
794 441
391 741
741 441
416 432
432 441
268 406
406 441
946 49
49 441
946 612
612 441
656 4
4 441
799 164
164 441
669 651
651 441
946 832
832 441
656 248
248 441
817 483
483 441
656 798
798 441
416 450
450 441
656 818
818 441
817 66
66 441
799 574
574 441
799 654
654 441
239 617
617 441
239 267
267 441
391 56
56 441
669 680
680 441
799 234
234 441
946 259
259 441
391 46
46 441
239 697
697 441
416 601
601 441
391 671
671 441
416 667
667 441
391 872
872 441
946 110
110 441
946 797
797 441
268 899
899 441
799 474
474 441
535 584
584 441
946 197
197 441
946 878
878 441
669 278
278 441
799 319
319 441
391 517
517 441
535 93
93 441
799 440
440 441
656 426
426 441
946 624
624 441
239 114
114 441
799 645
645 441
656 740
740 441
391 643
643 441
239 140
140 441
656 505
505 441
669 542
542 441
268 358
358 441
656 249
249 441
391 941
941 441
391 827
827 441
268 368
368 441
656 544
544 441
416 346
346 441
416 386
386 441
268 327
327 441
268 644
644 441
656 889
889 441
239 548
548 441
946 352
352 441
946 502
502 441
268 204
204 441
268 900
900 441
656 803
803 441
817 427
427 441
416 788
788 441
946 213
213 441
239 297
297 441
391 17
17 441
799 655
655 441
535 885
885 441
656 666
666 441
799 598
598 441
239 672
672 441
391 603
603 441
268 765
765 441
535 298
298 441
799 471
471 441
799 150
150 441
239 813
813 441
669 728
728 441
817 499
499 441
268 933
933 441
239 565
565 441
416 95
95 441
669 871
871 441
669 919
919 441
656 372
372 441
946 143
143 441
946 208
208 441
391 397
397 441
669 567
567 441
669 373
373 441
239 636
636 441
669 370
370 441
799 33
33 441
239 779
779 441
535 870
870 441
268 62
62 441
268 622
622 441
535 718
718 441
817 118
118 441
239 805
805 441
946 423
423 441
946 34
34 441
416 510
510 441
391 837
837 441
239 632
632 441
669 670
670 441
268 182
182 441
669 589
589 441
416 737
737 441
391 403
403 441
391 476
476 441
669 586
586 441
391 112
112 441
416 579
579 441
391 91
91 441
669 891
891 441
669 882
882 441
416 294
294 441
799 133
133 441
656 258
258 441
239 123
123 441
239 183
183 441
799 282
282 441
416 495
495 441
669 905
905 441
416 361
361 441
656 435
435 441
535 830
830 441
817 497
497 441
946 647
647 441
416 634
634 441
535 108
108 441
799 580
580 441
799 918
918 441
535 583
583 441
669 658
658 441
268 230
230 441
416 856
856 441
669 453
453 441
268 301
301 441
799 673
673 441
799 578
578 441
535 347
347 441
268 71
71 441
416 11
11 441
391 472
472 441
817 792
792 441
669 572
572 441
268 480
480 441
535 393
393 441
239 660
660 441
416 951
951 441
416 247
247 441
946 756
756 441
946 318
318 441
535 627
627 441
391 898
898 441
416 539
539 441
817 575
575 441
535 810
810 441
391 26
26 441
391 254
254 441
946 374
374 441
391 623
623 441
656 365
365 441
535 751
751 441
535 840
840 441
669 412
412 441
946 188
188 441
391 205
205 441
799 51
51 441
239 329
329 441
268 322
322 441
799 430
430 441
416 726
726 441
669 22
22 441
799 425
425 441
268 907
907 441
799 880
880 441
391 381
381 441
391 444
444 441
946 747
747 441
817 404
404 441
669 881
881 441
817 237
237 441
669 131
131 441
799 902
902 441
669 630
630 441
391 694
694 441
239 558
558 441
239 122
122 441
239 522
522 441
669 560
560 441
656 724
724 441
656 478
478 441
669 709
709 441
535 348
348 441
799 127
127 441
416 395
395 441
669 831
831 441
799 541
541 441
817 289
289 441
946 761
761 441
391 619
619 441
656 789
789 441
669 903
903 441
817 387
387 441
817 609
609 441
656 755
755 441
946 23
23 441
656 121
121 441
799 833
833 441
817 485
485 441
656 492
492 441
946 873
873 441
239 695
695 441
268 261
261 441
535 473
473 441
268 269
269 441
239 954
954 441
669 791
791 441
535 934
934 441
391 378
378 441
817 521
521 441
817 705
705 441
799 345
345 441
239 270
270 441
239 910
910 441
239 19
19 441
656 731
731 441
535 890
890 441
268 396
396 441
239 679
679 441
391 690
690 441
239 686
686 441
391 462
462 441
656 384
384 441
946 316
316 441
535 682
682 441
416 283
283 441
817 24
24 441
268 952
952 441
268 293
293 441
669 369
369 441
535 693
693 441
817 875
875 441
391 134
134 441
535 590
590 441
416 323
323 441
239 883
883 441
946 530
530 441
669 209
209 441
239 703
703 441
535 866
866 441
817 826
826 441
416 280
280 441
817 937
937 441
391 730
730 441
416 615
615 441
656 468
468 441
268 950
950 441
239 69
69 441
535 220
220 441
391 238
238 441
535 819
819 441
817 620
620 441
268 189
189 441
656 893
893 441
817 210
210 441
817 838
838 441
817 174
174 441
946 689
689 441
799 593
593 441
416 795
795 441
946 659
659 441
268 719
719 441
535 861
861 441
416 848
848 441
656 401
401 441
416 211
211 441
416 808
808 441
268 494
494 441
239 537
537 441
946 775
775 441
656 175
175 441
669 949
949 441
799 653
653 441
946 428
428 441
391 721
721 441
268 152
152 441
946 784
784 441
535 408
408 441
656 190
190 441
656 72
72 441
268 853
853 441
669 563
563 441
416 53
53 441
391 790
790 441
799 481
481 441
535 59
59 441
799 265
265 441
535 137
137 441
416 29
29 441
391 37
37 441
416 32
32 441
799 97
97 441
239 581
581 441
656 445
445 441
817 464
464 441
535 64
64 441
656 700
700 441
416 897
897 441
799 766
766 441
946 865
865 441
239 16
16 441
946 312
312 441
817 290
290 441
391 757
757 441
535 708
708 441
946 96
96 441
416 922
922 441
391 681
681 441
799 470
470 441
239 438
438 441
416 928
928 441
239 887
887 441
416 55
55 441
669 9
9 441
268 930
930 441
416 338
338 441
669 616
616 441
946 159
159 441
669 86
86 441
656 128
128 441
656 551
551 441
239 750
750 441
669 160
160 441
799 452
452 441
799 547
547 441
946 335
335 441
946 661
661 441
239 602
602 441
535 743
743 441
535 862
862 441
416 77
77 441
656 500
500 441
817 398
398 441
656 912
912 441
669 684
684 441
239 20
20 441
416 488
488 441
416 295
295 441
535 864
864 441
239 752
752 441
535 596
596 441
268 138
138 441
535 801
801 441
656 744
744 441
817 720
720 441
535 540
540 441
391 917
917 441
535 255
255 441
817 748
748 441
799 229
229 441
239 87
87 441
535 513
513 441
946 394
394 441
799 633
633 441
946 181
181 441
416 281
281 441
669 13
13 441
946 146
146 441
268 785
785 441
416 199
199 441
416 455
455 441
268 914
914 441
239 89
89 441
239 38
38 441
239 842
842 441
799 379
379 441
946 168
168 441
817 938
938 441
268 6
6 441
669 701
701 441
799 566
566 441
416 604
604 441
656 482
482 441
946 332
332 441
268 863
863 441
946 652
652 441
239 733
733 441
268 362
362 441
239 514
514 441
535 306
306 441
416 274
274 441
669 39
39 441
239 782
782 441
535 511
511 441
416 582
582 441
239 461
461 441
669 124
124 441
391 227
227 441
239 341
341 441
656 844
844 441
535 763
763 441
391 936
936 441
268 73
73 441
416 944
944 441
946 187
187 441
799 594
594 441
535 321
321 441
656 232
232 441
817 314
314 441
669 569
569 441
268 285
285 441
239 173
173 441
535 605
605 441
535 606
606 441
799 58
58 441
535 525
525 441
656 76
76 441
344 298
629 750
442 728
439 218
738 574
299 572
228 495
44 453
876 226
910 128
166 688
607 672
607 303
867 803
517 238
457 718
753 811
565 748
354 599
388 844
736 558
145 138
156 753
556 51
12 541
627 922
250 790
368 724
172 580
183 937
253 872
783 561
410 298
90 176
370 338
535 809
520 827
717 864
762 950
501 467
224 763
337 420
471 790
458 471
527 616
31 885
608 562
581 842
61 103
385 213
846 67
456 384
718 237
837 347
687 251
541 189
697 160
896 205
402 471
677 170
568 209
156 306
81 786
497 23
638 808
843 136
418 174
36 121
900 954
798 690
849 10
595 301
870 918
867 476
539 348
878 295
532 473
3 500
510 76
388 593
193 617
279 705
