1
4582 9652 4077
2293 4372
2203 2443
3620 23
795 2794
598 1935
1022 3882
552 2481
2168 3492
148 3857
1003 3102
1758 3554
1619 94
90 2773
706 2628
4296 1576
4044 743
101 3010
1608 3990
1790 3303
2380 3819
3915 1043
1738 272
2175 2638
2003 965
3602 2997
1281 4213
3780 3533
2428 2459
21 3801
1503 4172
4561 1945
3109 4343
4578 377
2445 4036
893 3700
390 3411
2782 3178
2117 307
500 3049
42 1498
2769 885
2180 1657
71 3989
4140 4527
4405 4444
4580 1217
2517 1629
3091 4146
4114 2366
2858 4264
3566 3399
854 1397
892 1895
2510 107
4269 4307
3525 3710
1548 2494
183 677
2461 1140
1345 4399
1481 229
2647 3544
136 3650
3198 4218
745 2793
2796 4328
3766 507
3138 2044
1525 3422
1923 4535
3686 4357
230 637
3180 3338
805 4463
1806 551
2294 651
2458 3946
3889 4160
675 3624
116 1821
1291 4006
1358 4504
4177 3166
185 1349
3257 3215
3687 2067
1724 1470
3958 1083
1101 3740
861 3824
820 2146
4065 1801
2304 157
2074 354
2851 1967
3302 3607
2637 1934
567 1784
812 3362
2508 2902
4143 3060
558 950
3004 4317
3701 2565
470 4494
3762 4503
1202 3090
3293 593
3559 860
1792 4526
1314 1057
3639 1895
2876 3215
1327 815
3945 4444
2840 2123
590 4476
4301 4215
3264 2209
356 1535
591 2879
434 2698
4442 3095
1446 3418
711 2587
1354 2598
2531 2451
2714 2518
1670 2571
2435 3989
2981 3588
290 2439
1298 438
1752 52
1399 4548
2729 2808
1483 718
4432 1542
4347 1529
2918 4291
3561 2372
4252 1006
2576 165
3032 614
3831 1545
4196 1882
2155 1156
3128 1212
1688 4461
557 3164
1038 1131
3709 141
627 3314
296 31
4574 2509
3898 1216
160 483
1763 3104
1034 1859
782 2642
545 639
3315 3855
1453 2359
2322 1648
1407 1921
2389 2659
2087 2567
1972 4309
3560 589
952 3087
735 3544
489 1530
3449 2661
1360 4071
225 4289
987 3574
1404 267
3586 3708
4436 1222
4331 515
4018 292
4198 1243
3283 4302
108 2130
4417 3215
351 3424
4178 1518
2891 3835
192 4243
1676 3123
2348 2077
1692 634
369 4029
4295 4313
3996 3535
2834 1089
9 1051
2813 1189
956 4526
3925 1183
4466 2075
1029 1368
3800 3553
3460 1733
1154 3027
3621 2780
1611 102
4103 3433
3126 4463
208 446
1527 2580
1136 3218
3537 3336
824 3046
1884 2615
2911 3201
2699 1027
2113 2711
2427 1220
3970 164
3426 1610
4027 4471
786 4076
666 3355
994 1569
3161 930
2869 2431
264 271
3596 3359
3784 2383
413 3263
3057 694
2158 2018
4489 2807
986 3652
4367 4341
3594 3179
3926 3196
2026 38
2 3055
2877 3617
2774 2986
2639 3669
3287 281
2025 4381
4437 1185
478 491
1618 733
2658 2672
3917 3673
3208 2247
520 4303
3935 2343
3769 4468
528 2953
2976 4294
4511 3249
4189 86
1543 2766
2836 1937
285 644
774 3462
180 2202
707 3002
1670 3263
3263 1996
2435 1143
1143 43
1619 2584
2584 463
3915 4424
4424 2993
1101 2494
2494 1112
101 4248
4248 2993
2836 818
818 3309
3109 3194
3194 977
390 475
475 836
2877 584
584 2670
1619 4514
4514 1195
2380 2592
2592 1959
148 1139
1139 3224
598 4520
4520 1045
3257 2625
2625 3108
1034 2152
2152 3392
3128 1664
1664 282
3198 3377
3377 439
591 236
236 2284
1034 4172
4172 977
2113 923
923 4183
1101 3505
3505 4422
2203 1526
1526 506
545 2361
2361 3964
4331 1457
1457 97
2510 2188
2188 3793
567 3966
3966 2972
861 2552
2552 1426
2840 1490
1490 1324
627 2624
2624 166
1327 85
85 3480
2508 960
960 4221
1453 4235
4235 3394
1884 4382
4382 2413
2203 3147
3147 4221
1608 435
435 1914
3561 1218
1218 95
1029 2290
2290 826
861 2446
2446 1635
3620 3791
3791 1959
3800 4216
4216 836
2517 445
445 3352
136 2483
2483 4348
4296 3448
3448 3936
356 4482
4482 4505
2445 2282
2282 3221
1923 2063
2063 4132
3091 4355
4355 4240
4511 4144
4144 2586
1619 385
385 4221
952 1549
1549 2138
3264 380
380 2629
1358 4554
4554 166
3560 1563
1563 1961
3109 2709
2709 1992
1003 1916
1916 530
2796 3410
3410 2772
434 2196
2196 485
1481 3316
3316 817
2981 2619
2619 1736
567 3946
3946 1050
3315 894
894 4221
1724 2032
2032 4168
3537 979
979 204
861 4317
4317 3742
3898 3450
3450 4187
71 1438
1438 2007
390 976
976 1052
2168 1673
1673 3732
2348 1931
1931 2088
2294 2686
2686 1736
500 1220
1220 1367
1407 3398
3398 485
3293 1103
1103 1674
2647 4483
4483 1570
3935 4323
4323 1635
2168 1284
1284 1233
3537 1262
1262 1635
116 2135
2135 530
4140 3464
3464 3224
2576 714
714 1626
90 4473
4473 3993
2782 3122
3122 826
666 1010
1010 493
3602 1297
1297 750
893 1918
1918 1854
3970 2098
2098 1689
1923 3167
3167 1628
2981 1295
1295 2129
1029 2810
2810 1825
285 1036
1036 3321
2796 1410
1410 3145
2087 260
260 3651
3935 1699
1699 3392
986 732
732 4560
4511 1751
1751 2544
2322 731
731 3742
1154 1533
1533 3395
290 1504
1504 3321
478 2253
2253 4240
356 4375
4375 2454
1670 3094
3094 4132
1453 630
630 977
4296 2405
2405 1689
3559 4336
4336 1890
1327 3637
3637 4092
434 767
767 3261
3566 2885
2885 3732
3945 556
556 1626
1360 1208
1208 1538
4511 2372
2372 149
2074 2778
2778 1854
2869 577
577 3131
952 1839
1839 625
1281 1529
1529 493
2851 2441
2441 2935
1792 3248
3248 2129
2304 844
844 4507
4432 4234
4234 4330
1453 3550
3550 2016
711 1397
1397 3725
2158 1283
1283 836
4347 794
794 2068
2834 3148
3148 853
1758 2082
2082 91
1038 4162
4162 669
1525 3775
3775 2994
90 2738
2738 150
2389 549
549 775
4178 293
293 2016
3701 902
902 918
3602 3163
3163 1601
4140 3881
3881 2329
3602 3135
3135 632
369 4452
4452 2736
3935 838
838 215
3208 3199
3199 2041
2531 724
724 3603
3032 2713
2713 2088
3935 37
37 150
1688 3177
3177 2523
782 2488
2488 3108
2769 1127
1127 2284
3315 1294
1294 2396
4437 1774
1774 4187
1792 2438
2438 1538
2113 2716
2716 1409
4103 2643
2643 4325
9 1485
1485 1811
2699 3802
3802 1996
1792 3289
3289 1635
2918 1447
1447 1233
3161 1251
1251 817
4198 4193
4193 3742
2180 1567
1567 1959
3926 3166
3166 1426
3315 1377
1377 921
3126 4120
4120 977
1154 443
443 772
1618 875
875 100
735 1937
1937 4057
4044 1727
1727 3742
413 2142
2142 2767
2003 487
487 2998
4405 694
694 43
892 785
785 1126
42 3474
3474 3830
296 3650
3650 313
3128 755
755 439
185 1866
1866 166
478 3733
3733 3782
108 2344
2344 4560
3769 4082
4082 233
1404 888
888 775
2175 4093
4093 4321
1806 4389
4389 280
3917 4029
4029 1674
558 2848
2848 204
1503 2910
2910 3415
2510 1879
1879 1644
3970 3146
3146 2557
413 1204
1204 91
285 1459
1459 1603
4114 1200
1200 2557
1003 4439
4439 2486
1314 4386
4386 3540
3831 1364
1364 3869
3996 104
104 1984
1298 3796
3796 2752
795 3009
3009 1439
2877 4393
4393 669
598 1720
1720 2904
1404 4037
4037 1016
108 814
814 625
3161 4358
4358 1736
627 3379
3379 2345
4466 4176
4176 4546
2658 1293
1293 2396
3559 2181
2181 1343
1022 498
498 313
4252 3213
3213 1961
2531 2268
2268 1052
520 2086
2086 1126
136 403
403 2007
861 1248
1248 16
434 2234
2234 2470
101 332
332 2396
3935 3552
3552 1343
2981 2233
2233 3151
2380 1436
1436 493
987 574
574 2283
1314 3565
3565 2671
786 922
922 1279
1291 3062
3062 977
4177 532
532 3415
101 1522
1522 3912
2774 3417
3417 1961
1202 3837
3837 175
2769 1850
1850 3964
4196 2463
2463 2505
2911 4496
4496 1324
1548 2604
2604 463
2876 601
601 1825
3109 3619
3619 3394
3004 3104
3104 150
557 352
352 775
4436 406
406 3713
1314 3893
3893 997
782 4354
4354 1786
2168 2652
2652 97
4196 2259
2259 2854
1527 336
336 4505
590 343
343 853
4578 1353
1353 1306
1314 2498
2498 302
4574 415
415 106
1345 4531
4531 232
2461 1718
1718 4403
3762 4501
4501 339
3621 3578
3578 817
666 1855
1855 4507
2087 3736
3736 999
1314 3797
3797 1016
1029 3527
3527 4536
1314 2580
2580 233
2293 784
784 425
1676 4523
4523 2454
666 458
458 1052
3925 3726
3726 1084
3958 154
154 252
2782 3588
3588 149
2531 4306
4306 3793
3559 4298
4298 2670
1608 1462
1462 1343
3559 1221
1221 1343
230 2104
2104 175
2155 3557
3557 4362
290 2753
2753 2007
820 398
398 1811
2918 3840
3840 3007
1136 3034
3034 2284
1407 1696
1696 1736
3126 2194
2194 3603
1548 1180
1180 1195
4103 4052
4052 1084
2714 1355
1355 233
285 4285
4285 3017
3620 2913
2913 3713
1327 2060
2060 1052
892 2825
2825 874
3032 110
110 2854
4301 4127
4127 2336
2858 2493
2493 2224
4295 2862
2862 3007
2813 1309
1309 1045
160 3210
3210 2129
706 4366
4366 2972
3709 1963
1963 674
1688 1164
1164 3964
1034 661
661 4362
4432 2478
2478 1467
3831 184
184 339
4331 3369
3369 360
1618 3752
3752 3480
520 1400
1400 4221
774 2241
2241 669
3639 4319
4319 215
2428 2627
2627 2284
3686 147
147 4283
3996 1521
1521 2586
4405 3834
3834 149
567 2866
2866 3151
1202 1285
1285 313
185 1479
1479 669
3559 928
928 826
1758 418
418 641
1543 895
895 1674
3831 2213
2213 674
3537 3867
3867 4546
2531 372
372 1126
1525 671
671 3246
3460 1569
1569 2041
183 261
261 3534
2774 1990
1990 4537
3586 751
751 3309
2729 3700
3700 2088
3970 1760
1760 826
3926 1755
1755 2767
2647 263
263 669
3057 2331
2331 1811
3780 1791
1791 1951
1806 1072
1072 1992
4580 1769
1769 530
4143 49
49 3782
192 4020
4020 100
820 3390
3390 3534
3621 4341
4341 1233
3594 161
161 836
1758 3339
3339 339
1154 3378
3378 3936
2658 903
903 1736
2891 864
864 252
552 2542
2542 2284
500 4230
4230 3415
478 2385
2385 2224
1483 3813
3813 3936
2458 1140
1140 132
3560 408
408 3221
3126 1867
1867 2536
225 2944
2944 772
296 2285
2285 335
9 3514
3514 3151
4580 3422
3422 1279
4198 4374
4374 2119
2 1788
1788 2329
3257 1405
1405 2138
1670 1747
1747 1306
4295 4460
4460 2284
2851 1962
1962 1854
3566 2883
2883 625
3766 2962
2962 836
1003 1576
1576 3534
3161 1231
1231 1635
3800 4291
4291 3203
892 3804
3804 2007
861 4527
4527 4346
1923 2511
2511 641
1608 1470
1470 3145
2782 3333
3333 2736
4466 3341
3341 1016
520 1305
1305 4507
3109 978
978 941
2025 4303
4303 772
666 672
672 3352
4252 2931
2931 425
4018 2408
2408 2993
2293 3739
3739 4299
2911 3656
3656 1047
4018 543
543 3395
2517 1513
1513 4348
21 4398
4398 1538
1790 3312
3312 3725
3128 4351
4351 233
2074 2204
2204 1992
2647 2675
2675 3713
180 717
717 1890
567 3327
3327 4283
4466 4363
4363 3540
1404 2605
2605 775
795 1512
1512 43
528 1805
1805 968
3784 1983
1983 2544
2510 1726
1726 16
3915 2807
2807 2278
1884 2166
2166 360
2851 4407
4407 106
735 2925
2925 1126
434 4232
4232 106
2840 4404
4404 2854
4331 2126
2126 2523
3561 494
494 632
4189 1648
1648 4546
4103 2030
2030 3145
1608 1815
1815 1099
185 3595
3595 2283
557 4086
4086 1811
90 3165
3165 175
1483 565
565 1112
434 696
696 1105
4331 1700
1700 1603
1483 689
689 817
2074 404
404 604
2976 559
559 3830
707 3776
3776 2935
2639 3981
3981 3955
2714 4339
4339 3413
1758 2198
2198 1984
2714 1789
1789 1084
2203 1217
1217 106
4296 1232
1232 1233
3701 2248
2248 3075
1884 2121
2121 2544
994 2352
2352 2367
1763 605
605 2016
4295 4208
4208 1367
3780 1905
1905 232
183 1829
1829 3869
2714 4242
4242 1105
4331 3705
3705 775
108 890
890 1306
192 3767
3767 762
4198 3172
3172 1112
2729 2257
2257 1126
1483 3630
3630 3964
805 1007
1007 473
4178 4419
4419 2129
1029 2722
2722 2752
2510 2252
2252 4348
3560 2473
2473 2283
369 1908
1908 4325
4296 2768
2768 1601
116 3861
3861 2093
264 60
60 2993
1608 2814
2814 4560
3561 4179
4179 2007
2348 4243
4243 2854
1453 1517
1517 3964
148 2880
2880 817
552 1064
1064 2904
1354 3516
3516 4422
183 1129
1129 1047
9 4105
4105 3534
4114 2905
2905 4057
3449 2528
2528 149
774 307
307 91
3831 190
190 2486
9 3624
3624 1538
598 3633
3633 252
3109 3674
3674 339
369 2159
2159 3145
3004 3179
3179 100
285 4327
4327 3151
3925 2102
2102 3415
1763 1822
1822 4537
4103 3028
3028 4187
4331 705
705 3540
2380 2066
2066 360
390 907
907 3395
1404 359
359 1951
3208 2554
2554 3261
2834 1876
1876 3805
3426 3042
3042 1273
812 2127
2127 2994
824 3961
3961 1367
675 519
519 132
4196 4463
4463 4536
2858 2434
2434 1783
2976 516
516 4092
3560 508
508 1644
1618 2334
2334 3742
2348 2559
2559 1914
1884 2439
2439 3014
1611 2622
2622 2329
3126 3710
3710 1084
2113 4446
4446 2671
136 2969
2969 1984
413 2509
2509 2336
1611 2255
2255 16
90 879
879 1674
3701 3683
3683 425
3800 910
910 1045
2891 1093
1093 313
3315 885
885 1880
4489 1478
1478 2224
2877 3583
3583 997
552 1926
1926 1626
3180 4051
4051 425
3970 3142
3142 4505
590 3839
3839 836
2304 546
546 1099
3831 3989
3989 1050
4177 2611
2611 1601
1345 1684
1684 4536
1676 3646
3646 204
2869 2886
2886 3538
820 22
22 204
160 1339
1339 175
1404 3242
3242 2586
4296 833
833 1112
1314 2900
2900 442
1360 279
279 968
2428 1304
1304 530
478 676
676 817
3091 3590
3590 505
4432 3599
3599 3782
2180 364
364 1273
3180 122
122 3880
893 244
244 4092
2981 3816
3816 1996
1101 1930
1930 1174
2428 1597
1597 339
1676 467
467 2586
745 1979
1979 280
2796 919
919 2454
1029 849
849 2804
2877 4451
4451 1409
2834 77
77 2367
3926 4438
4438 2586
2 303
303 2396
2517 3693
3693 921
2639 562
562 4422
1619 4484
4484 3352
824 4031
4031 1439
3762 3859
3859 4330
812 1465
1465 2403
3091 3294
3294 485
101 2691
2691 826
2911 2735
2735 3540
3566 3670
3670 3203
3709 2694
2694 4183
136 452
452 215
1923 2366
2366 1959
3302 1241
1241 1628
675 703
703 836
500 2089
2089 493
285 187
187 339
4578 2232
2232 1626
4044 464
464 3805
2427 2516
2516 4537
434 4087
4087 442
3460 4568
4568 282
4437 3106
3106 2870
4578 992
992 2367
893 4333
4333 1242
1101 525
525 3993
3208 4236
4236 1603
4442 289
289 2284
666 1808
1808 1409
824 634
634 4221
489 3363
3363 1689
3586 2497
2497 836
108 3544
3544 1279
3926 3855
3855 1674
1281 1735
1735 150
1688 988
988 2629
1038 453
453 4299
1525 3064
3064 1854
2155 363
363 2403
2113 1652
1652 977
1543 384
384 3993
1527 2847
2847 43
2840 2207
2207 2284
2025 3731
3731 1570
1503 4139
4139 2454
1404 843
843 977
90 2342
2342 3869
2531 2955
2955 3782
290 1458
1458 95
1676 2504
2504 1959
2840 1606
1606 4283
2087 1631
1631 762
2389 1452
1452 3151
1884 1641
1641 3713
3208 3326
3326 4536
3686 3237
3237 4283
356 35
35 3651
3762 3953
3953 775
2729 3233
3233 977
2428 583
583 2904
3525 4274
4274 1996
296 2318
2318 463
2639 3001
3001 997
707 2871
2871 1233
2389 3671
3671 1195
2304 2649
2649 3732
1407 18
18 485
4466 1424
1424 4560
820 4125
4125 874
1354 257
257 4330
3302 1215
1215 282
2445 1620
1620 204
1029 996
996 1112
2858 1495
1495 977
2576 2958
2958 1242
1154 1869
1869 3395
1724 2317
2317 505
2877 3105
3105 2557
434 1149
1149 921
2168 2406
2406 1023
1029 4464
4464 4403
3525 36
36 2093
1738 2874
2874 2544
2003 3530
3530 3309
2203 4150
4150 425
4417 4315
4315 1045
2769 1026
1026 741
3639 4097
4097 769
1003 4130
4130 3075
820 427
427 3955
3762 2539
2539 3880
4367 3230
3230 3939
4198 2114
2114 836
3560 3008
3008 921
2647 980
980 2629
21 3412
3412 2088
2117 739
739 1825
2836 1646
1646 1579
2168 3144
3144 2041
3198 277
277 772
2113 4378
4378 1016
3264 1571
1571 3793
854 4195
4195 530
1790 2805
2805 4132
2851 2481
2481 2736
4044 3654
3654 3480
1354 4181
4181 1674
893 3217
3217 1914
390 1325
1325 65
4405 934
934 775
2876 3600
3600 3964
2203 156
156 2041
500 1552
1552 3713
956 496
496 3394
2531 3454
3454 3830
2981 4070
4070 1959
2113 3820
3820 1570
2647 129
129 4330
805 4116
4116 2470
2435 4562
4562 2998
1688 738
738 1951
3586 1630
1630 4092
786 80
80 4132
4252 1841
1841 463
3935 2411
2411 3261
3109 3220
3220 2278
2461 2887
2887 3321
4198 2724
2724 4536
2834 842
842 43
2025 4135
4135 1635
2508 4517
4517 4348
3701 4322
4322 302
3180 2028
2028 1099
1806 1371
1371 3224
3449 3303
3303 3713
2294 367
367 1427
2858 1068
1068 3480
296 3037
3037 439
1525 2578
2578 97
296 4430
4430 2752
2729 3887
3887 4240
2782 1247
1247 106
2445 3688
3688 625
4269 1266
1266 16
9 2260
2260 132
1483 3455
3455 3993
2322 2353
2353 3392
3283 1333
1333 2998
820 1124
1124 2662
3945 3808
3808 2535
3945 1728
1728 1084
795 1213
1213 2505
2796 2023
2023 1427
1003 1020
1020 2535
2427 4047
4047 505
591 4003
4003 1786
3769 4349
4349 641
1724 975
975 1736
3594 2636
2636 772
824 1341
1341 977
2117 1809
1809 2870
2714 3406
3406 2904
627 3245
3245 1174
4466 3819
3819 106
3620 1754
1754 1306
3559 3344
3344 2994
4436 4233
4233 2998
2531 611
611 999
4114 3628
3628 3603
4103 1599
1599 97
893 1359
1359 3395
2639 196
196 425
1619 4476
4476 4560
2510 301
301 2470
2155 2731
2731 1951
1354 2702
2702 1628
3560 2039
2039 3651
2891 4415
4415 2993
4143 3020
3020 463
598 1596
1596 921
1101 2005
2005 2736
3687 377
377 2068
590 2418
2418 826
528 4369
4369 775
3784 2179
2179 1628
4561 1650
1650 4348
3970 2206
2206 3131
2796 319
319 2138
1202 1749
1749 4403
4466 2326
2326 4537
3762 2292
2292 3713
3889 3153
3153 4422
3004 3427
3427 3540
3935 1489
1489 1951
520 756
756 240
2168 1316
1316 2904
2911 607
607 2972
1404 899
899 4221
994 2108
2108 3540
160 1390
1390 3732
2203 237
237 1105
183 3614
3614 641
4269 2612
2612 1367
2026 2594
2594 2841
3287 3765
3765 2283
4198 2732
2732 2904
2876 3110
3110 4092
2510 96
96 1045
3426 3863
3863 175
1154 298
298 3742
4442 512
512 2041
3935 1725
1725 1052
2322 2525
2525 1047
2380 3522
3522 3014
3449 2914
2914 469
711 2653
2653 3261
1358 376
376 2470
2203 3746
3746 1984
4103 1807
1807 3480
4466 587
587 3713
1281 1089
1089 3538
893 3866
3866 762
1752 1712
1712 2068
2003 93
93 604
2840 3930
3930 1023
3426 2571
2571 1112
4103 395
395 2586
2117 1564
1564 662
4018 708
708 3221
3283 2947
2947 1084
3561 3689
3689 3392
3687 368
368 1439
782 2205
2205 921
3460 2381
2381 3108
854 3737
3737 1601
1724 1974
1974 4057
3566 599
599 469
2 2878
2878 1786
4296 3234
3234 1984
101 2287
2287 16
1619 2449
2449 2367
3091 450
450 4187
2445 3922
3922 769
1548 1964
1964 1783
2774 315
315 2772
2877 4016
4016 2993
4301 3852
3852 4325
2180 3300
3300 149
745 1471
1471 4346
820 3690
3690 1273
42 12
12 1783
735 2221
2221 3007
1724 4312
4312 2470
2976 431
431 1426
3602 1756
1756 1914
2510 3975
3975 2486
1022 4025
4025 3255
1503 275
275 1324
1688 3918
3918 3108
994 168
168 1984
1399 228
228 769
3109 3715
3715 1961
3057 3121
3121 3880
711 1214
1214 826
4405 1629
1629 3805
3109 14
14 215
2203 4526
4526 1992
1399 1896
1896 1786
3315 3387
3387 3912
160 3002
3002 1099
1548 3277
3277 2670
4143 3684
3684 3534
192 2085
2085 2804
9 3188
3188 506
3639 2600
2600 2329
3293 3189
3189 3221
1404 878
878 350
1136 1580
1580 1825
1202 3205
3205 1601
2918 1062
1062 1854
2155 2106
2106 4283
2087 1395
1395 530
90 2314
2314 821
3709 4522
4522 741
557 4318
4318 3395
3426 4457
4457 302
2380 4066
4066 3534
4065 1925
1925 3108
3620 2893
2893 3939
90 4145
4145 2454
3057 3897
3897 2804
1327 1999
1999 2007
1034 1411
1411 100
2428 3680
3680 3732
2813 3991
3991 2998
42 2936
2936 641
4437 3090
3090 968
2158 1514
1514 3782
994 679
679 4422
2877 3562
3562 3321
4437 3272
3272 1016
3126 4257
4257 215
1314 4085
4085 65
820 1443
1443 215
1618 1040
1040 1880
1543 3313
3313 469
1763 944
944 2093
285 1134
1134 1628
706 2299
2299 874
3460 2258
2258 65
854 2337
2337 166
2918 3331
3331 2904
3293 1778
1778 3912
786 399
399 604
4196 274
274 632
3537 2429
2429 3352
2175 271
271 3014
2348 4210
4210 3131
3302 1955
1955 360
1481 2989
2989 4221
2976 2661
2661 4240
4114 3877
3877 1984
2639 2765
2765 4221
4489 3241
3241 2972
1483 348
348 2904
774 1384
1384 2367
413 2374
2374 2068
21 2218
2218 1996
812 1810
1810 3955
1792 3074
3074 1880
3620 3660
3660 3742
4466 616
616 999
3709 883
883 4299
4405 3282
3282 853
2531 2693
2693 2557
4405 4294
4294 240
3925 2368
2368 3480
2840 25
25 1603
1738 1891
1891 1689
1806 4371
4371 826
1792 1450
1450 3321
3566 916
916 2278
820 68
68 1047
1763 4575
4575 2093
4574 1177
1177 65
4044 1186
1186 4537
160 3067
3067 3793
1022 3728
3728 204
2304 4002
4002 2544
3596 1537
1537 2396
478 1085
1085 2068
782 2399
2399 1674
3701 2171
2171 2007
3561 2822
2822 3713
745 4011
4011 941
4436 3545
3545 769
1202 3841
3841 4221
4065 2758
2758 232
795 3031
3031 3017
42 4036
4036 3782
1543 2269
2269 741
2445 4063
4063 1570
3426 2932
2932 233
3709 4577
4577 3725
2389 3077
3077 1783
2180 3556
3556 1689
1003 3929
3929 2998
2714 2940
2940 1914
3935 1511
1511 4057
3559 4015
4015 1427
3889 3214
3214 1439
1670 2681
2681 360
2637 692
692 1427
4027 4304
4304 1689
185 2999
2999 1959
4405 2306
2306 3151
3996 1179
1179 313
3686 761
761 4183
1972 1243
1243 3395
3970 2013
2013 4057
2348 3098
3098 2007
3935 217
217 4330
4432 123
123 3880
3138 249
249 442
2647 4026
4026 1195
2877 69
69 469
2981 1001
1001 1786
2782 3404
3404 1644
520 2844
2844 4536
1136 847
847 2470
116 310
310 2854
861 3591
3591 775
528 308
308 4536
2774 935
935 100
3889 722
722 4507
4114 3348
3348 1279
1034 299
299 2470
861 3115
3115 2670
4442 1912
1912 2586
3460 3439
3439 2935
136 2963
2963 2994
2304 2266
2266 4560
3831 3359
3359 3224
4269 620
620 1052
1298 3960
3960 769
1790 2650
2650 2345
1483 2377
2377 232
3161 4494
4494 3392
2836 241
241 3964
2531 3580
3580 4560
3621 2820
2820 1570
4114 3332
3332 2854
3091 226
226 4362
225 1222
1222 1890
4347 1787
1787 4299
1792 3073
3073 1052
956 2193
2193 3261
675 2276
2276 149
4196 3483
3483 282
1688 278
278 1409
2461 1707
1707 2284
4405 606
606 641
3935 3319
3319 4422
4367 595
595 1783
598 3581
3581 439
675 2425
2425 1984
2113 1704
1704 1427
3621 720
720 1689
3449 4061
4061 1467
2158 4019
4019 3880
1608 2349
2349 2283
2981 1998
1998 674
2428 544
544 106
3889 2061
2061 43
1034 2308
2308 2535
3800 1166
1166 350
1327 2761
2761 2041
225 4320
4320 425
2304 551
551 2579
2158 3281
3281 3742
3561 683
683 1736
3537 1263
1263 1242
4269 3296
3296 1233
4417 3753
3753 604
2 1506
1506 3007
4578 1287
1287 1674
3701 224
224 662
1972 3489
3489 166
986 2826
2826 3534
1738 47
47 2767
3180 1578
1578 1367
148 1745
1745 741
2293 2216
2216 2454
735 3423
3423 240
183 3941
3941 3224
820 2973
2973 2629
2576 137
137 2396
1446 1445
1445 999
4301 4199
4199 1426
861 778
778 1279
4417 807
807 204
2774 3159
3159 3246
1884 3825
3825 2329
4027 950
950 4330
1548 4576
4576 821
2647 2105
2105 1427
2918 3543
3543 4346
478 4481
4481 4057
3264 1363
1363 2448
116 1647
1647 4507
185 931
931 1880
3302 4263
4263 473
2851 710
710 469
2175 827
827 3151
994 2330
2330 335
675 2919
2919 1644
1407 1430
1430 3534
994 3223
3223 3732
1884 3468
3468 2088
3915 4207
4207 2448
795 1044
1044 1084
1884 4413
4413 1023
1481 917
917 175
4561 1413
1413 3540
4114 3209
3209 2579
2729 4099
4099 3912
2155 1311
1311 2904
4442 88
88 772
2813 1899
1899 3131
185 3882
3882 625
520 86
86 2041
994 4540
4540 2736
1752 1722
1722 775
2025 1942
1942 2016
2087 4249
4249 775
2380 1075
1075 350
892 1017
1017 641
795 2802
2802 2283
2796 3666
3666 2671
2113 1748
1748 3936
4140 1967
1967 350
2322 3437
3437 997
3889 4032
4032 3394
2025 2057
2057 2486
2304 3113
3113 3246
1358 1501
1501 4325
3709 2288
2288 918
3594 593
593 669
2813 1817
1817 3742
2877 3059
3059 1538
3525 1595
1595 3936
264 2201
2201 4092
2348 3510
3510 641
2458 59
59 918
1670 4245
4245 2283
706 2513
2513 2329
2380 1737
1737 3869
528 4500
4500 175
413 4281
4281 233
782 3306
3306 3964
4103 170
170 750
2877 3743
3743 1736
675 808
808 1112
4178 3814
3814 473
3620 673
673 2935
1548 444
444 3007
71 515
515 439
4178 3253
3253 1343
1548 3844
3844 1570
3889 1715
1715 2336
296 479
479 100
1738 3249
3249 1644
2891 2316
2316 1195
2840 20
20 2972
2294 3826
3826 1601
4466 3539
3539 1242
2891 3038
3038 3830
108 4435
4435 1854
180 2720
2720 1367
2458 2272
2272 2403
3198 1555
1555 2579
1548 542
542 3007
1724 3948
3948 662
1483 262
262 3717
2877 118
118 2283
1884 3371
3371 4132
1154 2231
2231 3007
4269 1530
1530 641
290 3740
3740 1811
4417 1592
1592 2470
892 2502
2502 2403
1281 1212
1212 769
21 1892
1892 769
148 2684
2684 106
3283 4200
4200 2935
666 2690
2690 4221
4143 2254
2254 3224
90 748
748 2345
2025 2055
2055 175
2508 64
64 741
3302 2728
2728 3603
1029 698
698 1992
2158 4529
4529 4330
3958 2130
2130 3151
2003 4525
4525 97
3917 328
328 2138
774 56
56 1785
116 202
202 2505
4114 1031
1031 3603
2348 3665
3665 2767
4143 4509
4509 1343
1688 2048
2048 1783
3620 3276
3276 3955
3057 1602
1602 505
413 2220
2220 2470
390 2567
2567 1084
987 3445
3445 3413
9 1710
1710 3321
711 1498
1498 442
1407 1794
1794 4505
956 1566
1566 100
2774 2332
2332 1439
2796 2526
2526 2283
782 4133
4133 442
666 1559
1559 921
1688 865
865 2736
1611 3722
3722 1626
1688 2386
2386 2329
42 4277
4277 853
1360 4060
4060 997
500 3856
3856 3415
892 958
958 1174
528 2052
2052 4240
2876 4069
4069 2804
42 334
334 3007
3602 3335
3335 769
2869 74
74 604
3926 402
402 2535
4143 2745
2745 3392
1298 3571
3571 16
296 347
347 4299
180 3101
3101 149
2322 2286
2286 2523
735 4361
4361 1099
1038 2313
2313 762
489 3838
3838 968
1525 3703
3703 530
1101 791
791 3993
4574 3231
3231 4362
356 790
790 2093
4580 3685
3685 1324
1792 799
799 2251
4143 266
266 4321
1923 2174
2174 2486
711 734
734 1273
2003 2120
2120 3742
3264 1185
1185 4299
782 3430
3430 3830
160 3558
3558 1324
824 1960
1960 1996
1758 1968
1968 3246
208 4190
4190 2041
2836 3763
3763 506
4044 157
157 3603
4432 391
391 3725
478 4399
4399 3717
2461 2710
2710 204
1101 4271
4271 1273
1358 4279
4279 1050
2647 3761
3761 3017
2576 2791
2791 3912
854 1264
1264 1023
2508 2549
2549 3936
2637 234
234 1052
71 3187
3187 1959
3315 2668
2668 4536
3784 3734
3734 2129
4018 2437
2437 1961
1724 1950
1950 2752
3701 2659
2659 762
160 927
927 339
2981 1228
1228 853
3594 276
276 1112
3586 105
105 4546
3594 4118
4118 1126
148 2202
2202 817
2458 2890
2890 463
2087 4538
4538 874
1202 2109
2109 280
3004 2655
2655 2016
1345 4485
4485 1854
520 1268
1268 3075
666 3822
3822 1628
290 541
541 1570
2180 3789
3789 1570
3889 4423
4423 625
1404 2456
2456 2119
4442 2907
2907 1628
1101 3662
3662 3717
296 526
526 3936
4561 3720
3720 2671
4580 4049
4049 1047
356 3895
3895 2283
1619 354
354 874
3091 2977
2977 741
4432 3967
3967 1367
2658 3924
3924 2088
552 3506
3506 530
994 539
539 1467
4561 2615
2615 921
1022 3508
3508 2536
812 2985
2985 65
1688 2471
2471 3603
4103 1110
1110 4325
3032 153
153 3964
434 830
830 3717
4331 178
178 741
108 2243
2243 762
42 1836
1836 3108
590 1846
1846 3805
2981 983
983 4132
3264 3089
3089 3394
108 924
924 232
1022 3386
3386 473
4437 3452
3452 4325
3091 2197
2197 3075
4442 1484
1484 1603
3586 243
243 2994
3057 1523
1523 233
136 1732
1732 1439
2918 862
862 968
1611 4077
4077 469
2508 3759
3759 3413
2877 553
553 3964
3620 2404
2404 3939
434 2607
2607 836
2293 2145
2145 4348
4189 727
727 1579
2304 1831
1831 3830
528 721
721 1050
4466 2952
2952 132
1676 3899
3899 233
1202 2000
2000 2544
2435 131
131 2544
1923 2426
2426 836
3257 1818
1818 3415
2003 1011
1011 91
4065 4229
4229 4132
3126 3376
3376 3830
148 1878
1878 4299
805 3848
3848 166
1003 2783
2783 674
2774 235
235 3352
4044 345
345 16
3620 1132
1132 1628
3958 932
932 530
567 4182
4182 741
3449 3549
3549 2224
296 3068
3068 1783
4065 1693
1693 632
4436 2906
2906 3603
3161 112
112 2662
1446 2920
2920 2016
4561 3078
3078 95
3958 2176
2176 442
3032 1823
1823 530
2158 199
199 2129
108 3382
3382 1409
290 3429
3429 3053
4103 695
695 4283
1281 4506
4506 1105
3898 900
900 1825
2834 3934
3934 313
478 1900
1900 4362
3586 3368
3368 3782
3586 939
939 1105
552 951
951 2283
2445 3648
3648 2536
3032 1531
1531 2972
2293 945
945 997
4489 3536
3536 2579
225 3155
3155 1099
3302 53
53 2119
225 4516
4516 3742
735 1041
1041 439
3621 2482
2482 3415
782 3914
3914 1084
528 2939
2939 493
1752 3643
3643 2470
591 1014
1014 968
892 5
5 3912
892 1803
1803 2544
4436 964
964 2329
861 428
428 3880
1358 3500
3500 3732
1453 4372
4372 4362
1358 649
649 425
1399 3944
3944 1736
675 4121
4121 2474
1692 2665
2665 1105
2074 2186
2186 1644
3687 320
320 625
1481 1286
1286 2904
2911 1256
1256 2448
1034 3141
3141 826
2428 3107
3107 2336
3161 3084
3084 1825
3004 4013
4013 3255
136 1423
1423 2998
4405 3212
3212 2736
2304 840
840 1961
3315 3622
3622 4505
1676 4521
4521 1195
1453 179
179 2470
101 4582
4582 2007
2576 1077
1077 2854
1029 2623
2623 4560
1676 4418
4418 95
1884 471
471 2041
183 3301
3301 2536
2918 1519
1519 2454
2113 2788
2788 2454
1923 3389
3389 2413
1611 881
881 3394
2918 1852
1852 641
2639 3372
3372 1016
2510 1338
1338 1914
90 873
873 1914
2025 1590
1590 3131
183 2235
2235 2870
987 2393
2393 1626
2576 2601
2601 2998
3594 1813
1813 750
1608 1418
1418 95
3537 3570
3570 674
3460 1326
1326 16
390 446
446 2579
1792 3509
3509 2670
2155 3582
3582 762
3766 3673
3673 240
1029 286
286 2088
711 2165
2165 4422
1527 4566
4566 4299
598 2909
2909 2854
3208 3136
3136 1409
893 2703
2703 3912
148 1196
1196 1992
4177 213
213 1324
4466 1550
1550 3742
1724 1770
1770 2345
351 4104
4104 3732
4578 4007
4007 463
4489 588
588 3221
3161 229
229 204
296 3215
3215 1628
893 3974
3974 2470
1884 2150
2150 1426
1022 57
57 3131
2510 2134
2134 1367
861 3195
3195 2557
1676 1261
1261 3392
1029 3868
3868 65
3620 4033
4033 3993
1806 3182
3182 3151
296 3478
3478 3309
3594 4370
4370 4330
1202 974
974 506
774 2785
2785 3805
2531 3908
3908 360
2445 1904
1904 149
1884 942
942 2068
3709 1797
1797 775
290 3878
3878 1242
2699 2162
2162 1628
3560 835
835 2093
824 4314
4314 921
1503 2779
2779 3145
861 4184
4184 741
2782 3111
3111 2972
2639 317
317 506
1724 1694
1694 2093
820 3347
3347 2138
3766 1398
1398 302
774 4337
4337 3352
2869 1719
1719 941
1792 341
341 2413
3686 3927
3927 1890
4437 713
713 1047
735 1851
1851 469
2639 947
947 821
1101 459
459 2535
3687 2227
2227 2093
1483 250
250 2336
805 3587
3587 2278
1446 1995
1995 2367
3639 3192
3192 2068
1548 3875
3875 775
3701 4073
4073 4132
1548 3744
3744 3534
1790 2436
2436 817
1202 3497
3497 1427
2175 4225
4225 1427
2427 1061
1061 2767
2813 1253
1253 1786
3915 2357
2357 95
3898 1372
1372 2283
4044 2492
2492 3131
4432 488
488 91
1022 2860
2860 97
2876 2010
2010 240
369 3154
3154 2329
854 4478
4478 442
528 1828
1828 3203
1806 4289
4289 4536
2774 1391
1391 3246
180 2315
2315 2994
489 1433
1433 3939
4018 3485
3485 3007
500 3714
3714 1050
3138 2137
2137 750
4436 2672
2672 1233
4177 686
686 1126
2113 1019
1019 106
1670 4218
4218 339
2348 3143
3143 1099
2508 628
628 641
1548 2934
2934 4507
4189 1651
1651 4221
2639 534
534 1242
820 2556
2556 2284
2699 3891
3891 4187
4301 3181
3181 65
1792 3467
3467 2454
9 3770
3770 2068
3004 1191
1191 1961
3138 2837
2837 921
101 2740
2740 2367
4065 1858
1858 1279
805 3874
3874 2454
1806 538
538 1195
2180 3842
3842 132
666 2489
2489 2119
4580 2700
2700 3742
2877 4508
4508 977
4177 2821
2821 3017
3586 2020
2020 3717
413 2115
2115 2278
3915 146
146 1601
4177 3080
3080 4240
3537 3513
3513 2367
434 29
29 2972
1670 4380
4380 1439
3915 2812
2812 240
4574 1775
1775 4168
1763 2930
2930 4092
2074 2746
2746 439
500 1184
1184 2586
2389 3554
3554 4330
552 2992
2992 2544
1763 1133
1133 485
2428 2084
2084 3538
136 2776
2776 2544
2293 646
646 2993
2508 2663
2663 2284
470 1435
1435 625
9 2190
2190 3732
2175 4004
4004 313
180 3280
3280 1242
3537 1182
1182 1126
1202 2593
2593 2403
2074 1982
1982 2935
3925 765
765 1045
1738 2945
2945 2536
861 115
115 3782
1503 162
162 4507
2508 2863
2863 1689
208 3408
3408 1783
1543 3384
3384 3145
567 3342
3342 669
4065 1315
1315 2474
4027 3885
3885 2544
3686 1388
1388 1736
3161 4157
4157 1306
2175 2754
2754 65
3996 2132
2132 2935
3709 256
256 853
3780 3350
3350 1084
3525 1043
1043 2396
590 2857
2857 2016
3004 2355
2355 4240
2911 2238
2238 604
3161 2982
2982 485
1360 1798
1798 3936
4578 2759
2759 3732
42 1971
1971 2486
986 2787
2787 1099
2851 2916
2916 4299
2796 4205
4205 215
2168 4450
4450 2278
735 2901
2901 2403
3831 754
754 1047
42 1508
1508 3713
4432 1051
1051 232
3138 518
518 530
1619 2581
2581 2670
356 4115
4115 4299
528 2118
2118 2817
9 1557
1557 821
1676 3049
3049 3108
356 188
188 1601
3594 2507
2507 4536
4296 4469
4469 772
4405 171
171 2670
1314 3711
3711 2993
434 4510
4510 3939
4347 2708
2708 1854
590 3634
3634 3053
116 4394
4394 3321
2175 4547
4547 1570
3128 4504
4504 1689
1453 2545
2545 335
1136 828
828 1174
225 2997
2997 1811
3925 1416
1416 817
4432 1
1 2904
3762 1773
1773 1023
4027 1986
1986 826
706 3349
3349 4221
956 2715
2715 1273
42 4340
4340 921
4189 50
50 2283
1101 2912
2912 150
285 2250
2250 175
2869 3471
3471 97
2834 2443
2443 2752
2026 203
203 3603
3559 1978
1978 2804
1003 3424
3424 1570
4405 863
863 1126
3180 1857
1857 2093
136 1225
1225 3017
854 3589
3589 1174
3620 2263
2263 1047
2769 1417
1417 2998
1281 4305
4305 1538
3537 4412
4412 469
351 3036
3036 3255
4574 330
330 2841
2074 816
816 775
9 3523
3523 1570
90 677
677 4330
1724 1671
1671 4057
4027 869
869 2544
2025 3699
3699 821
413 2617
2617 3309
1611 4219
4219 2536
3926 4043
4043 335
1670 1454
1454 4505
986 2328
2328 1023
735 3828
3828 485
230 501
501 2336
4347 2983
2983 1242
264 227
227 1047
558 27
27 1951
2576 1772
1772 4346
208 589
589 4283
1763 2683
2683 1242
1543 2921
2921 1045
3537 1155
1155 175
90 2122
2122 166
735 2192
2192 2767
2531 800
800 674
2813 4563
4563 204
1022 1100
1100 4507
9 1653
1653 3717
2203 561
561 2579
1670 2423
2423 95
180 1987
1987 505
3293 4533
4533 3880
3293 2371
2371 2396
3525 966
966 233
3780 2365
2365 1016
986 1681
1681 2767
4140 1741
1741 3321
1034 457
457 1367
225 1469
1469 4221
3762 3876
3876 1233
4178 4262
4262 3869
3831 3081
3081 1279
706 1442
1442 2870
108 4126
4126 442
4417 2319
2319 91
2769 3388
3388 1635
786 1886
1886 360
4367 655
655 4240
3287 2014
2014 4507
1611 2370
2370 1105
4044 797
797 977
2774 2725
2725 3538
1608 2015
2015 4283
1345 4128
4128 1279
4578 3801
3801 3793
4437 1733
1733 999
2348 566
566 2283
1724 1116
1116 2670
3917 730
730 97
1281 4365
4365 1603
4432 414
414 3603
470 2879
2879 1084
4027 2079
2079 775
1738 523
523 3394
4177 1546
1546 1626
390 3247
3247 3717
1481 1859
1859 3538
567 2036
2036 1786
2639 1169
1169 669
711 2819
2819 3725
1298 1816
1816 2841
2180 809
809 2804
952 1226
1226 1601
4301 1977
1977 741
952 4420
4420 1099
1923 2320
2320 2544
21 1970
1970 3480
956 3533
3533 1242
2876 1223
1223 1112
3945 3169
3169 95
4177 200
200 1242
4178 3356
3356 3717
2813 819
819 473
3264 3909
3909 2068
675 1321
1321 1951
3709 3444
3444 339
2637 1698
1698 1084
3198 2477
2477 1785
434 337
337 1052
3257 3972
3972 1825
1884 2491
2491 3651
994 3343
3343 4537
1670 165
165 2870
3996 2281
2281 1367
1806 2128
2128 3805
2782 3364
3364 918
4269 1801
1801 1783
356 2550
2550 106
4561 397
397 4507
390 365
365 360
3762 813
813 485
4574 2387
2387 339
2510 998
998 741
390 2209
2209 4283
4143 4147
4147 3540
4405 45
45 1626
2647 143
143 252
590 1667
1667 16
3915 3385
3385 1045
1724 1073
1073 2767
3180 4302
4302 662
824 4124
4124 2486
351 2289
2289 2224
2517 635
635 3108
552 1656
1656 282
3057 3661
3661 662
4198 2784
2784 2068
3537 2744
2744 3793
1003 514
514 280
2658 2369
2369 469
3709 2033
2033 425
3926 2540
2540 2138
3566 3193
3193 1050
101 272
272 1467
4269 1493
1493 1174
90 1071
1071 2586
4103 2236
2236 485
285 99
99 4560
3586 3962
3962 2586
2087 1259
1259 4221
3264 2364
2364 4403
1692 3012
3012 3261
1692 2450
2450 999
2796 3503
3503 4348
2639 3082
3082 473
735 2146
2146 1570
4196 3137
3137 2854
3762 3618
3618 2224
3621 3810
3810 2586
590 3988
3988 4537
4442 1276
1276 2523
1758 2409
2409 2817
192 2073
2073 469
4347 2606
2606 1914
2796 1821
1821 1689
3302 3663
3663 4346
1354 4100
4100 252
2155 1380
1380 4422
390 3515
3515 1233
101 1607
1607 2544
3302 1915
1915 4057
2637 3803
3803 4536
3315 1159
1159 1343
2647 1054
1054 3534
1618 2480
2480 2671
4269 1342
1342 280
3057 3735
3735 3151
1792 3021
3021 1674
3283 3419
3419 2523
3208 612
612 632
3620 623
623 977
1763 1373
1373 1603
3560 3568
3568 1959
3460 284
284 4422
4065 3033
3033 1427
2435 1500
1500 350
3091 2004
2004 3955
824 2898
2898 2016
2517 4122
4122 3939
3460 3227
3227 2413
413 1969
1969 1603
3460 615
615 3151
4177 2296
2296 1099
4189 1137
1137 1880
356 1048
1048 817
782 103
103 4168
3800 1762
1762 3480
1399 2046
2046 4283
478 3479
3479 2772
4065 2459
2459 4422
2445 971
971 2736
2813 2737
2737 3221
591 4167
4167 3014
3525 4083
4083 1811
745 943
943 4240
136 1028
1028 1628
2293 633
633 1126
3287 866
866 775
666 3006
3006 2536
2576 2800
2800 1367
956 440
440 2345
1738 490
490 2041
3945 901
901 3395
478 4334
4334 2804
3687 929
929 3224
3898 1059
1059 2088
4331 1150
1150 252
1688 2412
2412 1626
3596 3771
3771 1050
1688 2360
2360 2998
1692 3484
3484 1279
528 3502
3502 97
2517 2678
2678 625
2294 1181
1181 3221
805 2682
2682 1538
1608 517
517 1367
2510 2853
2853 3224
1884 3171
3171 4362
285 2414
2414 3538
1034 1144
1144 3540
627 295
295 3321
2180 4146
4146 977
2025 4502
4502 2336
4466 342
342 3793
4296 855
855 3151
2461 3794
3794 3480
4574 663
663 1890
707 2291
2291 836
706 3547
3547 762
4574 648
648 2329
2877 1296
1296 3534
2294 2892
2892 3394
3596 1777
1777 3221
4143 3632
3632 4546
1763 617
617 4057
2531 3724
3724 2119
3264 2169
2169 2448
9 1658
1658 1628
1692 4558
4558 3053
3293 699
699 3246
2113 3535
3535 977
71 3466
3466 3395
2203 2354
2354 4132
956 3228
3228 3203
3889 447
447 335
1806 1649
1649 3053
489 1288
1288 2068
558 2031
2031 4183
90 2589
2589 1674
3560 3698
3698 604
3032 4023
4023 1854
892 3954
3954 4505
4198 3682
3682 769
4177 3679
3679 1961
3138 2421
2421 1961
552 504
504 4536
1884 3112
3112 1174
2531 2495
2495 853
812 2430
2430 2283
3586 4275
4275 3151
3898 2763
2763 2454
3596 3657
3657 2413
520 416
416 1959
1354 4513
4513 3151
1101 529
529 2767
230 3278
3278 2586
2348 1782
1782 1050
1483 682
682 506
591 2112
2112 3415
2113 2888
2888 4348
861 4068
4068 2629
1298 3636
3636 1174
2658 499
499 1195
1101 1429
1429 3053
3800 4059
4059 335
1676 3795
3795 43
1525 4034
4034 1105
489 1691
1691 2345
4114 1128
1128 1052
4437 3669
3669 302
956 4377
4377 232
2517 2419
2419 4187
185 1114
1114 3603
351 1980
1980 3869
3198 702
702 3742
3426 644
644 1195
1101 1985
1985 1467
3287 1368
1368 821
1752 3160
3160 4168
782 167
167 1324
3800 3425
3425 3309
4296 1394
1394 1084
4044 1731
1731 2629
1724 44
44 3014
264 2830
2830 3261
2074 2642
2642 1099
4198 1988
1988 2870
369 4192
4192 166
3958 4270
4270 3261
1676 468
468 3732
1404 134
134 2972
1446 1244
1244 3131
2840 2249
2249 2935
478 2520
2520 741
136 1006
1006 2544
3889 1131
1131 1099
4065 4307
4307 874
2769 2551
2551 282
2203 2991
2991 632
1446 4573
4573 1570
4027 366
366 1992
1136 758
758 1626
1806 3931
3931 1783
2637 2644
2644 3869
666 2575
2575 4321
3315 1714
1714 2251
4018 1252
1252 473
2427 4555
4555 3014
1688 3079
3079 473
3091 220
220 16
3701 2100
2100 252
2836 2267
2267 1409
2294 3462
3462 2119
1752 3788
3788 1951
1792 3896
3896 632
1618 1250
1250 1367
1543 1090
1090 1439
552 2455
2455 2767
4466 740
740 65
4432 2177
2177 3480
3449 73
73 1674
986 2487
2487 473
4140 687
687 463
3091 3458
3458 1439
1543 2961
2961 1023
1738 3292
3292 641
545 2518
2518 4168
3057 2415
2415 439
567 3616
3616 3017
2840 4091
4091 2278
478 2154
2154 442
21 3050
3050 2283
390 3911
3911 280
3970 4203
4203 3939
2380 3772
3772 2767
2531 1385
1385 1306
3449 461
461 2536
3639 2790
2790 2772
1676 3418
3418 4057
3586 2889
2889 3415
2074 4153
4153 91
567 2839
2839 1273
4044 2189
2189 3713
745 3119
3119 3131
1281 273
273 4325
1972 2751
2751 91
2113 3087
3087 2662
2637 4074
4074 166
2769 832
832 2772
4331 2572
2572 821
1034 560
560 1674
192 3569
3569 106
185 124
124 2278
2729 788
788 150
3128 4064
4064 3713
3621 2872
2872 3534
3004 913
913 493
706 3894
3894 1409
552 884
884 506
1738 982
982 425
4065 2620
2620 1016
4437 3519
3519 2772
3180 1917
1917 100
4189 294
294 2662
4018 1444
1444 215
1670 1018
1018 3352
1608 852
852 1174
2003 1094
1094 2486
4177 2614
2614 3017
225 1290
1290 1785
2294 1392
1392 1174
2517 2149
2149 3651
4511 4300
4300 3480
2647 2827
2827 2629
4347 2867
2867 2767
786 2037
2037 4283
208 482
482 3415
3620 2673
2673 2413
160 2373
2373 2016
3762 3567
3567 313
3915 653
653 772
1676 2861
2861 3321
3935 405
405 874
4561 829
829 3395
108 4042
4042 1126
2428 619
619 335
4189 2824
2824 3805
711 269
269 2413
3831 4543
4543 1783
4432 1211
1211 1242
3701 1614
1614 3221
478 3088
3088 2772
4114 3441
3441 4240
2658 4534
4534 3540
3198 189
189 2870
4561 2012
2012 772
3926 1624
1624 3394
185 2333
2333 921
2293 3399
3399 1785
2168 1516
1516 3782
2293 2392
2392 2403
994 3971
3971 817
3293 3907
3907 2129
2158 70
70 1626
1354 759
759 1105
21 871
871 2586
4331 716
716 1467
4331 1575
1575 3413
2891 4106
4106 204
666 4426
4426 2093
478 1703
1703 1242
2876 1793
1793 3651
1358 379
379 2870
3769 2835
2835 3413
707 967
967 1992
2637 1744
1744 836
4580 1434
1434 4348
3602 2341
2341 3955
1154 4542
4542 2998
2158 349
349 853
545 2038
2038 1996
2639 2208
2208 1570
1525 1594
1594 3603
598 1600
1600 1409
285 2795
2795 3221
3926 2262
2262 3732
3109 197
197 350
706 1848
1848 232
3586 4142
4142 3713
3709 2943
2943 941
3996 4159
4159 3742
4103 309
309 2854
3831 1240
1240 817
3198 4265
4265 4505
3525 1476
1476 977
2510 2838
2838 3221
1360 825
825 4422
2180 2669
2669 999
2 1046
1046 4505
986 1804
1804 817
2113 2995
2995 1961
2851 3367
3367 1961
2113 4487
4487 2129
42 109
109 3540
3831 3056
3056 1099
1003 3850
3850 2904
3586 1771
1771 2007
3586 1524
1524 2671
528 610
610 4221
1281 2873
2873 3321
2348 2588
2588 252
148 1701
1701 674
2155 2924
2924 2579
3766 3821
3821 2068
795 3357
3357 2345
2294 2630
2630 1992
1611 1238
1238 3075
4252 1750
1750 2088
4252 17
17 313
1446 2748
2748 1984
4511 3191
3191 3392
2435 3517
3517 3993
558 11
11 2474
1453 2529
2529 100
812 845
845 2068
3769 3747
3747 3540
4296 4524
4524 2904
4189 6
6 1825
3559 3130
3130 493
2918 3719
3719 350
4417 3222
3222 3007
4103 2677
2677 3014
2304 2451
2451 4330
552 1767
1767 1195
2087 2006
2006 1984
3596 2987
2987 769
4417 3806
3806 1324
1806 4390
4390 3053
3800 3360
3360 2523
2876 3016
3016 530
2858 1474
1474 1343
994 182
182 1786
1003 1008
1008 3053
782 4486
4486 2448
812 2794
2794 1105
1724 2017
2017 280
489 3745
3745 2093
2729 2926
2926 997
1676 3152
3152 2448
591 1005
1005 2329
2876 1301
1301 4422
2158 1323
1323 1105
1752 524
524 1016
369 1425
1425 625
2796 578
578 3964
2729 2514
2514 3869
296 1063
1063 3246
3537 2689
2689 3014
1884 1032
1032 1570
4269 965
965 3221
706 2433
2433 282
1136 3541
3541 1674
1481 1934
1934 149
2026 2705
2705 3480
3180 2792
2792 149
2304 1680
1680 1961
2531 3627
3627 632
1692 2560
2560 1579
2769 3318
3318 997
2389 247
247 4560
3958 4381
4381 2486
4143 4
4 3224
3283 2264
2264 350
101 4434
4434 918
1360 3416
3416 853
3621 1487
1487 2486
3460 3655
3655 4403
230 3642
3642 4422
558 3443
3443 2284
3766 3593
3593 1047
2877 2546
2546 4346
3701 3380
3380 1174
4489 2072
2072 662
956 2640
2640 2662
3057 2566
2566 921
2025 521
521 772
3128 2585
2585 4422
4442 4316
4316 3725
545 3396
3396 1306
820 55
55 3108
3898 3440
3440 4422
4140 1146
1146 3007
1291 1078
1078 1084
1354 4373
4373 95
986 3986
3986 4537
1029 973
973 530
2203 3949
3949 4536
2769 1331
1331 232
956 102
102 3742
1790 2706
2706 1785
956 3664
3664 2448
2918 2747
2747 1105
4189 3405
3405 215
2782 3758
3758 674
2531 1654
1654 1242
2911 685
685 3782
2175 4490
4490 3394
3283 2897
2897 232
2322 1843
1843 97
1724 2953
2953 3309
3831 3362
3362 2224
1022 597
597 2535
1029 3256
3256 166
1884 2064
2064 425
1345 4237
4237 625
4436 1679
1679 3246
180 30
30 1409
893 98
98 2396
1154 1598
1598 3717
557 3997
3997 1426
4103 1505
1505 1023
3287 764
764 3955
1619 193
193 1016
3138 126
126 2736
745 4107
4107 2904
180 142
142 3075
706 3783
3783 2016
1298 346
346 2671
2769 2564
2564 1674
552 3572
3572 4092
2508 1275
1275 2454
3898 3039
3039 2772
1503 1865
1865 1306
3766 1582
1582 3713
2576 31
31 2336
1038 4154
4154 2586
2168 1097
1097 1047
4331 1437
1437 2523
1202 4564
4564 2993
3945 579
579 2138
390 1920
1920 2670
4196 4166
4166 1195
2117 19
19 1343
2155 2771
2771 4132
782 3957
3957 2670
4027 2490
2490 1324
1038 1768
1768 16
2304 2534
2534 1016
2517 2226
2226 3830
3180 4241
4241 921
2322 2125
2125 762
2774 2957
2957 1467
4177 4338
4338 662
956 3490
3490 3993
2380 3846
3846 772
9 3431
3431 1825
3917 1227
1227 3394
2576 4095
4095 1644
136 4429
4429 360
4466 3610
3610 2870
805 2024
2024 2138
478 2157
2157 941
489 4310
4310 1854
160 1199
1199 150
4331 1138
1138 874
3889 563
563 2854
2796 1820
1820 2138
2304 2270
2270 3880
2158 1235
1235 4092
2458 1515
1515 4403
4198 2543
2543 604
2380 3854
3854 3540
545 585
585 425
3915 629
629 493
4065 1307
1307 166
369 4449
4449 632
3701 1121
1121 918
2796 806
806 1644
558 4553
4553 2336
3596 4545
4545 132
3180 2937
2937 473
4269 2521
2521 3352
296 151
151 3955
2714 486
486 3880
774 3093
3093 1890
2840 2042
2042 3255
3687 3351
3351 4183
707 3433
3433 3203
3032 1924
1924 4187
1763 155
155 772
4580 3052
3052 233
4578 3304
3304 3793
707 2917
2917 3717
3926 1376
1376 95
2858 2295
2295 2662
3586 2506
2506 1279
3620 2950
2950 3221
3769 1958
1958 339
3926 3186
3186 2016
3594 2928
2928 1047
183 1585
1585 2336
2113 4350
4350 662
557 3124
3124 2535
520 4005
4005 1016
590 3604
3604 2767
711 1272
1272 2535
1618 4001
4001 313
4417 3366
3366 2536
3537 1844
1844 3830
136 770
770 2448
2389 4387
4387 3145
1446 1420
1420 473
3917 2351
2351 1343
2714 1835
1835 853
994 3330
3330 1626
1453 642
642 2662
2458 3274
3274 2068
1923 4175
4175 762
2445 4570
4570 4505
4466 1145
1145 1992
854 1615
1615 1570
2637 4253
4253 360
1758 3916
3916 2403
706 2321
2321 3221
3032 3070
3070 65
1758 2583
2583 335
3449 1352
1352 3261
2813 3592
3592 3480
1029 3065
3065 2772
567 3491
3491 769
2304 2212
2212 335
805 1318
1318 632
1923 3493
3493 2474
3831 2727
2727 3880
3264 4239
4239 669
225 3184
3184 4403
1022 3058
3058 1099
675 4186
4186 3955
591 120
120 2671
1407 1898
1898 204
2510 2277
2277 150
3057 1167
1167 3782
2647 268
268 43
987 2035
2035 1467
2976 4194
4194 1045
1611 1572
1572 2329
820 701
701 282
4489 4332
4332 1084
1608 3647
3647 3725
675 1197
1197 3007
956 4266
4266 282
1738 1245
1245 1961
4044 1448
1448 313
2891 2949
2949 4403
1763 1541
1541 3540
2380 206
206 3415
2158 128
128 3145
1972 3952
3952 2557
4178 1303
1303 1233
4198 4161
4161 4321
4143 207
207 2413
3639 2538
2538 1279
986 1098
1098 3534
2510 1705
1705 280
296 839
839 775
4417 3937
3937 469
558 3258
3258 469
2911 2071
2071 2870
3032 1888
1888 632
3126 2816
2816 2998
627 2043
2043 2413
2117 4376
4376 3395
2918 859
859 442
987 3644
3644 2670
2003 1833
1833 3131
3091 4454
4454 3880
116 779
779 4283
3032 4411
4411 2993
1038 575
575 3392
3302 3807
3807 232
598 2698
2698 3221
3945 2561
2561 335
2158 4254
4254 442
3559 130
130 485
1611 251
251 1047
3766 1151
1151 439
3161 4174
4174 2224
3525 4220
4220 2278
3926 4075
4075 2972
2813 3824
3824 4546
1618 172
172 3309
2796 3254
3254 4536
2774 4028
4028 3321
1692 1260
1260 4187
2380 896
896 442
1298 401
401 2345
4347 660
660 2251
1763 177
177 2329
225 773
773 921
3621 1076
1076 4092
3208 2059
2059 3413
4437 253
253 1736
3180 477
477 95
735 3712
3712 2998
3138 507
507 43
805 904
904 2403
805 1049
1049 674
185 564
564 3203
4561 3933
3933 1112
1548 622
622 1016
545 3054
3054 280
786 527
527 2523
3287 1312
1312 4221
3769 1258
1258 350
2782 3829
3829 3014
160 2148
2148 3246
3525 63
63 769
952 3979
3979 3007
4269 2244
2244 2138
1029 287
287 632
4511 768
768 1052
180 3044
3044 530
774 580
580 150
1611 3288
3288 3221
3686 4055
4055 3395
3315 3072
3072 166
2510 1178
1178 3651
1022 3749
3749 3053
160 815
815 4325
1543 925
925 775
369 1981
1981 2629
1029 887
887 2535
1029 454
454 1880
4301 1759
1759 425
2294 4169
4169 2994
795 48
48 1306
3561 2261
2261 4092
2389 1716
1716 100
2981 423
423 2767
3302 4477
4477 632
390 422
422 1343
805 465
465 2523
4252 4344
4344 425
3889 511
511 1890
1758 221
221 350
3128 4071
4071 4283
893 1560
1560 3939
1202 2382
2382 1099
3639 3411
3411 3224
1525 1711
1711 918
2891 3695
3695 335
3180 4058
4058 439
192 39
39 3538
2155 1039
1039 1783
1298 2793
2793 1273
136 4465
4465 2251
4178 1055
1055 2841
1298 2097
2097 485
3687 1973
1973 2994
2389 2422
2422 2016
1038 640
640 3261
108 2011
2011 3538
1670 1125
1125 1951
2517 3871
3871 4325
2891 4078
4078 1538
148 848
848 2993
774 3018
3018 4183
489 1057
1057 1050
4561 1539
1539 1811
2458 305
305 1112
3198 3573
3573 1426
1291 1637
1637 2870
2834 2417
2417 3936
2322 1834
1834 473
1670 1574
1574 2403
1314 2679
2679 1628
2508 2069
2069 2138
745 4209
4209 1426
994 1466
1466 1045
2380 959
959 1174
2117 2742
2742 2016
861 1940
1940 2586
2976 1584
1584 1736
1752 242
242 2993
2180 1319
1319 2736
21 2749
2749 1273
2158 3847
3847 625
567 3940
3940 149
675 3370
3370 3352
192 3323
3323 1367
3926 3923
3923 2284
1399 2376
2376 132
4301 1381
1381 3017
3596 2908
2908 3415
2389 2766
2766 3540
1724 4050
4050 2396
3161 2704
2704 1736
1763 3308
3308 1174
369 1872
1872 4505
1884 796
796 1409
1790 4444
4444 3309
9 3291
3291 240
2461 2646
2646 4546
1790 1280
1280 3651
3784 222
222 1880
42 3617
3617 530
3945 2717
2717 4321
1527 3374
3374 3964
296 1088
1088 2972
1611 2237
2237 473
2858 872
872 3014
3831 3635
3635 302
545 1015
1015 1570
2576 4286
4286 2345
1923 2599
2599 530
1923 1255
1255 150
148 1556
1556 1047
2074 680
680 1601
1752 2789
2789 999
1404 4017
4017 3880
666 4191
4191 2670
21 2298
2298 4092
994 1289
1289 1890
545 1329
1329 1279
774 2178
2178 2345
2699 2801
2801 1959
3762 2978
2978 2068
4044 1000
1000 339
3128 2160
2160 313
3161 2485
2485 1105
795 726
726 2752
1029 4421
4421 2007
557 1317
1317 302
1291 1868
1868 1785
1298 3792
3792 2448
108 3773
3773 2448
160 1456
1456 3224
2840 645
645 2670
1029 1847
1847 641
3784 2541
2541 4325
2813 822
822 2088
3293 1037
1037 2403
774 2960
2960 339
3996 2803
2803 16
1670 2743
2743 1644
861 2808
2808 625
4140 4076
4076 233
160 2053
2053 2486
3208 970
970 3603
3898 1387
1387 997
356 24
24 2413
3639 1638
1638 2367
489 2384
2384 2870
4044 3521
3521 1439
3586 2240
2240 1233
2428 636
636 3880
296 4223
4223 2854
3032 1081
1081 3145
2658 718
718 3955
4296 2400
2400 968
3198 1432
1432 233
706 4238
4238 2579
21 3260
3260 2854
1618 4396
4396 674
3925 3407
3407 530
2322 742
742 1427
520 92
92 2278
805 1675
1675 149
42 1492
1492 3395
745 4342
4342 3395
285 1893
1893 3007
1790 1643
1643 3131
4347 3968
3968 1099
1298 1871
1871 1306
1790 4528
4528 2068
225 169
169 2536
1752 4278
4278 1050
1345 3442
3442 4546
2087 4410
4410 1084
9 940
940 3075
2025 621
621 3540
3138 760
760 2662
2576 626
626 3392
1676 1568
1568 1426
2658 2582
2582 4325
351 2217
2217 4321
2113 2823
2823 1914
1034 3243
3243 3939
2117 2246
2246 3007
627 1310
1310 4505
4417 586
586 1984
3687 2040
2040 918
4561 3950
3950 469
1136 3040
3040 4505
2180 665
665 997
2322 1086
1086 3717
2877 1697
1697 2284
3800 691
691 3321
4574 1207
1207 95
1670 2884
2884 817
3686 2141
2141 2396
1611 985
985 4346
208 513
513 918
3780 3305
3305 425
2445 460
460 339
3560 746
746 4187
180 2833
2833 1644
3620 3185
3185 1959
183 657
657 4537
101 4197
4197 1126
1792 1024
1024 2251
3109 993
993 2345
2981 355
355 836
528 3785
3785 3014
745 72
72 918
2458 2719
2719 1045
3525 392
392 918
101 3240
3240 2662
4065 4479
4479 3394
2508 1096
1096 3053
2461 497
497 1233
2510 550
550 2470
2531 1282
1282 2505
2869 4385
4385 4132
3559 2167
2167 149
4044 3269
3269 3793
2639 2021
2021 1689
208 3328
3328 339
185 3158
3158 530
892 2515
2515 632
4367 4272
4272 3151
3709 495
495 2544
4442 46
46 240
805 926
926 4221
2510 1157
1157 2523
986 492
492 1273
1619 793
793 1426
627 2726
2726 1324
2876 3338
3338 3534
545 4138
4138 2284
2348 4131
4131 874
3032 1665
1665 1783
2025 374
374 95
489 4111
4111 4057
567 1687
1687 674
4301 961
961 1050
3525 1902
1902 166
1692 3754
3754 1279
1527 3606
3606 826
4140 1257
1257 4187
4177 1717
1717 150
3257 4149
4149 4348
101 2110
2110 3321
2175 3987
3987 2403
3180 1190
1190 2671
4044 2565
2565 2284
4252 4048
4048 1626
1763 4308
4308 95
3283 2608
2608 1242
4367 1799
1799 2284
3283 1205
1205 3007
1354 4117
4117 853
1202 1210
1210 2670
21 4202
4202 2523
2891 3102
3102 1880
956 3730
3730 2016
2427 4228
4228 1635
1399 3116
3116 632
1034 4519
4519 1242
986 658
658 3413
598 3129
3129 874
2834 1163
1163 2536
2813 1460
1460 4057
1481 801
801 741
2869 2062
2062 2536
413 4039
4039 1112
4140 3526
3526 853
3889 915
915 3017
4178 3645
3645 3717
3602 4406
4406 282
2729 2956
2956 1689
3915 2530
2530 232
987 3597
3597 469
4367 3461
3461 2670
3138 1021
1021 2396
4296 1757
1757 2523
1298 912
912 3321
3559 2350
2350 1306
3138 2462
2462 674
1003 957
957 2093
1619 991
991 3392
2322 3156
3156 1736
2389 2453
2453 1195
2175 212
212 3053
1724 2359
2359 2138
4301 4467
4467 473
225 2568
2568 95
2304 3023
3023 1951
1543 2899
2899 3480
528 571
571 2935
2113 2394
2394 2224
1692 3851
3851 469
3128 2563
2563 100
1525 3354
3354 2662
2427 1881
1881 2772
3800 4171
4171 1811
861 1921
1921 2448
489 480
480 1996
1404 2312
2312 3725
356 3518
3518 669
1101 1837
1837 4346
1923 433
433 1112
1446 3969
3969 3053
180 2019
2019 775
2003 2499
2499 2224
101 3045
3045 2804
3032 981
981 2817
1619 2008
2008 233
3621 292
292 1279
3566 3030
3030 3713
952 1645
1645 2413
3161 3046
3046 817
296 1766
1766 1023
3889 1591
1591 3955
774 3403
3403 1628
489 325
325 360
2087 3275
3275 1105
1923 1625
1625 150
3709 3320
3320 280
356 3015
3015 2396
230 3985
3985 741
3926 3764
3764 4560
1314 1396
1396 505
1752 4090
4090 1367
3800 3140
3140 3480
4189 113
113 1195
3958 1910
1910 921
1503 1237
1237 2283
3898 2191
2191 625
528 1729
1729 2505
1670 1203
1203 150
3109 1108
1108 662
1481 911
911 3651
4143 1668
1668 1628
1003 2027
2027 439
854 4497
4497 473
1738 281
281 1890
4511 1913
1913 463
956 2651
2651 997
4178 389
389 2854
1038 3817
3817 662
745 3235
3235 1045
3926 1862
1862 1099
2026 3170
3170 2817
2087 1897
1897 1099
812 26
26 1880
2435 462
462 425
1738 1141
1141 2284
1453 3903
3903 4299
590 329
329 4299
1618 2395
2395 775
21 2590
2590 2329
3594 3337
3337 1601
470 1610
1610 3713
4252 570
570 313
2836 258
258 2470
1618 3729
3729 2523
470 270
270 1959
994 3605
3605 530
3594 1975
1975 2671
805 4113
4113 150
4489 3022
3022 918
489 3675
3675 2486
4511 3132
3132 918
1619 2092
2092 3221
225 719
719 4362
1608 2173
2173 2629
225 3615
3615 1047
4405 1013
1013 505
545 2603
2603 2998
805 771
771 4321
230 2688
2688 2972
3594 441
441 2367
2026 1346
1346 997
2203 2500
2500 106
2576 1784
1784 1626
434 3336
3336 530
369 1219
1219 1854
4269 933
933 2278
1608 3391
3391 2998
4331 3641
3641 4537
3935 2131
2131 772
2813 2077
2077 4537
1483 89
89 240
3915 2628
2628 4346
2876 4246
4246 2817
3198 3472
3472 282
4295 1402
1402 252
1763 1173
1173 1306
1029 3659
3659 493
116 1477
1477 1084
545 1870
1870 874
520 1706
1706 2505
3293 4539
4539 741
545 1383
1383 132
2891 3548
3548 3732
854 643
643 836
2877 2302
2302 1273
782 164
164 4537
1136 238
238 2544
994 3250
3250 3321
1354 3200
3200 530
557 3005
3005 2251
4437 1661
1661 3395
3915 2697
2697 1992
2445 255
255 3203
1525 3892
3892 2586
2891 654
654 1233
285 1366
1366 1959
2891 576
576 1467
1758 2852
2852 3782
1345 4392
4392 2579
116 3574
3574 3075
2729 3579
3579 3830
745 4180
4180 530
786 2875
2875 1195
1688 3325
3325 1603
2729 3942
3942 150
2911 811
811 2007
2087 3268
3268 2224
1003 2811
2811 2935
3784 4188
4188 1099
1792 2457
2457 3651
557 1761
1761 2817
2637 3524
3524 3221
1399 1604
1604 3392
1619 2469
2469 282
2918 1593
1593 2396
1202 119
119 2767
3935 2954
2954 762
3687 2597
2597 1233
2 1300
1300 853
3315 1449
1449 3151
183 1952
1952 2586
4367 798
798 2016
3561 870
870 2579
296 2864
2864 1242
3537 1956
1956 204
1029 2865
2865 3993
2510 2562
2562 1126
3198 1033
1033 3993
3602 2574
2574 2536
2774 2183
2183 2804
1136 1267
1267 506
1724 1161
1161 968
4196 2311
2311 836
1923 1337
1337 1016
3780 1335
1335 2016
820 125
125 968
356 1123
1123 1105
2113 1118
1118 3964
2155 684
684 3246
3639 474
474 2670
3161 2968
2968 2804
2877 3125
3125 2486
4417 2195
2195 4348
42 882
882 1427
1399 1562
1562 1579
4437 3623
3623 4187
2428 3117
3117 2016
2304 198
198 106
2458 3625
3625 1426
3161 3704
3704 1603
675 4256
4256 3993
3926 3164
3164 100
3315 2657
2657 1644
2026 3611
3611 4505
3917 34
34 4092
4331 3811
3811 4221
290 4425
4425 132
1618 1230
1230 3725
2976 2674
2674 3394
1202 491
491 1426
711 3428
3428 772
2293 568
568 2629
1481 1156
1156 3108
3561 2058
2058 313
1503 1122
1122 2413
2531 1065
1065 3007
2168 841
841 826
1527 1386
1386 2336
1407 1901
1901 3869
3293 2388
2388 2138
2155 2626
2626 1084
1806 1332
1332 3880
545 3520
3520 3007
390 2922
2922 2007
2769 3456
3456 4505
1327 283
283 4299
2851 1119
1119 3075
108 2467
2467 2413
782 4260
4260 442
1548 2280
2280 3540
3621 2442
2442 4403
2026 3777
3777 2523
4178 936
936 3145
2461 1070
1070 439
987 3284
3284 3480
369 693
693 2093
160 378
378 282
598 145
145 3007
3762 1347
1347 3014
4489 3956
3956 604
3109 1502
1502 1052
4177 3473
3473 2629
4442 3298
3298 2129
3264 2610
2610 2804
598 3727
3727 2486
390 4041
4041 3538
1763 3266
3266 95
1022 4401
4401 3732
2576 3853
3853 3255
225 2733
2733 3651
3057 1147
1147 853
180 3025
3025 2093
3287 2309
2309 3413
42 2475
2475 1242
3898 1209
1209 2557
1525 4567
4567 1786
208 972
972 2129
42 3531
3531 2474
2508 4088
4088 1783
1763 602
602 4221
3283 4214
4214 674
1790 3818
3818 4348
3701 4067
4067 3782
2774 1111
1111 4505
2 594
594 2474
3138 133
133 4537
3762 1945
1945 4299
3302 803
803 43
3915 300
300 2671
4065 3475
3475 3413
3917 2687
2687 4560
1453 4428
4428 3392
707 1558
1558 3742
1404 3901
3901 750
3126 1842
1842 836
987 3553
3553 2523
2647 2970
2970 632
2840 1080
1080 150
4442 4258
4258 977
3831 2755
2755 1016
774 969
969 1052
4301 1709
1709 968
2877 4400
4400 3717
3831 1586
1586 641
2510 949
949 1324
192 1753
1753 350
108 3598
3598 282
2769 743
743 65
160 1497
1497 3221
3128 1949
1949 1367
2508 906
906 3793
3687 2161
2161 4283
3596 2447
2447 4505
3032 1882
1882 3805
3620 4357
4357 2854
4027 455
455 4321
296 3512
3512 2535
1291 1947
1947 1050
4296 2948
2948 625
4417 2676
2676 3534
627 3383
3383 1579
413 3252
3252 4537
136 2777
2777 1409
1034 1229
1229 1854
2891 1663
1663 1279
2769 3994
3994 2841
2658 318
318 1786
892 4101
4101 941
3958 681
681 2251
3958 4084
4084 750
2918 3890
3890 3203
4140 3123
3123 3395
774 2692
2692 3540
1923 2903
2903 2752
3958 2034
2034 1195
3594 2484
2484 1959
1360 2256
2256 3725
3958 548
548 2448
2976 2045
2045 3108
711 4581
4581 1644
4367 3716
3716 4330
3935 3999
3999 3603
952 1461
1461 2007
2981 3150
3150 1050
4405 2339
2339 2007
590 1819
1819 2403
3537 195
195 750
108 38
38 2904
774 2222
2222 3224
745 2634
2634 2752
4347 2868
2868 2129
2911 3238
3238 1880
470 962
962 2870
782 1269
1269 106
545 651
651 16
1619 1488
1488 106
1453 1994
1994 2629
148 1004
1004 3151
3596 3676
3676 1242
3449 2210
2210 826
4432 948
948 1273
9 4433
4433 1467
2158 670
670 669
805 121
121 1242
2175 4515
4515 3540
1548 87
87 2752
90 1779
1779 826
4140 4445
4445 1367
2026 1069
1069 4299
745 1838
1838 1951
2774 4141
4141 2129
160 1009
1009 3392
4189 2988
2988 1427
3208 4459
4459 3415
1298 4548
4548 302
2508 2849
2849 3993
986 752
752 3413
820 421
421 4346
545 2136
2136 232
413 2184
2184 1367
3958 1480
1480 3415
2729 3873
3873 4330
1688 420
420 2345
290 1107
1107 1174
2348 955
955 3912
2813 2274
2274 1644
1972 1249
1249 2670
893 1320
1320 2251
952 3845
3845 1426
1543 3496
3496 339
3701 1721
1721 3309
3449 857
857 604
1154 1056
1056 4092
2508 781
781 4092
2840 288
288 1195
1345 909
909 3413
230 3672
3672 2998
4574 1356
1356 3017
2876 3546
3546 1050
296 472
472 821
786 3888
3888 3713
183 1577
1577 1601
116 4226
4226 2345
3315 3809
3809 3717
1503 323
323 4283
4114 4212
4212 2817
1724 2245
2245 1984
296 4488
4488 4221
956 3041
3041 65
2117 387
387 3224
470 4512
4512 1367
4196 3414
3414 2752
4178 3921
3921 3534
2380 2185
2185 1996
2025 2660
2660 1785
1029 2401
2401 2454
1038 581
581 3742
1453 2324
2324 2767
2074 1403
1403 302
795 3178
3178 4403
108 1464
1464 3717
812 1106
1106 1045
3958 1812
1812 2119
2294 1350
1350 2993
183 1623
1623 762
1692 2946
2946 1579
1792 3501
3501 2772
987 4550
4550 3793
782 1344
1344 741
3126 753
753 1426
4437 1853
1853 2505
3639 3400
3400 941
4178 3216
3216 4132
2348 2225
2225 4537
4561 2080
2080 1786
2714 4204
4204 3075
666 2718
2718 3651
1154 4416
4416 1112
101 533
533 3480
4437 1887
1887 1023
101 3086
3086 2284
4489 1660
1660 1099
2869 2156
2156 313
1676 2645
2645 240
2976 1362
1362 3007
2304 1695
1695 505
4405 1201
1201 2841
3898 214
214 1959
1738 2247
2247 2767
567 358
358 95
861 2915
2915 1367
1618 789
789 1047
1446 3010
3010 1736
183 2144
2144 43
1354 1224
1224 2904
4027 4572
4572 1052
3889 338
338 3732
2658 3133
3133 1126
90 4556
4556 2579
3091 8
8 2841
2175 1382
1382 485
2435 3691
3691 3352
3594 2685
2685 1785
3621 3976
3976 240
4489 383
383 1409
4489 483
483 1112
4044 3905
3905 439
4044 1957
1957 442
2639 776
776 1195
3639 2569
2569 1324
4432 1830
1830 149
1670 2522
2522 4348
1298 2984
2984 1736
3594 4134
4134 4362
2380 1408
1408 97
4432 810
810 741
558 4102
4102 3352
745 1393
1393 2670
745 1588
1588 1984
90 4353
4353 1914
3460 3055
3055 1644
3004 3197
3197 2454
2427 3629
3629 2670
854 1907
1907 4325
2074 4112
4112 669
3138 603
603 826
1758 3499
3499 3540
1022 2432
2432 1409
1483 4255
4255 65
1923 920
920 1126
1202 3114
3114 3793
2836 2799
2799 2486
185 3139
3139 625
4574 4313
4313 3540
2175 4089
4089 2804
3198 362
362 2579
2003 2598
2598 1047
4114 3061
3061 1736
2729 1171
1171 4403
2531 3563
3563 2367
1619 1194
1194 968
2517 1206
1206 4183
3293 4217
4217 2007
2976 2641
2641 95
4578 1509
1509 215
1670 4160
4160 2224
4436 1499
1499 2474
1407 4244
4244 2998
42 3943
3943 2804
3898 1510
1510 669
356 1553
1553 3108
3996 569
569 1045
1758 4163
4163 769
1483 1903
1903 1047
4574 2595
2595 3717
3620 3858
3858 469
4196 3843
3843 4283
3537 3322
3322 505
1763 2770
2770 1689
3128 1236
1236 166
2517 3451
3451 4299
952 4368
4368 2007
1608 3774
3774 817
3620 744
744 2629
1688 1683
1683 16
1503 3453
3453 4330
3264 1030
1030 3261
3561 1669
1669 442
590 2818
2818 2367
1022 747
747 669
3602 2391
2391 3793
2380 393
393 2935
3709 503
503 2486
434 3043
3043 1786
2508 2951
2951 215
795 326
326 4240
1483 3259
3259 4168
1619 3978
3978 3534
1503 324
324 2870
1202 1932
1932 4187
183 239
239 2224
290 426
426 1367
1358 28
28 1023
4018 216
216 240
820 2775
2775 968
1399 1708
1708 280
4347 1092
1092 473
2639 1087
1087 999
3264 2638
2638 2413
2435 3175
3175 921
4347 1885
1885 3017
3128 107
107 3939
1738 1486
1486 240
567 1840
1840 4560
4177 3168
3168 3538
3561 4414
4414 2841
3287 1060
1060 4299
116 3494
3494 132
3915 1802
1802 3246
2348 2358
2358 2505
627 1702
1702 2671
3560 3631
3631 3392
1453 4458
4458 280
4295 4215
4215 2536
598 2547
2547 4507
3935 2050
2050 1783
2714 2090
2090 485
4143 2503
2503 3261
4198 1776
1776 1959
820 4129
4129 4422
1360 4231
4231 1689
1034 1743
1743 2474
489 4441
4441 232
2510 1976
1976 530
3898 4250
4250 4546
4578 3938
3938 1570
2836 3201
3201 360
4140 3071
3071 2904
861 2587
2587 4403
4466 2666
2666 463
3831 1928
1928 2336
192 438
438 4168
3762 2095
2095 874
1034 2300
2300 674
1281 3340
3340 282
2840 4388
4388 1811
1022 715
715 968
1806 1370
1370 1279
3561 2781
2781 2016
520 3612
3612 2336
2876 194
194 4168
3687 357
357 166
3315 3504
3504 4537
4018 1158
1158 4330
3915 1234
1234 3480
2322 3361
3361 302
892 3204
3204 175
893 311
311 1439
3302 3463
3463 1689
4269 41
41 1016
4578 659
659 968
4405 2894
2894 473
2658 3928
3928 3939
3126 3297
3297 2345
2714 3913
3913 2283
3925 1473
1473 662
3620 540
540 3415
2389 1532
1532 1242
2117 1672
1672 1674
225 757
757 3131
1291 2139
2139 3394
3935 3225
3225 2772
3898 1627
1627 3540
795 3127
3127 1052
4442 3787
3787 874
558 2895
2895 442
528 3900
3900 3880
2180 138
138 1045
4269 647
647 1689
1670 1573
1573 1105
1360 3048
3048 166
1525 1160
1160 2544
2428 2723
2723 662
101 3760
3760 4507
3198 1475
1475 2772
2976 353
353 1047
1884 667
667 853
3926 2633
2633 3538
4044 3982
3982 2224
3621 1657
1657 2841
1202 3063
3063 2752
21 3476
3476 1959
1752 1877
1877 2904
558 1826
1826 1628
208 3329
3329 3014
892 3965
3965 1854
2876 4201
4201 485
2729 2054
2054 2403
3831 3528
3528 2767
136 1861
1861 252
2074 2465
2465 132
3264 2882
2882 2772
4189 905
905 3413
1327 4455
4455 313
2175 2964
2964 4283
1298 3990
3990 3221
3128 650
650 2536
2389 938
938 1783
567 3310
3310 2767
711 2986
2986 4221
3687 831
831 762
290 4551
4551 1279
3925 2397
2397 1786
892 3229
3229 2870
1345 2279
2279 750
3032 322
322 1367
1688 396
396 1570
1688 850
850 97
1790 3251
3251 3540
3109 3652
3652 1951
3915 2335
2335 4348
3935 4364
4364 1961
3283 876
876 4168
2769 834
834 4132
812 3577
3577 95
4103 4123
4123 3255
3426 3402
3402 1343
786 690
690 3131
21 823
823 2470
2175 82
82 473
3926 2379
2379 2841
1022 4251
4251 1242
2714 1939
1939 3108
478 2971
2971 3108
1618 3532
3532 65
3537 4431
4431 4403
2168 2828
2828 313
3426 51
51 313
1543 211
211 3413
21 111
111 3912
3032 2780
2780 2284
987 2116
2116 3246
2699 1938
1938 775
1136 572
572 1538
2976 306
306 65
1724 1632
1632 4183
2769 4493
4493 280
1763 2170
2170 2854
2428 4173
4173 826
861 1682
1682 3221
2026 254
254 1105
558 3311
3311 2670
557 886
886 2138
1136 2570
2570 3394
3620 2378
2378 1084
1670 891
891 4299
1029 3000
3000 1880
3701 3060
3060 3007
4331 2654
2654 2904
4269 2798
2798 3131
4295 62
62 1112
3315 2356
2356 4183
4269 1742
1742 4536
478 83
83 1628
2435 4008
4008 2088
3109 1336
1336 3246
2976 1378
1378 1951
2813 3470
3470 2586
1525 1002
1002 4422
3537 3083
3083 669
952 638
638 4187
2769 2111
2111 149
4177 3438
3438 3352
4178 3702
3702 1785
1022 32
32 149
2699 2338
2338 604
706 1109
1109 3955
986 451
451 4348
356 1922
1922 485
2858 4267
4267 3651
3996 3756
3756 2935
2 3919
3919 1689
2293 3638
3638 3108
2976 1545
1545 1644
1446 3120
3120 4422
2531 4447
4447 821
3898 4164
4164 1628
4018 4498
4498 1880
4347 3047
3047 3955
183 3157
3157 2088
986 3097
3097 2448
2836 1274
1274 999
590 2182
2182 662
2836 52
52 1016
489 1192
1192 473
3537 2711
2711 1273
3525 1993
1993 166
42 1441
1441 821
116 1864
1864 493
3639 2496
2496 762
148 4557
4557 4348
1608 3290
3290 2329
4189 2923
2923 968
3126 4062
4062 741
4065 314
314 2041
2294 2075
2075 2804
552 1277
1277 4422
3620 2383
2383 150
3915 3959
3959 204
3198 2049
2049 2752
2508 783
783 2129
3537 2829
2829 2007
986 954
954 1811
4143 2472
2472 1343
264 2211
2211 4546
4466 3434
3434 1783
1358 1472
1472 3131
824 2215
2215 3392
893 4559
4559 1601
2813 1927
1927 1084
1298 1547
1547 669
160 3870
3870 252
1763 1554
1554 4183
4140 2680
2680 2068
1481 963
963 4560
4252 1997
1997 1914
3800 4544
4544 1367
2813 3226
3226 3309
4196 4151
4151 2448
3091 4532
4532 3413
3161 2018
2018 2870
4027 1035
1035 1890
470 1299
1299 493
1527 2843
2843 769
4143 2081
2081 1880
2074 1401
1401 313
4347 1544
1544 1674
4466 637
637 769
1503 1135
1135 4507
285 1265
1265 4362
3709 3207
3207 1016
296 1991
1991 3603
116 2001
2001 2586
1790 4158
4158 1628
4347 4495
4495 826
4140 2029
2029 3651
1608 3267
3267 4505
711 3779
3779 2772
552 1193
1193 3203
3460 4360
4360 1343
3091 4040
4040 1644
489 2303
2303 1324
1676 573
573 100
185 2362
2362 3480
590 3334
3334 4507
3620 1827
1827 425
1923 4152
4152 2904
2876 2996
2996 2403
786 1740
1740 772
2851 4408
4408 4537
2911 3365
3365 1628
4065 1906
1906 3145
9 3778
3778 3203
1481 3024
3024 2088
160 4213
4213 3145
4027 3355
3355 2284
1136 4448
4448 817
148 4000
4000 3534
2851 700
700 313
1790 3862
3862 240
296 4503
4503 2138
2729 3358
3358 3108
2180 3409
3409 442
3264 1739
1739 1538
552 4165
4165 3131
2074 1534
1534 1099
2113 13
13 1343
3958 1520
1520 604
2531 3904
3904 3255
3800 2346
2346 741
1483 3285
3285 1174
4177 144
144 2772
1670 1083
1083 1811
558 3799
3799 1786
1503 2942
2942 2972
3128 3973
3973 1439
4367 3601
3601 3742
861 409
409 1890
2293 2424
2424 2138
3460 2618
2618 3108
2796 3576
3576 3246
2869 1170
1170 4299
1884 990
990 4168
434 3857
3857 4183
2576 688
688 2505
3945 40
40 625
2348 3096
3096 1880
1354 4290
4290 836
2834 4395
4395 1099
2981 3174
3174 3075
4140 1115
1115 2505
1360 3667
3667 3261
183 3790
3790 3075
1483 448
448 175
413 600
600 3603
1407 846
846 1324
994 2734
2734 1579
2774 67
67 1570
296 2537
2537 1426
2025 2343
2343 2283
2294 2070
2070 4560
2639 2859
2859 997
1525 4053
4053 1570
2918 3219
3219 2904
558 1863
1863 3955
3602 2797
2797 1890
1101 1130
1130 4132
4561 1948
1948 4092
666 4080
4080 3131
4296 3920
3920 2767
707 3668
3668 1324
2840 4409
4409 1050
3687 361
361 941
3180 4009
4009 2278
3559 1451
1451 1601
185 4379
4379 1306
1548 1518
1518 3394
854 4081
4081 4132
795 946
946 2841
4296 3564
3564 3713
2639 1954
1954 1052
1298 1565
1565 3993
4437 2635
2635 506
2796 3373
3373 1628
2074 3706
3706 175
3287 2764
2764 2904
108 4343
4343 2586
854 2310
2310 853
4442 1162
1162 2817
666 4480
4480 280
1354 2845
2845 3713
3460 1188
1188 3413
4301 10
10 3993
148 712
712 2041
994 436
436 1570
824 4329
4329 836
2025 1613
1613 2772
4578 1800
1800 4362
148 400
400 485
4178 2533
2533 132
3287 1746
1746 2129
3898 246
246 1626
4198 3865
3865 1367
2699 1419
1419 662
3004 4109
4109 3255
567 3488
3488 3538
745 430
430 3321
4561 4079
4079 2662
2026 437
437 750
3559 3718
3718 1880
2851 4384
4384 3017
1327 1849
1849 3203
2834 2452
2452 1427
2782 3100
3100 425
2911 304
304 2767
1298 3542
3542 350
108 4359
4359 425
4196 223
223 3717
1724 1292
1292 775
1298 210
210 641
2840 1617
1617 769
1758 219
219 1426
2836 1796
1796 485
2155 3003
3003 2454
986 2051
2051 1279
185 3511
3511 204
3769 1551
1551 2998
230 2855
2855 1825
1525 3708
3708 769
2918 1095
1095 1023
180 2200
2200 821
2774 75
75 2904
285 484
484 3869
1752 2325
2325 1992
2427 4247
4247 2448
2348 412
412 2486
2714 3498
3498 4346
296 3812
3812 2557
812 456
456 1785
812 2398
2398 2329
3780 2133
2133 2557
3596 429
429 1426
735 4072
4072 3255
4442 1468
1468 2752
3109 1633
1633 2396
101 209
209 2336
3958 3751
3751 2736
1202 3932
3932 100
4574 3314
3314 1112
2891 3459
3459 215
2458 2573
2573 1306
2782 3076
3076 1785
627 3653
3653 2544
1618 1583
1583 2283
786 1369
1369 1854
3889 937
937 91
3460 3066
3066 2854
4027 4268
4268 65
3315 2832
2832 2671
3915 1581
1581 1825
3784 3465
3465 4221
4189 410
410 2817
2876 3781
3781 3955
3208 4094
4094 821
2911 327
327 3717
230 4565
4565 3880
4489 2275
2275 921
1101 777
777 674
598 2558
2558 1126
1619 3211
3211 1467
2461 3681
3681 1674
3925 1198
1198 3880
3560 4471
4471 662
1481 158
158 425
4027 321
321 2662
1738 2420
2420 641
4103 4440
4440 2505
786 2512
2512 2629
2294 3270
3270 2093
675 3099
3099 2671
290 3707
3707 3939
2658 2140
2140 302
3315 417
417 2586
4189 3477
3477 3651
4018 4311
4311 1099
1483 2631
2631 506
2981 1989
1989 65
735 76
76 282
2461 1860
1860 1689
3621 117
117 2129
1202 1328
1328 918
2168 2431
2431 1854
1291 555
555 252
2976 4054
4054 3936
3686 4292
4292 2629
1034 3273
3273 91
2175 114
114 2336
4114 3307
3307 4132
1724 2881
2881 3725
3769 2548
2548 100
208 3196
3196 1023
4437 291
291 339
108 1909
1909 2817
3091 3495
3495 1603
1790 1874
1874 2670
3639 2044
2044 232
986 2107
2107 1195
1972 3906
3906 3415
2891 1612
1612 313
552 3236
3236 3880
567 4293
4293 2998
4114 1621
1621 3221
4301 4024
4024 3203
4511 1113
1113 233
3315 331
331 4299
1752 4518
4518 2804
3898 3176
3176 2817
994 3755
3755 3717
1202 723
723 3540
4065 2096
2096 3145
500 1561
1561 506
1281 2103
2103 4283
1314 2739
2739 335
1790 1308
1308 1736
2834 3832
3832 2284
2389 725
725 1736
3315 3608
3608 4187
812 1856
1856 4240
1619 2123
2123 2329
4178 3626
3626 232
1763 4474
4474 2854
3566 2756
2756 3717
1281 4571
4571 4299
21 4456
4456 335
4027 3085
3085 1409
2322 1935
1935 3394
2981 2596
2596 4330
4331 4261
4261 1409
1358 2340
2340 1233
1763 3206
3206 1273
264 2230
2230 1854
2729 1349
1349 506
2851 4259
4259 4536
1619 2476
2476 3912
567 3487
3487 1126
1923 2094
2094 997
1038 1919
1919 750
1136 3232
3232 1233
627 728
728 2093
2026 3678
3678 669
90 407
407 2854
1618 2223
2223 3394
1752 4110
4110 4183
3208 2199
2199 339
1692 4470
4470 2088
4140 1494
1494 1959
2435 94
94 4092
489 4397
4397 360
1618 4096
4096 1579
3537 2265
2265 604
2180 4443
4443 4183
500 4324
4324 1427
2796 1067
1067 1961
1327 995
995 1273
90 1104
1104 1854
4018 1431
1431 641
3766 2609
2609 1914
4580 2242
2242 282
2003 140
140 175
2729 3420
3420 3912
285 1302
1302 769
3898 4206
4206 4321
4367 1079
1079 2972
3208 3836
3836 360
185 1507
1507 4330
2891 804
804 95
4198 2083
2083 3742
1453 989
989 853
1038 2009
2009 1992
4189 3607
3607 1984
3686 3833
3833 817
4561 4335
4335 4321
1763 4491
4491 1570
3926 1278
1278 2870
2380 3864
3864 604
2639 3741
3741 2767
2 2712
2712 506
3032 2363
2363 4132
3926 656
656 662
369 613
613 604
2003 381
381 530
413 1375
1375 1538
706 3486
3486 3782
2003 2656
2656 3203
557 3992
3992 3224
1360 1764
1764 1538
4018 1587
1587 4168
3945 4137
4137 2224
987 1421
1421 2772
3917 1025
1025 741
3257 2621
2621 493
264 4352
4352 4537
4252 1889
1889 3255
1314 1933
1933 2278
3889 3265
3265 2870
1354 1622
1622 1644
2087 3069
3069 1783
4580 3149
3149 1126
2647 1685
1685 3395
1790 749
749 1233
4417 1781
1781 821
1022 4475
4475 442
4065 2101
2101 3939
3594 3884
3884 4403
2531 4282
4282 1635
1752 4021
4021 997
2155 3835
3835 4346
861 2616
2616 941
2074 3457
3457 741
2435 3446
3446 3321
2729 2527
2527 662
1354 1491
1491 3830
2180 2172
2172 530
3602 2696
2696 4422
4578 163
163 4187
3161 2850
2850 43
3594 1365
1365 1467
413 2524
2524 505
786 2147
2147 1112
1724 1440
1440 3352
434 33
33 1112
3302 2297
2297 3108
956 3013
3013 3075
2087 2667
2667 91
520 1895
1895 2804
1399 733
733 3880
2836 877
877 3007
3460 1415
1415 3221
774 3162
3162 1045
3958 1965
1965 2752
3935 4006
4006 1992
1884 1165
1165 280
4417 3271
3271 2904
3917 159
159 2767
2026 2305
2305 4507
1022 3317
3317 1959
2796 897
897 2007
356 554
554 4330
2639 4383
4383 3053
2840 1496
1496 335
225 780
780 1045
3426 2273
2273 1047
1670 4287
4287 240
3449 531
531 853
2294 394
394 3017
1724 1966
1966 4536
1327 1814
1814 2579
1314 3346
3346 3717
4114 3202
3202 232
3128 1455
1455 1783
369 3375
3375 2448
2074 3447
3447 2994
4367 2577
2577 149
598 1605
1605 150
3784 4284
4284 4422
3915 2464
2464 1736
1688 3748
3748 625
21 1690
1690 2662
4574 1463
1463 3717
4436 2831
2831 473
2911 3026
3026 1174
2322 2929
2929 775
1003 4038
4038 215
230 3609
3609 2870
42 2444
2444 3880
854 697
697 91
4347 639
639 3912
2155 2927
2927 2283
3449 3640
3640 3830
2 2762
2762 2224
90 2327
2327 442
627 2407
2407 1890
2445 3551
3551 669
952 3397
3397 3793
2 4530
4530 1367
208 1929
1929 2817
4511 382
382 215
3926 2153
2153 2403
296 4579
4579 65
3126 908
908 968
994 3173
3173 3725
1688 860
860 4348
956 4222
4222 836
2531 81
81 2486
4198 3886
3886 4187
434 1832
1832 2224
3109 1422
1422 97
4044 3883
3883 3203
2180 424
424 2557
183 1943
1943 1601
3621 1677
1677 4537
4198 2047
2047 2523
225 3697
3697 4187
4432 3469
3469 3221
4269 3299
3299 132
2658 4461
4461 2129
71 736
736 232
528 1845
1845 232
264 1330
1330 1538
3559 2163
2163 4362
3460 2501
2501 2278
3996 1666
1666 1992
3686 3951
3951 1626
3596 2301
2301 2278
786 3
3 2972
192 370
370 4546
4489 2151
2151 4299
2510 536
536 91
1543 3585
3585 280
1038 4402
4402 2284
2461 1313
1313 4299
2840 2468
2468 674
2155 66
66 2767
3766 1406
1406 821
735 2519
2519 4325
1154 2460
2460 530
1670 3995
3995 1579
71 1662
1662 2817
2461 596
596 3993
3915 609
609 3131
2293 2323
2323 4546
3091 1944
1944 3732
1034 522
522 2662
2840 3738
3738 1367
4143 4156
4156 662
3032 4012
4012 506
3970 3401
3401 2671
500 173
173 106
4436 3421
3421 3782
296 1609
1609 1880
2510 4492
4492 2068
1407 1678
1678 1126
3996 3902
3902 1050
3109 1361
1361 215
786 340
340 2972
136 312
312 674
351 7
7 1635
1608 3345
3345 3014
812 624
624 3352
1022 3118
3118 836
3898 3879
3879 3955
3208 139
139 1016
4103 4549
4549 4325
2639 2990
2990 817
795 1254
1254 97
3460 3436
3436 4187
4044 1357
1357 641
3701 2410
2410 1570
1003 1334
1334 3912
489 1322
1322 2752
987 3019
3019 65
2647 802
802 2224
987 205
205 1579
1676 2721
2721 1242
136 79
79 1635
390 1142
1142 4092
4347 729
729 149
180 2076
2076 1880
2168 1175
1175 1959
225 1239
1239 3964
1399 2979
2979 2413
2074 2760
2760 2993
2981 4453
4453 3352
707 2164
2164 2817
2796 2532
2532 1045
3915 23
23 2662
1327 2553
2553 762
1345 2933
2933 632
148 259
259 2870
101 3984
3984 4325
1399 4552
4552 91
666 1012
1012 3480
390 3677
3677 1047
3449 1414
1414 150
21 2002
2002 1084
4114 2980
2980 1644
4367 3555
3555 3651
3784 2099
2099 1242
1399 4185
4185 2870
666 2695
2695 3392
2813 152
152 439
1038 181
181 1047
552 1374
1374 463
3784 4119
4119 2396
805 4326
4326 2670
3138 1780
1780 2870
2113 1340
1340 16
3620 867
867 100
2769 2347
2347 2804
4574 1655
1655 3413
500 1734
1734 836
782 1176
1176 3955
4442 4022
4022 2817
2389 3658
3658 2138
2427 664
664 4168
1345 1765
1765 3793
290 3492
3492 2536
3560 4391
4391 1601
390 3381
3381 3651
1446 3393
3393 997
3257 668
668 826
552 3575
3575 16
1453 231
231 2870
952 2555
2555 1099
774 984
984 674
1670 141
141 473
2294 3095
3095 1306
3621 2730
2730 1242
820 2967
2967 252
42 1589
1589 2870
3449 344
344 175
4252 4136
4136 3007
3784 509
509 769
520 2773
2773 1084
805 3295
3295 968
3925 411
411 473
2851 3980
3980 166
707 614
614 853
3958 2648
2648 4507
3208 4462
4462 2284
1446 2750
2750 2662
4103 1074
1074 442
2074 652
652 2804
3138 1348
1348 3261
2458 1640
1640 977
3925 2402
2402 2870
1792 4148
4148 469
3525 4535
4535 762
390 582
582 2752
1314 375
375 4321
1453 4356
4356 4325
598 1246
1246 1644
1407 1636
1636 1195
3032 4046
4046 3651
4405 4045
4045 3151
4301 1894
1894 941
2026 1616
1616 4330
3057 856
856 233
3208 1873
1873 3742
180 3279
3279 2367
1806 547
547 2283
2445 1936
1936 505
598 510
510 282
1154 1540
1540 2935
351 2959
2959 469
1291 3183
3183 1409
735 2632
2632 1538
3762 2707
2707 662
3198 3011
3011 2804
1022 1058
1058 977
4367 4155
4155 43
3180 1883
1883 1279
1446 3947
3947 2367
3264 2613
2613 1052
707 737
737 3742
824 1875
1875 674
4432 537
537 3224
1548 4224
4224 918
1972 135
135 968
4489 502
502 3964
1022 1082
1082 1996
3925 631
631 2994
4198 54
54 1126
4511 388
388 1961
160 4297
4297 2535
591 3750
3750 1570
786 3723
3723 1306
2389 386
386 2736
1003 1659
1659 2536
2180 709
709 3869
3032 851
851 1890
3970 2229
2229 1367
1619 1536
1536 1343
2348 4541
4541 1427
820 3977
3977 204
4436 316
316 2403
4143 3786
3786 1644
805 837
837 3394
3287 218
218 2041
2851 2466
2466 1635
1884 1379
1379 3203
4103 1187
1187 1959
4561 3324
3324 2283
4511 1639
1639 302
1527 371
371 530
208 2228
2228 2904
478 2390
2390 1273
3561 2974
2974 1570
892 3103
3103 2544
3621 1953
1953 3007
3620 3481
3481 4362
3460 4288
4288 3131
3709 953
953 921
3602 2214
2214 4325
3621 3239
3239 1626
2175 4309
4309 1996
3283 4280
4280 3939
3561 78
78 4187
2531 1642
1642 4330
3620 1117
1117 997
3898 592
592 2972
1034 1091
1091 3145
4432 1528
1528 1306
4065 4328
4328 3964
1453 3244
3244 2629
1752 265
265 3540
1618 1686
1686 65
4580 3218
3218 240
4578 2143
2143 762
4466 2067
2067 505
2834 1795
1795 463
4189 766
766 1825
2003 3584
3584 2284
774 914
914 1984
1446 1168
1168 2662
3586 2809
2809 425
1136 3827
3827 2904
2796 2786
2786 3717
2113 2271
2271 977
1611 889
889 4283
4561 1066
1066 2007
2576 2479
2479 43
1527 2022
2022 2413
956 792
792 3221
2813 4030
4030 3955
994 3963
3963 4422
3687 1148
1148 1644
2769 267
267 469
4027 127
127 1047
3970 432
432 1628
956 1172
1172 1174
1670 419
419 1195
861 176
176 3053
3264 2078
2078 3224
1525 2591
2591 3955
264 2975
2975 3732
1548 3860
3860 2841
854 2091
2091 473
101 2815
2815 4546
4027 1053
1053 3255
1034 4468
4468 2345
3945 1153
1153 1579
4466 3692
3692 2278
3762 2806
2806 4325
478 3262
3262 741
369 2056
2056 505
590 4211
4211 2283
2168 1911
1911 1427
987 466
466 2752
1154 248
248 941
675 2065
2065 95
3769 201
201 3538
9 481
481 3352
2155 618
618 439
1758 1183
1183 1579
3426 1482
1482 1045
1972 1535
1535 4057
3537 3798
3798 2345
4296 1152
1152 1689
4574 704
704 3993
1806 608
608 175
3784 1730
1730 836
116 2842
2842 2772
3926 2941
2941 3869
1752 2416
2416 2586
2427 449
449 2544
2025 3435
3435 4537
3460 763
763 1195
1692 2741
2741 3151
1003 2307
2307 3395
2 3823
3823 2093
1404 2375
2375 91
1034 4569
4569 3392
71 4056
4056 3993
3935 1216
1216 1538
9 2664
2664 4221
2834 15
15 1959
2117 1351
1351 1785
4466 2239
2239 3480
180 2938
2938 1951
4301 3029
3029 2544
2714 4108
4108 3145
9 3815
3815 2993
4065 898
898 2804
1619 4499
4499 3131
4442 4170
4170 4422
956 1042
1042 2557
351 787
787 1996
4296 3613
3613 2486
4198 61
61 4092
285 4345
4345 3261
598 3482
3482 874
1404 2902
2902 282
590 1946
1946 240
4143 4098
4098 625
3621 930
930 1579
1792 1941
1941 4560
21 3694
3694 3717
1038 297
297 674
4432 2896
2896 3713
9 2757
2757 3782
71 3507
3507 4348
1752 868
868 1273
2348 880
880 1324
1790 3998
3998 335
4196 2124
2124 3261
3566 2856
2856 2535
3766 191
191 439
500 3849
3849 2994
1038 2187
2187 3936
4437 4014
4014 3742
3766 1634
1634 1538
4198 373
373 2367
2976 3027
3027 821
1608 333
333 1959
3917 3696
3696 1279
2531 4472
4472 2998
4561 4264
4264 4546
1003 535
535 2454
21 3051
3051 2284
2774 1713
1713 4183
4437 1542
1542 632
627 1428
1428 1279
2769 2440
2440 762
108 3529
3529 215
489 3872
3872 175
3293 1824
1824 1367
2389 58
58 3964
986 3035
3035 2505
2427 678
678 2345
4295 3983
3983 1084
2517 1723
1723 3480
3287 2965
2965 3255
4437 3353
3353 4283
598 2219
2219 339
1038 3190
3190 2284
3128 4427
4427 232
1738 1102
1102 3221
1972 174
174 1914
1446 1027
1027 4346
558 1271
1271 2662
2026 4227
4227 233
351 2846
2846 2804
4489 84
84 2523
2836 1120
1120 1050
893 858
858 2671
986 1270
1270 4560
4489 4276
4276 3415
2380 2602
2602 1195
1101 2966
2966 425
1345 3286
3286 1811
2813 3757
3757 302
3925 3649
3649 1045
1404 1189
1189 4537
590 3910
3910 3392
116 476
476 4537
805 3092
3092 106
3800 2701
2701 604
3602 245
245 1689
136 186
186 3742
1407 4035
4035 2486
3559 3134
3134 1996
4027 1412
1412 762
2869 4273
4273 1689
3426 1389
1389 1959
1281 3721
3721 1306
1291 4010
4010 1233
413 3768
3768 3651
558 3432
3432 1426
3633 1538
718 2403
245 669
514 625
809 817
2148 3713
672 2557
1445 3145
1770 1601
3406 3725
1373 1996
3875 3955
1629 2413
1528 921
3024 1174
3244 4183
3730 1105
2307 100
3698 4348
3196 3413
2404 1273
172 1579
2072 149
1025 2752
1420 1992
2440 232
4315 1052
336 2993
3694 463
4266 1306
422 1674
331 3014
68 233
4201 91
2126 3964
4490 2767
2321 1367
723 2935
3746 2505
1497 2068
2739 1023
110 2336
169 977
3735 493
402 741
3972 2007
4364 360
206 775
3513 874
2894 3603
3798 1195
907 3939
3379 4422
2853 1343
3212 339
531 2278
1185 252
585 2670
2306 1959
3907 1825
3507 1736
2789 3538
2763 2486
1835 150
1523 3742
1357 1242
3314 166
685 3007
133 2367
510 3108
1801 2804
2526 4330
2306 4168
2596 4321
811 826
3233 3221
1160 2772
658 1880
2644 1635
1124 1786
4004 3075
3463 1951
1369 2088
3027 4537
3400 3261
1496 3053
234 1427
681 2283
4073 604
406 3880
3506 1439
2209 1099
2134 1045
3251 4546
3044 3255
387 2129
418 821
2229 506
1720 1961
1246 1016
63 1783
2464 175
747 1426
2912 2994
3882 350
1238 2138
4034 425
882 3321
1982 3415
1707 3782
389 1644
203 4325
1614 1628
3974 204
3888 485
4098 1047
4104 1785
4249 2448
1398 3830
308 769
465 997
4248 3352
3967 1689
477 1854
3022 2523
2249 4187
1053 641
184 1570
2189 4221
2151 282
2193 2396
1665 2454
3196 3936
2354 918
1615 240
3986 3717
4380 3732
1120 1914
44 853
1241 2586
1648 772
3975 3651
2901 2870
1249 505
482 280
1553 3151
3066 3017
4054 1409
2933 3540
3176 2904
4508 3993
2437 4403
2260 1112
1764 4505
3734 2474
622 1603
2916 1984
1300 1811
3177 2817
3590 43
2188 3203
998 2251
4519 3309
1127 1084
2275 2329
3235 2579
1600 2662
2282 632
4213 762
3451 302
4345 2041
82 1324
1278 530
1546 106
1737 4346
3572 2998
2271 439
1720 4092
3511 2544
2780 4362
2488 2016
3354 473
50 3534
2958 313
2504 836
2667 2736
2556 97
1522 4283
995 750
1821 95
939 3395
3636 442
2783 3805
2668 999
1194 2671
2948 3869
298 1050
2700 3394
2182 3224
2240 662
4138 2345
3175 3480
929 1279
2425 3392
2864 2629
1412 1233
2173 4240
4424 3793
3368 65
823 1126
1562 2093
1163 1890
1561 674
2163 1626
1721 335
2145 2119
2096 4132
3909 2224
2257 215
879 4057
1448 469
4207 941
4577 3246
4527 132
959 16
2004 2536
1272 2470
1928 2535
2002 2972
944 968
1787 2841
705 3131
1863 4299
1957 4536
3794 2284
3396 3912
3767 4560
2137 2854
693 4507
1497 107
1474 2756
179 3196
148 501
3091 461
2208 624
118 998
2250 203
595 3097
3539 1498
786 601
849 1574
1624 327
452 3585
3020 2537
2006 1324
864 1577
3840 1859
3427 1090
2819 936
4558 2358
1704 346
3098 4240
975 2394
3836 3869
1240 4579
1747 3875
3217 1013
1865 2144
292 3066
1585 3658
4369 619
934 4160
4232 1494
2467 2067
4522 4112
385 3191
4252 3267
1803 4411
4495 4045
4341 2484
115 4544
4322 2402
167 637
3953 3124
1155 288
3200 1082
3669 2447
188 2912
1333 2661
628 1632
1522 3354
1917 3232
791 2591
3967 1634
3097 3725
4360 1142
3458 2558
4116 447
4305 1226
2368 3472
60 1936
2126 3845
220 3120
235 941
2925 3647
616 3201
1680 3039
110 4376
3031 465
4150 3662
378 3534
3674 4438
1588 897
2063 2766
3209 511
3739 1398
3181 4421
1294 4523
976 2224
2782 724
2779 509
2740 2329
2781 52
4432 2953
4220 1928
4529 3301
1950 2215
3252 3311
364 3664
3405 106
3359 771
1857 3606
2342 2985
3148 1983
3082 3375
2861 1275
794 2420
659 4227
1413 1426
2968 2621
4229 4534
3025 2635
3354 749
2572 4458
3749 4537
1218 803
966 1059
1259 3627
18 2677
3416 172
3610 318
1693 81
3088 510
2847 3728
4172 3684
740 1461
534 92
3179 3370
2970 2454
2682 2529
3500 522
1155 2141
1567 4569
4018 400
685 1366
2121 1782
1062 716
2433 1081
259 1811
1987 3405
1048 918
3208 4558
4305 1021
1133 1361
835 3216
3320 283
4149 1992
2360 2616
1228 4005
352 3455
780 4569
2155 2773
3077 1
1146 2200
2010 1343
2105 4244
3918 3998
4293 1273
2905 423
4421 255
828 2079
4160 62
1085 2760
3522 2530
4252 4020
2674 4170
1304 2474
1063 1863
2769 3107
574 1519
765 339
2920 3458
1847 1799
1462 3698
4404 1391
368 3690
1315 2053
2020 3459
180 1114
3087 421
2135 3531
4512 3232
1641 4217
3963 1343
519 334
3840 1772
2882 2616
2009 1832
4260 1092
573 140
2465 3421
1241 1785
4380 4259
694 1402
3973 2088
2838 2083
3769 3678
2840 250
2616 1427
3138 3905
2330 4475
1872 1165
532 31
1818 4546
1848 2035
1385 972
3881 974
1950 2930
3265 386
2031 4459
1602 4009
567 3976
1611 4461
1756 769
2417 1605
4270 4112
2761 2172
3106 1825
4067 2346
1333 891
2162 1467
3926 2391
871 2855
1509 2618
483 4498
4281 2783
3680 2000
3166 3741
118 2219
3122 3037
1591 1677
268 3140
3850 1175
567 4581
1118 4400
954 3998
4073 2682
2791 2698
1450 2582
48 848
3182 3157
64 3858
458 12
3991 2049
1563 4131
1263 3648
3406 388
1790 4007
2940 3587
2925 4288
591 3767
311 2379
4426 353
336 1433
347 2480
3304 925
1284 2568
4210 511
2334 2996
3478 3818
2748 4402
887 2613
1934 882
4380 929
2601 1982
3518 291
3389 4122
118 2590
1703 1052
3701 4493
3245 4275
552 1401
1763 3442
2411 3604
2791 3645
4274 457
3484 44
296 4401
1580 1881
2132 1932
4372 3343
1525 3192
2376 912
2159 562
2968 4152
1712 632
3514 3610
4304 709
315 1847
808 2482
3362 2041
1018 1721
1452 2308
4209 3860
987 1088
516 2449
193 3200
2349 3365
4154 2454
236 3894
2891 303
3177 4217
3686 2620
3105 3397
2552 2374
512 3856
3996 801
4181 1044
3617 3216
675 2717
4378 1657
3195 650
732 331
2423 3495
1792 4115
2945 1183
2180 2377
4538 4182
4531 3905
3287 2127
2432 1189
1577 4536
199 155
1238 3890
3426 1780
1497 4447
494 2920
3345 4155
2483 235
2040 1690
2733 175
1503 2002
429 953
2237 1463
278 1240
4517 2672
2232 2273
3591 905
4141 3239
424 1357
4307 3888
1853 1825
477 1889
1458 1846
1724 771
1902 2094
3138 2440
3541 718
3441 119
53 764
3215 2954
4036 1898
3468 3102
193 2956
2561 897
788 2240
3350 476
2289 469
3560 3120
3487 252
467 2568
4382 1944
844 898
3623 2927
4323 181
1197 2069
3591 3052
1391 3130
2384 1661
1910 350
1596 787
278 4159
3736 1917
1997 537
1222 3868
1192 176
1492 981
426 3990
2588 2922
976 1338
2507 281
813 2167
1354 3984
363 3789
2023 337
1575 2522
3590 2618
2982 482
956 2548
405 3760
3739 925
1345 1596
2515 3027
4378 580
4296 367
4426 1456
390 3948
1575 4106
735 3324
705 274
1983 2679
1345 2550
3213 1280
3198 1319
3046 2635
2458 1445
2925 137
3606 3906
3509 1260
1510 3
1694 1502
19 1102
1696 1777
2496 4054
4372 4151
2785 1935
4411 3150
1298 1564
2982 3364
2710 3676
217 3101
3517 1374
2962 432
479 73
1431 381
4575 3184
2914 3311
2871 1919
4076 3910
2114 2737
3845 3131
110 1836
3882 3160
4116 2330
2087 195
3460 3532
1381 3482
1215 321
4080 2067
1513 3523
3516 2004
3135 3321
1399 1201
1140 1086
271 1128
3721 1279
2441 4040
815 3284
3437 1380
3891 4356
315 338
3411 1862
2597 1994
979 492
3325 1554
1231 999
1879 1210
2021 40
2727 2219
654 138
1513 3400
4420 4276
3110 3376
1006 3058
1979 1997
3177 3285
2045 1308
1222 287
28 3218
4131 4497
3438 481
371 2535
522 3849
3516 176
1549 1555
4201 2470
3132 3548
700 2764
4242 4412
1100 3025
2231 4544
2556 571
3160 1475
2348 184
2953 1757
698 1394
4574 450
3590 265
4172 4447
1350 2119
1931 2794
3111 2347
1936 1644
2400 3607
444 1272
406 978
2690 401
3505 3155
3091 3082
3440 4226
2908 962
4135 2596
4195 4495
2418 2081
1368 1472
1454 2943
2551 1784
2911 2750
2236 2226
3989 2650
698 806
1519 2335
1453 1897
4347 1049
379 3024
2290 632
1557 2856
552 288
642 1393
3544 2838
3094 3452
1449 3577
3153 985
1022 4193
823 4325
3752 4001
3642 3507
2550 2762
1039 2016
4207 1338
3264 1080
1974 433
2896 641
2026 2376
2106 1961
470 682
590 1015
294 2153
4219 267
3671 3202
3062 4170
3336 7
169 139
3518 4388
2406 4155
3824 2767
1910 3395
706 1735
3734 726
3448 3135
4576 124
1331 887
661 710
269 2485
427 209
3802 4068
2905 4320
2482 57
1156 2278
706 3919
1747 4344
905 2172
4577 3250
707 4075
3071 697
517 2641
74 3069
1979 373
1822 246
2997 2305
3368 3712
2265 4287
3389 287
2568 4217
3184 127
1354 565
1164 594
2653 2865
521 2431
2451 3069
2316 1602
3840 2800
3418 2136
2110 2367
1041 612
1670 3664
4522 3605
956 1208
20 792
2296 2148
4494 1427
1034 563
3565 4538
2458 1302
3138 1054
3705 4461
4013 2561
2445 544
3598 4247
263 3913
1519 1882
3104 4010
2800 4160
461 3178
2089 1624
3638 3717
1266 2932
1567 3442
4139 4540
1728 3777
2469 906
2410 3713
447 2284
3109 2066
1158 1439
949 3206
220 1612
923 4247
4112 10
975 760
1461 2535
1602 3368
1774 1901
3569 1585
2762 339
4053 2460
3259 2587
987 3026
4463 1091
244 609
902 3295
1407 245
1062 1891
3774 3793
1738 880
3142 3483
2263 3794
2524 2671
2353 1645
3530 2195
470 2627
1637 4119
2258 2945
4380 139
1485 825
367 2689
1418 1570
3080 2263
2399 2042
3735 2923
2554 719
3683 1472
2851 2231
2903 3216
1359 3381
734 2873
4177 152
1284 1801
96 1697
2934 3499
1163 3601
1581 1322
703 955
3263 3798
1700 2577
1725 4545
2380 2464
3570 645
2369 1005
3746 2311
59 2460
4251 3603
1832 3203
2171 2974
238 2994
1369 2327
2784 1701
928 3442
1036 3016
1234 3053
1294 3073
114 2750
1275 1568
3618 4024
1760 3989
991 4067
2769 3581
4004 2545
2989 4200
720 758
3752 641
2272 4448
2146 2050
2672 2748
870 1544
1723 2367
3464 2417
2034 1861
3527 2300
3419 3790
3179 3715
1574 1845
2389 1916
2507 61
390 1621
3533 3108
2515 1889
2313 31
2700 4373
3699 1921
3590 373
2743 2138
1820 3956
1778 1715
3364 1337
3676 3151
2672 75
2943 3719
356 1927
2456 1895
2205 1845
3185 3904
599 3065
4314 3099
80 1497
3080 1613
286 2577
3422 3212
160 3085
2617 3943
4474 1961
611 1255
847 3771
4007 2250
1567 536
2779 1440
3493 836
390 4282
301 2861
2092 2990
254 1989
2716 4542
2750 4283
3341 2822
230 18
2580 3987
2516 1831
1758 2571
4369 209
1957 2799
2493 2964
235 2642
4189 959
1294 889
1294 1377
2411 1413
3454 3181
3508 2503
1299 2301
3149 4045
1221 3771
2342 2638
2360 3026
4317 3528
3180 3230
4333 1362
993 600
3594 3803
3566 2142
2509 4515
271 1235
4506 3456
927 3154
3834 2549
3237 3204
1295 1035
4351 3469
220 2378
4115 2450
330 3892
3387 3017
1470 2598
4228 613
1752 4485
2918 1020
2135 3119
1794 2558
3600 3570
3614 3513
2516 1589
3545 1173
3504 757
1850 4182
574 889
1132 1851
1790 3117
3599 3819
4336 1188
2209 981
3414 1951
1810 242
945 1434
2408 2164
3302 1831
3313 990
3266 4480
2754 3983
3837 569
4526 396
1354 3342
2121 2794
4191 2350
1033 2343
3004 613
3929 2574
1807 1467
3990 407
1903 2635
1557 1739
2702 3266
3166 320
1760 1803
3304 39
35 680
416 4534
561 11
1484 3164
1679 322
116 4212
1637 2946
4230 1148
3687 1744
1139 2466
278 1559
450 652
3632 3487
1720 3516
2136 3075
4252 2896
285 2020
2900 599
301 203
1920 766
140 1172
1281 1211
2899 3676
59 213
2274 4022
393 2329
3685 3669
1303 891
1179 900
4394 3667
2128 3607
3370 1080
4405 1789
21 796
3205 1772
4486 346
558 1188
2330 1878
2427 2563
4562 3251
3018 2472
3341 2292
3220 23
2890 2828
3720 2748
3384 2119
4014 1409
2177 2610
4120 3152
987 202
2316 3532
3977 3793
4066 4459
1918 3834
3344 593
2037 142
3720 4092
1384 3971
958 4431
2571 276
2415 4038
2386 3063
4466 2424
2358 2275
979 1475
298 2549
3302 3649
2977 1069
2310 4499
202 1279
1631 3035
1487 4491
4278 2091
3445 819
1387 3206
1990 265
3156 32
3073 2920
3348 4500
1013 1337
879 1552
3243 3475
3577 1635
224 909
3516 829
3962 3528
98 3201
416 4474
1522 4410
4387 1013
567 1715
2159 3313
1026 2965
4466 3088
2619 1970
652 3432
3287 2337
3306 3219
4263 2001
847 3358
3657 3260
1606 2922
584 1079
366 1120
4016 4159
4351 1902
686 4534
1250 2007
2876 1493
4298 3456
2285 3511
197 3623
3369 889
167 2522
1445 1098
1006 1864
4039 1890
214 3707
2339 3224
3021 1006
2640 625
2939 1334
2268 1904
1737 3999
603 1047
1032 214
2725 2835
4419 1062
187 206
1879 1609
2601 448
4547 1160
4114 1929
3096 1565
1484 4502
3806 138
3611 4012
1905 3451
1522 3572
1204 922
710 1551
4172 1592
2328 371
110 850
2961 2125
4307 4567
2266 852
751 2946
1923 527
278 1858
677 3904
4322 743
1912 3383
4255 3204
1154 2679
3701 4393
1471 1848
1129 3713
2659 2321
1522 597
12 2043
3235 3024
2277 1643
80 45
1034 995
3291 121
2580 779
4072 4148
4454 2553
3077 2000
4529 1013
611 66
945 44
328 2896
3144 3887
3841 1900
226 1081
1030 2081
2559 915
