5
937 1928 820
643 139
339 328
418 876
689 515
310 673
586 885
202 593
465 782
682 172
683 62
500 868
89 864
167 621
537 737
250 731
668 826
904 878
399 172
100 286
142 864
158 331
82 588
698 779
442 553
591 645
889 633
340 604
825 29
289 665
86 174
925 176
759 563
849 170
499 702
534 621
636 192
401 207
400 638
336 614
461 727
2 924
543 630
816 207
237 69
556 205
863 932
240 231
220 197
347 814
574 125
648 552
416 384
55 52
590 322
559 201
681 936
557 54
241 27
190 763
533 348
93 861
336 487
487 676
461 760
760 16
241 788
788 385
591 32
32 187
418 318
318 911
339 661
661 317
534 876
876 744
681 260
260 658
759 530
530 354
86 92
92 76
82 249
249 36
442 702
702 658
648 375
375 584
202 50
50 362
442 251
251 581
401 359
359 229
82 613
613 317
816 667
667 935
636 132
132 94
418 762
762 362
863 555
555 385
668 747
747 11
590 28
28 203
310 589
589 225
2 572
572 16
339 294
294 677
925 769
769 346
347 710
710 385
590 723
723 11
400 753
753 658
310 493
493 526
339 638
638 838
339 531
531 658
55 808
808 754
400 578
578 128
698 611
611 463
401 867
867 106
442 369
369 128
339 69
69 526
683 7
7 36
863 717
717 736
167 847
847 346
500 758
758 354
340 706
706 898
759 468
468 851
591 679
679 658
401 814
814 455
816 159
159 463
416 212
212 584
574 65
65 78
142 779
779 754
591 627
627 675
556 189
189 676
825 673
673 410
816 739
739 36
689 697
697 317
636 415
415 128
400 324
324 78
825 449
449 141
682 787
787 526
556 174
174 16
668 444
444 203
240 351
351 429
500 409
409 781
500 245
245 112
340 446
446 581
401 107
107 463
586 281
281 342
89 175
175 410
220 163
163 354
190 279
279 203
590 593
593 429
648 407
407 317
904 566
566 911
86 664
664 744
683 108
108 858
559 860
860 385
500 733
733 677
500 832
832 851
55 690
690 862
202 624
624 76
537 406
406 744
689 402
402 911
142 495
495 94
825 392
392 463
689 672
672 358
89 196
196 935
465 386
386 317
442 797
797 781
82 72
72 656
683 560
560 862
556 331
331 754
340 551
551 362
533 306
306 203
202 445
445 317
643 752
752 584
925 538
538 781
557 827
827 76
863 767
767 806
825 906
906 851
93 704
704 128
591 186
186 141
399 171
171 851
158 583
583 141
533 757
757 781
416 381
381 756
681 226
226 16
816 598
598 896
461 288
288 94
93 329
329 455
591 524
524 581
849 516
516 675
590 659
659 385
461 606
606 317
82 937
937 838
759 620
620 754
683 914
914 806
250 90
90 754
339 792
792 658
559 9
9 744
82 836
836 112
825 750
750 677
339 450
450 656
500 626
626 898
416 271
271 781
825 311
311 656
643 881
881 676
683 85
85 935
167 34
34 317
89 776
776 656
543 338
338 935
442 184
184 584
190 600
600 744
202 901
901 141
681 510
510 756
310 909
909 16
400 51
51 581
347 688
688 16
289 475
475 410
534 545
545 605
636 403
403 78
543 420
420 781
82 563
563 17
643 124
124 76
418 457
457 581
925 97
97 838
889 617
617 676
816 307
307 11
904 223
223 911
400 258
258 935
534 796
796 656
759 275
275 623
401 899
899 346
220 360
360 385
759 121
121 911
586 397
397 76
543 803
803 581
574 206
206 36
759 256
256 729
2 259
259 656
648 341
341 896
825 80
80 898
925 272
272 455
889 21
21 935
93 105
105 935
863 458
458 385
889 152
152 429
142 726
726 851
86 921
921 781
202 428
428 385
648 405
405 781
82 665
665 141
591 709
709 410
925 708
708 896
86 936
936 754
340 686
686 838
339 703
703 342
499 313
313 656
310 619
619 754
55 252
252 896
648 684
684 744
55 915
915 862
89 139
139 911
698 512
512 94
681 727
727 781
399 378
378 676
240 715
715 76
202 129
129 526
142 511
511 677
683 59
59 317
759 327
327 128
534 494
494 744
904 852
852 455
86 70
70 526
849 629
629 385
689 789
789 385
289 805
805 315
556 396
396 17
86 713
713 838
556 894
894 677
816 732
732 455
543 650
650 315
461 334
334 675
240 693
693 754
698 920
920 605
499 887
887 656
190 384
384 78
237 731
731 229
289 548
548 781
399 540
540 575
591 782
782 346
142 670
670 781
863 437
437 64
643 389
389 346
643 66
66 781
241 430
430 346
336 777
777 282
442 561
561 526
500 29
29 229
591 23
23 781
591 40
40 78
533 576
576 141
556 217
217 410
347 905
905 581
310 440
440 584
643 242
242 141
499 501
501 625
142 179
179 756
347 363
363 187
310 714
714 229
698 728
728 584
220 314
314 16
289 856
856 112
681 865
865 354
849 783
783 896
465 6
6 315
289 214
214 229
100 243
243 106
2 801
801 575
461 180
180 463
557 646
646 16
82 471
471 112
465 312
312 756
682 3
3 78
220 390
390 128
167 892
892 858
86 454
454 575
816 755
755 36
648 321
321 575
442 366
366 64
590 486
486 911
683 509
509 623
636 119
119 315
889 295
295 315
237 790
790 838
82 181
181 623
190 615
615 862
689 730
730 187
863 231
231 584
310 490
490 36
816 489
489 756
167 364
364 225
442 518
518 526
55 928
928 677
400 842
842 36
240 873
873 106
336 168
168 78
904 298
298 526
499 411
411 605
339 357
357 736
347 897
897 806
537 631
631 935
537 208
208 203
590 370
370 898
2 322
322 358
55 154
154 342
904 794
794 429
556 299
299 11
55 63
63 756
499 472
472 106
158 628
628 862
586 812
812 736
574 527
527 354
100 230
230 358
559 795
795 605
142 111
111 781
86 398
398 575
904 542
542 736
816 694
694 625
347 356
356 106
100 199
199 623
586 809
809 658
465 763
763 106
668 447
447 94
347 580
580 315
825 786
786 358
461 218
218 935
759 885
885 128
668 48
48 282
534 278
278 187
557 884
884 605
158 630
630 112
241 929
929 317
89 567
567 677
401 818
818 282
499 18
18 362
289 210
210 584
202 52
52 526
86 603
603 675
289 497
497 575
100 173
173 677
142 274
274 11
465 616
616 354
400 183
183 911
668 276
276 16
82 117
117 806
93 95
95 342
340 432
432 677
648 612
612 851
681 633
633 429
591 724
724 141
336 585
585 225
401 476
476 76
250 880
880 358
816 408
408 354
401 236
236 575
100 337
337 605
698 134
134 744
100 285
285 141
82 374
374 76
682 207
207 354
825 478
478 17
759 395
395 754
240 222
222 410
202 164
164 756
93 145
145 78
586 355
355 76
904 143
143 11
586 453
453 346
925 13
13 935
250 861
861 744
636 917
917 362
82 205
205 429
250 133
133 128
202 565
565 106
500 157
157 76
416 182
182 342
418 45
45 128
347 532
532 623
681 176
176 658
220 877
877 575
863 394
394 676
347 916
916 225
681 296
296 429
289 875
875 36
190 922
922 78
400 262
262 112
289 71
71 675
2 266
266 911
556 49
49 346
340 662
662 862
465 361
361 754
289 253
253 463
289 514
514 282
2 807
807 851
289 745
745 455
167 550
550 625
418 433
433 526
289 768
768 754
534 104
104 806
100 427
427 756
465 113
113 744
537 553
553 862
648 233
233 862
310 930
930 282
636 441
441 225
590 414
414 36
401 828
828 935
465 224
224 623
2 10
10 623
190 353
353 229
499 8
8 656
240 116
116 584
237 136
136 676
250 305
305 838
816 864
864 385
698 67
67 315
82 774
774 526
340 891
891 282
863 680
680 806
574 84
84 187
336 837
837 754
202 804
804 756
190 692
692 317
681 377
377 229
237 350
350 896
220 771
771 229
590 149
149 806
339 932
932 756
442 61
61 94
401 54
54 78
849 352
352 78
556 568
568 346
537 43
43 623
416 213
213 676
442 211
211 911
347 599
599 744
648 505
505 112
400 765
765 317
465 343
343 141
461 496
496 463
648 277
277 736
849 480
480 896
500 477
477 112
559 519
519 229
82 637
637 16
681 24
24 898
202 822
822 112
336 25
25 935
82 835
835 106
401 198
198 656
55 333
333 526
86 257
257 584
93 166
166 229
400 309
309 756
82 738
738 225
158 640
640 858
418 263
263 935
461 854
854 410
416 130
130 76
89 657
657 911
167 320
320 354
500 535
535 203
289 821
821 64
167 802
802 625
167 855
855 346
442 379
379 754
648 596
596 729
825 365
365 756
465 853
853 354
559 244
244 676
158 27
27 16
240 60
60 429
849 451
451 526
86 903
903 935
399 902
902 581
86 232
232 676
399 844
844 744
142 255
255 851
825 751
751 362
500 332
332 754
220 160
160 744
86 569
569 36
240 642
642 677
925 435
435 677
190 62
62 851
202 609
609 358
82 562
562 16
2 671
671 78
336 424
424 94
648 502
502 78
289 761
761 729
681 83
83 362
190 215
215 187
537 544
544 898
591 536
536 16
863 506
506 736
543 870
870 656
574 595
595 754
849 740
740 11
190 645
645 898
82 33
33 362
533 573
573 896
241 872
872 911
400 845
845 229
336 193
193 229
82 711
711 315
100 460
460 676
240 368
368 581
289 778
778 911
82 883
883 282
465 335
335 677
241 594
594 36
682 91
91 862
400 101
101 781
442 622
622 463
533 722
722 858
537 525
525 581
682 20
20 385
241 153
153 36
340 699
699 11
190 221
221 429
336 470
470 16
557 592
592 282
648 539
539 463
849 558
558 358
925 829
829 106
574 267
267 658
399 701
701 282
465 652
652 36
250 890
890 225
816 99
99 455
543 137
137 229
418 720
720 342
643 58
58 911
442 273
273 781
401 564
564 898
925 22
22 729
339 393
393 11
816 924
924 11
698 293
293 141
689 150
150 410
86 520
520 754
683 300
300 358
100 931
931 896
340 833
833 575
636 239
239 455
556 549
549 128
759 376
376 756
643 383
383 16
347 219
219 911
816 912
912 36
681 696
696 11
648 81
81 526
442 436
436 128
418 780
780 16
689 238
238 526
825 170
170 838
499 700
700 76
347 103
103 676
590 319
319 675
340 268
268 838
55 434
434 141
416 639
639 581
339 819
819 229
925 481
481 898
190 169
169 16
500 201
201 676
543 666
666 675
241 653
653 76
86 655
655 675
863 227
227 575
668 448
448 896
648 868
868 623
289 491
491 676
465 577
577 317
636 826
826 806
682 19
19 935
289 459
459 676
559 191
191 851
904 26
26 675
643 523
523 676
202 895
895 575
400 42
42 898
190 425
425 11
401 46
46 410
904 422
422 429
586 919
919 584
925 866
866 141
100 618
618 78
416 371
371 362
2 748
748 17
543 831
831 463
240 515
515 935
465 234
234 623
158 380
380 935
668 323
323 858
559 38
38 112
925 764
764 584
559 587
587 675
142 56
56 781
574 735
735 362
400 913
913 675
190 621
621 656
82 439
439 362
586 35
35 78
340 177
177 385
534 517
517 838
849 521
521 754
557 12
12 17
537 669
669 656
347 265
265 658
100 464
464 862
925 1
1 677
682 37
37 625
668 488
488 64
683 513
513 729
55 579
579 342
241 328
328 935
401 344
344 744
543 741
741 16
648 412
412 658
683 834
834 575
825 934
934 282
537 87
87 806
586 529
529 898
416 770
770 625
465 785
785 581
142 146
146 346
500 135
135 675
241 165
165 141
442 743
743 584
82 235
235 94
816 791
791 575
461 118
118 17
925 718
718 838
340 742
742 676
925 148
148 78
418 372
372 729
636 47
47 315
590 746
746 526
863 109
109 203
648 122
122 203
442 308
308 203
849 888
888 838
241 635
635 896
681 719
719 584
559 284
284 736
636 857
857 17
590 41
41 911
158 126
126 575
336 423
423 187
167 301
301 605
591 349
349 729
533 53
53 455
190 5
5 675
465 4
4 911
863 503
503 851
89 749
749 584
849 261
261 112
556 373
373 17
681 644
644 851
556 469
469 526
250 507
507 76
202 840
840 106
237 882
882 575
289 73
73 736
500 404
404 342
889 554
554 781
816 474
474 623
86 413
413 455
849 473
473 128
86 879
879 605
416 443
443 526
682 188
188 106
442 178
178 781
499 131
131 141
533 264
264 225
100 685
685 736
759 102
102 605
574 498
498 677
442 784
784 16
557 388
388 225
904 419
419 282
557 68
68 781
557 660
660 16
643 674
674 362
142 900
900 36
461 303
303 342
591 144
144 898
556 926
926 656
925 820
820 187
202 195
195 862
401 737
737 806
310 716
716 282
648 127
127 675
2 330
330 806
689 799
799 898
237 712
712 64
682 691
691 128
559 552
552 806
86 14
14 581
100 204
204 315
2 927
927 675
416 647
647 78
689 192
192 675
533 528
528 429
759 348
348 16
310 151
151 581
340 485
485 898
500 286
286 455
557 44
44 128
689 172
172 362
689 31
31 11
250 687
687 36
683 839
839 128
250 614
614 675
220 302
302 806
643 246
246 410
93 641
641 429
648 452
452 410
240 508
508 623
339 185
185 584
759 326
326 729
537 96
96 282
574 721
721 781
586 651
651 581
158 910
910 756
416 216
216 754
289 663
663 911
825 270
270 729
556 604
604 729
590 571
571 455
591 247
247 346
82 649
649 584
816 570
570 658
416 138
138 346
347 283
283 229
698 197
197 781
682 582
582 362
537 74
74 64
93 893
893 605
759 484
484 16
336 292
292 858
534 546
546 744
849 848
848 744
816 859
859 385
537 387
387 429
82 248
248 605
400 147
147 229
556 846
846 851
591 140
140 282
586 634
634 36
904 115
115 225
759 678
678 358
340 923
923 898
442 734
734 806
400 162
162 736
643 908
908 851
636 316
316 17
586 39
39 658
339 632
632 429
339 608
608 429
401 907
907 575
534 793
793 862
904 810
810 781
465 431
431 744
889 878
878 677
401 773
773 625
416 766
766 187
689 886
886 112
590 57
57 935
500 77
77 781
590 98
98 317
416 209
209 346
241 367
367 862
339 15
15 656
559 382
382 625
310 417
417 17
534 707
707 282
698 438
438 729
100 843
843 94
556 325
325 346
2 287
287 362
759 75
75 898
202 610
610 935
418 824
824 128
416 874
874 729
698 254
254 851
93 290
290 64
339 156
156 744
400 462
462 581
849 601
601 385
590 492
492 203
250 200
200 744
190 30
30 346
591 297
297 362
167 426
426 677
89 869
869 851
86 123
123 429
142 817
817 729
681 918
918 385
2 88
88 112
418 456
456 342
925 871
871 838
289 597
597 744
759 280
280 429
339 522
522 317
500 850
850 78
586 800
800 455
925 194
194 16
2 775
775 78
190 547
547 342
816 114
114 675
399 161
161 806
825 541
541 317
683 291
291 729
289 466
466 858
863 125
125 203
925 823
823 203
142 482
482 656
250 772
772 342
250 725
725 675
418 345
345 128
759 110
110 729
586 120
120 342
636 269
269 656
220 811
811 625
559 391
391 581
202 830
830 744
683 798
798 64
816 304
304 64
499 228
228 16
499 421
421 463
461 602
602 282
202 504
504 677
643 841
841 410
825 479
479 94
2 607
607 16
586 79
79 898
759 467
467 605
340 695
695 858
167 705
705 106
636 483
483 896
499 815
815 410
340 588
588 16
240 813
813 455
904 155
155 896
648 654
654 756
190 933
933 112
388 806
460 862
520 315
79 584
671 64
412 11
686 736
554 756
864 94
373 526
242 106
328 410
755 128
702 203
593 838
137 36
34 141
791 896
726 676
686 935
234 463
810 581
672 858
551 358
459 625
521 78
839 385
611 187
476 455
446 17
159 76
439 729
255 429
845 354
271 225
521 744
35 342
544 675
13 781
443 362
58 754
883 229
233 575
441 346
885 851
45 623
278 656
555 898
88 605
180 911
332 317
762 16
383 282
709 112
550 677
130 671
418 910
586 495
762 344
895 579
223 353
104 91
580 293
586 760
142 494
591 338
344 798
618 830
795 49
191 830
555 305
714 333
341 349
132 560
613 798
74 280
755 504
403 653
3 431
215 114
201 841
168 754
117 685
572 213
681 308
875 239
415 817
359 609
314 756
231 736
365 317
368 588
243 68
451 332
701 676
580 337
702 772
615 544
5 325
33 660
372 498
818 42
633 585
417 64
441 858
510 846
357 282
175 583
10 194
627 175
726 547
757 451
399 210
97 610
256 414
196 694
853 634
590 91
371 367
293 284
166 464
366 503
525 17
324 618
730 592
294 233
476 553
519 806
356 602
758 110
321 843
171 454
252 115
90 129
797 266
701 582
272 765
149 541
755 897
886 824
668 313
369 376
92 547
464 734
200 869
816 878
775 754
56 326
786 304
720 850
510 66
215 528
218 387
442 252
60 746
356 228
681 59
224 742
556 610
865 660
84 528
514 98
818 150
914 413
629 621
208 496
626 872
672 704
758 755
694 482
704 387
3 480
396 570
202 795
597 421
95 618
418 796
318 437
388 467
698 266
609 382
251 189
659 182
829 647
105 421
808 839
895 484
513 625
836 794
193 663
659 677
633 257
510 118
347 390
667 308
540 280
932 155
279 874
179 742
180 764
264 141
8 191
485 367
153 362
378 490
574 170
764 348
844 203
904 431
825 602
821 655
402 936
753 466
23 180
576 22
119 88
534 917
827 910
493 390
72 481
10 191
40 654
732 156
699 284
465 773
257 204
834 47
974 1867 877
381 767
363 712
843 637
970 237
164 209
462 189
5 260
333 814
176 577
195 643
482 81
502 530
956 86
902 493
760 878
162 437
779 274
244 101
490 374
719 206
537 406
600 196
625 57
575 608
324 679
897 103
26 376
931 700
804 374
58 77
59 535
935 278
776 966
488 100
360 534
968 458
745 610
620 899
132 701
332 701
224 768
110 255
915 77
396 397
866 824
948 248
68 165
802 617
589 962
380 774
865 831
959 519
326 139
126 348
761 228
796 199
884 367
528 700
380 361
361 294
970 601
601 704
5 767
767 350
865 558
558 598
324 628
628 510
970 208
208 257
589 336
336 647
363 428
428 355
162 44
44 790
948 191
191 123
956 325
325 7
224 1
1 407
620 229
229 773
537 895
895 46
865 857
857 382
931 675
675 257
915 530
530 142
776 133
133 355
363 859
859 257
537 130
130 70
110 105
105 882
164 161
161 294
324 365
365 845
482 499
499 227
490 163
163 647
5 624
624 227
462 269
269 598
58 104
104 286
490 880
880 294
490 447
447 7
162 342
342 845
959 733
733 19
126 587
587 350
948 153
153 773
802 853
853 845
804 287
287 607
332 299
299 227
802 519
519 727
324 424
424 510
884 696
696 773
528 932
932 735
132 751
751 286
58 594
594 359
164 339
339 329
968 305
305 792
68 629
629 294
970 344
344 845
931 732
732 510
948 584
584 485
396 448
448 19
776 449
449 359
326 839
839 735
59 235
235 220
132 11
11 220
935 408
408 294
915 765
765 607
110 440
440 46
110 925
925 382
970 966
966 704
332 114
114 19
110 107
107 790
884 891
891 382
537 2
2 359
620 811
811 882
360 196
196 773
537 172
172 551
719 548
548 7
162 461
461 19
126 435
435 329
956 504
504 382
528 851
851 773
26 157
157 642
110 852
852 350
324 651
651 598
600 54
54 329
796 922
922 227
968 148
148 592
970 85
85 359
363 786
786 756
58 371
371 607
360 531
531 407
776 183
183 359
195 534
534 485
948 755
755 882
162 48
48 631
332 131
131 407
195 237
237 407
970 150
150 7
176 937
937 607
360 309
309 735
126 769
769 19
332 67
67 382
776 824
824 227
68 856
856 359
802 186
186 876
600 301
301 294
620 147
147 642
968 369
369 792
719 273
273 46
968 974
974 510
162 385
385 19
58 619
619 329
363 971
971 220
600 649
649 46
537 550
550 647
915 10
10 598
326 28
28 286
26 484
484 598
244 118
118 359
779 293
293 46
59 62
62 704
164 944
944 598
26 950
950 142
575 879
879 773
59 374
374 882
779 533
533 876
620 737
737 220
488 268
268 832
332 34
34 257
490 307
307 756
970 372
372 123
760 670
670 735
915 868
868 510
110 439
439 7
804 259
259 257
396 815
815 329
244 477
477 631
126 390
390 727
620 460
460 704
745 816
816 142
490 627
627 7
761 278
278 350
195 354
354 631
761 608
608 70
935 633
633 294
866 702
702 294
488 431
431 510
804 615
615 845
537 116
116 286
244 239
239 607
68 762
762 294
26 418
418 382
589 426
426 46
490 847
847 704
865 412
412 704
326 943
943 551
719 422
422 845
760 455
455 485
600 798
798 286
931 77
77 350
575 321
321 704
396 228
228 350
324 141
141 7
59 734
734 366
462 22
22 631
761 805
805 598
482 218
218 485
360 403
403 257
488 37
37 551
110 86
86 773
625 413
413 366
195 402
402 19
884 697
697 727
776 296
296 598
488 323
323 294
600 676
676 882
902 375
375 607
396 349
349 510
381 334
334 359
488 655
655 592
600 721
721 485
59 80
80 220
324 459
459 407
537 215
215 366
528 763
763 756
843 143
143 875
502 662
662 70
935 203
203 46
537 818
818 642
326 401
401 19
931 297
297 845
332 522
522 756
528 910
910 485
224 51
51 642
625 686
686 46
488 892
892 727
589 60
60 790
802 212
212 647
745 295
295 366
126 392
392 294
333 411
411 510
332 560
560 773
884 300
300 735
462 873
873 592
959 674
674 286
796 506
506 286
802 445
445 359
380 964
964 7
804 32
32 46
575 451
451 876
625 456
456 227
324 684
684 704
58 95
95 607
110 125
125 220
719 475
475 19
897 678
678 756
935 919
919 592
760 899
899 832
970 511
511 123
528 4
4 355
490 834
834 790
884 893
893 882
589 491
491 875
760 138
138 876
59 590
590 366
381 394
394 773
575 683
683 355
363 929
929 876
363 872
872 792
620 835
835 598
162 958
958 592
600 185
185 704
931 618
618 832
719 405
405 790
970 254
254 727
866 749
749 46
625 84
84 142
968 328
328 286
68 124
124 790
948 310
310 407
332 3
3 355
26 271
271 510
59 201
201 366
625 700
700 7
26 595
595 294
490 343
343 875
363 855
855 882
224 579
579 382
931 97
97 727
897 311
311 607
502 432
432 876
244 481
481 142
462 736
736 607
865 894
894 773
462 388
388 257
956 275
275 876
575 679
679 329
126 561
561 355
324 954
954 642
779 576
576 382
326 398
398 355
745 904
904 485
745 446
446 329
380 701
701 704
931 247
247 845
26 128
128 882
224 814
814 607
381 443
443 355
948 8
8 355
528 47
47 832
620 327
327 220
959 515
515 598
537 312
312 355
162 331
331 355
761 940
940 355
537 223
223 735
482 573
573 286
126 825
825 875
332 532
532 366
333 135
135 227
897 453
453 773
162 722
722 227
132 782
782 876
324 436
436 790
948 160
160 382
162 747
747 592
110 774
774 366
915 255
255 592
719 819
819 631
363 29
29 607
110 752
752 294
360 64
64 294
164 56
56 220
488 272
272 773
5 861
861 355
884 284
284 257
176 27
27 882
897 569
569 123
575 941
941 355
176 71
71 631
884 241
241 142
959 549
549 832
761 691
691 756
360 821
821 727
244 376
376 257
380 14
14 876
326 166
166 845
970 423
423 294
589 657
657 407
804 741
741 46
865 159
159 647
745 263
263 607
164 810
810 876
59 111
111 882
396 930
930 631
5 572
572 704
796 197
197 123
948 588
588 485
600 93
93 773
332 494
494 220
537 109
109 647
462 753
753 294
575 812
812 46
935 221
221 631
324 495
495 756
745 949
949 227
935 476
476 350
176 826
826 46
897 249
249 832
948 205
205 350
488 389
389 832
132 341
341 551
224 152
152 592
162 73
73 46
26 771
771 19
843 717
717 46
363 877
877 773
575 526
526 70
224 479
479 790
804 409
409 642
164 885
885 647
760 660
660 257
959 781
781 642
176 596
596 598
195 318
318 756
224 593
593 607
745 338
338 792
600 465
465 647
380 425
425 485
360 127
127 832
865 754
754 257
804 367
367 382
68 645
645 845
363 373
373 773
802 850
850 790
970 563
563 227
326 617
617 792
59 725
725 773
5 886
886 845
482 478
478 355
620 24
24 631
779 231
231 355
600 346
346 727
915 921
921 19
381 613
613 366
396 63
63 294
488 493
493 257
326 639
639 220
326 316
316 727
164 614
614 510
195 454
454 756
59 194
194 7
396 165
165 366
244 603
603 735
110 400
400 876
956 703
703 642
58 298
298 882
779 788
788 882
58 353
353 551
224 480
480 227
802 611
611 727
537 926
926 642
884 933
933 756
745 335
335 355
224 88
88 773
625 113
113 294
333 720
720 19
332 437
437 607
884 842
842 551
948 486
486 631
866 18
18 46
59 836
836 551
132 15
15 382
760 72
72 792
126 555
555 607
110 38
38 845
959 646
646 123
968 860
860 227
843 800
800 735
59 656
656 642
482 53
53 773
68 234
234 46
776 33
33 227
719 934
934 329
5 94
94 123
948 924
924 631
363 42
42 510
719 961
961 727
779 513
513 123
332 936
936 642
935 378
378 875
176 606
606 366
959 438
438 773
537 9
9 704
779 101
101 551
575 119
119 756
796 634
634 366
482 512
512 7
956 635
635 227
866 927
927 592
58 682
682 875
162 867
867 257
970 554
554 647
224 65
65 286
363 580
580 220
866 281
281 19
162 543
543 485
360 357
357 792
959 169
169 790
625 313
313 329
396 6
6 598
482 643
643 551
176 672
672 70
26 793
793 366
948 962
962 510
126 74
74 329
897 680
680 832
959 553
553 355
488 828
828 407
380 801
801 845
333 230
230 792
224 806
806 382
195 151
151 382
363 199
199 70
490 838
838 46
575 204
204 845
719 707
707 142
575 98
98 592
884 471
471 70
380 581
581 142
5 565
565 142
195 303
303 510
326 202
202 792
779 681
681 46
902 923
923 642
865 496
496 329
381 963
963 7
462 57
57 607
802 797
797 142
58 539
539 355
68 632
632 832
59 822
822 876
360 427
427 142
195 630
630 19
380 322
322 631
462 827
827 142
195 547
547 257
719 391
391 592
620 370
370 366
26 840
840 366
796 248
248 407
931 177
177 142
802 516
516 407
162 469
469 647
600 189
189 46
956 803
803 876
380 356
356 257
332 789
789 329
761 529
529 382
796 39
39 647
360 245
245 359
760 173
173 123
915 509
509 790
381 78
78 257
26 552
552 355
537 669
669 790
68 694
694 382
796 862
862 257
884 952
952 756
745 216
216 510
332 823
823 366
224 671
671 123
528 83
83 227
333 849
849 142
575 648
648 366
968 75
75 46
776 729
729 366
26 743
743 845
224 277
277 366
970 953
953 294
956 731
731 773
761 658
658 359
381 158
158 598
396 708
708 123
915 140
140 7
126 441
441 46
59 181
181 220
68 616
616 286
915 621
621 882
326 912
912 485
866 200
200 876
897 399
399 875
915 146
146 329
333 473
473 355
381 416
416 286
902 242
242 329
902 577
577 257
719 267
267 704
804 668
668 294
779 541
541 756
761 134
134 631
884 764
764 227
802 345
345 7
796 920
920 647
959 972
972 355
625 92
92 773
462 650
650 773
719 69
69 7
761 677
677 598
162 265
265 510
490 562
562 350
948 604
604 350
866 180
180 875
195 472
472 607
575 622
622 257
931 23
23 382
326 654
654 70
843 30
30 735
326 467
467 727
126 154
154 7
948 778
778 382
802 685
685 832
935 597
597 142
490 501
501 704
332 50
50 359
970 659
659 727
866 712
712 257
59 644
644 142
326 122
122 46
58 728
728 551
26 474
474 70
866 967
967 123
164 878
878 607
126 283
283 286
796 253
253 257
915 706
706 286
968 421
421 792
931 574
574 875
760 289
289 756
126 693
693 875
488 903
903 227
132 444
444 607
126 238
238 382
625 174
174 756
865 457
457 551
488 330
330 350
333 21
21 220
162 250
250 790
528 386
386 294
164 91
91 631
195 187
187 875
132 666
666 790
776 290
290 359
931 909
909 642
761 144
144 220
502 913
913 756
488 724
724 845
970 137
137 294
897 612
612 832
948 468
468 792
195 517
517 607
482 742
742 142
462 520
520 70
26 156
156 790
897 340
340 727
381 775
775 485
779 240
240 366
380 182
182 407
164 544
544 355
333 483
483 792
68 99
99 7
968 82
82 7
970 179
179 366
776 744
744 294
902 136
136 792
776 40
40 882
866 794
794 790
575 45
45 882
482 291
291 257
380 901
901 875
843 525
525 46
719 66
66 704
482 665
665 551
897 117
117 551
164 258
258 598
776 833
833 756
195 404
404 70
482 246
246 876
761 689
689 704
760 946
946 7
176 306
306 875
360 261
261 756
589 377
377 382
396 566
566 7
589 918
918 46
58 243
243 350
110 35
35 551
915 687
687 642
935 20
20 631
760 586
586 7
59 79
79 598
68 503
503 286
802 217
217 756
843 193
193 70
796 653
653 792
760 210
210 359
59 883
883 7
381 384
384 845
776 690
690 832
26 279
279 227
68 699
699 359
482 348
348 227
490 458
458 642
968 442
442 382
360 757
757 227
719 188
188 756
776 452
452 19
488 874
874 350
802 715
715 227
381 226
226 875
745 232
232 366
956 270
270 876
843 772
772 832
490 564
564 355
162 387
387 19
968 317
317 704
902 470
470 832
132 368
368 142
224 184
184 792
779 960
960 510
776 410
410 792
537 362
362 773
959 178
178 227
59 609
609 485
462 96
96 220
802 219
219 123
26 887
887 790
326 890
890 359
132 52
52 773
948 784
784 875
332 521
521 773
490 830
830 551
959 664
664 123
324 730
730 257
195 545
545 631
931 928
928 704
132 758
758 220
528 783
783 329
804 514
514 727
528 870
870 366
528 673
673 142
360 434
434 792
935 43
43 485
589 709
709 727
68 808
808 220
970 626
626 647
589 889
889 286
776 170
170 7
380 667
667 592
968 663
663 142
959 841
841 773
26 750
750 792
956 320
320 727
126 871
871 882
68 713
713 598
326 500
500 551
600 351
351 756
380 167
167 642
528 347
347 598
333 262
262 382
324 583
583 286
719 90
90 876
126 155
155 366
528 540
540 220
110 276
276 510
490 538
538 647
332 251
251 845
902 652
652 647
625 233
233 123
915 831
831 355
589 497
497 485
332 710
710 359
970 171
171 876
462 636
636 845
719 780
780 70
488 906
906 647
324 308
308 46
537 139
139 510
360 211
211 286
956 214
214 875
528 106
106 257
575 518
518 876
176 898
898 329
26 546
546 350
620 585
585 790
865 207
207 382
360 768
768 510
162 507
507 882
324 881
881 875
176 266
266 359
843 858
858 551
776 450
450 329
502 578
578 875
462 417
417 875
162 100
100 773
488 556
556 631
176 957
957 359
380 206
206 46
897 149
149 875
760 908
908 832
110 505
505 366
843 337
337 286
968 559
559 832
761 711
711 876
26 582
582 551
948 192
192 647
575 746
746 727
462 315
315 756
931 846
846 607
68 406
406 286
164 25
25 642
935 314
314 882
761 414
414 359
110 605
605 882
779 12
12 142
760 748
748 882
244 905
905 407
719 383
383 631
968 947
947 592
935 813
813 756
333 787
787 882
332 854
854 882
970 430
430 592
897 498
498 882
761 602
602 359
589 759
759 647
779 225
225 876
796 640
640 257
843 692
692 510
956 31
31 350
776 120
120 607
804 599
599 355
333 557
557 257
897 591
591 359
396 820
820 598
589 969
969 832
948 900
900 407
26 256
256 19
26 869
869 727
935 973
973 46
162 791
791 46
195 945
945 631
779 352
352 790
745 282
282 607
224 568
568 257
488 89
89 359
575 121
121 227
931 420
420 220
332 938
938 227
381 288
288 735
5 17
17 359
380 280
280 46
779 415
415 642
776 81
81 598
745 13
13 70
866 939
939 551
176 190
190 407
970 508
508 123
396 955
955 70
224 942
942 735
502 688
688 407
490 115
115 647
948 837
837 773
802 535
535 551
58 429
429 704
244 740
740 19
488 379
379 382
935 41
41 598
224 236
236 382
745 319
319 220
537 492
492 227
959 175
175 790
68 252
252 46
164 129
129 366
902 844
844 631
488 965
965 790
488 103
103 359
776 542
542 227
776 433
433 592
488 304
304 46
931 36
36 735
482 358
358 407
176 209
209 592
488 463
463 142
537 570
570 382
902 714
714 220
760 102
102 598
195 777
777 510
224 770
770 220
866 76
76 727
804 911
911 790
396 807
807 286
363 108
108 329
884 61
61 142
719 87
87 704
333 610
610 773
502 112
112 735
380 213
213 704
915 951
951 598
482 864
864 756
380 524
524 875
884 168
168 485
796 907
907 19
110 55
55 642
244 723
723 792
110 571
571 294
490 916
916 756
779 393
393 642
162 536
536 832
324 829
829 510
224 738
738 598
380 397
397 790
363 145
145 142
537 222
222 647
324 623
623 220
363 705
705 359
132 49
49 142
935 739
739 350
620 809
809 227
380 487
487 647
58 198
198 359
625 896
896 756
195 302
302 366
59 726
726 142
760 464
464 227
779 766
766 647
776 637
637 382
745 817
817 257
931 264
264 773
5 527
527 704
865 260
260 355
488 661
661 756
760 274
274 329
948 638
638 366
804 489
489 7
324 799
799 294
5 641
641 756
956 718
718 355
502 716
716 142
244 848
848 876
396 419
419 19
970 364
364 70
528 466
466 642
59 695
695 485
176 785
785 19
915 698
698 792
195 917
917 592
897 567
567 790
126 795
795 875
324 395
395 142
843 292
292 875
537 285
285 227
959 523
523 227
162 914
914 329
68 863
863 631
915 16
16 704
796 888
888 735
666 350
389 727
415 631
4 607
212 773
310 294
423 592
702 359
241 756
749 407
442 7
822 142
150 510
30 882
525 19
44 485
689 46
136 329
83 792
149 257
811 845
9 735
567 382
379 366
539 286
870 875
399 220
336 790
965 704
813 647
541 70
626 876
137 123
570 832
97 227
428 598
100 551
268 355
766 355
389 699
895 124
601 302
852 526
101 496
333 500
702 835
802 451
495 638
461 817
343 803
923 695
429 492
729 184
619 307
825 175
926 1809 815
647 547
697 593
93 22
890 114
168 127
77 567
550 111
24 683
610 257
653 369
82 515
339 859
145 326
166 784
862 557
403 372
516 630
321 603
787 208
153 304
800 920
478 380
141 461
914 374
673 379
420 527
839 5
588 389
526 859
276 881
398 162
345 817
498 873
118 719
91 334
70 323
21 399
546 218
555 721
371 793
814 917
479 468
97 626
121 356
92 513
503 639
435 789
542 330
925 816
661 179
490 176
84 554
491 50
699 300
810 363
823 28
855 835
262 527
922 746
471 765
850 815
799 763
46 659
10 216
576 325
106 249
273 423
734 167
807 295
501 65
425 6
309 212
706 282
561 193
100 876
69 620
340 405
623 795
284 285
191 863
509 900
312 809
858 230
119 255
492 306
324 381
88 135
743 269
407 265
495 281
572 665
697 5
5 52
46 333
333 553
914 497
497 136
673 426
426 570
925 266
266 553
321 225
225 160
697 703
703 770
550 748
748 487
339 713
713 785
407 657
657 754
168 283
283 170
542 728
728 483
653 211
211 136
478 291
291 785
734 557
557 52
503 545
545 274
276 73
73 487
814 817
817 926
84 35
35 116
312 446
446 785
92 113
113 926
121 290
290 770
479 726
726 483
490 79
79 754
526 818
818 40
526 544
544 926
509 254
254 926
276 299
299 136
153 688
688 754
407 244
244 116
345 626
626 912
550 671
671 40
561 363
363 223
810 740
740 570
168 577
577 12
516 735
735 223
839 123
123 754
914 112
112 223
561 438
438 170
106 462
462 483
273 556
556 170
526 314
314 223
97 616
616 14
420 391
391 52
807 747
747 483
862 7
7 912
398 271
271 274
403 354
354 770
479 387
387 487
673 552
552 206
697 317
317 487
312 209
209 206
623 383
383 52
495 259
259 223
823 393
393 223
345 105
105 136
862 659
659 40
839 648
648 52
546 165
165 754
46 864
864 483
490 456
456 170
526 256
256 912
153 53
53 136
46 415
415 40
647 219
219 116
498 419
419 754
516 821
821 570
890 409
409 274
92 642
642 40
168 202
202 926
340 792
792 570
340 891
891 116
799 90
90 170
501 315
315 785
550 838
838 40
610 295
295 553
88 598
598 483
743 539
539 12
503 384
384 12
121 811
811 223
503 374
374 483
478 746
746 483
24 159
159 926
862 474
474 136
576 439
439 770
550 126
126 770
503 189
189 487
118 248
248 206
312 533
533 754
168 457
457 553
91 476
476 116
284 694
694 14
46 714
714 483
862 731
731 52
850 32
32 116
425 668
668 754
100 742
742 12
273 722
722 487
555 336
336 487
312 496
496 14
24 686
686 170
799 892
892 14
814 866
866 116
492 364
364 206
284 736
736 160
21 414
414 487
800 253
253 52
550 270
270 14
799 234
234 912
24 132
132 116
862 667
667 754
490 709
709 487
799 421
421 170
145 210
210 770
697 352
352 160
890 130
130 912
526 449
449 487
661 504
504 12
46 135
135 770
166 432
432 52
653 461
461 785
491 591
591 274
276 233
233 274
312 604
604 223
273 436
436 170
661 214
214 785
339 700
700 14
699 646
646 553
492 351
351 754
503 568
568 136
787 685
685 160
371 611
611 912
321 2
2 52
503 392
392 12
398 394
394 170
890 228
228 12
84 150
150 160
862 288
288 160
492 603
603 136
697 580
580 12
925 664
664 553
661 197
197 570
340 408
408 136
10 651
651 116
88 101
101 553
69 361
361 483
509 143
143 770
84 318
318 926
546 83
83 487
555 76
76 223
166 500
500 926
84 583
583 785
97 149
149 570
324 812
812 12
699 752
752 206
855 227
227 52
100 429
429 223
119 573
573 754
166 181
181 553
610 765
765 785
914 836
836 206
862 679
679 52
555 184
184 483
168 871
871 136
84 857
857 223
490 180
180 40
699 453
453 170
340 397
397 223
262 586
586 52
526 466
466 570
168 565
565 223
371 593
593 136
46 114
114 136
21 719
719 570
890 733
733 926
800 95
95 40
491 300
300 553
699 761
761 170
855 745
745 274
91 146
146 912
743 163
163 553
324 771
771 770
925 590
590 770
371 220
220 912
82 802
802 770
88 31
31 912
479 332
332 170
191 122
122 12
561 22
22 926
498 193
193 160
922 194
194 570
787 431
431 14
588 343
343 770
925 213
213 926
84 692
692 274
561 674
674 170
276 536
536 136
495 169
169 170
914 281
281 40
324 302
302 116
673 494
494 274
516 777
777 206
10 68
68 40
340 902
902 912
799 18
18 40
141 301
301 206
97 677
677 116
345 190
190 553
623 564
564 274
345 843
843 206
588 350
350 40
93 416
416 785
371 512
512 553
100 813
813 274
168 720
720 116
673 656
656 14
46 804
804 223
697 158
158 274
653 452
452 785
555 600
600 926
398 57
57 912
425 660
660 770
588 335
335 170
100 630
630 487
312 296
296 223
93 541
541 553
823 48
48 12
855 886
886 206
478 515
515 14
492 240
240 14
88 529
529 52
673 881
881 160
526 110
110 483
262 538
538 785
914 237
237 912
82 475
475 754
153 188
188 487
527 170
862 50
50 274
88 602
602 785
588 744
744 487
661 672
672 483
46 444
444 487
526 716
716 785
501 45
45 116
284 365
365 926
526 17
17 926
653 427
427 926
10 730
730 136
673 410
410 14
284 25
25 40
706 74
74 754
890 549
549 206
425 41
41 14
914 837
837 483
610 275
275 274
925 60
60 14
661 789
789 160
46 684
684 206
166 682
682 785
855 669
669 160
850 737
737 136
21 521
521 483
435 4
4 553
420 395
395 52
491 156
156 785
371 634
634 487
647 125
125 487
850 480
480 754
471 595
595 487
623 104
104 40
339 137
137 223
46 246
246 160
118 208
208 116
345 867
867 136
106 342
342 160
925 66
66 553
914 559
559 570
706 379
379 223
509 199
199 926
191 162
162 160
550 532
532 170
509 451
451 40
495 704
704 785
661 827
827 487
542 614
614 487
647 382
382 274
371 678
678 274
509 919
919 770
118 328
328 553
743 888
888 483
321 819
819 52
93 458
458 912
153 548
548 770
800 229
229 553
492 108
108 52
121 200
200 206
509 870
870 52
100 187
187 206
922 173
173 487
697 467
467 912
284 624
624 785
561 815
815 136
697 808
808 274
77 563
563 754
118 30
30 483
647 241
241 170
823 741
741 223
823 776
776 136
516 899
899 12
403 285
285 223
371 96
96 160
734 725
725 553
610 216
216 14
855 773
773 40
839 94
94 570
77 898
898 570
435 245
245 754
91 695
695 12
191 853
853 770
166 676
676 223
92 854
854 553
807 117
117 116
491 608
608 223
339 547
547 160
743 330
330 160
653 917
917 223
435 154
154 12
699 239
239 770
168 705
705 223
491 252
252 12
145 535
535 160
862 876
876 160
420 385
385 206
610 102
102 570
92 133
133 553
92 645
645 487
914 344
344 136
21 579
579 785
21 424
424 770
610 151
151 136
639 52
673 893
893 487
673 581
581 170
491 842
842 553
814 523
523 483
516 911
911 116
70 916
916 570
284 775
775 785
799 844
844 483
810 638
638 116
800 702
702 52
542 788
788 14
69 768
768 553
542 442
442 274
823 723
723 926
91 806
806 14
262 357
357 754
88 738
738 487
93 554
554 170
799 263
263 12
257 912
653 247
247 487
82 739
739 487
276 203
203 160
653 319
319 785
588 329
329 116
542 753
753 170
495 129
129 483
21 650
650 160
478 358
358 487
890 99
99 206
141 422
422 206
46 852
852 483
88 87
87 52
673 691
691 553
93 370
370 206
10 337
337 14
21 258
258 14
922 205
205 52
88 644
644 754
407 139
139 785
661 865
865 926
312 578
578 206
498 280
280 926
88 61
61 170
855 127
127 785
119 885
885 136
121 715
715 754
492 454
454 553
699 641
641 926
561 198
198 206
509 605
605 12
610 39
39 770
471 250
250 12
153 558
558 14
24 727
727 754
862 587
587 926
191 164
164 116
799 58
58 40
862 681
681 12
88 599
599 223
420 643
643 14
734 507
507 926
647 887
887 160
495 64
64 754
572 215
215 14
516 658
658 223
810 269
269 553
273 485
485 553
119 316
316 14
420 349
349 206
191 828
828 754
623 242
242 52
425 399
399 116
743 261
261 116
555 369
369 926
321 310
310 160
21 287
287 14
555 895
895 274
546 78
78 14
787 311
311 116
345 179
179 912
850 622
622 12
92 268
268 487
890 835
835 770
24 530
530 785
697 325
325 223
262 718
718 926
479 36
36 570
309 98
98 223
501 597
597 926
46 292
292 785
168 698
698 754
119 464
464 116
855 621
621 223
119 380
380 912
371 23
23 785
82 520
520 136
93 907
907 116
810 459
459 912
82 589
589 487
69 217
217 487
555 670
670 785
576 405
405 136
491 16
16 206
922 355
355 170
561 235
235 770
734 359
359 160
312 308
308 136
420 868
868 785
425 401
401 12
850 286
286 553
321 481
481 160
407 502
502 40
324 834
834 160
647 412
412 487
800 625
625 487
492 63
63 170
787 42
42 160
699 620
620 170
345 470
470 223
501 566
566 785
262 795
795 52
699 221
221 52
21 334
334 40
501 609
609 12
922 562
562 206
509 551
551 770
91 592
592 926
799 43
43 754
546 797
797 136
734 294
294 52
312 569
569 52
653 619
619 770
799 889
889 553
787 924
924 14
823 62
62 770
491 901
901 14
839 441
441 52
145 372
372 223
925 19
19 274
478 654
654 785
526 635
635 52
491 338
338 785
653 196
196 116
800 230
230 116
922 606
606 14
191 636
636 52
398 816
816 206
699 322
322 160
699 255
255 40
321 303
303 274
478 615
615 785
490 820
820 12
84 772
772 206
324 142
142 40
77 47
47 487
403 320
320 926
546 848
848 274
925 3
3 274
734 831
831 754
925 794
794 553
145 872
872 116
503 689
689 160
21 826
826 223
925 540
540 553
309 49
49 912
495 404
404 926
345 128
128 754
807 15
15 912
398 434
434 52
92 482
482 136
77 175
175 223
925 377
377 160
823 267
267 52
145 783
783 12
572 618
618 170
498 790
790 206
855 278
278 136
265 52
653 111
111 223
141 869
869 754
550 378
378 926
403 157
157 487
576 293
293 785
340 231
231 274
588 518
518 40
546 612
612 487
10 89
89 912
82 894
894 170
623 517
517 14
145 27
27 770
673 849
849 223
503 525
525 570
542 152
152 926
118 607
607 12
435 56
56 14
77 766
766 754
276 781
781 116
407 537
537 14
807 155
155 223
588 856
856 116
492 632
632 912
119 878
878 223
24 637
637 223
810 724
724 223
168 138
138 570
425 809
809 926
550 584
584 912
862 791
791 160
420 134
134 160
807 513
513 553
673 356
356 553
661 762
762 926
118 277
277 785
435 341
341 754
93 613
613 785
503 910
910 160
858 640
640 206
435 567
567 483
576 511
511 487
145 824
824 483
398 488
488 570
823 863
863 14
653 628
628 116
479 473
473 483
572 115
115 160
345 861
861 14
588 763
763 483
345 784
784 136
309 662
662 14
850 167
167 926
492 171
171 770
673 847
847 553
91 786
786 223
542 874
874 160
121 652
652 160
262 107
107 116
153 375
375 785
324 26
26 160
70 131
131 52
340 732
732 912
100 803
803 912
550 29
29 274
84 6
6 12
345 304
304 926
862 313
313 483
403 721
721 912
743 80
80 136
324 264
264 570
914 448
448 136
555 683
683 14
799 798
798 14
425 38
38 160
100 353
353 570
88 402
402 770
166 751
751 12
471 477
477 553
21 447
447 483
91 465
465 274
491 913
913 14
145 903
903 553
92 631
631 52
478 524
524 274
93 729
729 170
501 120
120 170
555 348
348 483
106 182
182 926
925 176
176 40
471 665
665 274
398 460
460 170
588 279
279 223
509 373
373 14
561 360
360 553
653 28
28 926
588 37
37 926
435 519
519 160
610 423
423 170
862 368
368 40
69 282
282 223
407 272
272 170
153 514
514 206
145 9
9 223
839 34
34 12
647 51
51 136
339 884
884 14
118 489
489 160
84 531
531 274
77 59
59 770
787 192
192 14
276 633
633 570
550 177
177 483
262 696
696 12
498 701
701 483
787 174
174 136
799 883
883 12
398 596
596 274
855 750
750 785
141 124
124 223
92 875
875 14
84 289
289 116
572 144
144 223
498 760
760 274
339 805
805 170
661 406
406 14
890 389
389 116
503 666
666 170
862 71
71 116
84 840
840 483
807 469
469 754
800 680
680 570
478 411
411 40
284 297
297 754
478 508
508 570
345 601
601 40
119 8
8 785
855 845
845 160
324 571
571 926
407 575
575 12
398 690
690 553
706 249
249 206
273 655
655 553
340 687
687 754
276 833
833 223
262 822
822 274
478 463
463 570
542 909
909 570
509 780
780 926
495 67
67 487
24 486
486 223
88 347
347 785
610 629
629 52
262 560
560 12
588 376
376 912
572 305
305 785
922 897
897 170
550 226
226 223
823 437
437 912
498 915
915 553
191 44
44 483
734 366
366 40
141 829
829 52
807 260
260 926
284 594
594 160
503 528
528 553
479 54
54 570
490 468
468 206
501 707
707 926
623 755
755 926
799 396
396 136
858 749
749 12
516 920
920 52
118 663
663 52
166 307
307 223
787 846
846 912
273 161
161 553
610 778
778 553
546 140
140 785
97 882
882 170
858 440
440 136
118 900
900 136
69 428
428 785
479 649
649 40
542 55
55 52
345 832
832 770
420 418
418 487
850 717
717 206
572 346
346 14
21 505
505 116
118 841
841 570
435 183
183 553
526 877
877 487
550 430
430 52
661 327
327 785
119 445
445 770
425 65
65 785
492 484
484 274
855 796
796 52
914 708
708 206
661 207
207 12
371 774
774 483
914 879
879 912
340 758
758 553
321 390
390 14
647 801
801 116
588 381
381 553
673 825
825 160
516 522
522 223
800 251
251 206
807 81
81 785
371 782
782 770
653 693
693 570
273 859
859 40
855 880
880 116
82 918
918 12
807 400
400 785
153 13
13 14
823 204
204 52
471 906
906 570
661 212
212 553
312 326
326 754
610 904
904 160
46 20
20 926
324 178
178 136
100 195
195 52
550 224
224 570
850 756
756 553
398 493
493 206
734 201
201 206
509 222
222 570
145 851
851 160
77 386
386 40
890 298
298 40
623 185
185 926
191 443
443 52
420 923
923 14
572 417
417 785
673 388
388 570
839 908
908 40
890 186
186 40
623 218
218 116
312 711
711 206
653 238
238 40
425 450
450 12
121 873
873 206
706 33
33 223
93 243
243 223
100 433
433 274
119 362
362 170
10 499
499 12
490 510
510 274
799 148
148 52
647 860
860 785
491 921
921 553
403 323
323 206
800 236
236 770
491 779
779 770
403 830
830 14
653 582
582 170
572 534
534 223
166 147
147 912
345 413
413 785
572 757
757 136
166 574
574 487
345 86
86 14
855 767
767 754
262 11
11 754
82 764
764 274
118 506
506 785
92 75
75 12
91 905
905 785
509 793
793 40
92 472
472 206
407 306
306 40
498 367
367 40
673 455
455 553
420 769
769 14
82 331
331 14
697 627
627 160
673 109
109 926
145 585
585 553
321 103
103 223
345 1
1 754
787 710
710 570
925 543
543 770
435 85
85 136
420 759
759 770
855 712
712 785
787 72
72 170
478 896
896 912
647 617
617 274
743 675
675 223
435 172
172 487
312 232
232 14
723 12
227 553
544 785
305 274
94 770
167 160
396 40
142 14
705 487
329 136
719 170
58 206
110 926
218 483
208 223
331 570
518 52
366 754
749 116
684 865
568 104
698 326
527 916
245 297
660 42
239 783
664 795
69 641
270 422
521 11
817 877
846 323
425 39
175 690
263 851
521 355
527 880
45 628
215 622
65 693
823 59
189 511
22 766
544 149
565 915
292 749
261 170
83 888
244 99
334 1
415 630
339 731
370 923
589 687
378 249
83 269
50 109
112 686
105 578
215 791
290 99
68 562
340 336
789 102
92 364
432 543
133 913
357 127
657 78
446 432
533 19
458 268
419 543
509 351
118 731
853 854
588 89
79 198
332 758
246 33
519 758
668 893
858 53
451 71
214 190
681 779
807 562
576 494
771 534
850 162
919 887
374 406
952 1876 851
615 379
799 86
675 775
936 167
127 416
111 136
538 91
931 66
412 247
272 280
171 180
422 575
462 650
792 762
676 866
761 762
629 563
94 573
349 392
64 910
205 851
143 474
651 79
698 586
941 617
926 948
152 586
627 536
82 918
455 609
914 486
494 259
283 395
100 109
511 797
332 903
648 832
821 452
462 544
544 17
914 860
860 36
64 652
652 310
100 172
172 622
82 267
267 341
94 304
304 36
349 587
587 897
171 903
903 217
821 357
357 653
82 16
16 491
171 377
377 104
152 55
55 717
152 194
194 175
82 796
796 641
82 57
57 852
914 320
320 795
94 700
700 653
648 203
203 545
64 634
634 325
349 880
880 602
936 591
591 905
332 768
768 85
676 665
665 723
926 367
367 641
648 801
801 681
349 441
441 458
462 756
756 506
412 339
339 36
511 710
710 869
127 752
752 308
936 492
492 85
538 256
256 907
761 946
946 602
676 804
804 653
538 137
137 179
205 595
595 458
675 307
307 475
94 585
585 897
332 764
764 517
676 945
945 779
64 608
608 852
698 11
11 415
111 558
558 39
422 368
368 779
332 720
720 325
412 769
769 415
648 516
516 39
931 637
637 85
799 822
822 906
283 690
690 282
799 493
493 906
171 819
819 17
455 678
678 121
455 247
247 602
675 650
650 217
761 798
798 104
111 697
697 85
761 156
156 175
171 188
188 622
422 48
48 29
332 573
573 782
615 115
115 217
82 230
230 217
627 234
234 723
111 75
75 891
94 578
578 291
821 949
949 491
100 133
133 681
627 639
639 470
675 411
411 458
799 649
649 210
615 313
313 121
538 372
372 653
332 271
271 640
821 274
274 717
651 386
386 681
94 466
466 325
462 679
679 905
100 284
284 97
675 817
817 543
455 398
398 73
627 147
147 175
941 388
388 695
941 586
586 869
651 148
148 210
931 575
575 291
648 886
886 175
111 41
41 470
82 524
524 453
455 571
571 905
792 235
235 790
941 495
495 681
272 7
7 210
94 337
337 39
627 166
166 325
143 616
616 897
799 702
702 310
82 342
342 795
462 908
908 341
455 430
430 517
332 72
72 795
64 159
159 584
94 292
292 325
64 371
371 869
676 826
826 17
205 150
150 907
651 832
832 897
494 552
552 869
676 683
683 500
627 685
685 543
82 943
943 175
111 214
214 453
651 588
588 415
143 858
858 779
936 407
407 210
799 315
315 779
511 296
296 681
538 815
815 129
675 842
842 779
272 807
807 893
698 233
233 85
283 242
242 506
675 789
789 19
698 699
699 118
648 830
830 852
511 162
162 779
171 457
457 853
914 827
827 641
675 277
277 458
171 27
27 19
698 387
387 906
799 785
785 893
799 751
751 175
94 528
528 640
94 735
735 19
332 643
643 215
698 464
464 73
761 797
797 897
538 174
174 19
936 6
6 291
152 711
711 795
931 878
878 641
455 134
134 415
64 598
598 104
152 951
951 782
936 546
546 869
171 507
507 475
111 950
950 905
111 630
630 641
941 378
378 717
931 498
498 640
698 770
770 921
914 259
259 717
698 686
686 308
283 536
536 584
926 54
54 217
412 706
706 217
914 601
601 39
792 255
255 641
675 68
68 695
675 579
579 376
455 177
177 282
698 5
5 210
799 473
473 921
936 645
645 215
349 124
124 653
941 628
628 602
698 896
896 129
272 515
515 884
648 42
42 458
283 868
868 453
422 716
716 475
100 184
184 217
422 501
501 717
629 273
273 73
627 438
438 121
462 13
13 906
931 618
618 341
349 924
924 717
615 580
580 622
64 414
414 39
627 465
465 19
936 719
719 641
821 708
708 545
152 2
2 453
412 496
496 584
143 617
617 500
171 844
844 640
615 93
93 376
127 224
224 17
799 52
52 210
511 872
872 29
171 459
459 50
675 527
527 291
698 227
227 85
821 298
298 341
494 791
791 852
761 327
327 517
272 401
401 121
627 204
204 602
111 428
428 376
627 192
192 897
332 712
712 325
761 47
47 29
511 730
730 415
422 894
894 782
82 399
399 458
171 113
113 852
462 144
144 376
676 766
766 17
349 3
3 491
422 196
196 906
914 820
820 653
412 374
374 29
629 231
231 39
676 724
724 97
761 662
662 85
821 442
442 906
171 749
749 891
111 391
391 602
152 338
338 415
538 555
555 717
455 92
92 85
127 687
687 458
941 928
928 622
82 279
279 217
936 169
169 884
761 362
362 118
64 440
440 884
648 128
128 73
627 476
476 622
627 383
383 341
538 222
222 884
821 477
477 475
143 810
810 217
349 867
867 852
283 12
12 453
698 948
948 723
799 726
726 681
462 149
149 602
627 802
802 664
272 478
478 215
914 715
715 622
648 621
621 129
615 314
314 210
283 642
642 121
926 409
409 215
675 123
123 543
94 828
828 282
538 499
499 210
926 863
863 325
94 228
228 853
914 153
153 853
941 532
532 893
462 604
604 790
94 486
486 723
821 672
672 39
171 331
331 73
152 468
468 36
455 346
346 622
648 549
549 458
675 581
581 210
332 682
682 210
332 898
898 17
127 207
207 341
511 8
8 852
412 76
76 884
332 489
489 641
629 919
919 517
64 772
772 97
205 131
131 622
422 693
693 782
152 479
479 325
127 707
707 175
152 550
550 453
422 316
316 921
511 930
930 641
205 198
198 470
821 253
253 779
648 910
910 506
111 521
521 852
926 940
940 121
629 395
395 906
629 424
424 653
799 225
225 921
931 280
280 73
615 775
775 39
931 30
30 853
799 806
806 129
82 525
525 129
64 909
909 39
792 879
879 893
205 79
79 622
926 855
855 782
111 408
408 921
64 659
659 341
143 565
565 543
675 923
923 681
799 504
504 97
615 136
136 852
648 319
319 36
94 568
568 723
648 646
646 584
332 265
265 790
143 180
180 695
283 512
512 50
799 514
514 104
931 553
553 907
94 480
480 897
627 71
71 695
205 556
556 282
629 290
290 129
941 570
570 695
100 572
572 491
761 243
243 29
127 877
877 545
272 269
269 85
792 883
883 517
761 427
427 97
455 875
875 376
152 158
158 39
627 212
212 491
64 436
436 921
615 311
311 640
152 729
729 906
127 705
705 602
792 306
306 19
462 185
185 341
648 551
551 545
675 65
65 325
462 448
448 506
283 270
270 602
698 245
245 884
676 537
537 622
914 861
861 681
283 199
199 310
94 88
88 458
615 483
483 906
171 748
748 310
615 336
336 891
94 876
876 906
82 34
34 852
538 107
107 50
462 392
392 723
675 758
758 622
283 167
167 506
494 837
837 717
511 44
44 653
799 488
488 790
143 96
96 341
651 925
925 782
171 300
300 458
675 456
456 17
205 444
444 475
615 574
574 779
94 734
734 779
332 611
611 640
455 375
375 852
143 91
91 893
936 636
636 681
676 658
658 118
511 731
731 795
455 260
260 73
143 739
739 584
676 487
487 282
94 385
385 210
143 352
352 175
627 694
694 869
761 638
638 884
914 309
309 852
675 901
901 491
143 502
502 622
821 324
324 506
82 238
238 475
422 606
606 17
64 421
421 907
349 369
369 695
629 351
351 790
799 663
663 869
283 626
626 325
205 607
607 891
205 329
329 584
761 264
264 475
152 862
862 415
152 508
508 506
422 400
400 853
538 46
46 782
627 146
146 545
941 419
419 653
412 451
451 905
627 933
933 179
761 484
484 602
914 80
80 118
651 609
609 121
676 518
518 121
914 786
786 50
422 432
432 921
94 745
745 291
332 709
709 491
615 195
195 640
100 814
814 779
936 99
99 308
926 816
816 584
272 229
229 291
64 846
846 517
272 18
18 891
494 182
182 517
676 83
83 475
143 691
691 584
648 190
190 790
494 200
200 869
462 939
939 85
494 40
40 602
698 854
854 217
627 915
915 891
676 261
261 869
143 701
701 453
627 297
297 653
511 612
612 415
100 674
674 853
111 328
328 325
82 390
390 39
272 777
777 29
143 402
402 681
111 847
847 921
792 66
66 543
152 126
126 717
412 938
938 217
412 326
326 325
205 350
350 641
127 145
145 869
648 873
873 921
931 548
548 121
931 787
787 118
100 380
380 310
926 633
633 790
648 160
160 19
283 358
358 664
648 359
359 39
143 533
533 179
494 870
870 695
761 871
871 884
332 347
347 664
675 446
446 602
675 23
23 291
64 952
952 506
422 743
743 907
651 887
887 118
914 69
69 341
651 848
848 215
283 379
379 118
799 577
577 506
272 644
644 506
931 624
624 853
926 566
566 790
914 434
434 291
82 254
254 640
648 490
490 217
152 757
757 506
143 302
302 782
627 829
829 341
422 547
547 869
511 236
236 415
761 763
763 453
412 366
366 602
422 596
596 36
64 381
381 907
651 266
266 73
648 657
657 129
349 866
866 695
511 505
505 545
332 689
689 506
675 750
750 215
143 447
447 291
914 671
671 723
82 742
742 717
152 61
61 717
648 904
904 175
648 635
635 308
629 354
354 97
283 762
762 893
627 321
321 491
152 67
67 308
82 760
760 118
792 303
303 622
651 25
25 905
627 722
722 545
94 922
922 19
698 363
363 884
205 106
106 723
629 944
944 458
761 934
934 893
64 101
101 341
538 449
449 19
494 839
839 905
349 655
655 50
792 443
443 291
627 70
70 73
272 213
213 310
627 688
688 19
676 109
109 891
761 335
335 491
926 935
935 545
627 668
668 118
629 21
21 584
205 252
252 325
792 189
189 717
651 902
902 491
629 31
31 884
64 833
833 175
152 301
301 470
821 831
831 506
761 49
49 341
82 220
220 517
64 773
773 664
494 452
452 308
332 202
202 543
675 330
330 179
914 37
37 641
931 193
193 325
127 275
275 506
94 482
482 640
931 911
911 884
761 384
384 506
648 932
932 506
931 454
454 310
936 364
364 584
332 382
382 19
615 563
563 491
205 263
263 622
629 654
654 853
349 937
937 500
676 394
394 681
82 561
561 104
422 520
520 29
799 727
727 415
615 529
529 325
615 405
405 491
455 219
219 517
914 450
450 584
272 356
356 852
698 317
317 118
615 899
899 415
511 845
845 891
100 114
114 475
627 721
721 681
698 840
840 723
272 186
186 17
205 268
268 39
64 365
365 795
698 103
103 695
761 838
838 217
821 108
108 500
926 151
151 39
94 257
257 681
511 120
120 121
152 784
784 906
651 746
746 97
936 605
605 175
926 433
433 584
127 889
889 325
799 389
389 782
615 84
84 921
936 673
673 869
821 176
176 104
349 808
808 517
931 725
725 175
648 811
811 217
761 526
526 853
127 87
87 129
82 344
344 129
629 874
874 852
698 4
4 85
931 413
413 852
100 241
241 545
936 340
340 85
332 33
33 179
349 850
850 97
821 793
793 641
648 216
216 341
627 942
942 884
936 677
677 129
926 509
509 325
629 631
631 897
494 353
353 664
455 226
226 470
272 397
397 475
792 240
240 282
462 603
603 341
941 849
849 853
926 251
251 415
698 582
582 179
821 60
60 681
332 122
122 118
64 647
647 695
111 713
713 308
171 62
62 640
651 58
58 341
422 187
187 308
349 201
201 641
761 774
774 129
538 754
754 341
615 759
759 29
143 834
834 215
171 753
753 85
629 77
77 893
936 157
157 19
205 218
218 622
648 559
559 545
171 56
56 121
272 557
557 475
455 24
24 717
799 370
370 717
94 481
481 905
511 295
295 217
64 51
51 121
792 425
425 325
511 278
278 517
127 857
857 341
462 463
463 506
111 333
333 584
799 439
439 723
799 20
20 506
926 767
767 179
799 140
140 602
761 522
522 584
332 714
714 85
100 125
125 210
511 540
540 500
627 288
288 622
127 163
163 905
100 783
783 543
152 818
818 891
462 865
865 17
615 765
765 341
821 404
404 543
941 26
26 506
111 139
139 19
64 416
416 36
332 684
684 893
792 89
89 891
422 918
918 121
941 116
116 602
615 178
178 622
111 530
530 118
538 285
285 73
272 567
567 310
422 882
882 584
272 661
661 121
111 102
102 853
926 704
704 893
412 747
747 779
926 788
788 310
792 564
564 717
64 667
667 907
914 360
360 506
171 161
161 681
64 916
916 602
283 534
534 29
914 619
619 664
676 110
110 129
171 736
736 17
936 576
576 779
412 467
467 893
171 920
920 175
675 223
223 210
761 813
813 97
941 513
513 545
94 497
497 475
676 191
191 921
100 38
38 491
698 800
800 907
332 892
892 500
143 423
423 308
914 836
836 782
651 692
692 85
494 778
778 893
651 429
429 506
462 181
181 893
792 426
426 891
111 632
632 73
792 474
474 470
127 562
562 458
676 851
851 853
143 912
912 73
94 289
289 906
494 680
680 695
931 503
503 640
462 569
569 17
799 560
560 310
332 666
666 97
272 539
539 852
283 535
535 584
462 885
885 341
349 418
418 723
627 209
209 17
761 583
583 695
914 59
59 543
914 98
98 782
272 780
780 175
462 117
117 453
792 590
590 104
412 589
589 310
792 318
318 215
64 660
660 664
651 154
154 543
94 373
373 453
100 841
841 121
698 803
803 921
171 173
173 906
205 669
669 723
931 165
165 695
412 323
323 717
332 221
221 681
462 472
472 325
100 164
164 779
792 294
294 779
332 334
334 282
143 843
843 308
152 703
703 291
676 805
805 308
455 119
119 506
94 396
396 869
349 593
593 723
914 890
890 622
627 142
142 73
332 141
141 500
761 610
610 458
82 510
510 475
143 471
471 906
82 32
32 891
941 276
276 782
332 771
771 453
462 927
927 543
283 881
881 308
627 597
597 39
936 718
718 921
931 732
732 681
127 917
917 39
283 620
620 906
127 286
286 717
926 614
614 282
675 35
35 869
676 445
445 291
349 738
738 641
676 809
809 97
792 248
248 36
82 208
208 217
349 835
835 310
698 246
246 891
926 14
14 415
629 613
613 893
615 322
322 118
349 10
10 453
676 1
1 641
152 755
755 217
422 155
155 779
94 410
410 17
698 740
740 795
675 420
420 584
100 63
63 906
676 696
696 210
941 541
541 907
651 312
312 415
152 28
28 891
283 299
299 50
629 825
825 891
82 728
728 782
698 460
460 85
675 345
345 893
171 250
250 215
931 733
733 653
698 554
554 779
462 594
594 36
914 600
600 602
676 947
947 717
152 206
206 29
462 287
287 884
171 776
776 506
455 900
900 906
615 9
9 717
698 53
53 104
422 95
95 19
698 355
355 310
629 211
211 19
412 794
794 906
127 406
406 118
648 343
343 506
171 823
823 795
792 542
542 717
651 45
45 640
152 361
361 475
615 168
168 97
538 281
281 458
648 913
913 640
931 43
43 282
171 623
623 17
926 197
197 415
931 461
461 869
111 239
239 884
675 15
15 641
538 403
403 291
676 824
824 893
127 112
112 73
283 431
431 641
792 656
656 341
494 469
469 491
615 393
393 506
422 258
258 325
283 485
485 175
615 305
305 215
941 531
531 907
615 183
183 39
627 249
249 852
205 929
929 475
111 812
812 640
914 417
417 921
412 625
625 891
143 859
859 29
82 237
237 129
82 670
670 453
143 599
599 175
821 523
523 681
332 437
437 491
931 78
78 39
538 22
22 852
698 435
435 282
941 781
781 640
931 105
105 341
100 864
864 453
651 741
741 695
821 744
744 782
648 90
90 36
615 130
130 640
462 856
856 506
455 293
293 695
931 244
244 782
761 132
132 341
648 348
348 73
914 895
895 453
94 135
135 491
511 737
737 210
538 262
262 584
64 232
232 681
332 81
81 453
926 519
519 640
698 170
170 779
82 74
74 602
914 888
888 36
64 138
138 415
511 592
592 664
455 86
86 97
771 897
413 73
84 104
276 884
427 681
247 517
916 85
665 790
373 121
267 470
275 17
451 640
838 717
740 664
632 308
346 852
339 118
370 129
940 641
211 175
813 475
109 500
576 50
354 795
604 921
505 907
727 782
733 506
487 602
711 341
752 36
298 906
287 543
133 179
318 853
521 325
177 458
386 29
397 545
38 210
625 653
239 905
835 19
605 491
187 869
44 282
593 215
764 310
501 376
554 453
80 893
631 891
47 723
90 97
194 695
450 39
312 584
56 217
410 415
555 622
755 291
474 63
395 892
434 334
424 560
391 572
841 510
419 36
267 250
185 107
524 229
401 15
840 35
387 453
547 132
558 260
7 407
446 545
816 151
180 389
153 550
422 281
349 304
103 874
328 737
504 86
587 445
838 744
739 664
427 293
48 331
764 5
512 240
575 165
581 632
446 889
396 541
648 317
267 1
47 299
92 723
631 564
288 905
764 806
703 461
174 919
12 340
675 631
188 921
662 779
943 707
242 694
665 696
383 249
164 130
571 908
69 625
182 117
203 753
154 396
100 396
358 219
101 740
902 118
601 469
360 276
278 445
665 601
524 281
334 376
914 670
651 769
237 737
748 487
972 1931 928
661 949
668 58
849 274
697 416
281 407
325 910
621 966
277 596
366 494
856 159
437 469
557 565
612 8
116 776
325 675
675 207
668 914
914 704
437 649
649 55
277 799
799 273
621 530
530 138
437 219
219 91
621 865
865 210
437 26
26 579
116 715
715 436
668 659
659 210
856 109
109 660
661 781
781 863
697 260
260 704
612 759
759 138
668 627
627 138
116 405
405 749
621 686
686 383
281 342
342 704
325 534
534 749
668 227
227 138
557 505
505 820
856 339
339 436
277 874
874 820
277 251
251 285
437 570
570 660
325 465
465 285
281 667
667 749
612 368
368 178
661 124
124 957
621 226
226 587
277 942
942 207
366 463
463 451
325 446
446 957
281 297
297 138
437 205
205 207
621 608
608 411
325 515
515 481
281 821
821 435
557 732
732 138
557 780
780 285
668 320
320 197
697 546
546 138
849 823
823 383
849 239
239 273
668 125
125 660
849 599
599 451
366 308
308 197
116 255
255 749
325 81
81 207
661 156
156 411
557 254
254 643
621 778
778 574
277 953
953 749
621 352
352 481
366 104
104 660
612 185
185 186
437 938
938 574
668 513
513 595
325 447
447 55
437 787
787 178
697 784
784 119
281 872
872 660
621 304
304 285
277 215
215 579
366 858
858 481
668 198
198 411
437 860
860 863
621 945
945 451
116 149
149 749
621 959
959 677
437 532
532 579
366 763
763 55
557 470
470 595
366 443
443 677
557 345
345 451
366 295
295 595
557 593
593 285
277 59
59 55
557 736
736 435
697 653
653 587
661 756
756 207
668 96
96 210
621 253
253 285
668 379
379 411
849 261
261 119
281 600
600 957
437 388
388 178
277 933
933 138
366 398
398 186
856 915
915 704
325 662
662 285
612 928
928 91
281 51
51 643
856 684
684 820
557 754
754 91
849 453
453 660
856 625
625 178
621 740
740 587
281 282
282 197
116 494
494 820
661 46
46 383
856 727
727 957
116 670
670 704
849 488
488 383
668 578
578 587
668 132
132 91
856 797
797 91
856 469
469 579
277 474
474 436
281 944
944 595
277 497
497 481
116 484
484 957
697 344
344 285
856 343
343 863
437 852
852 957
849 783
783 587
557 721
721 643
697 503
503 91
325 396
396 138
116 967
967 207
557 164
164 451
621 391
391 481
277 540
540 210
325 666
666 178
697 37
37 451
116 421
421 957
621 790
790 178
277 868
868 55
661 757
757 643
661 541
541 207
116 90
90 436
366 92
92 957
366 894
894 704
612 519
519 579
366 359
359 273
366 27
27 138
116 307
307 435
668 233
233 411
277 80
80 210
557 903
903 207
557 543
543 383
697 136
136 579
277 371
371 451
668 240
240 207
557 392
392 210
366 760
760 451
437 782
782 285
668 468
468 55
612 930
930 957
621 693
693 273
621 417
417 820
277 560
560 436
277 319
319 119
668 862
862 451
661 310
310 643
668 825
825 643
281 385
385 481
437 100
100 55
277 912
912 574
325 847
847 91
697 752
752 383
557 556
556 749
557 269
269 55
849 302
302 273
621 904
904 197
557 441
441 435
437 828
828 138
668 317
317 957
661 66
66 186
856 374
374 957
325 265
265 579
621 475
475 820
849 153
153 863
557 6
6 411
366 524
524 481
277 703
703 451
849 746
746 207
856 769
769 210
281 833
833 863
612 44
44 579
668 854
854 435
661 598
598 587
849 569
569 704
277 566
566 119
325 580
580 579
281 785
785 436
856 409
409 411
661 962
962 660
281 266
266 451
849 553
553 957
849 701
701 411
281 13
13 186
277 591
591 178
366 922
922 579
621 798
798 178
557 796
796 863
621 926
926 435
557 507
507 451
621 800
800 957
281 866
866 207
621 767
767 677
325 751
751 863
366 929
929 574
325 336
336 660
849 816
816 55
856 224
224 178
116 940
940 451
612 923
923 451
277 718
718 660
557 128
128 660
856 202
202 186
557 807
807 197
325 864
864 595
612 146
146 643
668 906
906 91
325 105
105 579
281 162
162 207
697 853
853 55
697 21
21 91
621 565
565 643
437 968
968 411
849 964
964 749
277 369
369 435
366 133
133 587
437 520
520 119
325 276
276 178
116 624
624 138
849 882
882 579
277 522
522 957
697 243
243 273
557 452
452 178
856 56
56 957
437 835
835 643
612 633
633 91
697 477
477 660
557 54
54 119
437 63
63 138
116 404
404 436
668 171
171 595
8 436
437 95
95 749
366 462
462 138
668 246
246 749
116 615
615 481
856 646
646 595
661 445
445 677
557 354
354 273
849 288
288 207
437 618
618 677
281 262
262 119
856 610
610 285
697 238
238 207
281 500
500 138
856 10
10 863
849 742
742 411
697 150
150 273
366 897
897 178
612 169
169 285
856 502
502 451
612 755
755 186
277 42
42 91
856 688
688 677
437 826
826 863
277 306
306 660
856 323
323 55
612 213
213 411
366 548
548 820
277 137
137 383
437 111
111 186
116 458
458 91
277 117
117 285
668 537
537 411
325 236
236 435
557 747
747 451
697 552
552 207
325 221
221 411
668 733
733 210
612 634
634 677
281 511
511 957
661 910
910 957
366 708
708 383
621 941
941 138
668 664
664 207
366 340
340 481
621 454
454 643
437 965
965 436
856 272
272 643
612 314
314 820
668 102
102 481
668 594
594 411
668 493
493 186
612 427
427 660
277 960
960 643
366 32
32 595
277 890
890 285
612 655
655 186
325 434
434 579
116 656
656 91
277 212
212 704
849 741
741 285
116 259
259 451
661 506
506 677
697 101
101 186
281 969
969 677
557 521
521 587
849 459
459 207
661 487
487 273
366 924
924 677
697 859
859 481
281 476
476 481
856 87
87 411
612 844
844 207
116 106
106 660
366 154
154 178
849 473
473 411
437 234
234 91
612 264
264 285
281 351
351 677
661 334
334 660
612 216
216 643
277 628
628 574
116 650
650 186
849 180
180 91
661 155
155 643
277 29
29 91
281 931
931 677
116 888
888 451
661 644
644 587
277 214
214 749
849 698
698 273
116 249
249 178
277 495
495 704
849 878
878 186
849 34
34 677
277 538
538 197
116 203
203 178
281 11
11 660
621 814
814 660
325 173
173 820
661 920
920 210
668 723
723 660
668 554
554 595
277 222
222 285
437 832
832 436
325 127
127 91
849 360
360 574
437 364
364 197
325 298
298 210
697 843
843 643
281 479
479 138
437 486
486 411
437 400
400 138
116 152
152 579
557 482
482 436
281 776
776 186
116 838
838 660
668 390
390 383
325 576
576 749
697 413
413 186
437 713
713 820
612 958
958 436
281 16
16 55
557 382
382 957
668 934
934 411
325 765
765 138
437 911
911 704
366 508
508 435
661 341
341 677
668 682
682 55
366 389
389 660
557 332
332 285
277 725
725 207
277 758
758 273
856 397
397 660
856 160
160 411
116 73
73 660
281 658
658 451
281 641
641 643
437 237
237 660
437 449
449 595
621 902
902 820
281 252
252 957
366 232
232 587
437 175
175 119
437 289
289 749
557 839
839 210
281 970
970 587
856 737
737 749
668 645
645 207
277 402
402 863
612 331
331 749
557 896
896 207
612 193
193 957
856 166
166 411
856 393
393 704
437 846
846 435
621 791
791 197
557 687
687 704
116 134
134 820
116 712
712 820
661 669
669 643
557 516
516 451
557 199
199 186
366 235
235 704
437 966
966 957
366 64
64 411
281 562
562 820
116 211
211 383
612 881
881 186
697 813
813 178
366 291
291 178
116 143
143 207
116 460
460 285
366 726
726 138
366 123
123 210
661 47
47 119
612 879
879 587
661 848
848 119
661 23
23 178
612 792
792 749
621 694
694 138
557 812
812 481
366 786
786 55
116 82
82 677
697 429
429 820
668 939
939 587
612 418
418 411
277 456
456 587
849 450
450 411
116 428
428 579
437 535
535 186
668 834
834 660
366 78
78 383
849 62
62 119
668 771
771 863
557 972
972 704
697 927
927 119
621 140
140 55
612 793
793 704
849 779
779 178
437 312
312 820
557 626
626 863
277 263
263 91
116 883
883 285
437 672
672 587
281 35
35 138
661 9
9 273
557 110
110 677
856 229
229 820
856 69
69 436
697 705
705 643
612 937
937 383
366 531
531 704
366 48
48 435
856 709
709 186
325 855
855 273
281 1
1 138
277 335
335 595
325 917
917 643
661 194
194 210
849 426
426 574
366 654
654 820
281 472
472 481
277 955
955 660
281 301
301 207
621 498
498 411
856 201
201 587
697 692
692 436
281 258
258 178
661 583
583 119
557 529
529 119
668 947
947 820
281 25
25 435
849 523
523 863
325 905
905 595
437 949
949 749
612 200
200 451
116 795
795 435
849 919
919 207
612 444
444 207
856 738
738 207
366 303
303 178
849 355
355 595
325 256
256 285
697 361
361 677
557 907
907 119
697 357
357 451
661 45
45 660
281 129
129 957
621 707
707 178
856 589
589 677
856 274
274 587
557 936
936 451
116 39
39 863
856 657
657 411
277 811
811 411
849 478
478 91
849 378
378 197
116 607
607 574
621 691
691 677
557 223
223 704
277 367
367 210
277 14
14 273
116 83
83 91
557 170
170 210
325 349
349 91
661 457
457 197
661 279
279 197
849 191
191 643
856 948
948 863
277 432
432 55
856 499
499 210
281 126
126 435
849 851
851 481
557 794
794 587
661 841
841 579
668 165
165 579
697 439
439 481
116 204
204 186
612 401
401 210
697 24
24 55
697 558
558 451
668 563
563 451
856 680
680 435
437 889
889 435
621 290
290 957
437 619
619 285
277 951
951 411
621 685
685 595
849 321
321 138
668 509
509 863
277 425
425 119
437 187
187 863
612 679
679 435
557 774
774 178
668 271
271 186
849 719
719 677
697 815
815 411
557 338
338 820
325 220
220 660
856 322
322 820
621 789
789 178
697 710
710 820
366 370
370 210
116 526
526 197
849 690
690 285
612 898
898 481
281 139
139 436
661 582
582 435
697 700
700 197
668 489
489 436
661 886
886 178
325 651
651 660
281 94
94 704
621 512
512 579
366 867
867 957
668 122
122 91
661 875
875 273
661 689
689 138
437 145
145 660
849 242
242 704
621 375
375 273
116 829
829 207
697 510
510 957
366 381
381 383
281 528
528 435
856 440
440 435
612 97
97 863
856 115
115 119
621 717
717 957
557 891
891 820
366 107
107 210
697 49
49 273
557 18
18 579
697 172
172 435
856 438
438 660
116 805
805 383
557 158
158 119
661 358
358 91
116 318
318 383
856 585
585 119
437 604
604 863
437 817
817 863
325 480
480 595
697 33
33 91
557 819
819 820
621 706
706 411
856 416
416 210
621 346
346 119
849 544
544 383
621 761
761 285
366 873
873 186
281 228
228 451
697 36
36 210
697 412
412 677
697 3
3 587
325 330
330 957
437 885
885 660
849 956
956 285
277 22
22 481
325 575
575 436
612 630
630 91
621 549
549 587
116 430
430 643
557 53
53 579
612 734
734 197
277 764
764 435
697 99
99 138
437 184
184 451
116 802
802 178
557 377
377 436
437 294
294 643
281 571
571 481
697 564
564 207
856 348
348 595
366 93
93 677
281 581
581 178
116 517
517 411
116 466
466 574
621 724
724 574
116 363
363 660
668 248
248 207
325 609
609 436
366 918
918 677
325 485
485 749
612 326
326 820
661 613
613 285
277 461
461 138
621 629
629 138
697 431
431 863
697 270
270 957
849 871
871 55
366 831
831 186
661 735
735 587
281 98
98 435
668 337
337 749
612 635
635 704
621 88
88 677
277 671
671 411
366 822
822 285
849 65
65 210
621 287
287 481
277 284
284 595
668 753
753 643
612 41
41 451
697 324
324 210
437 665
665 138
116 880
880 273
856 845
845 595
697 424
424 643
281 77
77 178
621 518
518 119
366 79
79 383
366 586
586 587
116 305
305 677
281 935
935 435
437 148
148 660
325 60
60 574
661 309
309 178
437 313
313 435
661 120
120 91
697 857
857 451
281 806
806 435
325 20
20 749
661 286
286 677
697 551
551 55
437 329
329 643
856 113
113 197
697 182
182 579
116 86
86 285
325 230
230 660
697 606
606 435
697 300
300 587
612 491
491 411
668 590
590 660
116 573
573 436
668 921
921 285
849 739
739 436
661 695
695 436
557 681
681 138
697 533
533 643
281 647
647 186
621 267
267 820
366 501
501 207
277 773
773 197
281 895
895 749
856 663
663 677
116 932
932 119
612 218
218 704
277 504
504 285
661 899
899 436
621 545
545 643
277 809
809 451
849 327
327 451
159 119
661 908
908 820
668 231
231 595
856 818
818 436
668 527
527 820
277 167
167 749
849 547
547 435
325 471
471 677
697 601
601 595
621 642
642 383
856 840
840 587
325 673
673 595
668 716
716 643
277 408
408 273
116 954
954 285
612 638
638 210
697 555
555 178
661 118
118 451
856 731
731 273
437 631
631 210
856 514
514 481
281 144
144 704
116 209
209 704
661 490
490 436
437 311
311 186
661 121
121 435
277 403
403 55
116 827
827 91
325 84
84 273
557 830
830 820
557 611
611 643
116 181
181 138
325 225
225 595
612 743
743 186
366 632
632 643
325 596
596 186
325 850
850 704
277 130
130 749
849 168
168 273
661 639
639 704
621 696
696 863
325 414
414 957
281 399
399 451
661 748
748 186
437 135
135 749
661 208
208 285
325 373
373 273
325 2
2 451
849 15
15 411
621 496
496 451
612 492
492 749
277 584
584 660
116 836
836 186
856 247
247 383
366 174
174 451
557 810
810 186
697 952
952 957
661 292
292 285
612 728
728 436
281 419
419 704
281 901
901 91
281 448
448 579
697 762
762 55
277 278
278 574
668 877
877 660
557 536
536 595
697 353
353 660
661 151
151 749
366 801
801 704
661 296
296 435
612 275
275 55
661 602
602 574
437 283
283 383
621 963
963 587
849 950
950 435
621 161
161 273
621 19
19 91
437 177
177 863
697 131
131 595
856 67
67 411
856 43
43 207
281 772
772 138
366 71
71 435
849 40
40 595
277 380
380 587
612 114
114 820
116 730
730 579
697 217
217 643
116 640
640 436
612 775
775 210
366 550
550 186
697 387
387 957
557 678
678 178
281 12
12 197
856 365
365 595
849 192
192 481
621 676
676 435
116 410
410 587
612 17
17 481
437 407
407 186
557 61
61 587
668 720
720 481
697 884
884 957
281 268
268 285
849 711
711 435
697 433
433 91
621 892
892 677
668 893
893 411
325 946
946 957
849 568
568 436
557 770
770 820
116 861
861 119
116 50
50 55
366 745
745 119
116 870
870 210
325 257
257 178
366 356
356 704
116 179
179 451
621 961
961 579
661 729
729 660
856 196
196 285
668 559
559 119
621 280
280 451
281 293
293 957
849 250
250 677
661 7
7 863
612 916
916 481
849 803
803 436
621 85
85 186
437 183
183 643
366 744
744 481
697 768
768 660
557 597
597 55
668 824
824 383
661 567
567 574
612 395
395 207
668 702
702 55
612 683
683 579
621 674
674 411
116 195
195 660
281 157
157 210
612 777
777 119
557 316
316 704
437 74
74 820
281 38
38 91
116 572
572 595
621 467
467 197
612 70
70 435
281 142
142 660
668 577
577 186
277 909
909 178
856 842
842 677
849 913
913 749
612 804
804 207
277 188
188 55
697 4
4 574
856 699
699 138
697 423
423 55
116 163
163 704
849 603
603 207
661 750
750 138
437 176
176 210
668 31
31 210
557 483
483 863
437 57
57 660
557 837
837 957
849 539
539 119
557 58
58 435
437 900
900 677
437 455
455 957
697 5
5 660
849 422
422 436
612 372
372 186
856 722
722 383
325 406
406 587
281 241
241 207
661 415
415 481
325 315
315 574
325 386
386 207
366 333
333 186
621 623
623 587
668 464
464 197
856 68
68 435
621 636
636 55
281 620
620 383
366 28
28 677
856 622
622 704
668 141
141 574
281 108
108 210
856 588
588 178
366 244
244 820
366 971
971 574
366 103
103 660
437 112
112 957
661 614
614 207
668 648
648 178
557 766
766 660
557 206
206 704
849 637
637 643
366 605
605 957
281 887
887 436
281 561
561 411
612 808
808 660
697 75
75 749
856 189
189 285
856 245
245 820
277 616
616 481
661 714
714 595
849 72
72 574
621 384
384 595
277 328
328 677
621 869
869 863
668 362
362 436
325 394
394 207
437 542
542 643
325 52
52 436
116 299
299 820
668 925
925 574
849 420
420 820
661 376
376 186
697 190
190 138
437 350
350 587
856 652
652 178
325 525
525 579
849 442
442 210
612 617
617 178
621 89
89 957
849 147
147 579
849 347
347 138
281 30
30 820
849 943
943 197
856 876
876 579
668 592
592 273
697 76
76 383
557 788
788 820
194 285
790 210
7 411
659 481
1 436
610 820
296 91
323 587
494 579
493 704
632 595
676 574
170 863
48 383
390 435
601 451
720 273
930 119
370 677
288 197
634 660
767 55
185 138
47 186
541 749
632 178
108 957
224 643
42 549
530 715
619 315
349 815
489 283
21 413
474 730
37 755
472 877
26 645
692 287
964 850
306 498
934 841
340 888
905 870
391 544
379 147
944 153
965 152
777 483
852 641
253 565
166 55
61 861
159 241
299 76
427 126
661 276
343 929
182 399
554 244
709 464
