5
919 1939 830
711 401
491 730
607 816
655 496
148 843
461 874
737 286
76 765
537 618
721 293
139 816
316 600
638 565
643 629
302 527
129 686
554 197
274 441
672 32
450 432
38 159
825 255
282 292
341 229
745 749
131 219
493 658
833 810
870 356
250 106
719 551
160 876
190 358
660 309
155 475
533 756
36 204
7 396
850 666
571 377
77 592
586 675
384 241
497 518
145 785
531 126
311 734
631 817
627 462
845 503
88 546
155 295
295 101
627 900
900 606
282 308
308 709
148 714
714 724
554 885
885 354
721 899
899 709
737 327
327 192
461 245
245 57
190 201
201 104
672 539
539 104
721 525
525 818
711 546
546 548
711 414
414 364
76 80
80 844
160 355
355 789
384 633
633 353
77 816
816 704
825 385
385 275
554 406
406 221
88 409
409 275
450 379
379 437
638 32
32 212
274 625
625 283
627 617
617 237
655 865
865 290
737 272
272 212
870 651
651 101
491 883
883 57
76 623
623 789
190 502
502 23
311 368
368 192
721 251
251 237
719 574
574 353
274 281
281 101
631 738
738 844
302 328
328 506
461 169
169 724
129 809
809 548
825 734
734 724
719 696
696 826
77 517
517 192
655 75
75 23
711 298
298 724
7 206
206 353
607 94
94 353
129 688
688 905
711 248
248 844
77 73
73 803
833 866
866 57
77 799
799 275
638 659
659 383
38 288
288 340
274 775
775 192
131 292
292 364
638 515
515 713
631 252
252 911
129 113
113 621
302 90
90 596
341 233
233 221
660 590
590 437
533 339
339 364
672 860
860 905
643 916
916 104
655 841
841 606
145 12
12 701
36 898
898 704
643 543
543 906
145 39
39 704
160 834
834 803
870 418
418 606
850 485
485 717
341 256
256 192
711 395
395 364
384 626
626 275
655 264
264 104
316 482
482 548
660 509
509 713
737 263
263 212
571 82
82 506
711 246
246 437
131 464
464 101
77 526
526 383
384 873
873 548
531 359
359 610
160 460
460 506
139 589
589 724
274 781
781 844
497 210
210 437
316 309
309 364
533 683
683 905
833 420
420 596
384 642
642 290
537 535
535 911
450 365
365 329
638 107
107 237
571 637
637 437
537 218
218 701
384 410
410 818
341 441
441 789
450 568
568 437
537 55
55 911
631 810
810 383
643 217
217 818
571 49
49 789
148 122
122 221
711 27
27 905
88 715
715 709
491 229
229 437
76 253
253 803
274 333
333 101
533 569
569 701
36 504
504 610
497 15
15 290
384 558
558 437
145 199
199 275
282 191
191 354
302 319
319 724
711 220
220 104
461 565
565 621
672 236
236 221
533 278
278 717
537 337
337 844
450 705
705 621
607 407
407 911
643 530
530 717
833 690
690 818
302 60
60 803
311 481
481 212
384 476
476 354
131 100
100 275
7 896
896 844
77 147
147 290
586 166
166 340
155 500
500 844
833 840
840 237
870 424
424 911
571 284
284 803
737 375
375 818
282 903
903 437
672 700
700 101
711 746
746 340
36 42
42 905
145 469
469 906
672 668
668 437
250 46
46 905
160 294
294 596
531 689
689 818
76 63
63 803
282 855
855 192
155 868
868 364
274 754
754 506
461 470
470 826
533 790
790 364
88 143
143 803
586 817
817 101
711 262
262 340
638 330
330 906
160 144
144 826
145 291
291 844
155 315
315 789
38 910
910 353
672 564
564 704
76 786
786 717
655 195
195 789
7 545
545 724
160 901
901 290
145 323
323 844
131 636
636 606
76 89
89 192
461 336
336 610
638 225
225 364
586 266
266 506
721 764
764 724
145 99
99 221
721 112
112 329
145 488
488 283
316 428
428 437
719 801
801 354
129 318
318 606
870 346
346 340
719 726
726 704
129 306
306 506
311 658
658 717
250 665
665 803
721 165
165 104
554 753
753 596
638 276
276 905
586 397
397 101
711 772
772 818
554 96
96 23
145 126
126 596
384 561
561 23
139 769
769 596
850 843
843 290
493 562
562 621
531 653
653 354
745 373
373 844
631 136
136 290
491 557
557 506
638 907
907 340
7 503
503 57
139 908
908 911
719 21
21 221
311 918
918 911
274 619
619 329
145 265
265 329
531 892
892 844
825 138
138 717
870 30
30 275
7 678
678 606
36 693
693 192
77 673
673 506
131 435
435 329
497 597
597 911
493 646
646 610
131 523
523 701
845 86
86 57
672 273
273 437
493 351
351 104
88 314
314 340
554 588
588 437
148 117
117 911
148 499
499 283
825 880
880 340
450 178
178 905
638 61
61 237
302 40
40 101
607 310
310 506
88 389
389 911
493 592
592 354
77 632
632 789
737 886
886 803
631 814
814 724
660 857
857 606
638 800
800 606
77 238
238 789
139 324
324 340
870 829
829 596
302 268
268 717
129 376
376 353
850 505
505 212
461 163
163 789
643 599
599 290
607 449
449 701
461 792
792 818
190 593
593 704
660 436
436 506
250 257
257 818
554 551
551 789
850 423
423 717
316 796
796 596
282 338
338 610
38 684
684 437
719 835
835 104
76 304
304 717
7 830
830 826
643 784
784 606
311 97
97 701
77 742
742 364
88 532
532 275
450 740
740 192
825 362
362 57
131 193
193 818
554 261
261 606
672 479
479 717
282 782
782 101
607 454
454 704
38 577
577 610
160 367
367 101
145 649
649 212
88 134
134 844
129 156
156 290
537 582
582 506
627 508
508 23
341 762
762 212
129 852
852 192
302 434
434 237
745 11
11 101
737 164
164 354
38 43
43 789
607 576
576 701
160 549
549 789
493 52
52 717
274 805
805 717
638 447
447 717
845 91
91 104
607 759
759 329
450 827
827 329
145 83
83 23
638 313
313 101
870 53
53 329
533 875
875 57
282 185
185 844
384 254
254 826
131 432
432 437
88 710
710 548
7 29
29 192
491 45
45 701
155 645
645 283
155 303
303 905
833 484
484 23
155 520
520 290
36 887
887 844
825 297
297 383
316 162
162 340
38 773
773 101
586 774
774 548
660 467
467 506
145 106
106 57
586 837
837 212
638 847
847 340
139 127
127 548
148 331
331 596
129 50
50 353
497 739
739 275
672 67
67 704
155 223
223 383
721 553
553 717
497 872
872 789
311 614
614 621
38 349
349 354
148 289
289 290
148 124
124 621
721 732
732 701
533 744
744 57
88 366
366 290
139 594
594 353
531 699
699 275
341 380
380 57
497 856
856 506
450 255
255 437
139 137
137 906
711 478
478 911
190 249
249 290
38 879
879 717
341 390
390 212
129 426
426 906
155 393
393 275
88 682
682 104
631 417
417 383
316 728
728 237
316 68
68 621
850 259
259 704
76 446
446 506
533 913
913 104
311 524
524 506
531 402
402 354
282 444
444 826
36 777
777 701
77 133
133 704
493 154
154 437
282 804
804 704
493 198
198 57
825 93
93 905
533 687
687 437
145 116
116 701
655 552
552 23
274 480
480 621
631 657
657 437
737 914
914 911
643 639
639 704
461 227
227 818
825 836
836 275
493 392
392 437
571 681
681 283
631 616
616 844
450 350
350 290
870 445
445 340
721 821
821 340
38 269
269 283
537 2
2 283
870 771
771 803
77 884
884 789
250 849
849 803
139 498
498 826
190 864
864 709
655 819
819 506
711 28
28 789
643 142
142 506
833 720
720 506
160 806
806 23
155 378
378 437
825 876
876 548
833 859
859 905
148 421
421 506
311 894
894 606
129 722
722 221
148 811
811 354
850 16
16 610
537 78
78 606
7 19
19 701
461 72
72 192
316 105
105 237
719 664
664 340
7 401
401 290
302 838
838 340
586 121
121 437
76 24
24 789
719 663
663 606
129 595
595 104
461 358
358 905
311 66
66 221
250 203
203 506
129 370
370 23
145 70
70 275
497 882
882 340
160 624
624 621
38 325
325 192
845 205
205 104
586 125
125 844
88 177
177 437
274 878
878 906
131 650
650 906
76 419
419 548
719 575
575 596
341 119
119 212
845 685
685 717
76 334
334 383
38 404
404 906
655 863
863 221
627 386
386 329
450 550
550 340
870 285
285 610
719 748
748 844
745 511
511 23
190 4
4 506
129 755
755 275
155 84
84 548
571 538
538 23
7 47
47 364
302 536
536 101
7 301
301 905
607 322
322 818
160 647
647 911
497 874
874 621
745 208
208 818
721 305
305 826
607 186
186 383
491 848
848 789
719 591
591 192
870 387
387 621
850 85
85 548
461 25
25 221
38 741
741 329
655 702
702 610
282 475
475 290
531 463
463 548
850 788
788 548
341 224
224 383
660 674
674 803
139 608
608 621
88 600
600 275
586 729
729 709
850 342
342 364
7 232
232 237
148 679
679 803
497 677
677 354
341 79
79 383
139 661
661 701
586 214
214 340
850 209
209 212
672 584
584 23
139 613
613 221
155 33
33 905
721 776
776 844
384 881
881 383
586 749
749 192
148 686
686 221
631 8
8 713
461 448
448 548
311 578
578 621
643 652
652 709
627 58
58 704
643 141
141 506
160 671
671 610
497 108
108 354
537 609
609 826
607 111
111 713
719 244
244 353
833 641
641 844
145 858
858 212
721 65
65 329
537 317
317 57
139 832
832 717
719 579
579 704
531 598
598 818
145 458
458 606
311 919
919 621
282 615
615 354
274 130
130 818
745 815
815 905
631 473
473 383
384 697
697 212
88 585
585 844
721 797
797 290
129 889
889 548
660 555
555 789
250 109
109 906
302 580
580 905
672 603
603 596
745 895
895 709
586 912
912 354
250 456
456 290
721 271
271 23
88 235
235 818
302 514
514 506
655 425
425 104
833 471
471 354
631 347
347 101
745 189
189 803
833 171
171 353
711 219
219 803
655 352
352 717
311 343
343 844
845 490
490 329
655 477
477 844
627 115
115 275
311 725
725 101
302 708
708 906
145 486
486 911
316 103
103 704
531 566
566 906
607 581
581 713
76 766
766 104
311 415
415 275
660 422
422 275
36 602
602 383
531 888
888 101
77 296
296 911
870 634
634 275
607 640
640 329
721 890
890 283
190 513
513 329
571 733
733 704
341 241
241 353
497 822
822 212
850 382
382 364
638 605
605 23
36 570
570 911
533 71
71 192
38 181
181 701
672 567
567 506
36 69
69 23
250 703
703 340
660 260
260 290
655 95
95 596
461 465
465 704
554 247
247 23
274 518
518 364
845 391
391 383
607 528
528 789
493 783
783 704
643 893
893 610
384 183
183 844
493 813
813 709
302 211
211 275
850 622
622 237
302 168
168 57
491 758
758 713
145 452
452 354
493 231
231 506
721 348
348 283
643 6
6 717
533 114
114 101
384 279
279 548
672 182
182 606
36 902
902 911
139 207
207 275
721 716
716 23
571 216
216 713
76 487
487 364
825 730
730 506
497 1
1 606
655 215
215 275
77 763
763 437
719 501
501 610
825 74
74 610
554 851
851 803
155 648
648 701
643 727
727 826
274 457
457 905
341 396
396 506
497 507
507 905
586 455
455 353
38 204
204 803
148 64
64 826
721 629
629 23
850 312
312 818
719 735
735 354
148 110
110 383
737 654
654 701
643 489
489 713
274 798
798 596
450 706
706 704
316 176
176 713
493 831
831 364
655 332
332 104
311 909
909 701
638 611
611 713
571 300
300 906
88 770
770 506
745 612
612 437
311 22
22 713
643 765
765 283
76 158
158 906
160 157
157 789
302 152
152 717
631 560
560 548
493 760
760 340
870 357
357 192
384 363
363 911
638 31
31 275
531 239
239 353
643 184
184 101
145 453
453 290
586 120
120 353
7 620
620 212
491 159
159 724
643 431
431 221
145 468
468 621
607 161
161 290
311 628
628 437
655 56
56 906
825 321
321 437
148 258
258 354
160 277
277 221
660 529
529 701
607 405
405 621
36 768
768 548
655 451
451 283
148 635
635 329
745 712
712 192
491 563
563 717
719 381
381 713
316 519
519 506
461 794
794 610
607 51
51 354
643 443
443 340
129 527
527 340
711 34
34 844
845 287
287 329
274 230
230 354
274 675
675 911
148 522
522 803
384 820
820 606
643 102
102 57
711 604
604 596
833 904
904 364
586 698
698 701
586 559
559 353
36 667
667 826
627 915
915 383
721 188
188 101
627 544
544 340
145 411
411 221
643 41
41 101
282 459
459 789
825 917
917 57
631 854
854 101
711 5
5 606
745 394
394 506
850 59
59 283
531 179
179 905
341 442
442 506
531 572
572 621
148 778
778 23
302 175
175 290
643 761
761 283
586 556
556 826
88 869
869 237
571 400
400 610
737 871
871 818
282 676
676 906
450 146
146 709
719 118
118 364
627 187
187 844
450 630
630 353
148 173
173 548
825 618
618 283
311 270
270 192
77 824
824 704
737 377
377 906
870 388
388 826
493 521
521 844
833 747
747 818
554 695
695 701
638 483
483 283
719 369
369 329
745 20
20 905
737 547
547 212
145 510
510 789
311 48
48 364
493 757
757 713
145 861
861 826
497 222
222 57
586 670
670 506
145 512
512 844
450 267
267 237
660 408
408 192
384 785
785 353
450 492
492 610
845 495
495 826
631 153
153 329
655 234
234 596
845 345
345 818
537 791
791 383
311 151
151 789
274 150
150 354
491 413
413 724
627 62
62 717
627 228
228 221
607 356
356 290
537 474
474 713
88 9
9 844
148 326
326 596
302 140
140 437
155 438
438 905
155 429
429 364
719 707
707 724
250 243
243 844
250 466
466 354
250 399
399 610
160 135
135 844
76 780
780 353
341 196
196 713
497 167
167 704
531 534
534 237
554 403
403 364
341 669
669 610
282 123
123 789
384 756
756 803
870 197
197 844
586 172
172 290
711 897
897 354
461 846
846 506
537 398
398 717
825 14
14 283
302 807
807 621
36 680
680 354
384 793
793 621
672 149
149 329
631 170
170 717
311 202
202 789
643 662
662 221
627 779
779 724
311 462
462 844
88 736
736 212
341 3
3 818
737 37
37 192
129 867
867 101
190 795
795 383
88 92
92 610
491 26
26 104
721 439
439 906
825 226
226 713
38 694
694 237
341 540
540 101
660 853
853 353
88 335
335 221
825 360
360 548
450 767
767 606
537 44
44 905
302 372
372 354
190 808
808 353
745 320
320 713
282 731
731 290
631 10
10 364
825 412
412 724
250 361
361 826
655 842
842 803
537 128
128 506
450 13
13 844
131 723
723 364
533 812
812 713
719 299
299 340
845 293
293 911
155 200
200 329
833 743
743 437
129 828
828 354
721 750
750 704
76 433
433 383
450 280
280 364
88 839
839 437
737 877
877 548
643 54
54 23
76 18
18 610
655 35
35 340
250 98
98 212
7 752
752 437
131 286
286 818
316 601
601 818
190 87
87 101
833 583
583 221
139 644
644 826
384 440
440 104
129 573
573 596
311 494
494 237
148 242
242 621
497 541
541 548
586 374
374 23
76 132
132 844
491 174
174 364
825 194
194 192
845 516
516 101
497 718
718 275
491 656
656 57
148 472
472 353
316 416
416 212
571 240
240 724
282 802
802 364
250 81
81 23
77 180
180 844
721 430
430 826
316 862
862 329
155 666
666 437
160 213
213 383
627 427
427 709
643 691
691 237
850 307
307 506
7 692
692 354
384 787
787 826
737 344
344 717
627 587
587 353
316 542
542 275
461 823
823 221
461 751
751 911
643 371
371 221
870 891
891 329
571 496
496 221
155 17
17 101
135 364
98 283
779 221
804 290
425 329
802 353
6 701
687 212
768 803
270 437
514 548
242 905
225 713
292 354
526 818
405 101
612 709
889 237
581 911
420 104
18 192
895 23
269 57
453 383
807 844
278 275
66 789
691 906
616 606
417 506
278 704
152 621
712 826
224 610
807 717
245 226
771 204
60 748
292 849
131 846
591 581
658 768
355 289
752 621
555 354
645 878
659 6
571 634
417 408
639 890
376 446
546 458
220 764
651 725
895 396
165 864
829 736
626 496
815 862
553 743
350 666
211 644
262 814
874 14
729 433
65 215
520 187
658 792
116 64
205 456
385 794
333 723
352 662
83 697
7 903
250 115
333 305
410 821
561 478
855 704
421 494
737 406
475 823
730 459
160 388
786 685
208 725
314 716
508 529
449 394
368 781
16 797
435 301
246 577
684 197
49 270
94 792
292 751
47 697
837 176
730 751
7 248
500 611
900 527
825 260
102 92
866 602
102 789
738 804
426 224
306 744
251 192
737 578
909 151
772 66
495 891
112 802
118 172
445 140
110 394
195 540
134 14
829 492
318 823
711 484
732 628
668 290
117 768
105 570
785 752
91 226
535 127
575 182
28 242
738 705
840 891
582 175
852 372
219 377
759 725
133 477
714 296
805 230
781 98
285 443
316 67
157 808
191 344
661 141
884 377
626 449
882 909
696 269
2 859
796 137
492 437
737 126
419 652
533 228
813 869
535 371
755 108
586 132
900 138
240 212
94 589
773 383
84 79
114 299
253 398
879 756
519 906
73 798
421 453
874 506
139 371
406 339
801 902
373 524
887 65
853 751
253 95
143 684
696 371
819 706
428 824
203 641
904 212
171 483
1 92
439 180
141 472
163 457
706 676
191 171
471 343
631 861
75 612
249 377
328 105
341 618
728 299
747 516
97 444
259 332
605 31
693 353
767 621
612 701
683 639
631 503
38 381
632 437
883 763
700 878
499 141
155 858
641 701
597 767
908 854
76 642
357 529
571 652
362 209
571 822
532 468
684 352
800 704
929 1866 856
314 55
654 680
821 310
200 589
726 141
752 875
225 271
100 181
642 725
909 914
200 323
323 257
100 168
168 853
821 802
802 498
642 538
538 700
200 508
508 361
752 741
741 614
642 135
135 853
100 652
652 189
752 755
755 537
821 470
470 370
100 182
182 814
100 152
152 497
909 297
297 132
642 773
773 318
726 75
75 707
100 84
84 281
726 659
659 189
752 320
320 430
225 481
481 788
100 199
199 665
909 2
2 332
821 285
285 665
642 776
776 910
200 555
555 881
642 160
160 877
909 360
360 259
726 616
616 259
654 783
783 418
909 765
765 739
654 450
450 356
726 363
363 132
314 706
706 498
821 115
115 211
654 870
870 390
821 30
30 754
314 203
203 272
100 484
484 579
225 435
435 571
752 756
756 869
314 735
735 877
314 921
921 571
752 751
751 34
314 692
692 437
642 519
519 822
726 551
551 211
100 87
87 853
752 301
301 437
909 382
382 824
909 522
522 853
752 411
411 910
821 590
590 571
726 250
250 877
726 133
133 700
752 615
615 910
200 587
587 788
642 856
856 289
752 504
504 738
225 193
193 140
314 520
520 390
314 146
146 853
909 243
243 142
200 224
224 768
821 90
90 567
752 148
148 579
100 674
674 272
909 166
166 430
726 568
568 361
200 254
254 747
225 722
722 890
200 407
407 917
642 410
410 418
821 449
449 707
314 25
25 877
654 179
179 413
642 454
454 195
200 762
762 45
642 849
849 729
909 39
39 241
726 288
288 571
909 436
436 700
726 49
49 853
821 597
597 390
200 95
95 195
642 622
622 707
909 897
897 289
100 303
303 881
225 915
915 140
752 46
46 498
752 685
685 430
726 308
308 272
314 719
719 132
225 446
446 272
654 426
426 814
726 196
196 853
314 20
20 623
726 236
236 707
752 7
7 814
909 362
362 413
200 908
908 537
100 488
488 747
100 425
425 142
100 482
482 78
200 812
812 458
100 720
720 272
314 559
559 579
654 316
316 567
100 880
880 800
821 591
591 241
726 927
927 498
225 510
510 78
642 903
903 729
726 261
261 241
654 359
359 579
225 443
443 739
314 120
120 877
100 599
599 189
314 532
532 370
654 338
338 537
314 124
124 413
225 6
6 257
654 143
143 189
642 427
427 418
909 106
106 700
752 415
415 413
909 527
527 34
225 489
489 332
642 679
679 556
821 581
581 259
642 354
354 318
100 724
724 707
752 153
153 579
752 646
646 10
642 723
723 458
100 339
339 788
726 235
235 413
642 831
831 537
314 41
41 437
100 38
38 739
752 17
17 580
200 698
698 890
654 855
855 361
752 455
455 390
654 826
826 873
654 21
21 78
821 215
215 729
752 487
487 556
200 852
852 289
752 689
689 458
726 760
760 571
225 60
60 471
314 675
675 800
909 757
757 580
200 335
335 665
642 295
295 259
909 561
561 413
200 782
782 498
654 85
85 497
654 186
186 142
100 854
854 281
225 593
593 814
821 452
452 498
654 456
456 430
200 861
861 754
314 376
376 259
726 847
847 361
654 790
790 142
752 658
658 498
752 154
154 430
642 174
174 579
654 895
895 195
200 232
232 497
821 68
68 814
100 867
867 361
200 718
718 257
726 901
901 556
909 759
759 430
200 19
19 754
200 279
279 707
909 16
16 458
225 617
617 623
100 155
155 579
100 233
233 814
654 767
767 729
821 345
345 700
654 784
784 257
314 554
554 739
654 649
649 788
225 596
596 910
752 18
18 623
726 445
445 281
909 524
524 471
726 227
227 571
200 86
86 390
642 643
643 418
909 255
255 910
314 395
395 142
642 804
804 74
726 64
64 768
726 465
465 768
100 529
529 824
821 611
611 211
654 708
708 370
821 325
325 747
654 291
291 739
909 795
795 567
654 894
894 824
225 846
846 78
909 799
799 537
100 926
926 332
654 70
70 853
225 134
134 498
642 476
476 877
752 716
716 281
642 709
709 571
654 514
514 814
821 515
515 257
821 267
267 571
909 703
703 556
726 647
647 257
726 130
130 824
225 149
149 890
654 319
319 257
225 460
460 563
726 696
696 873
100 512
512 10
225 207
207 739
821 874
874 132
752 657
657 614
654 379
379 754
654 711
711 800
314 626
626 800
752 898
898 318
821 348
348 537
821 248
248 211
225 651
651 45
225 27
27 768
654 528
528 140
821 810
810 869
100 461
461 824
225 55
55 332
821 560
560 890
200 188
188 259
752 125
125 332
821 29
29 814
225 477
477 259
314 420
420 437
642 702
702 497
100 408
408 754
100 453
453 563
654 731
731 917
752 448
448 259
654 121
121 556
200 862
862 318
821 736
736 537
726 501
501 140
752 811
811 739
314 213
213 890
200 868
868 142
314 575
575 390
821 541
541 418
225 850
850 189
314 780
780 580
821 346
346 413
314 801
801 497
752 234
234 390
100 440
440 289
821 439
439 910
726 457
457 498
100 280
280 471
726 206
206 413
225 310
310 189
225 676
676 853
909 523
523 356
752 313
313 332
821 661
661 413
642 885
885 74
654 518
518 356
225 843
843 545
821 627
627 498
314 416
416 289
225 290
290 556
654 837
837 623
752 350
350 567
726 136
136 289
314 97
97 788
100 669
669 580
100 836
836 747
821 570
570 768
100 750
750 623
200 610
610 430
225 490
490 498
654 539
539 873
726 184
184 556
100 312
312 890
821 237
237 580
225 220
220 800
909 656
656 738
752 406
406 34
100 526
526 800
654 262
262 800
752 789
789 458
225 114
114 189
654 326
326 800
909 875
875 34
225 860
860 10
821 517
517 74
909 110
110 739
100 294
294 700
821 562
562 873
200 730
730 259
200 36
36 580
654 162
162 211
654 483
483 132
752 644
644 418
654 513
513 707
225 403
403 739
821 797
797 437
654 564
564 356
752 785
785 142
642 378
378 537
752 920
920 814
821 892
892 800
642 238
238 881
100 668
668 281
225 777
777 800
726 732
732 917
225 187
187 195
654 761
761 458
821 145
145 498
752 231
231 579
200 557
557 545
821 682
682 754
225 79
79 580
200 879
879 458
654 653
653 824
200 793
793 289
909 412
412 814
642 734
734 881
654 91
91 824
642 536
536 259
654 118
118 623
225 748
748 910
642 256
256 800
314 205
205 471
100 758
758 738
100 486
486 318
314 705
705 873
821 245
245 390
752 672
672 497
314 904
904 788
642 67
67 418
821 638
638 881
654 229
229 10
752 492
492 814
752 62
62 853
100 117
117 241
314 387
387 580
654 688
688 873
642 547
547 869
909 753
753 74
225 230
230 768
200 472
472 747
726 247
247 437
200 684
684 707
909 608
608 211
726 31
31 132
726 35
35 257
642 919
919 537
642 505
505 497
726 834
834 332
821 686
686 824
654 660
660 195
100 352
352 257
821 552
552 413
909 93
93 257
909 402
402 390
642 274
274 739
642 28
28 259
100 459
459 707
654 53
53 877
726 105
105 437
200 791
791 910
752 183
183 768
181 390
726 473
473 788
225 525
525 579
726 844
844 370
821 796
796 34
909 823
823 332
821 358
358 74
654 533
533 390
314 377
377 579
100 353
353 877
200 367
367 877
654 373
373 361
752 631
631 189
225 775
775 754
909 662
662 917
654 210
210 738
821 640
640 614
654 905
905 498
314 876
876 78
821 43
43 142
726 923
923 890
100 493
493 211
642 764
764 614
726 602
602 272
909 480
480 281
225 857
857 707
100 636
636 571
642 496
496 10
821 163
163 361
909 391
391 332
642 355
355 498
752 803
803 707
909 251
251 556
314 630
630 917
225 589
589 211
642 384
384 580
100 268
268 332
726 15
15 471
314 401
401 361
752 925
925 332
726 809
809 537
200 202
202 563
100 827
827 881
314 835
835 189
909 714
714 707
100 621
621 890
200 813
813 497
314 283
283 430
654 609
609 545
909 899
899 853
200 221
221 390
752 37
37 281
225 315
315 356
642 317
317 881
200 713
713 739
909 586
586 768
225 12
12 788
654 172
172 917
225 710
710 917
726 542
542 332
314 479
479 390
752 122
122 189
314 3
3 498
752 727
727 571
752 226
226 430
821 324
324 189
225 717
717 738
654 405
405 142
642 109
109 289
314 740
740 917
909 521
521 272
909 24
24 437
752 841
841 498
642 819
819 822
100 141
141 289
642 66
66 272
200 83
83 195
225 404
404 257
314 328
328 614
642 409
409 189
654 424
424 289
752 228
228 211
726 584
584 132
726 61
61 738
726 578
578 579
726 343
343 754
100 177
177 370
726 763
763 580
654 792
792 869
642 606
606 738
314 639
639 910
200 451
451 497
726 422
422 567
225 173
173 241
225 601
601 890
100 52
52 132
654 223
223 437
909 57
57 140
752 252
252 356
642 22
22 318
100 794
794 281
654 421
421 824
200 503
503 814
225 127
127 814
314 598
598 563
909 864
864 571
642 96
96 567
726 573
573 142
752 530
530 614
100 185
185 189
100 494
494 390
100 771
771 556
314 158
158 754
314 583
583 211
654 341
341 571
314 828
828 824
314 772
772 289
225 287
287 45
100 635
635 739
225 507
507 747
821 116
116 545
200 469
469 563
654 397
397 545
909 432
432 281
100 502
502 739
909 807
807 910
225 569
569 356
752 123
123 800
821 428
428 272
752 51
51 869
100 858
858 580
200 82
82 195
726 774
774 211
654 260
260 580
909 779
779 45
821 670
670 800
914 74
200 111
111 497
726 778
778 189
909 781
781 545
100 399
399 579
726 540
540 458
752 113
113 34
314 728
728 738
100 506
506 910
726 655
655 497
642 92
92 281
314 129
129 471
100 633
633 700
821 333
333 768
271 281
100 304
304 189
225 392
392 768
654 438
438 729
909 516
516 614
642 468
468 917
225 681
681 556
314 112
112 853
225 296
296 413
654 546
546 471
726 8
8 332
100 372
372 814
225 637
637 74
100 81
81 390
909 531
531 74
100 475
475 556
752 859
859 10
654 365
365 822
752 269
269 332
100 371
371 747
821 417
417 700
100 829
829 332
200 632
632 10
752 336
336 738
654 33
33 257
821 588
588 332
752 321
321 545
642 144
144 498
314 912
912 700
314 929
929 580
821 344
344 437
100 848
848 437
225 574
574 370
821 137
137 356
100 119
119 281
821 164
164 356
654 298
298 563
654 385
385 272
642 32
32 754
821 918
918 45
642 664
664 754
225 733
733 259
642 699
699 747
642 884
884 332
821 746
746 579
726 393
393 545
726 499
499 537
100 677
677 853
314 273
273 869
654 108
108 729
225 334
334 768
821 306
306 361
642 634
634 869
642 278
278 272
654 893
893 890
642 766
766 498
642 913
913 259
200 165
165 738
642 687
687 545
225 511
511 211
100 357
357 142
909 620
620 917
200 244
244 869
821 594
594 707
642 628
628 700
726 59
59 623
642 375
375 74
909 607
607 195
642 69
69 869
225 275
275 289
314 467
467 853
225 889
889 729
100 500
500 556
909 102
102 318
821 380
380 413
726 239
239 665
821 462
462 10
200 286
286 614
100 922
922 571
314 704
704 418
200 266
266 257
314 534
534 881
100 26
26 259
654 299
299 788
100 743
743 289
314 838
838 318
642 394
394 34
225 147
147 917
100 191
191 356
100 5
5 700
314 798
798 74
225 787
787 614
752 509
509 241
314 832
832 800
726 180
180 853
314 805
805 189
726 433
433 497
100 340
340 332
726 928
928 471
200 23
23 132
909 175
175 890
726 851
851 211
654 872
872 140
654 246
246 556
100 240
240 800
909 650
650 361
100 558
558 800
654 364
364 739
200 214
214 437
654 543
543 571
654 585
585 289
726 887
887 78
821 44
44 537
821 916
916 580
726 300
300 211
821 474
474 729
100 337
337 370
654 329
329 567
200 485
485 370
726 441
441 471
314 818
818 768
654 89
89 272
100 911
911 132
200 680
680 211
909 302
302 707
642 888
888 869
200 691
691 567
654 845
845 257
909 311
311 800
726 769
769 10
909 595
595 754
726 292
292 471
654 535
535 361
314 242
242 665
752 712
712 881
642 697
697 281
752 277
277 739
642 605
605 211
821 347
347 241
752 204
204 142
225 156
156 257
225 883
883 132
642 396
396 754
200 701
701 580
100 309
309 471
909 101
101 45
200 349
349 281
200 94
94 623
821 249
249 332
654 896
896 571
821 624
624 881
654 694
694 241
100 190
190 768
654 744
744 437
909 592
592 471
200 866
866 257
654 40
40 74
314 745
745 497
909 369
369 747
314 128
128 142
314 389
389 665
726 383
383 579
726 126
126 257
726 197
197 189
642 265
265 556
642 863
863 800
821 56
56 788
200 444
444 437
821 98
98 824
314 550
550 910
200 619
619 665
726 276
276 571
752 170
170 614
314 666
666 754
821 72
72 318
752 907
907 824
314 71
71 418
642 678
678 747
909 330
330 471
642 806
806 281
100 150
150 729
821 169
169 739
225 572
572 471
726 673
673 189
752 549
549 623
100 582
582 579
654 495
495 738
752 833
833 390
100 566
566 458
225 576
576 537
225 625
625 917
314 366
366 853
642 65
65 739
821 667
667 877
726 825
825 74
100 131
131 497
752 878
878 195
642 159
159 332
314 429
429 437
752 715
715 430
314 388
388 614
726 749
749 563
909 47
47 471
821 282
282 272
726 840
840 318
726 398
398 545
225 604
604 614
909 641
641 754
642 544
544 74
100 293
293 910
225 671
671 614
909 648
648 814
752 924
924 822
200 464
464 556
314 201
201 824
752 171
171 853
200 491
491 272
100 50
50 437
654 871
871 78
654 548
548 142
642 414
414 580
314 830
830 890
726 374
374 132
100 466
466 390
100 138
138 537
100 613
613 545
821 103
103 437
314 815
815 318
642 423
423 873
642 865
865 142
909 816
816 853
314 307
307 361
314 258
258 700
726 77
77 853
314 342
342 869
225 4
4 869
200 217
217 738
752 368
368 869
314 42
42 738
654 253
253 259
314 222
222 78
225 167
167 45
200 737
737 289
726 820
820 881
642 683
683 458
642 600
600 537
654 603
603 78
642 263
263 822
752 73
73 853
100 693
693 881
726 212
212 768
821 463
463 788
314 139
139 910
642 886
886 614
752 577
577 747
100 176
176 623
314 54
54 78
821 13
13 869
654 381
381 289
642 322
322 281
821 442
442 259
314 786
786 890
200 63
63 768
642 900
900 800
726 725
725 497
200 629
629 458
225 839
839 623
726 99
99 281
642 400
400 370
314 695
695 788
100 808
808 623
821 386
386 571
909 157
157 910
100 721
721 34
314 478
478 738
821 612
612 910
821 107
107 132
909 151
151 281
654 690
690 45
821 161
161 497
726 14
14 824
654 906
906 707
654 216
216 873
726 270
270 289
909 48
48 563
752 351
351 498
821 434
434 259
314 447
447 556
726 902
902 10
314 431
431 788
752 842
842 910
642 264
264 458
642 194
194 729
225 208
208 45
642 198
198 873
654 192
192 814
642 284
284 707
225 88
88 665
726 76
76 471
225 209
209 390
909 104
104 140
100 419
419 132
200 80
80 537
314 219
219 430
642 58
58 556
909 11
11 257
654 178
178 361
100 663
663 614
821 305
305 259
654 882
882 413
225 817
817 142
200 9
9 579
200 1
1 471
225 891
891 814
909 218
218 623
654 645
645 257
200 327
327 189
752 553
553 700
654 565
565 471
200 770
770 853
821 742
742 814
654 618
618 318
225 331
331 814
19 281
226 10
412 257
118 259
551 413
147 289
552 34
300 140
94 738
734 571
521 747
414 869
756 814
395 729
663 418
484 890
504 739
295 78
530 580
635 497
688 754
906 579
595 272
792 545
67 211
255 873
333 318
793 665
166 853
825 361
88 877
161 45
452 370
223 556
574 822
298 567
453 74
440 241
698 132
612 430
456 332
196 788
820 910
860 623
389 437
444 881
242 458
253 700
98 471
489 390
900 768
233 614
417 537
20 195
898 824
759 356
262 917
32 707
166 800
883 189
584 498
490 142
243 550
611 242
267 245
16 624
903 627
592 138
30 37
929 595
466 88
182 619
25 886
290 884
256 10
618 707
407 414
903 684
530 275
801 156
615 869
310 548
79 474
174 65
561 390
319 43
808 729
129 63
350 582
926 792
527 536
559 358
793 584
125 424
421 623
562 645
152 233
203 591
518 35
504 149
411 742
608 11
95 142
352 401
137 629
406 89
415 890
477 393
756 350
89 293
849 158
685 128
706 405
696 222
169 563
443 47
533 344
702 715
251 873
269 729
106 10
261 472
659 275
836 401
262 393
520 18
184 119
602 815
774 399
813 563
596 768
90 604
248 327
505 639
435 263
719 443
454 630
861 545
557 34
344 558
640 815
791 471
876 98
55 211
369 167
748 28
199 235
905 1908 832
900 538
576 2
630 765
600 519
695 573
160 360
27 755
582 413
730 765
176 483
600 29
29 809
900 381
381 418
630 78
78 852
27 434
434 418
582 450
450 689
160 231
231 141
27 610
610 287
27 475
475 864
600 119
119 866
160 95
95 520
900 292
292 287
176 100
100 57
630 615
615 591
176 706
706 866
27 631
631 286
176 1
1 562
630 682
682 520
730 511
511 666
695 2
2 864
582 386
386 447
630 693
693 520
900 837
837 141
582 397
397 849
600 858
858 335
730 481
481 127
27 898
898 303
900 50
50 689
176 278
278 123
600 724
724 157
160 402
402 77
27 33
33 666
630 466
466 472
160 334
334 690
900 672
672 622
576 48
48 857
27 356
356 608
27 669
669 518
900 436
436 375
160 577
577 463
900 139
139 562
576 893
893 303
576 85
85 852
630 64
64 562
582 125
125 562
582 704
704 77
695 132
132 489
900 778
778 541
900 617
617 158
160 627
627 545
576 523
523 454
160 301
301 852
176 437
437 363
630 445
445 157
900 137
137 418
695 406
406 306
27 786
786 306
600 696
696 689
27 272
272 239
695 266
266 306
160 180
180 849
160 538
538 608
695 314
314 158
695 255
255 518
600 700
700 866
695 808
808 809
695 645
645 306
600 749
749 689
176 148
148 527
630 323
323 123
900 126
126 239
600 87
87 57
582 181
181 289
630 670
670 568
27 899
899 303
630 400
400 286
27 844
844 864
176 156
156 335
630 256
256 518
630 382
382 798
900 277
277 346
600 348
348 866
600 766
766 545
27 112
112 607
582 788
788 463
176 268
268 622
600 51
51 690
730 833
833 463
630 34
34 642
160 35
35 57
160 841
841 363
576 500
500 289
160 830
830 639
27 790
790 622
160 578
578 127
576 547
547 57
176 522
522 541
730 313
313 518
27 428
428 239
695 421
421 798
600 52
52 809
160 773
773 732
576 817
817 608
630 474
474 230
900 873
873 864
582 705
705 158
160 298
298 239
176 649
649 369
730 62
62 867
582 167
167 520
160 501
501 732
176 83
83 527
600 440
440 57
160 407
407 520
176 783
783 562
27 684
684 347
582 251
251 864
630 492
492 866
695 145
145 622
160 621
621 562
160 291
291 689
27 213
213 518
900 317
317 473
600 129
129 568
576 362
362 335
582 619
619 375
730 212
212 286
695 499
499 230
27 629
629 265
576 498
498 562
600 420
420 725
695 14
14 489
730 261
261 365
695 236
236 541
730 416
416 289
160 20
20 568
600 104
104 141
900 74
74 157
176 726
726 211
900 555
555 363
600 431
431 857
576 232
232 591
730 892
892 568
582 405
405 267
730 656
656 527
576 316
316 809
27 19
19 857
900 159
159 866
600 45
45 622
176 131
131 864
630 770
770 568
176 415
415 375
576 214
214 732
582 106
106 57
576 320
320 447
160 512
512 732
27 186
186 608
695 210
210 852
695 404
404 230
630 130
130 591
160 719
719 489
576 121
121 857
630 662
662 303
695 519
519 265
160 824
824 732
27 170
170 866
600 869
869 375
730 515
515 365
695 283
283 77
600 351
351 289
695 390
390 123
630 312
312 527
730 570
570 287
900 836
836 123
730 302
302 57
730 795
795 472
160 762
762 690
900 252
252 541
176 310
310 608
582 889
889 454
582 462
462 77
730 559
559 673
576 508
508 127
160 101
101 725
695 718
718 365
630 88
88 141
695 620
620 123
582 742
742 489
576 728
728 454
582 634
634 518
630 398
398 363
576 330
330 608
600 648
648 864
730 465
465 306
160 17
17 527
900 832
832 335
900 340
340 346
600 871
871 472
27 219
219 447
576 93
93 287
576 257
257 463
176 691
691 289
630 150
150 187
160 514
514 447
576 882
882 463
582 59
59 798
160 595
595 265
630 680
680 306
27 220
220 489
695 807
807 287
576 169
169 607
600 245
245 287
160 81
81 418
730 324
324 562
27 581
581 642
576 738
738 857
582 221
221 346
600 839
839 77
176 787
787 667
900 895
895 545
630 699
699 346
176 118
118 473
582 371
371 454
730 228
228 230
695 633
633 127
900 579
579 157
576 275
275 857
582 751
751 463
630 796
796 622
730 561
561 363
600 108
108 369
176 30
30 520
27 754
754 239
900 479
479 489
27 147
147 157
630 290
290 789
576 660
660 303
582 366
366 639
600 550
550 591
576 58
58 689
695 47
47 187
27 325
325 287
160 717
717 363
160 344
344 789
695 875
875 472
630 13
13 789
176 168
168 568
27 884
884 866
582 626
626 607
600 179
179 239
160 575
575 77
27 174
174 123
730 43
43 864
160 238
238 77
695 590
590 77
160 66
66 418
600 423
423 346
600 171
171 267
730 868
868 287
27 233
233 689
582 584
584 369
160 300
300 732
160 345
345 77
695 297
297 732
630 509
509 12
160 41
41 732
160 5
5 520
582 752
752 608
576 539
539 666
900 603
603 689
160 215
215 545
730 321
321 123
27 737
737 690
900 218
218 866
160 563
563 447
160 177
177 447
900 451
451 864
730 394
394 267
730 135
135 265
695 822
822 347
630 142
142 607
582 452
452 369
160 851
851 127
630 722
722 732
160 432
432 369
582 262
262 267
695 556
556 447
176 122
122 673
576 729
729 667
176 758
758 286
900 246
246 473
176 271
271 568
730 697
697 123
600 659
659 346
630 865
865 286
695 250
250 608
160 154
154 267
576 217
217 31
582 337
337 57
600 616
616 864
695 779
779 123
176 599
599 607
27 92
92 375
160 427
427 541
582 840
840 472
576 409
409 31
900 814
814 642
900 115
115 568
730 86
86 303
695 134
134 849
27 785
785 689
600 702
702 732
630 446
446 866
160 801
801 463
630 764
764 591
27 535
535 852
600 166
166 230
695 144
144 365
27 685
685 347
900 528
528 187
176 644
644 211
630 28
28 463
160 760
760 363
695 643
643 158
900 903
903 57
160 551
551 608
695 756
756 864
695 459
459 265
582 184
184 541
630 880
880 545
630 282
282 520
576 70
70 849
176 855
855 545
695 225
225 158
600 124
124 347
730 384
384 732
900 471
471 622
695 190
190 520
600 458
458 375
600 815
815 347
695 149
149 518
160 585
585 568
160 206
206 335
630 305
305 347
730 663
663 473
730 425
425 57
176 385
385 798
730 549
549 289
630 327
327 365
27 102
102 591
730 105
105 335
582 336
336 289
27 162
162 667
900 368
368 418
582 103
103 607
630 273
273 568
160 708
708 642
576 586
586 520
176 647
647 789
160 598
598 447
630 521
521 123
176 632
632 518
576 328
328 289
900 389
389 463
576 453
453 230
900 360
360 622
730 661
661 347
576 835
835 286
730 393
393 141
900 820
820 639
730 116
116 857
900 657
657 363
900 842
842 347
730 94
94 463
160 288
288 158
630 534
534 472
27 618
618 867
695 772
772 303
730 636
636 673
695 377
377 473
160 681
681 607
160 517
517 666
900 658
658 187
630 862
862 857
160 872
872 265
582 98
98 287
900 429
429 454
695 502
502 369
576 896
896 541
160 652
652 306
27 200
200 568
600 39
39 591
900 4
4 127
160 194
194 639
27 410
410 852
582 258
258 454
695 733
733 857
27 654
654 211
600 444
444 867
730 307
307 642
582 234
234 809
576 677
677 375
600 879
879 365
600 846
846 472
695 529
529 527
730 573
573 541
160 226
226 608
630 120
120 798
600 117
117 31
900 203
203 849
582 191
191 857
695 361
361 472
730 678
678 732
730 853
853 852
695 542
542 642
582 329
329 591
582 414
414 346
695 24
24 852
630 198
198 591
600 138
138 866
695 676
676 857
576 107
107 849
630 496
496 666
160 208
208 363
730 540
540 562
695 72
72 286
600 799
799 230
695 441
441 725
576 242
242 127
630 744
744 852
900 146
146 447
160 589
589 666
582 263
263 690
176 524
524 157
730 671
671 346
695 73
73 303
730 641
641 375
176 426
426 608
160 244
244 809
730 65
65 418
900 650
650 306
160 683
683 303
730 711
711 732
730 637
637 725
576 784
784 447
176 638
638 287
600 71
71 622
695 823
823 369
27 359
359 267
900 628
628 527
160 387
387 286
27 775
775 849
160 18
18 642
695 476
476 303
27 698
698 725
27 526
526 849
630 75
75 141
600 834
834 141
582 533
533 267
730 338
338 591
176 364
364 607
176 470
470 363
730 487
487 267
900 482
482 447
27 646
646 447
630 249
249 287
730 572
572 77
730 611
611 518
630 114
114 866
582 55
55 12
600 609
609 127
630 296
296 187
27 461
461 265
160 76
76 568
630 735
735 809
730 96
96 363
176 241
241 335
600 370
370 489
176 665
665 287
160 715
715 211
27 723
723 346
900 771
771 568
576 322
322 365
576 401
401 230
582 843
843 667
176 248
248 230
630 859
859 141
730 222
222 127
695 315
315 673
160 493
493 303
160 224
224 454
576 537
537 77
582 60
60 303
160 49
49 642
176 110
110 591
176 525
525 607
27 593
593 365
160 396
396 545
582 164
164 541
730 716
716 369
576 355
355 562
576 357
357 418
576 806
806 57
600 510
510 489
600 560
560 303
160 326
326 591
27 464
464 265
27 281
281 287
582 468
468 286
27 68
68 239
160 21
21 639
582 438
438 852
900 270
270 12
900 769
769 666
900 207
207 230
176 612
612 857
176 304
304 157
630 876
876 57
27 854
854 267
730 544
544 639
576 486
486 562
730 596
596 562
582 26
26 607
900 279
279 732
600 319
319 127
160 318
318 608
730 449
449 541
176 372
372 866
730 565
565 591
730 604
604 673
730 886
886 141
176 878
878 369
27 8
8 289
730 495
495 520
160 11
11 141
576 140
140 562
582 736
736 463
600 408
408 335
160 583
583 447
900 883
883 473
600 383
383 639
576 237
237 306
900 516
516 289
730 391
391 123
160 687
687 447
630 782
782 463
695 299
299 642
600 439
439 239
600 379
379 363
160 856
856 866
900 165
165 335
160 223
223 12
600 435
435 849
695 827
827 622
576 253
253 230
600 339
339 622
176 373
373 365
176 456
456 725
600 111
111 369
576 557
557 639
160 850
850 857
582 229
229 541
730 185
185 667
630 56
56 725
582 163
163 347
695 759
759 31
900 392
392 866
176 209
209 157
27 491
491 463
27 269
269 230
27 712
712 369
160 80
80 591
160 847
847 489
160 216
216 418
730 175
175 463
600 694
694 607
27 679
679 520
630 566
566 418
730 877
877 473
900 592
592 866
695 780
780 489
730 748
748 667
176 380
380 12
695 201
201 608
695 532
532 798
27 352
352 473
630 113
113 375
630 367
367 591
900 227
227 287
176 155
155 798
582 829
829 527
695 61
61 642
900 860
860 642
582 79
79 527
576 235
235 157
630 488
488 732
695 863
863 303
582 594
594 267
27 274
274 472
576 743
743 545
576 430
430 12
730 587
587 286
695 342
342 286
160 196
196 690
630 714
714 864
900 688
688 31
600 260
260 852
27 143
143 667
576 182
182 347
900 740
740 57
900 774
774 673
576 3
3 265
600 513
513 666
900 455
455 607
630 861
861 31
630 558
558 472
176 202
202 365
600 890
890 667
900 341
341 849
900 701
701 608
900 448
448 642
27 894
894 867
160 812
812 473
730 805
805 527
582 16
16 369
600 614
614 306
176 15
15 127
576 178
178 866
600 353
353 541
600 721
721 689
27 483
483 158
600 37
37 867
27 668
668 541
27 897
897 335
900 747
747 520
176 553
553 472
730 825
825 857
176 285
285 346
730 543
543 230
176 605
605 864
176 23
23 369
176 332
332 306
900 293
293 267
900 564
564 463
582 89
89 545
600 905
905 230
600 333
333 230
730 374
374 667
176 720
720 375
576 781
781 642
160 505
505 520
630 763
763 418
27 686
686 418
160 536
536 447
600 422
422 866
582 388
388 365
695 793
793 639
27 195
195 673
176 750
750 77
582 349
349 489
630 819
819 864
576 531
531 239
600 567
567 690
27 469
469 267
630 767
767 732
900 845
845 852
630 494
494 562
600 887
887 418
900 7
7 866
176 42
42 673
630 901
901 472
160 554
554 667
160 6
6 211
600 413
413 77
600 490
490 123
600 821
821 852
582 703
703 289
630 800
800 541
576 284
284 57
695 484
484 642
695 753
753 673
582 53
53 346
900 709
709 287
582 692
692 265
576 777
777 568
630 776
776 673
900 813
813 141
600 675
675 725
600 885
885 545
630 530
530 127
900 161
161 725
176 457
457 463
160 888
888 303
176 358
358 211
695 97
97 852
576 761
761 127
582 635
635 689
176 183
183 518
695 601
601 303
160 478
478 265
695 902
902 127
630 755
755 666
600 664
664 347
582 424
424 187
630 745
745 12
160 757
757 57
630 276
276 369
730 295
295 622
160 254
254 789
27 199
199 230
630 713
713 520
730 503
503 157
900 816
816 798
176 90
90 365
582 25
25 447
27 32
32 239
630 280
280 347
576 552
552 866
630 810
810 335
176 707
707 667
600 797
797 463
630 259
259 732
630 69
69 158
27 294
294 363
160 485
485 607
730 354
354 123
582 205
205 639
900 152
152 857
582 308
308 689
630 891
891 732
582 826
826 365
27 792
792 725
730 343
343 667
730 831
831 545
160 38
38 473
730 506
506 289
695 460
460 527
600 613
613 673
576 818
818 857
582 739
739 187
900 412
412 520
630 710
710 732
176 443
443 141
27 188
188 607
730 84
84 568
630 602
602 789
630 9
9 562
582 63
63 158
176 433
433 267
582 804
804 849
695 734
734 141
730 870
870 286
695 403
403 527
600 173
173 673
900 765
765 568
27 44
44 303
695 580
580 77
160 82
82 798
730 109
109 472
160 10
10 489
176 133
133 289
695 22
22 31
576 247
247 866
630 395
395 57
27 331
331 375
900 467
467 158
730 91
91 849
600 136
136 857
900 419
419 287
600 640
640 527
176 477
477 732
730 350
350 289
582 442
442 666
582 651
651 77
27 309
309 591
900 54
54 622
600 172
172 187
582 746
746 346
27 624
624 591
176 655
655 211
576 803
803 127
600 625
625 789
695 151
151 375
582 574
574 239
27 794
794 12
600 399
399 527
27 674
674 608
576 67
67 689
730 791
791 568
730 480
480 265
730 197
197 230
160 240
240 57
576 153
153 667
160 548
548 545
582 848
848 666
576 99
99 622
730 653
653 541
630 376
376 518
27 768
768 303
630 838
838 31
176 192
192 667
630 606
606 639
630 497
497 867
176 828
828 265
695 571
571 463
630 36
36 666
695 40
40 157
630 874
874 798
630 597
597 265
582 264
264 866
160 193
193 472
576 243
243 463
27 189
189 541
630 411
411 472
582 504
504 187
695 731
731 864
695 378
378 568
630 311
311 77
730 204
204 541
582 546
546 864
695 623
623 347
600 881
881 363
176 904
904 211
27 727
727 527
600 802
802 187
576 46
46 127
600 741
741 211
176 569
569 347
576 811
811 418
582 507
507 454
730 417
417 347
600 588
588 239
176 128
128 562
315 12
479 541
354 187
43 363
140 472
700 809
679 673
496 857
63 690
362 639
340 849
291 489
209 418
364 463
767 347
491 608
878 454
529 239
331 607
350 375
734 158
278 864
778 303
590 789
100 335
400 798
861 725
417 287
676 867
264 545
11 369
711 346
663 265
735 123
146 267
482 230
182 562
420 591
405 667
85 473
235 127
736 77
179 518
572 622
198 666
802 211
193 689
47 520
820 31
709 286
386 365
195 866
604 57
294 157
737 568
164 289
749 141
592 642
28 732
118 527
164 447
20 306
519 852
663 274
790 539
462 164
235 12
415 742
223 759
778 227
34 879
547 321
406 515
542 709
522 151
705 164
14 753
273 769
556 876
836 47
669 892
373 9
139 867
398 663
341 819
697 311
506 562
434 95
679 6
18 239
140 193
251 98
2 521
115 529
525 240
113 731
316 373
139 674
190 890
437 720
556 42
876 259
808 717
499 859
101 115
671 638
843 369
397 185
30 756
154 335
327 247
791 123
516 847
500 710
252 98
307 568
111 6
146 566
142 639
661 73
50 43
708 802
450 87
850 623
102 187
760 107
476 825
441 775
384 79
105 44
786 757
695 49
762 41
695 522
360 249
371 449
480 204
854 845
636 628
680 842
397 118
808 39
406 813
1 138
298 594
742 262
162 338
643 374
465 806
576 733
93 861
147 720
723 765
68 574
685 28
598 491
840 698
406 442
299 488
238 876
886 518
890 187
14 210
64 526
432 22
794 802
208 537
180 874
445 244
680 575
764 435
425 532
277 546
256 453
298 597
214 120
318 216
196 653
50 463
221 588
799 57
712 306
652 677
459 883
537 829
618 777
475 888
308 811
677 21
381 423
682 593
633 273
349 755
684 342
702 240
444 61
515 857
579 720
403 31
868 55
300 173
321 336
409 37
322 424
386 215
334 813
232 814
772 77
394 548
799 553
549 694
836 454
501 198
213 596
200 153
511 726
292 693
199 187
758 447
203 274
102 857
773 426
20 88
393 613
682 106
508 561
877 91
890 353
620 339
106 584
71 890
788 116
596 239
671 811
905 1829 799
890 808
744 635
345 538
246 806
444 237
367 209
220 176
844 765
504 615
305 616
768 17
688 431
740 483
3 654
127 301
732 39
444 818
818 747
740 16
16 649
688 268
268 439
444 136
136 814
3 195
195 487
246 347
347 799
367 325
325 54
345 514
514 450
220 285
285 478
246 373
373 355
3 481
481 66
127 674
674 109
890 147
147 257
3 344
344 229
844 443
443 135
246 154
154 148
246 404
404 729
444 528
528 76
844 620
620 668
345 332
332 591
246 556
556 340
305 503
503 574
740 540
540 751
732 882
882 263
367 820
820 737
444 129
129 452
345 782
782 393
744 199
199 751
246 871
871 423
744 144
144 747
367 422
422 76
345 32
32 729
305 41
41 729
890 604
604 574
890 829
829 799
688 486
486 802
844 554
554 865
504 255
255 302
246 595
595 400
367 64
64 677
504 369
369 56
345 706
706 885
220 382
382 795
3 464
464 363
305 275
275 54
220 394
394 156
768 702
702 56
127 760
760 536
3 502
502 270
744 557
557 363
744 227
227 270
305 684
684 478
3 151
151 711
345 8
8 123
740 476
476 718
740 519
519 630
367 339
339 591
688 319
319 490
305 755
755 475
367 897
897 191
504 858
858 865
220 91
91 302
688 545
545 148
744 531
531 718
740 870
870 591
504 428
428 649
744 9
9 795
744 341
341 885
504 126
126 389
345 655
655 215
305 162
162 77
890 517
517 802
740 713
713 193
744 526
526 266
732 769
769 111
688 221
221 76
740 398
398 135
890 613
613 389
732 262
262 197
744 816
816 229
890 788
788 197
367 52
52 737
688 801
801 400
688 508
508 452
744 462
462 109
345 756
756 728
504 333
333 682
768 338
338 734
305 289
289 215
740 282
282 270
246 594
594 677
740 500
500 266
688 741
741 682
444 408
408 814
844 133
133 480
305 226
226 393
305 775
775 711
3 663
663 120
504 413
413 745
504 22
22 480
744 37
37 574
220 634
634 197
345 749
749 852
504 592
592 729
127 209
209 666
844 59
59 109
305 845
845 543
740 346
346 555
3 638
638 138
504 87
87 340
768 202
202 360
345 361
361 229
740 625
625 726
744 304
304 111
890 79
79 109
3 599
599 77
890 841
841 729
744 831
831 682
246 387
387 802
768 803
803 54
744 112
112 89
740 506
506 111
890 736
736 340
3 118
118 77
844 176
176 802
367 212
212 682
305 170
170 751
740 692
692 439
3 399
399 156
220 383
383 236
744 84
84 682
732 849
849 340
732 244
244 120
367 837
837 363
740 362
362 89
890 342
342 729
444 675
675 111
740 880
880 889
367 97
97 400
305 509
509 885
444 879
879 478
744 142
142 400
890 391
391 571
744 733
733 324
768 301
301 355
890 375
375 257
890 839
839 257
367 850
850 123
688 712
712 400
305 887
887 77
246 189
189 747
740 45
45 109
744 855
855 745
768 576
576 135
844 421
421 637
127 451
451 773
504 723
723 388
844 616
616 719
3 165
165 630
744 822
822 786
740 95
95 786
740 772
772 718
740 403
403 802
732 619
619 555
844 862
862 270
740 348
348 728
768 441
441 148
504 694
694 76
367 248
248 197
246 617
617 828
305 70
70 324
688 150
150 89
367 49
49 54
504 238
238 795
305 471
471 637
504 372
372 852
732 817
817 536
367 794
794 630
220 600
600 786
305 258
258 215
127 116
116 711
844 784
784 802
367 7
7 132
246 896
896 865
504 374
374 54
688 847
847 389
744 425
425 478
305 429
429 76
890 898
898 400
345 483
483 666
740 861
861 889
504 164
164 889
345 468
468 668
3 417
417 889
890 836
836 630
844 269
269 536
844 5
5 54
768 479
479 68
246 842
842 889
220 20
20 718
744 62
62 229
844 894
894 389
844 359
359 452
444 777
777 270
246 776
776 795
367 110
110 54
444 570
570 460
444 583
583 711
127 48
48 487
345 510
510 729
740 866
866 543
740 1
1 450
740 192
192 719
844 720
720 452
844 298
298 480
732 88
88 193
305 731
731 536
345 738
738 76
688 51
51 169
127 158
158 795
890 397
397 795
220 716
716 295
444 621
621 571
744 472
472 719
345 377
377 380
220 680
680 814
127 722
722 135
367 512
512 865
732 65
65 448
367 541
541 263
844 527
527 649
246 563
563 734
844 249
249 555
127 491
491 340
220 615
615 747
367 805
805 543
444 725
725 120
127 81
81 516
768 194
194 111
444 854
854 400
890 98
98 215
345 644
644 302
890 449
449 169
305 774
774 450
305 764
764 607
444 876
876 747
220 50
50 555
688 390
390 802
3 317
317 324
890 542
542 889
246 290
290 111
444 627
627 54
688 823
823 536
688 825
825 302
127 183
183 355
246 376
376 120
345 525
525 786
744 200
200 795
732 743
743 478
127 681
681 448
127 485
485 89
345 240
240 148
732 859
859 54
504 134
134 802
220 697
697 682
688 467
467 169
732 610
610 649
732 549
549 719
890 643
643 423
744 778
778 718
740 174
174 215
220 714
714 76
127 614
614 828
744 28
28 270
890 113
113 734
740 696
696 363
3 82
82 389
305 867
867 828
688 762
762 355
246 598
598 270
345 365
365 132
844 631
631 852
732 558
558 460
890 256
256 380
444 843
843 737
740 442
442 302
890 629
629 828
844 274
274 450
844 672
672 191
246 573
573 814
367 21
21 76
305 606
606 703
744 892
892 380
740 267
267 728
345 145
145 54
740 875
875 295
367 160
160 197
246 322
322 703
732 683
683 193
844 23
23 132
305 405
405 132
345 315
315 56
844 214
214 89
3 456
456 389
305 247
247 169
127 392
392 460
890 385
385 355
444 281
281 737
127 851
851 423
744 222
222 135
504 115
115 704
844 857
857 389
246 12
12 156
444 548
548 773
246 647
647 480
890 569
569 68
127 632
632 77
732 618
618 574
127 827
827 135
220 245
245 355
844 303
303 460
220 198
198 389
844 412
412 68
732 710
710 123
246 351
351 728
844 146
146 197
127 308
308 571
688 161
161 68
504 243
243 302
246 470
470 478
740 43
43 197
127 902
902 236
890 469
469 460
3 834
834 607
246 172
172 169
305 522
522 828
3 435
435 718
744 881
881 109
305 250
250 668
688 705
705 448
890 564
564 363
305 593
593 423
768 466
466 719
768 586
586 728
3 612
612 682
688 458
458 68
367 119
119 215
768 709
709 452
890 31
31 865
744 717
717 536
246 465
465 786
732 524
524 270
844 11
11 711
246 783
783 120
768 163
163 169
345 651
651 543
3 271
271 682
768 57
57 120
744 368
368 295
732 179
179 266
504 352
352 490
3 893
893 68
345 579
579 555
127 550
550 389
345 746
746 324
768 495
495 270
768 320
320 668
744 105
105 215
732 35
35 799
504 395
395 795
345 695
695 649
127 357
357 682
3 809
809 400
740 496
496 574
740 272
272 450
367 895
895 682
3 370
370 229
768 196
196 799
345 727
727 719
890 646
646 148
220 46
46 536
504 582
582 737
305 521
521 751
844 872
872 389
688 69
69 555
768 463
463 452
688 107
107 76
367 853
853 132
367 182
182 54
504 167
167 885
345 523
523 543
367 636
636 77
220 715
715 703
444 796
796 885
127 108
108 516
744 235
235 148
246 311
311 263
127 143
143 649
744 300
300 400
444 401
401 215
504 204
204 56
688 507
507 448
444 173
173 120
844 396
396 814
444 252
252 475
744 306
306 591
305 477
477 400
127 128
128 380
3 83
83 885
844 660
660 637
744 561
561 302
3 669
669 148
246 286
286 423
127 819
819 682
246 492
492 169
127 137
137 138
367 698
698 76
768 419
419 389
732 585
585 747
890 590
590 460
220 264
264 263
3 104
104 123
844 780
780 745
127 180
180 728
688 74
74 799
504 30
30 543
688 206
206 138
890 810
810 747
367 489
489 452
3 653
653 66
688 878
878 109
305 791
791 703
220 735
735 637
3 386
386 257
220 228
228 448
732 61
61 889
367 19
19 363
844 645
645 257
732 312
312 728
367 415
415 77
844 566
566 138
220 797
797 852
367 453
453 89
768 904
904 478
732 693
693 885
844 203
203 77
732 124
124 607
220 752
752 704
768 833
833 89
844 44
44 799
3 515
515 630
444 288
288 263
127 739
739 89
127 225
225 439
688 334
334 68
345 447
447 380
127 277
277 795
768 624
624 148
220 14
14 138
768 748
748 123
740 459
459 400
367 868
868 197
127 216
216 747
768 707
707 814
127 846
846 340
305 318
318 751
688 25
25 607
345 292
292 388
768 379
379 543
345 770
770 726
732 356
356 666
305 242
242 630
305 106
106 360
220 501
501 571
444 349
349 54
744 407
407 865
367 679
679 751
3 671
671 77
305 759
759 751
444 331
331 77
890 4
4 76
220 832
832 536
220 813
813 630
246 690
690 56
246 141
141 677
367 596
596 490
246 883
883 666
890 254
254 516
444 656
656 111
3 544
544 543
367 10
10 666
367 806
806 745
305 440
440 266
740 445
445 773
444 869
869 649
740 354
354 555
305 724
724 148
345 811
811 197
305 307
307 726
367 232
232 111
504 433
433 89
688 18
18 380
127 648
648 266
444 261
261 737
744 90
90 389
504 114
114 389
220 578
578 718
444 430
430 123
740 230
230 77
127 626
626 711
890 381
381 682
732 551
551 728
220 287
287 324
768 420
420 439
504 224
224 66
3 685
685 728
688 754
754 728
3 17
17 799
844 384
384 92
740 708
708 135
345 535
535 120
740 767
767 111
744 72
72 591
732 838
838 637
844 812
812 591
890 233
233 828
768 314
314 786
688 237
237 56
744 605
605 363
367 546
546 737
732 781
781 215
504 100
100 257
367 171
171 703
345 753
753 607
732 186
186 423
246 691
691 718
768 807
807 795
444 13
13 571
744 888
888 591
345 482
482 380
345 533
533 668
740 438
438 649
345 102
102 257
768 623
623 799
444 80
80 66
740 553
553 68
3 241
241 719
844 53
53 197
688 33
33 120
246 730
730 536
246 159
159 543
220 511
511 448
768 103
103 607
444 371
371 799
367 208
208 885
740 689
689 148
732 538
538 718
345 34
34 711
345 494
494 355
732 323
323 400
367 27
27 682
768 410
410 270
220 130
130 236
444 86
86 360
732 299
299 747
688 520
520 668
305 609
609 360
768 296
296 92
345 587
587 388
740 635
635 123
890 157
157 751
768 337
337 719
3 790
790 773
890 601
601 156
688 840
840 480
890 185
185 452
3 294
294 169
220 793
793 751
844 418
418 388
504 2
2 229
305 567
567 380
732 251
251 138
688 402
402 266
768 85
85 138
305 39
39 452
890 659
659 666
246 139
139 389
890 378
378 76
844 899
899 865
127 699
699 270
367 297
297 324
844 633
633 516
305 58
58 637
246 581
581 448
345 529
529 682
740 218
218 138
367 178
178 668
305 253
253 734
844 309
309 745
732 877
877 668
246 602
602 452
740 71
71 773
444 686
686 197
740 821
821 814
732 497
497 123
732 260
260 460
890 94
94 54
367 436
436 637
127 427
427 236
768 15
15 120
345 498
498 649
844 537
537 799
740 766
766 745
504 665
665 703
3 457
457 728
367 293
293 215
220 67
67 77
688 505
505 795
890 560
560 423
345 539
539 571
844 884
884 490
220 149
149 380
444 657
657 388
744 676
676 360
127 223
223 728
444 848
848 123
768 641
641 380
246 835
835 393
444 411
411 400
127 559
559 56
220 205
205 120
220 213
213 677
345 364
364 54
740 239
239 728
890 231
231 630
890 273
273 393
127 121
121 439
740 424
424 668
444 426
426 389
367 608
608 135
740 409
409 393
367 280
280 649
768 798
798 786
444 328
328 324
768 326
326 704
504 431
431 109
768 628
628 852
504 96
96 132
688 611
611 123
740 488
488 726
127 701
701 734
3 499
499 637
740 750
750 324
3 350
350 389
305 313
313 718
732 211
211 156
744 575
575 439
844 742
742 555
305 316
316 814
127 513
513 340
305 580
580 802
768 826
826 363
504 207
207 555
732 279
279 340
890 830
830 637
444 792
792 630
305 177
177 92
844 673
673 363
127 603
603 536
844 565
565 649
246 584
584 682
744 779
779 123
890 353
353 66
890 662
662 786
740 787
787 607
3 886
886 852
890 181
181 393
844 63
63 56
3 335
335 478
444 568
568 795
768 434
434 263
3 678
678 295
127 166
166 677
444 152
152 380
127 329
329 677
890 771
771 92
3 75
75 865
504 327
327 324
890 278
278 637
220 310
310 487
732 234
234 340
127 210
210 666
744 901
901 169
127 597
597 68
740 47
47 745
740 589
589 340
768 99
99 737
220 903
903 814
688 36
36 156
844 276
276 852
768 808
808 452
740 454
454 236
740 588
588 555
367 284
284 703
740 60
60 460
688 26
26 747
688 863
863 536
732 785
785 487
768 40
40 677
246 101
101 668
367 140
140 193
890 905
905 448
127 24
24 737
305 761
761 340
127 687
687 460
220 577
577 54
768 789
789 555
305 572
572 263
768 639
639 77
732 700
700 120
127 642
642 257
305 190
190 649
367 800
800 734
3 873
873 475
367 42
42 123
367 622
622 668
305 534
534 229
688 336
336 263
732 201
201 516
744 131
131 478
3 824
824 400
127 804
804 295
444 259
259 475
688 93
93 475
367 860
860 555
744 217
217 92
3 461
461 295
740 874
874 123
305 366
366 728
367 900
900 56
768 654
654 111
345 187
187 132
367 29
29 120
220 168
168 400
768 330
330 490
504 670
670 637
305 650
650 138
246 891
891 54
740 414
414 123
220 122
122 814
844 758
758 388
504 358
358 77
345 455
455 571
740 6
6 630
844 78
78 340
744 265
265 751
844 343
343 148
740 416
416 668
504 856
856 77
688 493
493 452
688 661
661 734
127 437
437 120
127 640
640 135
740 484
484 263
305 153
153 400
345 184
184 257
740 652
652 56
504 446
446 439
744 73
73 536
740 283
283 630
220 530
530 718
504 658
658 68
768 219
219 677
305 552
552 889
246 757
757 637
732 291
291 737
220 815
815 677
732 117
117 490
367 664
664 109
740 321
321 799
305 667
667 138
220 188
188 120
740 763
763 302
890 473
473 393
768 562
562 478
305 55
55 630
345 155
155 889
305 721
721 56
367 765
765 54
345 474
474 786
345 547
547 76
127 125
125 123
127 864
864 68
740 175
175 89
844 532
532 92
504 38
38 135
768 518
518 266
844 406
406 448
504 432
432 169
306 257
163 718
74 480
190 637
317 745
128 148
535 865
843 487
73 295
333 885
691 355
104 120
186 460
725 703
573 571
237 450
897 68
594 76
237 795
164 389
506 799
848 682
797 324
576 169
645 828
58 229
609 54
29 66
839 263
794 302
696 423
542 726
269 236
160 490
278 380
288 478
440 677
144 802
842 516
733 747
784 852
856 363
713 111
244 666
65 56
756 270
532 448
709 388
660 814
244 889
221 191
333 649
558 156
642 400
84 607
417 340
27 123
593 630
531 536
797 360
738 109
585 711
104 704
350 591
172 452
179 193
184 737
168 197
896 475
486 751
535 729
377 439
437 786
219 92
867 215
546 266
730 574
473 89
23 728
9 719
746 668
837 773
97 135
62 393
52 132
399 77
259 138
377 543
413 555
447 734
247 798
259 295
709 217
129 701
64 870
249 520
142 45
526 392
546 765
888 125
2 26
29 757
827 454
902 865
396 63
723 522
586 263
264 363
32 599
672 580
777 686
345 650
374 707
70 573
477 641
298 172
283 229
373 826
147 681
64 712
154 413
528 710
371 437
878 721
660 538
323 278
550 206
870 668
235 607
679 498
742 792
560 26
763 229
549 795
600 397
655 186
442 322
557 587
862 286
162 266
196 532
694 515
662 168
398 281
482 639
706 450
209 274
853 752
804 668
280 328
404 577
818 602
368 750
222 652
867 206
756 797
816 321
760 440
816 419
624 814
770 773
700 799
846 34
851 899
44 747
665 452
527 146
364 885
429 563
859 256
440 54
192 865
730 673
287 353
421 187
839 175
338 451
227 850
179 287
359 711
264 327
362 434
381 350
769 675
684 5
172 596
25 729
867 178
621 217
720 872
714 578
119 864
353 388
594 857
166 668
775 87
855 224
391 875
280 591
872 440
108 381
287 418
147 86
170 128
531 84
103 388
112 789
180 409
375 28
845 436
318 114
644 516
738 657
579 402
379 4
995 1929 886
184 834
898 359
116 67
165 729
975 57
418 173
819 909
90 759
225 146
137 832
792 298
768 441
758 442
412 787
714 24
241 434
769 291
129 704
376 922
571 148
802 608
697 595
555 959
693 552
374 485
139 151
819 267
267 249
225 671
671 254
90 921
921 7
129 618
618 672
418 854
854 319
975 544
544 807
412 373
373 33
129 539
539 308
225 5
5 807
116 416
416 576
412 439
439 498
129 214
214 955
758 553
553 269
418 725
725 754
802 936
936 308
412 57
57 884
241 29
29 863
374 710
710 141
555 688
688 907
129 656
656 774
975 288
288 447
975 523
523 300
802 775
775 402
241 221
221 907
758 712
712 131
975 518
518 973
225 180
180 350
184 188
188 396
139 378
378 276
693 104
104 576
802 31
31 480
802 445
445 270
571 87
87 7
139 909
909 496
116 234
234 120
975 554
554 807
139 809
809 823
898 846
846 601
819 633
633 930
758 240
240 576
129 355
355 973
714 520
520 754
241 777
777 277
792 233
233 907
819 362
362 835
90 704
704 269
802 810
810 402
571 436
436 774
975 105
105 444
571 822
822 535
412 817
817 754
555 317
317 367
768 417
417 559
693 596
596 319
139 950
950 305
714 324
324 985
758 961
961 535
697 569
569 823
714 556
556 172
225 785
785 985
90 431
431 25
184 86
86 447
792 614
614 380
129 749
749 457
802 187
187 249
184 972
972 967
165 119
119 838
714 659
659 535
769 787
787 991
129 889
889 762
714 602
602 762
769 464
464 254
374 908
908 131
90 467
467 732
898 804
804 762
975 844
844 37
116 51
51 350
376 260
260 973
90 158
158 308
184 453
453 762
693 463
463 991
571 64
64 444
819 477
477 25
693 153
153 702
129 880
880 249
768 198
198 559
412 438
438 457
225 248
248 762
139 642
642 732
137 435
435 740
412 107
107 754
129 871
871 131
374 58
58 770
819 597
597 319
116 375
375 457
90 532
532 838
714 342
342 112
225 351
351 576
184 563
563 577
90 88
88 782
184 168
168 308
412 387
387 33
129 83
83 863
374 110
110 568
90 765
765 89
571 711
711 985
412 499
499 709
714 475
475 469
697 580
580 850
792 779
779 319
898 49
49 270
137 657
657 568
165 21
21 278
418 984
984 25
555 767
767 504
975 236
236 850
555 232
232 502
184 528
528 452
555 6
6 498
697 122
122 457
555 286
286 452
418 484
484 835
571 675
675 25
241 30
30 838
552 646
241 831
831 402
129 737
737 128
898 292
292 576
555 296
296 702
165 799
799 568
975 470
470 576
225 338
338 838
412 66
66 446
412 359
359 256
184 949
949 986
418 636
636 502
139 935
935 576
418 707
707 305
376 164
164 277
714 328
328 172
769 366
366 709
90 18
18 256
697 727
727 276
116 284
284 930
241 641
641 884
116 828
828 141
693 786
786 256
116 106
106 818
225 830
830 396
374 980
980 305
693 511
511 986
241 667
667 141
758 833
833 986
819 896
896 986
555 861
861 120
116 478
478 672
769 385
385 838
137 895
895 428
802 15
15 444
90 766
766 884
819 948
948 319
768 934
934 33
792 12
12 33
758 429
429 120
571 132
132 986
768 814
814 696
768 415
415 269
376 631
631 7
90 363
363 480
898 423
423 617
571 538
538 211
139 527
527 672
758 627
627 884
802 911
911 907
768 390
390 141
975 959
959 7
184 301
301 973
792 507
507 496
184 32
32 863
225 521
521 396
374 68
68 515
975 490
490 818
714 700
700 601
116 940
940 270
139 658
658 396
418 756
756 428
768 586
586 269
165 456
456 967
555 593
593 452
184 238
238 732
819 285
285 754
693 422
422 249
697 635
635 469
758 108
108 709
898 274
274 319
714 517
517 131
768 698
698 502
184 816
816 278
412 851
851 740
693 309
309 498
792 336
336 300
819 932
932 367
418 454
454 498
898 176
176 782
769 676
676 576
374 334
334 535
792 687
687 985
374 493
493 991
129 200
200 350
693 905
905 128
802 583
583 308
555 951
951 141
184 339
339 249
376 45
45 850
90 974
974 986
571 728
728 256
714 837
837 254
225 747
747 807
418 856
856 502
802 306
306 807
768 62
62 702
792 124
124 774
758 919
919 696
374 391
391 762
241 879
879 526
418 228
228 973
90 565
565 380
792 27
27 576
137 392
392 100
792 540
540 744
129 218
218 601
693 608
608 276
184 123
123 350
555 246
246 308
129 473
473 709
819 381
381 319
769 82
82 884
714 578
578 100
768 159
159 120
571 956
956 774
758 114
114 601
90 978
978 100
898 947
947 770
184 434
434 568
418 929
929 396
697 99
99 25
137 24
24 646
898 721
721 973
241 216
216 131
129 842
842 986
571 923
923 25
139 474
474 559
137 805
805 277
116 581
581 7
412 337
337 807
898 103
103 930
139 561
561 577
975 806
806 120
792 160
160 498
129 815
815 367
129 203
203 350
184 201
201 955
165 134
134 25
693 458
458 696
129 92
92 770
129 349
349 469
376 652
652 277
714 298
298 732
376 781
781 270
975 834
834 276
90 333
333 991
714 145
145 503
768 449
449 480
374 358
358 930
792 450
450 955
139 481
481 428
693 606
606 249
184 322
322 112
139 293
293 762
412 603
603 709
697 666
666 480
137 717
717 300
693 489
489 7
116 719
719 396
769 673
673 967
165 960
960 617
90 471
471 744
898 720
720 576
241 9
9 319
418 738
738 7
768 875
875 367
418 778
778 967
241 147
147 568
975 685
685 496
697 48
48 973
571 294
294 100
241 722
722 498
374 681
681 601
819 251
251 277
714 680
680 319
412 192
192 863
975 281
281 754
758 343
343 774
693 384
384 380
129 570
570 672
898 924
924 601
139 957
957 444
418 291
291 172
241 61
61 469
571 916
916 967
137 913
913 838
90 982
982 277
165 259
259 428
376 28
28 762
412 759
759 350
975 310
310 100
898 173
173 838
139 594
594 770
129 572
572 305
116 848
848 457
693 706
706 37
184 81
81 985
693 10
10 7
768 80
80 249
165 237
237 128
758 622
622 515
975 534
534 530
241 550
550 515
241 910
910 278
571 185
185 380
418 760
760 503
555 962
962 211
697 263
263 884
571 97
97 823
555 649
649 254
714 344
344 89
792 282
282 955
555 487
487 350
241 525
525 503
90 401
401 277
975 590
590 744
758 751
751 526
90 679
679 754
768 397
397 535
165 739
739 469
137 743
743 601
225 607
607 863
768 988
988 576
819 661
661 986
819 628
628 559
571 845
845 278
758 275
275 744
898 519
519 402
792 315
315 696
184 91
91 469
693 77
77 930
137 321
321 907
418 326
326 672
898 794
794 503
769 78
78 269
714 971
971 37
418 653
653 515
768 801
801 709
768 933
933 100
412 543
543 973
376 379
379 172
225 149
149 672
693 101
101 33
693 665
665 576
116 175
175 985
555 466
466 835
184 537
537 515
819 290
290 278
792 745
745 504
241 865
865 617
241 811
811 498
139 928
928 696
898 573
573 515
758 592
592 112
225 925
925 838
768 989
989 480
802 965
965 131
697 990
990 930
165 383
383 428
769 303
303 37
758 115
115 350
225 994
994 452
241 954
954 277
975 609
609 732
137 148
148 672
241 268
268 577
116 545
545 702
137 820
820 973
697 621
621 496
819 670
670 269
139 73
73 496
714 689
689 249
241 398
398 807
116 70
70 762
129 313
313 576
802 357
357 696
90 239
239 254
129 703
703 447
792 330
330 396
90 541
541 494
412 130
130 530
184 492
492 278
769 346
346 380
769 403
403 577
555 912
912 112
137 723
723 863
714 311
311 89
374 741
741 754
184 65
65 277
241 430
430 850
412 878
878 33
90 318
318 991
555 616
616 367
139 789
789 396
792 174
174 576
184 167
167 504
139 265
265 89
802 508
508 270
571 587
587 444
374 69
69 696
418 780
780 278
418 639
639 782
374 548
548 402
697 575
575 319
555 393
393 277
418 36
36 515
374 708
708 37
769 261
261 702
241 857
857 986
758 52
52 447
225 162
162 973
819 501
501 447
898 776
776 131
898 902
902 277
697 43
43 526
412 922
922 754
693 669
669 308
116 230
230 530
758 50
50 7
555 407
407 367
139 562
562 249
129 567
567 774
90 860
860 568
898 952
952 967
697 16
16 447
898 59
59 494
418 734
734 991
769 404
404 319
90 360
360 568
898 459
459 967
714 852
852 973
418 75
75 211
184 491
491 120
975 825
825 100
792 262
262 503
697 96
96 696
139 755
755 380
802 788
788 515
241 495
495 270
714 797
797 770
137 512
512 696
418 35
35 576
165 195
195 469
137 638
638 494
139 890
890 884
697 304
304 254
137 152
152 577
802 377
377 577
898 465
465 319
571 832
832 172
693 941
941 469
819 877
877 457
139 882
882 818
139 677
677 504
819 144
144 444
769 897
897 884
241 664
664 985
975 440
440 480
116 663
663 428
819 356
356 617
975 724
724 986
184 26
26 930
898 790
790 428
768 146
146 782
165 718
718 732
129 369
369 702
975 136
136 444
90 735
735 576
819 441
441 991
758 206
206 277
571 181
181 568
697 327
327 269
139 462
462 535
412 598
598 774
802 692
692 930
116 258
258 526
412 307
307 709
374 348
348 496
697 154
154 396
90 411
411 967
184 143
143 696
116 244
244 774
819 859
859 396
137 455
455 25
758 414
414 807
376 939
939 278
137 784
784 452
768 611
611 884
769 183
183 496
412 325
325 973
555 204
204 907
802 364
364 308
758 394
394 446
412 531
531 277
412 314
314 254
802 647
647 211
241 335
335 526
165 74
74 535
975 56
56 447
697 79
79 402
802 205
205 526
792 476
476 498
412 219
219 380
90 95
95 446
225 94
94 601
697 524
524 850
975 47
47 112
792 791
791 480
975 207
207 128
184 426
426 89
555 331
331 702
412 836
836 270
184 60
60 863
376 332
332 131
418 212
212 480
137 150
150 37
418 764
764 818
116 177
177 480
137 253
253 7
768 178
178 782
165 389
389 823
225 53
53 818
693 421
421 732
374 655
655 754
418 406
406 469
819 22
22 249
697 926
926 863
768 713
713 270
418 927
927 601
555 283
283 884
139 433
433 838
693 827
827 502
137 98
98 446
769 761
761 112
90 299
299 33
116 873
873 452
165 320
320 672
898 547
547 120
693 620
620 308
184 742
742 305
693 839
839 367
137 691
691 428
241 917
917 504
792 372
372 696
165 899
899 967
769 678
678 428
418 841
841 480
819 619
619 428
693 199
199 254
555 566
566 172
241 981
981 33
90 867
867 807
137 190
190 672
769 1
1 494
225 405
405 502
819 701
701 254
225 674
674 494
90 705
705 380
412 813
813 300
769 588
588 754
137 992
992 568
792 591
591 131
975 295
295 835
697 522
522 732
714 163
163 503
819 506
506 973
819 72
72 754
90 67
67 823
139 943
943 696
165 420
420 835
571 488
488 835
555 483
483 141
975 340
340 515
241 266
266 973
714 683
683 973
418 869
869 515
225 891
891 617
758 109
109 535
571 970
970 269
225 648
648 702
758 595
595 300
129 365
365 601
768 958
958 530
90 843
843 494
376 558
558 955
898 995
995 141
571 368
368 396
165 102
102 380
412 352
352 256
975 191
191 37
137 964
964 503
714 255
255 973
697 210
210 100
241 885
885 120
90 585
585 172
116 874
874 646
116 733
733 601
129 264
264 428
697 354
354 991
241 413
413 986
129 215
215 502
555 247
247 696
116 771
771 494
571 736
736 402
792 682
682 568
139 612
612 850
802 279
279 535
184 386
386 930
418 849
849 986
975 46
46 211
802 796
796 380
975 729
729 120
898 855
855 526
758 904
904 131
139 662
662 991
555 468
468 503
139 133
133 480
697 55
55 367
768 169
169 7
374 424
424 530
225 600
600 249
137 42
42 702
768 345
345 504
418 584
584 526
758 643
643 305
758 202
202 446
374 140
140 744
693 388
388 672
555 536
536 762
376 716
716 823
769 208
208 319
184 979
979 469
90 888
888 986
165 400
400 278
693 542
542 277
714 382
382 350
137 135
135 444
758 71
71 991
241 427
427 568
418 257
257 428
714 182
182 269
693 968
968 576
139 632
632 835
758 142
142 991
374 63
63 973
129 858
858 120
898 19
19 270
802 361
361 319
802 630
630 754
225 289
289 269
898 40
40 601
975 582
582 740
802 117
117 770
241 906
906 515
116 987
987 955
116 11
11 967
412 399
399 515
184 668
668 172
571 451
451 754
376 171
171 128
165 111
111 754
802 864
864 112
241 227
227 131
768 85
85 559
714 604
604 576
376 44
44 141
184 222
222 601
792 93
93 300
697 625
625 428
802 194
194 446
241 715
715 818
975 610
610 444
90 347
347 744
714 505
505 740
802 226
226 818
129 726
726 367
768 460
460 367
571 613
613 494
165 574
574 991
792 894
894 494
184 946
946 807
90 551
551 617
555 272
272 577
116 624
624 818
376 773
773 774
768 803
803 863
769 983
983 270
758 694
694 447
693 634
634 601
137 615
615 256
129 944
944 444
225 887
887 211
714 901
901 818
241 224
224 308
555 900
900 907
792 821
821 526
758 213
213 884
184 273
273 141
792 54
54 702
802 4
4 762
758 196
196 823
697 514
514 380
165 41
41 278
418 626
626 601
139 287
287 277
769 579
579 774
555 829
829 480
555 34
34 367
693 425
425 33
697 513
513 967
137 976
976 211
555 862
862 503
90 510
510 131
792 341
341 503
769 824
824 930
137 800
800 89
376 937
937 503
769 840
840 818
697 472
472 702
693 500
500 515
693 793
793 494
418 235
235 818
571 323
323 308
898 353
353 305
412 892
892 270
802 748
748 850
412 297
297 402
412 271
271 850
241 763
763 967
693 17
17 444
555 20
20 818
898 3
3 480
165 437
437 276
129 186
186 986
137 371
371 973
555 482
482 278
571 826
826 732
225 746
746 300
769 13
13 863
819 39
39 305
714 316
316 850
975 876
876 300
374 127
127 131
129 853
853 396
225 118
118 884
792 699
699 568
376 883
883 985
165 654
654 782
129 993
993 446
768 942
942 770
802 223
223 457
116 229
229 494
116 870
870 838
90 640
640 863
374 209
209 576
90 509
509 380
241 84
84 300
898 220
220 380
418 138
138 100
412 23
23 973
758 795
795 480
898 808
808 986
225 752
752 444
374 650
650 732
241 113
113 863
555 549
549 502
137 886
886 930
184 497
497 452
90 161
161 818
241 410
410 37
374 302
302 269
802 560
560 568
165 945
945 319
555 866
866 503
90 637
637 576
819 155
155 823
571 461
461 480
374 432
432 744
139 443
443 601
758 448
448 754
90 2
2 367
225 564
564 577
412 730
730 709
90 695
695 7
693 121
121 254
485 774
819 529
529 457
129 920
920 7
116 868
868 955
129 479
479 709
758 280
280 646
139 395
395 25
376 963
963 502
819 242
242 907
225 798
798 577
697 408
408 744
898 243
243 469
137 329
329 559
241 931
931 131
139 969
969 300
241 731
731 850
758 629
629 254
241 651
651 646
697 881
881 884
571 157
157 535
165 893
893 740
758 783
783 319
137 605
605 702
768 772
772 617
137 38
38 270
139 14
14 884
137 189
189 807
768 812
812 504
898 419
419 278
898 623
623 576
768 645
645 141
129 684
684 300
693 557
557 696
697 442
442 128
802 953
953 863
898 125
125 128
571 533
533 256
571 847
847 112
697 250
250 955
137 516
516 452
225 757
757 211
129 915
915 985
90 966
966 576
571 245
245 986
90 938
938 838
241 156
156 696
418 170
170 446
768 914
914 576
819 217
217 112
802 76
76 276
898 977
977 955
975 252
252 270
418 903
903 754
792 589
589 112
555 753
753 535
758 872
872 254
769 197
197 503
714 126
126 850
758 660
660 211
714 166
166 973
758 179
179 709
376 918
918 502
898 686
686 807
418 409
409 269
241 231
231 141
412 193
193 744
129 546
546 535
768 151
151 601
165 750
750 112
412 8
8 172
241 486
486 305
693 312
312 967
90 599
599 568
376 370
370 100
184 690
690 498
90 644
644 277
368 515
553 128
558 428
121 305
492 270
804 172
292 380
543 278
517 782
620 762
680 504
755 494
904 559
30 709
387 850
237 770
990 7
661 617
597 907
419 300
61 319
788 530
114 568
181 254
487 696
833 732
360 577
645 37
640 25
841 308
771 744
893 535
247 702
712 141
79 367
258 256
825 823
81 469
189 89
331 955
394 396
434 740
436 986
987 526
32 818
549 496
285 807
656 402
624 991
460 884
448 447
516 502
420 985
65 774
707 967
849 112
564 503
369 754
140 120
56 498
804 269
864 838
407 452
354 350
647 672
369 973
849 277
796 211
267 276
524 249
867 131
467 835
673 33
715 446
124 457
659 646
274 863
173 601
335 444
894 930
736 100
51 565
51 486
175 167
819 956
522 770
343 243
229 243
384 71
413 133
550 26
200 561
490 551
388 370
355 749
44 367
321 183
711 166
665 65
17 25
571 928
378 798
489 19
775 484
953 480
821 34
432 33
103 666
582 367
160 341
811 612
101 386
306 53
797 696
679 928
882 448
272 740
45 784
697 965
697 156
416 664
965 250
831 667
236 348
828 386
681 772
289 89
201 112
286 970
653 917
453 149
899 840
383 167
