576460729052688012
576460468271133771
576460347320021476
576460423702445330
576460422444449451
576460474534401703
576460398042540197
576460695459317832
576460377294399336
576460736169093797
576460685590992715
576460439235655521
576460471942774429
576460459512443636
576460728248505047
576460379122892018
576460385330159728
576460446966597434
576460707446782441
576460445235611850
576460712530070827
576460674740134562
576460439757852270
576460734688954470
576460731332130436
576460366031675037
576460437171399661
576460463402869050
576460426217691090
576460747329885723
576460374403983502
576460401283049399
576460433180955084
576460633968232779
576460400266737760
576460415626431359
576460728264976116
576460377481303059
576460388495441964
576460638622799376
576460476824241179
576460459146822666
576460393946870179
576460647413836580
576460445393721999
576460469655643310
576460368595371260
576460446068467008
576460402399060160
576460440838584753
576460457755637400
576460656879314884
576460390082054828
576460376320181397
576460738011568077
576460453783895740
576460443529833547
576460434811336727
576460646099326586
576460705859292925
576460717563703682
576460673062763282
576460381346262885
576460413845820097
576460701199214128
576460359760623660
576460437073820663
576460629357488686
576460690671525321
576460341495001150
576460629074896246
576460448454701536
576460626207238242
576460706499482385
576460699811107900
576460737861277785
576460421616550169
576460706557532129
576460345370143196
576460746300715009
576460384330624741
576460713398674777
576460363532025425
576460649896497637
576460644842620322
576460696422793648
576460706295698232
576460472499270370
576460632609540088
576460647185001535
576460618859806805
576460345040055683
576460384415370618
576460414066976900
576460675479201034
576460353700171127
576460638328407487
576460454200488463
576460618677074952
576460355236622130
576460375415642019
576460675547834659
576460346489968857
576460419666039661
576460644871661340
576460381906084117
576460358933436301
576460342672540814
576460679982809283
576460394040705160
576460415468863203
576460425034446326
576460740964733583
576460443504305975
576460676092555571
576460695688333248
576460675953770233
576460647137962206
576460371126524487
576460471482600493
576460414362567895
576460716992151607
576460684377092630
576460666078630243
576460713078984031
576460742823708579
576460663228180427
576460672854844391
576460681635860983
576460649571196828
576460705318421368
576460636566852342
576460647638444462
576460633587283233
576460359530190335
576460685607452084
576460707362874769
576460462727095514
576460678858490450
576460432732384481
576460404020618530
576460734996275849
576460747783383081
576460651118227729
576460660228409993
576460743177435542
576460395678496998
576460437706390849
576460427822999651
576460684729437029
576460361507224297
576460475305986059
576460352906959924
576460669897503397
576460658211834981
576460459473038666
576460733458437015
576460715567956675
576460379221352168
576460432673449064
576460721819587140
576460615532612685
576460433973860478
576460417273120174
576460710863948451
576460620398262676
576460449259578211
576460386970548524
576460418125465808
576460470246319056
576460420559412193
576460433901676517
576460615909948558
576460382721493769
576460457828727556
576460667524955251
576460462936348848
576460663942708642
576460363831369758
576460346575354711
576460695858124142
576460376335558637
576460344607389054
576460686276373548
576460457491390362
576460628360936388
576460706106248960
576460687783802414
576460624830050515
576460636196983406
576460648641774503
576460395512362507
576460343563766578
576460440477901685
576460695230848669
576460378114688457
576460725152032567
576460711697032530
576460667530536198
576460662871922869
576460685669458162
576460730380674322
576460360614598197
576460459365472696
576460648768225951
576460648207573745
576460364932364687
576460712302490029
576460464076516531
576460410547799080
576460386631769427
576460624058425815
576460669332126226
576460458401554950
576460701040430079
576460440990984215
576460615745077314
576460629779497234
576460393223065783
576460741277884766
576460623547712802
576460352603480491
576460345435784146
576460633815148212
576460625579398190
576460452923049732
576460675875428957
576460743733638923
576460410175043089
576460666624287883
576460646769385085
576460464859264442
576460733964208462
576460449813968166
576460347837265897
576460656703687531
576460713227218616
576460368883663761
576460438318264758
576460684226530245
576460345242995453
576460678161511264
576460436090965310
576460347686155379
576460656044436934
576460646777975149
576460737082520880
576460364357787391
576460716505523103
576460343637909732
576460705240525803
576460452700236433
576460668596084578
576460394937913012
576460368887959274
576460445328857930
576460341350204907
576460632603016969
576460621910637412
576460353742787596
576460410498279046
576460650422612295
576460441768876136
576460658120496685
576460365456594284
576460616373287185
576460686093479680
576460634659919825
576460440816042183
576460729954291936
576460446148571894
576460702112189184
576460419578541346
576460369100313732
576460363065115168
576460421738339600
576460670886155830
576460698297815349
576460749783737592
576460632436113642
576460420658695536
576460377275174820
576460413427643761
576460641891069236
576460430656090835
576460710209003153
576460356913534029
576460640653259067
576460379044622855
576460444243881227
576460686628930917
576460648391527072
576460697492643845
576460343513058425
576460635512827040
576460649423081593
576460469774036729
576460656888171828
576460416248489193
576460417722039900
576460708543979418
576460658783469701
576460420422051971
576460447587960881
576460728816239630
576460682964936423
576460716150162863
576460388423498589
576460361215860385
576460392830245902
576460679936649027
576460637210672273
576460654201242692
576460720316807261
576460445275884783
576460376374497957
576460657000571924
576460407104183970
576460717738418092
576460708914076816
576460710774968987
576460643268484420
576460687476051821
576460473168227241
576460696790561141
576460730779598760
576460414013581684
576460387127849443
576460419744087422
576460472491814905
576460441792055672
576460640127521395
576460616749068763
576460401026331816
576460697947944934
576460672212526666
576460402653651216
576460383628126651
576460468727453420
576460675120352154
576460688786056718
576460389723696249
576460748400647386
576460742158207951
576460705281504926
576460390910763789
576460726699193585
576460343435531047
576460717757779565
576460625782014264
576460404877780156
576460677842249156
576460472441109742
576460356032749868
576460672667699921
576460699793912552
576460445747558605
576460622155015933
576460619521179888
576460723641896050
576460724623274275
576460380672721669
576460439767270640
576460692336808915
576460438227810237
576460677455773165
576460437855429250
576460727584205415
576460673697671740
576460659120303324
576460665784567234
576460441330638736
576460701571634528
576460397358179113
576460372916029019
576460449704885046
576460635147883284
576460715452408790
576460431523134349
576460451391739243
576460679298939367
576460706707474468
576460370956860931
576460392752112979
576460751995494503
576460749271728101
576460365823861214
576460345062326302
576460417995112468
576460457671761325
576460376052546725
576460631011170630
576460423127562937
576460677670606183
576460444920300295
576460684933973834
576460677719186637
576460426216037901
576460678864143996
576460629230998814
576460691901191944
576460727725065653
576460466010566932
576460676413687812
576460725989616664
576460678663612894
576460475818889932
576460453953741764
576460397038680139
576460712817779394
576460651365473113
576460714975094645
576460358366809690
576460372042884363
576460745729546831
576460706837625766
576460465436671738
576460438823550171
576460720701272807
576460365669306755
576460700446552024
576460740439198668
576460343937314849
576460631949504067
576460406623377930
576460702806064151
576460745435586031
576460731294512525
576460652613863276
576460628483862798
576460418186879022
576460686674050366
576460349739498284
576460688590695702
576460693496003327
576460655128071387
576460370874657601
576460675281241553
576460433492120035
576460748502039208
576460471724660829
576460684132756938
576460342236346390
576460410222051262
576460365063580669
576460426875486924
576460407104183970
576460428435863639
576460431234832314
576460651828694038
576460430365367065
576460401204536163
576460673710455484
576460471865130579
576460736662606047
576460631553567656
576460360285353295
576460438515373609
576460682271623930
576460616145170202
576460744822605845
576460719725344016
576460723785275885
576460702467270873
576460393194797764
576460410754716102
576460447496582447
576460701261723195
576460666589281356
576460347570807516
576460366908536164
576460669051545267
576460711472930880
576460401073111418
576460410191084407
576460364728821534
576460364384491643
576460654346478778
576460471863213157
576460453171233101
576460751226230472
576460374853638304
576460428237368733
576460695689910213
576460685506938674
576460419079200154
576460642777394343
576460684471018843
576460619636003286
576460663102495627
576460468851606122
576460642927366835
576460722050942896
576460343347587847
576460430430580340
576460372063134298
576460391972278806
576460705917376652
576460361208285326
576460728220872938
576460359132207722
576460443808291815
576460386687930793
576460657891405234
576460668226484880
576460388965239826
576460618679539795
576460473569770787
576460737771023852
576460459803402228
576460667078106773
576460375567789257
576460638545737461
576460706917463295
576460428821973505
576460744372675231
576460429011527774
576460695314444256
576460630516037890
576460618701579666
576460695257434657
576460470525171518
576460665020407151
576460411877340223
576460742688150338
576460430237591928
576460621544164699
576460616959282223
576460640734086400
576460630151415426
576460694727553990
576460406915768152
576460402469920472
576460439491307556
576460435355200996
576460457054340165
576460629290113577
576460376417243037
576460738012900553
576460446055742808
576460466990134095
576460468829212761
576460441242453901
576460381897620395
576460656691617933
576460741442696435
576460433877187366
576460429069062450
576460431408472354
576460344979644511
576460411951149003
576460435297846690
576460407838160870
576460341721722453
576460427222835300
576460748460225066
576460694588678816
576460621477533390
576460745067138723
576460639371011095
576460679581745142
576460437803792905
576460626739172962
576460448865886572
576460433328381848
576460644193272333
576460631407396915
576460734695684483
576460461470753515
576460639916926951
576460684526373407
576460621854196611
576460466564950777
576460451609601044
576460632662872663
576460341134124706
576460361083752512
576460352277456766
576460716234291335
576460386239202232
576460660862158416
576460636142538543
576460457630191282
576460368018127906
576460474417186558
576460392553501133
576460650005122945
576460726652555149
576460616441551987
576460700818435420
576460663434555971
576460399120889324
576460458802896442
576460713600007789
576460638027205288
576460690404105276
576460390615921196
576460429826602876
576460476480915825
576460657386042810
576460382764564011
576460726460475613
576460401893020431
576460410727320016
576460686937592213
576460380392229950
576460733591871991
576460625578518771
576460733714117938
576460740508171807
576460474934195037
576460653054830681
576460404719630368
576460381227088808
576460634262066858
576460385818648618
576460352382014892
576460419560614358
576460627137738778
576460697840521411
576460627875041215
576460651255101242
576460721549440332
576460724108233825
576460366529384523
576460361936260763
576460642813695452
576460402802769175
576460436101996345
576460470334859290
576460719876403037
576460375592447728
576460448942928265
576460710394428591
576460662823370071
576460421333490097
576460342678850891
576460672252294408
576460625880993191
576460369691644045
576460685995111254
576460708367934887
576460353543214422
576460348066071668
576460706231671826
576460415126867321
576460388464059304
576460343208754010
576460401963260662
576460377219251159
576460709868677409
576460341204760398
576460680452547951
576460633196116044
576460372053096958
576460370135143219
576460651169152012
576460743821531514
576460747987905343
576460640068934988
576460409573410181
576460658369686202
576460383371832688
576460737966438005
576460356691022379
576460405202455587
576460453418316512
576460712298353401
576460345226974693
576460387313819448
576460746403662872
576460356820966601
576460745635251251
576460448937372057
576460626650340575
576460387977922536
576460634320909791
576460355853251278
576460735945105601
576460619235668021
576460342437240214
576460748753438546
576460637979186882
576460618764588293
576460369159170380
576460629293191310
576460455408289268
576460750856328230
576460363822663987
576460730370922377
576460750961125257
576460742616615156
576460740284148717
576460644619698825
576460425889655614
576460349870702621
576460415861821726
576460624957227208
576460474365793430
576460693897145911
576460410266639389
576460671196572038
576460681103369019
576460681503970895
576460431868550108
576460370766171763
576460380034403141
576460686748611022
576460459471910673
576460427097883936
576460695736223568
576460654402276790
576460671265784684
576460432481193529
576460652032575639
576460340501384494
576460347135107379
576460461141002834
576460653737779548
576460642852421684
576460682467752703
576460469651468488
576460414024433036
576460682960183379
576460722984503753
576460439808639383
576460405788904306
576460454110598875
576460676614368098
576460458910114999
576460410027714118
576460621537612111
576460672890182130
576460434003152191
576460719079150139
576460658072110256
576460655484530748
576460679786929891
576460428971323217
576460710108122385
576460656129131326
576460695843991099
576460618764117287
576460681407088306
576460421852444827
576460375966082728
576460699591215063
576460658475414856
576460343772541207
576460414510300801
576460391017138819
576460375862626215
576460412603693312
576460705233028085
576460378853947577
576460700087233939
576460475825584670
576460615492661889
576460366532484334
576460375207082090
576460379529323351
576460625002977176
576460704797493752
576460646717433364
576460422509420501
576460749938172255
576460645263065048
576460466839817946
576460698272871806
576460441551392128
576460672540716237
576460448940564764
576460471240963657
576460712379939689
576460633202431439
576460716751489140
576460426430967421
576460662586460456
576460451745453010
576460720952314364
576460621102769435
576460732608018413
576460701729475111
576460700581729672
576460629036387764
576460386286013706
576460388695515970
576460358950873692
576460747318145686
576460641839058952
576460370685586976
576460380593423487
576460364844465595
576460624235494528
576460626182423789
576460340917178579
576460638995500531
576460456399156745
576460371325991465
576460623784758544
576460751724391834
576460629170566251
576460720931119723
576460424292514609
576460474021283265
576460391254044537
576460616403989576
576460658216831616
576460629146582431
576460357280175306
576460732571097292
576460729390976149
576460729568047589
576460442993074781
576460647228921810
576460625619187736
576460659427550973
576460355993431895
576460375772004516
576460728404297960
576460439971910618
576460396581323882
576460686732756113
576460674321393651
576460347883149376
576460422188478794
576460440222571984
576460385554659142
576460704244238617
576460472434010200
576460635331532724
576460381105701476
576460460793278107
576460342458945282
576460446963040577
576460751095985093
576460709434488627
576460653005280088
576460444759031397
576460668712996143
576460736676182053
576460734907551003
576460452804565821
576460377101601865
576460344507358692
576460443285636884
576460676571259219
576460386211051452
576460673522138336
576460369708222719
576460641181157393
576460446060061292
576460392356853103
576460696499265535
576460390969856253
576460659059037416
576460683371415642
576460411739593817
576460631548884121
576460440052467567
576460429084983926
576460645028056525
576460648325909062
576460668702168075
576460404265677610
576460463280537597
576460735912105513
576460465917652066
576460745661145852
576460724325907137
576460437276039600
576460469360224848
576460399606020358
576460683774723097
576460720025328909
576460454916995727
576460674552997883
576460417372572338
576460460856323730
576460693382024278
576460653855557165
576460366236210989
576460742363036429
576460649096636270
576460403478902016
576460405938771939
576460414826426981
576460406864015489
576460624449033061
576460701557867406
576460733067973857
576460420027777021
576460654879187205
576460625997499830
576460679136246583
576460400592559591
576460424932930682
576460382088467945
576460628080054822
576460444578672986
576460421297749908
576460750330443241
576460722053653090
576460410423975373
576460749370218815
576460380507196668
576460660553428239
576460707299551053
576460454880336870
576460662119696484
576460422936291205
576460442127668536
576460736895592117
576460746710757978
576460722130375065
576460693139502685
576460363878085555
576460669029551372
576460368017284485
576460374334312723
576460393081678355
576460462071614285
576460342067681861
576460628444896174
576460661716643615
576460397829692462
576460474181666945
576460643001005598
576460710814057510
576460474393324631
576460387833239990
576460653091453684
576460692789689634
576460720345546918
576460635101104952
576460362904625535
576460473910708898
576460455913973000
576460448908106324
576460370146488310
576460704047028440
576460673563214206
576460406260169153
576460673818767489
576460376562856069
576460468929133734
576460678692284867
576460751089956950
576460675346233908
576460420031093590
576460686012338227
576460372522601263
576460741806168410
576460412448534111
576460732274760970
576460662808094565
576460410791562893
576460475332441614
576460664192732566
576460456707693299
576460726165263723
576460710284234628
576460348345782096
576460341088534398
576460655245258419
576460432647200462
576460352013942245
576460659868101428
576460735665577597
576460340371178555
576460357249845177
576460627973327466
576460340646643188
576460670127374732
576460434974952295
576460738418987505
576460690810899802
576460465194241642
576460364072342519
576460719318121385
576460376323112392
576460725449905093
576460444322683800
576460638503350256
576460743594615636
576460465315321892
576460373389155216
576460668012566305
576460425253951031
576460442381975273
576460472575585635
576460405784461228
576460393664076149
576460694844381884
576460690981712172
576460705907248451
576460388841699368
576460710844291668
576460345520326724
576460668037916405
576456277010658573
576454128831535881
576458471077028325
576456256824015952
576460669275959186
576460736953799124
576460722898378004
576458527792884902
576456275772009109
576456279918515384
576460746574054993
576460728033948734
576458526048817785
576456323777282555
576456339799309365
576460651429677252
576460725407532036
576458524477219288
576460657599460225
576456336605672884
576460674411533157
576456352378502186
576456275675168916
576454138388948243
576456345388305389
576460664762097299
576460746732296808
576456264619811402
576454076406016359
576454075378461364
576454081003634986
576456285488199960
576454129367003758
576460728840478753
576456282157595500
576456265081317791
576454056517242421
576458539575221330
576454069982044189
576456259848954297
576458537039083209
576458483900606510
576458547024339385
576454138832614357
576456283499484882
576454145530701664
576456264976301639
576458523395338928
576454139320477255
576458478118356457
576454124117516837
576456262911229020
576460739817888973
576458547288413926
576456278036131469
576456275897102737
576456350910749940
576458456735037440
576458535143587298
576460731004846417
576454139694928273
576460733670970858
576460672635967296
576456278464557129
576458551564401682
576458533558752510
576456279097435636
576454134862882580
576460730358362344
576456331529813023
576454070746575552
576456273609931886
576456251842164847
576460741878009959
576454084692176469
576454138836783431
576458464470739168
576458547522128190
576458537581580348
576454126490952698
576460678093318911
576456325044923437
576456333276588825
576460731159861726
576458549923526650
576456334858768140
576454148374700315
576460747349289063
576460655410626968
576456330111773660
576454074353733977
576460669549168728
576454056969317649
576454058241233702
576454066248271100
576458481638256586
576458536870137398
576454142618431587
576454065250817056
576458461277332216
576458450353512097
576458525133207486
576454057088272442
576456350606858901
576456332343529325
576458534209242882
576456322628777664
576458454210298954
576460656195828840
576456319909944074
576458522235100517
576454052185447427
576460736900908618
576458523068276799
576458452653531976
576456333877060434
576456284703949989
576458537639768833
576460680714516900
576456331652183042
576456335615288763
576456278363934207
576460657019657062
576460739718103390
576460727668774875
576460652874061201
576454081510315831
576458482665507581
576458541079886940
576456344800720338
576456269998752377
576458480648759285
576460669835855492
576458479390044453
576456337446547496
576458473523434925
576458466884139570
576460730578760556
576460724550850009
576460676463943245
576454053266931428
576456341766558126
576458537281432846
576454144842348708
576456334952361036
576460750436465835
576456321219282957
576458472666403482
576460672419776702
576456325588103938
576458482157841121
576460673385656195
576458546700888892
576454061181413368
576458453491475444
576454142392081760
576456325825348529
576454074194292219
576456282809744460
576456265233946296
576454135485331202
576454053752205057
576460672888618192
576460724030411210
576458452329722194
576460666626674251
576460733191100586
576458480490463717
576460739026320184
576456284708105059
576458524466139476
576456275081274858
576454150637625317
576460746918954937
576456266872099103
576456320209889502
576454135501221684
576454086012920661
576458474878966293
576458551220112559
576454126318327751
576454145187920370
576458537845119181
576456285085681761
576460726989528709
576456337904025541
576456323856420963
576458534726295692
576454084650719121
576454124515894580
576454126219396244
576456341712107846
576454139954917143
576460737375464088
576458471008959549
576458466469257905
576456320328438491
576460662787513644
576458468657151673
576454155180632311
576460730257535679
576460718336070672
576458548711597508
576458472124536659
576454133821609166
576458461910039735
576460660367404646
576454140842209603
576460672099406327
576458520586054358
576460733850920596
576454083119343516
576454124422156695
576454053208859361
576454151833298671
576460724578839185
576456260294775940
576454070794576131
576458526167247264
576454078109507544
576456344585444756
576456262203532488
576460652948144947
576456280542521240
576460674188524042
576460731459224503
576460666588685742
576460674712945455
576456345170808962
576456270770169046
576454146563566105
576456269924398378
576458549823029877
576454068772710625
576456321518170184
576456259430790876
576460681978924324
576458482653546905
576454130887418381
576458465361337919
576456350329042981
576458529311628165
576460656172893866
576454074077177326
576460722660662153
576458484336751427
576458462007280870
576456350072745404
576460649807422141
576458519317718440
576458453945895609
576456260676830256
576454082375191794
576454137399979786
576456349891965569
576454081300617715
576460675827206044
576456270574242195
576454151503207296
576458536845710124
576460734273514009
576460735290808594
576458532036688434
576454072236504714
576460677820512260
576454122669479696
576458520450650361
576460683375270651
576458534529866190
576454078739655965
576456353587727429
576460678464324164
576454083237094356
576456350067458705
576456336486205918
576454072393896257
576454151269184979
576456251576043135
576454070394949650
576456322781749854
576460682321935056
576456280255478055
576460673175937501
576454141713946716
576460737486538390
576460666892140297
576460665171432391
576460744024615580
576458547337718202
576460723668157736
576460750161700077
576458521700990658
576454140689444289
576458539026112497
576454062704612097
576456266759109943
576460656539932407
576460750347415372
576454061490733007
576456253902891067
576458534048028919
576458470399321774
576454066754008072
576458545098637866
576460674380207120
576454085169588001
576458541441842224
576456321005227197
576456343003822793
576460742442607330
576460672438353441
576458462009316820
576458475002013196
576460675423221718
576458534221442190
576458451141676937
576458549773458086
576460656173160991
576458545407784362
576460730215431666
576460657141665520
576456273513020648
576460731786359197
576460680139173392
576456285089085792
576458482522080049
576458452728422787
576454139567873332
576460678837655907
576458542892530235
576458479449417551
576454126662001448
576456271854408582
576458551794450054
576460739652916143
576456325688010417
576456338134831461
576458455348466032
576456269083494657
576454080697700002
576458479866492372
576456329402596699
576460681705706092
576456262817568764
576456254845607183
576456334223981815
576458483014981691
576458462299815001
576456258501447790
576458458347604958
576458455001612800
576456323297611685
576454057181242751
576456257121303594
576456279264039812
576458530650856838
576458481346624371
576456349421895544
576456333110961907
576460672479281224
576456252438689823
576460733845908164
576460674784226128
576456252925089326
576454075213939832
576456266874008039
576460737455734020
576454072100566259
576454068223738142
576458533466181616
576460725742106114
576456259891589897
576454143737638634
576454068021133277
576460723086848175
576454133558636658
576460741640192354
576454080030652952
576460750954308146
576458545076613906
576454079643676217
576458466355985084
576460672116248138
576454129524159634
576456350439046935
576458462485653410
576458552975588084
576454137969967386
576454146260588878
576460670015479935
576460724467824928
576458552203078355
576454067197594700
576456253311270310
576460654890498357
576454128080851702
576458527255653794
576460733672759907
576458474204164467
576454058009660057
576460680734576403
576456251905414403
576454141485759886
576460653667012751
576458452496369218
576456334241486001
576454060979644392
576458546841181480
576458459101450922
576458538836890893
576456329087376061
576458538338359290
576456258672265830
576460751198793880
576458461812183825
576456347910730168
576456348639197856
576456330380132253
576456268663683697
576458539988195567
576460737161756865
576456253952315093
576456281597135576
576456285339891741
576458473943889454
576460750965411387
576458527752065687
576454060953735610
576456273952807586
576460749254088629
576454152249343914
576454122507049381
576458553242616582
576454144266802399
576454132903631852
576458543581237206
576458471747734283
576454152259679326
576458457915629370
576458462487583702
576456282764990267
576454136407755300
576456283618544490
576460655295000339
576456320567445597
576456284210112845
576458477571217145
576458547329592050
576460670262150958
576456335656430801
576456323661998658
576460727749096858
576458474699070415
576456347515198364
576460678957267109
576456340668060068
576454060087915405
576458539037676315
576460738941528038
576456327270436162
576460666446418735
576456270777977519
576458460772723986
576454068911125074
576460723204781196
576456269961316342
576454128959254654
576458462851262481
576456282580071543
576454069699804651
576454074536287701
576460651951075212
576458462297398351
576458536203251620
576460750889360455
576456335331109242
576458520326878597
576456255873495244
576456325990495538
576460663331184066
576456267975811236
576454139810328592
576460717984955601
576454084278111237
576460658022839154
576456256407363823
576456335817984012
576460726177530306
576458524082364708
576456269863288552
576456255715261497
576456347756408322
576456332182534496
576454122339603054
576458461815041936
576458523796191925
576454071687338335
576456271553509107
576458525123048505
576460676374069519
576460662975064422
576454079013323000
576458461817369160
576458542399285263
576456351091089322
576458477294326708
576460677887506114
576458473156450780
576456274065144743
576456324594723266
576454150543492537
576460683071483589
576458457588691700
576460678382717583
576460730263298234
576460657671214326
576454141811352848
576454125240793400
576454154253776631
576456351335938449
576456353660885280
576458471423262689
576454132639714678
576458532313684336
576456275019994664
576458531769003382
576460662906309528
576454135796552327
576456331562042698
576454125288713743
576456324841484056
576460746489714657
576454057616003850
576454076939903480
576458477019569766
576456338709062730
576454137313810990
576456265385890763
576456259583625053
576458547949584890
576454139188291058
576456251787567986
576458550163652415
576458456998924197
576454052716690226
576458467662516695
576458520133163209
576456274175480295
576460653493041996
576458547981079041
576456252968953798
576454142996658763
576454153196405110
576460674087360311
576460733586697715
576458460397352188
576460649371256365
576458458784355712
576454121552675743
576460736327647278
576458546149529448
576458521266231942
576454136340567218
576460746557967700
576460651058960455
576454137413798386
576458520511141925
576454126620325157
576460655994831659
576460663274350752
576460726022416532
576454140643907515
576454062453954546
576456321157208627
576456342440948946
576460666422212218
576458551383991728
576456324798677723
576454067381397833
576460727547482808
576456341752852382
576454132945915276
576456327301380436
576456283547321605
576454066708544782
576458475592483966
576454132684123320
576454144976704178
576460718385316403
576460742191393504
576454121976643479
576458450627464029
576454150175013571
576460727211752371
576458456628453680
576454061997630412
576458536404324870
576454152644731421
576460675755978439
576454056731012935
576456330693853979
576454153964898521
576458475883685471
576458461155525777
576456265346819812
576456327533734861
576460662022576470
576458524366861207
576460735617288390
576458460973747797
576456352396871926
576460672329564898
576458456043431556
576456338240315830
576460732079396616
576456344398262433
576458549969943631
576456265479415429
576454127252419621
576460670644452789
576460668528750452
576456263839474110
576460720794066639
576456272286018817
576460664180947463
576454149579604516
576456323858423101
576456272767687699
576460655762223664
576456279163048917
576454151799929506
576458529194880427
576456325434169959
576456268145235626
576454054534688710
576460733460019160
576454131657724598
576460663023902642
576460742196649390
576460668983674831
576458478692326987
576460751430215535
576460718128076650
576456284414973244
576456330729050627
576460666079597361
576460667489396756
576454142298095966
576458538302633507
576454128924404594
576454079587245873
576454066700611145
576454071473532262
576458538429805053
576454132086781096
576456284162885051
576458467542804065
576456272056840902
576460737472942234
576456267522322129
576456285393491753
576460664169537167
576460742745631591
576460727933498198
576458530724410215
576454122595899390
576456353202436555
576456352022473432
576460742823049450
576460739788651379
576458538185300626
576458553075561551
576460747863698812
576454061378383998
576460751461551108
576454130343143412
576458525048039036
576456264027564435
576460670837920875
576458546185167663
576458544321068234
576460657420649659
576456329441508128
576458550079796236
576458527722237850
576454134491627273
576458525238256102
576454061977793300
576456285091464854
576456331598931757
576454125217188582
576460749924885186
576456352702717473
576456272627767452
576456263956726357
576458534896171002
576456279862377877
576458553027949021
576458483160351950
576460683507809966
576456328539374189
576456279766795468
576456280105290144
576456263361538253
576456253627756150
576456321987827945
576454065181268694
576454064180733183
576456329523519064
576460737913218896
576460655661038488
576458478069558806
576458482085323097
576460666611944222
576456327959018025
576454122800551205
576456280681553747
576456351238831241
576458462640838403
576458544478761305
576454133210597917
576456335065203966
576460749174637275
576460665653547626
576456348284759793
576456278477450194
576456273976399724
576456342674022671
576454061898588239
576454139809255410
576460651518934127
576456277087273289
576456347489349556
576454081271432969
576460658234129287
576456337165200736
576456270188511081
576456335685227379
576460737754456482
576460733892640165
576458464424034427
576454081821411355
576456325752338689
576456336610038145
576454133828780618
576460731986905322
576460663024689106
576456275276840886
576454083955497938
576454144942193386
576458472535765184
576458534953854791
576454086043176504
576460672135203539
576456253273043633
576456279344351732
576458472251274182
576454141358382003
576456253372293048
576456285103440456
576456258376387275
576458528475388445
576454150487638897
576454155064398123
576460719226026067
576454148911182693
576456322850579218
576460725017442791
576460654481877882
576458482151196162
576460672297935718
576456343254078583
576456272635188283
576460749232500453
576454073307168714
576454147238367344
576454123377437335
576456257741707504
576460750886552309
576454133079099196
576456274094315893
576456282238648154
576458482251574406
576456332075828290
576454084790226891
576458455901260324
576458533215946844
576458465273841225
576454080330806509
576458520466826434
576458478062662046
576454057750598560
576456328883637822
576454137921935297
576454059487087105
576454138475026494
576460750092681936
576456348374064279
576456329515497422
576454056495969436
576460746060417206
576460674998330440
576456353466842151
576454151301825695
576456255430559038
576460655861422797
576454076005073031
576460726579419545
576456340894015333
576456346067494130
576460664911725578
576460727465894357
576458552389924846
576454084989055315
576458524304875794
576460722519211394
576456352346810876
576460729255678527
576458543191348498
576456257137867249
576456257630401240
576460739283388980
576460722607454837
576458552909601192
576458473044359580
576458482991443120
576454075324940978
576458548754524030
576458461315805901
576460683509495062
576454135429234222
576454064220601272
576460656893239634
576456326454939838
576460746635157536
576458534132450329
576454055182427533
576456280890126572
576458457211685489
576454054852226933
576454138024033515
576458550877018795
576460719583641250
576458550718893922
576456260057669021
576454130356967247
576458469662612170
576460670153606964
576454053206272636
576458548467725914
576454145045737998
576460750400445316
576456252824354246
576458470941440641
576454139301574095
576460730547539555
576460728637438722
576456342758095932
576460738080189668
576458550188676904
576454079856204564
576456339451194366
576460650562254473
576456323129552096
576456251876998957
576458456866488675
576458481636475125
576460681392791671
576456279336103580
576458457988333190
576454141855756271
576454061910915160
576456263379537238
576460752128779504
576456277088620064
576454145108844648
576454154688662682
576454148516836544
576456261800228517
576456255672652188
576460723381956012
576456274805618382
576454121426298507
576460735617288390
576460745765892155
576456331492366823
576460750758773251
576454131138423512
576460731104163665
576454083402460676
576458532818361452
576454086361044916
576456283480894762
576460743087203609
576454153898441365
576454081058786076
576454057928112910
576458482855830759
576458548465768665
576458478984195265
576460739320525736
576458531499405694
576456334492611986
576460746431477340
576454149713497609
576458460806761538
576454139400872546
576454138481573544
576460741690868462
576458545126694877
576460663894849657
576460657369842213
576458542901725187
576460666320709315
576460739787782978
576460751863577418
576454140761447916
576454122337002464
576460732777789930
576454063127712956
576460662987974734
576458482584047083
576460681472279787
576456273476137320
576460738078015436
576456279598064671
576454152302994136
576454130480696736
576454149799503038
576454062504625467
576454122740684456
576460741047170335
576458523403315834
576458542027356100
576458481659714030
576454085173747016
576460673299200362
576454120981611515
576458537924581114
576454122257721248
576458474413865485
576460743023318845
576458524301499067
576458473900499962
576460742518671561
576454138497936565
576458459125136742
576460728098736615
576454080027987193
576456321277869844
576458471068188662
576460676118225783
576456348469778240
576454150900549063
576458471052346414
576458481149448746
576454130166371266
576454057614390577
576456282202595318
576458523304982139
576458468967674517
576458533861824145
576458534700441384
576458549029742874
576460752165906159
576460734230912938
576456337005810236
576454053315199582
576460718941233734
576456267877509875
576454081316264654
576456259524183369
576460674031362566
576456329659650286
576458549742310938
576456254290587766
576456253044071824
576454138183843886
576458483274800658
576454147877149478
576458540858000460
576454086211255775
576458545806778240
576460737856080311
576454071497692733
576456346715171235
576454086000636156
576454063214187444
576460650532435126
576460652444260182
576458473261614419
576460651520836213
576454062309717088
576454136544664834
576460736721323916
576460662856740845
576460665102774582
576460664264838470
576458551699959875
576458533483481201
576460559541786916
576460745698232858
576460062799862284
576460201809916864
576460053113203586
576460714399354584
576460686861580718
576460175488589425
576460596987297427
576460572953400738
576460564622403603
576460197865070437
576460568032096650
576460546173985784
576460749236440862
576460560237088549
576460558341747443
576459999965602898
576460049388797338
576460611609122438
576460023582423019
576460732123933184
576460700990679423
576460015763889360
576460710948315423
576460161864757595
576460000128007045
576460547915799235
576460691036422357
576460689433159140
576460606203036979
576460166963857691
576460725755935399
576460004456799472
576460739433570565
576460579171797795
576460613401505755
576460184186192894
576460160794319930
576460183906206675
576460602609845537
576460019846636266
576460596795835959
576460054979929689
576460042325054228
576460057821592138
576460025397878799
576460175337602183
576460198128328922
576460593162383200
576460009510044523
576459998699848606
576460552195647408
576460035053567194
576460199360764788
576460023605556360
576460732388877108
576460598436824347
576460727895179775
576460032484392943
576460560950049096
576460026380312622
576460585525412151
576460733614378967
576460549059576702
576460187099817288
576460569895060273
576460199725461604
576460044128553090
576460040203634663
576460037759776273
576460725113350831
576460153401753566
576460561142313533
576460036156973049
576460580567616586
576460724978141663
576460050430676976
576460173967673626
576460556321999987
576460717498174859
576460702888416799
576460148389083495
576460548084246502
576460135468641394
576460746854174844
576460158377682135
576460187073968178
576460704704003365
576459999041609182
576460139811470139
576460585092389825
576460052159457133
576460553407569302
576460548738413396
576460158843014651
576460136877824816
576460142486978380
576460040329476067
576460696023630747
576460579791837129
576460173183128838
576460608563035714
576460562118335552
576460695877149824
576460146736198440
576460601571961437
576460592037889524
576460723174438561
576460580703962046
576460016039908936
576460164768273613
576460019012841801
576460687440061477
576460610905174918
576460183059570339
576460604557825108
576460046220423303
576460045434616173
576460600042320017
576460575472279256
576460744528867460
576460571378780648
576460004961729349
576460688744185957
576460591048109597
576460729876778394
576460195318559524
576460201099991136
576460044331895389
576460064614031417
576460597210025101
576460184794691201
576460709956713129
576460686050538238
576460148017777476
576460189441730510
576460742488237170
576460612368114003
576460614372186014
576460747683925377
576460579176420046
576460727971656428
576460600651034291
576460722999094162
576460701445735910
576460750879777470
576460568471185528
576460733168156356
576460572236295449
576460561505692894
576460054470960408
576460017038217725
576460195574791969
576460585203548425
576460146317708971
576460196430985894
576460051587269370
576460012987086514
576460049304915765
576460713376317641
576460149183287115
576460747004033207
576460141008377626
576460721182910258
576460056400260995
576460738379610133
576459997221731387
576460046576333981
576460170157375819
576460547479270831
576460607919976804
576460744304087396
576460723132721125
576460194890521315
576460030398571300
576460690195802250
576460749881614124
576460038843849733
576460164290753718
576460003704540707
576460581523940666
576460561442980048
576460171280993361
576460546798883813
576460174290024309
576460035737408058
576460158050043732
576460686348826591
576459999961020744
576460556299202029
576460558665268982
576460186245605305
576460546656749769
576460168795142893
576460162315058918
576460202168631551
576460008075694613
576460183246072839
576460036980521540
576460608856838101
576460741841417877
576460143188054794
576460060923923859
576460547237362953
576460560707022695
576460729264407729
576460583218865758
576460180726452456
576460612463223041
576460567933784732
576460750650292944
576460167895283576
576460569656870431
576460591351281113
576460730067186650
576460736504128385
576460577318243933
576460043963507846
576459998476537378
576460746348929183
576460725783975117
576460574506361044
576460578221403410
576460201269658955
576460607174790634
576460554669856544
576460062797600505
576460047328995193
576460180808605885
576460153750175887
576460145022727312
576459998683915242
576460136476801437
576460720975985580
576460187160690979
576460596540049601
576460705848819112
576460025159434098
576460179289390579
576460692260883869
576460163711924578
576460736719407528
576460024774218802
576460550915918156
576460603580699684
576460751852302179
576460741064943041
576460160006741865
576460566704663820
576460606533078519
576460581308798722
576460193903599147
576460578647558721
576460049413667577
576460191431088636
576460015277597866
576460702210347542
576460611701989101
576460176089276609
576460036422459845
576460745194999128
576460551079221988
576460060137039933
576460718787833250
576460165310749528
576460719585986262
576460010212222221
576460137007698491
576460570448592674
576460569284754424
576460039229883907
576460713645562730
576460606203048111
576460030899747298
576460568085185901
576460600899558524
576460690680291837
576460019919089202
576460740326674938
576460033697405667
576460155771547350
576460719097904997
576460701045872539
576460160152443745
576460036376838561
576460567369108472
576460738436895506
576460556059684706
576460713726113230
576460606322585550
576460701130776841
576460198624456386
576460570013677381
576460573482518046
576460136866162493
576460152488998546
576460037017281304
576460013986872541
576460150752271632
576460058931561303
576460031249373347
576460716843559463
576460023999660260
576460059142372705
576460694371189749
576460153379321808
576460058091554234
576460601990090456
576460148967012391
576460161091898349
576460546347570215
576460701312809460
576460747798471921
576460149870249268
576460592634636339
576460579258587249
576460718391121753
576460049524622425
576460152255266225
576460146126895131
576460608375375730
576460022380719196
576460593570869524
576460039500370733
576460153671061906
576460160772384020
576460594817087489
576460559684130530
576460685887446858
576460603550665623
576460161718687207
576460725347321958
576460025292839719
576460549904780262
576460003936938222
576460188478176116
576460062358329837
576460575175166979
576460744179188849
576460701895693051
576460551357712451
576460154432790168
576460746669884058
576460551786294665
576460060105275142
576460723169933308
576460176125244397
576460723714205156
576460197865070437
576460745930842854
576460566472281504
576460555633336854
576460053336096176
576460161206494728
576460690975632011
576460741563449255
576460028544539487
576460606566404003
576460139992987301
576460734035234257
576460692553137770
576460577864077518
576460725206697812
576460195823842075
576460699736554598
576460062498520730
576460167267177198
576460725946230762
576460198538739143
576460733828965024
576460550834805450
576460735985211203
576460036818308859
576460565239188690
576460007023468793
576460147586891498
576460613983139368
576460685978688921
576460142720611087
576460596785307715
576460024416772724
576460599961044759
576460747777782105
576460061540952770
576460552667932149
576460150451111765
576460547581779670
576460706321223708
576460747724935853
576460162062327427
576460056690549735
576460138405775617
576460176724429152
576460063468789854
576460583715048655
576460028396085029
576460179568948293
576460547529671167
576460547457439481
576460055861664898
576459996708491053
576460690936501561
576460170781502455
576460149953664929
576460156455978968
576460193407844426
576460701632753049
576460728919669563
576460034650387859
576460709526523741
576460197869522891
576460559656760666
576460608993430591
576460016398327257
576460135295830057
576460577267620096
576460601978189759
576460047143449668
576460565890813112
576460564067254143
576460748684193757
576460027535006718
576460600874598494
576460013456525016
576460028563679251
576460135684374163
576460157284580307
576460564215981922
576460027822457855
576460197829719987
576460044065111746
576460578446323104
576460143015851231
576460740352581764
576460035174095289
576460560995845657
576460161761767111
576460149874915454
576460028905186391
576460139904220385
576460741485357169
576460738664716991
576460033453121298
576460721799737924
576460134886743331
576460605593886793
576460056076000859
576459999706695993
576460146793749511
576460736014325305
576460187073546770
576460201859446220
576460710960292765
576460725143036604
576460134207045711
576460005855429257
576460009193460159
576460049598032224
576460194726015915
576460022128735150
576460144848173859
576460721886817829
576460168386542921
576460688530386006
576460061974098213
576460031464940168
576460570757687184
576460550441476885
576460039175123474
576460043524053281
576460585058596016
576460547769571571
576460697334759231
576460601895979899
576460722055745387
576460159976635054
576460064125950483
576460553409111778
576460192444718096
576460558665633312
576460041652053004
576460696647541624
576460031786914423
576460052582933630
576460750991270414
576460202533586556
576460142947668711
576460745687257087
576460575539559705
576460057971968308
576460188945803452
576460600507383702
576460010796209798
576460548256799659
576460046471370309
576460559973108888
576460546862131561
576460558855073208
576460195110632773
576460715866586595
576460587293376573
576460601996967359
576460056391594079
576460054980246164
576460707079091605
576460038557839869
576460162103722646
576460748930815911
576460568479883790
576460035566730495
576460608799240583
576460716751958234
576460035317204737
576460613723538341
576460049852672881
576460551946775546
576460713480790692
576460559578701803
576460011262228903
576460149768789088
576460190101573985
576460060066400753
576460171305804063
576460694030656489
576459999097351240
576460190566314530
576460591831330083
576460039030215852
576460020237940164
576460575648568625
576460578150547152
576460693913340567
576460028968464118
576460751937619873
576460037002811142
576460005042177119
576460729342985401
576460706077957396
576460058712541453
576460159433349775
576460735921309258
576460149104582723
576460718840153560
576460060004074298
576460038522047154
576460019222655761
576460727805614080
576460010591861094
576460596715258182
576460038315408995
576460000052859033
576460186871821222
576460135339271559
576460197805667025
576460610695667101
576460576111673553
576460559004557771
576460749163242020
576460578111045790
576460186128851299
576460044656350041
576460027011523172
576460140783272199
576460599495798293
576460715845841747
576460145036435838
576460613981158537
576460134080304630
576460685558958002
576460043334762222
576460741201696004
576460178673453420
576460573710286012
576460052271293954
576460684691859912
576460028793343788
576460058040457667
576460688666840521
576460051173527307
576460690869774187
576460025440879227
576460713026514177
576460055834220792
576460718268521748
576460163075876267
576460690078959144
576460052254254108
576460045146610572
576460570721427441
576460028569158760
576460726411591086
576460058877529771
576460174081045310
576460146565072965
576460716165804057
576460046303585222
576460592469440281
576460008729364798
576460707880192183
576460159766755253
576460041667544947
576460687804718913
576460045023468400
576460010479503815
576460012979547010
576460143412260944
576460743722022526
576460610462433653
576460563052574754
576460161047251040
576460721231206811
576460557488101473
576460558325230588
576460731795660767
576460551395703507
576460706041228572
576460016319285193
576460583820467963
576460704152573416
576460713672900004
576460196025751453
576460000391468085
576460700327618919
576460735335009598
576460705065701644
576460200589605772
576460609629714119
576460160423237022
576460751879852679
576460162464786800
576460185748005938
576460549725100947
576460040335926383
576460188387737474
576460010998941726
576460006657794390
576460145433330527
576460135664687014
576460571322329032
576460174450848211
576460718631904884
576460550159826406
576460142402990277
576460026562453853
576460170558375035
576460045202494815
576460163692427650
576460706649825846
576460151298549708
576460703465310480
576460546782026531
576460609550470320
576460031980821046
576460695260499918
576460061665132856
576460733726091364
576460054427756752
576460192567657119
576460612573572299
576460030785209758
576460038244594148
576460718508870961
576460039392991886
576460736836852574
576460593349854415
576460594358534375
576460037740300555
576460719395253423
576460139674854120
576460196768876683
576460013124102424
576460174173429892
576460179146228220
576460567627179473
576460011713882020
576460704301547185
576460585028372765
576460178639875005
576460613329060066
576460698557415287
576460155612677218
576460154249226162
576460200905655796
576460612710677635
576460546758228465
576460200824504701
576460154119033160
576460748396939328
576460562284945652
576460591772497332
576460555749968209
576460051824642784
576460027253420458
576460171236648151
576460054780890988
576460717910927081
576460148081764163
576460058415452869
576460599992002686
576460028983436149
576460570788437610
576460188366918232
576460038227118377
576460144155588232
576460578178324230
576460741201458159
576460707897576768
576460689751652215
576460044841570552
576460731683970713
576460006152916094
576460552629176138
576460029159875596
576460160465289875
576460580950957998
576460593982065492
576460172530082106
576460058657726832
576460059732722795
576460152605054364
576460016163217331
576460714379237308
576460747722582794
576460730450611889
576460612280246844
576460736960895008
576460028664210841
576460572547591846
576460166495054654
576460151836223779
576460580340306451
576460044798384470
576460064501972030
576460567754061083
576460705420917918
576460692616404788
576460706335252659
576460584153175945
576460012828879906
576460064163202406
576460138415131882
576460026339210465
576460050573184175
576460198607360379
576460136237385332
576460192470446361
576460605816251627
576460037435765552
576460729192393228
576460612855448943
576460135208058895
576460175954629224
576460007202489034
576460013059818554
576460592913330762
576460049977312189
576460139673807644
576460717459866135
576460736322714790
576460148833411137
576460602642835270
576460003474364294
576460136052103648
576460559911440907
576460692744093385
576460550784842985
576460189945857942
576460606815463596
576460710612634855
576460563820981320
576460172797780067
576460025458167672
576460000081381215
576460711337219415
576460173631732461
576460137092728270
576460580902929409
576460034931593124
576460008396608597
576460746995020136
576460613611683799
576460138185626548
576460182439773953
576460726276745426
576460739745788320
576460062542551371
576460012630250206
576460193597422284
576460029894393111
576460009634644059
576460164780015962
576460000151946000
576460577857281270
576460161634999888
576460736740952745
576460552815717004
576460597614721740
576460198629386584
576460153200412305
576460024183083894
576460750008130852
576460030875373758
576460168855953858
576460721736586401
576460197269656067
576460702541277022
576460000416518542
576460697786566222
576460151649716850
576460006481790668
576460598120892614
576460703284179485
576460054687568422
576460185871606817
576460748947069626
576460576261427247
576460041725456799
576460029630419656
576460153091606644
576460008433770590
576460734781858975
576460694178791552
576460724664076633
576460571978818675
576460059525505771
576460141225448920
576460005671711077
576459999047349943
576460031923970757
576460149825754051
576460188547039266
576460685691771657
576460064497834679
576460162409074886
576460135088226806
576460011168315079
576460717132451435
576460580688118466
576460048475669286
576460588375876451
576460718480520405
576460031613322888
576460016942409776
576460169147786234
576460012753295832
576460566640665372
576460574270952746
576460591946862452
576460141968494574
576460574865525986
576460043425796772
576460590985285736
576460711086175443
576460729307788319
576460694143453843
576460590558851696
576460559405183974
576460028385467248
576460008287928080
576460147254219000
576460052390925990
576460605816251627
576460198965425917
576460195834023459
576459998021092468
576460015082599859
576460715347714544
576460049897316101
576460163784694403
576460704999386807
576460150053817812
576460595162612723
576460580060532691
576459999374901226
576460583098714535
576460058310508651
576460721605681996
576460154713746105
576460178497281197
576460605920058475
576460047832480202
576460000235488893
576459998667259536
576460016286748080
576460737341333594
576460569306029480
576460585061666470
576460585647944209
576460547391801933
576460548106464750
576460034540886398
576460581966112097
576460587315358774
576460155818877883
576460176272971446
576460156468269236
576460169619387015
576460593247357384
576460047849286917
576460700440378243
576460153757829860
576459997004274860
576460012329797717
576460731051640372
576460034991958294
576460744535531491
576460697279317019
576459996613593378
576459999514770523
576460190278078343
576460562302045779
576460571751982391
576460686262273992
576460157521236144
576460142046369042
576460144244074990
576460188016896445
576460574873451824
576460134627916356
576460728278801659
576460010940939368
576460752225613404
576460717137451081
576460747900711454
576460172432266299
576460565089492742
576460747781554689
576460712676351945
576460000826433143
576460609788008701
576460744737820532
576460026802118986
576460692271192536
576460134450772416
576460198733543655
576460590519542559
576460153844696787
576460170266199856
576460694331031444
576460035485186601
576460150532288061
576460704417903969
576460017871113483
576460604971445428
576460054266711224
576460553631127655
576460589882933012
576460162596152078
576460742735549823
576460007051219725
576460714938181839
576460692745156741
576460729156761389
576460600659044048
576460706728944277
576460595083759323
576460148953856148
576460048843805598
576460716377061864
576460712107112488
576460559070042982
576460136848267228
576460605061592824
576460720817564650
576460697231827233
576460151057207670
576460591325961287
576460001292194590
576460196443199602
576460166435093616
576460029522172939
576460711383833216
576460023056929356
576460736016707649
576460187978174378
576460549348204113
576460712732371817
576460735307587876
576460611629594042
576460559537849473
576460564859825797
576460732604437653
576460741580884089
576460594500112748
576460581420279105
576460147044298445
576460574130242746
576460721502564752
576460700789443051
576460020848948746
576460699858528647
576460055914981040
576460038457260505
576460164924309550
576460562884018735
576460688219108814
576460015072577067
576460158525548181
576460687866680513
576460670447899163
576460520696189737
576460632927958574
576460746543865896
576460702191631276
576460692215491819
576460490696731968
576460621613473744
576460519259443474
576460511386255914
576460713397697586
576460698676552313
576460563508711019
576460607574551828
576460545707406250
576460741156652792
576460591537228604
576460625919830862
576460480732840190
576460627731209380
576460668790142594
576460600676905296
576460605212885175
576460591457121954
576460726751796857
576460694757893959
576460727548340886
576460649594565144
576460684860139364
576460693214536806
576460691924606848
576460485298632301
576460481376743563
576460530065709075
576460539324965472
576460610011441665
576460517531529678
576460712444014487
576460672339494791
576460627643916650
576460645765621084
576460557970597435
576460516626091267
576460750181249871
576460640732376307
576460747147947328
576460506204537451
576460554954631646
576460696406985435
576460514657150068
576460622715437758
576460649821519572
576460581058152632
576460596320721436
576460732985627461
576460598349211602
576460557731921103
576460639732028470
576460501173930588
576460749928093213
576460712993957501
576460632628048487
576460731738496453
576460742442728644
576460721669345632
576460700391772959
576460528244862732
576460749774407902
576460482726534566
576460734946690145
576460608572242251
576460574919021000
576460643494989468
576460519385366308
576460552540745835
576460606669974566
576460540823874575
576460493509902793
576460529926685244
576460679775942489
576460688535027168
576460618613168331
576460550170878199
576460535800019149
576460547711715751
576460706699956437
576460708228709513
576460697576820127
576460645357787439
576460718622225782
576460620788464779
576460654708354871
576460601877040853
576460511631132038
576460636206708733
576460707463205921
576460523776379210
576460624684538758
576460593191213219
576460580638236560
576460561294889722
576460590049631306
576460644802522652
576460635561001444
576460589924057659
576460614970044596
576460589226647152
576460646582259759
576460733507343269
576460670135614051
576460626972627366
576460558684878045
576460576436809956
576460668560849480
576460602923169015
576460646286156842
576460658883801512
576460595880928973
576460581499134424
576460642898938841
576460613678704858
576460610863134565
576460718431964819
576460552642945663
576460514323060484
576460611924373797
576460641470631597
576460639953375366
576460604469332622
576460536105783397
576460681896074221
576460567050644964
576460600906856721
576460643789749268
576460629636565808
576460644345278311
576460486572536322
576460609498849459
576460696981204404
576460690684800156
576460598453593833
576460529654010473
576460580903459362
576460622408792731
576460569680275264
576460523992294460
576460618011986443
576460493444953118
576460571354910218
576460639958920714
576460627996526339
576460557782553284
576460630407759585
576460602707289252
576460525269231225
576460671044371921
576460744917463348
576460506620487420
576460565573915333
576460708225608205
576460693586392287
576460478276727759
576460491927524097
576460737667816712
576460626020027565
576460614764487433
576460488154799980
576460735472021381
576460595635809478
576460484319650822
576460507491335928
576460740425562232
576460530905610912
576460678124457228
576460513079471457
576460706990870107
576460477703544716
576460607694264058
576460515357978029
576460685750268717
576460589449640391
576460511915599078
576460578264018171
576460538027497109
576460670085452310
576460561850258481
576460635447061170
576460692103611159
576460721970169248
576460483434940659
576460553752291925
576460646625665684
576460597924026483
576460597807671095
576460709255423140
576460567438097643
576460686132241505
576460503576260677
576460685871687706
576460749808137230
576460646224369520
576460625153018744
576460513928122057
576460693756237741
576460629639935704
576460609342853743
576460578748591104
576460595931245430
576460638018738544
576460632777497506
576460705697588538
576460635001774006
576460654313705938
576460495828305317
576460739332080228
576460678481464454
576460633548205515
576460742411036948
576460681375642341
576460629476754139
576460493514323101
576460689360650496
576460673910354128
576460584173403712
576460542445087015
576460745334074318
576460514886655100
576460538816967316
576460709465869279
576460556426040002
576460507787182957
576460508993061000
576460626191702146
576460740103380246
576460611682054988
576460477536760006
576460674636265524
576460665084757335
576460751908162779
576460527055736060
576460665755606402
576460700932512711
576460601459602647
576460552444593505
576460663794784264
576460484917933746
576460514754646899
576460676193675015
576460494430865070
576460650464493704
576460603286029442
576460516412294718
576460727552400265
576460484550642203
576460551084792042
576460683034511454
576460723181084715
576460489027866637
576460682146970659
576460611045959062
576460581791348654
576460743418820547
576460560980915607
576460545152051143
576460484454354347
576460640062477363
576460727527285916
576460642418321038
576460496013911300
576460670381681332
576460740292395737
576460554852195665
576460695896549432
576460708363468037
576460578016598395
576460563392526080
576460690166344618
576460516073583900
576460735625251000
576460536487048798
576460693255661670
576460601233755460
576460528328667388
576460638085860762
576460589448845846
576460601551330566
576460641837781207
576460533175599843
576460517938983180
576460524866911598
576460517893772469
576460688745835507
576460626294370934
576460513336983499
576460735416484524
576460735217738820
576460552743792148
576460647882917712
576460595007858080
576460642291561576
576460502028323127
576460748714226344
576460731683413208
576460533609028845
576460515856612700
576460485017436962
576460578646864854
576460526644440245
576460580477690647
576460634164904783
576460610153231957
576460493929590834
576460585858476916
576460554519768885
576460704630087570
576460669267359769
576460634159472210
576460702619873967
576460530046862662
576460748714226344
576460627753400715
576460559065022142
576460631074710350
576460688734979683
576460511996728648
576460610508993501
576460583164539791
576460722528787057
576460686822025958
576460570572635910
576460710050276398
576460511943704036
576460519162141091
576460585615495779
576460666199880640
576460534342979078
576460560960516000
576460565905953974
576460668754658175
576460553037954561
576460496240636281
576460733231892402
576460712852073238
576460500524318076
576460582607994527
576460706978195043
576460478031531604
576460514616031396
576460595880272095
576460686288583924
576460730503661013
576460515743596201
576460493636463540
576460645517817586
576460583598628441
576460641412983470
576460740297491361
576460548570669371
576460656807926131
576460595657416204
576460626613524943
576460575731202205
576460695450533688
576460717164141324
576460701332996247
576460484259595163
576460656841255480
576460531071463605
576460645769136759
576460659869025829
576460601546876412
576460638418050832
576460671901643412
576460666915837977
576460712380502551
576460544877691689
576460603393494619
576460611660896026
576460578344735937
576460749332003209
576460528722949450
576460748925771191
576460686107114448
576460726690928922
576460659117487096
576460516575614697
576460741706763489
576460489966382144
576460739943598809
576460608436510052
576460584277314287
576460632839300548
576460743016223285
576460744160754831
576460544522684782
576460512222683383
576460684794213339
576460618069126365
576460573300821159
576460511653228943
576460619154283046
576460507028741910
576460541104142509
576460540149756997
576460594211980393
576460587745713159
576460523513069766
576460651583004828
576460738727546041
576460724945383318
576460498024901309
576460516751782305
576460674298573022
576460694854847299
576460707865577967
576460633004604463
576460492945942078
576460549099971200
576460556936474141
576460714244235649
576460739631250852
576460561341051738
576460710947496594
576460682814006048
576460544134222533
576460682060488310
576460674852589153
576460704262847481
576460492939568801
576460507647163869
576460738818017026
576460668678322790
576460722307720811
576460729219472455
576460596461954750
576460689561726326
576460751516966319
576460520545066625
576460514164809848
576460616486765417
576460637556793333
576460555372236806
576460566983944641
576460529559600882
576460629680399194
576460644005648820
576460628163069642
576460621591378829
576460721450867201
576460728582043074
576460514381530550
576460524876381045
576460617883079451
576460632486551180
576460528604104379
576460631431245937
576460607977435139
576460711362860164
576460575682946968
576460747438039494
576460705852585128
576460736538800785
576460485411999376
576460647300473552
576460602144491055
576460748249469524
576460669447980545
576460569813454463
576460579014167655
576460491427793775
576460594393105242
576460683936584279
576460496629321527
576460478099846956
576460657129641864
576460541044010964
576460723397242082
576460594642942736
576460645950797623
576460694029812902
576460737975587164
576460643656623527
576460545921453755
576460545929852637
576460543413624534
576460644643049428
576460556134184218
576460616184149978
576460544231568795
576460615257888130
576460502482300647
576460578374541014
576460697392877329
576460631125799885
576460554305957701
576460559699916760
576460579150662793
576460554736886440
576460519691908457
576460487984169450
576460750342402167
576460535536820625
576460731677048996
576460651208797429
576460673479214245
576460576898893416
576460552995297045
576460688229506303
576460676018709412
576460614256237478
576460556847167079
576460518853705713
576460729216070190
576460659450132061
576460620894963262
576460648899459387
576460740760494012
576460678558672416
576460510934840655
576460510879721457
576460669863323431
576460543119038367
576460527952319042
576460483827158648
576460607511785088
576460577420149164
576460572571038564
576460673564455701
576460635161052576
576460600243870547
576460550344333577
576460741514241179
576460657558821771
576460597024710694
576460751621513881
576460536955921250
576460702406299348
576460682657916570
576460552243323953
576460705755228827
576460644370931347
576460495713061716
576460633469461044
576460561630622733
576460607162454551
576460606301798046
576460553986979753
576460537048727589
576460729746289350
576460529814338607
576460602504183825
576460679747747647
576460688356502434
576460732912282035
576460666114937523
576460739950866331
576460539167678603
576460527765075910
576460619806416447
576460589340688215
576460739046904017
576460633350834252
576460569728924385
576460598348635491
576460747855900972
576460582881683302
576460664509099490
576460570990830977
576460603674913457
576460701904779877
576460536687471244
576460737183091740
576460631833863236
576460572710849107
576460633261831712
576460537855522946
576460733521604251
576460612083242897
576460682578834356
576460586466620035
576460679264100944
576460507804612002
576460578866138787
576460647777201209
576460614408851165
576460556494840520
576460546456652195
576460731834737922
576460731882721269
576460701635015296
576460520877127009
576460572367206006
576460701566286149
576460666287622215
576460695598678839
576460514862641867
576460720035690777
576460504348725332
576460586964141127
576460618483805665
576460649476569816
576460720624115162
576460647176380216
576460604670003287
576460633844203129
576460659354468610
576460521200649802
576460715805928064
576460491544304236
576460555348152497
576460736891850244
576460700213521624
576460611415741598
576460630125710333
576460524390582832
576460610839439390
576460499615389565
576460577381818191
576460703586128915
576460481430034215
576460559759804116
576460674318067028
576460704780571754
576460635616434519
576460732188698268
576460555190089064
576460666177913613
576460530330020308
576460628108272975
576460633622602790
576460738980883606
576460513752176585
576460722603982469
576460737555488800
576460590116699557
576460540875731876
576460549922734177
576460581693097866
576460516420831519
576460493724817605
576460636724114688
576460651863636422
576460743193438527
576460633302220561
576460746833517326
576460666236673982
576460585640761497
576460483466290699
576460579271924142
576460669889041857
576460542124141042
576460561896204041
576460511087264807
576460581358438341
576460606101135268
576460644404410786
576460662994338229
576460559560297217
576460576889428526
576460576274941996
576460520604894717
576460682235432589
576460581412557137
576460672918086813
576460743181153616
576460674749327910
576460657160800284
576460513844900586
576460662423707493
576460505115452560
576460644050257258
576460492822587866
576460716098611874
576460561887982269
576460610674999276
576460680458236965
576460691460416888
576460486758393912
576460534155367071
576460719365743010
576460553457647927
576460704399325066
576460688909136807
576460630838766863
576460699136631100
576460730265747714
576460654170862126
576460610910252565
576460661637666343
576460689850731992
576460609507183924
576460529261559938
576460717041853493
576460720702940102
576460522312102167
576460737060035831
576460743212720667
576460528008324157
576460613624629807
576460559411063607
576460532017638677
576460553528198893
576460559992367060
576460641666478101
576460741283751671
576460521899289451
576460588844003927
576460736936172749
576460628349434099
576460508432261110
576460554673228811
576460541469476014
576460711718068140
576460606169461939
576460534981824648
576460744734503994
576460541506165506
576460642915670387
576460571708438995
576460723907095228
576460505412346233
576460553580807898
576460696746051801
576460668737808589
576460644423674161
576460643612737385
576460578884593783
576460510254637759
576460636522175004
576460657614202877
576460506982668018
576460713852642741
576460668319236647
576460575463469276
576460545015049492
576460676794423139
576460514431991680
576460731483088239
576460547747873992
576460640562317236
576460580799291843
576460583672942661
576460702777907167
576460636148999483
576460711606538487
576460663623577568
576460571119093394
576460710259649859
576460546756848837
576460607869950429
576460485312308831
576460633517733829
576460712007936600
576460606293090017
576460570866595262
576460617720663954
576460511218690230
576460579641288157
576460594880677828
576460511738494568
576460705601175729
576460723113016166
576460607218482064
576460537170564287
576460552516650850
576460641480796652
576460704071058967
576460541628271041
576460602250683733
576460617243531763
576460599794971174
576460523277212487
576460647841870279
576460636375886963
576460690138833484
576460513669424343
576460626623653772
576460610627361731
576460551068651923
576460483212718428
576460563814865097
576460543289042797
576460529212064520
576460533948029969
576460526119452654
576460611578458331
576460623582702599
576460531730640582
576460696350845501
576460692765291207
576460702500085806
576460592248359676
576460706394644229
576460574411634401
576460663801714706
576460703431704712
576460719629445660
576460708675554740
576460521008425788
576460596404842357
576460607704781477
576460539826721643
576460712422796165
576460697800558922
576460629175169540
576460752052223614
576460529050855668
576460513102871749
576460673313244575
576460540768797507
576460648021896623
576460619818896100
576460659504708475
576460497746243080
576460616983785786
576460625915038539
576460639701406479
576460721421254500
576460501497515619
576460713319367221
576460700161952129
576460602605503964
576460618595379984
576460715708035779
576460537151497747
576460597992981764
576460528783014068
576460491275758924
576460505959398528
576460499049520487
576460499228513723
576460576907981583
576460606077462746
576460505697178236
576460565735092116
576460587091570567
576460593221104918
576460494053181287
576460517076872336
576460509989483254
576460710489772210
576460581307272818
576460496980373117
576460743648048318
576460711248217685
576460699549938956
576460541829211515
576460482968051564
576460583250113663
576460543984048615
576460630664884667
576460726150614544
576460592740878570
576460534361706650
576460639530633433
576460648198149131
576460581421015638
576460607353757903
576460744184742677
576460577874901736
576460739558844856
576460522911815226
576460743678982538
576460533921534781
576460725144559363
576460540933653071
576460741147828290
576460724608284337
576460612925543052
576460708579430828
576460715816559637
576460704475313844
576460707610845361
576460740147042494
576460645883906990
576460606894494155
576460702634428775
576460614090580886
576460718177195181
576460527607468767
576460497673953010
576460504271488439
576460682389320236
576460483632904912
576460642737084825
576460588986436747
576460748049677503
576460490498530189
576460632159728322
576460737959318467
576460698135603671
576460480612633001
576460604119151922
576460722859113823
576460588729801982
576460598333189699
576460611713118448
576460567448804825
576460502353512625
576460692943820474
576460595559051914
576460558999584467
576460586830272630
576460483572505743
576460731438398552
576460734541724138
576460499034594357
576460717724328865
576460645958052252
576460709858401245
576460749570541199
576460641464557818
576460622021982459
576460695082652488
576460556139716596
576460482472341391
576460480218205724
576460498243181005
576460745385083483
576460556099235614
576460509606163329
576460670509228986
576460539627546973
576460543296626487
576460744797468155
576460545163906824
576460680182223787
576460720014913941
576460702470991687
576460514875233258
576460528130688134
576460689161556957
576460661134202065
576460577740633406
576460522745885142
576460658815816905
576460691135442326
576460539969687480
576460524110419134
576460591162049555
576460504625509496
576460647494167760
576460593693522501
576460478158060234
576460541856004521
576460563995300374
576460716527232666
576460535703370051
576460534411626715
576460740178981910
576460560948516477
576460721192989831
576460623125473449
576460682255907964
576460707931303608
576460506449283335
576460699017621582
576460733184761874
576460537978326268
576460494805947444
576460567011725744
576460530934900100
576460493913352859
576460623134832784
576460596527987928
576460668177545188
576460481214886758
576460550493194629
576460588538063916
576460662373581105
576460486883939611
576460641211990889
576460730518173928
576460631355917990
576460527317744599
576460613173908370
576460686224507639
576460613900156925
576460684321327863
576460571051039680
576460583702400032
576460585766560968
576460708841364084
576460621695828210
576460500865756766
576460558820284390
576460574470905525
576460675554927317
576460710285099270
576460716446810741
576460559463638550
576460749330552040
576460678156167034
576460491929512139
576460700550274510
576460531966897694
576460521490015594
576460594931142795
576460563896863241
576460554468573044
576460184597535044
576460109938308838
576460185089510414
576460171958500585
576460102368939938
576460722499357609
576460660906331104
576460674142877735
576460122049500195
576460742957308621
576460746990954138
576460653415842675
576460734222635692
576460723193034081
576460093243834542
576460705288440654
576460114092585407
576460749564954057
576460699796015139
576460172197125256
576460089456291939
576460186361379322
576460720159362622
576460161261705654
576460747540191236
576460188330837956
576460627185216046
576460099071332529
576460644354649134
576460097071565895
576460616555864240
576460185979611056
576460173035667532
576460628774297394
576460091568607092
576460714378278059
576460668431826255
576460149457324361
576460155028010146
576460142350437470
576460699442760098
576460066161860203
576460169744310262
576460740501093205
576460090411511108
576460083504448746
576460718976489072
576460744942752968
576460163238698842
576460672685064967
576460069169735422
576460639417142653
576460688896447345
576460702736526354
576460683839882620
576460728490257420
576460143329050152
576460721718695487
576460125696639816
576460145805519421
576460091934974561
576460091363777985
576460081733775590
576460173977119218
576460074078075355
576460644278743170
576460148435349061
576460689194563825
576460093248177451
576460735398087586
576460109536558242
576460187188720370
576460200620518815
576460738128521191
576460674165867274
576460192915003939
576460624094678878
576460074107235838
576460634844498403
576460636065344113
576460119607332604
576460751741960684
576460112994300051
576460664882666209
576460699652116030
576460735259936992
576460647375804562
576460675740999265
576460120064383140
576460077035149379
576460724184946535
576460127989060178
576460113287921161
576460160431757848
576460725514545437
576460705647429443
576460654723582089
576460626179540174
576460717787663944
576460744158815568
576460697654727826
576460177668420041
576460621337534706
576460690960584861
576460648901929899
576460200269414300
576460640862389627
576460717494013855
576460666275783074
576460687284079832
576460707696650871
576460088537627882
576460620620143351
576460749640373285
576460194998296957
576460146167044872
576460107892297783
576460071571494345
576460747017664106
576460665441483353
576460150544091560
576460192446590719
576460129717995466
576460119848290433
576460193976429520
576460173977119218
576460741800623291
576460098520804086
576460132343801110
576460652473784000
576460186282221365
576460728818793069
576460194066221866
576460127755346070
576460065512615341
576460090734048810
576460662386035437
576460689302676093
576460736599867946
576460129490708693
576460739644760491
576460081346421128
576460651888710194
576460079079095078
576460733388665147
576460732873168560
576460621020974623
576460070179568938
576460695164644128
576460129016109857
576460126571589875
576460069245839931
576460731605752246
576460674228602953
576460151501463977
576460737807352782
576460653893491448
576460721660952890
576460188270553415
576460107602662878
576460633811046226
576460655059033627
576460074796772610
576460716145504551
576460163532613650
576460748869837660
576460068506128567
576460159083520028
576460138831134960
576460157229928847
576460620704071815
576460121659369144
576460744302626902
576460159405679234
576460173413510136
576460140420205425
576460085448254391
576460649812064032
576460116660727971
576460169176176450
576460112485289098
576460748311718822
576460080265748330
576460695277227283
576460194390249613
576460650066345846
576460744936494539
576460121553220876
576460075449889594
576460680658325467
576460149495880082
576460129117090631
576460641603449149
576460705639523687
576460736200020974
576460131175813307
576460160234146272
576460154766749642
576460748012389083
576460173705519854
576460146320154720
576460109174406444
576460633311000178
576460068106962984
576460726029348028
576460666362962055
576460167891806965
576460148288190668
576460179056667934
576460125217497486
576460075763861084
576460108714353425
576460164735565818
576460635443240950
576460616881139572
576460136205760884
576460151827275646
576460081450502605
576460189634088644
576460666683646619
576460075567412567
576460732660858485
576460664574844093
576460731703017519
576460655875907214
576460122612991458
576460712134454628
576460134724392396
576460675440092553
576460150902945943
576460180114216864
576460616355030852
576460714854148987
576460092602745094
576460652199506494
576460095438173369
576460141156380219
576460637517952641
576460639811101955
576460653543795483
576460199395808429
576460089680969325
576460133901197266
576460620574044333
576460683847203736
576460194099373257
576460095083546303
576460175882441099
576460083199981738
576460097315997386
576460649117851869
576460081363055379
576460621839390898
576460133080325379
576460081660603583
576460142236441937
576460125617972603
576460119597680198
576460127718450088
576460648711231824
576460112266437394
576460750798279806
576460137242506859
576460184785198292
576460105267743987
576460119642965844
576460096250754573
576460723319159189
576460122945891057
576460117310240304
576460109176862641
576460742066101043
576460082226815940
576460198437314916
576460176714254038
576460724971169614
576460135584146332
576460632766035369
576460156914819520
576460113596251550
576460630934487104
576460619593509849
576460094492421117
576460649991636391
576460742908962005
576460633055577724
576460124632036800
576460080400993007
576460147131830160
576460679856147101
576460112765890062
576460728249194236
576460677795142222
576460175979776144
576460740652821002
576460077399592201
576460171304548191
576460713006493156
576460647192209711
576460747109284399
576460095560699399
576460077491636006
576460144472860151
576460750313227057
576460100794292273
576460194684792259
576460639261768445
576460675007881992
576460702914914581
576460715178975077
576460746686363867
576460643370379880
576460197264626860
576460158466896116
576460692967516530
576460093593919191
576460097578323099
576460741320545768
576460746974313469
576460108880164464
576460119033515483
576460179842028019
576460700369209265
576460702277378592
576460104861667737
576460134124269726
576460733779814038
576460106533278573
576460160158741512
576460723339903455
576460084085473877
576460193223767517
576460695994391991
576460152013500381
576460703705178433
576460627573767736
576460158928316198
576460163942464914
576460121631882929
576460182402259520
576460695495660831
576460174568888471
576460140954432721
576460735156947924
576460617826560509
576460118979827966
576460662682112143
576460133047327119
576460191358130062
576460718526721324
576460626836443658
576460733007070682
576460671379714234
576460167274697818
576460720666374857
576460132322098676
576460717206472107
576460700522196219
576460649267576085
576460743227456218
576460728917515312
576460694268586183
576460164038400243
576460637850708198
576460068456929915
576460067287288882
576460702427812231
576460642474357570
576460102095071202
576460166922070354
576460142548536605
576460081972470564
576460137266720847
576460724244816460
576460690803887623
576460089369571820
576460175569634640
576460183604241253
576460109555646307
576460656533290299
576460715712817406
576460716213287594
576460749163214264
576460126760727396
576460674136346051
576460740004066922
576460072250184791
576460150778662401
576460156241748709
576460621162785725
576460167176641547
576460170504087875
576460720584944195
576460718489129634
576460700778037032
576460736411217046
576460650923562311
576460117882634689
576460167120165369
576460640269085126
576460618223610174
576460124277369203
576460150954508437
576460684974891699
576460674813720456
576460718617643363
576460075361337852
576460690699971667
576460746092651598
576460188705467712
576460095236679225
576460135331382846
576460152412673276
576460674912399730
576460707131216145
576460622103077722
576460714005881570
576460719239931782
576460184639152712
576460067457542131
576460164493549528
576460726518586445
576460673772768149
576460134807562048
576460632356277572
576460198379728657
576460652048402430
576460132437160432
576460720212656708
576460621111899960
576460168020371572
576460175147103064
576460717888634491
576460120663321145
576460066995950680
576460630349289399
576460719572858245
576460666857925595
576460187769400360
576460202043710714
576460710565244887
576460751737818896
576460733361899314
576460121718677072
576460110241604336
576460178649259838
576460160717505337
576460719294207055
576460677057774380
576460750660297187
576460686166181491
576460120780853309
576460731042378921
576460098632253883
576460737418450688
576460113305261396
576460646023767291
576460715771660076
576460623019241458
576460094396603671
576460655383933193
576460089264167764
576460703698306195
576460078737854643
576460721803133839
576460104458906304
576460704200216145
576460638668397770
576460698040273458
576460704528770221
576460688905691289
576460672000492834
576460162397959218
576460161977286668
576460639476740643
576460159832418566
576460134361637338
576460185010541873
576460090390759295
576460104022897356
576460100576197642
576460143793377476
576460142136546681
576460082902026915
576460143526478207
576460092138172832
576460728050916201
576460637543743422
576460067627578680
576460176467128487
576460709574863615
576460683695170890
576460107542590656
576460093296591420
576460712077013561
576460701699649534
576460080779347899
576460627698724372
576460745770815452
576460691019517430
576460193474155127
576460653332306382
576460692664272185
576460175324536228
576460618223610174
576460744717253230
576460151662590527
576460095303959959
576460095711154407
576460112464323236
576460742859565864
576460131786928383
576460163989601711
576460125012549436
576460692622174223
576460678070025294
576460080833482461
576460197487143572
576460627056407134
576460717786183743
576460067354303533
576460729027728606
576460136136690540
576460624316816099
576460645770321102
576460733181844167
576460139328849120
576460702423216750
576460131580986951
576460720224478883
576460196057246861
576460630901793123
576460185312896513
576460188947089324
576460184983798490
576460116698238686
576460734051918793
576460728970778984
576460750006142914
576460175082756802
576460647899717858
576460657755190891
576460173244533694
576460094061473134
576460169804394575
576460122662888079
576460183080682120
576460112578751390
576460095435312248
576460142087682102
576460170692727690
576460164571404251
576460161038560321
576460720505767258
576460165311180490
576460729315937210
576460096994802754
576460742713196685
576460644975410963
576460168917053771
576460079888539926
576460119116783686
576460676012340581
576460670792240023
576460701517943242
576460652052480409
576460067681689281
576460656895656752
576460198614168693
576460105429853101
576460098973771948
576460156980665083
576460652029337675
576460147614682257
576460142818804392
576460702640394467
576460724749687524
576460093631414701
576460648491056348
576460194482437869
576460738608064792
576460619007013705
576460706118815407
576460082583424648
576460080558983298
576460120997956614
576460633022851101
576460117705505662
576460669445271056
576460737095238646
576460674260084325
576460652590931687
576460076894877252
576460104665249864
576460065679409361
576460687475876571
576460701207127348
576460135582088933
576460745583108631
576460708916469549
576460643052171008
576460646833223209
576460666171710814
576460745891981909
576460620377961500
576460182857003211
576460714961509438
576460627806694456
576460133670755060
576460615371456231
576460707985340942
576460150707185391
576460099314073464
576460705361894797
576460631952225599
576460741520965036
576460715772998667
576460161027813164
576460152060379559
576460729706808495
576460137519256192
576460108434667779
576460682436866744
576460084784311926
576460075564485142
576460719695155188
576460658404552733
576460718013518013
576460106933495609
576460152538938769
576460185025156519
576460105216631288
576460089476823201
576460714864240750
576460109499289354
576460742771755150
576460079556700854
576460135952301064
576460129479293361
576460671347181676
576460075357877051
576460652153223433
576460119915391701
576460681970804415
576460129068362574
576460621617942006
576460120111431742
576460672376478799
576460197267187261
576460659628933390
576460090138033989
576460724632005605
576460107633597668
576460174966602458
576460673672084495
576460200558916053
576460103577263155
576460195326072619
576460729847340374
576460721124485025
576460685853269143
576460069214003108
576460722452679084
576460122517901031
576460653921970577
576460649303032197
576460635733938480
576460649068430140
576460705124410257
576460712168345288
576460664478983082
576460187962469303
576460092182313635
576460679655857429
576460069169629695
576460086004783151
576460171270220856
576460743673652608
576460074433977266
576460101761630697
576460077263231684
576460096593178884
576460200321411750
576460661409342715
576460723411642277
576460648797184735
576460115114481258
576460739667045575
576460667659638534
576460670193014785
576460695032649436
576460167525289305
576460712648947940
576460160270591725
576460741831920551
576460135515478964
576460134872581916
576460066599054681
576460696721961289
576460181043597427
576460143377128963
576460137993590044
576460111301949917
576460097850513284
576460693434023793
576460662659312550
576460177897054201
576460145916724796
576460655709247191
576460166769174794
576460104721386093
576460624658809907
576460746682850169
576460081781411998
576460726666216273
576460164420993211
576460705663749115
576460143060148080
576460735313657343
576460072017361102
576460685724137653
576460621402980800
576460194557628628
576460659522661080
576460157410867649
576460724701290872
576460720232601866
576460141651634832
576460081680421082
576460127785381727
576460643991912802
576460653115917551
576460687663884845
576460655255653976
576460072185221010
576460164045553442
576460198530800527
576460166202635689
576460164693455692
576460200645989576
576460634398053260
576460685768735008
576460086707927805
576460174506089937
576460067713428396
576460630838211074
576460673714549796
576460636104957215
576460671985052700
576460644791224360
576460738437882598
576460729221923631
576460645494394041
576460073820819128
576460724568147926
576460703693557248
576460167875699382
576460617511433752
576460652487387471
576460677342038072
576460135938641686
576460108376195419
576460622249312135
576460169470387780
576460168501808440
576460133215618042
576460199634226279
576460145430798137
576460641442161596
576460690611800068
576460106286319840
576460198817838648
576460666372095071
576460071062326311
576460129340583191
576460086925950179
576460094610712865
576460631475263323
576460735347218624
576460699174274864
576460076956646026
576460089390121043
576460746985623979
576460749379183675
576460175531867305
576460732639850790
576460183159117770
576460697930732672
576460149485211452
576460170877073593
576460696928561102
576460176069388307
576460704360083802
576460188764602075
576460111135406351
576460711321324838
576460729379930571
576460180731456101
576460162278515220
576460171901206568
576460688363651256
576460708369257941
576460126319962634
576460672193348532
576460143180384588
576460634540135110
576460190766363397
576460648901929899
576460748072512646
576460116279045699
576460118080889724
576460125584228414
576460128773345500
576460621603396766
576460124196759110
576460640771928394
576460652299600572
576460638337848224
576460137102774319
576460711089007267
576460162866334208
576460177258030744
576460627395499264
576460654012716638
576460678397604641
576460164881808165
576460681108650642
576460618819669449
576460666103362436
576460197658673555
576460621667902116
576460122136359115
576460736768375652
576460711313870283
576460127385644473
576460154987132843
576460123538867950
576460666296217561
576460741398843881
576460715751466334
576460065640937689
576460746071303336
576460084729497636
576460624335840261
576460085215903297
576460701013918839
576460629775658205
576460179273848764
576460124394859474
576460715439036613
576460749546663433
576460669460102907
576460725245784729
576460649579767818
576460732002435000
576460682834091276
576460172743402315
576460198867961152
576460151920125747
576460117339882756
576460179627707697
576460185071939189
576460197827053918
576460657020079806
576460655870653746
576460693590135595
576460139725501147
576460098683629278
576460681674589146
576460710087519792
576460617741787349
576460702640394467
576460127024719468
576460092030255123
576460713157711617
576460635433120169
576460148471435170
576460665568113081
576460118865561323
576460714647962945
576460677007942938
576460661943620132
576460749182088279
576460083117414485
576460176225107681
576460078203271143
576460121457321873
576460726649824730
576460647112935373
576460664399846984
576460683529660169
576460665765373623
576460643271697519
576460617010973805
576460130230852003
576460125451302640
576460108146805264
576460617227277315
576460120246637354
576460140006750833
576460750169958570
576460175051336467
576460731566766430
576460695340345123
576460744713841068
576460176911113467
576460142551437178
576460741821374654
576460644466386558
576460065147951967
576460185858061580
576460639541667969
576460156401671745
576460627277276611
576460639977530404
576460152516616901
576460141338871144
576460129720661526
576460100904118589
576460721108575969
576460165828453507
576460166656594103
576460175958942675
576460736865663040
576460732560293295
576460741468139937
576460662307096161
576460197124373978
576460125557462985
576460146290729431
576460102975238633
576460664300448635
576460638463481917
576460674775909158
576460731772758595
576460100532961433
576460625607292427
576460635721777493
576460682078575058
576460202160441876
576460647953813795
576460090752814716
576460110446331567
576460105454739621
576460128093209440
576460667621299045
576460159743167299
576460627842751432
576460085774391568
576460728556873680
576460697719116863
576460093364939217
576460146773297544
576460199615593013
576460171517246833
576460084116970354
576460657264115865
576460125775911873
576460705169717031
576460119947772781
576460104254775508
576460187240254618
576460750861683942
576460614967006318
576460095359541385
576460198508216824
576460166149144906
576460197927182594
576460072867107879
576460626454169477
576460620530259571
576460199683677786
576460089399873351
576460728138382479
576460716720751812
576460751724202140
576460182564224372
576460129885703629
576460099711679651
576460662987848949
576460077686779539
576460129287585008
576460185879626349
576460174145080780
576460661105821224
576460637787002899
576460143666051929
576460136612334814
576460076779789424
576460181135505635
576460134896018919
576460716236710850
576460085728001595
576460119728805475
576460197812387473
576460175153245718
576460744682201190
576460620645053890
576460749403981097
576460663030364056
