100
90 97
15 85 16 43 36 51 80 95 58 59 15 33 40 46 60 31 77 96 7 59 96 43 40 78 23 60 56 58 40 33 59 12 64 42 62 85 83 76 56 94 82 39 23 62 90 51 7 76 22 34 10 46 58 53 68 45 93 8 73 77 6 17 2 76 23 4 69 14 2 94 67 38 67 5 37 92 81 36 24 46 64 93 78 91 48 26 62 70 53 26
44 29 33 22 53 76 96 15 34 78 9 75 85 67 6 3 70 6 58 52 59 57 63 52 7 25 84 75 39 47 31 59 54 40 86 67 50 28 10 4 21 93 69 71 92 38 26 62 19 46 41 20 28 35 32 28 84 32 83 95 40 86 19 28 76 24 89 38 14 34 4 45 61 62 54 91 28 21 71 65 66 87 21 81 41 14 71 19 48 67
92 91
64 54 49 47 51 77 25 53 21 25 8 32 7 19 67 2 28 50 49 89 69 22 69 20 44 1 67 50 11 38 80 84 47 19 42 64 46 62 80 65 76 11 78 18 38 44 34 22 61 30 29 60 24 64 83 16 48 24 73 90 9 67 60 85 88 49 6 37 37 83 16 36 68 35 72 43 25 48 47 18 90 39 85 15 32 70 48 12 35 90 15 86
89 71 43 31 44 57 75 28 42 21 32 66 90 91 46 73 17 39 3 22 2 62 76 23 77 84 64 32 74 77 75 71 73 29 55 11 29 9 46 54 11 81 71 49 40 84 87 21 86 70 64 23 55 9 17 73 64 5 11 17 86 8 25 87 86 87 46 58 76 26 30 44 59 41 18 63 19 63 20 75 71 33 25 17 71 62 23 13 57 84 59 29
100 93
1 27 73 59 31 73 42 22 25 31 1 29 45 49 87 81 48 5 4 1 45 80 2 11 39 51 71 93 22 69 62 27 74 83 11 3 21 85 1 67 43 11 81 18 93 37 40 69 12 41 88 9 15 35 46 32 92 84 79 1 62 48 6 40 92 54 81 59 62 50 60 32 79 54 77 5 62 18 44 3 31 34 34 35 22 65 71 46 7 71 5 69 47 83 21 74 16 88 58 28
89 51 33 25 36 82 62 21 17 93 12 71 28 90 18 4 59 42 43 93 73 47 57 29 63 17 73 55 9 64 38 65 55 35 81 54 53 67 32 38 91 45 6 77 70 14 84 44 75 81 4 70 64 68 17 12 52 67 76 14 51 21 34 67 24 79 79 73 19 21 2 36 8 53 13 30 19 91 46 7 88 52 64 50 5 20 21 40 92 68 58 56 58 9 2 60 65 60 35 36
95 100
83 31 41 42 56 96 23 76 9 83 55 31 100 85 8 34 95 11 21 31 86 34 21 66 4 4 44 9 62 17 21 77 73 81 27 40 37 31 48 49 86 13 11 98 70 29 2 43 5 81 60 24 47 3 48 23 82 2 46 56 46 74 91 28 77 6 65 31 90 65 35 73 57 69 35 88 2 48 3 91 46 60 43 18 10 34 31 12 44 75 71 48 73 7 52
6 94 88 19 92 41 62 37 31 57 79 75 42 72 98 35 62 95 56 28 27 46 8 82 22 51 69 90 30 82 5 15 41 73 99 38 50 75 28 99 98 51 68 10 61 48 74 70 21 27 51 4 35 28 34 16 71 71 29 25 77 37 71 2 61 67 7 72 62 52 41 15 79 39 76 33 59 89 91 43 74 14 9 87 81 39 12 53 21 32 5 4 10 49 32
99 100
38 9 81 59 41 63 43 71 25 92 93 95 75 70 7 56 8 18 24 73 47 38 91 98 56 73 16 44 15 70 53 4 43 57 44 56 24 59 25 84 27 42 78 52 15 42 57 95 82 14 22 24 75 91 71 22 30 75 37 95 86 65 78 85 22 13 76 43 62 99 78 2 54 5 77 28 67 3 96 42 50 54 96 69 51 3 24 45 71 41 4 51 70 78 78 27 93 73 15
61 85 7 24 56 35 90 31 3 42 69 67 59 71 29 54 12 57 39 5 17 20 86 82 99 66 90 30 23 80 76 44 39 63 79 3 2 61 11 25 46 72 3 32 76 28 69 78 47 59 93 69 51 57 84 10 52 85 52 45 47 84 38 15 40 32 58 47 43 18 81 5 35 48 89 29 29 39 40 22 13 32 93 12 5 47 11 17 82 36 71 6 97 20 67 40 80 79 50
94 98
51 74 58 34 51 71 87 73 77 72 55 54 4 47 12 87 76 66 57 93 79 2 87 44 73 53 81 94 66 48 67 22 2 27 48 53 66 36 68 23 2 91 79 95 85 8 66 20 84 65 12 57 93 86 59 63 16 68 14 78 54 12 96 97 71 34 33 15 1 36 65 80 50 17 73 83 25 44 74 57 94 10 20 21 11 53 68 9 88 30 69 96 45 82
21 80 12 57 35 36 10 4 78 37 62 3 29 98 14 12 12 15 7 62 44 26 38 41 55 58 64 88 51 21 30 65 69 97 98 62 89 54 47 18 60 93 75 77 33 49 7 74 76 38 59 72 47 98 63 8 76 5 68 50 27 80 16 66 70 60 25 2 19 55 71 18 54 50 41 24 61 11 73 94 65 37 57 12 15 21 9 48 59 28 15 57 20 88
92 98
84 94 50 16 50 27 26 96 56 7 45 68 87 46 54 6 93 80 87 20 74 54 94 66 45 84 97 79 83 29 23 75 85 12 96 98 33 63 54 91 89 65 20 27 4 65 38 90 90 10 20 89 52 50 40 1 85 16 76 78 60 58 86 68 31 32 29 13 75 87 92 76 72 89 24 19 44 44 44 95 63 48 26 72 94 17 71 46 90 93 64 39
46 75 79 38 28 89 47 59 80 1 75 43 6 48 16 62 98 95 58 80 64 66 57 9 23 58 73 73 10 22 4 89 20 39 68 37 57 90 22 27 9 46 62 18 85 15 17 12 63 45 77 52 7 33 56 58 98 50 40 45 79 22 43 59 66 96 74 59 56 81 25 21 20 20 96 30 43 60 25 59 68 14 21 6 69 15 51 97 4 82 9 23
92 94
26 80 69 86 45 62 45 55 82 42 75 92 90 74 72 85 45 30 17 52 45 14 65 43 25 41 32 2 44 66 27 64 80 70 25 60 53 43 79 17 69 77 32 83 12 51 47 53 86 32 94 33 57 19 35 17 43 41 29 90 74 92 83 10 1 81 32 50 33 28 13 64 31 1 83 90 59 26 85 23 50 3 33 41 66 6 7 84 1 40 12 3
83 73 78 38 84 57 67 47 74 41 77 5 48 41 62 78 1 85 45 37 39 21 15 66 67 36 11 25 89 5 93 68 36 49 82 65 26 82 57 25 35 6 84 45 64 41 77 30 33 89 15 54 73 53 21 14 36 53 10 37 4 75 22 59 11 21 79 64 86 77 18 29 42 30 54 31 72 63 50 20 54 81 61 49 48 94 18 2 12 67 79 88
97 95
14 56 23 85 60 18 55 9 14 43 63 92 56 41 1 63 41 12 56 66 85 87 92 82 49 85 13 54 58 46 63 8 54 7 92 11 95 86 19 2 31 55 45 90 72 82 42 37 62 85 45 6 85 92 89 10 37 54 50 29 3 41 31 51 71 33 60 58 19 32 39 70 8 4 78 1 66 17 39 61 20 1 23 73 91 39 10 90 74 4 31 9 33 70 8 7 54
62 69 7 84 95 16 48 92 41 94 18 28 14 81 18 65 42 46 42 37 19 4 59 33 91 54 70 56 77 93 67 76 23 17 93 71 20 55 30 42 75 53 32 14 14 20 91 8 61 67 48 42 80 60 71 95 57 11 37 87 18 30 82 64 24 24 43 39 87 5 20 88 39 64 30 84 34 70 9 49 39 93 92 33 16 68 83 38 19 33 13 50 27 69 9 63 37
92 95
4 61 90 3 61 51 71 90 9 15 39 35 59 45 93 48 24 36 46 40 93 67 67 4 33 47 47 6 17 35 9 78 32 51 51 8 69 52 73 50 1 21 1 32 56 65 10 24 73 90 85 30 90 66 45 42 45 39 45 55 95 65 6 47 23 6 93 19 7 30 20 56 79 5 2 73 23 79 26 83 46 82 50 22 79 43 17 41 73 75 46 91
79 15 69 72 11 90 16 75 49 13 45 47 29 87 77 9 79 52 15 23 52 85 35 78 82 81 38 56 41 63 66 70 69 79 12 62 58 93 94 30 59 76 10 9 94 14 17 84 24 56 2 60 52 91 12 70 16 63 91 52 5 14 17 42 1 34 76 25 65 17 21 49 88 44 52 65 1 51 41 48 13 2 95 63 55 44 67 14 5 67 94 65
93 99
69 71 26 20 84 45 20 68 88 13 9 55 49 41 93 67 86 3 91 11 53 24 95 46 54 4 30 39 28 21 60 19 43 18 62 34 22 56 45 22 36 53 73 13 3 8 73 4 47 7 75 95 87 80 44 62 3 81 52 90 92 59 20 16 26 28 48 79 27 33 38 37 62 21 4 68 34 74 67 81 90 68 33 63 16 24 59 81 57 95 42 63 26
5 46 92 4 86 86 47 63 9 14 23 93 54 32 77 21 59 66 18 36 4 89 26 68 72 22 19 89 44 94 10 28 94 17 51 74 23 64 46 78 98 56 43 10 74 70 62 82 1 35 58 62 7 27 23 28 48 85 2 65 73 39 8 11 87 27 40 5 84 25 25 67 43 80 43 23 58 95 77 16 94 40 71 94 41 42 3 25 40 42 31 89 96
97 95
8 26 11 25 63 11 45 58 39 63 57 56 12 41 48 28 48 80 68 41 61 78 41 41 2 48 88 87 12 15 40 21 7 37 43 20 65 18 54 82 41 37 95 50 91 90 22 10 52 92 32 93 46 22 11 76 58 7 22 4 73 68 52 13 28 1 35 24 34 69 72 9 8 7 92 26 56 44 48 45 37 71 18 53 17 52 76 8 87 10 13 7 29 81 95 3 12
23 29 32 46 33 67 91 61 71 69 83 50 93 80 29 72 37 74 40 19 41 56 45 86 89 7 95 75 37 31 80 62 68 49 82 6 80 45 41 86 36 52 69 31 81 64 16 91 29 75 12 87 79 73 63 70 13 90 26 63 55 1 31 65 20 62 34 20 7 1 76 20 47 48 25 38 72 92 51 61 68 35 94 35 87 18 85 6 28 92 12 42 11 94 37 25 55
94 91
70 17 23 52 12 17 81 57 65 69 24 77 77 54 89 2 19 45 56 35 42 74 33 1 36 45 30 47 63 46 42 79 86 20 72 45 8 69 9 35 34 48 83 4 19 21 59 22 70 63 34 65 12 14 14 24 78 26 82 45 36 42 2 70 45 82 2 26 89 85 69 4 51 71 37 66 51 18 30 70 25 48 37 77 18 25 37 32 71 86 12 70 56 88
5 49 78 69 52 52 47 80 86 71 72 86 4 69 46 58 85 47 88 87 68 53 75 85 56 73 45 21 53 11 47 18 61 71 84 36 18 19 65 69 56 47 14 57 27 7 9 10 39 70 75 23 37 25 91 78 9 88 40 59 66 19 53 32 27 89 7 79 21 5 45 23 90 2 81 64 18 22 75 65 77 20 61 42 29 54 24 90 53 16 20 2 48 61
90 95
47 10 53 36 67 83 3 67 26 29 25 21 24 77 30 91 80 37 22 24 18 13 5 66 74 32 10 16 27 51 95 32 2 62 45 56 91 88 46 33 55 29 65 24 86 18 14 85 89 74 66 76 25 37 18 15 56 23 59 27 23 77 48 9 34 28 12 63 27 25 28 48 68 10 62 5 4 66 26 1 52 40 48 56 55 46 50 90 37 55
59 49 81 30 12 69 58 36 37 73 93 55 56 26 47 78 54 63 32 93 15 81 6 2 20 8 23 15 19 5 80 82 38 41 38 7 23 92 36 41 37 3 28 26 24 4 38 7 20 65 21 22 6 56 29 43 95 63 34 11 9 9 70 81 86 55 60 35 86 19 43 44 48 50 37 90 69 90 25 10 76 70 91 29 38 44 46 23 89 81
92 96
9 57 58 7 91 14 48 38 52 45 33 93 90 29 85 57 69 73 82 5 65 80 43 94 3 24 82 6 21 17 85 12 52 96 3 24 28 67 40 44 86 35 19 57 87 15 81 46 68 57 53 67 18 76 40 73 1 50 44 51 67 84 61 86 36 14 11 16 94 58 76 1 19 34 33 84 19 18 56 1 9 39 88 40 92 29 93 45 52 54 15 65
81 33 12 16 30 4 8 73 33 52 32 83 55 57 16 61 34 5 23 30 43 68 10 52 33 47 37 21 28 5 32 49 47 48 62 37 63 8 41 87 27 66 39 29 40 62 64 75 76 77 18 8 87 44 2 84 65 37 29 66 92 72 90 18 47 35 28 5 22 62 91 34 41 3 5 65 20 51 43 24 43 43 96 63 48 16 8 51 17 43 1 9
90 96
83 77 20 40 17 22 67 26 45 92 50 86 57 63 30 95 6 17 2 11 23 5 82 13 21 58 96 85 77 49 85 15 86 61 47 12 35 61 65 15 19 84 11 27 58 74 64 43 2 61 17 50 36 90 51 41 35 68 94 34 14 1 66 85 12 16 10 87 32 53 38 73 50 16 66 75 42 12 96 66 65 2 66 77 44 40 43 91 18 20
12 15 6 39 44 58 11 30 44 36 95 12 23 84 39 21 14 35 15 19 56 11 8 27 51 68 5 91 4 2 26 64 90 24 94 9 69 11 19 29 73 29 28 2 8 77 1 22 21 46 5 29 14 66 92 25 29 90 62 9 93 96 43 74 96 57 58 92 30 59 60 93 39 51 68 52 64 23 73 80 15 59 75 45 35 3 44 43 21 3
100 97
1 29 15 13 53 50 90 57 24 52 53 9 96 17 18 74 71 45 72 6 40 34 67 71 61 79 17 71 43 44 76 96 28 48 74 45 78 42 56 20 50 79 66 77 21 67 75 97 72 63 71 12 90 23 93 55 90 72 72 69 6 86 80 86 24 22 2 88 47 26 97 19 47 78 64 5 15 33 73 50 14 69 91 17 60 16 79 56 76 2 24 87 70 17 61 33 97 81 14 18
69 13 79 33 69 73 51 64 79 84 71 30 91 52 32 3 7 69 58 38 16 35 84 42 28 15 49 22 90 25 23 41 19 30 48 5 42 22 27 48 68 2 33 2 49 17 12 23 51 87 73 97 2 22 11 68 96 37 96 51 85 87 45 91 84 65 94 63 6 16 57 65 4 29 69 25 84 83 70 90 6 5 32 52 1 95 8 26 68 46 28 21 95 50 95 80 48 70 62 56
97 91
49 80 1 46 76 56 51 80 46 38 44 19 72 77 32 66 65 20 2 28 54 53 84 82 61 86 14 57 5 68 84 55 41 76 87 43 68 57 10 58 88 8 51 12 14 77 75 74 69 5 58 74 44 3 66 20 12 5 50 23 36 27 20 11 15 66 28 29 37 54 37 80 70 62 26 42 8 24 40 61 90 55 70 40 43 13 89 89 74 65 72 60 3 38 48 53 56
43 85 18 56 73 31 23 54 57 27 51 17 47 65 8 52 66 89 33 51 83 3 78 70 63 88 68 75 59 39 52 28 66 32 46 46 49 31 80 70 41 74 79 75 27 26 48 80 8 21 44 40 9 2 35 51 81 59 2 85 74 25 65 2 37 23 11 17 42 38 40 88 36 10 45 3 38 19 24 31 40 42 15 48 23 25 78 7 10 3 52 1 14 64 19 47 75
95 98
97 33 50 88 28 35 60 27 65 92 67 23 96 4 9 79 37 37 94 4 33 88 18 3 28 68 94 59 24 10 1 95 15 66 77 64 6 25 34 19 49 67 31 85 4 3 52 73 17 87 65 41 26 90 55 28 26 36 60 1 21 68 61 3 64 31 69 19 51 63 60 48 41 68 81 96 54 52 91 25 13 35 61 42 22 4 70 97 39 70 90 20 7 87 52
5 2 71 73 36 16 79 81 86 32 94 96 77 20 40 30 6 4 55 94 75 38 13 81 17 3 59 5 67 91 39 92 18 52 74 27 33 39 39 92 13 58 77 88 94 39 86 37 12 61 82 59 20 91 88 46 33 23 67 88 4 33 12 43 82 2 49 60 19 86 18 27 72 60 46 13 86 48 37 66 41 64 4 87 31 76 8 10 4 38 35 85 19 33 81
91 90
57 71 37 81 17 66 21 70 50 88 63 1 14 14 77 65 41 90 55 16 32 14 55 58 47 70 33 79 29 27 14 30 20 7 17 58 41 12 48 54 1 56 17 34 65 68 53 30 23 58 45 64 70 26 38 51 67 47 46 64 47 9 47 6 67 36 20 5 43 44 44 78 46 46 82 7 49 31 21 3 56 87 72 50 31 64 60 84 62 4 32
64 31 85 54 82 65 12 64 18 32 35 10 7 44 6 12 56 47 83 40 48 57 27 1 27 58 84 3 49 28 55 10 33 61 44 19 61 67 56 72 83 12 73 49 64 64 12 12 10 11 6 8 30 8 3 50 53 3 27 37 32 25 89 82 44 44 58 2 58 89 55 73 25 72 76 41 86 24 43 82 75 54 30 83 56 44 59 17 12 34 63
91 90
78 43 49 88 89 17 72 64 32 42 45 20 3 90 34 2 82 49 43 74 43 19 83 12 89 87 5 70 50 84 6 74 68 77 26 90 42 36 20 71 70 7 8 5 53 60 77 73 76 14 84 25 4 38 37 61 33 82 51 23 6 9 16 46 38 50 23 42 9 83 22 2 75 17 16 3 43 55 30 81 15 64 21 13 90 12 87 45 67 68 65
64 66 84 83 36 76 82 3 46 15 47 27 53 33 52 61 5 34 3 88 1 2 89 6 74 69 90 1 62 36 45 50 35 78 67 19 5 56 43 81 78 1 69 67 27 71 82 43 42 74 68 42 30 56 15 57 66 56 16 27 52 34 14 1 51 40 72 10 31 41 66 68 11 10 33 62 4 45 78 41 55 79 26 48 2 56 78 88 50 22 86
91 100
2 73 33 62 69 26 6 95 89 2 39 89 83 8 36 65 13 69 27 10 20 96 92 20 23 83 52 8 42 24 3 57 82 24 31 2 23 20 28 56 7 58 8 73 48 80 14 33 81 68 66 55 44 48 33 15 64 91 95 21 14 50 26 49 16 42 57 23 22 23 26 33 5 3 32 9 48 94 30 47 14 100 4 36 17 72 1 4 94 29 42
43 41 90 96 15 51 69 74 42 69 98 63 68 1 10 16 8 98 76 52 58 5 48 51 98 56 98 42 99 26 45 93 7 23 26 16 22 80 6 10 35 88 93 32 98 78 10 96 28 94 99 2 13 77 17 85 43 84 78 66 1 72 28 61 78 94 2 48 96 62 78 83 47 42 12 25 38 33 71 97 16 78 12 97 56 26 68 57 31 77 51
100 93
37 35 26 3 62 13 46 16 69 81 80 80 47 74 31 21 73 42 80 57 34 69 64 29 76 24 47 76 74 12 41 34 71 25 93 37 16 83 30 10 12 21 42 12 4 7 61 4 11 79 17 70 80 37 27 45 1 60 67 30 74 34 2 1 71 88 38 44 84 34 65 54 77 8 81 87 85 59 15 26 18 69 66 47 40 18 43 66 80 49 13 26 81 51 82 59 78 37 86 1
41 87 93 13 15 80 45 39 84 89 14 51 73 90 15 18 18 87 35 6 70 53 51 52 63 68 4 79 35 81 67 76 24 91 56 51 39 14 79 8 81 18 56 47 67 29 56 30 3 57 5 80 3 15 3 59 61 52 68 75 82 1 7 38 76 53 84 60 83 79 14 10 60 78 56 34 43 11 22 7 42 54 19 79 64 35 64 39 67 22 25 49 33 22 2 78 14 80 46 63
94 99
59 81 76 73 42 83 49 76 59 62 21 51 38 32 60 64 74 41 44 30 59 39 92 57 24 81 62 94 79 22 51 68 15 76 54 89 52 61 63 74 75 82 20 48 16 97 7 12 32 26 69 26 85 9 95 12 59 44 15 42 65 75 18 69 49 79 45 58 31 47 11 80 49 19 57 96 53 91 50 77 83 56 75 8 87 49 87 50 49 48 82 7 56 91
73 54 24 26 7 14 54 42 72 93 94 50 91 34 49 30 34 93 61 95 26 71 11 75 57 19 78 38 92 49 45 59 9 40 48 76 64 65 81 5 28 26 17 5 82 14 73 7 7 30 85 38 56 87 12 69 79 11 53 8 87 25 4 54 54 2 93 46 30 70 36 95 11 24 53 22 41 56 17 44 56 41 83 23 86 88 38 84 97 9 91 28 28 65
99 90
61 31 43 65 86 39 71 45 35 40 79 65 37 28 40 18 55 9 15 48 10 27 43 62 8 88 23 4 73 76 29 51 75 70 21 54 15 65 45 28 44 86 48 47 34 70 36 61 80 41 14 82 67 31 73 36 84 62 38 33 61 63 67 48 32 54 27 13 53 78 12 31 46 21 31 56 16 46 57 2 14 28 13 51 32 88 26 8 34 44 31 11 32 64 81 5 28 12 40
24 80 25 42 65 83 3 84 80 24 61 24 78 77 36 2 24 54 42 19 36 60 77 70 56 31 14 78 83 88 18 70 81 3 30 27 33 61 78 66 62 20 66 88 65 31 12 33 17 69 22 15 73 80 44 78 87 69 54 74 70 84 80 60 3 15 33 67 54 68 22 79 35 22 1 65 22 17 1 58 48 67 24 26 18 16 27 43 11 14 74 19 50 36 75 82 70 2 86
90 96
86 7 91 49 15 49 7 87 94 83 10 24 26 67 86 73 61 55 39 34 75 44 22 86 29 10 85 80 44 89 84 7 44 81 20 31 7 59 46 54 13 21 26 32 54 89 82 47 7 50 1 74 8 49 83 31 89 55 55 43 89 24 31 77 90 92 40 46 57 39 87 61 51 55 53 87 63 86 82 15 35 17 16 34 28 8 8 29 44 23
4 63 16 20 49 19 81 39 3 12 80 85 86 36 3 59 66 17 42 53 13 54 32 32 11 76 8 31 28 23 94 26 83 76 59 80 26 31 12 25 41 19 38 19 57 46 39 64 46 61 48 43 29 13 28 45 76 81 79 78 7 66 63 70 93 87 14 45 9 31 40 38 76 18 41 13 91 18 68 49 1 50 29 18 92 82 44 83 52 88
92 98
44 12 24 90 63 51 43 30 96 56 55 54 50 67 36 65 5 32 96 13 94 3 4 40 64 41 41 98 66 7 7 37 43 82 91 49 5 54 46 71 4 78 12 80 37 58 60 62 26 86 71 43 95 63 30 62 37 5 74 35 46 69 4 25 89 82 68 80 51 37 52 4 66 26 74 2 95 77 41 92 24 72 18 58 29 48 47 15 12 38 59 76
1 94 60 91 13 10 70 59 37 26 36 13 94 71 25 32 79 72 52 58 77 19 50 39 96 69 45 65 94 67 33 44 89 95 46 44 14 30 9 31 80 82 8 72 88 56 1 68 71 77 94 55 77 5 60 39 56 23 18 67 68 71 78 75 62 51 1 12 80 74 96 25 71 85 47 35 36 10 37 18 94 58 6 80 22 23 12 21 19 52 68 93
94 90
42 56 86 62 90 11 89 69 35 79 38 73 67 87 51 27 60 33 9 44 64 42 51 61 66 53 81 71 2 28 48 89 16 86 72 31 2 11 60 71 74 11 3 34 23 28 47 17 45 38 4 48 90 87 16 16 61 42 21 13 4 2 90 29 10 13 76 20 13 50 83 28 78 54 84 12 25 90 49 18 72 21 59 40 47 63 63 4 55 31 78 9 74 28
49 71 41 61 41 35 17 3 62 71 76 22 18 74 61 41 54 22 12 61 48 79 61 78 35 35 3 64 13 41 80 19 87 9 46 26 84 49 6 6 11 13 4 59 14 5 89 26 50 25 52 49 11 3 89 61 12 76 54 9 29 3 86 58 32 5 28 10 71 33 74 32 19 2 28 30 56 62 40 9 30 47 13 77 46 22 55 55 81 39 50 44 71 69
100 98
79 95 36 36 69 89 40 51 51 39 4 37 50 25 86 73 79 93 2 43 84 4 91 76 82 28 78 19 22 62 19 92 45 23 13 63 37 5 35 73 34 98 86 15 58 46 72 96 91 4 55 89 79 42 28 75 95 24 61 92 57 87 82 43 73 19 40 46 68 60 47 74 64 72 59 14 27 60 55 97 52 50 70 55 31 60 62 39 34 74 1 69 16 20 28 39 7 41 78 51
55 64 45 77 2 4 70 41 81 4 18 44 8 93 85 62 7 3 7 82 19 96 87 8 6 15 42 12 48 8 8 76 26 43 22 70 54 84 11 26 59 84 43 80 47 11 70 10 90 11 98 80 17 30 1 66 25 1 26 35 53 94 94 97 50 43 76 45 93 92 61 12 95 2 66 31 75 71 86 73 25 20 41 68 1 28 56 64 4 61 57 75 31 76 14 57 89 67 14 69
94 91
30 37 80 8 50 24 60 26 30 68 11 11 54 24 54 40 52 41 86 32 21 26 69 24 82 9 26 63 9 78 88 77 21 48 61 2 76 40 7 26 43 52 72 75 20 37 54 75 2 28 6 37 7 18 86 60 32 38 45 43 43 8 73 20 60 32 87 44 34 30 54 19 10 10 48 40 71 8 28 78 43 21 38 32 23 39 82 62 73 46 13 14 35 61
37 63 15 20 24 72 75 74 45 5 89 36 2 15 75 71 32 80 20 22 25 35 56 15 63 5 31 83 73 40 47 34 82 76 57 38 2 16 51 32 30 73 75 53 37 3 36 50 56 61 7 88 19 60 54 77 26 80 52 15 9 25 10 75 45 31 19 33 9 91 38 24 55 59 66 78 44 75 68 32 46 65 52 82 26 82 8 14 78 64 14 81 12 5
93 100
78 73 14 59 37 79 45 4 23 3 14 85 24 5 80 6 32 88 58 25 54 67 39 58 79 63 92 11 22 63 1 57 25 26 10 30 45 31 86 1 59 77 7 94 18 19 69 69 9 99 67 41 51 6 13 20 15 30 34 50 91 67 59 29 18 9 24 78 92 78 28 56 48 92 90 48 66 3 4 33 4 67 34 38 42 94 55 58 17 29 61 18 12
88 78 65 21 3 63 17 5 78 69 32 81 99 75 16 51 86 94 62 10 51 53 10 1 58 81 6 31 20 81 14 50 79 50 45 98 32 59 78 3 19 52 74 74 79 82 38 67 65 76 62 29 77 82 32 100 79 75 26 46 95 50 41 51 98 43 43 42 95 95 51 26 16 27 11 44 77 30 90 79 52 3 38 94 4 19 47 20 85 39 21 55 52
93 100
95 3 76 30 1 87 76 20 9 12 33 10 22 11 46 53 90 74 50 63 7 23 73 30 40 77 60 87 30 45 29 57 58 42 56 24 99 16 31 23 36 11 95 57 98 70 77 25 37 25 40 38 96 5 70 90 63 25 85 87 11 77 38 85 94 96 92 83 37 98 8 9 68 58 82 93 69 81 69 18 89 16 3 99 86 22 34 15 3 13 98 17 38
93 77 56 41 56 31 87 62 91 65 62 100 90 91 18 60 16 17 40 70 92 22 42 98 85 14 81 86 6 13 78 38 35 78 97 95 18 27 34 62 35 29 39 33 93 45 82 69 96 70 8 46 63 27 34 75 72 73 94 18 78 52 46 1 12 16 3 97 46 99 17 66 46 25 79 22 48 40 66 70 51 8 11 95 52 70 96 34 36 16 10 100 91
93 91
32 89 10 35 16 5 44 52 87 14 72 1 12 19 44 90 70 70 1 34 16 57 75 30 16 27 61 14 80 13 91 5 30 64 3 49 61 40 14 47 87 17 38 71 77 54 26 56 22 14 74 35 86 54 3 8 3 40 6 76 7 2 9 29 68 3 34 14 64 86 63 5 65 86 89 4 88 31 86 7 9 28 15 67 10 50 76 73 90 21 17 3 24
6 90 19 43 58 42 36 54 47 40 71 14 40 32 29 30 22 69 78 83 24 53 25 17 71 71 87 21 22 84 30 46 58 34 25 36 90 18 16 83 11 15 20 66 87 55 9 24 32 23 18 67 62 75 33 13 6 23 48 35 78 14 55 78 37 54 55 89 65 8 67 31 46 91 51 30 4 48 63 69 91 13 35 23 16 9 8 22 24 5 49 62 61
91 93
19 89 68 7 21 46 72 12 75 88 24 84 24 86 41 21 30 1 72 57 52 39 53 20 78 33 17 68 25 44 5 1 81 77 38 5 54 31 11 10 18 16 48 13 59 73 12 2 71 69 33 10 85 1 81 87 51 35 39 42 23 92 29 23 56 71 65 40 30 90 15 61 67 39 54 72 63 78 17 47 64 89 73 41 57 21 8 57 32 35 54
15 42 83 50 57 76 51 57 48 80 41 8 73 42 13 38 21 47 1 91 15 56 81 53 30 38 32 36 1 13 54 93 14 7 19 90 15 20 67 25 3 10 84 79 60 30 83 58 42 20 21 92 7 17 41 6 37 53 43 82 3 25 45 88 28 61 86 46 86 77 13 81 32 72 35 52 46 19 92 30 85 9 17 35 54 74 92 20 43 54 65
91 100
19 34 37 70 82 14 33 1 60 25 17 7 24 94 35 34 22 53 96 14 27 51 65 13 26 66 25 68 72 93 83 31 71 62 24 99 58 34 62 17 53 23 68 11 99 67 16 57 70 53 30 59 19 97 60 92 18 53 54 87 78 75 62 64 34 56 71 57 72 97 91 45 31 39 22 12 1 26 32 49 91 47 80 54 17 18 96 48 61 98 4
56 47 44 33 64 7 50 78 2 45 33 31 3 97 86 66 33 69 35 1 10 76 23 63 53 36 32 54 27 27 21 37 11 19 56 44 46 59 97 72 55 100 49 36 25 91 55 12 2 31 15 11 53 75 79 60 58 75 88 3 41 95 85 26 81 88 9 55 88 33 10 47 43 32 71 61 90 94 74 96 26 12 50 91 14 75 69 44 45 71 19
96 97
67 71 38 1 69 54 35 49 85 95 96 64 30 63 17 66 19 49 64 22 11 81 3 45 91 65 10 3 77 12 33 93 94 81 8 24 89 62 90 55 3 62 41 42 22 49 71 13 12 91 10 60 28 17 95 61 17 31 96 74 16 6 68 39 68 26 18 40 47 18 77 59 12 16 80 90 52 7 59 12 89 6 15 18 25 13 74 72 33 52 5 78 41 33 11 92
65 61 6 80 14 87 71 44 95 56 72 45 35 53 61 83 6 24 47 19 38 93 83 60 22 38 22 81 86 43 11 84 14 95 38 48 15 66 63 67 93 73 24 35 55 27 52 15 61 64 5 17 70 64 91 26 93 4 66 75 94 10 4 62 69 47 24 45 79 67 30 94 65 72 24 76 2 11 50 55 39 74 42 47 64 14 45 51 1 60 6 26 2 35 38 30
100 98
9 98 83 2 57 73 36 16 14 63 7 65 21 96 12 78 36 97 87 24 49 46 52 2 70 25 42 98 9 66 39 30 27 95 91 98 42 91 72 54 23 69 50 75 50 8 57 72 32 33 50 73 21 56 9 97 33 44 80 4 67 88 90 49 51 31 74 18 46 81 44 22 14 19 76 76 85 58 91 41 13 78 51 48 38 44 98 48 69 53 68 63 96 82 18 93 80 37 65 67
71 43 62 79 35 30 15 84 73 68 94 96 83 53 48 63 51 80 40 83 86 50 1 25 82 33 72 10 66 56 25 76 22 78 75 65 67 19 70 8 7 42 65 15 91 63 28 21 94 74 56 40 17 28 71 62 73 62 66 21 22 64 58 19 39 64 54 56 86 7 8 39 88 40 43 37 27 9 88 78 15 83 60 28 75 43 5 56 94 67 88 25 78 47 13 97 47 91 87 33
95 99
47 11 41 22 12 40 39 94 4 47 47 67 78 49 68 28 20 95 32 98 52 59 46 4 11 84 54 82 64 46 20 24 48 98 57 40 1 13 88 17 83 39 54 72 60 27 71 50 25 99 72 17 40 61 53 59 7 2 40 30 50 65 42 38 86 6 26 40 17 73 86 65 34 24 18 79 59 50 90 76 73 54 18 66 84 53 95 31 56 11 14 78 76 71 10
76 94 98 42 34 96 23 61 66 86 21 25 15 28 18 21 90 16 67 59 53 62 94 58 20 25 6 52 40 56 5 17 3 79 31 42 6 70 68 96 98 58 80 99 20 77 63 4 6 50 3 87 74 95 90 85 31 85 35 4 98 72 17 86 8 57 52 45 40 43 18 7 93 46 12 48 17 76 52 84 8 91 53 53 10 67 73 65 48 18 44 3 90 19 25
95 97
83 14 83 55 71 81 41 69 16 44 54 73 52 6 67 5 90 46 91 45 28 72 74 23 86 63 64 51 70 49 29 75 86 70 83 87 61 18 75 35 28 65 47 71 78 47 39 20 19 52 31 4 69 22 44 24 40 59 45 19 32 77 24 43 15 76 9 52 8 3 66 73 13 64 43 50 78 88 51 38 65 86 20 52 74 76 18 43 18 52 5 57 33 33 81
34 93 30 27 63 7 66 45 80 74 19 21 20 25 42 28 32 13 31 70 13 90 61 50 36 89 44 56 28 90 10 77 2 16 30 32 5 45 13 77 87 80 46 9 79 31 7 29 97 58 56 44 1 97 38 91 76 14 69 6 17 85 11 36 16 55 65 35 66 18 92 46 73 96 10 80 42 68 96 97 30 83 13 54 81 13 22 54 94 60 16 79 95 65 86
92 97
46 62 17 83 97 55 29 63 31 84 63 7 30 16 95 69 48 55 16 39 83 41 26 58 41 75 63 24 69 33 23 26 1 57 6 86 96 16 58 96 25 37 66 40 34 63 96 8 20 71 21 17 31 4 58 42 9 10 1 50 71 53 16 38 5 72 15 83 90 24 95 56 76 18 7 22 69 25 43 29 79 24 52 79 60 13 6 23 53 42 58 13
60 37 6 89 27 14 78 85 79 3 54 54 82 19 52 54 1 91 94 9 95 80 32 95 97 7 29 96 24 27 15 75 38 14 10 52 45 4 44 88 32 7 17 2 89 18 30 60 21 76 34 19 29 50 59 58 76 29 39 71 53 11 57 1 57 61 81 76 37 31 80 39 85 49 39 48 95 58 23 77 66 21 47 70 63 70 46 13 7 46 2 86
94 100
72 94 35 13 43 37 51 9 82 6 21 70 87 82 54 31 37 97 98 65 53 76 61 21 49 18 30 36 63 20 80 72 63 9 4 91 55 83 14 67 15 84 47 51 30 98 46 88 12 88 26 5 1 89 38 2 57 82 32 73 65 45 58 16 96 50 50 17 79 32 14 68 27 73 66 80 92 31 30 65 48 41 95 64 86 50 13 32 99 77 76 53 39 7
94 37 39 94 5 58 73 29 84 29 28 50 57 61 100 46 39 33 1 27 41 52 89 45 95 84 10 86 9 71 35 99 7 26 89 42 78 11 65 37 74 77 23 99 96 95 27 91 9 78 52 31 4 50 87 70 59 97 20 2 39 81 33 48 58 7 74 89 53 43 49 18 75 9 8 78 10 70 99 92 36 9 70 73 100 60 55 70 91 13 22 12 86 77
95 93
19 11 14 11 63 83 23 37 35 42 82 26 70 87 70 48 84 42 45 48 42 66 90 52 86 61 82 63 71 9 91 55 79 7 3 32 42 45 35 49 34 38 28 9 80 15 78 40 78 91 65 11 40 34 22 88 45 55 52 67 58 4 46 52 52 46 41 7 85 88 81 50 3 4 83 55 68 34 39 93 54 88 50 83 6 24 58 63 47 86 60 12 92 67 73
54 93 21 91 23 58 65 26 9 68 60 29 6 7 76 43 91 47 66 84 45 41 31 80 48 16 53 32 52 25 74 19 67 24 68 82 71 79 58 64 7 21 41 27 74 49 3 69 54 81 56 68 91 32 24 22 26 20 71 54 75 57 5 7 89 12 38 11 63 55 61 73 57 16 22 37 3 69 76 27 87 65 87 84 46 78 70 78 54 6 74 7 12 93 50
100 94
20 9 57 58 51 23 39 74 66 68 42 59 24 56 81 93 36 94 74 36 55 47 64 37 14 18 88 12 35 8 38 65 23 72 43 27 16 80 3 71 61 14 5 76 69 3 93 32 32 65 73 11 1 18 6 36 64 35 34 12 46 43 39 57 13 57 32 90 15 78 70 42 2 84 53 43 24 13 86 58 34 23 71 57 78 91 8 70 56 3 48 80 7 6 44 18 3 72 19 23
78 47 43 32 34 49 84 31 69 83 5 92 63 9 28 48 94 77 72 19 47 41 14 66 76 36 72 36 78 68 88 70 46 10 83 70 64 41 73 60 42 71 80 17 55 92 15 69 36 31 68 1 67 16 14 22 84 46 75 62 75 94 53 2 64 59 27 46 1 1 49 30 85 3 83 69 12 17 41 54 35 9 44 5 8 79 17 33 72 32 3 10 37 59 64 28 38 24 34 71
98 98
41 95 42 66 49 17 97 13 76 32 62 87 95 57 97 21 66 93 4 57 91 32 76 15 61 73 91 80 48 52 3 71 94 6 33 35 84 56 46 83 23 65 48 28 82 37 36 61 20 4 58 63 52 96 50 48 98 64 4 4 72 9 53 85 5 50 58 88 91 70 23 63 3 36 70 95 32 7 63 56 52 82 92 85 72 61 90 37 92 57 89 35 71 5 21 63 62 16
76 86 43 41 12 66 69 71 5 8 22 39 56 46 3 28 67 3 83 56 88 90 42 39 62 25 76 35 52 62 57 43 97 36 86 28 91 74 22 6 85 5 15 45 94 29 94 6 68 75 51 88 3 92 70 57 23 86 76 55 27 16 56 64 27 82 81 97 89 79 77 96 93 30 22 59 9 37 47 77 37 20 27 32 15 92 83 31 73 78 44 71 89 96 95 82 82 86
98 94
38 6 94 52 54 13 51 91 73 18 54 86 91 8 37 62 92 71 1 47 14 82 44 18 66 3 60 71 81 24 71 2 34 45 76 52 79 27 16 93 24 15 37 93 88 78 83 33 93 54 75 67 71 92 39 15 57 78 58 72 57 35 89 4 75 76 88 52 52 6 16 19 40 47 43 71 87 74 46 48 34 77 33 91 56 73 67 31 51 79 74 56 22 41 20 38 92 11
69 68 61 45 26 80 64 42 59 94 73 70 46 38 66 39 75 47 5 43 48 23 25 11 39 85 82 34 49 14 85 10 44 46 84 80 19 51 47 71 38 20 9 92 9 91 61 12 58 93 22 24 21 35 86 21 90 11 42 10 88 41 76 94 38 41 32 62 35 87 65 77 77 28 67 28 35 77 15 53 94 87 67 21 20 61 12 4 71 55 54 79 58 72 7 93 80 33
95 100
65 60 43 73 4 91 2 50 17 67 80 13 82 17 59 79 37 58 68 69 64 49 50 98 20 84 52 30 1 22 51 2 43 30 51 35 84 43 48 54 71 66 98 73 56 50 66 40 26 20 39 17 74 28 91 17 1 10 51 70 6 88 15 22 61 4 9 34 33 18 61 45 15 60 76 51 76 27 52 31 66 78 78 85 90 6 26 58 99 22 2 30 48 29 67
51 34 74 82 59 8 42 23 39 79 65 3 6 11 9 87 98 33 9 57 5 20 37 88 50 18 45 86 76 63 65 58 23 77 50 60 44 28 2 25 54 59 74 31 84 40 21 32 61 54 15 37 64 95 49 64 5 25 41 47 73 38 11 9 37 52 23 80 31 96 29 52 28 21 44 55 52 63 66 59 1 34 100 55 64 51 40 70 35 49 86 89 63 60 32
96 98
39 87 38 71 2 74 58 96 34 64 58 24 36 91 58 33 51 84 39 15 30 94 8 61 15 96 67 27 73 74 17 22 93 60 75 94 73 38 9 76 45 15 36 64 68 79 78 22 13 22 56 83 48 13 86 92 76 7 82 53 24 80 68 2 96 91 73 91 3 65 66 79 79 64 36 64 65 6 52 57 24 11 82 98 50 77 96 65 84 28 77 87 63 87 1 7
16 12 49 66 65 17 7 38 88 65 33 85 95 73 7 4 79 96 33 36 11 22 51 74 76 29 41 69 23 1 73 90 36 63 64 59 67 71 10 24 88 19 93 75 77 11 96 6 83 62 44 14 5 85 37 53 8 52 70 74 92 52 52 34 10 12 94 60 13 74 30 32 25 14 22 79 9 38 13 10 66 43 42 8 88 96 64 37 3 87 74 20 5 33 61 65
99 98
26 95 8 88 38 66 5 24 59 14 83 95 72 61 38 44 79 66 70 11 62 95 60 55 96 91 58 20 32 24 2 19 56 10 30 53 76 68 53 29 62 20 46 26 5 77 18 96 32 20 88 83 6 23 51 80 87 23 40 47 17 49 33 83 42 43 14 53 25 92 31 27 22 10 60 82 96 39 5 70 69 7 45 66 34 19 21 72 72 71 94 4 15 35 49 82 29 12 9
62 81 6 4 43 15 60 37 7 30 37 89 50 47 74 59 87 2 2 92 11 88 50 30 65 47 22 35 34 19 70 53 61 16 76 35 83 9 61 54 73 92 47 19 76 37 66 45 70 70 51 19 73 82 97 58 35 79 84 28 21 23 95 91 36 61 75 15 6 72 43 40 53 14 85 50 90 67 27 48 41 88 92 50 76 46 88 29 95 7 81 58 61 72 38 63 98 48 30
95 94
16 49 61 93 88 45 28 76 64 29 72 28 68 35 48 66 50 72 35 38 89 59 5 84 88 86 3 41 77 29 76 19 9 20 42 6 52 55 51 89 23 35 80 65 58 2 17 40 14 47 60 52 54 87 85 38 89 2 1 12 1 61 20 88 37 7 56 87 36 80 87 58 15 16 89 83 70 71 84 42 87 81 52 71 15 69 10 69 87 68 74 74 52 40 36
46 89 67 42 68 47 45 89 20 71 70 80 74 72 13 30 31 9 44 74 19 16 47 81 39 71 61 22 72 90 25 36 82 89 2 36 34 79 73 82 47 79 21 47 86 79 14 37 35 61 26 20 90 36 51 26 77 9 9 3 23 36 56 18 43 66 93 85 75 46 85 57 44 63 1 85 28 73 89 40 63 64 28 56 78 6 59 4 62 78 89 30 77 7 14
90 95
39 82 41 92 27 26 19 59 53 55 69 18 46 95 73 40 75 1 81 14 48 95 56 28 76 72 23 18 77 7 55 45 78 12 35 33 52 24 71 31 48 14 54 74 45 43 43 15 76 94 81 85 59 93 57 33 82 49 85 26 74 33 4 9 54 86 38 51 63 23 92 90 15 43 68 95 86 52 9 82 57 23 37 20 64 26 30 47 17 66
41 30 74 58 84 14 67 7 95 47 73 59 25 25 81 77 31 72 6 74 88 19 91 4 38 34 34 2 22 8 88 5 22 71 28 37 58 93 31 66 76 88 79 19 10 67 6 24 77 56 71 91 75 68 80 22 18 55 60 80 30 78 70 21 21 17 81 15 1 48 29 65 80 65 72 9 51 24 48 39 80 46 6 89 15 28 8 80 72 79
91 98
42 93 98 24 25 74 88 28 47 38 37 37 94 34 11 11 63 58 85 15 43 26 79 45 25 46 6 82 62 43 4 19 44 44 40 82 67 47 58 34 46 57 86 56 66 59 58 28 48 73 12 37 69 11 75 49 12 1 13 74 66 6 96 50 28 81 15 27 25 60 89 67 73 31 95 60 13 3 39 48 49 53 47 55 63 94 17 70 86 66 13
96 89 84 31 72 79 78 65 42 21 10 69 15 90 28 87 88 70 38 9 87 57 43 91 66 56 19 79 80 78 47 32 43 69 53 97 4 67 16 38 18 30 72 93 68 27 76 90 21 26 3 92 56 54 44 71 5 2 98 72 35 23 27 88 63 46 69 78 7 49 24 18 57 97 45 49 62 76 28 31 40 36 43 94 85 86 68 20 48 24 59
94 97
74 49 58 89 17 48 37 88 65 22 58 50 5 54 67 95 42 85 74 8 41 50 59 66 4 80 25 61 30 9 27 86 26 66 11 40 89 47 23 89 71 30 92 5 70 49 14 5 72 20 52 94 21 53 93 2 69 63 38 94 65 96 8 36 28 36 61 94 89 44 29 3 78 29 30 59 86 90 48 55 8 96 41 63 86 46 38 52 65 27 42 6 97 78
8 16 73 77 97 57 6 81 43 6 2 95 54 13 42 2 38 26 12 14 23 61 90 53 65 46 83 69 87 53 18 34 70 51 81 64 75 20 54 62 69 34 10 94 10 90 76 34 65 38 13 81 48 52 33 71 17 36 40 69 73 93 68 10 7 87 81 43 45 51 28 70 37 83 59 43 71 3 95 97 69 75 82 36 60 39 68 17 29 53 89 64 37 26
92 94
20 91 4 93 79 21 40 42 48 3 5 21 31 77 15 92 50 40 73 38 12 38 42 30 43 40 31 52 50 16 40 90 50 89 81 36 56 57 34 74 22 56 18 41 19 14 80 13 6 43 6 89 4 59 50 60 57 50 72 49 78 39 43 87 65 23 27 72 26 60 32 11 30 61 59 66 37 35 86 94 61 54 29 50 1 22 64 28 83 83 21 10
69 67 56 62 83 41 73 69 71 68 9 72 5 46 26 9 52 55 81 86 5 1 90 45 35 46 28 46 84 39 46 64 93 49 86 38 93 40 94 39 50 9 25 19 82 21 71 72 46 11 13 29 92 9 9 47 61 55 39 47 52 37 19 86 46 37 16 79 93 5 93 28 31 35 75 47 25 82 33 11 13 39 34 7 27 57 87 72 11 42 81 69
91 92
73 16 1 7 54 78 47 60 81 25 62 5 70 33 83 83 16 33 63 3 72 64 67 7 70 20 69 14 80 52 66 64 91 47 89 37 28 59 63 85 3 73 31 92 35 78 70 89 84 84 88 17 49 72 42 9 49 3 54 21 64 21 24 4 10 89 44 83 31 80 30 77 91 28 86 88 15 80 12 81 73 81 53 16 49 32 4 42 17 90 83
87 88 62 10 75 90 13 8 91 90 58 55 87 42 23 92 89 64 78 41 44 15 65 3 31 66 7 61 75 39 46 27 63 9 56 30 40 64 15 22 92 81 19 50 63 5 79 52 85 49 27 4 81 12 9 78 13 1 71 9 60 66 33 6 31 82 80 14 35 8 71 75 56 20 58 31 25 26 85 91 61 85 43 52 86 34 9 34 28 45 45
91 90
16 15 85 32 40 1 13 66 36 37 85 36 44 81 76 54 58 42 84 49 36 82 30 77 64 32 87 62 42 15 74 51 51 5 66 62 6 32 1 26 67 77 45 20 16 6 58 68 64 86 59 31 22 20 30 36 15 55 66 51 79 73 56 48 21 40 64 68 67 65 29 5 41 39 4 43 23 58 8 1 88 12 46 47 44 74 74 44 33 45 3
30 21 12 48 2 7 53 3 16 36 36 56 77 74 20 21 80 29 51 34 51 43 54 44 30 88 34 66 66 24 57 82 33 27 67 37 14 7 73 13 74 39 52 73 66 65 16 62 47 6 54 37 8 52 81 30 1 23 39 43 62 16 87 29 46 10 12 79 72 1 55 54 75 54 72 24 3 86 83 76 16 72 42 49 6 3 89 87 16 35 57
90 99
61 90 67 26 37 24 82 28 58 14 28 92 8 21 1 53 26 2 74 28 56 5 66 84 87 41 96 32 76 6 50 26 81 83 71 3 31 49 2 61 2 37 50 41 68 61 92 29 37 82 14 59 74 87 21 95 73 2 97 54 46 31 88 2 32 17 91 68 64 86 74 58 96 85 49 24 56 37 24 74 9 56 50 73 32 39 91 75 39 58
80 46 63 83 51 26 81 81 12 83 69 31 53 62 67 70 57 99 19 12 19 27 20 80 52 35 9 39 1 61 2 70 35 67 14 16 32 65 35 21 25 9 22 57 72 28 2 41 22 16 55 53 59 63 52 10 95 42 57 68 13 8 58 76 84 79 40 90 84 26 9 42 21 80 27 81 43 50 96 67 25 40 89 69 98 77 30 9 98 69
100 100
23 87 53 88 68 17 47 29 47 65 37 13 55 78 71 47 41 92 7 66 56 64 29 27 50 98 82 76 19 11 67 73 50 18 10 32 93 97 38 36 32 30 6 39 59 93 22 99 90 26 9 82 95 17 19 94 63 12 54 66 16 83 67 3 91 6 48 57 96 85 9 40 29 93 85 97 63 60 92 72 95 4 12 76 59 69 99 49 7 25 65 70 69 72 27 91 65 22 16 54
62 7 95 86 92 69 70 97 69 49 100 88 93 21 97 77 32 27 30 20 44 63 92 68 41 93 80 88 9 75 43 13 33 98 77 62 10 32 33 61 27 55 17 36 68 46 88 39 98 8 30 47 74 25 51 35 42 29 100 17 46 73 82 72 8 9 1 96 90 50 48 68 33 34 18 6 8 24 34 92 73 84 69 90 1 30 13 28 48 89 96 98 43 61 100 9 69 41 36 83
97 99
15 27 55 51 2 83 36 19 70 25 52 60 55 2 11 78 85 85 54 65 46 29 43 79 69 80 69 17 27 8 32 28 26 47 21 63 69 64 80 94 65 48 78 60 73 59 59 59 73 19 45 14 48 54 67 89 64 68 18 18 99 77 69 68 86 38 54 43 35 87 72 73 91 12 91 24 39 33 88 77 69 68 28 15 18 98 93 6 48 15 80 27 17 63 42 91 75
27 38 17 3 74 54 22 60 1 90 55 96 56 10 26 89 22 36 76 81 31 77 17 11 87 61 81 4 6 24 90 31 1 38 42 94 98 69 72 91 58 4 76 99 79 78 7 41 50 23 28 84 12 13 51 13 21 11 12 98 63 90 12 54 29 55 3 90 19 8 59 32 90 47 54 83 35 63 5 67 87 55 5 67 25 56 19 69 17 55 23 12 92 71 66 71 93
95 97
86 6 1 9 50 31 12 64 75 41 89 53 13 36 79 31 92 79 31 31 25 36 52 75 55 89 20 18 87 43 72 89 36 48 42 37 41 90 50 93 33 30 76 74 36 35 26 40 54 66 66 63 85 26 82 52 73 14 24 38 83 22 89 50 72 70 86 78 82 77 12 70 1 68 36 43 25 79 54 39 83 81 44 13 82 64 32 41 59 44 97 85 54 78 64
18 18 31 62 67 6 26 43 2 49 35 25 96 97 86 53 63 74 82 84 33 63 42 76 87 44 38 3 36 13 1 75 94 69 59 85 96 53 77 76 20 68 37 48 65 11 62 9 89 30 87 70 71 83 85 75 49 28 19 91 62 71 8 40 35 25 82 90 77 5 31 90 44 63 75 31 80 82 60 7 89 33 2 45 67 75 43 78 8 6 68 13 12 54 24
99 94
8 72 74 13 6 79 27 83 47 85 78 27 60 60 80 72 85 76 20 81 45 39 82 29 8 58 22 89 56 31 31 39 65 83 78 73 24 72 25 23 60 27 66 39 25 10 37 34 77 60 53 66 94 75 44 78 93 60 80 84 28 79 45 63 91 21 46 38 62 54 55 24 12 24 40 61 86 74 9 42 59 14 14 12 2 43 68 73 87 83 88 32 45 70 75 34 24 82 58
1 68 88 1 49 59 21 39 41 51 26 68 90 39 88 92 94 21 3 72 7 91 39 34 14 68 58 52 11 19 74 5 26 64 13 31 58 70 94 4 4 83 23 85 86 41 67 54 73 86 39 74 27 13 53 28 49 22 63 75 91 66 65 29 31 56 64 35 21 29 45 20 83 39 4 11 35 39 58 40 33 32 78 78 28 67 87 74 8 55 13 10 50 32 26 45 86 79 43
100 91
2 56 83 46 1 12 75 62 28 34 51 35 17 1 57 2 42 59 42 79 66 38 56 13 86 23 51 89 75 74 4 40 33 79 61 24 71 9 86 59 65 86 83 7 80 25 14 27 90 9 51 48 2 16 44 27 67 82 3 59 36 51 10 86 48 8 56 58 66 86 45 61 20 56 3 60 1 73 87 71 52 69 60 18 35 38 70 27 87 23 36 66 12 86 4 75 75 45 36 75
89 27 81 14 25 21 49 33 44 59 68 28 82 88 17 88 70 58 31 88 20 40 66 3 14 27 1 54 15 48 19 34 65 83 27 26 3 75 8 24 60 90 44 48 35 76 1 80 13 35 68 56 3 29 42 70 15 16 45 18 91 70 43 54 44 25 33 87 61 14 81 46 79 52 25 73 64 53 26 75 42 49 3 40 42 75 37 21 4 88 58 16 46 28 33 82 68 23 66 78
96 98
48 87 55 20 6 39 87 12 50 6 62 64 94 60 20 78 69 48 36 50 80 62 82 54 82 61 92 74 67 23 79 71 34 23 35 69 69 31 87 97 17 87 83 88 52 90 62 75 66 53 65 79 16 12 82 62 34 19 57 5 51 58 45 83 79 66 48 9 56 45 46 58 24 93 97 37 72 46 41 47 16 78 29 63 33 43 15 24 36 36 57 85 63 63 16 90
5 8 46 95 36 64 7 43 51 82 48 31 4 58 32 40 21 67 95 58 68 87 45 86 77 90 58 25 5 59 53 77 14 91 97 73 50 83 54 28 81 94 6 66 58 61 72 80 25 43 50 40 32 22 68 92 11 92 28 9 21 78 71 25 85 8 89 23 53 68 45 93 36 71 50 86 42 77 73 74 79 47 21 51 87 81 48 26 92 39 23 16 58 5 94 56
94 95
64 46 19 64 49 45 10 70 13 24 89 49 17 21 57 42 68 65 29 1 45 24 72 24 9 66 8 84 37 55 43 54 22 82 41 51 79 81 87 89 36 37 7 69 6 86 56 36 6 66 60 16 81 50 82 51 78 10 50 89 29 19 28 16 34 42 78 21 40 35 11 10 77 50 13 30 95 4 81 39 11 29 6 92 27 58 38 88 31 81 26 76 54 3
20 36 55 93 26 67 37 3 27 88 68 22 89 71 7 77 31 18 31 62 25 30 92 5 68 83 2 65 32 8 52 33 37 76 45 20 95 25 50 13 12 31 28 90 75 35 36 6 85 32 55 46 28 42 16 46 26 87 4 47 17 73 92 95 45 67 91 87 65 84 82 66 90 51 42 45 68 86 92 71 59 86 59 11 77 95 86 46 80 92 89 85 16 38
92 91
35 26 66 90 26 47 11 9 72 13 79 58 27 34 68 50 88 38 82 18 66 62 82 30 81 90 80 40 15 53 49 24 2 42 79 39 59 53 71 67 19 16 2 77 69 9 9 4 82 9 65 31 41 52 72 56 10 88 87 48 79 2 69 88 34 27 65 44 77 11 85 74 39 73 48 90 63 56 1 86 72 55 39 55 18 20 15 44 3 79 47 11
89 14 79 1 58 69 29 55 68 3 73 62 25 89 81 60 48 77 60 8 6 4 78 90 23 27 22 88 51 36 79 29 46 7 80 10 35 87 84 38 21 72 71 57 68 54 56 59 64 65 8 20 66 20 8 51 16 51 60 75 58 3 44 50 10 4 23 24 9 55 22 71 42 8 42 85 6 9 30 3 91 66 1 89 83 28 76 31 64 58 34 59
97 91
62 41 59 28 89 1 61 36 74 38 66 82 56 18 33 27 7 21 85 24 48 1 14 49 33 47 7 4 89 57 55 17 75 72 90 72 68 10 18 41 60 21 63 3 32 42 42 13 36 68 56 16 60 68 36 75 88 67 14 59 57 17 75 57 34 5 16 10 64 47 58 89 69 57 61 6 73 31 49 76 29 55 20 52 59 40 61 63 8 1 17 47 37 65 11 67 12
29 82 47 16 86 8 91 27 47 29 55 6 38 80 65 84 13 2 83 17 41 40 59 13 74 55 75 86 88 69 69 58 25 49 69 42 80 3 70 65 22 6 33 30 6 24 14 56 39 45 91 5 67 53 7 28 62 76 11 5 73 37 45 37 60 58 85 90 91 62 60 18 30 23 9 42 68 27 20 43 88 49 55 16 39 56 43 76 42 79 7 60 5 35 76 3 60
90 93
45 3 58 25 12 48 35 28 23 46 11 51 90 18 42 49 55 30 84 71 34 21 24 31 69 65 57 3 86 38 7 69 8 75 93 13 61 51 63 65 3 10 8 16 32 35 48 32 26 10 40 55 57 80 11 64 35 66 49 6 24 53 21 32 37 11 13 50 9 37 50 33 27 74 32 32 14 52 76 54 55 83 71 55 78 76 2 18 50 37
72 42 25 2 76 59 71 8 14 27 78 49 86 82 51 54 49 56 33 46 8 38 1 72 70 90 63 38 39 13 56 89 70 56 75 1 66 26 27 86 86 1 43 56 13 76 12 89 24 12 21 59 21 61 3 27 34 31 13 54 29 4 81 91 12 16 82 46 54 58 62 51 25 81 23 28 30 26 3 26 39 24 57 33 40 74 57 19 9 31
100 99
44 40 24 76 8 63 38 75 14 40 57 58 74 20 56 5 21 67 22 53 11 27 73 87 66 91 73 72 79 31 11 13 96 63 48 77 22 33 31 90 58 44 63 60 69 82 89 29 41 63 75 97 29 5 79 72 82 30 92 68 62 67 79 50 53 52 33 39 90 2 97 77 67 44 3 59 30 35 3 33 57 55 58 70 90 46 99 70 4 88 35 85 50 55 64 76 15 66 2 90
38 12 15 67 77 5 71 39 17 7 56 89 46 59 81 81 36 96 53 40 78 5 44 57 32 50 28 25 86 87 73 46 18 2 64 73 71 89 47 5 12 19 38 46 62 3 87 36 28 16 35 9 86 38 31 89 9 82 87 69 36 90 51 73 42 99 81 68 48 83 87 57 7 52 67 86 51 23 18 74 15 40 52 36 98 68 78 8 70 42 28 29 56 70 71 92 24 14 73 39
95 98
46 38 58 90 11 3 86 24 68 76 98 3 1 5 23 85 49 77 57 97 66 93 16 14 17 70 9 16 68 3 97 18 35 44 59 49 39 76 31 20 1 40 93 53 8 80 55 63 95 66 41 8 24 97 56 39 20 62 51 5 1 67 77 54 19 97 62 25 29 1 71 70 22 17 23 26 30 42 97 24 54 91 39 39 63 59 89 79 88 71 32 35 59 84 18
9 9 27 81 28 70 28 9 35 63 53 53 61 66 67 59 1 56 68 13 98 40 40 76 77 81 23 52 28 27 40 91 15 39 85 40 5 95 2 93 37 36 34 5 23 11 6 84 31 55 83 23 9 61 71 33 41 87 2 61 68 70 43 9 52 9 81 46 6 89 75 93 1 45 38 47 17 28 26 44 96 27 76 77 59 5 8 12 51 19 24 91 45 41 61
99 98
35 19 5 83 31 43 59 40 78 40 64 85 60 18 71 21 74 31 46 27 2 32 42 41 61 76 76 26 41 92 90 37 5 95 45 26 87 6 44 29 80 65 85 48 70 70 54 46 73 16 15 82 86 21 17 82 10 48 40 9 59 7 11 52 46 80 67 49 73 3 71 51 70 36 74 88 5 79 30 51 66 56 6 90 82 9 13 15 21 74 85 58 85 7 70 86 42 54 3
89 55 20 86 61 98 52 11 55 62 98 64 87 87 84 49 48 75 79 3 57 3 29 50 15 46 15 16 18 40 12 80 28 25 8 90 39 90 68 32 16 7 90 15 66 96 70 24 17 87 12 77 25 96 73 11 19 95 52 98 48 39 24 28 91 24 18 41 38 5 1 22 77 20 47 72 53 77 13 46 34 90 16 3 37 48 50 27 37 7 6 96 26 68 53 46 62 70 48
97 100
28 40 22 22 82 35 45 47 97 31 33 70 81 57 83 43 33 60 60 4 58 21 91 36 59 20 52 68 14 78 45 47 10 8 87 87 50 22 36 32 8 63 2 93 58 97 6 26 95 17 38 8 86 9 60 80 95 88 6 27 90 51 67 59 75 35 22 29 9 59 68 62 37 83 28 81 28 49 33 7 7 51 29 64 80 66 23 79 45 78 71 37 88 63 70 41 46
55 33 54 60 80 81 35 86 82 25 32 22 91 30 7 92 31 94 98 72 7 58 64 33 81 37 71 33 19 10 88 69 53 28 13 79 60 94 62 74 5 34 44 59 49 10 67 57 46 58 11 89 42 6 27 29 82 58 29 63 47 15 96 68 9 6 35 67 4 15 69 74 61 37 21 1 80 17 27 64 74 66 50 4 100 98 46 7 13 58 95 71 60 91 18 99 12
99 99
54 81 72 52 76 7 93 5 48 32 1 88 7 87 25 91 83 40 8 66 1 1 36 17 74 57 80 58 32 1 56 21 44 47 35 5 75 88 24 19 86 97 4 58 40 23 10 37 82 42 73 66 59 66 42 52 15 91 92 40 73 80 82 10 30 5 24 5 23 85 21 89 95 3 73 53 43 16 68 18 67 30 49 97 82 91 60 96 84 47 69 7 95 82 9 11 11 55 57
29 20 64 22 43 91 49 41 46 37 41 92 35 56 55 35 66 92 28 86 82 24 46 93 66 51 26 45 79 11 89 41 2 13 1 16 22 29 44 90 44 51 21 67 15 50 13 66 25 4 38 3 87 12 6 6 17 4 45 93 80 43 77 23 17 65 36 46 29 21 43 82 62 13 33 37 31 71 23 86 96 24 59 55 64 51 42 26 55 91 72 8 35 38 81 28 16 35 85
93 94
24 23 69 29 38 70 21 61 83 20 52 41 89 69 26 15 3 75 13 92 72 60 11 46 53 60 75 64 24 1 3 28 36 19 67 11 31 44 42 82 93 76 30 77 23 38 75 70 92 65 70 88 78 76 84 43 94 68 85 57 63 8 22 38 35 50 24 40 43 91 36 38 69 30 6 87 93 73 33 33 16 16 17 80 94 84 23 74 64 43 63 77 47
39 52 22 38 22 81 62 30 10 15 68 29 39 54 64 43 89 50 20 40 21 1 76 60 91 49 79 36 34 9 76 42 32 16 41 79 22 68 69 79 11 80 46 23 66 9 1 33 26 14 77 32 42 85 49 13 7 42 64 36 80 40 63 75 46 7 27 67 5 14 15 22 41 62 26 92 15 45 58 17 33 78 31 46 31 73 31 9 11 75 44 8 35
98 97
92 59 82 65 69 13 44 29 24 87 52 78 13 32 90 60 70 84 93 59 39 11 63 47 85 22 96 76 38 75 80 52 47 13 74 46 32 76 84 59 57 64 42 90 29 86 67 89 44 81 46 82 2 23 75 79 61 94 78 16 63 51 72 28 79 80 35 42 72 37 25 44 72 89 43 68 82 81 43 21 62 28 34 66 48 43 19 5 42 84 53 6 24 16 63 36 7 94
19 36 12 47 85 15 68 88 14 48 73 44 14 96 87 27 37 64 72 85 48 29 88 83 14 9 9 52 77 52 13 28 35 74 10 62 79 13 1 67 10 80 52 61 58 45 83 33 40 42 31 34 70 64 47 3 72 18 66 70 71 43 92 62 77 1 1 97 26 29 96 66 82 40 40 82 22 5 58 51 8 90 31 92 13 38 71 7 12 73 73 72 70 96 92 19 10 66
99 99
57 2 56 43 41 78 4 90 80 12 28 7 46 41 79 46 9 63 50 18 31 50 32 8 37 50 71 46 45 90 5 92 14 35 65 27 85 80 26 49 38 6 42 65 50 29 86 41 37 16 66 81 69 33 6 41 34 66 60 53 86 20 82 36 21 78 17 66 35 34 6 59 37 16 3 92 56 67 79 76 10 54 75 62 8 86 61 83 63 49 74 87 99 22 46 71 21 89 49
92 66 43 65 63 17 64 98 60 68 35 62 36 22 51 31 12 61 48 86 63 38 59 80 71 41 25 98 78 42 64 59 61 29 8 39 77 11 20 74 28 44 45 72 48 94 54 49 69 72 85 24 54 19 33 15 82 37 66 47 37 89 10 46 68 93 43 57 26 91 96 3 66 62 35 93 13 3 37 13 80 68 41 49 1 79 22 74 67 12 22 12 74 81 23 9 69 46 37
93 96
49 52 56 79 23 59 8 9 35 4 93 45 44 33 78 86 63 57 82 87 54 74 17 57 76 11 5 23 18 11 80 54 10 11 69 42 72 67 37 44 79 24 11 17 94 91 88 17 16 79 73 14 67 36 68 83 58 59 30 7 83 53 38 38 55 33 55 1 16 76 89 74 1 95 67 57 48 71 60 56 15 46 12 56 82 19 72 4 49 49 12 73 87
69 26 72 5 33 43 73 79 83 6 63 58 15 10 87 75 56 36 50 89 71 11 68 6 6 94 89 79 24 1 75 51 61 22 55 93 25 51 73 83 91 56 62 37 75 44 93 62 18 73 54 56 95 34 12 78 63 1 44 49 59 3 73 42 51 62 89 71 64 4 87 72 6 58 25 33 71 39 53 12 10 91 75 9 23 21 78 58 73 92 40 39 65
93 91
32 78 55 69 90 28 21 36 66 41 81 80 57 36 14 27 24 1 11 83 43 7 2 57 87 15 3 63 80 81 26 63 76 76 77 34 14 64 77 80 8 46 43 76 51 55 82 75 65 71 71 45 14 20 85 78 79 60 68 81 5 79 20 13 53 90 77 2 31 7 3 53 72 67 57 83 53 49 36 70 86 31 18 9 11 71 35 16 34 81 7 17 62
21 11 29 74 8 53 89 39 69 40 4 76 26 4 32 36 9 87 65 68 1 70 31 12 31 10 56 66 42 83 17 47 19 69 20 21 13 34 5 15 3 15 2 78 72 75 77 16 10 9 61 76 27 14 67 86 52 37 83 27 13 2 2 39 64 30 8 85 45 54 23 11 62 53 49 59 64 78 1 26 67 6 82 46 30 34 60 67 26 85 6 39 61
100 97
71 72 72 77 18 28 29 78 75 67 95 48 66 62 75 11 45 30 9 45 77 4 24 51 90 41 6 52 41 76 95 72 37 33 91 21 50 25 16 92 94 15 84 8 55 2 47 23 17 14 58 67 74 83 12 10 40 56 4 47 66 38 48 5 24 82 49 94 1 96 28 48 21 81 45 46 24 54 21 75 64 12 80 78 58 28 70 16 25 38 68 96 47 33 8 37 36 11 63 97
24 33 93 79 52 82 81 3 68 68 55 85 87 2 54 73 14 32 18 4 46 48 76 95 3 32 95 69 76 8 66 86 6 91 18 81 46 23 50 10 64 33 3 59 97 76 52 2 11 24 74 73 20 19 86 87 82 45 33 23 87 88 78 53 81 36 41 87 71 59 19 83 31 37 69 97 43 40 28 8 66 75 54 50 27 19 71 50 64 87 39 20 8 43 85 39 88 52 21 89
92 98
38 8 66 19 21 82 61 41 68 86 85 98 78 29 10 38 18 29 77 43 67 12 32 74 73 2 73 98 3 29 80 83 17 95 55 65 78 51 56 44 93 89 7 16 19 37 67 24 22 64 24 82 53 4 55 58 31 79 57 27 30 75 1 97 64 31 27 89 12 31 40 61 61 18 10 61 78 37 17 56 32 57 8 78 63 7 14 22 98 5 33 68
16 27 77 93 77 9 5 77 18 17 7 44 43 34 12 4 10 95 43 53 51 61 92 64 8 39 51 43 68 66 10 96 66 9 10 13 13 83 33 49 82 78 3 89 2 1 27 34 92 82 90 73 22 69 46 26 75 94 77 60 31 17 43 37 56 27 91 97 62 56 83 8 19 60 26 25 73 72 60 4 33 40 25 68 11 89 81 52 35 85 29 54
90 91
6 90 43 82 1 37 37 15 19 80 50 56 1 89 34 69 61 54 64 51 64 18 64 81 77 58 50 78 4 56 81 48 36 88 74 31 56 21 22 7 90 74 31 90 18 35 39 40 66 36 35 60 73 46 4 10 63 34 64 73 7 45 58 40 44 10 2 34 38 64 54 4 53 19 19 75 46 91 82 40 82 5 54 68 74 75 15 91 21 78
21 7 10 6 74 3 38 16 91 28 34 62 80 54 45 42 23 8 33 23 50 46 54 83 57 60 19 2 37 22 72 63 4 21 84 71 26 73 41 82 74 15 8 64 74 11 73 16 62 57 34 6 82 47 19 24 75 84 52 88 70 50 11 30 50 60 1 27 64 20 24 8 42 22 88 41 44 49 60 47 6 69 70 52 27 71 83 24 81 15
98 100
77 4 66 65 29 9 30 88 22 70 80 97 68 80 86 10 20 100 86 30 47 53 99 58 87 21 23 24 29 28 30 76 28 59 63 35 17 48 33 14 37 18 30 91 74 98 80 44 86 28 66 98 45 30 72 60 78 11 27 40 4 17 34 71 38 68 41 65 61 7 74 8 76 79 93 63 31 46 11 48 74 30 54 29 48 57 85 23 60 6 54 90 66 35 64 3 53 25
89 6 60 86 90 65 27 28 100 85 11 33 93 22 63 47 61 42 57 39 98 63 73 19 4 40 13 50 64 52 67 81 12 19 44 77 82 75 91 84 91 72 66 88 88 22 65 87 20 86 72 1 38 21 13 6 15 30 19 67 68 58 40 44 11 62 33 20 53 98 54 45 23 11 80 70 84 81 81 98 90 13 28 55 38 94 41 92 38 11 82 78 26 95 13 100 54 24
97 99
76 19 29 70 48 17 63 3 18 80 60 52 26 10 22 69 51 51 86 81 17 10 5 75 22 7 56 75 84 3 69 28 78 96 21 71 71 60 94 57 89 32 76 6 79 74 93 86 29 14 44 21 8 51 77 71 32 98 54 34 25 36 64 93 32 75 31 85 50 83 64 55 61 57 95 24 53 15 91 55 31 80 91 42 88 15 18 15 12 64 99 78 49 36 50 14 85
52 17 38 74 79 9 15 73 36 99 76 46 75 11 56 21 8 75 3 36 60 13 9 78 45 21 61 90 49 15 72 29 35 38 38 43 41 92 58 91 23 16 97 51 59 83 22 93 91 44 18 1 5 80 34 93 11 8 51 28 36 30 49 59 89 8 81 33 33 55 7 48 3 40 70 17 39 64 10 26 25 24 58 33 14 95 62 43 49 62 72 87 59 74 39 49 43
92 91
9 29 62 7 26 22 79 47 35 8 69 37 90 79 66 9 5 39 7 82 7 75 51 61 33 49 88 67 41 32 10 70 91 16 61 75 67 37 19 22 77 61 13 52 89 38 69 91 21 66 41 69 11 36 25 63 32 3 20 17 43 35 22 86 81 35 54 19 69 45 11 90 71 46 7 11 37 2 33 16 55 23 38 47 75 31 74 82 35 58 30 8
77 8 73 32 57 9 55 34 2 36 13 23 28 4 73 13 34 88 64 48 6 28 59 25 22 34 22 22 75 67 11 66 62 50 7 68 45 19 26 90 13 10 69 82 13 53 74 6 64 73 2 55 52 82 68 40 90 90 44 53 88 57 55 3 91 39 47 31 32 11 83 91 14 8 30 52 10 82 45 37 31 27 18 86 23 48 53 85 87 81 3 2
100 92
16 87 85 79 2 18 67 71 53 64 2 88 21 91 48 67 30 84 39 4 73 42 85 70 69 40 80 62 82 67 59 25 12 81 12 32 88 74 12 81 61 3 56 48 92 24 72 54 17 15 76 84 92 77 21 29 19 20 52 3 90 78 26 33 89 76 40 27 14 74 60 48 80 25 6 32 9 17 77 36 56 78 92 22 72 42 18 27 66 76 39 3 43 45 63 35 83 68 70 19
21 66 87 54 19 27 68 67 16 17 48 71 32 57 75 28 51 51 17 9 72 91 44 30 78 58 20 2 84 89 7 49 62 69 61 24 14 19 65 5 77 83 84 59 46 66 44 63 48 86 91 30 86 47 22 17 65 17 23 19 7 40 48 19 31 15 86 56 53 63 47 15 74 58 28 15 40 88 32 87 45 35 6 78 75 27 49 72 37 11 20 72 90 80 61 13 32 47 32 90
91 95
69 16 24 28 89 47 1 28 85 25 69 65 45 67 80 48 13 48 73 71 62 13 45 40 89 21 92 7 4 52 32 21 57 76 6 62 21 95 78 82 50 53 25 50 57 84 12 31 23 14 78 1 77 20 24 29 48 37 2 38 50 50 32 77 15 27 72 36 27 26 72 86 32 4 25 25 41 54 63 37 95 62 23 23 86 63 40 41 11 94 24
23 76 16 8 81 31 77 52 83 85 45 45 18 21 40 30 55 55 76 85 34 46 70 39 14 11 67 35 47 44 70 93 11 24 64 42 81 26 79 68 62 32 24 23 31 46 40 18 32 65 65 74 64 78 52 56 94 92 92 85 43 54 33 41 74 68 87 10 32 62 59 4 31 2 12 67 40 42 54 80 22 51 64 16 39 77 24 54 33 7 86
100 98
27 46 94 72 82 39 80 62 21 78 34 4 8 13 35 14 18 96 48 26 71 22 28 46 50 64 44 90 87 76 55 18 55 80 39 95 12 60 67 56 43 28 27 54 93 23 76 38 86 70 35 89 55 15 35 79 93 57 5 65 87 11 45 49 46 82 52 13 8 83 58 61 71 82 87 3 2 51 33 90 91 56 25 63 88 78 28 43 70 16 61 45 14 8 19 61 87 48 39 16
78 52 70 6 13 65 46 19 17 27 33 3 85 31 1 91 79 85 47 60 41 5 6 3 1 15 46 8 69 19 62 75 68 61 11 55 66 21 81 78 50 54 25 16 22 1 66 7 6 42 60 16 25 62 75 76 29 6 90 89 28 86 2 83 61 25 36 38 69 9 71 19 88 65 44 88 3 75 4 71 5 50 23 40 81 7 1 8 47 49 84 78 94 56 71 27 12 18 43 70
96 96
22 22 5 89 44 25 91 36 52 82 37 63 79 46 75 33 87 1 44 49 7 6 54 49 41 47 18 34 87 41 58 19 27 94 10 7 80 12 72 16 13 77 62 29 84 19 11 54 18 85 11 9 89 35 48 89 27 47 69 50 42 40 5 65 87 57 64 5 51 48 84 74 53 94 23 58 61 83 28 11 59 93 66 71 62 58 84 9 50 13 89 94 28 36 79 53
67 4 16 79 72 77 69 47 7 25 63 18 40 10 90 30 21 81 69 82 77 44 13 77 15 83 7 82 54 31 1 37 47 77 51 63 87 70 46 83 57 81 4 1 83 27 18 59 24 2 42 15 72 36 23 32 52 39 76 64 74 36 76 76 25 28 84 16 87 65 10 50 28 24 80 91 54 66 69 12 57 92 11 27 3 27 54 4 56 40 44 48 21 51 6 81
98 94
63 89 62 90 63 75 35 10 81 35 78 57 60 52 52 48 36 33 67 24 58 43 90 63 31 56 36 88 89 23 42 86 13 52 55 63 49 63 8 87 65 52 65 88 3 3 29 51 7 40 28 48 5 16 47 55 22 36 48 55 61 47 89 14 65 82 53 70 35 8 51 14 75 14 14 77 56 53 48 29 60 81 67 84 57 62 33 74 69 45 94 2 14 49 36 25 2 92
41 59 64 50 86 84 36 46 4 15 49 85 71 61 76 28 32 70 6 89 48 60 72 23 92 69 90 59 25 87 12 12 35 66 76 50 87 47 45 59 79 11 39 56 23 72 44 39 50 1 27 40 64 34 48 9 65 86 53 39 7 82 80 70 48 40 31 30 4 21 7 91 67 70 32 82 40 63 15 69 55 67 88 74 84 40 74 7 79 26 45 76 27 51 1 67 22 23
99 96
35 20 78 52 92 80 24 28 67 17 49 52 84 80 1 61 20 6 14 38 51 68 21 51 96 42 59 96 2 68 36 50 82 16 10 35 77 89 36 20 65 52 33 21 85 27 66 53 15 36 80 16 50 91 91 69 91 11 58 44 37 46 82 90 69 63 14 10 10 7 71 19 24 15 70 39 72 32 1 21 48 31 70 43 44 76 56 80 59 31 8 19 78 64 67 93 74 45 75
58 90 3 63 89 62 67 69 46 76 87 76 15 24 36 27 45 78 28 86 50 19 44 40 94 49 37 6 6 20 22 91 4 94 31 27 96 5 12 4 81 75 24 87 53 87 75 58 96 17 51 26 65 47 77 1 30 74 26 39 10 17 2 74 71 22 48 4 71 39 68 46 60 37 6 8 59 4 9 68 66 44 95 3 86 9 51 52 33 81 92 12 35 42 26 52 90 37 76
95 96
27 27 5 57 29 45 70 5 28 14 1 15 39 57 17 32 84 94 2 30 72 19 72 57 72 81 4 47 16 45 2 21 68 21 56 60 1 76 90 36 9 54 66 46 87 85 45 49 15 29 20 61 85 17 12 82 19 4 12 67 28 65 13 9 39 81 28 14 28 82 53 16 22 68 4 14 22 23 32 96 88 5 25 53 95 25 51 73 7 57 23 38 23 61 75
39 51 79 70 5 56 30 40 67 27 42 23 92 69 89 34 95 1 23 10 13 86 7 9 29 41 71 32 57 84 68 73 5 17 77 37 75 66 56 14 83 21 7 74 39 62 89 71 61 45 41 45 33 22 30 51 74 69 13 14 52 52 27 6 64 23 2 39 10 69 66 30 84 62 20 57 66 18 5 89 52 47 51 88 45 26 86 61 10 15 67 63 36 67 81
91 93
26 62 12 19 35 45 11 92 53 30 69 90 42 40 30 27 23 68 18 10 58 50 37 60 70 79 12 71 14 22 42 70 83 28 29 45 58 43 26 25 90 19 71 58 72 25 32 5 79 9 33 33 55 89 53 30 13 49 83 31 37 31 70 17 89 79 89 20 74 22 54 93 68 65 43 24 73 92 50 9 87 22 49 37 21 45 37 75 65 52 61
22 81 42 38 55 68 45 36 34 11 44 60 17 4 39 1 90 15 61 26 8 86 77 81 46 30 18 79 41 27 24 24 30 83 51 75 66 11 51 31 8 10 34 35 69 9 86 50 18 76 34 73 2 47 64 12 48 22 62 30 80 59 53 76 78 29 39 4 49 14 51 60 36 70 58 61 79 60 88 75 66 9 47 66 93 22 93 42 62 27 55
97 91
6 31 72 39 29 91 79 91 63 88 42 14 17 91 43 14 43 61 63 50 38 68 71 52 2 66 91 79 30 50 84 10 77 23 77 17 87 25 67 67 91 26 36 56 86 91 29 74 8 14 67 28 91 47 63 32 40 10 45 73 38 31 75 19 43 53 1 32 1 86 15 86 18 46 19 14 38 91 57 85 14 56 82 60 27 64 88 51 37 26 41 34 77 56 30 10 22
5 83 45 52 56 19 52 29 11 80 50 58 54 33 55 65 48 1 73 20 58 80 17 21 80 30 40 63 32 20 62 25 44 60 83 69 8 52 21 56 25 37 23 47 19 41 54 51 68 26 76 87 13 15 40 2 76 3 52 62 19 60 4 18 15 38 31 54 28 91 32 15 30 51 41 80 65 20 23 87 9 25 15 13 43 63 36 88 57 55 7 87 28 33 32 26 48
97 90
12 22 21 45 67 26 73 80 53 81 49 44 69 48 54 1 22 72 85 66 74 38 25 21 59 63 47 39 69 25 6 31 62 54 78 50 79 54 6 5 27 26 73 12 82 56 15 46 66 87 40 40 83 74 24 67 25 68 65 36 73 24 48 41 32 72 62 57 24 9 44 51 66 85 71 21 6 70 5 15 13 33 87 13 79 39 49 42 75 61 29 47 72 53 29 23 7
90 86 10 68 31 48 41 19 32 44 8 14 78 62 76 37 83 20 89 30 45 88 4 37 50 84 45 51 90 88 30 17 50 70 44 11 83 27 87 83 77 83 78 68 79 2 6 34 78 7 6 29 75 58 88 60 69 27 12 64 20 75 42 12 14 49 18 53 51 43 80 8 83 60 2 85 26 27 49 41 7 63 29 4 89 50 33 83 41 37 57 65 59 47 16 53 60
95 97
58 94 12 94 17 3 30 21 92 3 7 62 7 78 38 64 10 80 81 52 52 33 91 58 14 64 69 73 49 84 53 18 49 11 52 82 25 1 38 34 56 8 92 91 93 64 89 21 84 30 46 68 28 70 89 6 89 74 89 79 75 56 86 17 26 77 90 91 61 25 91 72 90 94 66 77 24 87 83 9 74 40 67 21 10 8 71 11 10 91 58 1 8 19 40
45 13 93 50 96 19 91 16 58 65 20 41 93 49 45 88 22 6 13 29 6 35 92 55 23 65 70 54 71 11 6 57 76 85 97 4 52 2 73 20 72 77 54 76 96 8 57 78 33 41 79 4 55 12 9 94 35 41 45 97 4 80 71 80 92 95 93 3 10 46 71 62 16 73 5 17 7 22 93 92 3 43 79 28 45 33 26 78 79 90 20 48 31 34 89
100 97
15 12 7 63 5 48 19 12 39 96 65 40 15 70 45 79 48 50 37 66 94 35 15 84 66 60 32 5 93 6 51 78 74 97 50 60 10 26 97 74 48 86 12 44 23 40 69 49 5 37 92 17 14 85 72 4 53 25 82 37 54 24 76 71 46 22 69 21 85 50 64 49 70 64 73 42 51 42 92 58 59 8 8 75 30 39 54 1 12 56 97 75 75 7 14 27 13 33 7 66
59 47 26 92 79 6 97 67 80 10 1 52 55 40 79 47 40 12 13 18 85 54 62 21 90 56 35 47 72 5 48 18 50 56 56 87 6 3 30 79 67 38 32 31 8 64 89 32 44 62 13 82 93 30 42 40 27 95 49 22 74 9 1 50 82 56 34 31 87 40 11 8 40 53 25 94 56 23 16 83 24 42 71 17 36 66 50 41 90 76 15 43 13 57 97 67 38 72 22 26
94 94
94 49 36 71 26 73 17 6 84 41 2 27 51 77 17 20 21 43 55 58 39 11 31 71 61 13 53 92 58 74 50 52 53 7 88 82 14 24 23 45 76 88 61 80 10 50 77 24 88 40 61 90 38 3 78 42 25 54 40 9 51 2 66 49 90 70 34 38 83 37 25 49 82 50 39 33 21 81 77 38 33 82 16 20 73 44 7 48 79 76 27 35 6 40
55 94 24 22 18 79 33 80 89 73 91 6 74 51 7 74 2 92 34 14 66 64 77 57 16 9 58 2 60 87 27 1 52 90 53 56 92 28 64 21 13 21 26 33 33 53 18 15 65 23 88 7 20 80 66 63 9 86 3 43 31 84 8 57 7 81 92 29 13 85 54 63 71 52 67 31 91 14 75 17 76 46 62 83 62 61 11 31 77 70 93 64 68 77
95 100
20 26 67 25 83 63 56 82 98 9 38 65 11 44 1 55 38 100 81 75 92 37 11 2 50 34 31 98 10 23 3 17 26 8 19 86 86 72 22 44 96 34 74 22 33 14 62 45 98 76 39 67 53 29 35 76 43 84 20 2 94 53 15 59 88 24 28 51 88 11 68 28 48 29 11 24 72 56 60 23 32 34 19 44 23 56 55 66 27 72 100 13 14 26 65
3 97 97 2 42 17 66 53 65 90 10 48 22 97 33 46 21 26 54 98 65 18 10 40 2 53 14 3 62 59 19 32 89 44 94 13 29 70 62 97 97 47 23 26 14 59 47 88 2 20 51 94 68 21 30 81 84 19 75 88 3 51 80 41 60 91 90 32 54 44 60 47 23 53 81 4 81 22 65 75 22 88 51 90 85 68 80 14 57 51 39 55 16 59 68
96 99
70 76 68 78 62 93 79 39 85 4 45 46 17 56 29 42 89 11 4 32 42 37 14 44 43 59 28 6 56 23 69 24 44 25 59 47 43 33 41 12 13 35 51 13 24 50 90 76 10 19 55 36 19 63 42 8 5 47 58 81 3 47 60 76 49 71 52 85 69 57 13 66 96 64 14 68 9 70 16 84 41 32 35 54 49 61 43 83 98 30 72 81 2 2 50 27
84 87 4 57 10 56 3 4 66 42 42 34 13 32 57 47 55 81 69 46 13 72 78 11 42 18 80 41 32 75 84 65 96 55 92 83 15 25 73 95 51 68 47 78 76 72 20 65 89 21 6 81 79 73 75 13 75 38 15 31 22 50 11 25 34 18 21 22 74 8 5 57 14 73 70 64 46 67 80 52 42 96 64 98 79 27 29 43 95 98 22 57 77 66 29 40
97 99
71 3 15 14 26 27 13 71 92 51 65 45 85 18 17 91 63 98 28 96 26 3 25 40 9 70 8 65 81 4 22 25 98 49 68 6 67 55 62 51 49 11 4 44 64 93 46 35 63 86 18 75 18 39 33 79 45 33 47 86 62 71 54 92 72 73 36 3 56 7 44 4 26 81 38 79 64 25 86 16 30 74 25 62 54 73 39 59 84 8 89 3 25 35 50 19 87
78 86 91 88 11 38 89 37 39 94 70 65 91 39 35 46 10 48 23 80 6 97 3 10 38 94 40 82 63 46 90 13 66 56 7 90 87 64 55 3 76 92 60 33 42 38 76 23 13 10 7 62 88 26 92 23 86 1 24 62 53 37 8 25 84 22 19 28 47 3 72 54 47 17 51 88 32 72 99 20 96 36 94 96 58 74 46 56 97 34 72 82 73 48 99 35 21
91 92
13 87 8 28 72 38 42 46 61 58 56 39 64 70 74 61 40 90 19 81 37 5 20 77 30 73 71 57 21 28 60 69 44 79 9 1 84 69 86 29 7 65 23 39 65 91 41 46 41 54 41 86 54 22 5 18 19 60 17 62 66 77 49 8 18 89 58 57 11 55 31 18 61 9 51 13 43 61 89 68 89 44 71 47 11 35 78 53 40 12 89
77 2 27 80 89 14 60 18 34 53 25 26 7 76 78 69 61 33 44 6 1 22 84 75 23 13 68 56 90 89 28 40 81 46 54 71 9 24 75 12 38 54 76 7 30 12 72 51 17 51 66 72 17 52 75 68 51 27 16 90 80 25 39 31 92 50 12 6 4 34 88 14 52 68 76 49 23 57 3 41 18 17 34 51 45 68 77 76 86 17 62
94 92
84 90 50 48 78 62 27 51 92 25 50 76 4 58 6 79 32 20 62 91 77 16 19 14 75 12 41 21 91 77 68 33 15 52 21 86 73 89 49 4 69 41 42 51 64 32 92 32 41 64 46 3 21 75 10 27 55 86 15 35 45 18 35 70 19 53 14 14 37 74 54 60 92 87 16 78 63 1 84 47 51 76 9 20 21 59 17 2 25 82 16 1 86 40
18 59 76 47 67 20 53 87 72 18 83 40 86 25 53 74 17 58 91 75 7 41 36 22 18 3 63 58 24 37 51 55 47 53 84 66 57 49 43 64 77 54 22 19 57 59 52 9 70 67 18 18 48 88 74 46 75 87 86 4 33 67 59 59 82 39 92 2 13 72 4 25 19 54 65 30 8 15 62 4 25 81 10 67 32 45 29 43 80 41 80 3 19 1
