100
98 97
23 8 73 81 15 38 65 78 68 45 54 95 6 43 34 38 56 69 18 37 88 61 56 19 87 11 30 72 89 15 36 56 39 40 20 10 40 24 65 69 67 96 80 52 84 66 61 24 28 87 30 69 70 40 80 95 36 26 34 1 73 52 33 75 29 96 33 8 68 21 73 93 61 33 40 74 14 45 29 57 44 47 74 70 77 79 50 3 91 74 63 46 58 10 94 55 28 73
91 79 35 42 81 32 63 83 39 69 14 76 88 13 70 80 93 97 63 67 16 64 7 34 3 95 89 42 16 93 15 38 85 89 80 95 20 44 59 11 78 61 89 47 92 2 15 82 57 21 36 83 68 71 31 51 23 90 73 72 46 94 47 77 47 41 54 58 85 8 65 88 45 55 50 68 84 84 69 11 41 75 52 85 86 23 80 43 84 92 96 58 87 71 89 73 27 19
91 91
29 23 31 12 66 72 86 73 73 31 34 70 11 3 31 55 35 31 19 50 22 67 59 67 38 63 54 58 90 52 69 41 20 52 35 91 80 3 77 40 24 16 26 59 8 7 2 3 12 39 70 35 22 38 62 70 65 31 51 7 49 54 72 18 62 86 19 66 91 50 21 17 73 24 76 1 78 7 31 61 66 9 39 10 24 54 22 73 6 4 47
10 20 47 65 51 20 36 87 25 44 22 30 90 72 42 43 42 45 12 45 82 52 38 49 29 54 29 26 43 39 1 65 10 18 19 52 2 16 64 66 75 77 42 39 14 10 59 88 64 82 79 10 71 80 16 23 51 46 46 66 63 22 85 73 25 54 60 82 81 3 12 64 51 8 21 70 57 83 40 56 20 30 41 91 68 11 56 34 42 51 7
98 98
36 7 32 58 94 29 9 67 11 7 4 67 37 19 4 78 33 10 7 67 19 68 30 92 81 80 91 59 24 40 50 89 67 67 54 11 93 52 44 82 22 98 73 86 50 7 19 61 53 48 67 3 32 18 59 72 92 55 46 87 27 33 19 76 43 96 5 35 93 19 23 31 33 62 95 48 75 2 88 59 42 98 98 64 50 94 38 51 1 69 46 79 54 22 23 60 68 14
65 42 53 28 11 50 28 88 49 8 59 65 57 39 36 21 39 38 40 26 74 98 40 25 89 22 45 60 32 72 45 54 82 59 52 36 85 40 61 66 96 66 75 79 93 69 78 46 47 56 26 48 34 94 69 9 84 48 16 93 43 98 45 7 86 5 40 93 55 62 94 72 69 74 31 96 13 72 27 66 10 76 20 26 87 7 93 60 43 24 92 6 97 49 91 11 96 53
92 91
73 24 77 36 55 27 89 21 80 41 68 56 9 33 53 38 42 19 74 28 11 32 29 14 84 54 27 65 87 10 40 8 87 35 40 9 18 91 74 39 13 50 30 79 58 34 14 22 69 12 29 88 30 68 57 56 37 30 45 6 25 38 58 64 22 28 70 30 25 18 44 64 83 75 18 7 42 60 69 91 52 84 41 71 8 23 35 64 64 66 22 27
40 45 73 82 76 48 91 47 20 62 1 33 22 59 63 10 37 59 64 3 25 11 50 69 54 73 32 2 61 91 30 62 67 52 17 10 14 71 46 9 11 16 5 53 80 70 47 66 59 34 90 43 46 25 90 76 61 21 3 41 9 36 62 36 4 78 38 45 11 25 51 21 28 63 56 74 68 31 33 58 44 1 73 7 21 41 6 5 40 44 4 25
98 93
92 50 73 14 67 65 5 50 10 90 66 38 87 64 29 42 31 19 41 2 92 68 34 24 1 49 44 74 68 40 34 79 59 73 66 65 70 1 37 84 37 58 50 35 90 73 80 76 19 13 14 91 80 45 67 72 20 69 64 66 88 31 36 6 42 40 41 83 93 76 88 83 36 88 30 89 91 17 86 56 39 13 30 27 58 41 88 37 88 19 91 1 17 60 45 25 67 82
29 26 90 54 17 35 92 49 61 59 67 66 36 27 17 27 66 34 66 10 43 3 69 10 83 72 92 2 58 3 20 45 9 32 10 24 80 89 44 6 26 55 34 82 28 14 83 1 71 14 43 55 28 87 85 21 92 58 41 92 51 44 3 10 10 19 32 47 9 53 8 32 45 3 13 73 18 51 35 72 49 42 19 57 22 9 66 86 20 23 73 86 78 78 7 92 7 89
93 97
26 23 21 65 72 96 6 97 87 50 33 56 80 62 33 47 21 11 59 61 64 15 63 9 95 31 32 93 39 23 46 33 14 27 25 96 62 8 33 2 32 11 45 45 89 46 57 51 47 15 15 58 14 36 45 49 6 1 47 80 10 78 66 94 8 80 58 35 75 39 47 27 49 3 57 32 86 1 4 78 77 88 25 5 15 12 83 70 60 88 22 8 32
14 75 91 81 80 33 21 37 75 83 31 14 85 7 81 41 59 29 16 12 54 49 23 37 19 56 3 32 33 77 53 57 40 96 43 46 60 59 26 63 1 6 55 90 94 85 1 19 54 96 89 19 24 55 88 21 76 70 36 42 11 42 16 74 80 91 26 60 40 81 62 30 67 85 21 70 51 93 15 80 23 70 96 68 48 35 62 72 12 17 19 26 43
100 93
79 68 16 43 65 79 85 56 83 39 50 56 70 41 85 11 60 92 40 86 49 7 60 36 89 89 22 60 2 41 48 47 93 61 20 18 30 1 35 63 62 64 28 65 53 90 28 9 93 43 18 62 91 9 88 6 12 21 49 33 37 45 20 48 27 72 38 38 73 67 2 86 64 21 42 71 7 66 73 62 51 69 77 2 78 77 3 67 27 65 27 12 5 61 50 46 19 11 24 30
85 45 30 48 70 84 72 68 81 83 80 3 77 89 42 27 40 17 60 61 7 18 12 13 84 7 2 50 48 28 70 48 79 16 79 6 87 78 24 92 31 56 74 31 93 38 66 26 52 8 70 93 20 57 39 18 73 16 22 67 80 78 48 30 72 59 72 36 9 30 40 2 62 70 49 59 73 10 52 82 18 14 22 35 85 29 76 27 17 4 9 34 60 20 1 92 86 93 52 77
91 92
17 58 48 50 80 54 10 10 12 92 6 30 42 10 30 69 92 22 27 1 48 11 92 83 19 91 55 32 52 64 88 88 70 88 49 17 37 12 37 65 36 55 53 6 32 86 80 28 32 51 30 64 36 2 32 24 7 13 12 21 19 43 1 75 77 6 47 44 67 8 88 60 25 52 74 44 82 13 53 41 56 33 84 48 57 25 32 86 71 58 60
4 79 4 69 75 11 12 37 9 87 62 36 66 42 80 4 59 62 2 9 53 65 42 10 26 47 8 38 55 10 13 69 41 40 60 51 82 30 22 1 31 75 68 75 45 25 8 75 25 73 18 69 44 71 64 73 87 82 66 14 27 79 72 26 86 29 71 80 10 5 56 33 38 39 55 36 42 74 6 29 75 15 12 80 49 59 10 6 80 33 14
93 93
80 32 56 20 91 38 11 75 41 26 16 16 72 16 5 38 20 42 65 71 87 40 42 32 67 64 36 25 64 71 49 60 61 37 64 30 88 22 68 81 58 70 72 26 59 47 91 16 48 20 44 47 93 71 80 89 21 81 44 65 28 75 85 63 51 21 36 31 29 67 58 91 12 25 35 76 78 11 15 8 12 38 59 92 81 6 15 28 44 81 64 31 30
18 55 89 67 81 33 65 51 1 63 13 93 67 13 4 89 36 86 67 42 32 41 45 48 18 74 50 62 4 31 58 71 80 92 6 48 89 61 4 59 55 60 3 9 54 19 50 25 38 35 89 15 20 17 85 6 59 59 40 69 10 89 58 67 81 5 34 64 73 75 53 35 42 86 16 91 92 91 67 56 73 89 45 67 4 26 51 45 86 64 89 85 2
91 92
66 92 83 68 54 84 37 10 20 56 88 30 37 44 8 17 50 66 89 85 66 20 77 26 39 18 15 29 24 11 43 19 7 2 75 12 66 18 54 51 61 87 12 22 21 17 54 38 22 6 90 89 9 45 20 53 20 35 61 73 58 92 44 92 67 49 42 51 64 57 23 35 28 58 5 58 39 82 84 90 24 12 43 89 15 5 53 84 79 28 64
25 6 1 62 56 41 14 91 37 34 2 23 10 82 28 35 42 9 61 28 35 65 42 46 35 47 36 3 16 83 7 76 72 92 36 65 71 77 33 22 32 10 28 81 79 11 43 46 10 70 39 92 70 3 10 75 2 76 23 38 56 79 39 60 75 35 52 31 63 19 62 2 54 38 81 76 13 36 31 11 33 72 28 9 53 1 77 24 61 32 4
98 90
52 56 68 82 21 22 28 82 61 10 72 44 11 70 65 42 34 87 28 44 37 90 38 46 9 33 35 52 83 31 11 47 61 44 57 28 89 90 65 21 60 1 41 7 74 88 85 87 50 64 57 54 75 26 3 49 30 10 57 52 78 54 33 81 38 66 69 44 54 27 35 8 27 2 25 65 67 62 71 75 8 5 9 81 7 31 65 6 49 40 70 63 31 74 89 85 52 16
14 29 82 14 63 32 11 30 32 81 71 62 51 65 54 9 54 80 15 88 83 12 55 64 68 43 58 69 24 2 54 14 11 72 13 80 52 63 32 73 32 86 16 43 60 89 4 55 42 12 75 39 27 82 23 29 78 35 56 12 82 38 90 17 40 32 89 19 15 85 36 11 37 32 8 15 15 9 66 16 21 22 19 28 86 80 79 8 32 44 77 18 53 90 42 12 58 72
99 99
33 23 30 65 19 51 61 44 79 21 72 76 99 63 54 35 36 68 73 57 14 42 98 58 72 76 45 14 98 79 36 81 55 75 78 35 56 61 18 1 40 34 37 62 28 27 56 28 5 6 45 43 3 70 71 17 68 20 39 89 21 57 83 39 20 30 44 96 87 3 85 24 15 98 50 63 61 2 29 69 9 71 59 97 38 18 55 14 80 48 11 25 62 18 35 30 96 69 48
17 57 68 55 68 89 56 89 36 44 9 91 75 86 31 98 96 87 49 80 65 67 69 96 47 16 40 18 47 20 89 89 93 94 40 19 95 40 81 36 31 45 72 61 29 77 14 14 60 87 48 72 43 87 37 13 24 74 71 34 59 72 72 80 79 3 89 41 84 43 37 47 26 79 29 31 28 99 73 3 81 7 67 38 87 65 39 54 88 49 47 86 6 70 76 31 92 57 59
92 95
17 90 70 72 53 58 17 88 46 32 90 79 14 1 76 40 45 19 49 77 28 79 63 40 3 63 70 85 44 61 2 58 58 21 31 69 92 79 84 83 41 38 19 50 77 46 61 39 73 88 38 40 63 87 27 94 70 24 3 13 15 24 53 53 62 68 10 29 47 2 63 13 25 61 36 69 32 55 17 22 5 48 93 76 49 43 1 22 55 9 66 53
39 83 20 41 75 52 12 53 33 13 45 74 61 77 53 23 85 91 13 44 53 89 70 36 63 76 38 74 15 1 52 30 47 43 88 86 43 62 70 49 39 10 88 27 50 83 48 88 18 54 36 43 38 73 49 77 79 16 21 31 90 4 64 69 26 40 34 32 2 56 88 72 51 12 37 13 33 65 1 67 42 83 85 11 34 13 83 74 90 49 32 76
92 96
37 31 79 29 35 94 95 12 19 49 28 63 46 39 62 5 36 7 21 59 65 19 53 74 68 16 5 31 56 49 22 83 27 51 55 42 83 67 14 72 11 33 78 56 92 39 54 63 21 14 14 51 72 30 89 34 25 74 90 50 66 51 12 79 78 68 44 86 70 39 39 73 70 42 39 16 42 89 19 32 71 6 15 50 89 42 52 40 24 50 49 7
60 81 32 8 60 76 71 61 10 76 69 52 35 60 38 74 48 50 27 69 16 14 62 80 96 50 1 90 42 81 51 67 55 24 92 10 20 48 34 3 32 74 88 80 95 67 19 11 37 12 26 52 30 34 95 83 69 82 83 89 50 12 66 51 39 1 41 72 32 21 49 18 43 91 37 59 10 64 13 82 7 85 58 24 12 87 63 88 25 8 45 55
99 93
58 44 46 84 88 36 71 89 16 59 79 73 36 49 20 82 39 14 65 43 41 49 19 23 52 13 63 13 3 24 25 5 68 15 1 11 35 4 71 46 58 59 26 56 39 14 9 3 82 30 72 27 49 51 37 57 59 79 92 19 68 35 40 86 12 5 52 62 73 66 9 84 57 51 47 55 40 42 70 44 90 26 93 64 49 59 66 76 87 6 63 55 1 31 6 9 74 4 82
45 48 63 35 71 21 33 24 55 62 88 29 66 20 44 42 54 50 30 5 24 72 75 11 80 72 49 81 82 27 74 74 4 81 29 28 55 93 17 57 66 42 85 52 10 25 49 59 4 88 75 25 42 90 12 45 24 62 14 58 79 9 21 33 21 81 20 61 71 42 83 5 4 73 7 65 69 15 18 24 15 75 36 67 17 53 10 42 77 11 79 75 14 5 42 11 34 30 92
100 92
80 42 29 68 51 72 41 5 68 92 55 15 58 60 82 16 1 45 68 44 71 40 81 73 14 77 31 72 2 50 56 67 84 24 77 22 68 61 36 35 52 45 9 10 5 22 76 71 63 18 88 55 46 68 67 86 23 74 61 36 44 3 11 45 86 36 28 28 91 12 83 41 42 5 3 2 40 89 58 56 57 91 19 87 12 49 14 35 23 33 21 50 53 21 30 48 23 53 34 24
44 40 8 39 86 22 28 87 9 13 65 82 59 63 65 82 82 37 36 91 26 21 23 53 73 66 76 60 33 72 23 17 22 46 30 23 86 31 76 20 71 17 79 51 12 79 54 64 74 46 82 71 20 69 43 66 37 27 9 2 73 43 19 72 63 63 81 13 24 25 90 23 86 58 8 8 71 32 21 43 2 70 41 91 11 91 62 90 1 39 22 40 89 35 28 87 65 13 77 56
98 97
31 14 63 55 7 18 6 92 80 30 5 43 27 66 17 68 79 35 54 64 69 67 6 47 68 15 24 96 18 81 21 58 47 77 32 14 21 56 57 84 57 53 51 77 84 70 66 21 58 74 51 26 75 64 19 80 9 93 52 96 19 32 88 57 96 92 80 46 23 82 26 24 44 69 41 95 42 16 80 87 51 91 83 29 92 45 58 14 68 46 63 54 49 77 73 55 63 11
87 16 86 75 72 36 7 79 46 11 47 88 49 90 43 67 80 75 28 39 44 6 30 11 36 8 77 70 50 54 81 10 32 75 16 62 80 57 19 22 64 17 18 30 38 83 18 16 10 54 87 1 38 97 48 73 44 91 88 82 36 31 97 32 3 77 81 38 4 2 64 84 5 3 79 8 39 66 8 77 63 21 51 3 83 43 5 69 34 87 1 85 60 72 55 95 25 49
98 98
80 47 73 77 95 4 77 9 14 72 74 80 53 18 58 55 55 46 32 47 56 57 77 22 62 48 31 20 45 67 75 55 14 2 94 63 39 16 56 42 44 6 59 90 12 58 89 65 28 50 26 54 43 76 52 5 9 3 73 18 92 70 74 82 70 31 12 32 22 73 81 81 84 21 66 52 87 20 82 70 24 22 71 93 70 36 4 5 28 84 89 46 17 49 27 77 72 27
55 96 54 48 31 8 20 56 26 52 19 56 96 79 11 18 91 62 79 91 61 43 36 33 7 14 65 15 24 9 90 51 49 93 12 38 92 30 79 53 71 36 77 31 30 78 78 90 27 55 24 39 15 49 85 54 84 94 30 53 60 72 33 79 50 24 57 75 74 61 29 86 4 38 4 72 54 90 40 59 8 54 5 55 84 51 41 7 84 87 98 82 71 40 15 59 20 67
94 99
48 35 95 81 50 10 73 77 90 19 41 97 52 55 13 25 93 80 29 31 33 36 56 76 17 35 6 73 6 97 58 66 93 3 63 21 46 21 87 60 5 60 58 85 27 98 90 98 13 93 84 78 98 54 62 44 6 87 78 77 51 21 51 74 83 93 10 30 64 61 95 62 50 36 18 23 58 80 84 60 52 96 63 48 38 78 74 83 81 91 63 20 45 4
10 31 94 20 8 22 7 63 44 82 49 12 6 77 9 22 97 4 15 70 62 99 79 20 24 25 53 4 41 54 89 93 49 57 37 88 68 60 47 3 25 18 25 15 56 48 40 3 25 84 10 18 78 43 16 71 98 17 70 96 21 78 13 55 78 22 67 72 98 81 39 78 66 10 81 70 76 81 67 29 44 63 11 37 54 72 44 25 29 50 25 47 84 9
91 93
12 73 64 33 42 55 80 8 54 71 53 28 21 34 79 17 84 69 81 18 74 1 10 28 35 84 46 71 27 66 2 89 64 71 54 15 37 62 53 79 42 42 81 8 57 75 7 17 68 49 32 44 35 5 26 91 86 90 27 5 32 61 42 30 69 89 37 64 14 35 55 39 47 38 29 42 85 80 29 12 62 3 34 73 90 24 79 3 91 70 71
80 40 39 80 36 21 43 53 42 80 61 78 55 26 9 45 66 13 21 10 39 87 85 83 75 31 23 19 46 58 78 81 58 29 87 68 17 53 42 45 41 25 47 60 50 84 31 56 11 65 26 53 68 39 70 79 20 28 86 65 11 10 52 25 21 42 71 12 34 82 17 56 44 59 84 74 6 63 38 17 84 53 11 19 92 29 26 9 26 1 93
91 94
73 29 82 47 9 68 41 59 57 69 79 32 83 19 39 59 5 1 70 15 89 86 11 34 64 53 61 45 73 75 34 17 68 8 69 17 75 94 3 36 16 49 46 93 63 19 82 38 22 62 42 53 5 17 56 37 74 82 2 52 37 77 83 85 7 51 89 82 93 8 51 37 38 13 26 46 23 50 41 78 14 81 8 48 76 94 57 74 48 59 16
38 85 63 66 76 90 16 47 21 31 63 45 94 37 68 32 81 66 11 27 23 30 14 30 42 15 46 67 24 31 10 28 80 4 28 18 39 41 46 8 11 8 66 80 51 31 22 58 65 32 8 28 60 62 77 11 9 38 1 74 53 23 35 10 38 57 21 40 29 31 85 10 36 77 6 19 38 88 46 75 40 64 30 12 23 20 64 42 66 81 62
96 95
40 79 54 39 91 74 15 76 33 80 25 89 79 33 21 76 43 52 39 39 28 82 46 91 42 43 78 14 18 4 65 9 4 80 1 21 71 46 16 25 16 71 17 27 65 28 32 27 35 42 12 44 8 80 69 48 9 63 1 65 72 29 73 72 2 50 34 38 79 21 77 67 80 72 94 22 65 86 77 77 3 27 55 55 74 22 19 62 12 40 84 5 92 26 51 68
49 16 70 21 58 90 34 37 70 44 72 63 27 77 55 46 54 69 79 79 43 80 30 2 2 35 2 69 62 48 53 23 24 11 38 40 19 68 1 85 3 25 69 46 1 1 59 54 26 4 72 32 11 49 93 55 51 65 84 54 48 71 35 91 69 72 13 75 44 32 89 21 69 52 27 16 45 60 69 90 81 76 8 19 9 29 42 54 47 67 41 14 21 3 93 43
96 96
59 58 91 24 32 82 18 4 40 40 58 49 13 31 48 80 79 19 5 74 21 71 81 36 81 18 95 44 78 16 69 32 44 14 85 43 44 43 20 18 27 43 78 67 17 31 65 84 89 88 67 74 33 66 77 10 48 89 10 22 17 31 91 29 36 18 6 95 88 88 13 55 23 8 76 75 88 91 44 74 20 46 83 14 44 11 47 66 65 6 74 91 77 60 10 63
74 85 28 3 4 53 3 84 61 6 38 9 83 74 59 51 34 96 87 39 45 81 12 78 89 40 77 58 79 81 63 35 84 77 48 51 39 86 5 96 75 55 46 5 42 89 43 26 82 42 90 82 23 83 49 37 50 9 43 49 53 34 74 15 75 6 13 76 59 81 26 76 49 21 61 92 9 69 96 68 1 40 5 95 85 48 63 25 47 77 71 8 83 13 1 29
98 96
11 35 73 69 95 26 73 95 45 86 74 19 39 1 54 65 76 54 85 14 43 71 38 12 42 90 64 53 45 94 8 75 48 94 4 4 13 44 8 58 37 92 93 54 36 95 60 19 70 18 31 56 84 1 79 64 50 8 8 92 78 17 47 22 73 24 51 25 47 11 52 23 78 23 27 77 83 18 70 53 19 9 68 75 54 36 10 16 11 60 43 39 46 61 88 66 18 66
46 20 62 33 35 59 66 44 33 27 14 38 71 74 23 39 45 31 65 15 76 95 6 17 17 12 13 66 1 74 47 45 96 88 13 36 67 70 34 85 94 49 14 13 69 68 7 81 96 66 38 37 14 19 23 68 96 42 68 93 53 33 58 31 62 93 4 55 90 23 12 81 85 75 70 33 27 67 48 10 76 37 8 29 64 72 59 36 88 31 28 31 38 50 35 81 41 94
90 91
79 64 62 20 18 78 69 85 47 29 76 83 91 42 69 16 6 48 58 4 85 73 65 47 45 23 15 59 84 19 22 23 11 28 14 42 4 46 82 40 88 8 51 26 4 81 73 74 3 66 55 82 3 86 77 48 83 82 80 29 75 51 28 60 38 89 9 7 89 87 45 62 61 13 50 57 9 72 89 62 13 77 20 79 87 19 50 8 76 73
10 61 17 82 85 63 18 11 54 77 4 46 74 65 23 8 73 30 5 48 86 85 11 7 74 57 55 58 77 51 61 88 29 86 9 67 11 57 55 34 86 41 75 47 16 29 36 85 4 8 80 13 65 91 89 63 30 70 66 59 29 68 25 87 2 18 61 82 47 69 3 27 25 79 27 40 66 27 16 85 31 37 61 10 66 59 66 72 48 72
100 96
15 43 23 88 32 73 11 16 68 15 73 33 62 12 92 79 33 12 29 79 68 20 24 37 93 65 92 22 27 30 24 14 79 1 28 84 43 23 18 30 87 14 42 91 9 11 58 95 65 72 35 80 7 53 7 13 85 24 37 87 10 93 34 64 31 39 30 63 43 26 25 24 79 56 87 96 70 65 75 80 12 85 81 48 9 80 48 43 22 81 43 57 9 18 78 8 54 37 27 91
72 18 35 94 29 31 72 8 37 19 11 24 94 42 36 64 18 24 50 17 34 57 22 11 68 6 35 80 17 77 72 38 58 30 16 34 39 77 34 78 69 43 53 20 85 50 10 4 24 39 4 8 85 78 57 52 42 63 76 64 5 83 25 70 48 43 56 64 60 77 18 75 48 81 23 17 12 70 77 60 14 31 26 76 72 61 90 73 96 91 73 20 19 79 48 89 29 69 28 42
97 96
30 37 96 16 64 88 32 82 96 33 77 39 92 71 1 14 39 41 10 5 39 93 11 41 9 52 1 69 95 34 74 86 23 52 19 33 79 80 95 92 70 24 80 96 40 81 60 64 30 31 88 27 44 55 54 36 84 94 18 43 21 76 77 67 37 83 89 29 27 23 53 68 53 67 36 93 59 88 95 53 50 32 31 78 76 44 79 21 80 28 21 23 5 94 28 23 22
22 63 88 94 90 85 88 10 38 65 79 80 95 17 70 40 20 45 43 47 58 18 8 35 19 18 39 67 41 30 92 63 80 79 40 29 76 77 69 87 21 39 90 80 45 52 39 52 12 42 53 68 26 83 83 61 16 35 82 89 37 34 1 35 29 52 66 22 22 93 23 33 4 16 31 95 20 70 38 18 29 67 40 95 68 60 22 71 74 11 68 71 58 90 56 40 95
94 100
39 60 80 24 95 19 78 32 73 44 30 69 66 51 21 57 32 66 23 77 4 88 4 18 10 7 61 88 88 36 25 65 83 21 69 53 32 85 19 47 81 49 96 35 40 5 77 36 89 21 9 82 30 32 14 29 11 17 83 45 15 92 58 69 57 9 49 54 57 25 41 8 86 59 4 35 80 59 33 44 80 81 28 41 50 21 66 88 12 64 55 31 75 97
89 37 29 22 17 67 1 17 76 25 61 87 77 65 75 75 100 91 14 12 92 53 80 16 49 95 66 35 95 8 34 68 60 35 40 44 20 5 77 5 98 51 69 61 62 19 45 71 26 50 58 51 36 100 91 22 76 78 24 4 45 75 4 97 79 5 94 78 20 4 52 35 97 28 73 7 22 88 46 38 40 65 86 82 7 63 37 29 90 28 99 74 23 28
94 92
84 81 36 57 92 50 8 80 33 29 40 63 6 30 65 58 38 47 59 83 36 57 63 40 38 21 77 45 87 21 78 73 10 15 38 35 81 18 61 77 2 40 12 6 90 6 51 60 85 67 91 62 6 23 75 32 12 66 1 84 19 48 44 35 87 89 15 68 58 11 79 91 63 61 39 86 7 21 18 54 41 25 2 64 56 80 7 12 11 83 87 74 28 33
54 51 41 19 6 40 76 1 49 37 3 12 46 27 20 62 86 16 65 2 20 53 87 63 80 78 37 14 80 45 5 68 86 21 91 53 40 34 49 88 44 31 52 59 37 31 89 72 52 40 62 43 43 35 54 92 34 33 50 5 53 51 47 68 37 4 27 40 16 6 23 66 77 1 2 60 73 55 54 58 7 5 61 4 80 88 50 66 28 54 43 5 85 73
98 97
76 56 97 37 57 3 11 82 16 64 56 86 15 78 33 82 64 77 42 31 79 62 11 29 84 34 40 29 88 89 82 78 48 63 77 30 83 12 77 34 33 10 60 65 2 65 86 93 36 24 67 27 50 70 23 71 59 89 23 44 57 78 65 19 86 28 23 72 49 17 71 37 24 83 42 49 5 32 62 96 38 35 84 91 9 43 86 70 93 60 40 10 40 48 9 85 10 46
37 8 8 11 73 91 3 10 66 50 68 32 42 14 29 94 65 26 67 34 33 59 28 1 18 80 62 58 81 54 48 43 27 35 82 91 35 86 19 27 93 5 76 55 9 96 75 29 77 87 46 53 95 40 80 93 51 78 38 90 9 38 37 13 9 6 63 55 8 14 37 26 1 46 59 40 42 84 58 7 5 83 70 38 96 87 21 29 78 24 61 63 75 19 93 23 62 7
94 90
50 30 70 24 33 62 6 64 7 67 64 54 43 56 10 33 89 40 72 52 52 73 2 89 11 66 77 30 52 14 35 52 62 39 33 16 52 32 66 73 42 48 19 34 54 59 60 82 75 83 13 90 10 17 65 28 56 88 65 74 84 33 46 54 75 60 5 7 79 4 11 70 57 72 18 29 70 1 53 84 20 45 45 26 46 63 56 1 15 71 67 56 24 40
58 59 39 12 63 84 78 56 8 21 16 17 34 61 30 36 84 44 34 86 6 86 13 84 46 40 64 32 66 19 52 54 69 64 61 65 47 18 44 35 12 42 42 24 8 29 22 78 66 54 49 68 66 29 11 24 50 4 78 13 48 44 40 6 43 39 90 1 64 11 84 46 52 21 30 59 4 23 29 26 83 20 18 69 30 47 9 81 7 9 36 49 31 9
92 92
62 49 16 44 37 81 58 54 55 20 87 63 50 85 34 20 92 36 65 87 59 45 4 75 36 87 50 5 10 25 67 90 21 85 40 57 58 52 68 55 11 74 46 63 77 62 17 4 63 44 46 15 87 50 28 72 11 53 42 73 45 54 71 12 74 74 85 77 51 72 1 63 8 75 24 60 62 6 89 91 56 45 51 19 4 79 30 2 39 12 69 51
10 62 48 17 78 66 83 39 28 30 92 52 13 26 62 44 57 40 26 60 54 76 46 29 55 38 51 92 64 90 80 23 29 76 92 60 91 79 40 37 40 32 12 37 50 36 64 20 35 29 80 91 55 36 30 50 45 42 74 8 90 45 81 64 73 81 54 53 7 52 73 41 30 26 54 68 35 60 81 54 61 14 9 14 30 69 39 38 92 71 23 86
100 93
54 18 11 57 68 34 25 78 10 8 55 17 43 56 77 3 43 27 79 13 84 21 19 80 93 87 88 66 18 86 31 20 32 20 65 23 42 47 85 71 52 35 79 74 19 62 44 36 50 4 34 59 47 23 63 38 34 47 46 8 42 86 67 88 27 33 47 48 58 6 71 6 62 30 31 18 37 43 62 71 48 68 78 1 28 5 65 54 6 2 59 25 43 15 29 91 17 57 34 21
93 43 33 78 82 11 93 88 49 18 3 53 51 38 28 45 37 43 18 90 73 52 72 82 71 83 46 60 55 74 82 82 6 46 38 64 12 17 62 2 77 83 64 10 48 14 38 14 17 52 21 54 60 9 2 75 58 20 62 4 88 1 42 33 65 22 62 28 14 58 80 43 82 56 28 43 60 66 78 30 35 42 29 40 72 85 44 35 2 12 37 4 33 24 45 68 16 27 55 10
99 98
32 5 85 58 41 51 85 10 63 50 52 44 85 72 26 65 93 79 42 90 12 39 51 85 8 92 48 75 60 61 85 74 82 53 98 87 86 2 72 66 24 53 74 49 26 26 33 44 94 50 85 41 30 93 51 14 54 85 97 73 70 22 58 52 85 96 85 68 81 24 51 89 69 94 93 87 64 83 87 78 16 49 40 68 8 35 10 29 34 70 50 54 92 19 27 96 12 72 81
9 19 37 36 23 84 36 31 72 43 47 56 55 35 30 36 58 5 57 2 64 61 46 28 7 67 79 46 51 47 42 24 23 12 15 33 77 44 17 44 76 18 33 3 91 23 62 34 88 92 88 70 57 33 61 20 59 76 70 70 37 75 72 92 61 75 14 82 98 10 41 13 34 97 83 69 90 43 9 9 20 87 43 47 41 30 8 71 60 47 17 36 93 78 59 1 15 65 47
98 93
53 34 93 38 21 7 27 86 74 64 23 80 2 69 12 81 77 14 93 35 26 84 3 31 9 24 17 83 68 28 81 46 40 67 46 52 92 30 38 28 41 62 56 59 22 24 84 60 69 24 16 87 35 18 60 75 1 79 43 58 22 29 91 47 91 57 28 14 57 51 49 19 39 72 73 91 11 70 62 60 74 11 4 70 35 48 65 78 43 25 44 51 21 49 32 42 63 55
22 11 38 41 72 27 62 85 60 33 31 47 48 24 77 22 73 71 19 77 39 36 92 12 38 33 91 25 46 49 23 17 76 60 35 78 55 1 79 87 70 45 75 72 13 46 4 6 68 90 64 43 29 12 74 52 47 36 75 75 50 64 85 41 72 88 8 62 76 79 78 64 26 33 75 53 37 63 32 79 4 29 20 11 85 51 58 81 41 82 56 83 59 34 38 91 59 37
97 99
92 49 61 84 62 17 69 32 65 2 22 14 8 32 20 82 43 38 37 39 93 85 45 42 21 96 17 13 19 34 1 72 64 46 57 54 39 72 77 42 73 91 24 91 89 18 82 46 9 10 22 91 82 12 40 39 92 87 10 71 36 18 17 71 70 23 64 38 79 71 10 94 28 55 64 97 24 11 96 80 10 62 66 16 87 69 44 23 92 54 65 80 5 95 12 90 74
25 82 82 25 98 99 68 30 86 25 96 10 79 43 15 46 87 85 98 79 95 99 57 14 75 60 81 47 80 90 13 94 98 51 55 77 99 28 85 76 98 69 33 48 54 88 88 64 96 7 55 26 91 4 8 68 41 57 28 32 50 15 97 39 3 27 79 85 78 27 47 52 35 7 16 38 79 61 59 2 61 67 87 88 20 98 69 94 11 50 40 4 58 52 43 77 87
91 93
78 29 31 2 55 40 77 89 77 4 54 20 82 6 80 66 35 89 24 38 22 32 75 11 42 80 34 46 24 30 65 28 89 64 11 9 27 93 34 22 39 30 93 9 29 52 55 5 37 25 91 43 85 47 73 74 72 89 29 32 25 24 23 90 61 44 3 11 15 47 60 35 40 8 26 90 77 29 80 10 62 20 84 31 21 25 58 58 77 57 58
77 85 42 47 79 79 69 87 32 37 72 59 45 93 68 4 6 47 76 51 55 84 20 64 91 9 31 34 71 89 5 56 19 81 91 26 50 92 40 21 60 73 72 68 18 46 3 17 53 75 12 30 66 58 10 76 39 5 38 57 8 68 57 83 46 18 4 52 55 62 32 87 60 68 25 13 15 40 20 46 33 55 73 10 39 22 10 73 46 71 65
95 94
36 59 31 17 89 88 44 87 7 1 60 42 87 3 63 76 52 63 47 20 12 67 86 46 13 53 43 60 65 72 64 7 86 22 33 15 69 57 18 80 86 38 93 33 48 53 9 67 92 87 4 49 81 87 3 2 42 33 54 12 40 91 18 83 46 70 11 14 22 15 7 23 37 1 11 18 49 71 92 38 27 21 6 59 38 38 43 77 22 14 9 58 5 69 82
8 74 1 57 76 46 57 93 33 30 13 9 6 58 3 2 14 56 38 9 2 57 89 25 85 50 78 45 32 94 52 43 48 20 17 83 33 26 75 48 72 15 79 88 57 20 36 36 52 57 1 45 30 45 78 71 67 50 67 74 66 93 13 31 4 88 2 46 37 46 85 11 71 4 86 40 85 31 82 16 94 46 72 16 46 47 26 2 87 80 42 20 53 2 12
100 91
40 4 8 74 30 19 4 18 61 21 11 57 59 85 46 67 66 22 84 80 30 14 52 40 91 57 4 26 49 27 42 21 30 53 74 30 32 70 14 1 6 67 10 4 43 50 7 41 11 34 11 43 16 82 14 50 91 19 33 82 71 41 5 23 33 2 8 34 46 57 11 74 89 12 49 75 64 57 18 24 39 49 91 41 10 16 81 16 39 11 14 51 26 54 39 36 79 59 32 90
80 57 23 4 44 76 83 50 2 6 10 10 79 58 47 71 4 26 48 20 81 2 86 21 57 53 73 62 50 37 24 54 70 17 68 9 67 88 72 18 35 82 20 49 18 24 70 64 10 6 2 37 91 13 52 24 34 57 78 32 59 27 26 3 85 57 48 44 47 35 9 66 54 56 84 33 9 21 47 46 62 88 38 55 6 80 35 12 90 22 72 27 72 78 42 69 9 3 6 11
98 93
9 74 72 75 60 67 11 6 92 2 14 80 19 24 89 13 5 86 20 14 16 31 77 30 44 6 45 12 3 21 30 70 14 85 58 32 91 59 13 4 73 44 18 44 76 47 78 2 59 31 91 13 61 7 37 57 33 53 12 47 36 57 35 34 2 46 41 52 64 72 62 87 52 58 52 17 15 32 71 51 62 10 91 43 19 88 34 34 27 57 69 21 48 32 86 25 6 6
60 7 7 80 59 45 82 46 60 66 54 85 30 53 62 39 37 2 9 6 61 26 51 74 42 62 55 35 31 38 17 88 41 43 12 75 27 88 76 9 21 19 62 66 51 81 45 81 36 38 57 16 24 38 12 54 28 84 68 9 77 84 71 41 78 31 79 12 16 46 35 59 32 86 36 2 17 23 93 9 25 40 7 48 53 75 69 67 55 37 80 83 15 38 2 70 86 18
95 99
81 51 63 47 86 69 40 4 38 45 35 52 69 80 47 7 56 39 23 66 73 9 10 17 97 98 56 63 91 93 26 37 71 17 37 52 71 67 34 70 4 8 19 58 42 72 18 94 35 63 14 78 49 79 25 48 48 27 36 17 37 92 1 66 71 27 88 89 38 51 84 89 48 80 71 31 14 25 59 52 51 48 28 58 1 23 99 36 57 62 14 9 52 77 96
54 98 80 16 91 3 93 18 89 90 69 81 60 85 74 39 22 98 97 21 65 86 99 24 48 67 20 65 26 3 19 1 63 46 7 96 21 72 96 51 43 97 68 13 12 98 3 57 84 4 36 50 24 13 41 65 87 95 19 71 69 74 75 13 74 19 3 22 62 69 31 94 5 60 91 34 11 34 53 36 39 85 14 14 62 47 30 18 71 77 82 3 69 81 52
91 95
35 72 19 81 61 65 11 39 27 20 12 39 71 18 10 46 66 42 14 66 56 66 85 7 18 82 24 43 28 92 62 67 10 63 10 35 85 71 34 22 40 14 59 50 15 32 19 18 7 32 74 64 33 46 10 86 77 14 41 64 41 63 22 71 38 38 8 71 71 50 35 87 63 71 60 94 42 19 46 9 80 45 5 95 2 61 38 50 69 28 32
6 82 6 42 49 80 79 50 83 79 42 2 62 31 52 68 91 21 93 51 49 49 10 47 69 83 63 70 53 44 93 11 35 86 26 68 84 17 66 42 27 57 56 75 13 58 44 25 43 86 51 56 27 7 20 80 46 31 46 91 29 25 67 42 46 18 65 67 11 3 94 13 59 54 57 75 36 95 8 5 29 63 71 67 35 57 34 7 66 1 30
93 100
91 21 26 51 12 67 20 98 22 65 52 29 38 69 23 52 94 93 64 21 90 94 89 92 11 14 52 80 81 29 90 32 45 68 62 97 48 97 79 60 54 21 83 88 77 92 32 80 52 66 73 2 3 78 20 83 53 25 56 35 42 68 77 97 59 79 97 29 33 36 78 89 70 73 47 46 86 6 40 86 43 29 52 38 1 43 65 47 43 81 68 92 69
90 49 93 14 38 58 57 2 78 64 45 40 51 39 25 89 81 57 66 68 23 59 100 34 6 1 64 44 57 42 89 49 84 34 45 24 2 84 5 100 13 70 39 44 12 17 5 95 57 58 52 77 49 33 69 88 31 73 99 25 29 100 27 94 1 94 93 64 8 65 87 78 54 72 54 21 3 5 53 77 54 27 7 21 3 69 66 24 35 58 50 29 31
98 93
29 12 93 78 85 38 71 78 23 27 48 49 56 93 57 31 87 9 24 14 4 15 65 63 60 41 33 27 29 93 55 23 32 20 76 52 48 56 23 84 68 85 75 16 67 45 77 14 27 89 73 82 55 40 89 37 40 51 9 29 42 62 20 80 33 36 84 77 18 4 4 48 30 2 61 93 2 87 14 13 31 58 56 54 7 53 4 65 73 3 42 92 51 40 35 19 5 20
72 66 17 82 11 86 66 32 36 17 55 90 53 9 60 23 24 65 22 5 10 3 23 1 15 71 36 34 50 63 31 79 9 9 74 27 64 10 47 37 5 37 87 35 21 71 70 29 57 62 54 45 49 78 46 24 25 47 86 14 70 72 7 42 15 4 25 86 34 86 84 41 47 9 34 45 88 23 4 34 73 13 11 11 30 52 26 8 57 49 25 20 81 24 38 73 87 7
100 91
27 51 57 64 44 88 14 89 66 65 73 48 71 87 60 24 49 49 78 29 18 90 56 17 11 27 78 46 36 47 69 10 59 1 76 46 15 2 87 71 59 88 23 57 56 43 38 21 87 85 46 41 85 27 10 84 32 13 55 50 16 34 84 90 59 84 83 41 50 46 36 47 46 22 74 39 62 40 38 25 55 13 1 3 48 80 78 47 85 91 67 39 22 2 65 89 71 73 3 60
23 8 61 83 22 49 86 14 55 15 86 54 42 61 23 35 83 20 29 7 65 48 84 42 68 83 20 14 16 70 4 24 3 64 23 14 5 24 42 73 57 89 2 9 14 66 30 26 64 16 44 59 54 60 27 57 53 32 77 25 44 22 38 62 54 28 19 70 60 56 37 76 87 38 53 87 55 47 48 20 36 84 52 38 17 47 89 49 67 51 2 29 45 29 34 49 1 79 11 51
97 100
30 55 97 17 3 37 9 78 100 33 29 46 65 43 81 6 26 19 85 58 10 31 77 10 82 75 3 43 23 94 76 7 57 52 38 9 61 45 44 27 68 89 66 79 71 39 36 17 13 26 76 23 76 69 3 51 62 98 85 28 16 79 56 3 85 47 42 80 98 31 80 85 31 18 90 3 43 60 42 67 48 60 29 7 48 68 1 17 25 72 59 79 64 97 90 33 88
46 90 59 49 99 50 42 31 23 97 73 94 35 71 79 17 38 6 22 42 51 42 44 95 41 58 61 27 35 90 99 14 79 4 76 69 42 1 60 42 18 29 17 75 52 11 67 11 37 35 11 45 82 62 100 56 39 81 3 53 91 99 60 34 92 19 7 4 11 85 5 29 99 32 30 2 9 93 60 21 51 24 63 50 10 67 81 71 58 14 61 100 39 75 98 86 71
90 94
8 22 47 85 17 55 78 27 21 56 31 51 54 34 44 22 6 28 39 58 35 22 52 62 50 80 30 24 49 35 60 17 89 15 11 59 22 43 81 80 4 93 71 42 50 37 13 42 16 28 52 19 77 47 63 90 27 10 64 3 6 73 73 17 68 76 46 8 2 36 56 26 37 53 57 26 82 68 5 12 52 29 57 74 18 72 47 59 41 87
63 8 2 72 85 13 1 77 48 43 46 46 11 93 53 66 93 41 93 12 32 87 85 50 40 24 61 2 6 53 77 16 26 14 9 32 37 40 89 40 76 92 64 58 77 3 48 22 87 79 76 12 34 5 94 10 36 50 58 77 58 9 7 86 58 82 7 22 59 48 28 55 14 66 65 39 15 5 59 84 90 84 28 93 16 3 10 6 51 44
97 95
12 9 89 62 24 82 57 54 35 71 34 73 14 85 88 64 62 86 6 39 56 41 18 81 68 18 13 87 24 12 89 82 90 89 8 92 26 76 59 3 75 93 22 65 68 26 60 93 33 9 39 44 17 7 13 60 70 24 34 93 47 31 29 47 28 21 25 88 2 13 95 73 23 72 51 35 48 83 87 17 17 39 60 70 79 83 73 43 76 56 56 18 43 46 45 48 44
15 25 76 79 73 19 25 16 91 76 43 83 90 18 11 63 48 80 68 60 39 33 47 31 19 23 74 41 8 86 49 87 5 59 33 34 2 72 13 82 21 37 33 25 18 34 67 67 35 64 47 60 1 70 52 71 92 64 23 86 24 13 93 3 37 70 95 4 59 64 61 69 66 41 37 89 21 88 83 83 80 20 56 9 94 37 62 12 7 45 3 76 91 12 50 67 87
98 99
10 62 66 51 51 39 30 51 66 33 54 99 80 67 44 49 41 81 66 57 86 23 96 43 53 50 41 84 82 48 53 18 11 97 82 8 7 93 89 48 20 78 27 13 70 18 37 27 77 71 6 51 64 44 50 90 20 80 60 75 94 31 35 3 66 88 66 74 96 48 25 94 98 76 87 38 14 82 42 65 21 12 84 18 44 71 53 88 29 2 31 28 82 58 14 14 75 36
38 51 68 17 55 58 89 97 22 47 66 29 55 88 49 7 90 97 77 35 2 48 15 39 65 84 72 27 58 77 56 3 73 48 75 6 16 56 84 64 16 98 64 17 35 5 83 92 99 91 44 5 11 26 68 92 88 90 87 97 45 16 91 19 20 62 14 72 12 43 5 14 48 50 48 90 40 24 73 73 83 82 9 92 95 90 40 29 71 34 74 56 19 68 63 8 53 37
92 96
84 17 28 5 41 31 15 59 37 91 2 85 45 20 93 10 22 79 45 32 88 95 70 5 33 95 83 6 44 39 4 1 89 84 59 32 23 42 93 20 78 83 75 27 69 38 6 37 51 55 66 48 31 45 19 60 50 67 57 72 11 57 18 70 74 78 45 42 91 79 3 29 22 92 79 75 36 38 10 56 58 81 95 73 12 3 75 62 50 75 63 50
38 61 10 25 38 12 19 13 33 9 57 32 16 87 79 68 19 55 63 20 68 26 16 53 34 42 8 11 40 10 16 42 79 33 87 50 70 46 24 72 94 41 52 47 85 17 18 31 54 62 94 3 62 92 50 36 32 21 4 19 43 60 76 79 32 43 43 7 17 5 49 8 8 52 36 20 57 71 52 87 41 19 74 88 60 29 1 82 54 6 93 75
98 95
24 23 5 69 47 16 56 50 23 3 3 54 70 35 78 52 7 63 76 50 4 7 5 89 26 91 76 49 48 75 68 56 37 16 15 33 35 20 19 41 37 78 6 5 5 11 40 9 12 31 56 19 48 19 92 9 46 69 4 93 58 71 18 70 1 61 51 56 71 78 56 61 93 70 19 60 52 88 24 44 48 58 93 40 88 72 22 9 12 71 59 83 63 43 45 8 77 95
47 85 2 80 38 29 17 37 15 5 80 27 29 44 68 83 58 50 81 2 87 21 9 25 69 43 77 65 53 18 62 86 80 2 87 7 40 87 2 86 73 76 84 27 24 38 62 36 25 18 84 23 16 46 25 42 37 34 66 32 88 7 26 43 74 21 9 21 11 30 65 62 79 20 85 67 91 73 47 9 51 26 61 24 25 42 35 17 59 67 73 84 42 68 51 52 37 28
95 99
74 50 84 70 62 27 82 10 47 15 75 23 56 70 43 90 60 23 41 27 97 53 48 71 57 76 10 47 37 44 2 33 94 58 81 11 63 71 46 54 18 32 96 89 95 73 8 78 36 22 44 22 11 86 74 93 67 99 59 78 46 52 68 92 32 44 24 14 60 31 44 95 43 35 55 16 1 89 49 32 66 59 33 70 70 84 27 2 62 30 89 13 14 60 25
99 72 85 98 5 37 75 58 87 43 55 9 68 91 31 95 78 40 19 44 37 92 1 22 60 34 16 64 67 55 33 51 31 52 90 14 53 23 6 53 80 64 80 17 24 84 77 37 44 83 14 55 46 54 51 45 5 84 76 90 42 12 4 12 61 45 52 8 5 19 98 27 38 48 87 8 25 24 10 49 12 57 93 83 15 54 64 90 19 6 99 84 82 8 8
99 93
74 27 12 51 10 70 39 24 71 58 73 82 59 8 23 35 92 7 40 84 77 48 18 27 34 44 24 50 21 90 88 68 28 59 4 73 50 83 57 47 85 69 22 62 72 64 75 84 40 82 86 89 79 65 39 46 64 26 74 53 65 73 3 32 81 53 81 78 89 85 8 26 88 10 55 55 14 26 80 5 89 87 14 47 16 14 33 25 60 78 83 38 8 77 87 29 1 48 22
9 24 61 47 3 82 63 90 86 83 24 20 31 82 25 3 87 33 82 47 51 67 41 11 31 43 22 62 48 65 65 25 33 58 48 33 34 5 63 33 29 32 40 13 3 25 3 75 86 50 81 56 13 74 86 76 3 77 53 57 62 30 85 72 27 45 68 50 93 70 41 6 13 4 69 63 50 56 48 34 50 57 52 37 32 35 82 58 84 55 42 19 62 29 47 55 90 87 70
100 99
84 92 52 42 71 55 10 78 26 62 58 71 21 96 47 81 86 75 27 40 44 43 68 85 62 39 11 85 29 76 24 95 42 82 14 94 76 44 60 77 89 64 94 75 36 3 65 73 19 89 15 91 11 67 5 41 74 74 57 3 18 12 95 24 73 35 89 79 75 65 96 90 43 98 86 50 6 14 81 22 45 7 93 86 86 5 24 64 30 28 80 11 6 33 35 7 70 20 13 83
1 12 14 4 90 7 69 31 28 89 89 44 37 6 20 29 13 59 83 92 95 87 40 10 42 67 43 99 65 90 32 73 97 16 97 8 84 77 76 16 44 53 79 42 67 94 21 12 16 7 45 69 28 86 95 99 7 82 38 42 40 2 40 90 42 73 52 34 70 75 55 46 66 87 48 12 58 33 38 29 23 25 50 67 5 42 4 1 37 6 46 74 96 71 60 8 61 40 90 28
91 97
19 92 48 82 74 97 94 13 75 36 27 29 28 58 73 36 84 54 52 4 68 34 24 17 28 64 14 3 68 16 94 33 81 3 26 89 24 79 49 80 70 78 94 45 85 96 37 12 96 95 65 22 62 46 74 96 18 39 34 27 95 47 3 26 92 83 93 13 40 57 42 9 87 54 15 67 5 83 54 78 69 25 97 6 31 77 9 59 57 81 53
84 33 18 41 48 51 29 83 68 9 97 57 23 97 89 39 53 32 3 30 67 20 16 18 20 34 4 97 66 7 50 25 11 25 80 2 35 38 45 53 79 89 4 27 42 92 14 33 19 5 12 6 24 56 84 46 15 26 21 72 69 71 62 69 26 45 65 4 71 76 26 56 50 65 74 95 72 97 25 75 36 69 45 24 46 50 33 8 8 24 83
93 96
94 19 78 10 94 41 3 60 87 41 9 19 4 38 34 36 32 83 40 21 26 90 71 61 77 60 81 37 22 54 91 17 4 22 15 54 69 35 76 9 32 11 94 28 51 88 41 69 19 95 82 56 90 66 16 73 2 13 55 47 10 46 62 88 14 64 61 27 88 40 28 49 59 76 18 36 62 92 91 57 51 96 12 63 6 87 71 22 20 88 54 22 15
19 67 74 4 5 45 11 80 7 75 72 6 64 22 22 48 65 10 16 16 11 55 75 38 23 11 28 26 80 25 66 88 92 52 64 34 67 28 44 26 31 91 40 53 46 94 80 14 72 70 4 8 70 92 18 34 78 87 73 1 54 38 87 13 10 9 42 4 57 36 25 3 54 40 17 37 7 27 96 30 10 22 35 32 88 74 77 51 35 37 47 14 16
94 98
13 96 8 4 51 56 11 34 28 84 26 13 3 72 43 56 72 31 13 34 70 21 91 43 95 6 32 47 88 47 6 50 19 1 26 14 24 54 79 28 40 35 82 43 38 85 59 37 45 37 4 1 38 17 65 83 60 36 88 42 74 15 6 97 45 6 25 27 67 40 70 93 51 14 85 48 10 29 59 55 51 54 13 9 26 70 98 80 7 57 92 32 87 89
96 13 28 89 42 59 7 44 79 6 73 80 87 25 11 17 34 63 16 83 68 32 44 45 12 73 69 93 73 41 25 81 48 35 32 45 32 22 37 43 80 93 23 37 44 76 79 2 6 66 92 2 47 65 40 96 16 79 63 80 14 69 2 1 68 78 55 67 21 5 43 50 89 10 68 83 56 34 1 40 41 3 62 50 66 54 80 97 42 59 25 84 69 77
100 99
70 32 46 53 16 72 71 14 9 73 14 51 63 6 84 38 13 28 56 69 17 43 34 33 33 6 47 81 61 95 80 86 43 28 48 47 15 64 40 97 91 11 31 37 35 97 22 68 11 73 62 36 85 16 79 65 68 35 74 26 6 60 21 12 12 24 6 14 36 32 20 66 56 66 20 51 66 90 49 60 17 37 26 37 3 11 23 62 4 16 77 70 48 63 88 83 77 36 94 29
49 34 56 76 2 21 67 86 73 65 34 70 45 19 27 5 26 77 86 36 53 30 43 54 32 74 53 35 1 21 85 62 74 93 87 58 75 42 59 21 71 71 3 33 64 90 61 29 81 80 52 28 72 83 46 28 26 73 38 29 16 52 22 55 46 55 8 53 94 44 81 50 99 78 13 56 39 31 86 64 99 54 48 82 84 46 92 1 76 19 35 17 34 11 10 11 71 20 26 16
92 98
59 62 9 36 20 28 80 14 28 55 28 22 74 32 26 16 3 90 53 44 6 92 8 15 5 20 39 10 37 40 36 58 95 95 82 36 59 77 50 35 83 21 44 75 93 58 59 71 36 60 70 56 72 64 85 59 62 71 88 67 69 67 77 66 55 97 45 51 6 50 65 84 15 30 82 30 20 74 67 89 57 48 13 31 26 4 53 80 74 49 72 91
5 73 30 50 31 30 84 35 73 36 43 80 65 21 69 74 79 16 88 94 98 6 19 29 51 39 16 66 53 74 39 15 34 89 67 71 53 13 14 79 58 3 72 44 94 83 3 33 12 74 90 83 14 66 47 53 20 35 5 2 11 89 23 55 78 64 49 87 4 23 27 50 82 74 8 5 97 1 84 47 20 52 23 66 34 80 10 45 61 35 52 52
93 98
49 72 87 64 47 60 38 83 33 79 22 65 8 55 25 47 22 17 37 69 79 83 10 16 60 29 79 54 94 91 1 51 64 28 56 37 85 21 69 35 68 83 8 87 21 84 56 27 52 79 42 97 80 46 75 7 2 32 49 2 85 24 14 80 16 71 81 63 46 29 41 13 89 41 51 42 64 8 68 82 51 29 16 5 19 25 36 38 89 11 97 30 81
2 3 85 87 28 33 78 39 85 32 18 10 63 11 74 61 23 81 63 21 88 66 97 72 51 11 16 45 75 53 7 93 48 36 47 80 36 47 71 34 2 39 79 83 84 48 70 98 30 27 41 76 88 19 14 96 28 94 75 32 75 58 60 70 23 14 47 48 19 8 11 5 92 79 21 2 33 19 49 38 46 79 28 82 88 57 31 93 5 12 64 1 11
92 96
12 16 69 8 7 19 57 17 56 35 74 36 52 90 4 67 74 64 38 30 13 79 48 8 10 36 96 72 42 1 41 68 91 41 66 88 72 51 50 27 19 4 83 20 62 92 74 48 21 27 93 42 17 40 45 34 26 29 5 2 10 5 42 94 18 81 56 31 69 25 70 60 80 81 35 67 42 95 78 53 14 42 39 20 76 20 41 36 37 42 11 70
89 53 49 48 42 90 88 45 7 75 15 55 42 57 89 2 18 87 52 79 62 54 86 45 73 43 67 83 49 71 38 79 38 46 2 11 34 95 87 92 54 66 6 70 23 86 22 17 94 34 89 10 5 28 18 47 40 7 2 31 50 24 48 63 4 76 88 61 26 59 91 44 16 68 16 22 69 10 79 34 91 5 24 12 44 49 51 66 71 46 86 67
96 98
61 81 19 36 15 15 76 42 71 51 83 44 73 32 23 1 85 31 10 64 59 34 62 76 37 37 70 98 67 81 2 62 3 91 98 45 39 54 97 57 27 26 48 43 73 29 39 30 63 79 15 25 18 96 92 11 56 52 13 34 52 92 36 5 6 56 72 56 47 73 1 22 17 13 14 55 51 15 97 82 54 97 93 96 79 85 96 36 20 98 32 53 12 41 28 19
22 10 21 69 16 39 7 61 20 10 35 90 28 59 88 80 94 95 82 94 86 91 3 19 65 65 33 84 15 71 63 86 4 52 68 24 33 14 32 86 17 58 46 24 26 56 52 12 83 12 87 1 44 64 59 23 42 49 81 61 60 45 7 85 19 45 62 10 32 79 66 66 83 66 82 92 3 77 72 74 35 49 91 29 21 10 22 22 38 36 40 23 1 8 38 39
93 91
14 57 68 64 58 67 78 61 69 79 58 63 42 59 79 26 17 58 88 63 68 22 80 57 48 87 15 80 40 36 71 58 48 6 11 29 83 56 14 49 51 8 37 78 27 18 38 11 41 14 14 5 21 15 1 33 82 26 84 52 2 53 85 75 79 16 13 68 89 53 20 86 77 15 60 32 65 78 50 27 30 54 90 55 30 18 7 32 45 66 65 42 49
88 68 26 1 25 76 41 71 11 40 36 37 32 13 42 39 21 59 33 32 29 7 37 87 22 23 5 34 41 43 47 2 83 81 67 5 78 10 54 45 30 44 42 48 23 20 82 43 51 40 90 75 35 37 26 12 67 31 20 45 71 26 59 9 59 62 16 87 50 61 49 63 3 72 51 55 89 14 24 40 24 51 44 14 43 83 29 74 65 28 70 26 21
91 95
58 89 24 73 69 87 28 19 91 50 91 65 69 18 17 13 90 79 54 60 56 61 85 86 95 16 54 16 23 4 90 73 49 39 74 68 72 76 88 54 63 94 80 75 80 31 91 10 78 44 56 73 71 39 77 9 72 58 63 81 80 80 39 45 34 88 13 52 47 73 43 19 35 10 80 49 64 54 23 95 52 15 26 42 20 45 60 67 91 49 29
47 58 86 12 88 68 20 22 28 23 47 70 41 42 89 85 29 62 38 90 20 20 36 34 73 41 44 37 35 90 24 55 34 34 95 37 36 72 50 7 38 70 34 46 7 23 62 19 32 14 15 6 54 31 47 90 64 71 81 88 26 32 21 37 42 55 95 45 3 28 19 29 83 36 17 32 35 76 13 73 4 45 83 37 19 30 49 9 26 72 12
94 98
13 79 22 94 58 35 89 10 61 22 21 22 10 98 64 55 62 4 63 94 75 39 67 12 39 90 42 13 67 40 96 48 97 27 3 60 41 31 71 32 11 90 44 26 2 82 91 37 3 67 61 93 35 16 56 87 98 73 11 59 39 20 46 59 6 53 74 12 37 42 68 42 83 44 11 10 73 77 71 40 9 75 93 72 6 20 82 46 70 14 16 67 56 60
12 84 50 36 35 45 91 97 30 46 61 13 6 7 97 83 85 33 66 63 57 12 97 57 63 2 38 84 92 57 89 79 42 18 89 89 28 20 98 29 93 33 97 80 7 37 8 75 41 89 81 81 24 54 1 54 31 53 87 49 50 34 77 67 86 72 34 22 88 69 53 65 33 62 53 97 18 34 54 71 78 54 28 9 92 78 83 76 87 83 46 71 18 66
97 92
9 68 5 35 89 4 14 25 64 75 72 79 81 39 82 14 52 74 17 83 9 90 17 4 14 80 44 24 7 59 28 90 63 71 78 51 76 84 53 32 5 27 20 74 80 71 79 83 48 92 62 69 15 36 14 67 74 37 67 16 4 50 46 29 11 84 41 70 3 90 53 17 15 9 37 53 60 71 42 1 91 75 34 57 31 61 57 71 41 61 55 11 68 4 48 8 83
75 65 52 50 37 38 92 72 17 42 38 40 88 7 38 52 77 47 14 77 48 72 10 22 58 58 58 92 39 32 51 73 91 90 59 36 87 19 84 48 55 53 34 89 14 25 33 14 54 65 43 59 8 29 88 58 69 72 46 18 74 36 39 56 58 46 7 33 1 57 22 72 60 36 62 52 90 84 45 4 28 8 36 18 58 45 16 12 20 46 77 13 76 53 55 29 3
100 90
49 18 11 30 65 14 3 7 52 63 77 3 19 64 77 74 28 51 29 87 53 74 86 29 24 32 20 43 27 5 62 55 90 3 9 24 80 3 50 66 55 46 8 9 26 40 89 61 66 36 31 14 66 4 76 72 79 74 66 8 15 28 85 67 62 47 42 61 3 79 73 64 68 31 17 47 57 63 22 39 11 28 48 70 60 5 23 11 17 69 38 45 41 75 7 42 54 64 58 16
86 26 16 35 19 59 41 54 6 67 68 49 58 58 51 58 76 9 78 32 32 68 35 80 82 41 56 45 19 64 14 73 10 76 27 88 65 22 44 76 64 66 45 14 32 30 68 18 83 74 3 78 10 35 44 77 34 17 35 70 12 60 76 5 22 42 51 75 11 57 2 8 42 68 66 70 37 78 77 68 12 6 75 73 59 67 61 81 47 32 43 49 85 42 68 89 15 85 78 7
97 97
6 39 69 60 85 45 6 51 50 46 88 3 42 26 54 14 42 88 31 43 1 70 31 41 47 8 91 30 2 42 74 25 16 76 72 19 24 95 9 21 18 21 48 79 44 55 56 31 63 23 21 8 53 94 94 12 25 51 59 35 5 11 46 78 29 21 95 86 41 32 9 45 93 62 30 82 68 48 3 37 2 20 65 21 43 54 71 93 55 17 21 51 12 58 20 70 55
93 19 52 12 97 86 54 6 4 12 60 61 63 72 57 96 60 81 4 40 18 1 55 29 1 49 85 71 78 26 35 14 49 28 21 5 67 39 72 78 71 36 54 8 1 73 24 61 64 66 57 92 74 92 78 38 63 60 94 12 6 53 24 96 59 53 56 16 80 82 25 97 83 74 63 91 89 33 14 23 6 48 62 30 67 68 89 66 37 69 46 18 65 25 62 83 22
93 100
96 54 77 4 5 31 95 23 7 69 28 91 7 31 46 63 21 93 6 28 44 52 9 95 75 67 85 42 45 9 69 43 7 50 45 33 19 79 7 93 65 58 73 75 68 91 72 22 35 77 63 34 56 92 4 12 77 72 58 23 36 98 34 47 42 89 37 94 31 75 72 45 78 9 72 3 12 57 96 23 14 35 84 11 55 20 21 30 3 48 82 18 29
2 77 5 52 35 26 93 4 100 51 36 22 55 76 5 74 12 1 73 42 83 74 4 65 84 15 53 100 4 11 8 6 67 40 14 88 10 87 53 28 34 69 76 51 39 80 64 40 54 17 36 12 32 16 51 57 53 39 42 86 71 58 78 72 87 21 62 81 70 89 100 71 77 94 86 97 37 82 25 8 98 95 8 72 16 49 11 92 5 20 91 1 82
93 99
83 34 40 69 42 74 92 82 66 96 60 94 65 55 96 22 14 61 63 73 47 99 59 31 61 48 98 33 56 6 97 57 80 79 94 92 59 74 71 48 90 76 36 26 25 55 93 82 81 36 91 54 90 63 48 63 44 83 63 85 38 69 61 29 34 6 40 27 78 66 52 71 25 94 18 11 98 33 55 78 69 68 69 8 3 23 68 94 9 99 68 71 45
61 96 58 82 33 95 71 5 92 39 69 36 56 39 80 52 51 97 59 93 27 26 50 52 19 34 13 9 18 63 87 40 39 71 34 43 98 60 86 66 94 49 74 98 22 17 23 81 84 57 96 4 9 61 51 18 15 92 88 77 35 70 15 40 67 80 50 51 65 96 41 67 89 38 64 96 6 35 22 34 24 93 86 45 31 11 18 71 31 22 52 25 99
95 95
37 40 64 53 4 68 58 84 85 13 43 68 14 23 65 5 5 88 77 68 88 18 32 82 1 32 42 74 26 92 84 38 30 79 52 18 49 69 81 75 19 54 28 51 62 77 81 34 1 68 61 22 42 84 49 49 87 34 53 12 88 47 20 19 5 38 41 86 78 57 8 17 92 84 39 56 51 35 11 1 27 27 41 1 33 92 31 22 43 48 49 42 92 3 33
93 70 75 85 92 10 48 61 46 21 90 43 71 18 83 79 93 71 28 14 67 15 3 28 70 67 45 86 35 45 16 20 1 93 28 13 18 57 70 45 25 84 86 55 12 56 35 55 62 37 91 70 77 56 13 39 83 16 28 26 38 31 78 85 75 69 3 52 41 61 73 86 76 81 61 71 28 91 70 25 88 73 87 42 30 50 65 9 69 93 59 49 25 55 20
97 95
55 58 21 14 27 61 81 18 31 46 16 67 10 75 36 84 39 90 80 11 45 56 19 63 84 24 49 52 83 63 45 89 69 95 5 41 66 88 24 62 76 71 60 63 54 80 39 63 71 59 63 9 13 71 69 60 25 89 36 74 56 46 92 29 68 1 19 63 73 87 7 93 76 22 54 6 38 74 20 91 60 19 5 19 40 88 76 75 70 31 3 38 19 48 46 82 44
15 42 50 73 86 23 77 6 37 28 3 30 11 66 13 66 73 78 79 63 93 57 17 79 10 52 16 57 95 36 75 70 32 3 80 14 83 68 82 68 36 13 93 11 71 83 65 68 41 23 23 57 62 35 62 24 20 72 24 22 87 52 88 51 26 88 42 39 59 43 75 9 13 20 69 10 50 49 60 68 46 36 2 11 78 73 79 68 39 56 2 2 84 81 91 16 85
92 92
14 72 2 39 37 53 23 83 83 38 34 3 9 70 28 52 68 52 63 5 13 59 80 49 12 51 32 73 3 63 83 73 92 63 39 12 50 63 50 35 88 64 6 75 90 62 8 19 63 15 6 49 12 10 51 16 86 44 89 89 6 10 55 68 64 48 92 8 69 23 72 14 24 8 28 30 70 25 61 66 44 88 72 9 22 23 53 24 22 63 70 5
56 88 46 42 77 61 46 66 39 69 39 87 21 44 26 29 59 72 91 16 35 62 86 90 11 41 67 36 30 27 17 58 61 60 66 52 56 81 62 58 83 35 83 71 48 53 87 89 68 19 12 13 56 90 1 81 19 21 85 6 60 50 42 17 83 66 26 17 71 80 73 1 79 13 26 49 91 2 37 90 29 92 9 22 63 6 71 45 3 56 41 28
94 99
21 17 94 36 22 14 10 9 46 83 39 89 16 73 33 18 9 64 82 2 18 19 64 52 67 11 37 91 93 31 58 33 70 86 83 2 72 78 72 7 71 16 85 71 94 2 70 90 84 72 34 13 94 6 34 32 30 17 17 45 97 36 70 99 34 70 97 55 34 69 89 15 58 62 97 42 18 20 78 18 4 84 96 97 24 70 5 39 27 53 37 12 49 7
60 67 89 74 51 81 30 8 29 12 64 79 77 15 83 93 99 22 55 30 30 79 73 32 13 7 72 56 10 43 55 73 68 41 94 70 78 84 78 62 1 46 20 95 36 50 53 31 87 17 13 8 74 47 97 41 68 71 23 85 28 82 45 3 52 72 78 83 69 6 62 9 87 12 41 40 28 80 42 56 52 19 27 31 76 93 20 69 93 82 73 30 64 9
98 98
8 94 31 91 17 48 56 84 11 92 77 53 10 7 19 54 37 85 9 98 13 5 63 56 91 87 58 77 53 53 3 40 98 24 26 41 89 21 57 97 27 10 58 78 4 85 63 44 98 59 19 60 54 11 94 35 30 51 6 67 24 91 62 76 21 49 28 49 15 95 34 72 27 75 30 55 17 28 26 22 11 31 20 52 23 86 90 6 79 47 33 15 4 70 50 4 73 4
16 72 48 7 64 20 67 25 92 53 15 58 11 73 36 75 82 41 10 54 23 23 87 81 59 5 80 66 89 16 31 25 24 54 77 97 71 36 16 10 1 95 61 2 80 93 87 24 2 2 31 86 9 13 51 40 8 43 98 11 85 5 3 93 30 59 91 32 2 10 79 66 29 32 36 6 40 59 35 30 1 91 19 34 71 44 78 92 68 88 66 13 90 96 56 75 20 34
90 91
75 37 20 21 57 9 34 64 79 72 7 7 42 48 34 43 25 89 35 27 32 56 72 46 27 26 89 50 31 27 46 16 71 43 74 25 5 68 35 91 80 46 78 90 12 59 30 54 73 91 26 77 8 57 66 79 45 52 14 9 58 37 14 81 39 74 17 18 61 47 46 34 23 52 11 55 28 46 43 86 42 25 57 71 2 24 40 33 16 74
1 3 8 50 59 37 49 80 62 4 62 36 80 74 39 80 26 9 23 55 27 32 13 3 26 69 28 5 48 82 41 27 2 9 40 56 56 63 61 33 8 77 66 44 33 65 47 8 4 47 21 35 39 11 33 18 38 83 75 30 85 90 11 31 71 21 89 81 80 5 73 54 76 74 13 23 59 10 57 65 75 77 6 8 90 48 50 61 46 39
91 93
44 65 7 73 80 63 75 10 87 6 14 45 75 72 33 7 40 75 18 23 15 43 22 60 10 30 32 38 64 93 87 77 22 79 68 77 68 14 33 78 88 38 93 18 78 28 42 9 28 2 48 64 61 8 4 61 1 47 65 34 32 87 88 34 6 70 82 39 54 80 44 73 48 62 51 36 57 36 31 64 46 10 91 53 22 31 14 25 52 53 25
4 79 53 65 35 60 77 8 4 12 87 66 14 34 44 86 25 15 80 29 73 68 44 63 7 53 87 50 5 85 56 52 91 74 62 32 13 63 25 33 49 54 20 90 20 70 29 70 70 25 25 11 20 69 33 5 6 76 48 83 13 92 71 36 3 19 11 75 36 71 38 55 50 43 36 41 49 1 28 19 57 71 70 24 2 87 54 22 88 73 13
97 98
83 22 77 78 92 85 21 41 21 49 16 14 68 80 38 68 50 13 96 37 68 89 62 10 77 2 70 29 21 1 36 53 37 75 33 50 19 81 89 65 41 12 79 50 20 41 51 82 40 91 66 60 35 71 46 82 41 37 50 26 38 34 8 32 63 86 41 79 55 71 78 26 72 61 3 43 17 79 34 24 65 76 11 42 38 64 25 14 81 60 54 45 64 25 28 65 21
44 92 27 33 4 7 45 86 23 47 36 5 4 21 17 65 19 54 89 82 43 63 37 7 62 97 55 81 32 33 55 88 13 37 11 33 76 94 19 84 8 1 50 14 48 44 72 65 15 29 74 35 62 36 92 78 36 67 1 68 60 86 63 31 40 90 34 96 79 79 82 68 58 23 68 58 24 63 95 40 18 10 55 11 18 19 61 34 68 41 72 41 20 8 81 51 97
91 92
78 47 28 79 85 19 64 58 52 80 22 76 82 17 37 72 67 69 83 53 53 48 19 21 92 79 48 79 89 83 84 27 47 58 31 85 72 15 36 50 63 79 27 11 72 51 33 86 52 63 58 4 91 24 36 21 57 14 57 21 7 9 69 37 15 91 23 48 30 48 38 22 89 79 92 35 12 90 48 81 53 20 29 14 33 37 82 63 46 40 38
55 55 74 41 32 67 43 71 64 53 84 78 61 65 53 20 51 4 33 52 69 12 43 16 53 60 57 87 18 46 14 59 9 63 60 35 86 70 70 38 36 24 5 56 40 1 79 83 83 33 28 69 67 70 62 71 8 86 66 53 84 81 59 79 92 71 51 89 66 45 60 51 60 12 82 73 38 38 72 87 58 52 49 4 46 20 58 90 48 13 57
96 91
91 58 22 84 61 47 69 74 88 82 25 10 28 23 31 38 78 8 35 18 61 62 89 56 8 25 56 84 11 24 9 83 48 67 10 60 68 4 35 56 11 19 77 13 57 10 11 43 76 42 25 36 65 54 73 89 73 53 7 64 23 9 19 10 75 21 61 84 52 76 70 70 56 3 36 46 23 13 62 90 44 40 87 1 81 19 25 44 16 44 25 9 2 28 18 1
18 79 9 91 85 13 58 50 8 35 61 25 38 87 47 81 23 10 53 24 21 27 43 78 32 1 70 14 54 76 82 81 58 55 85 75 78 12 15 44 14 59 59 30 63 61 73 16 33 39 48 7 15 64 59 29 38 1 63 70 87 35 57 46 5 43 28 9 20 34 55 44 67 38 6 11 79 84 13 83 64 81 12 27 42 55 14 83 79 90 1 32 86 23 9 6
95 93
84 60 7 14 79 69 4 69 59 65 93 91 35 27 6 86 1 35 4 58 9 79 74 20 42 59 73 87 87 82 34 82 58 64 45 67 5 1 49 29 53 82 85 55 11 86 2 52 29 7 55 89 44 5 15 49 69 93 37 65 40 89 27 46 71 87 83 64 70 62 84 90 13 54 34 57 18 43 63 56 61 57 40 70 59 40 80 32 84 89 89 72 82 47 55
90 79 17 47 93 41 93 34 35 52 28 1 44 33 61 66 43 47 39 57 78 46 56 7 2 84 67 23 71 53 37 74 37 60 41 85 3 38 63 1 63 18 93 66 46 42 84 88 67 65 31 44 11 84 25 36 88 6 26 39 75 26 76 51 27 26 91 93 62 35 88 3 52 34 9 62 82 12 6 49 39 28 7 73 75 53 87 14 44 93 23 35 73 72 86
94 98
45 84 87 15 52 53 39 67 28 97 49 48 85 24 34 49 78 97 37 40 90 73 47 47 64 87 67 34 22 30 52 76 69 93 85 7 58 57 26 70 2 7 2 23 37 38 69 15 32 88 24 17 20 29 70 14 8 98 98 15 53 80 90 96 2 24 72 3 83 68 84 7 28 47 80 36 68 6 49 48 40 80 19 15 90 59 60 89 35 69 28 85 31 11
35 72 42 38 82 84 73 87 83 62 81 1 34 23 38 14 17 67 24 69 59 69 56 11 97 47 2 86 61 76 6 6 83 27 66 33 34 50 77 97 87 45 15 27 32 45 67 69 53 6 33 25 83 8 64 71 23 35 70 61 2 79 8 90 82 10 92 18 78 78 65 12 90 40 40 49 56 51 89 50 10 77 84 76 4 48 31 58 19 83 58 28 80 67
98 100
47 59 83 98 3 68 9 49 20 83 42 9 78 78 85 83 70 30 40 63 32 84 7 52 84 95 87 69 55 39 20 26 56 23 74 49 3 33 90 85 27 69 51 26 63 5 45 9 81 38 20 10 41 60 58 79 12 43 96 56 32 29 96 67 96 58 54 55 56 54 92 67 61 8 69 17 91 18 31 13 84 21 63 97 77 58 1 70 85 11 36 24 92 5 2 81 38 65
67 83 100 42 42 9 31 62 33 63 3 33 66 62 11 89 19 1 74 81 55 3 94 93 22 42 56 51 51 56 44 94 9 33 79 19 28 83 60 99 58 15 87 24 43 100 52 26 31 16 76 16 54 66 64 34 70 36 51 98 93 5 12 41 16 18 70 90 77 9 96 25 89 21 50 33 11 26 95 26 21 85 28 74 1 93 14 81 10 64 74 42 26 59 79 36 90 72
90 98
44 46 70 1 47 36 81 32 95 69 93 13 78 69 33 74 72 83 64 15 73 71 1 86 72 44 95 93 78 92 42 18 6 12 8 75 52 21 33 38 16 89 80 48 44 35 29 96 41 33 34 89 57 66 33 84 95 75 48 38 52 26 95 13 84 56 66 93 18 86 77 15 78 37 19 96 89 38 81 66 74 45 49 8 1 50 67 53 64 10
11 69 63 62 20 71 77 19 5 88 57 92 45 13 63 24 51 84 40 10 61 73 87 88 56 84 1 18 58 93 37 95 41 84 1 36 35 26 59 74 68 56 93 4 93 97 96 56 89 80 94 25 40 11 25 47 66 73 20 11 95 68 76 45 15 84 35 80 75 54 82 31 37 97 54 95 67 7 98 26 19 82 23 36 38 63 32 15 96 97
94 97
62 86 11 22 64 40 41 57 89 66 6 5 39 77 17 10 88 36 32 91 72 68 47 86 59 77 68 11 7 21 31 15 15 16 64 21 81 12 53 74 78 72 97 6 39 14 13 58 63 83 58 75 47 76 2 44 76 47 17 80 96 17 54 6 70 14 95 90 36 75 49 52 40 1 97 38 66 62 41 47 91 90 7 34 20 42 93 5 43 94 48 62 12 11
85 68 73 84 42 94 23 93 57 25 54 17 88 9 78 69 32 73 33 4 45 27 45 3 7 42 72 92 64 68 96 11 10 14 42 61 69 45 78 24 14 4 42 89 21 78 82 19 74 15 84 10 55 65 45 62 18 10 15 63 6 44 62 65 10 41 47 86 55 85 55 26 46 55 47 24 73 94 5 76 6 6 4 13 83 86 5 2 24 12 11 82 95 59
93 96
18 35 10 85 40 31 77 93 49 40 21 46 38 38 56 27 51 46 43 14 55 1 38 38 30 59 19 1 33 11 72 21 63 87 66 96 89 31 46 84 42 47 12 91 64 77 17 95 5 5 4 16 1 45 95 91 20 41 84 65 52 30 75 75 7 32 38 48 55 67 63 59 74 61 81 78 33 62 3 81 9 11 72 33 15 17 82 10 29 37 21 39 94
96 90 35 32 66 39 23 9 69 30 33 4 17 19 38 75 86 16 67 93 67 41 45 51 69 31 11 15 68 24 73 63 7 42 81 34 63 39 89 57 60 93 3 4 83 3 34 41 63 19 22 42 62 87 92 20 56 16 35 80 93 72 21 36 87 38 83 67 96 58 91 40 59 96 75 5 86 96 14 14 22 32 10 70 19 84 75 52 88 39 24 16 44
91 97
68 44 27 88 86 66 85 45 90 59 34 44 34 45 44 77 79 32 44 88 8 7 15 97 15 7 28 3 27 34 22 63 96 81 36 25 84 29 69 31 45 17 55 28 61 75 18 79 6 84 55 12 35 80 1 5 76 2 5 92 19 95 40 66 55 85 74 89 14 20 23 67 7 84 72 23 91 53 10 97 48 22 40 3 52 20 17 88 42 51 96
30 95 40 17 19 28 96 19 89 90 8 65 83 70 62 46 29 60 67 56 65 84 60 76 41 97 8 49 84 96 62 3 25 70 44 3 64 56 52 75 49 69 3 82 56 17 44 23 75 54 12 31 90 92 63 26 62 29 95 73 23 56 80 79 48 51 6 54 60 62 67 24 90 34 93 60 28 7 43 57 86 65 84 57 11 57 86 70 30 56 62
95 100
42 84 77 57 8 90 93 70 49 79 44 42 97 32 69 3 80 57 23 29 33 81 2 23 57 64 6 48 28 28 5 50 31 53 16 91 67 34 24 84 65 72 99 25 28 41 32 77 48 91 66 47 56 60 55 21 44 69 2 39 36 86 53 25 13 87 99 99 91 75 34 37 47 43 84 77 98 7 54 76 38 41 51 1 73 42 15 15 21 20 22 79 41 37 1
94 49 37 3 73 31 73 38 29 3 89 18 72 17 76 98 53 19 75 54 6 60 95 7 9 91 31 73 44 4 43 32 17 49 64 40 56 17 52 23 61 88 96 75 39 64 36 27 25 26 70 68 44 34 30 77 86 44 15 20 15 8 98 75 28 38 1 61 74 4 20 34 36 13 37 37 33 100 31 72 89 16 27 54 16 5 9 80 19 3 81 49 10 36 10
98 95
26 94 72 36 28 81 69 58 71 62 23 32 4 83 32 3 17 2 16 77 34 94 67 46 69 66 35 14 51 14 70 2 17 52 14 52 3 20 1 7 34 68 87 22 77 16 64 52 95 63 42 89 59 91 49 75 18 76 88 60 59 66 95 74 67 92 22 75 57 17 54 65 67 64 65 60 43 59 20 38 13 59 80 38 43 4 20 87 10 42 34 80 35 53 13 3 31 52
34 2 83 75 43 20 87 29 93 95 38 35 43 6 18 36 61 89 20 32 1 33 12 43 85 12 52 66 12 32 77 25 67 46 65 3 55 8 30 11 11 82 49 61 28 5 8 70 10 92 49 69 86 93 58 61 41 94 84 1 25 61 47 30 15 13 47 43 29 32 35 4 32 63 59 3 35 4 60 32 56 84 64 2 58 91 35 82 88 94 1 79 17 52 73 18 66 11
96 93
87 64 87 25 3 13 4 89 80 58 16 8 60 3 66 65 67 56 60 32 34 44 13 83 88 33 6 89 10 60 70 37 45 63 31 59 92 57 48 34 36 37 14 75 43 70 85 92 5 76 52 45 44 38 35 82 61 23 30 89 75 5 29 31 55 65 51 38 14 75 45 90 58 82 31 50 6 11 67 84 3 72 9 84 43 65 62 50 33 23 21 22 61 74 14 80
60 93 5 13 92 58 15 26 77 53 12 33 79 68 62 13 36 67 6 16 29 27 50 91 5 34 17 83 41 82 30 62 75 62 84 13 37 22 35 17 57 2 4 79 24 2 25 52 58 61 83 36 60 14 57 87 81 14 80 50 13 24 53 46 26 18 81 56 74 43 32 63 72 72 13 42 79 36 49 91 70 63 11 27 79 32 15 10 5 92 22 32 20 51 12 21
94 95
33 64 66 71 19 79 41 72 11 66 57 61 67 34 41 75 34 36 56 31 23 22 66 13 41 88 69 10 59 44 75 31 93 17 80 42 34 16 51 47 50 47 29 7 27 43 34 1 14 36 66 2 12 8 19 86 43 29 87 74 72 42 16 46 3 25 27 28 27 33 42 6 90 94 73 29 59 17 4 51 57 51 6 76 53 9 37 65 13 39 37 19 20 60
39 69 26 85 92 43 31 58 50 65 67 81 48 23 42 71 58 27 40 15 90 52 82 86 20 32 48 18 52 48 15 58 35 71 34 86 32 18 16 27 74 30 59 38 80 48 84 49 77 74 18 84 44 62 74 90 59 11 5 71 20 86 53 92 70 11 53 34 53 12 12 70 20 62 27 19 11 53 95 54 45 64 64 36 91 90 48 60 49 29 52 24 41 4
92 91
76 86 48 51 16 76 11 22 75 75 84 15 8 91 77 56 89 7 27 3 32 11 67 84 46 79 64 15 6 72 49 61 7 72 53 29 13 7 8 81 67 6 5 39 35 23 70 11 79 12 75 75 4 39 26 42 56 75 6 78 84 1 56 32 83 46 25 77 67 88 86 72 10 13 59 77 70 9 53 16 66 66 52 21 31 12 87 80 72 83 38 11
86 25 80 57 48 67 69 51 39 3 68 59 34 43 79 52 42 59 84 33 52 40 22 58 53 73 4 84 37 28 65 74 82 74 44 50 6 17 38 76 52 22 57 86 79 82 61 13 38 56 28 13 85 37 5 26 82 59 34 58 2 32 91 17 9 61 22 3 86 70 47 73 17 89 89 72 11 84 38 65 59 74 41 82 35 24 52 88 58 8 83 50
96 95
50 60 40 45 63 83 87 91 37 78 16 54 32 5 14 47 14 21 54 37 24 67 78 58 78 47 93 32 52 12 88 7 54 1 86 19 83 63 95 26 79 60 10 95 8 63 45 12 38 90 24 39 85 84 65 25 89 59 89 38 92 73 32 27 90 44 56 79 26 86 65 77 51 30 73 57 31 68 13 25 23 94 87 86 17 40 89 68 13 52 50 77 23 20 55 28
91 75 93 9 3 17 82 56 84 91 11 51 45 37 90 62 85 31 75 59 5 52 73 61 74 61 6 34 84 66 33 77 43 36 32 83 35 94 6 35 45 33 39 15 81 87 67 66 70 47 50 68 54 13 11 39 9 35 32 43 74 85 19 64 82 7 8 22 80 15 52 87 22 14 38 51 22 88 18 95 56 66 43 6 92 41 48 78 45 11 63 4 3 25 87 5
94 95
71 29 14 26 47 22 75 23 25 92 52 55 65 54 12 72 44 17 90 88 79 8 84 5 22 11 5 19 17 74 2 84 61 55 41 28 72 45 83 16 7 26 70 33 33 82 94 68 66 50 60 32 80 83 68 69 93 49 22 14 15 71 19 12 35 61 60 91 70 83 86 27 19 94 57 21 20 30 53 94 5 65 83 20 13 6 79 49 19 64 85 87 82 84
21 68 89 45 52 6 10 81 61 53 34 72 58 59 84 82 4 89 88 23 69 85 86 26 33 93 40 25 19 61 56 13 85 11 28 16 68 9 47 56 50 94 33 87 3 40 47 16 5 48 80 15 21 86 56 82 75 13 55 89 52 70 23 74 25 68 73 73 68 6 75 62 90 33 69 27 65 48 64 48 34 63 77 16 38 15 32 63 30 22 9 76 13 53
97 92
36 80 72 60 37 34 59 79 31 62 42 27 68 3 44 75 77 71 55 83 71 56 49 61 58 44 82 27 43 86 38 73 44 9 5 88 63 66 91 89 76 10 47 72 7 57 58 25 72 11 33 20 1 84 82 40 55 19 28 39 37 76 30 72 30 39 77 79 58 32 88 45 73 62 11 68 5 76 61 28 31 28 57 39 46 17 14 86 80 82 71 33 33 18 71 39 75
53 64 75 64 91 74 86 40 68 81 56 64 65 9 86 11 40 92 17 8 39 25 60 81 52 41 13 3 16 5 58 60 5 57 22 8 34 42 15 90 66 30 22 90 66 80 14 69 23 1 49 15 5 38 1 43 23 70 92 24 59 71 38 65 44 7 75 57 87 36 32 70 41 89 1 59 14 72 72 23 4 31 35 23 12 45 15 79 90 81 10 27 50 8 13 9 31
100 97
7 13 10 14 73 55 56 34 31 95 61 53 28 25 52 94 27 52 90 73 75 7 97 72 64 71 91 61 71 67 38 66 22 16 27 19 42 44 74 96 96 92 94 27 49 22 11 16 77 4 72 77 11 78 92 63 12 96 86 69 50 66 72 41 6 3 25 37 93 71 48 44 61 21 54 82 77 17 76 39 13 66 63 49 87 31 19 42 72 12 86 50 64 77 12 83 39 67 66 42
95 60 35 74 12 10 23 83 78 65 75 71 40 10 16 1 55 32 80 51 27 17 85 52 53 50 14 44 64 84 51 21 58 61 3 24 27 65 62 18 58 80 89 13 17 60 25 51 72 55 19 32 85 31 21 50 71 90 62 46 55 31 93 34 55 22 8 74 86 57 43 94 53 8 3 32 54 71 41 43 15 21 6 44 26 79 20 53 32 83 72 9 65 21 54 77 4 47 90 92
90 92
29 34 59 90 6 65 86 92 35 63 41 41 28 61 8 32 82 74 72 49 90 88 76 58 47 87 81 35 34 10 28 42 7 52 25 89 24 84 69 42 92 30 27 76 45 4 32 46 15 25 91 4 57 9 26 38 6 30 61 31 21 87 44 33 18 15 86 68 69 43 21 82 61 34 3 92 16 63 1 80 26 73 92 5 52 48 16 38 26 25
38 57 76 1 9 43 35 53 73 31 67 55 14 87 24 68 33 10 55 8 24 9 42 25 22 70 82 15 7 72 51 90 65 67 53 68 48 4 15 62 23 32 43 60 80 92 25 38 52 85 75 18 8 25 76 63 37 38 45 86 78 8 17 54 72 29 45 13 61 4 30 88 40 46 47 67 33 45 80 74 33 16 67 69 65 50 87 28 77 63
98 92
42 49 47 20 27 77 81 64 1 30 70 88 67 57 57 34 57 90 86 86 90 14 63 88 66 40 59 59 26 77 4 91 55 50 48 64 54 30 56 69 91 9 54 92 15 51 92 84 64 77 43 82 57 12 64 69 59 88 1 73 26 30 60 81 37 44 47 79 38 82 48 42 86 66 3 45 6 89 29 50 30 83 63 50 90 40 17 83 61 70 60 26 85 64 81 80 30 30
38 17 23 76 78 53 57 62 10 68 47 46 44 58 14 26 69 67 1 27 37 28 43 41 60 90 84 69 9 92 44 58 64 46 8 67 64 49 53 17 50 19 62 89 41 85 66 2 10 49 19 34 78 7 51 70 27 74 73 26 37 88 41 64 54 13 39 69 69 34 26 13 89 62 61 57 72 36 5 71 79 53 85 31 14 54 22 48 77 13 54 73 33 15 69 41 83 69
90 93
24 29 8 92 17 43 3 2 2 58 18 36 68 63 54 81 35 74 46 41 19 49 64 80 19 43 80 65 60 35 49 80 28 8 38 18 2 71 7 41 57 85 17 86 81 91 81 52 8 26 47 31 44 41 5 89 80 19 78 89 69 8 1 82 42 63 3 87 25 79 44 61 93 92 47 64 92 21 26 31 38 2 37 22 15 25 88 9 82 83
83 51 14 35 13 44 30 44 10 38 44 53 10 15 92 2 44 17 1 81 81 44 49 50 59 66 36 36 55 67 22 68 21 6 37 53 43 14 17 34 76 34 33 50 32 64 45 71 34 29 92 36 4 59 29 35 39 15 88 52 28 39 35 56 86 6 24 29 22 75 82 29 35 80 23 29 86 67 22 1 79 39 65 56 4 55 79 71 4 59
97 96
14 31 75 31 45 93 18 10 91 95 36 4 81 96 5 59 45 92 7 47 28 38 21 7 52 73 76 33 24 15 86 66 78 24 33 70 89 32 43 43 3 37 75 15 87 89 16 24 85 87 62 6 61 71 53 48 87 57 67 58 50 19 14 88 31 57 83 94 69 93 79 88 88 8 3 44 29 95 45 54 87 67 29 27 67 79 29 4 34 89 24 2 51 13 71 36 21
43 79 93 77 75 29 77 22 15 55 31 90 43 13 19 65 73 65 77 25 51 45 67 93 61 42 85 1 64 50 73 56 33 36 8 2 26 8 81 12 11 35 24 30 86 64 76 19 35 36 80 2 1 5 76 26 54 48 38 10 78 6 80 41 67 85 45 55 54 8 21 43 81 69 67 73 36 44 11 71 19 18 94 67 44 78 53 52 18 73 9 51 29 73 37 41 80
