100
100 92
19 67 82 42 79 21 83 89 68 18 41 5 31 36 75 59 46 29 91 12 54 13 5 37 6 13 41 11 54 63 40 32 35 75 35 26 88 84 15 52 14 54 10 30 58 92 77 92 76 52 42 74 63 41 9 29 60 10 58 66 66 22 66 81 52 60 35 92 50 41 26 54 37 49 5 83 44 63 52 40 37 15 36 44 46 49 55 27 85 26 71 45 6 8 15 70 21 82 34 80
17 10 86 57 39 59 33 19 39 20 18 55 73 73 25 50 37 84 77 24 39 4 23 84 18 20 37 80 84 45 17 24 33 32 24 83 31 48 20 92 66 74 24 86 38 1 43 48 57 66 34 92 26 29 15 89 38 47 42 32 40 57 69 66 35 13 57 69 70 28 44 62 50 28 14 9 5 33 70 6 85 2 22 7 58 73 32 57 89 23 32 64 86 11 21 82 77 5 45 41
98 99
72 46 97 83 68 92 41 13 58 24 91 37 61 78 30 8 27 36 92 51 76 45 82 61 74 74 43 41 8 36 83 56 30 54 70 56 12 37 91 1 75 24 91 95 55 53 81 42 10 23 63 16 69 79 76 49 50 4 4 81 32 39 81 30 61 46 98 15 77 35 36 34 67 39 86 84 80 89 85 65 12 95 95 78 99 93 33 61 46 40 79 41 78 6 74 38 66 64
91 24 72 41 96 81 68 33 36 21 88 66 78 81 13 92 83 4 89 8 73 39 73 53 68 82 77 8 69 93 68 61 87 20 97 14 92 97 57 89 67 40 57 30 45 99 95 75 69 53 68 55 83 43 50 26 49 1 54 64 55 38 78 72 8 88 51 92 64 32 56 16 99 5 85 67 83 13 26 83 71 72 38 29 67 69 76 21 34 27 84 51 82 38 65 87 14 11
98 96
76 96 37 90 10 18 66 84 29 67 12 72 34 13 89 68 4 89 1 16 55 70 65 65 67 29 14 61 38 88 51 24 28 36 86 15 71 19 65 77 93 55 1 11 41 94 12 56 94 75 63 85 14 93 5 16 78 93 84 16 69 31 82 12 43 60 88 44 22 57 62 56 86 94 83 56 24 34 46 55 23 62 37 19 44 47 44 23 21 24 7 19 28 95 94 33 13 21
48 57 31 85 29 22 36 88 39 65 22 55 14 6 11 6 57 68 96 34 60 8 77 87 40 85 24 51 91 82 94 65 44 51 71 65 6 64 74 54 42 58 16 1 81 21 87 89 16 21 27 41 12 37 29 48 88 67 76 69 54 84 26 51 80 71 29 51 73 61 24 32 80 18 67 77 15 78 53 22 67 5 26 57 4 38 83 58 32 34 92 35 47 42 22 30 82 88
90 100
79 12 32 17 79 54 15 38 1 88 44 63 73 21 12 78 4 87 20 77 87 78 32 19 14 85 6 20 36 19 76 69 40 41 100 32 44 54 80 53 46 27 23 25 45 62 83 84 31 78 34 36 40 84 43 20 15 71 98 4 61 88 65 19 10 61 21 6 89 5 54 56 83 10 10 5 44 35 75 93 4 28 73 25 98 99 10 61 73 84
84 39 82 82 5 88 40 77 15 17 9 54 91 58 9 54 30 68 52 55 78 69 43 81 58 75 8 52 85 100 57 29 45 100 3 83 24 39 8 13 89 56 6 76 69 30 95 94 77 42 67 44 92 1 17 89 60 65 45 3 54 35 55 9 40 91 15 32 91 80 81 96 70 33 8 13 21 19 16 67 62 69 15 78 31 55 19 93 74 57
100 92
79 51 27 74 63 36 55 37 28 82 18 56 6 40 24 72 70 70 37 46 66 27 23 20 52 25 3 3 8 71 82 61 33 80 61 72 70 83 78 18 25 62 84 38 10 52 70 7 82 23 79 48 83 17 36 16 42 47 22 71 25 4 50 84 5 3 46 61 57 90 55 74 72 6 47 90 48 6 76 60 34 77 38 88 25 76 81 35 56 70 4 81 44 8 59 23 65 90 46 70
46 76 15 90 49 70 65 81 92 39 46 91 3 74 8 42 53 1 21 32 77 25 26 64 12 24 78 60 53 92 57 56 59 40 19 78 89 54 57 61 62 34 23 63 84 32 2 40 84 75 91 33 39 88 19 67 53 34 37 8 59 19 33 57 57 34 69 87 46 65 21 67 43 92 92 45 88 14 62 29 64 2 28 20 32 75 3 54 54 8 29 41 37 52 42 92 51 91 5 76
96 93
39 59 92 73 73 8 3 47 2 76 75 81 69 45 61 15 91 10 79 52 77 92 56 6 58 25 15 16 36 62 85 49 19 1 27 25 69 38 68 6 65 56 18 1 20 52 51 77 6 77 29 36 70 58 15 46 29 60 87 54 23 92 9 91 80 28 79 72 18 41 78 12 8 50 35 37 86 72 53 68 32 61 39 16 22 59 92 55 42 38 23 15 63 5 20 10
74 72 37 20 35 4 78 73 47 92 91 51 65 86 74 27 62 24 30 75 62 69 55 27 71 89 81 25 40 34 4 46 5 56 12 27 29 7 21 21 89 47 24 51 49 42 70 4 55 51 81 13 31 50 52 47 87 75 21 60 4 51 69 71 37 76 45 41 31 68 31 19 88 8 44 29 3 67 84 22 4 86 92 30 11 31 58 37 77 31 43 3 62 10 4 30
92 94
22 29 76 67 8 18 15 80 34 83 92 30 33 4 77 91 41 40 43 16 87 5 3 94 41 71 89 55 73 81 84 29 77 63 64 25 41 75 77 49 60 65 62 13 27 58 25 42 70 66 84 93 12 8 48 44 24 83 91 23 40 89 55 84 48 20 33 74 53 47 86 89 44 82 37 62 63 85 75 49 55 73 39 29 7 58 64 43 56 65 30 65
30 33 44 32 17 11 65 50 3 63 84 19 93 21 27 7 80 14 72 17 14 65 1 23 59 36 36 16 7 72 5 63 37 41 55 78 2 93 15 23 32 61 58 8 70 17 12 81 26 44 11 84 54 75 22 86 27 62 81 64 10 75 13 42 67 93 85 22 90 30 16 13 13 68 36 56 30 64 27 39 1 79 48 25 79 35 85 53 15 47 58 50
94 99
48 46 28 13 28 67 11 61 28 92 16 86 62 52 10 95 4 98 59 39 30 59 78 71 74 74 5 47 9 40 49 71 59 60 83 80 79 45 42 20 37 61 50 63 9 38 72 65 13 79 88 42 55 66 16 1 71 79 76 30 71 83 99 32 32 12 32 28 71 16 40 68 95 8 11 53 21 85 45 42 91 76 85 67 89 72 27 68 60 49 41 8 1 94
89 54 85 12 54 1 9 21 37 44 53 87 38 12 27 11 81 42 27 87 93 13 37 97 47 95 16 3 53 42 39 12 23 11 41 35 88 47 44 49 90 30 52 73 4 81 22 44 16 13 37 11 66 25 85 72 17 36 8 14 41 53 21 76 33 22 24 50 35 24 93 49 13 5 69 5 88 23 61 54 24 27 83 38 91 49 11 87 10 8 24 94 52 58
92 95
82 76 63 40 83 84 15 23 6 7 31 82 84 5 25 32 89 53 41 39 86 12 76 94 57 16 27 92 26 13 34 46 85 93 54 52 35 70 82 76 67 18 25 83 1 22 12 81 32 37 1 87 45 79 80 61 88 41 42 92 7 13 92 17 18 93 1 55 87 6 84 46 19 6 33 61 3 78 91 50 94 79 92 74 29 50 83 77 27 57 95 12
21 23 93 15 71 4 7 43 4 58 41 49 56 35 47 77 48 66 31 71 54 58 34 51 78 38 30 48 5 18 36 82 2 40 10 9 51 3 62 40 72 66 61 74 71 15 17 91 54 79 9 4 64 73 51 83 9 91 8 62 12 17 84 87 84 62 40 2 82 20 78 4 12 80 80 66 56 40 90 23 53 1 58 61 36 57 13 83 56 86 81 46
96 92
17 6 2 31 17 45 11 79 89 82 78 62 15 72 40 35 66 53 86 51 71 40 67 67 55 60 68 83 67 45 5 51 45 38 10 78 6 73 19 26 3 74 3 36 14 16 46 67 30 47 15 29 67 74 24 78 63 34 19 13 26 22 82 74 39 7 25 87 23 64 89 86 84 4 8 70 54 60 71 8 37 65 34 52 56 79 84 11 67 36 20 22 41 16 1 70
78 59 49 44 8 90 23 1 47 4 90 71 83 48 39 77 44 76 35 17 67 17 70 29 80 66 75 45 45 56 25 72 28 23 77 24 65 46 21 75 71 48 37 48 23 58 16 90 8 43 19 46 88 22 78 33 19 21 40 88 78 8 8 89 47 10 92 43 54 9 36 14 44 41 64 40 89 24 2 49 57 71 83 21 62 45 62 67 72 62 1 86 4 4 3 81
93 94
35 21 61 54 62 17 64 48 17 59 77 88 28 37 66 53 40 30 55 83 12 92 12 43 55 9 72 15 88 73 61 22 88 92 90 13 93 69 21 94 46 58 52 94 59 19 71 39 51 39 87 64 16 18 7 12 84 68 51 60 8 58 39 9 48 36 33 50 66 73 34 35 6 29 19 12 79 68 54 71 12 86 89 10 41 94 42 62 81 34 56 40 31
16 60 11 52 10 19 69 74 93 69 36 52 44 61 52 60 51 86 27 28 40 20 13 34 59 52 87 34 11 44 54 76 25 48 64 85 54 16 72 48 19 39 9 84 34 83 15 90 45 31 64 14 39 94 84 90 93 35 46 64 16 53 33 80 77 8 1 32 70 68 51 79 29 91 27 7 40 1 15 43 81 71 34 91 11 39 93 26 88 77 27 73 9
96 91
89 36 21 81 15 91 72 10 63 36 52 2 53 90 57 42 83 23 14 36 12 33 81 48 86 38 87 54 68 75 40 17 38 48 89 66 72 7 84 66 17 63 51 80 82 31 54 5 53 59 82 5 53 65 27 76 21 50 27 50 87 48 85 17 3 47 8 40 4 67 63 67 82 36 67 15 42 16 77 71 89 3 87 31 48 2 61 62 30 51 5 89 39 16 65 34
34 63 65 86 65 6 24 83 53 64 35 88 41 47 81 65 22 49 19 4 18 16 84 53 79 63 61 50 4 22 58 77 80 34 71 24 36 20 23 34 41 56 76 31 50 12 21 43 87 75 25 37 91 30 21 91 23 34 28 13 15 44 44 2 85 64 52 50 41 78 73 47 24 53 16 62 18 1 31 11 49 79 81 33 44 57 68 14 1 53 47 33 79 89 49 16
99 92
10 6 24 75 87 84 33 91 38 20 39 2 9 2 49 1 49 19 59 68 24 58 56 70 92 68 70 73 84 75 60 22 26 29 53 23 83 52 32 84 59 70 38 82 57 30 53 10 92 48 30 1 75 64 16 47 86 63 27 37 54 30 1 72 82 79 30 30 53 43 57 13 89 82 3 84 33 8 30 30 7 23 57 39 19 64 1 42 31 48 26 73 8 20 51 4 40 6 84
14 79 67 47 4 4 70 62 50 44 80 54 10 11 82 54 18 29 88 33 3 92 64 42 57 17 72 31 75 77 34 52 9 57 73 43 71 54 22 64 28 71 28 6 15 65 2 76 43 40 17 28 24 81 28 14 35 44 12 66 34 56 62 85 72 58 50 49 69 92 34 57 25 80 18 65 47 57 11 79 50 80 41 9 20 4 88 81 46 31 52 83 78 31 77 19 31 76 76
91 97
31 11 31 81 35 51 95 40 62 41 47 66 67 45 90 87 54 95 52 77 22 57 11 13 9 81 10 92 3 82 52 42 94 2 59 76 81 58 27 90 37 36 37 20 75 63 46 5 48 10 20 41 85 89 88 46 14 40 2 56 40 7 40 82 65 45 72 62 5 87 6 41 52 27 67 90 96 45 67 58 3 50 40 49 13 87 54 21 25 89 42
46 28 82 50 85 44 44 75 6 48 13 42 1 94 18 84 65 11 51 35 56 40 51 32 66 76 92 83 84 34 72 85 9 69 23 64 59 65 48 50 9 82 27 67 57 1 81 21 23 82 56 16 87 21 72 59 19 7 68 59 23 61 88 41 85 20 43 39 19 57 5 52 43 53 89 73 49 50 71 55 81 27 87 79 62 59 92 52 45 25 46
94 92
75 80 13 49 80 32 31 16 60 17 45 71 8 83 68 61 60 55 14 84 54 35 55 22 31 62 19 54 45 1 29 19 50 76 27 33 74 28 41 72 78 61 56 42 1 38 11 53 2 74 85 16 6 33 47 59 64 4 53 25 20 65 12 9 50 41 41 47 48 71 27 19 15 50 18 48 30 12 43 59 49 65 12 80 5 48 31 54 16 51 43 48 30 70
91 46 48 6 54 47 69 21 42 22 4 31 48 32 78 28 92 9 25 26 33 46 42 71 78 82 40 36 33 6 79 33 16 59 22 79 56 56 29 14 56 5 90 25 46 67 23 39 36 54 67 30 47 38 89 40 59 39 63 33 10 74 21 36 4 55 13 50 73 28 73 91 37 89 33 51 53 92 57 18 46 9 31 77 33 4 2 6 41 22 91 5 25 75
94 99
2 46 47 50 92 14 92 71 74 65 83 27 43 62 21 56 52 5 51 98 4 96 74 95 23 39 15 7 90 55 44 37 71 76 36 64 74 29 6 23 71 81 95 85 26 93 97 77 91 56 5 14 68 99 98 17 20 6 37 75 94 14 40 6 13 49 31 17 24 49 44 8 82 68 47 75 67 96 81 49 1 4 6 89 71 38 35 27 25 89 46 40 44 62
51 64 48 10 5 15 14 17 69 24 23 66 31 86 35 99 28 79 26 53 70 21 80 88 46 29 43 80 79 4 74 80 21 28 84 78 7 28 20 21 56 87 72 82 81 11 76 89 36 52 59 33 77 2 26 41 10 92 91 79 57 50 15 39 43 73 21 37 35 58 35 6 5 20 29 83 26 59 99 80 67 94 67 85 14 76 88 33 91 44 20 42 19 81
93 90
8 34 83 72 41 75 69 81 87 90 84 43 49 52 26 66 85 35 53 88 43 67 66 51 53 19 73 11 10 50 80 45 61 30 70 1 57 7 12 47 72 30 59 25 50 88 35 13 50 28 75 68 2 12 45 8 11 82 77 42 89 31 20 58 15 37 14 31 4 79 46 71 81 15 29 13 51 86 2 87 56 3 49 38 86 49 16 89 68 57 41 42 26
5 27 77 5 46 54 33 6 55 71 6 2 71 62 41 49 65 45 65 53 59 50 73 34 65 18 24 24 50 35 1 57 57 53 89 51 25 56 69 74 16 9 17 73 51 62 12 54 37 11 69 55 41 32 18 25 28 36 45 85 27 44 12 30 66 30 33 68 14 64 77 10 24 12 88 47 17 82 33 16 73 27 59 25 18 52 56 63 17 55 29 43 71
92 97
15 52 80 83 78 76 67 40 55 58 70 39 39 30 50 56 37 42 67 88 12 74 80 95 81 73 95 17 39 52 69 8 63 66 80 97 68 29 87 1 85 82 2 48 5 19 76 5 36 52 86 89 27 61 3 4 35 25 62 5 65 11 95 91 33 29 11 18 8 83 82 1 11 33 45 75 21 62 92 85 72 63 42 46 47 86 48 89 26 34 82 95
80 70 9 74 84 62 26 79 38 28 42 28 30 97 44 50 32 72 76 71 74 92 46 38 85 96 23 74 19 70 4 62 62 55 14 47 29 74 90 75 21 39 47 3 30 27 20 61 54 34 58 35 87 4 9 59 62 28 60 62 24 22 24 76 37 42 68 38 56 30 97 7 72 95 71 28 41 93 25 38 51 20 62 40 27 83 4 5 12 71 43 37
94 91
56 59 65 54 15 77 88 87 18 17 23 78 17 65 48 26 14 41 66 62 30 67 1 32 21 26 32 12 5 68 68 50 21 2 63 70 13 19 53 57 66 23 55 1 62 38 75 21 34 16 75 14 4 78 28 40 78 9 79 72 34 43 20 28 89 38 63 8 71 16 56 31 68 18 66 11 14 22 74 8 13 36 32 21 47 10 9 35 33 6 60 13 60 71
59 75 21 20 14 57 43 83 46 49 75 34 62 67 43 22 83 84 7 8 68 11 39 87 52 13 43 27 49 66 18 52 87 36 5 73 67 40 90 49 87 52 83 63 89 8 18 54 77 53 51 88 70 66 7 35 67 35 60 4 66 28 43 25 2 88 31 25 10 53 79 82 78 21 14 20 5 9 16 2 19 1 75 40 49 20 66 51 90 49 1 83 30 84
93 94
58 4 52 30 14 40 23 74 87 4 22 79 41 52 72 51 92 68 39 93 56 38 5 33 62 40 87 49 28 40 80 27 4 10 26 92 73 52 74 55 39 82 53 21 32 10 21 45 67 3 7 11 51 29 57 87 47 64 26 18 64 47 57 37 19 45 78 84 57 75 73 67 23 39 4 10 80 24 89 46 75 75 83 67 16 77 18 44 83 21 83 94 7
46 63 83 67 60 54 86 46 73 64 42 11 5 47 58 60 63 25 62 87 77 44 20 49 32 57 65 22 83 50 7 78 19 91 38 54 68 51 93 48 24 80 1 67 48 66 87 46 27 48 79 27 3 93 88 36 34 56 64 79 4 57 46 66 66 49 50 85 21 30 25 89 44 12 35 88 69 31 15 32 45 13 50 54 69 21 58 86 3 54 19 27 56
90 100
86 45 90 49 69 91 32 88 39 12 47 87 42 91 5 84 95 54 37 4 25 81 22 29 80 60 51 89 73 52 77 95 3 67 72 20 88 96 17 48 13 60 25 37 39 45 99 30 71 94 30 19 52 12 21 4 61 52 45 41 3 76 69 10 20 79 26 4 92 65 46 78 15 62 85 34 92 10 57 76 55 76 43 29 16 36 1 100 27 7
22 85 65 8 83 14 87 26 57 72 74 75 98 13 75 1 19 75 50 41 83 66 33 68 63 51 17 27 96 16 22 18 14 3 9 60 3 73 39 12 6 90 72 10 54 92 64 83 73 77 35 77 54 94 67 96 21 85 95 68 75 49 25 81 90 88 24 45 6 35 66 15 66 64 6 87 68 86 72 58 16 20 69 59 24 58 37 3 39 16
100 95
92 9 80 62 95 88 23 74 92 84 37 56 65 15 41 76 39 89 52 67 15 84 61 41 56 86 68 35 22 87 75 19 61 90 29 33 4 69 37 54 39 72 78 28 76 74 19 56 64 27 35 35 10 68 42 21 10 54 22 50 4 62 47 54 62 23 21 18 88 57 30 85 43 36 65 33 81 68 89 19 60 18 84 14 18 25 90 60 39 65 28 63 58 1 1 70 46 12 92 33
9 7 34 52 35 13 43 28 54 76 22 90 56 54 91 69 51 74 94 6 17 25 79 89 51 21 35 37 51 90 56 54 63 31 40 70 48 33 34 82 54 73 65 68 66 29 39 22 74 14 62 34 71 29 18 46 95 41 91 11 39 23 57 23 38 80 6 83 50 10 73 55 24 80 44 19 84 82 20 50 3 76 1 78 87 57 52 23 75 9 85 26 4 57 21 9 61 74 59 23
96 97
74 77 58 19 64 50 85 29 59 9 83 55 51 9 94 87 18 69 8 70 89 64 74 68 66 57 56 5 1 97 10 63 41 4 79 46 52 17 68 76 48 96 21 36 68 62 88 74 16 53 3 83 14 67 27 5 63 88 70 37 97 87 85 45 55 46 78 70 67 88 13 3 39 22 7 91 41 65 14 51 23 82 87 12 53 9 58 39 20 30 56 29 14 68 78 59
55 42 95 75 80 56 94 82 80 87 29 29 94 32 72 53 35 71 80 11 83 56 22 75 87 32 62 56 58 64 36 76 24 21 97 67 2 74 30 70 69 32 24 9 17 54 12 47 55 69 64 56 54 33 63 19 29 40 32 67 6 68 41 41 9 61 60 88 88 25 62 79 61 48 68 48 12 93 47 10 15 51 62 39 23 92 23 22 26 32 13 28 20 20 15 37
97 92
72 13 53 83 90 7 18 32 90 46 90 20 54 51 54 80 58 84 92 47 77 16 52 43 37 9 6 81 77 82 22 22 81 82 57 87 80 92 66 10 6 5 48 25 20 63 86 89 32 88 53 54 39 35 68 66 24 2 69 45 61 83 15 18 13 42 44 53 17 25 27 70 57 77 4 48 25 70 29 77 2 37 76 78 27 53 67 41 73 31 65 32 3 36 57 2 53
33 36 73 16 60 90 51 22 68 31 60 47 69 92 65 85 31 45 84 57 61 57 13 61 80 36 32 36 24 15 49 8 59 12 68 65 53 31 72 51 13 44 55 12 67 83 83 17 70 81 1 92 37 4 12 42 72 16 34 57 16 26 3 39 78 27 41 26 6 54 71 52 10 3 92 4 70 66 25 78 14 83 25 7 25 87 51 25 57 58 26 72 63 25 79 6 11
96 100
25 81 100 32 67 45 12 30 21 29 50 32 32 81 76 88 31 64 89 18 76 75 67 63 57 37 17 24 17 76 64 95 38 13 75 84 19 69 11 11 21 70 89 4 26 93 31 61 45 23 37 62 18 38 36 54 69 72 80 30 90 23 67 29 51 25 9 14 62 72 62 73 64 90 85 54 58 79 54 79 46 94 98 48 64 81 98 82 57 12 47 36 98 4 82 35
81 73 50 16 59 65 10 97 77 3 51 63 26 1 49 52 70 8 70 25 65 32 5 85 98 96 71 91 71 59 68 26 91 88 33 58 27 72 17 36 43 38 55 90 9 22 87 15 49 52 9 21 85 88 91 99 77 48 23 53 83 9 49 74 76 55 24 6 88 80 42 69 90 2 60 84 88 49 67 25 29 98 100 49 10 57 24 50 47 34 76 3 71 11 3 36
100 91
26 16 53 8 26 71 41 48 9 30 70 49 5 33 66 14 81 18 22 52 46 84 19 14 89 87 17 18 46 21 77 1 15 91 90 61 70 63 23 25 6 45 61 6 63 76 74 11 64 24 28 68 8 44 64 84 21 21 52 35 4 78 85 54 77 45 67 15 6 76 88 18 11 60 90 30 88 15 65 80 52 63 19 18 10 78 28 56 32 10 65 53 61 77 61 4 88 44 53 31
67 44 16 58 89 64 37 3 22 42 2 31 1 5 5 2 64 74 8 35 60 65 5 41 2 43 65 60 17 64 89 45 69 27 3 58 76 87 24 62 82 47 55 29 28 53 26 62 20 70 69 25 78 56 66 89 14 1 60 41 81 36 82 41 42 75 62 83 61 34 12 30 44 45 72 87 17 40 25 37 42 86 87 48 76 25 48 45 80 84 12 67 89 45 49 72 52 24 68 80
94 96
51 80 82 85 34 66 10 91 19 87 31 75 14 85 8 59 15 67 91 84 41 63 68 84 2 74 68 73 75 92 84 45 86 3 63 92 41 79 18 25 20 6 93 11 22 66 84 39 79 23 44 33 46 16 24 26 93 87 52 78 19 79 24 66 70 51 69 91 30 13 32 68 32 33 32 2 68 49 24 33 67 33 2 18 56 39 61 49 27 10 81 35 27 78
83 42 42 47 87 51 20 23 47 96 66 85 23 51 41 14 57 79 33 59 77 4 59 69 61 9 80 17 23 52 46 18 91 30 76 40 60 27 58 49 25 53 48 50 8 50 37 60 56 84 95 96 55 27 42 35 15 42 50 60 31 33 89 85 52 49 21 58 59 84 27 30 87 35 28 1 17 12 94 40 48 38 77 93 75 87 94 12 87 46 64 68 73 34
95 93
49 6 41 75 36 32 65 22 28 47 20 18 35 92 80 36 19 46 62 41 5 65 58 89 46 53 25 80 32 60 63 78 14 36 68 77 15 60 26 58 82 48 3 16 53 81 12 88 50 88 32 78 32 90 37 28 25 51 36 70 12 34 26 30 83 78 89 76 92 89 2 38 84 70 84 45 91 13 81 63 43 48 37 39 25 38 53 68 72 63 50 19 75 72 50
86 32 9 64 8 6 39 64 34 39 75 21 63 16 83 89 6 70 72 23 4 87 24 30 33 69 44 69 52 35 20 70 61 86 78 67 38 63 25 79 47 41 18 54 46 56 61 67 38 46 79 55 16 30 58 17 69 13 79 14 68 11 65 88 62 70 14 88 20 56 36 60 56 12 73 39 19 54 36 88 9 32 75 83 13 86 54 37 35 76 58 28 56 42 89
91 91
22 35 2 42 8 48 23 6 12 38 33 87 45 18 46 4 4 46 55 19 70 67 45 76 67 6 48 22 51 64 34 85 4 10 18 2 4 36 20 54 15 64 34 20 22 16 3 81 12 48 9 57 66 9 75 35 14 42 38 29 63 35 9 29 22 35 28 52 56 66 15 26 3 82 64 43 17 6 81 34 34 52 70 35 66 27 61 24 62 80 3
77 12 35 8 11 63 62 57 56 67 63 46 57 39 78 3 57 41 73 86 47 72 52 66 68 18 10 42 46 91 30 41 83 48 12 6 79 48 40 22 33 41 13 45 74 88 12 87 15 88 73 20 16 49 89 51 89 5 4 14 50 49 87 55 73 36 74 49 22 49 35 74 61 10 60 7 20 13 50 22 56 70 31 11 29 44 1 73 76 33 79
95 93
33 86 14 8 54 77 76 13 32 25 54 20 30 16 37 45 84 43 82 48 19 51 75 26 1 49 49 81 69 83 10 75 13 42 20 55 77 66 33 87 5 35 92 38 32 7 80 87 42 45 40 16 46 46 20 83 32 66 31 18 32 5 8 49 62 72 66 47 83 49 87 78 4 23 39 56 77 45 75 58 71 59 19 59 19 5 59 60 27 20 46 89 54 28 31
32 74 38 23 30 15 82 31 14 84 50 9 85 52 15 77 13 50 91 52 10 67 61 44 11 52 86 21 51 79 66 69 62 28 67 68 2 30 22 66 1 82 83 85 91 8 14 73 14 24 73 19 93 41 46 2 74 92 60 79 81 89 52 37 77 84 8 6 86 63 2 37 7 73 87 2 92 24 86 46 83 20 64 8 7 8 57 13 64 45 93 9 42 26 38
91 92
48 31 47 74 15 30 63 40 46 45 63 47 63 54 67 35 48 15 31 90 41 70 13 74 32 69 58 88 29 82 68 5 48 89 52 85 74 65 90 72 85 57 71 81 67 3 89 26 30 76 46 35 26 72 43 44 67 78 68 4 27 25 67 42 73 82 54 15 67 78 56 82 34 58 30 21 36 39 46 9 66 12 81 22 38 72 90 41 8 21 58
80 1 81 56 23 10 81 81 8 26 44 44 36 47 75 62 77 45 35 77 28 56 32 13 56 13 24 20 90 69 56 13 9 5 82 75 42 13 57 77 58 2 28 92 85 43 88 16 17 46 67 81 58 92 31 79 46 34 16 16 37 29 47 18 82 77 66 39 78 3 48 63 41 56 26 43 67 64 35 82 1 80 80 52 72 78 43 3 76 48 7
100 96
88 9 87 33 20 35 59 9 49 93 87 40 9 32 38 74 46 23 6 20 6 64 6 34 32 85 42 88 31 23 55 54 9 70 45 65 9 3 71 23 2 96 82 9 14 9 36 35 84 33 41 78 32 21 80 15 81 90 60 71 34 23 24 19 14 45 8 46 2 77 72 30 5 47 25 13 51 38 11 49 50 31 68 84 67 16 37 30 23 62 23 2 64 31 32 17 56 30 95 18
40 63 70 5 45 96 26 66 71 78 2 24 19 2 36 54 74 71 43 71 13 41 20 7 2 1 81 21 58 44 82 20 63 65 71 8 68 15 22 25 46 45 62 55 87 28 73 79 35 90 86 5 65 65 42 86 5 75 25 59 87 87 12 50 69 36 84 23 28 68 82 18 35 29 78 62 34 62 44 91 61 59 19 12 40 33 52 22 64 27 78 61 79 67 77 33 72 44 58 32
90 100
100 77 79 65 8 63 98 69 8 88 70 44 21 32 55 61 77 91 62 24 99 17 44 83 68 68 64 69 46 30 1 6 11 81 96 21 81 82 42 89 22 46 36 3 23 63 23 52 78 90 46 87 39 81 6 74 28 46 72 42 64 47 11 27 72 9 91 4 88 100 49 64 70 93 6 99 60 62 49 76 98 83 28 53 38 55 67 33 51 74
97 75 23 64 96 23 65 34 45 10 8 47 57 75 92 50 28 24 98 46 67 71 43 32 40 97 76 22 26 46 62 13 39 35 56 92 91 25 2 93 29 54 46 91 41 66 93 42 75 40 18 67 71 51 74 75 100 29 54 5 61 38 35 55 74 25 15 18 87 95 94 35 36 9 72 88 35 59 11 39 50 9 55 34 8 7 63 74 28 8
93 100
43 47 63 5 44 87 54 66 61 93 68 24 88 86 3 78 62 18 59 87 59 86 100 56 28 93 2 61 6 69 71 9 76 83 36 97 18 35 20 84 16 60 75 34 72 59 100 37 8 30 37 43 86 63 41 26 53 98 15 27 10 41 85 86 38 55 96 11 99 79 87 14 43 3 24 87 37 61 41 77 99 79 11 11 33 23 46 57 68 95 13 40 21
97 94 10 56 30 66 27 81 69 97 22 84 66 98 73 69 53 16 87 67 27 75 6 92 21 77 37 91 63 12 30 43 74 63 65 49 43 75 45 37 59 69 11 17 38 24 14 35 81 70 71 79 88 65 88 12 31 68 42 20 69 46 12 62 85 92 31 26 18 85 31 16 58 44 6 95 100 14 55 56 85 95 15 32 34 96 3 4 1 87 100 53 45
99 99
37 24 1 40 50 89 81 14 8 91 53 29 92 76 14 35 43 53 22 57 97 40 5 38 39 18 94 18 42 50 97 81 78 85 2 94 98 68 92 56 35 72 96 54 15 27 19 99 6 25 27 38 6 89 39 77 42 1 26 45 11 91 77 8 88 52 62 16 71 16 58 15 75 93 79 93 48 42 4 12 19 98 30 58 13 36 68 58 85 45 35 26 22 32 51 36 41 31 51
20 3 64 47 52 44 18 53 13 12 39 55 45 53 72 18 28 94 20 64 84 43 39 36 94 36 19 98 36 55 82 79 98 78 30 8 19 14 54 11 70 42 39 8 63 49 25 58 95 27 64 97 91 14 60 49 10 60 57 20 95 92 13 10 40 60 92 3 6 80 69 23 21 59 52 20 44 52 69 1 65 24 68 18 75 9 61 66 58 92 33 39 72 69 88 65 92 56 67
97 97
83 54 83 22 15 76 95 40 69 22 34 74 45 53 35 74 53 44 5 35 64 1 60 79 43 5 4 50 57 31 42 22 26 90 1 11 41 90 68 88 74 32 60 47 43 15 59 34 64 89 80 29 55 66 79 91 79 6 17 46 76 61 31 73 82 80 55 36 32 2 36 19 84 68 95 5 33 2 14 10 61 49 89 81 33 14 8 90 21 32 41 77 18 66 86 54 11
73 11 21 56 41 44 21 5 93 30 87 53 52 46 38 31 31 85 92 84 1 79 48 71 32 70 2 58 46 27 68 59 2 91 27 83 85 86 63 51 11 3 57 30 85 16 87 78 83 78 59 26 73 35 61 48 94 11 18 82 80 77 63 59 1 67 6 4 14 66 54 68 40 58 73 8 83 17 10 86 17 30 76 20 35 94 95 93 89 78 22 1 51 5 5 17 19
93 95
61 6 35 2 76 2 92 93 43 30 22 31 64 93 23 39 27 38 54 45 3 52 71 33 2 56 47 19 79 15 33 62 63 5 85 72 80 79 8 21 40 17 47 91 28 22 59 31 30 26 66 27 30 68 59 94 28 82 77 49 56 35 43 3 30 76 91 48 3 26 32 76 69 81 62 50 92 91 66 93 2 27 21 44 57 49 25 50 17 14 22 40 53
34 4 20 50 80 92 61 30 64 44 25 26 70 18 15 90 5 71 13 69 71 9 55 61 94 86 86 61 20 95 23 54 82 86 94 90 77 80 29 43 28 52 33 52 16 84 30 39 88 90 51 92 37 70 17 25 20 25 31 59 81 38 25 40 14 91 72 71 1 85 43 81 30 34 3 30 48 86 42 66 90 17 28 54 28 62 79 40 54 74 36 53 6
91 98
51 86 76 77 67 17 49 42 81 56 35 19 88 97 18 51 13 76 51 45 7 89 57 84 12 67 53 5 98 46 69 14 36 11 87 32 44 55 17 50 51 15 6 2 85 11 53 60 32 77 50 74 19 76 86 48 89 64 94 82 43 36 4 68 26 90 97 64 62 35 87 98 36 80 71 1 67 72 94 44 33 8 66 41 95 55 54 36 98 56 58
78 39 43 25 63 51 6 21 55 24 62 7 52 60 34 21 17 17 49 81 20 87 36 74 20 17 41 22 8 95 34 63 19 89 65 76 26 97 88 75 39 93 68 8 97 49 43 45 55 45 71 8 36 81 26 59 3 72 84 62 46 6 24 8 69 92 91 27 24 38 95 62 52 41 66 33 85 37 18 57 60 2 80 79 21 39 5 47 15 59 59
90 92
54 74 8 73 41 48 82 79 18 36 10 35 76 33 52 34 15 35 55 38 78 14 47 44 39 86 49 17 43 60 83 69 78 46 21 1 57 18 18 88 43 70 53 44 68 36 63 60 37 3 37 56 24 25 10 52 15 4 59 39 62 14 84 18 69 4 92 61 22 5 6 4 81 62 80 5 43 70 32 8 74 29 65 92 67 66 41 52 2 30
63 64 70 16 55 62 90 22 28 42 85 18 63 29 49 86 42 1 65 20 52 15 6 34 81 80 3 3 27 70 16 85 10 83 82 70 40 53 61 7 35 23 4 14 1 20 50 42 67 30 27 64 64 76 76 4 43 9 49 79 89 51 69 30 19 14 76 73 52 13 41 84 5 37 32 69 38 12 40 18 10 43 40 4 57 15 7 73 22 74
98 91
38 88 17 39 44 37 60 21 1 84 50 58 38 90 66 24 10 87 58 79 59 88 49 83 87 73 66 33 53 24 30 14 68 87 49 39 19 59 20 74 69 58 25 9 23 22 13 1 22 61 53 56 3 4 25 84 32 89 58 44 28 66 81 11 83 71 79 85 86 56 11 26 86 81 75 88 6 27 51 47 9 82 49 60 21 59 45 38 36 43 44 80 57 7 40 55 78 44
44 66 69 63 35 20 79 47 13 53 49 34 42 60 9 3 12 20 25 44 69 42 64 3 50 10 48 57 83 47 58 3 32 17 83 83 55 13 49 80 83 57 91 49 14 79 20 27 72 83 35 22 63 75 69 38 89 32 3 51 33 67 21 7 84 7 23 12 83 64 68 41 67 73 84 26 4 20 48 49 87 85 12 12 40 17 55 26 56 71 91 74 81 69 5 78 91 42
99 99
63 22 27 91 96 92 63 72 69 26 35 88 22 92 90 67 95 48 39 59 37 9 45 30 61 64 96 55 31 87 63 44 89 36 33 62 4 55 52 77 66 73 79 41 41 55 99 34 50 92 37 57 58 36 68 44 24 34 68 26 43 52 28 61 75 37 13 8 83 81 31 93 96 74 87 50 83 16 79 96 61 26 2 70 99 83 5 45 67 13 87 64 95 46 65 4 58 38 48
36 72 83 56 68 70 4 74 88 66 7 17 25 72 94 65 23 83 16 89 33 15 17 80 77 46 35 37 23 66 50 39 85 14 37 86 23 31 56 79 3 51 97 75 30 88 25 88 29 37 25 26 11 19 66 92 32 63 6 22 96 53 91 3 27 66 86 35 81 55 24 86 60 85 54 17 77 43 41 89 59 43 94 64 33 8 15 54 84 18 49 48 20 75 98 45 27 18 18
90 90
27 9 53 64 3 76 48 32 22 84 41 23 68 90 15 5 60 49 75 10 68 90 75 53 14 23 66 71 65 58 34 60 45 85 38 1 30 7 70 2 17 51 47 73 90 75 38 1 25 79 47 87 56 70 48 29 65 21 47 32 12 68 53 7 11 7 78 9 58 27 46 33 72 74 18 62 50 57 86 52 39 4 52 39 4 53 41 25 70 58
36 81 36 85 44 52 76 34 41 45 57 81 72 85 25 47 80 31 55 28 64 70 49 90 77 57 20 88 54 79 20 3 19 17 85 2 2 38 35 55 2 30 89 33 38 30 19 46 81 56 78 84 40 20 40 67 27 38 64 79 68 33 47 79 64 62 49 83 39 60 83 56 76 12 36 77 90 26 13 48 23 23 47 44 68 85 45 70 32 1
98 90
65 78 1 48 59 71 36 25 9 32 88 78 42 16 11 12 5 79 71 9 82 49 78 39 6 82 54 69 74 33 21 51 9 15 9 26 30 5 20 51 28 79 2 66 51 15 18 4 42 47 80 36 82 71 16 53 78 32 61 11 82 29 65 59 31 81 70 50 18 18 60 41 4 23 60 44 9 37 72 75 55 64 83 5 21 37 69 36 23 63 15 57 76 73 13 43 71 20
24 81 45 89 64 25 87 44 37 21 87 36 62 88 90 51 16 45 11 76 9 56 26 60 63 33 11 68 77 2 46 23 89 40 65 53 26 34 13 79 63 55 15 23 40 8 86 18 67 89 73 12 15 77 77 41 1 64 60 82 1 27 50 17 82 74 23 82 27 86 14 80 43 29 7 49 7 27 35 47 63 23 89 41 58 84 14 78 46 58 67 6 9 80 89 22 86 16
91 98
35 4 91 11 76 32 72 65 65 16 38 16 86 84 2 68 78 56 74 64 46 53 69 69 33 39 18 2 68 70 20 59 15 83 11 70 35 51 42 97 24 51 73 57 84 17 62 83 68 66 23 28 40 32 12 73 47 4 3 42 93 83 59 88 37 3 8 21 90 10 39 60 61 6 65 79 88 38 43 47 35 10 70 51 69 83 89 19 67 19 42
25 79 13 53 44 75 91 71 98 25 39 13 44 74 77 32 73 9 20 38 67 21 43 59 83 6 35 85 24 60 34 10 39 52 9 76 4 86 63 63 64 54 98 66 80 81 93 10 13 32 95 34 34 44 64 14 56 36 73 39 26 4 13 6 64 27 98 96 91 26 28 31 96 23 43 58 15 56 83 83 41 61 60 73 85 2 90 83 51 94 14
93 94
23 58 20 82 77 53 86 23 28 41 71 55 23 89 79 75 27 9 27 21 74 42 20 70 86 37 55 45 50 44 82 79 86 65 22 63 47 59 86 78 66 27 92 83 76 72 29 92 8 11 12 18 24 79 54 15 58 9 71 52 82 84 74 22 10 61 30 36 82 80 29 62 52 41 56 47 88 72 22 5 19 37 30 69 58 43 49 73 66 49 70 23 17
28 28 76 32 15 10 47 25 62 5 51 16 12 44 76 9 59 3 69 41 28 45 15 3 27 14 56 81 14 59 42 11 50 38 35 31 84 1 8 26 7 23 6 19 19 79 52 59 84 5 56 10 84 81 56 23 43 56 30 1 64 41 27 44 49 3 59 6 39 51 23 85 6 8 12 18 41 82 78 42 40 76 70 45 70 59 40 89 28 58 6 17 78
91 99
15 7 88 96 68 11 82 35 88 37 18 42 12 17 53 13 90 56 57 31 24 8 32 33 90 12 64 24 42 55 14 88 14 5 81 94 41 64 50 67 34 91 27 75 53 2 8 55 6 14 72 66 47 20 94 5 18 27 88 34 10 36 74 39 11 52 60 46 77 15 43 66 64 56 45 31 51 84 92 35 1 87 15 47 73 44 63 43 17 66 9
16 17 6 39 18 73 99 28 39 43 22 95 92 22 66 60 7 33 67 63 70 71 36 92 2 63 69 33 7 3 71 26 32 72 80 68 24 1 8 75 52 64 64 19 71 45 39 39 27 55 62 64 49 36 20 83 24 28 46 35 65 12 24 97 36 37 80 15 45 84 57 9 58 6 7 8 84 41 32 62 23 65 50 4 88 50 77 17 68 64 27
90 91
69 8 17 70 56 90 59 59 51 89 32 78 19 84 44 41 45 89 69 88 47 89 4 23 79 41 24 4 17 36 73 61 25 37 63 52 84 52 8 51 1 27 36 14 21 91 51 40 87 63 7 63 54 53 64 19 53 27 50 42 84 3 46 55 10 42 49 21 52 2 14 65 87 13 66 6 69 48 51 12 1 68 83 18 91 86 17 1 28 45
39 2 62 2 84 13 38 33 48 48 70 55 43 35 14 47 57 61 91 24 57 52 50 43 53 51 58 75 48 9 47 58 61 21 84 41 10 11 46 45 90 12 15 69 29 51 62 55 13 79 9 5 67 32 75 6 90 50 51 67 9 39 78 66 46 53 13 85 26 22 46 22 81 3 86 2 17 21 62 79 22 44 5 9 24 48 39 23 31 50
92 93
4 90 74 80 88 10 77 62 80 43 78 40 84 46 84 18 79 84 5 93 41 84 8 78 79 69 7 36 21 52 65 38 93 10 33 76 49 40 16 22 42 70 89 23 50 10 12 9 1 10 17 9 36 65 65 6 57 13 61 65 59 79 33 41 69 85 6 26 23 32 40 54 88 13 57 39 32 28 26 87 63 79 33 9 86 73 13 5 77 88 15 79
27 88 21 69 9 59 74 54 72 36 43 61 38 12 57 77 17 65 83 81 73 26 82 23 2 83 56 88 14 78 55 62 91 5 14 27 22 85 40 42 30 42 60 25 3 72 38 80 29 72 89 52 65 9 32 11 34 72 39 22 74 16 10 63 65 6 36 63 68 93 51 76 69 51 53 86 37 90 31 75 41 81 88 25 57 37 4 64 26 87 23 67
95 92
8 5 59 21 19 74 54 69 6 36 22 5 15 6 55 68 40 44 27 24 71 49 40 13 64 37 34 24 42 55 86 47 90 90 71 90 24 57 2 66 63 67 80 40 73 56 37 53 35 82 13 38 34 92 63 24 78 54 83 51 52 49 42 62 10 28 3 32 6 68 1 57 50 85 20 87 51 80 4 63 90 17 27 71 74 62 24 1 28 3 92 62 48 11 35
25 39 16 10 3 62 16 64 82 71 11 23 19 20 36 7 12 32 72 76 49 69 92 61 28 36 39 43 20 33 48 22 84 89 9 29 28 68 27 42 24 32 52 64 45 82 49 46 60 43 25 31 45 61 69 47 87 4 65 41 11 78 9 52 50 7 73 35 21 56 53 47 15 80 15 80 35 76 71 43 24 29 19 92 30 67 34 25 53 71 72 70 1 51 40
95 94
86 74 55 56 69 9 85 44 31 92 50 76 73 92 46 41 18 17 85 24 36 68 28 45 31 68 38 66 19 9 36 4 8 47 33 18 46 88 92 93 44 44 15 41 79 89 78 38 47 15 55 67 47 9 11 67 85 72 20 37 4 64 78 50 2 51 38 71 11 41 40 55 67 67 19 23 25 34 28 10 22 23 12 92 19 48 70 67 22 57 9 72 23 10 6
83 76 48 90 13 62 93 69 73 46 43 86 20 49 33 66 50 80 16 59 78 13 62 87 63 82 2 71 46 92 85 18 20 54 86 43 79 63 46 51 35 25 51 32 82 18 72 23 16 56 57 9 32 1 59 42 22 62 63 33 74 78 47 58 38 26 12 92 17 30 79 36 59 5 83 15 17 13 1 2 90 36 32 28 21 75 68 57 66 65 22 32 53 58 60
99 98
49 82 69 36 20 33 59 38 18 24 77 30 86 90 4 31 25 2 82 60 85 76 19 32 69 12 37 92 50 41 5 64 12 88 11 15 93 82 54 30 96 42 66 52 87 21 75 5 18 26 6 85 93 31 69 31 47 24 53 27 33 91 3 78 48 31 74 59 52 25 65 32 52 82 31 11 82 10 37 30 1 46 73 57 98 64 97 61 86 56 90 32 29 85 40 83 48 52 31
55 71 29 51 65 18 35 43 81 83 79 41 71 30 54 89 98 19 73 37 91 42 53 77 18 33 64 25 95 42 62 12 52 21 28 18 21 16 90 46 91 54 94 92 9 70 30 54 25 38 3 82 70 45 89 50 29 11 11 78 80 64 83 19 95 22 61 75 39 68 97 8 89 21 24 52 60 11 51 11 29 50 62 73 63 8 60 78 18 72 80 83 14 76 33 28 39 3 14
100 99
88 21 13 1 23 17 14 77 13 40 63 54 44 24 50 76 45 10 97 13 2 27 69 95 12 49 41 40 96 73 41 42 57 19 18 26 88 77 26 80 91 25 39 50 28 36 37 39 8 42 85 84 63 89 39 74 25 40 77 54 43 82 80 58 44 39 97 29 63 10 36 21 30 50 4 18 73 65 66 55 85 58 73 63 59 22 3 90 20 39 21 91 52 37 89 41 41 98 2 52
13 25 15 69 38 86 56 74 53 77 26 5 53 57 89 36 32 44 19 60 46 69 44 82 65 16 56 39 99 46 16 23 86 17 65 79 50 55 70 4 88 8 88 79 1 94 17 64 12 13 80 2 14 12 84 4 81 11 87 52 54 61 12 10 2 5 25 40 60 75 75 55 16 90 74 38 43 46 42 20 24 49 81 60 56 93 26 80 2 54 80 10 91 35 72 83 63 4 96 45
98 97
67 18 12 60 65 78 82 27 52 73 54 42 20 79 25 54 65 46 88 59 30 6 28 27 19 30 49 91 42 66 67 16 47 92 88 32 82 47 54 59 2 77 40 48 48 10 46 3 17 83 49 63 38 43 65 76 55 20 43 95 55 36 21 93 54 63 38 42 17 50 45 6 25 88 7 43 77 84 17 68 89 30 64 23 28 57 42 94 53 93 60 85 44 35 41 26 72 36
58 52 33 32 21 25 25 47 17 10 70 69 7 28 66 7 53 39 42 82 29 31 84 51 74 27 68 66 22 24 65 31 49 1 96 4 78 73 64 49 10 53 89 86 59 97 81 24 1 46 87 97 63 93 73 32 13 86 84 57 67 43 26 51 51 78 80 32 44 78 53 10 95 63 16 48 38 78 64 96 38 34 86 80 38 42 1 73 54 37 19 38 51 55 19 54 97 66
93 98
58 55 68 73 45 36 64 63 76 66 35 27 95 31 27 77 48 36 34 1 52 55 65 68 9 39 80 4 78 54 6 83 58 93 92 48 19 77 5 35 85 74 5 37 61 52 3 24 79 6 93 60 54 31 84 78 5 71 84 89 4 98 13 14 42 73 62 27 83 9 96 23 89 40 62 5 81 57 25 81 82 3 98 35 69 75 8 3 75 70 2 1 52
86 35 4 81 68 72 81 46 66 25 22 82 34 87 78 86 22 63 64 36 55 98 24 51 56 36 97 9 16 45 47 92 62 45 19 8 8 50 88 61 37 52 39 19 15 64 60 49 31 81 73 95 74 3 64 88 55 95 15 50 39 35 93 85 20 79 82 33 92 39 83 20 86 62 45 81 84 48 35 36 60 15 3 95 88 47 62 32 24 88 59 8 72
99 95
17 8 47 65 64 93 27 28 17 67 40 5 64 26 72 80 22 22 44 10 70 91 85 25 94 35 61 20 29 72 55 75 63 17 70 35 84 55 87 48 71 21 35 52 32 10 72 4 86 89 93 83 28 9 31 25 88 6 17 91 6 27 56 37 79 37 74 26 14 39 8 51 46 11 44 44 3 40 38 93 81 7 48 35 75 21 79 29 68 27 94 37 38 10 31 81 23 2 47
68 23 73 73 10 26 22 27 94 44 78 73 88 69 57 5 80 67 15 61 25 36 28 72 93 15 78 10 40 61 58 20 55 78 12 18 59 92 73 60 68 74 40 65 57 24 57 64 54 76 42 31 40 58 87 75 93 81 69 25 32 11 41 39 74 69 46 32 32 32 20 81 22 39 10 80 88 12 9 67 92 16 85 29 10 84 80 34 63 53 17 88 21 60 35 88 47 60 3
96 93
74 25 89 44 40 71 33 27 39 80 56 24 23 41 5 33 18 29 49 5 77 28 63 64 1 77 50 15 55 66 91 57 34 11 1 39 26 9 64 59 10 56 40 11 9 64 6 93 44 91 11 68 6 24 92 67 27 31 93 54 46 50 10 33 79 8 28 37 31 70 50 22 23 63 35 45 87 47 41 16 69 60 58 6 75 87 1 93 16 50 85 29 87 91 56 17
2 22 2 85 47 42 25 7 65 22 6 16 67 57 49 6 6 38 76 74 57 75 93 53 30 21 20 83 13 23 85 71 74 62 38 93 44 51 21 13 51 68 65 22 66 65 88 68 18 84 77 83 70 80 93 85 37 51 60 59 71 76 12 87 81 84 56 14 90 78 75 57 28 79 48 9 19 93 81 60 22 59 17 85 26 90 46 59 44 4 2 27 57 36 4 46
95 100
4 10 22 73 57 94 100 90 74 9 41 18 49 93 13 98 60 3 9 68 98 74 17 27 53 36 52 36 61 45 56 96 36 4 32 92 60 50 89 79 21 90 35 68 97 88 42 45 31 48 4 51 40 72 34 73 21 92 12 52 48 8 52 4 15 14 5 44 54 99 55 12 31 8 85 46 64 74 59 55 57 53 86 35 98 9 65 51 53 78 97 17 66 92 46
29 17 6 35 73 1 84 97 3 93 48 98 95 11 50 62 13 19 60 28 14 47 81 63 14 55 43 39 24 58 28 86 47 36 89 46 99 75 68 59 81 20 78 46 72 80 89 11 96 85 85 23 4 47 6 69 13 30 53 88 57 82 49 11 47 19 79 45 52 29 13 83 14 72 26 19 28 8 51 81 2 100 32 73 22 6 33 61 30 41 56 4 8 71 87
94 97
19 21 1 53 36 14 27 45 46 24 95 55 96 4 73 49 79 90 63 5 11 6 71 4 84 11 46 91 89 6 65 86 12 22 32 57 7 22 1 49 38 29 47 37 64 16 29 52 95 14 14 9 30 14 92 30 37 20 26 71 96 67 90 37 42 11 14 64 69 97 20 14 79 7 82 60 63 36 84 88 76 63 8 81 95 51 9 49 38 81 20 27 70 17
27 37 21 71 82 80 4 63 21 2 59 75 5 15 14 7 84 97 39 31 60 47 77 48 77 94 74 44 63 58 17 32 50 3 5 92 5 74 31 8 84 67 70 93 61 52 30 46 13 35 16 1 4 20 15 45 88 14 65 45 17 73 4 58 7 21 34 16 30 19 72 94 1 80 86 90 42 1 42 93 45 33 90 55 1 41 80 34 86 78 75 3 81 32
95 99
40 36 45 18 29 27 74 88 99 29 8 94 4 12 55 32 11 21 33 7 45 88 93 61 6 75 20 31 74 13 86 47 67 75 24 37 30 14 2 21 92 69 40 30 60 57 1 94 30 78 74 17 37 67 41 98 63 49 59 27 84 40 47 66 75 84 8 2 69 82 11 24 52 21 95 63 97 39 33 37 77 49 17 3 33 81 26 52 29 69 68 42 21 43 73
12 82 68 48 73 13 72 7 6 74 50 33 54 96 44 97 35 66 30 91 94 86 75 83 4 69 50 81 55 91 61 65 55 91 97 69 14 81 86 65 59 28 69 60 89 11 59 46 19 75 62 66 27 47 67 69 23 66 76 13 30 53 10 22 16 94 40 23 85 36 1 68 60 1 54 45 18 36 17 84 45 99 57 67 48 47 15 99 5 62 93 48 60 1 24
91 97
76 97 26 86 45 2 48 74 18 30 84 42 95 49 14 47 88 57 3 76 97 62 91 84 94 31 41 30 11 56 29 33 53 69 5 15 63 17 97 28 34 32 5 42 9 42 14 40 15 44 90 35 82 72 68 81 13 32 66 58 82 95 26 80 82 6 97 73 75 66 21 60 4 43 88 23 11 58 71 96 19 74 78 38 1 1 88 29 48 26 96
40 72 75 9 83 82 24 80 69 53 87 56 50 5 75 72 2 77 59 38 74 86 21 12 11 62 76 66 27 96 5 95 80 16 20 72 64 24 95 42 91 80 46 85 91 56 65 65 29 96 49 73 3 61 85 10 90 62 40 86 94 36 12 54 10 84 67 96 92 9 55 10 90 92 91 36 88 49 43 32 80 82 70 21 9 49 41 88 53 64 37
96 97
28 3 86 61 11 84 36 39 29 51 40 91 29 29 25 27 65 46 45 97 66 56 42 50 60 21 85 9 90 71 96 49 87 63 43 94 15 24 81 44 79 4 33 6 11 44 30 59 7 3 97 58 35 44 72 59 25 79 88 10 92 8 84 86 23 80 64 94 62 42 27 55 18 41 3 4 39 52 11 8 77 70 27 52 15 45 8 50 81 78 73 62 40 79 58 82
14 44 20 4 68 12 51 69 25 81 28 4 4 34 76 5 76 34 23 66 41 93 82 29 49 11 76 47 94 34 58 90 97 40 37 7 34 22 91 75 77 31 15 39 13 36 69 81 27 89 61 1 72 18 87 88 38 47 11 79 77 57 64 76 1 85 97 79 96 87 61 97 67 79 27 84 42 75 87 61 64 16 14 36 77 28 95 39 59 51 90 20 83 62 21 53
92 99
63 43 89 45 48 15 96 19 88 36 72 90 69 19 38 91 25 2 95 35 13 16 92 16 52 91 96 43 41 93 35 8 74 14 33 80 9 59 89 84 55 85 73 46 61 8 16 95 93 8 56 62 86 57 24 76 12 74 81 84 43 88 28 15 20 84 50 62 53 67 93 96 65 16 31 74 73 35 77 34 46 98 92 61 67 40 40 20 67 14 7 76
12 84 64 21 83 74 59 22 55 5 69 9 80 14 46 2 58 27 54 78 82 80 61 23 25 11 11 21 57 84 93 48 97 53 45 7 35 75 32 40 70 59 25 59 44 4 46 99 55 26 67 45 6 4 67 31 86 22 99 54 4 92 7 63 83 9 90 71 54 2 19 53 38 64 15 61 1 31 28 81 84 22 17 1 79 84 57 22 4 87 60 38
94 97
26 21 71 24 20 79 66 96 46 79 59 88 20 79 67 76 39 62 30 58 32 79 7 74 22 90 64 63 62 7 13 10 59 3 90 21 41 6 84 15 43 15 27 83 72 16 8 3 23 81 5 22 39 35 79 60 13 79 41 54 34 85 50 7 31 12 56 49 6 3 8 61 66 91 81 33 42 57 73 40 3 80 77 87 13 21 97 26 91 96 45 71 16 61
83 83 32 16 88 13 29 78 38 40 82 29 59 28 97 16 23 20 2 43 79 96 15 68 40 9 39 68 7 23 9 69 41 93 9 42 95 73 75 47 79 80 91 39 32 28 27 19 6 67 58 93 37 30 59 87 4 80 3 47 89 40 52 27 24 21 25 38 7 47 35 33 51 39 87 35 46 47 33 62 31 22 55 35 4 53 55 41 2 39 29 65 95 24
91 92
85 39 47 81 62 77 92 21 69 40 61 59 9 20 23 23 71 61 71 36 3 70 56 78 13 48 24 58 69 60 11 56 60 6 76 4 53 91 23 16 38 81 37 54 87 45 10 4 32 37 5 41 77 32 57 1 43 30 76 12 83 47 50 40 50 15 91 22 56 32 87 34 78 23 66 31 41 12 45 72 40 31 81 65 23 27 48 90 32 82 66
4 31 85 63 54 80 85 31 85 74 31 6 79 71 85 44 22 88 84 72 83 89 57 57 39 21 7 45 75 78 62 78 79 19 37 40 90 61 47 42 2 32 4 72 42 75 55 27 57 50 36 44 76 54 45 38 76 15 34 21 75 40 8 18 67 83 21 56 41 73 76 18 10 46 58 54 91 81 69 80 17 35 69 58 20 58 55 49 33 46 52
99 97
21 11 95 92 60 58 44 80 57 23 55 17 86 63 77 49 58 86 83 79 53 88 79 46 96 29 25 93 96 25 27 10 20 23 52 2 38 37 6 5 29 91 12 63 63 82 70 21 71 84 76 62 31 54 68 45 96 89 45 8 93 67 39 54 25 81 4 3 39 51 55 77 48 38 52 55 49 79 53 84 69 95 42 8 47 53 97 28 60 55 18 85 73 79 82 40 12 7 22
11 5 48 68 57 34 80 61 32 32 91 56 11 3 80 48 20 26 8 82 4 80 36 55 90 55 38 63 17 91 18 40 40 66 97 6 8 5 76 94 90 55 71 60 22 3 74 20 19 67 9 24 50 30 49 38 3 27 77 56 62 15 69 85 36 72 59 84 55 21 86 13 70 7 48 63 55 28 29 44 81 32 69 42 20 87 41 94 70 22 21 96 74 76 43 46 76 73 46
90 94
48 90 65 71 67 65 38 29 28 29 13 78 8 13 44 65 30 47 29 10 57 90 47 82 39 52 93 89 81 55 33 20 3 85 73 23 35 50 46 80 70 42 88 9 49 81 17 61 74 45 63 21 32 79 86 51 55 55 32 11 52 70 82 80 4 34 27 86 38 37 36 82 84 50 43 85 51 68 86 26 26 73 91 92 56 27 40 61 5 78
44 37 13 87 7 93 51 60 26 94 56 29 77 51 9 34 39 51 3 68 90 32 39 55 9 74 46 30 46 53 63 88 31 13 78 32 15 21 6 61 82 75 17 6 73 17 83 21 8 77 65 79 2 61 59 64 6 75 64 41 70 88 24 57 15 42 89 69 28 64 61 18 43 13 38 86 6 42 72 76 36 5 47 32 50 52 24 63 92 60
93 95
73 26 11 31 48 69 90 4 15 3 26 64 1 63 30 46 15 56 21 95 90 66 36 45 84 42 44 37 67 30 59 45 47 87 81 23 95 77 72 36 77 81 3 78 55 86 54 67 65 32 4 39 30 2 48 16 76 12 36 3 34 6 85 35 72 24 38 53 19 15 71 43 6 52 71 20 94 3 62 36 30 4 33 92 88 41 39 93 43 88 42 46 1
43 30 91 41 7 94 92 20 41 35 17 5 63 89 76 82 40 33 3 74 23 86 31 6 46 12 37 59 13 10 32 46 87 38 54 73 69 21 42 3 65 31 77 21 29 75 69 33 26 14 11 62 9 38 25 95 90 83 7 51 91 36 78 53 62 67 26 95 7 18 65 90 19 2 92 40 25 10 49 27 34 95 95 78 40 72 31 65 52 25 43 65 6
98 99
47 80 48 48 70 18 91 71 78 74 77 74 88 42 91 36 70 56 51 25 20 44 71 88 44 25 7 17 10 59 45 15 93 70 1 83 45 19 22 40 22 38 74 89 16 96 39 98 85 53 16 34 24 72 27 15 60 40 1 47 55 57 32 35 55 96 35 3 75 42 59 57 66 26 50 46 3 67 84 17 27 76 70 34 70 91 64 32 27 18 87 17 90 29 10 40 54 93
99 16 66 8 12 31 20 36 96 31 64 23 67 60 78 59 35 85 84 65 25 43 11 60 80 44 47 23 61 39 68 24 87 94 16 39 12 92 39 7 29 48 99 4 31 67 20 57 81 3 20 37 55 88 91 8 99 1 19 52 71 23 79 53 8 69 74 19 1 71 81 36 29 14 70 76 51 10 86 20 43 4 17 78 16 5 88 23 28 6 95 77 57 22 96 26 41 96
97 90
30 2 79 37 13 84 74 50 81 83 36 83 69 34 77 62 45 42 47 14 13 45 27 2 79 57 82 88 47 3 27 36 32 3 62 15 21 86 48 74 60 64 21 85 87 89 18 60 49 25 64 71 24 66 10 61 55 17 2 3 55 85 23 30 24 79 44 85 43 14 90 47 55 61 48 70 32 28 71 83 41 47 21 28 34 2 54 5 57 85 57 74 86 7 82 40 87
50 57 67 28 44 52 68 75 13 35 13 90 82 52 23 70 9 41 33 64 14 41 15 52 70 5 37 20 55 30 13 17 61 51 69 67 30 31 36 31 85 18 14 86 7 77 52 89 33 6 76 28 76 35 60 31 64 33 18 53 74 58 46 18 87 27 15 18 48 88 78 54 44 56 44 80 67 83 59 37 58 41 9 9 66 18 32 42 34 64 74 68 30 37 63 65 76
98 98
15 98 54 37 27 13 73 62 67 49 14 61 53 59 16 42 44 19 21 84 64 3 93 2 12 45 10 7 91 45 36 25 47 36 33 67 35 87 34 39 25 98 94 15 61 11 43 29 77 29 1 44 63 63 49 32 49 34 24 65 28 82 11 41 69 23 23 79 56 73 74 29 60 70 36 63 81 98 85 18 86 10 49 97 66 53 43 22 73 50 80 90 54 22 78 19 83 9
52 68 20 60 31 3 15 47 6 31 66 90 50 7 85 51 66 84 92 36 86 91 60 6 68 97 46 63 76 21 72 27 56 98 91 35 65 24 15 35 51 48 7 51 30 47 51 39 19 55 24 61 31 11 19 30 89 7 62 12 79 23 85 3 51 1 41 8 55 86 61 57 1 93 70 75 9 62 16 59 25 70 77 98 40 17 49 35 62 6 34 30 80 68 24 44 74 32
97 90
5 72 28 51 33 6 29 18 50 88 17 57 68 64 14 65 9 57 71 10 13 19 48 53 52 26 89 19 26 50 66 87 37 50 76 22 57 13 47 20 40 36 31 10 48 70 80 10 75 77 42 73 71 1 58 48 18 5 32 44 65 64 6 54 32 20 78 65 46 15 60 77 10 37 61 86 74 84 51 90 4 82 58 32 36 16 86 17 51 79 33 23 90 68 36 60 16
49 46 12 63 8 85 68 64 14 83 88 81 60 73 9 30 87 79 62 62 81 72 6 50 72 4 62 16 47 9 78 65 47 73 33 20 81 57 34 3 27 88 20 68 37 89 35 31 22 55 9 70 3 56 2 42 12 43 48 51 72 45 79 65 12 66 5 19 88 82 87 28 25 1 71 10 64 33 76 22 50 79 87 71 75 12 74 66 48 14 75 49 14 11 13 76 22
100 90
76 52 27 81 4 76 28 64 7 41 69 11 31 47 11 45 8 18 29 85 44 89 51 33 21 78 57 16 20 50 85 4 78 35 16 39 26 37 82 45 85 65 44 72 87 14 75 58 82 50 1 54 17 66 44 59 68 62 2 29 47 30 29 10 60 58 44 47 52 43 77 25 75 72 1 82 18 33 16 60 20 7 63 51 60 28 56 40 48 35 28 16 2 28 55 69 16 33 55 54
8 49 81 31 12 77 18 7 43 80 68 66 21 78 2 11 5 1 16 63 65 34 54 32 37 27 49 86 11 23 39 85 10 22 80 47 78 42 70 42 28 83 43 26 57 36 86 42 79 48 81 52 10 58 52 77 80 84 70 61 14 58 4 81 7 42 22 51 75 4 5 84 55 73 71 47 61 90 21 22 68 3 41 10 39 3 78 78 29 56 54 60 15 47 60 66 78 78 2 12
95 90
48 32 85 70 33 13 83 72 8 69 58 46 36 34 15 63 81 85 43 67 42 4 90 6 59 86 29 27 84 22 26 30 66 49 72 8 31 60 29 30 25 82 82 61 18 80 71 39 24 18 42 64 51 14 87 82 10 39 74 81 80 75 67 33 29 6 60 60 67 50 51 3 9 32 38 1 82 5 75 32 49 59 20 49 17 16 56 36 34 46 13 10 67 11 36
77 51 63 89 52 35 51 11 73 26 72 42 17 12 14 60 19 59 64 10 1 56 36 23 90 79 78 48 68 34 90 56 12 66 47 50 29 5 27 46 42 75 55 23 13 28 37 36 88 37 74 73 86 4 89 27 88 19 48 1 59 7 88 80 7 81 7 84 59 24 64 37 34 57 67 88 9 42 80 65 29 11 38 18 51 55 30 14 2 67 7 64 33 45 88
94 94
6 44 64 24 62 85 91 65 46 69 72 21 47 56 61 16 4 15 51 23 56 1 32 66 36 75 57 27 62 1 37 72 79 64 91 70 78 36 44 21 76 23 86 51 17 10 24 74 14 54 76 54 77 8 25 45 72 38 18 19 17 71 26 94 40 39 6 90 5 25 41 16 93 73 65 64 18 24 71 88 24 79 17 64 78 75 88 85 41 45 88 26 16 25
71 24 74 45 5 25 34 36 11 41 42 46 13 80 83 74 76 26 32 43 54 41 90 63 10 12 19 62 59 30 92 9 67 17 88 45 40 18 91 6 9 44 8 78 83 23 70 25 74 55 88 74 48 48 13 25 24 81 55 63 77 58 12 15 31 74 78 10 22 47 53 6 21 71 74 31 94 50 9 5 63 25 91 4 62 50 71 19 63 78 9 51 33 13
96 100
89 2 69 52 94 25 1 95 81 19 20 34 67 13 42 36 44 36 81 77 48 75 75 95 53 9 7 11 11 57 83 75 7 78 29 45 13 20 74 92 93 91 1 36 43 17 61 44 55 16 29 86 5 73 32 82 79 98 1 60 37 83 68 60 61 93 14 73 91 86 31 36 12 19 4 19 78 95 81 2 55 53 11 58 46 33 90 50 88 14 96 50 81 9 34 64
68 12 15 55 1 77 85 18 96 61 9 62 17 90 70 70 96 82 15 20 20 47 39 97 47 47 36 10 25 20 16 45 95 28 74 13 89 92 65 53 17 59 51 34 11 53 70 22 84 21 96 19 6 8 79 41 69 75 18 77 30 26 46 32 66 73 77 51 41 91 93 17 32 32 5 74 63 46 98 75 56 42 19 38 14 7 8 95 22 17 45 28 79 72 27 87
94 99
78 79 28 82 39 18 58 93 42 49 24 38 86 93 78 67 66 46 5 46 85 3 98 53 61 96 60 49 79 76 65 19 24 3 79 15 45 25 78 25 7 62 75 33 82 19 80 60 79 60 79 33 84 7 83 73 94 49 3 29 12 5 48 20 95 94 69 31 38 39 90 3 14 24 92 20 66 38 86 16 39 95 18 76 23 10 5 74 70 69 38 5 64 99
80 71 58 52 1 72 51 82 62 34 83 59 62 19 91 58 35 4 3 45 10 12 78 55 73 48 77 37 47 17 92 58 48 81 15 48 25 41 71 3 39 26 50 84 54 60 12 14 68 53 28 11 82 55 41 95 2 85 26 40 5 38 52 39 57 82 83 35 48 38 54 28 76 14 12 35 9 59 94 36 55 36 96 82 36 74 81 79 37 36 28 82 89 91
95 90
16 25 14 39 55 89 74 11 15 55 16 23 42 24 56 90 63 84 62 11 75 24 12 51 69 72 53 22 86 8 12 10 68 18 64 14 20 38 74 56 20 40 52 80 89 33 42 62 90 47 76 31 79 43 10 31 18 90 16 5 70 55 75 32 34 22 57 18 41 1 10 65 84 56 87 7 28 18 47 27 33 58 4 71 73 47 39 15 80 37 32 38 70 42 48
13 83 37 45 36 3 45 19 18 45 71 29 14 86 53 68 4 26 67 17 41 18 68 26 38 63 2 20 63 12 45 12 49 71 89 51 50 63 88 74 81 18 24 63 41 31 37 60 29 59 14 19 90 20 2 3 30 75 2 75 46 43 13 52 14 20 3 43 1 34 32 84 58 31 77 25 29 16 37 2 88 67 89 47 55 29 43 72 87 11 3 47 8 16 74
94 91
75 16 57 18 24 55 31 12 86 44 39 72 89 46 10 20 14 89 36 1 45 1 17 32 75 21 45 58 13 19 68 6 33 53 30 62 21 56 30 68 32 80 46 37 84 26 47 10 53 56 50 85 82 19 5 34 19 90 35 91 87 43 5 28 69 90 10 35 73 82 65 14 5 59 26 82 36 40 4 64 22 85 62 3 78 30 60 13 32 52 86 88 21 5
55 48 61 23 53 23 1 36 52 80 34 63 67 71 57 13 90 40 73 26 1 57 27 7 80 83 2 69 70 82 19 84 43 67 55 19 3 77 32 44 69 79 53 48 78 55 24 30 54 58 91 52 56 64 87 67 21 51 16 68 16 7 60 87 88 34 71 2 76 52 35 6 7 76 52 26 48 17 36 24 56 21 63 7 26 87 61 24 78 61 30 29 17 53
97 93
72 55 88 73 2 27 43 7 88 24 77 7 71 66 19 3 67 60 35 14 7 73 40 46 50 16 71 70 34 37 66 15 24 39 60 50 73 93 80 1 47 19 11 25 86 57 89 59 84 46 65 25 83 36 69 68 75 76 24 8 21 37 86 47 8 14 67 4 2 22 54 59 5 23 28 14 56 18 45 67 24 46 10 78 47 41 48 17 80 76 85 1 42 43 7 93 53
9 5 59 68 70 69 88 10 17 41 17 47 13 14 21 26 40 39 59 44 79 32 87 25 15 37 26 11 80 21 62 75 60 49 46 37 26 46 88 55 61 4 79 85 87 39 45 86 85 37 13 69 50 12 85 44 67 80 4 28 49 88 67 52 43 17 30 33 75 88 8 44 22 81 75 66 14 52 35 2 23 24 44 20 19 19 60 8 93 8 47 4 35 35 70 79 78
99 97
95 11 72 41 95 39 61 59 8 29 5 23 94 13 65 42 35 61 47 37 26 13 71 34 4 31 74 74 10 43 5 85 6 46 11 84 61 36 43 45 79 61 94 72 55 15 26 36 96 28 79 63 9 1 89 7 68 48 31 57 12 77 33 82 24 23 66 83 76 55 66 29 16 94 34 27 32 88 32 40 29 29 22 70 87 3 52 43 94 22 75 16 94 19 68 2 15 4 53
66 18 26 91 88 89 4 23 22 20 95 64 1 58 47 17 96 54 22 73 20 15 95 24 91 54 42 73 52 95 12 25 68 16 59 15 47 12 97 22 3 67 59 5 6 53 72 63 22 24 36 10 35 56 53 26 11 68 76 11 29 69 86 24 14 62 8 57 48 18 21 85 97 42 60 2 20 91 46 62 58 88 54 56 81 10 38 95 32 90 78 37 9 63 69 1 87 15 81
92 92
14 48 61 40 43 74 50 18 30 22 92 71 36 63 27 79 87 28 73 91 14 33 3 9 44 19 15 83 19 7 82 66 83 43 84 58 31 36 17 30 84 36 62 69 32 33 72 8 13 72 32 73 69 7 61 46 52 77 82 6 27 22 13 40 52 58 6 43 65 81 40 86 14 10 5 52 43 76 40 10 92 19 28 13 51 16 83 83 92 49 11 48
65 86 36 16 11 30 24 56 68 44 80 51 11 75 78 18 83 6 2 86 20 18 89 57 80 89 60 6 59 3 38 34 61 47 73 75 61 58 41 76 24 8 31 51 69 56 10 65 26 7 87 6 24 88 44 43 39 74 24 1 13 36 14 28 28 53 55 8 85 11 35 71 36 47 82 82 22 46 79 69 45 43 33 30 60 15 82 22 36 15 47 59
97 92
19 5 83 51 45 29 90 27 14 12 22 7 16 40 41 77 59 84 36 45 57 64 70 83 64 73 78 85 8 37 59 66 24 4 75 62 72 54 47 15 75 4 32 60 40 17 18 23 85 26 92 80 37 48 54 67 51 48 64 88 15 53 10 69 19 37 8 5 56 11 65 39 43 75 21 27 39 91 61 88 76 15 86 43 29 28 70 28 13 9 2 15 82 42 82 12 50
17 77 6 66 18 42 83 44 32 70 17 66 10 20 89 63 31 60 10 71 51 15 57 16 28 5 33 52 36 8 51 65 34 40 3 53 74 53 48 57 66 48 87 42 20 74 57 8 66 3 54 49 54 52 82 15 8 2 30 18 5 76 60 52 3 53 54 15 55 1 35 25 56 79 29 86 73 76 57 71 82 91 14 4 9 59 79 26 86 53 16 26 37 57 87 83 67
99 98
58 15 82 4 15 37 65 19 98 81 11 39 96 36 90 35 79 19 93 38 14 7 34 37 5 19 54 41 18 73 50 61 7 15 41 4 59 13 12 42 67 48 85 31 57 70 45 12 42 58 90 90 28 8 26 23 70 28 83 63 62 51 10 1 72 56 20 11 35 65 84 18 65 6 86 93 13 34 19 41 94 10 41 82 5 30 77 52 63 24 47 64 69 3 59 59 6 74 70
9 23 19 28 92 12 79 48 26 16 24 77 50 79 84 79 31 3 42 83 33 43 87 15 45 51 60 8 36 13 58 76 31 76 49 92 93 72 35 18 52 51 35 1 67 76 46 15 95 19 83 85 8 55 25 47 59 84 53 90 93 82 7 88 16 47 17 80 33 61 33 9 22 48 84 47 29 19 62 3 93 61 18 73 57 61 37 36 1 67 8 37 87 87 3 31 92 85 17
94 92
27 44 71 79 67 73 80 30 90 36 50 61 78 33 36 49 40 64 85 53 87 24 87 46 1 67 32 8 75 1 50 60 44 70 28 68 82 82 47 90 68 62 62 91 43 85 85 27 84 76 13 28 74 24 11 85 89 23 42 1 31 21 75 5 35 84 59 63 66 54 58 82 16 47 87 43 31 85 53 81 71 50 78 41 84 92 35 30 92 10 81 73 30 28
87 33 21 26 39 71 92 77 91 28 6 32 58 78 12 22 33 21 46 75 22 7 38 67 26 16 21 76 17 74 68 27 2 76 76 57 9 30 4 44 10 28 17 61 11 45 91 47 58 91 48 1 61 19 55 15 42 65 14 52 8 69 21 78 28 85 58 6 68 12 6 46 87 82 26 81 24 65 92 37 12 49 14 64 10 62 19 91 28 77 84 34 34 65
100 98
95 44 28 54 70 57 86 63 75 70 90 58 36 60 63 45 42 87 74 12 68 84 88 6 76 12 42 87 67 30 64 22 79 15 71 9 93 32 97 21 56 97 69 50 73 6 40 47 73 64 77 83 82 52 42 32 36 13 1 67 84 59 16 12 35 20 35 11 78 4 14 26 25 88 39 96 16 47 91 21 14 41 37 7 80 87 31 67 7 19 87 87 40 89 48 17 39 66 42 30
39 89 8 3 31 53 42 82 18 83 26 72 75 40 35 95 21 95 53 72 34 73 25 92 91 51 39 93 31 46 91 24 10 55 79 27 37 52 21 83 26 9 34 8 18 12 90 37 59 65 97 16 17 75 71 58 43 5 52 12 68 11 40 52 21 50 8 43 29 65 78 62 46 56 86 1 40 40 52 29 3 25 54 63 6 80 23 51 75 22 98 29 65 67 54 78 7 26 45 27
91 91
91 63 14 21 3 4 10 34 62 72 49 63 49 84 49 36 28 51 74 29 89 4 5 63 24 89 3 19 44 76 88 22 1 80 18 12 60 90 40 59 64 39 27 18 8 56 43 28 17 31 18 50 53 50 30 90 70 18 56 19 76 36 77 49 89 10 2 10 75 16 47 52 57 43 46 19 20 86 66 82 75 73 18 54 81 80 47 67 17 65 46
52 82 4 40 74 64 76 64 16 66 79 71 47 4 1 61 88 78 84 17 3 78 91 57 68 9 58 15 7 83 61 42 29 21 22 88 26 33 37 52 38 76 26 11 46 1 75 14 9 13 72 84 35 54 36 38 21 66 63 16 34 17 84 90 74 82 9 48 50 51 76 6 55 36 16 1 85 57 79 50 12 32 11 9 31 5 36 27 26 43 16
94 96
57 41 93 38 9 22 77 51 24 87 54 79 31 66 93 45 91 4 72 11 22 82 84 66 45 32 57 40 74 91 14 62 13 91 21 51 3 67 38 81 83 86 34 2 47 55 64 59 36 78 77 3 31 41 54 5 46 30 28 74 11 10 18 91 2 24 77 11 84 11 27 23 38 24 75 28 76 20 56 58 18 61 89 4 18 71 76 69 84 7 25 95 88 46
46 51 59 27 55 5 85 93 26 83 81 92 60 27 28 74 24 50 53 59 7 33 6 3 29 45 77 11 82 6 23 64 54 45 44 43 4 90 56 10 35 41 36 49 71 27 20 21 21 56 56 72 65 23 48 67 36 8 70 71 43 50 39 67 26 35 5 3 76 65 62 67 88 28 8 1 23 14 63 45 60 51 16 54 38 37 32 43 4 19 6 69 24 1
90 100
19 39 45 39 77 79 94 84 71 35 30 85 46 6 76 58 23 71 87 6 25 86 83 69 85 93 24 50 74 85 38 28 75 73 44 89 79 70 83 24 3 56 27 97 78 16 71 5 29 32 39 19 45 84 48 41 95 19 46 54 89 76 93 88 40 41 11 29 93 88 63 2 50 48 65 78 70 64 98 47 6 93 76 88 69 25 72 58 77 54
69 93 88 17 10 93 8 60 48 37 2 33 16 3 27 41 99 70 32 14 82 93 88 27 39 12 11 12 69 95 37 36 86 2 53 40 1 11 79 31 33 14 81 38 44 69 91 18 33 81 24 79 7 55 8 99 4 33 45 13 63 100 94 22 22 4 75 16 64 22 56 43 73 74 92 19 34 3 78 6 56 88 51 7 81 84 36 53 29 14
100 98
26 92 69 53 47 45 79 61 79 22 40 4 69 55 10 43 27 8 15 48 77 63 87 25 94 36 41 61 40 45 60 32 28 40 98 84 96 82 31 81 20 33 47 51 33 68 77 61 96 91 49 75 20 40 40 74 13 5 34 68 91 39 19 59 55 66 25 97 3 75 92 95 1 80 72 1 44 37 23 16 64 67 60 86 24 39 55 6 9 19 78 78 66 85 31 47 64 82 52 41
38 3 64 46 67 89 43 32 22 3 76 87 68 76 76 31 25 40 30 91 54 93 62 75 66 41 81 30 84 77 85 42 32 15 63 32 20 90 49 46 64 64 81 80 70 87 27 66 1 14 47 47 29 50 35 78 53 44 82 69 28 63 4 7 51 11 20 11 6 70 81 97 70 12 85 23 57 20 21 46 50 33 8 12 26 33 94 22 60 3 73 74 78 83 25 42 78 25 16 12
99 97
78 85 60 32 28 95 12 66 34 13 50 73 54 18 35 88 7 45 10 69 69 92 32 56 66 93 47 96 58 32 63 9 89 33 39 52 48 35 1 77 14 57 4 73 76 71 66 51 65 11 83 5 59 63 25 46 81 85 40 90 9 1 14 39 6 16 55 57 28 63 95 6 59 22 12 59 68 67 70 48 74 37 30 65 71 28 97 55 75 64 58 84 89 42 89 28 37 32 82
30 34 94 91 95 67 47 26 89 83 37 41 63 77 1 97 51 4 23 80 64 54 67 26 95 8 30 47 7 6 62 73 60 37 66 63 55 60 62 42 86 63 56 50 83 63 85 17 23 38 18 53 85 11 81 49 44 19 31 72 84 48 4 83 20 36 64 43 43 85 21 72 1 91 84 48 16 78 65 85 34 14 34 93 85 79 46 88 8 80 18 36 68 57 30 62 30 83 37
98 91
28 40 64 24 21 52 78 85 40 62 36 20 43 46 65 34 42 59 90 10 53 66 27 56 48 24 29 75 63 64 30 43 72 51 47 68 18 53 18 3 55 48 9 28 86 1 59 19 29 86 26 59 65 62 29 91 1 31 88 84 4 53 36 31 28 37 17 56 7 34 71 85 41 71 23 63 18 59 58 74 22 66 39 63 29 24 20 88 79 55 2 76 14 51 45 35 78 35
79 36 5 52 34 1 37 89 65 65 24 32 45 86 71 89 63 52 35 5 65 42 48 2 64 68 51 39 9 18 46 2 64 31 23 10 17 31 33 48 12 14 67 43 37 11 9 46 12 61 70 38 43 49 60 40 29 11 45 55 55 2 63 84 71 49 62 3 41 23 1 45 5 63 2 28 85 34 61 32 85 49 27 82 19 17 38 1 61 47 68 18 24 12 56 83 50 89
97 99
56 66 68 58 51 73 24 82 93 18 81 35 29 27 12 33 35 34 42 26 10 80 79 37 58 36 59 12 61 35 49 50 59 4 91 44 41 99 66 63 13 40 1 89 4 63 61 41 1 44 21 70 43 18 39 32 94 85 5 4 80 36 38 56 84 98 81 76 86 24 62 52 38 3 34 51 56 11 11 63 20 9 61 34 22 63 99 9 16 42 36 93 76 27 2 4 69
74 26 56 18 57 46 81 60 85 53 71 12 62 26 43 75 6 38 80 77 26 3 18 6 21 23 66 15 41 40 33 17 77 87 46 27 48 19 45 75 5 35 28 66 16 81 28 4 38 19 81 27 12 33 25 86 84 51 63 20 41 93 44 94 12 26 70 69 27 36 55 85 17 6 49 78 71 9 90 6 23 47 99 7 19 52 98 8 7 62 99 92 7 94 83 83 40
96 91
21 37 44 4 66 14 79 74 4 75 27 83 29 38 71 41 11 73 39 48 59 11 45 53 91 30 43 5 36 52 57 52 12 28 50 16 18 12 44 43 77 79 66 46 40 1 60 71 25 72 14 60 51 3 17 75 65 55 7 41 27 64 60 38 20 45 6 16 88 84 23 69 57 20 89 11 22 77 37 57 1 20 11 34 12 30 65 63 78 13 16 8 20 8 66 70
56 15 10 82 88 10 15 42 22 13 56 29 56 33 58 43 27 87 65 59 48 57 24 65 48 7 84 29 65 22 84 34 9 70 8 33 8 52 89 77 46 67 53 74 10 36 83 72 2 31 34 13 90 58 53 41 32 68 12 67 23 82 20 65 71 35 11 27 77 70 11 85 90 65 90 26 9 21 64 80 51 76 73 81 90 85 91 29 43 57 21 53 23 5 65 68
93 97
40 16 41 39 79 66 5 3 64 92 39 46 45 46 62 74 3 28 24 23 79 56 2 48 45 11 51 90 80 95 52 30 13 18 9 6 11 56 10 3 62 40 4 52 34 1 7 32 5 74 23 97 22 58 60 22 20 81 90 46 10 77 40 55 73 87 26 32 77 85 17 10 63 24 84 60 65 86 78 17 49 19 24 34 33 97 7 25 7 47 92 48 42
73 13 39 29 11 45 46 40 27 9 55 52 21 68 52 14 29 10 36 52 39 87 1 4 10 85 5 38 65 26 5 4 90 77 7 5 54 36 35 15 45 41 29 9 45 27 47 22 38 97 80 27 81 57 41 6 9 67 32 81 89 70 68 69 15 70 62 3 27 84 25 56 15 79 50 46 62 67 69 76 15 56 55 90 23 88 84 40 82 91 84 67 94
98 90
78 56 79 49 34 45 69 52 58 21 67 6 84 59 51 28 58 78 43 41 52 80 7 80 62 44 43 42 65 90 85 57 55 86 68 55 10 9 84 38 82 47 81 49 50 35 19 36 33 56 47 53 24 84 33 56 26 26 24 2 19 79 72 21 85 41 50 35 38 38 79 61 24 18 33 83 11 42 87 46 11 65 50 83 23 28 71 14 65 7 28 21 37 12 66 23 72 40
50 66 44 23 4 28 64 35 15 37 23 38 15 80 69 13 25 58 8 68 82 45 82 48 26 15 52 16 58 10 41 82 39 89 4 20 71 15 55 83 40 26 46 23 52 59 69 23 68 66 58 45 58 68 12 82 69 5 12 33 58 48 48 26 73 18 69 11 12 31 78 74 8 43 14 44 40 8 64 49 33 38 12 1 62 64 47 40 21 12 11 43 43 6 39 81 79 5
99 95
91 90 43 54 86 52 91 17 46 58 54 63 92 7 95 1 20 52 57 62 35 92 90 2 86 63 16 6 76 58 44 33 3 12 32 63 92 87 95 46 21 72 24 77 73 41 49 10 93 52 85 80 67 33 53 36 45 27 89 6 36 9 56 41 26 24 49 9 70 60 2 37 94 42 17 3 94 80 77 1 53 62 78 21 6 31 88 95 21 15 48 63 39 80 73 52 77 2 80
89 11 83 40 6 34 84 59 36 82 65 70 44 88 59 53 14 28 26 51 27 74 73 28 1 65 66 45 13 37 38 48 65 26 49 25 2 15 87 14 82 23 62 8 56 80 19 49 46 39 67 48 38 69 16 8 52 30 46 22 5 34 77 89 90 67 65 94 69 89 26 93 46 15 22 21 65 16 80 73 71 61 62 44 87 1 32 2 75 68 37 7 89 72 62 80 39 1 67
94 97
39 80 49 30 80 89 10 91 16 94 46 87 8 26 95 60 83 7 43 31 18 56 3 23 35 84 11 35 9 68 45 37 26 82 96 68 52 68 75 16 90 24 47 79 32 33 92 86 27 33 32 56 88 52 31 65 83 42 2 45 37 24 57 41 37 82 3 86 20 56 77 65 69 51 6 47 43 60 15 94 6 92 63 86 6 54 56 77 81 63 14 49 27 2
16 25 89 60 56 36 49 66 4 43 53 50 77 47 67 69 67 47 41 12 30 97 22 2 54 87 34 87 60 79 79 52 80 58 31 27 37 58 72 28 24 70 35 19 83 59 53 87 13 32 2 5 59 61 82 23 97 13 35 42 79 3 31 42 61 4 83 63 14 81 86 14 27 37 66 75 65 8 30 13 82 18 83 3 65 94 7 31 7 71 11 41 15 87
95 98
68 97 66 52 81 79 25 30 12 62 41 76 78 25 14 87 25 55 56 25 5 1 59 3 84 15 17 88 56 36 7 9 47 77 14 97 56 9 40 59 24 7 48 17 12 30 36 8 65 14 20 91 87 63 80 54 5 56 98 13 71 76 41 39 54 48 55 39 74 33 39 56 6 65 55 50 6 62 87 21 92 53 39 55 47 50 29 96 75 85 78 29 29 28 41
44 85 49 86 40 61 24 96 16 2 27 29 73 11 44 70 40 79 4 34 55 96 42 50 27 7 27 42 50 97 47 27 20 70 38 70 77 79 10 26 15 50 71 54 3 96 57 92 2 98 34 54 63 72 85 56 51 87 90 68 64 83 8 78 27 32 29 19 28 31 77 48 2 29 64 77 74 27 77 86 61 70 76 36 68 40 60 33 84 65 34 24 74 46 70
98 93
26 6 79 7 73 30 75 19 9 34 81 53 68 50 8 8 92 39 47 8 35 9 49 68 42 19 4 9 26 69 65 87 76 42 18 55 83 62 25 74 61 26 54 69 3 61 51 51 45 41 76 43 87 20 2 38 53 43 4 92 61 23 77 13 55 79 5 72 85 66 36 44 78 54 57 21 36 63 86 34 81 14 74 33 12 3 1 41 91 7 33 25 25 79 5 91 50 75
87 92 13 66 82 70 38 22 40 25 72 70 64 28 35 35 12 7 20 1 3 85 23 71 7 69 33 7 44 76 59 6 16 73 9 31 46 23 30 2 55 93 69 57 71 39 60 80 60 21 27 71 82 61 26 39 72 45 69 27 57 62 80 11 4 30 48 92 72 51 89 68 87 84 27 34 53 88 57 74 26 28 6 59 67 92 88 85 30 42 35 5 73 65 26 35 54 83
98 92
74 39 13 70 6 24 62 2 47 12 73 52 42 7 51 11 31 62 25 56 11 87 83 22 19 36 59 44 88 61 5 53 48 83 60 73 1 77 70 69 29 69 20 13 1 31 48 64 3 56 19 67 22 4 34 26 86 80 6 90 66 81 54 17 24 50 9 6 76 44 86 49 5 41 8 90 57 55 74 1 13 65 5 53 61 9 60 91 12 53 39 3 12 21 30 86 13 46
10 75 75 29 81 71 87 84 61 23 56 57 24 74 49 85 89 5 54 7 92 86 21 21 9 48 36 32 86 76 27 82 19 4 36 22 40 31 83 29 47 47 19 37 73 56 91 73 68 75 72 68 39 90 71 5 14 66 5 45 50 86 79 32 41 15 29 16 29 74 44 60 40 37 75 50 70 80 19 70 1 27 16 24 73 54 66 74 33 16 22 12 32 86 1 29 52 73
