100
1 1
2 1
3 3
4 2
5 1
6 3
7 4
8 4
9 2
10 3
11 7
12 2
13 10
14 8
15 10
16 1
17 1
18 4
19 6
20 11
21 13
22 10
23 20
24 15
25 2
26 23
27 1
28 11
29 26
30 12
31 19
32 31
33 3
34 5
35 35
36 16
37 3
38 9
39 6
40 4
41 13
42 7
43 39
44 20
45 45
46 37
47 32
48 19
49 22
50 6
51 34
52 11
53 4
54 49
55 53
56 49
57 33
58 16
59 48
60 1
61 46
62 49
63 6
64 16
65 14
66 27
67 42
68 41
69 52
70 49
71 64
72 46
73 69
74 9
75 36
76 1
77 53
78 27
79 24
80 40
81 76
82 79
83 48
84 12
85 35
86 24
87 57
88 87
89 28
90 38
91 23
92 58
93 5
94 27
95 30
96 70
97 21
98 82
99 68
100 80
