100
9133 2715
5403 1254
38 15
174 145
1568 315
4581 3380
7856 1903
2138 1877
956 684
5386 2579
1607 1314
8652 6660
1781 1209
8818 4292
5834 2656
6333 565
2055 1842
3484 2102
1779 373
2035 459
6902 839
697 4
4624 2686
6886 6515
5027 3780
3728 528
6916 3822
8539 1649
7286 515
4653 4502
1926 970
3985 918
3890 3338
3528 1058
5502 2059
5759 2788
1714 562
848 83
855 90
3980 3414
1179 520
7510 1783
9277 1131
2066 1701
1861 1199
8136 4938
397 7
1735 344
5284 3141
4612 3726
540 25
5219 3040
9309 7902
766 70
8858 3885
707 645
2257 337
865 197
1781 1242
4977 4629
8046 7235
4646 2735
1364 1069
2597 228
8278 4016
78 12
1946 1476
9632 8808
1674 426
5280 2590
9549 6546
6231 4062
9637 5842
8748 1051
4598 7
6754 1676
2948 1251
9672 6079
1502 547
2995 1797
3538 1193
2817 1831
543 214
3825 2227
2664 2612
8587 4329
2504 781
6404 5154
6180 4445
5065 2347
9729 2098
3816 2291
4584 3744
6841 1787
9868 5813
8214 2308
3730 3658
9266 9264
9553 3935
1593 1407
