100
922838276088386455 869507092702991644
913326629674042725 830381783448521848
994046809579558507 364481195389299291
990129629441444741 438450316493779174
951380438590146017 842396940751628125
909239615113053457 938584703418966
929473128212353657 351919289950967772
953469201565014988 307538367664758766
926337812465168659 248916494681716615
924772306120287393 899484338317271172
978330235862385519 734972345036241142
989736244319772020 176185679944990109
990660039673326992 938348133941462406
978189833998978802 330280521078846882
980574519481025187 818270539005904130
960172141592150097 694378994452574204
986611122938265559 162374579391748254
981486694653993184 276834163972205888
998938630824881992 431823278446805896
993765934279197718 322265857883861606
925692958535294401 252653472535210479
928394109728641071 627615384575062585
923793187101461561 474643420520186493
934488944774918558 415724045981916848
946005909220571257 824976772685248283
967125282276221207 78075693615998161
957792365970223812 458310513375258278
941364822736701628 828299387543023821
978567512367371399 429440830850462300
920632760120281366 114301827017672653
956112315585313177 327012275899976057
950601115284286679 838756754798912129
988391592856109641 433682238313764460
999718158739871003 247640552168150441
975134834545999298 200314469657761363
996140144454218353 959326252597913089
923187605654992350 241078119775339891
910306463769411307 825195863670538167
964472298035117157 734446778750741776
940912014948565928 44416781027572135
925623678412018378 452257122235864711
943571745325876720 634972439652781114
929585285850665675 328886239146280582
938420507881997238 587307678482499016
929828921205106332 69332221450185971
916424950605921861 567578794660120603
946038655170246587 574805391049219193
942551826936317513 374064802368132569
918835229698896723 168257584677216594
996749034640363819 305180105412402120
963665891049554069 797794143761115859
919690120830773743 1022346953816565
968453433384787701 958476558529235911
929422392642137479 887102893633217713
931293697004488245 637089380856360666
923904687701919784 634091816853599686
957461391841127340 844593869720640921
988117438892908068 346665657556658420
993903858649571348 117601049535216645
975820392721503130 927517145700428502
998083841304754544 846912572499847527
909145928231125172 722914744060731058
924845887502107918 258045397631201902
985373012555609321 147560043272258551
982748228614379751 814231592814999608
923290313480050341 533370905838502841
995332568631817888 821111845902768412
909367421692175259 187972103787023280
998442015638309213 892868057925780048
937578145149732941 683730791413212578
921366665258620736 284917843624901464
923538446319101145 920666383675968916
988354613905100729 233668236033255624
945041500249713348 379199853288181329
981149543362580775 618037835072468251
931215012484921226 487940411708524554
961781258201709611 49605279266277865
968090472100944833 99847921080146074
908809341642118710 633355521584702090
961158145492542742 567331038348179929
957978162190610707 609731307228570590
997752867993470102 409359373440974325
939074840157266914 391610979038980124
992028008868009873 505273254681565896
915933721880851458 416123017008451275
926700732744850848 142682817731786411
944976919905940619 428755932078271292
954556438885552179 850900723236722135
960242947084342134 468040550128591986
922114340206919512 23067525711436642
997724796080134319 928292568993021994
940812761250031532 6689135322748405
932957902670023535 103095930834252234
982197635991071665 580179938050936491
950140615493840724 215943633728420267
996270800756959841 883225664188070835
991702850956376879 596415753508953623
924837294583232936 885905910145682938
995368246612618056 695449443031883031
907750832042461075 316558364487577146
