100
8665 2850
6620 2909
3023 1111
5105 2783
6390 4415
1780 898
1812 740
3036 1192
2028 433
5114 1497
6093 3102
1258 298
6849 4445
6652 528
2515 82
4286 1412
5534 3860
4640 48
3747 367
8104 4673
6742 4123
5701 1917
3069 2070
9088 8476
4661 1412
4522 1991
7371 4942
2285 874
882 127
4499 4453
6173 4261
1417 866
6881 3881
2169 676
9142 6533
4173 981
3028 213
2423 2116
8727 1432
3301 2499
3878 1984
9789 1830
5934 4306
2581 2409
5562 2565
1715 853
5393 4467
1075 435
4361 4204
4218 1641
4729 1166
3598 1391
5255 1706
6766 3143
9545 4072
397 106
7517 7482
9335 6327
4114 3882
4858 162
5013 2192
103 78
4366 1244
1331 294
2000 78
2999 2700
8470 4650
7835 1013
2584 62
615 58
9461 4008
1534 1085
3073 2205
5637 1107
4924 2296
9434 189
5847 5385
8056 1718
8634 1858
5704 4021
5042 1912
4541 537
8874 2404
2181 938
799 600
1837 177
3049 12
3299 343
7427 7274
90 85
292 175
5095 2941
9688 195
927 399
9190 759
839 682
7167 1343
2181 1278
6168 1919
6390 2484
