100
37 15
20 19
6 4
88 55
47 45
8 8
10 5
8 4
12 4
63 17
98 42
2 1
46 33
76 38
13 11
51 23
72 63
34 30
5 3
5 3
78 33
52 36
100 73
45 42
28 22
8 5
36 12
33 9
74 54
8 1
12 1
19 11
71 67
17 8
21 13
26 12
44 15
16 4
29 16
35 12
56 16
87 1
65 28
23 13
35 17
9 7
29 4
81 13
64 1
69 64
34 20
59 17
30 25
60 11
99 43
97 63
16 2
67 17
30 7
86 33
51 13
22 2
92 8
39 31
61 3
82 76
9 6
44 36
61 42
27 14
78 57
94 48
80 22
3 1
58 6
81 43
100 90
48 37
30 27
31 10
29 2
84 20
72 14
5 2
4 3
11 8
97 17
44 4
83 24
65 54
77 68
66 39
85 84
24 4
21 9
91 87
13 12
21 5
56 21
5 1
