995483662574619420
976492090226813855
979250810048992415
971843924141112532
927972012962392705
979662718462391517
967661928827210074
947732647100026440
982328643299531230
949147257812585486
900610691520511414
962028137446814180
947265869273991828
974360227872271604
983149544136247090
901569087421231288
925139437862555440
959609273166421183
919050268584086957
927294502673334043
989138263409921280
949774160441116865
949652452288382995
944095039443810794
952718397184315516
923594829800470213
964991404549309817
952778777040706614
906488487372582338
909396337948741434
921455827100015060
949275601197235149
941498187113809860
974615278750398895
959712783275553757
926389450118762621
989945899119747302
904074784792633993
942930062683313145
931276544361804759
929558077218876666
928780759461244844
911321397428314436
960863403860427281
923883118363933631
988123789285213199
932302922028011965
992145453722713346
980430101776972958
906522289817778413
908344190397081261
910295421140305252
944333670882435671
969062486493071201
978396519930576013
994540800309037244
948440242032726555
933676971085294829
936724972824255224
966624426767649916
999412075907187461
948230759934025032
908914464847147366
995900982310102713
927892941880260185
994103178188800520
902462099129968375
932193975570685603
914558343217195374
951366104133219629
993158586879329982
979626228298853291
934515923317688141
987592032676245075
932362780385251564
934070012703005244
979764321654887864
990489817731692413
994036603944581154
935212817775297161
944383013049156102
977928972613489627
970290084450397051
985758889071058825
961785125727303978
960558866042902204
924087391647516775
921718550049385917
995344664968317773
978012841120464705
906216995473835348
995120126359262399
954664155894215964
929160734390341957
984579754126638042
916523220260686231
903996075847764756
988187240261805000
939932029452165980
984567153783916467
