100
5160 610
143 103
6296 1890
7824 6367
1627 17
9318 2591
1813 1625
6511 4764
2572 2290
4177 2450
4621 2278
8499 2129
6554 5156
6213 1750
686 667
4056 775
2146 2066
6686 3758
8675 2844
4921 2493
6872 2372
5738 3576
3442 794
6847 4625
4565 465
9258 2789
3522 2720
9451 5439
8225 2003
3213 859
8117 7315
3789 3323
6749 2718
3042 3001
5845 2
5597 5247
7562 5906
8875 1567
7247 6992
1622 1198
7829 6945
5355 496
2385 1560
1709 1650
5819 2501
1558 467
980 136
7863 1877
5477 504
376 347
7353 4249
4447 3675
8229 371
6249 5843
8918 2765
1752 1708
3590 474
5493 106
8473 3057
3614 2363
3418 3102
9355 8694
8403 4444
5343 4586
4811 4591
9897 4933
2649 936
9336 3013
5641 815
6642 3131
3487 3355
5263 1528
6162 2085
3327 996
4602 622
5914 5831
5330 4726
3404 141
3203 1823
9777 5895
8885 5917
3216 2542
8590 6554
787 13
8410 7305
7874 725
4904 1369
4375 3954
619 364
3387 1963
5605 4906
4125 518
5312 1084
3048 115
9786 4224
2857 992
3939 400
9321 700
7484 2441
8950 1718
