231404280204858868
604260561677975536
91157536015294405
744223159671771821
90477681545872070
841195158958633966
899997455332951677
924743590436372163
24116367765188166
75488528136494208
795403827093576536
175402514600476718
756759546230485859
757923798382000950
376946457467243972
98122192930449277
794613290256480584
113013038782997053
285570906464098400
659362663811091855
685055922594577246
369198499054067325
877742116460459260
34873505205234098
204717163319194548
131206060629014653
679113994353873149
471720733967507537
596044451145240617
13204181117814983
258593728002637504
561550529137622275
61641075779607192
561982268207890395
867038529857613667
127122797877833399
814070359257890250
187979987429574516
358769767119683445
131711799053590096
57310742101365945
472150808335313397
216803188576397790
534672356835161880
785774248558341734
433233044131059715
343984338252940236
554487981546677115
738580595677160563
617127603512895534
96304589884591578
478660688423758989
345204235506333328
748924061458592833
803388466326016775
502268026091642566
56260777853903104
728050278937914822
640358145005382898
534273139810653966
641515149229382246
953433358234103113
659089509700704843
808238930473631061
522155101567124051
189484629864306661
369682940777268040
340288532518545768
186841467666523758
491104897183689650
822368722840600083
62571226346947742
685856884150536387
162680345280441907
176863920278629572
931916990833333348
464777330707857542
512612308511214194
823647733769350781
67731933938074641
562764137853942259
562293021697219291
370225855228488622
484676353559194078
375158789980052311
41482050065137138
733774642527191402
805289112866697263
837597229328439157
61036557659643794
221019158750648023
681991965927794093
26950149871462964
649177462772476675
24871949961802264
697494965225904454
62653977255103962
690312919572837449
806836632058576664
494421020415211530
