100
978327411588010047 599679845339909164
960906033947803755 546081750342879798
980408282479721961 804976243304461824
936700364112788188 213026731968512195
921309050964870859 595320601446006087
994569101856645857 100722809354427419
987917199730224072 558331687773608891
952189161705529411 606005968794146738
922696435183608934 677872235151550886
945113053739958413 379496495950176209
909448359162493205 306839718736609604
937096467962975775 164042536193825876
948911298963382303 369722964378715991
959509972530769461 896997806238179104
935813355710583396 238642105490300017
955650603795199817 546206406748185244
942724443690394747 22697600743252701
900900604251458569 307196683732612881
911700659797340218 140727404388139353
926377103723954117 759972119738949919
984334184748244039 551337349281441498
922721189275390729 43225362680531003
908158168624808782 107909714332854326
927030052535047283 901886762191920325
943306585322322798 13236752376835678
994719642615531584 241693028926703120
916340995614956261 401353131571496783
944341709421041188 922965862391795555
909435717921978055 624385861215107577
919180207882560336 674475754498285680
995274000984434808 129247101735991093
991310897708649246 3352497651489312
912034048256427504 522585372852951549
998521386737874144 6288845477414010
944809412446150573 681680597829066912
901709082419366310 65198986214007669
980833145904561678 58983267111216935
963033260722252977 153431741643667923
995527066208922935 269941732712375247
943682022393386176 262407807238565877
909847518144883139 106814742975075553
943056497988410793 372265185098932882
919141864656672903 180866246282974585
934863451697743774 858597828149185663
973753252064864567 800700816673342941
911250639987380877 782463759350338337
965794768790950591 910083406667804585
965177391038464613 588542595547221924
945288998420939207 768433462918053095
969538300479896583 914233802121604659
920544116928472849 706845492485049607
958325309209345768 742682870107277278
917321603043656783 5593104485117880
937650220591273604 862330987357792411
954351161164586693 945432292122449189
971543446287491726 120144984590855584
902763624265466818 778227103365955585
941679175438737189 732608282857982575
981522563702309074 576164800538146911
953585646098130524 619406419095784053
965317277788938666 775874339352948464
921659605832889082 183463305434033144
976988870280571302 510173297162666117
995562752894554678 851417593566205014
917000540685707880 612703820056762639
916328584812173827 643331123378720997
968130385223262463 394320189105097907
982894732919175620 533026072242272069
932975109730613254 211505610271310631
970181280205768832 421227274307436815
981831074423520327 381277814385312535
962206977686064289 383075047622822918
929593687307890249 899665694225948369
995686615537360581 377075735285474275
988687393863572130 635903680397373381
947429687164958933 312873013610535990
905253782268579440 781681990766152430
973723539627088343 231519997013051712
914739547388732173 560790956355516459
966418940380500157 810023503836093979
971188605631651101 98323301992071629
930574079881581544 412209481960274216
965915265151149226 479748556353376366
924880531276020880 22581794558350507
977475931264552554 115027257670461187
991129238013922171 285453424635195553
989420621362658495 579699940100883711
911595575389486332 301572528145780732
991289765640227440 306731702170877917
922992082151444308 751339534386706062
931186760338950910 552760596132509525
950331814395425761 72021146584177598
963388761129643690 870395980231241481
989112219906297950 636420940656338814
950200474121407640 803603119730245094
929121589271188462 669700666380558782
949043869442750688 516132621106978101
923707852651422564 364874382067225646
962884689866994048 771193993186006121
937879612736221867 761953735032516655
