100
576461924185960884 556605397385938113
316255732389249775 157317143227169970
453360696893236884 415765708235066364
748438602149756076 239451322623852025
216678827539805906 143854254963241908
325477588153270252 190006927346330830
76036854130955321 10585098233019866
987632634794069304 707712610292908368
927171423730087296 114526017362308566
17902418306569813 55073332331963
592493008167924845 316455436314164541
56231590306338805 16472175128047638
537845546769590646 231914911532312444
132275252905840061 83628949285572419
842878028259604992 113433910429021696
704127013386944426 665584778670766697
359952546904616883 345216327500855262
634147076436294077 617543530388201662
736625463526885819 423161597953046067
829977730315079382 112349411719839468
773451407267359738 52056310978794167
813225599136281175 448320779119284562
263880292887664007 212396568393419227
635764386291697374 86427118717610667
421559014510608343 62855168943117284
833039625985630738 347275951798255907
78337808706401922 72939579266862033
399578469485233956 291063840853995185
258824931213308492 21774499157333414
980757037012040866 805647887673296944
626808433433083492 543720634207492534
128452306748194401 45924611034963428
58969131855476751 31686483319953441
2655621516650111 325371364944250
55206515488545464 27265327266137602
454743103563531560 286749707559243119
675432844338828922 653503511968959540
662415492239328650 320070907757979446
216774177605114589 26937444013409738
710430427006011162 684068837691559390
890519759607874858 741585265056549074
647006088988412066 594277703891777825
573574185146866310 323073953750012487
951788672174254228 675574871135374032
842200070906810527 425255860559805499
17849079902054896 2217692251900157
968452464843475295 480697830784485689
716464460447939183 392644413343775004
945118801246633639 740049937435253443
688722209735584202 291494816295446401
78348400627313521 47691191236927848
191288259927376643 111104574155182536
998068630150856031 104842067662145144
947182399349107287 780103685030141550
911412159676527661 94725299530370102
218649105124794669 145240024148826543
621113227835726582 40634443983860635
381036190753179391 251537394203642369
969628355652117027 32215324558910374
194239673930256258 166245140738474610
246060782538318276 131898278045326434
925538602399951345 122547192630730985
735922686300856493 43520413870663603
346408648713055670 258453503092852643
204600598151208536 29554581486667371
655310997066114591 43621725667086825
590733904597115170 517539171606262342
898380804555177714 348288229048008246
853461791316303045 789656617158969975
943979054513744403 34025203590248646
891594003899354417 353693601476748381
921434117013179000 481224105698797145
587250465203252633 505581364240300350
364944483137641013 5381142276573837
336308855630152826 191245729066038718
540642447208384046 166718653482727613
522379772873364945 118084765345014933
124992102324783988 110030641020464035
797606299957322639 406794896423639787
951259595702007354 731283120552382669
882533304774113527 375270657747207191
546052588641929078 478230701027752487
58985921397913373 7906535585880007
735600386714074434 368130026863418909
572056309158447368 392681591685186301
155262243137210058 57329515801403673
847917833308042617 374895193724932976
572488387947634241 347009574244193258
313398926175986152 212685995203423701
570036675311622905 282670186177429364
468637597277456201 111495745794760394
425017902555482811 362178109722225829
544098931074950239 462145209417056409
460574886528009410 293066643267472387
731937847288346996 486162819526328743
119242221511874033 55101822990368508
621569125222914546 155968376413652172
187742112383936565 186885064618386429
301386625101125137 14045364680125789
279029658487358376 12300803506736694
