55944027327124801
318650888659237487
318380365631563840
629751662699272354
800560262022614883
208671386299327791
263423696511262856
335736350560243656
59609274370993760
76201082768475863
109178014173306766
199096642430501985
242704854823867013
47189656963742563
259965618471486141
319916898672427746
806478241216639820
49275601319247335
149230555066399960
52778902448425023
16299131950395717
171720250976782845
139885202619389227
422661364916671196
120783731455406120
423646836539600830
95532471849516512
352495152709607944
175284427764250656
26089160227617911
58731070089769519
138124976105243569
193760970023692558
211243060090060050
242678995728759714
644703203451170286
23975244974404445
190883441949561093
4024247033147218
25683052066609815
318504913397568982
87592034078635818
146486124872810246
140851272835449157
155857944027285998
171517782384758725
307699362984604229
21718547929331423
312051364311318433
23780031852522080
58321465188870307
66092891651933388
15340187586377374
432613019297348284
40831195012691877
128644323405474194
441075442953832855
301823331940358756
530109814654700185
44052612076397542
508546700182326180
28050672024172742
33722988944379955
35796765367697991
8678029988999542
6796491108203513
414907016706302065
338194261869694313
127974341640982460
98290764346378663
147848598759181186
153536654004607703
24936878891736734
3186421877446668
120652287882389074
14506781176880945
333420868278786330
283935296602182592
479023398619502104
28957016700947639
7560264518547379
77090326542381412
496771476185778559
547371337849436487
48730289307668197
73315276020962638
69868139000997766
567289124193663744
881985519772753757
52994999556637411
188020391284037976
282085428074890736
19740017276277231
178168074144670731
255799681467655515
446424413649617331
106713077696795089
192794717748395761
23876658313072759
138754620299224054
