100
967940508105907676 782959511604968377
913579853089967820 674238201573088665
960971101114182391 769020697621517807
918490622157040361 684059739707233747
929919699078426729 706917893550006483
960451862591991549 767982220577136123
945485272193548488 738049039780250001
972363260661425685 791805016716004395
979586391895503515 806251279184160055
932019607838198589 711117711069550203
959223608270551882 765525711934256789
927028395939699843 701135287272552711
945131289373733103 737341074140619231
907957894420611848 662994284234376721
911652726413824916 670383948220802857
940854645629248183 728787786651649391
952116048979735955 751310593352624935
923369086444394820 693816668281942665
942636643627586265 732351782648325555
993683409956212803 834445315305578631
926987001288503810 701052497970160645
920148693965589508 687375883324332041
903747919788673242 654574334970499509
949387921679704212 745854338752561449
982177299387137428 811433094167427881
990012951589685477 827104398572523979
955595432617263357 758269360627679739
940646594051964004 728371683497081033
931120339576933778 709319174547020581
942005456789097244 731089408971347513
978376816435282534 803832128263718093
963991905882262089 775062307157677203
978328309950271550 803735115293696125
959754215768915704 766586926930984433
940121819268814011 727322133930781047
926127730545740082 699333956484633189
904705954788154299 656490404969461623
941546491322749920 730171478038652865
944386933888921632 735852363170996289
977407564468677608 801893624330508241
994995477875139672 837069451143432369
959179384465975065 765437264325103155
933778653385674342 714635802164501709
973055884063272209 793190263519697443
956767585695160238 760613666783473501
969475580056900741 786029655506954507
906880292604426322 660839080602005669
950002034218416272 747082563829985569
921544828543876076 690168152480905177
987689145844180009 822456787081513043
958976757768212259 765032010929577543
957070750802544624 761219996998242273
982682205029777218 812442905452707461
960431088254100538 767940671901354101
994234916361378756 835548328115910537
901966174085032942 651010843563218909
980682901201021493 808444297795196011
940203394183521432 727485283760195889
917448370192637108 681975235778427241
912810823686076089 672700142765305203
905031395033742236 657141285460637497
927909034179559636 702896563752272297
947294700994683792 741667897382520609
951064159167088115 749206813727329255
960558968298064722 768196431989282469
926809094058039909 700696683509232843
989582510114577884 826243515622308793
941143768765627089 729366032924407203
955481667566989927 758041830527132879
931005796365357583 709090088123868191
979941014855102973 806960525103358971
955521170144499185 758120835682151395
978105057919881786 803288611232916597
972171475279825338 791421445952803701
954740966340101339 756560428073355703
957280103789736625 761638702972626275
936550407059200755 720179309511554535
999728087312660161 846534670018473347
950021997134750958 747122489662654941
992510747990706430 832099991374565885
959984055276339343 767046605945831711
952135513896888042 751349523186929109
925701659906564215 698481815206281455
975169222024427178 797416939442007381
956525859651768694 760130214696690413
943721881538680601 734522258470514227
915876428355139243 678831352103431511
995791980898902276 838662457190957577
957418965070219619 761916425533592263
986188888863119544 819456273119392113
968949919935205068 784978335263563161
983456626809052158 813991749011257341
980222614412338423 807523724217829871
904270936511308444 655620368415769913
909666127741620833 666410750876394691
966915198070307376 780908891533767777
932945797002217851 712970089397588727
913722116845862296 674522729084877617
975985917821988902 799050331037130829
910003333184981541 667085161763116107
