1
91 625
250 249 117 60
235 220 101 45 181 246 155 78 8 163 130 57 234 112 234 179 225 113 224 183 194 203 137 143 30 112 192 235 201 8 235 151 69 11 199 229 102 38 119 98 216 42 51 128 138 216 93 203 58 100 148 207 64 128 28 37 66 162 158 35 190 222 148 74 181 125 170 231 228 166 202 147 11 77 233 186 178 148 238 84 246 102 62 158 19 116 145 242 167 203 3
117 206
206 58
58 208
208 198
198 159
159 231
231 94
94 50
50 110
110 238
238 168
168 79
79 27
27 105
105 74
74 178
178 135
135 104
104 32
32 224
224 14
14 52
52 222
222 62
62 142
142 83
83 221
221 143
143 173
173 115
115 152
152 121
121 149
149 181
181 243
243 160
160 139
139 150
150 140
140 68
68 197
197 162
162 141
141 23
23 163
163 19
19 20
20 237
237 167
167 86
86 161
161 6
6 211
211 226
226 46
46 229
229 194
194 28
28 212
212 207
207 244
244 2
2 233
233 108
108 15
15 133
133 18
18 213
213 90
90 55
55 111
111 230
230 188
188 112
112 93
93 196
196 99
99 39
39 73
73 203
203 166
166 205
205 246
246 216
216 172
172 96
96 180
180 138
138 191
191 118
118 61
61 185
185 176
176 193
193 122
122 40
40 87
87 11
11 164
164 241
241 44
44 106
106 45
45 202
202 245
245 214
214 174
174 228
228 57
57 38
38 126
126 201
201 109
109 124
124 151
151 236
236 49
49 234
234 120
120 250
250 215
215 190
190 220
220 153
153 30
30 31
31 157
157 240
240 200
200 184
184 119
119 8
8 26
26 92
92 81
81 175
175 131
131 70
70 7
7 169
169 183
183 5
5 125
125 42
42 22
22 43
43 100
100 82
82 247
247 192
192 65
65 156
156 130
130 195
195 204
204 95
95 134
134 97
97 56
56 53
53 227
227 186
186 127
127 145
145 165
165 75
75 91
91 98
98 4
4 69
69 171
171 47
47 9
9 235
235 155
155 10
10 64
64 21
21 158
158 223
223 239
239 63
63 48
48 3
3 78
78 179
179 182
182 66
66 148
148 103
103 249
249 12
12 29
29 13
13 84
84 219
219 154
154 36
36 217
217 54
54 107
107 136
136 25
25 85
85 218
218 80
80 24
24 76
76 242
242 147
147 210
210 137
137 177
177 114
114 33
33 16
16 89
89 128
128 59
59 37
37 88
88 144
144 34
34 199
199 67
67 113
113 102
102 129
129 189
189 41
41 123
123 116
116 225
225 77
77 132
132 232
232 51
51 146
146 72
72 35
35 187
187 248
248 101
101 170
170 209
209 17
17 71
71 1
1 60
