100
7303789613213897290016313247367147214708600671152629175202179461631 66295174231523175858400676587836701821645874554334753942558209
809206739470449617408116914821337717719711353239150247 735523689494907931009059813685316403260607542890844389836048053496724281245443899214
866912244333301416410056486826 54536063106056652842640498212048356521970205414996673651343509167840755733750
9278192931 669486232853064744652161470101239736482583254167709708093320693158839958539441917682
291504034109344581445982195043031006149723534367721292979176862808624154640 717887391089464151118638
34842607685469622179500842723489234088654485819061392 7578104251565113138443487519269461247555
428983498721741099554159986 755295235093002327385
862080105146067541425207924920553499356908694876487863737504928771806527 28851559938270314108878511
97564746044858531399756169755239435627882473054789778132129763076149305819984710 8172111193990
31854 6240483494909976072479888639442920810005230646537895586470534654981600125921414039818813972693672203
2903887070134256653768176862478680578059 27422580080297844390835044132
113151 348630187223
5936698833950802924667675275296189049408703817355399943220193928816487 80
33428216575656027117721284292198599410456426770679473665092381417982132842972 72955923323823854947346302194427733697066540302228238872007818502452104498418
4051237025287935563842491501410616611680 1334
7 46947017734075113957
7041128093018331710108963402747576458761691505102535662 47650665091159364493507894492844864439687197115295679060914715357087972807601712
98850038682034237479898304215325029466506845933853535174641097610688859755971866524144330 548562632256127895969377167983975
67984394 6916808766178683419022678869821764583187743623909196142620089687944085927737805239268910
5508863345457998884374326843353497965752678152371805319698101869494739119943962426013297672654445 50022621815
11600808237 8968426310222015733163502197773126165505744399365158898299887441453975965846762
48580543118419485 17597965607473745984973
66807644791875062364341747642666678 7535695374041652392378141886355216640783820420985644206259510010
48502904079005250855917104132919729491821676074499529357538917425649270 1702258750881413282518257055498202361941828203814873939672506799764469568449821989679937046521
595278922624966872998024786554873892524219654684597459001375359060877212821366 93077988227304380256290529003553404018014085544904344834815400389923321664537170869281628
1262224272 56546679847885665329678725871699244605619586711276064734784778318702510756411370998036
98206638938406021607067571172882597167208696816327090561336777084153841622043610474498 653784911584902573562483900522668578826386915059064552114849775
8468047680354146236148451145779785764968423315143 577395227624187865615180555246111436441275181353025360550800353095266876890041018412958006220234
452316649251827326128831411658974561820610217817819461773077038868283886831291688793107011767144158 3563355985161601439273934395996831837739748254529401354756990709233113004720195338
899964571920454626514690852978481192266682425496958903800 785409253249304601184095843432672292405294983987452741289206894347025255046634060704607687840605
20604032275927869987175367689 99
983808734271130828942276235532 13043498975324833717784570217377336277398200310374879934330233457840882823540941314107726178505
705478428239489838682214480682541514309738021940289102196126770679518075441596 8410495288695026295125670098428113
52579257836109813428749 9702820456965
166 3151950423572835952251026600666290423019
577232128269794854684412500487008954209450395256575261444792748842491306569113330898 7911646247476063793856717110297227599407747394118208131884683596626894669784193148374
988997008758718820392144782910009024649190583354034003179979549724103319885525 24515062470325152651849278027278013313663369426453
2028760559953034528515961285615943878112755 784275324579354006980956213388218232048
28062127865339419 76643565789912165474672877
545633050945789109883965019479285292684243241402008784518157349374740707420777196896873674930 6302546506430012666827148
44132432398789026918668784 70602876053325257689738002198556865300835336156736951445671509255404
3879332541935656605722574331381322488935131947388270710651864332345051728199712009524858884720 8612741640546225442470338652185802323817039194126866972094572703118579404
1668290002068553610279921150958077062544513356623709437323371698532713848141598539404224850 34964756393689382551778954411488715
81729523595972892811792450085874245386249 280204153742882700888664299736428435350497940470632581590814372
63110507862388769685541526156003329677808289411652690496771415650870146375486 150241127893042228877335320176496640358669681964622943797288519743701515302230
51988079323192829903490797244143872501780159955 5481137499
579538033386169060390867777267689572649586438204051210134128170951855347171573701543170016023 41933870580767247777759874546822282921409840246133777
5531899948704896082796619532246947914575 607902431141819854452324523287556023855745968217990641138952184723179618732891415127091329810
34014179546120283547151784576951123 3465796968135011741098024140508055088409864032447045238773603
965404 740877146087
19964983381429881024358975995450536237947976177770461549059 378257665415918704465924097989675121111275511717716735437796592291097
48900541077835105068304727279942105317347051151625292512600034150225241040290857614872918 187308065103373247563473675071011868484342821838790313
1200765993180371563433388131 8673033298587438204377140325209241778902337927915710046674448249693633932340532489462
7935079305710106989644374630039567383124858199133682704088 4534827195531075199957489136531014309734420754584
766169656234521686369 497829566047965375
8332264272707284960800743506595551021539097588283838561196126890070420751 70149
29073019899725437047186703904248183985621985420974 178142814922116414344492769833516562079
2908910 9132780405032779451815539389
1070066201622083557954648337892920846908122739174106479344147873210109504746905099325 0
20922805809103325068033988644830325304967100462838044000890946310 4046422345852460768012552706600450286907855894595198869529473527388888702964167900707472
585 9975691609575414292412903786750120557135173845872
61392654155287615379517041478502914457662684709960203193644374793075654790135046851 79508037773846102665001239047084194230568729
21479980797902400637806697689312 6050705185411
9273656201680201036834212855948579401 836165762271132332384857848197309332177593696257614187254121886205818363777382288630113833573161086
326567892631072714997205118445943490957145312756882 1991983663057511875276686337549292379970467302705421947615686632788833130672030600882065591146440
7468829181166 149310798
1289360868171776836285316 5357326404364953577030640762980541400435199115507088417761801731256278454710001836759161
984331526659894464753354996 39400573316196948916285640569905970874409710227688663
17196062006958772308847932397067114449411994509839125033747026035464022978 8950941297689426939746039949423882131483735755195903147773019144860975797
619804980254891993207 2911422231664349147750875569013715405
44395445364392504037943073765007672906988 3545720600231517520404049428463311020833809187167653305
88987346208855625169283164195257964820621110596867636527053251162217150337714489344669548553531 75017028414378423494828566695884118705461709577408070126851308556392692427617407510
507791946029155391382803879961733 36419579693284343293752458837290216358854758772143272639357837028932396131844576655872967981626
4397667358565964441183389977991229673 995973823767379451484544518008
94296571926005182670115630384 14942611237794562761492370324491876050286
51486499194723783086019327277822021289717109595782831918913687337889 24963543722636595327406765642649492408513798659417858134063250736492099481987492
4178841060374556223 706064207260415823217004789102504710149539201970619374293840207505046093392580106688329409414859
750963835896988827678011932805329175694941027735548029142444553108720620631027 16639821487781848255735634345595717268011691612939571970598582565972664658464152225551306076676
95082223030758882317664846601331453773823630776056198164 78442123174060954478684989449985595802474578218168406
765045754426 48
82580263366643586300297287707868166846372653003513935146394307334630 5451717752002371301824007130186251713601002822734
37521437549022235323552645225097228472382426315749775572166843819624 49958975988902890
2477401231638326987334315092171268036594250 9657333083676647447811819387652344654988110348768727618969356584182625846879275161260997842
9081375 2148540702815430460106470088052698238671674
7308318780081511274717737853165185927059359 52588372539762732979138988408742021573962
54177087926671 208170223064188399084800345916711655
6820846577211335553809172052461977 6008210340833617424540470113599225218629517125946051341018039233507294751493249910171252457264027252
979073890225501246595802462370841875185993692 6555097488888135653793880314300215426293
343224150017461312138043666455808488672202579259926096753745526905037055052275560537256329816900 270917024
26324619 356972739566780468013714401200660360822292550479635454824
2332809041094939351943681667974725508100994420906 460814784023383201777071923454597185456337614097899972574867889992132924098546240557313069
9295810256542205679204033430988025493058843018996075036849329372046 6229401540963810558969884144245307592485416233084208347396512158668588905
591658368341779026330627880245294140 25334527029295242263256436171178612197560070747772692627
7521317874581783211167620561691705774374396961245578343642073844623671697839 9888822230776530857116646688309756480297439044789940287053461180485763498580166880715852457387153078
997110495273866119398858354905827059343240605139675 3975112526867854589100475858458077045168845767427676832788057896495323975183238539
8082865606705055604111035144290963217870027172698370597182441774560878054062557439854985884956 46647594487861844933655799
66221309417859920204247474856364687742577974922909762186776 4837994313651701631987998780090964518909631951776215803864875193972981093609725460
83231011099426 1621129279724270893757342519978944906970945465
3606422044927393677074692865249138081219590521121004197126 109949041295173377040238584760330961087680065543476864836
7539514446500583729459248146195481559552157155952781356805178750520234110975740409553706861353 564954994605973937057181059705265464265460620820480457211619912793916031136000820169654705869513
