100
6 0
781860284 90
63456 54
200140887 43
6 1170313
887 29769509
93316 8578870
0 474900491
83338238 247
1523 3
63 295
98457 752120503
351107030 1429
43991072 3601786
860170263 8286129
4 61
52729874 453401939
844207092 96
4253 362
73 0
0 8206374
2000954 69617
28275958 289
5509 1722
7527 0
89139574 95713750
44532 702194231
4519 0
256207 746
23 31999297
7 70572
6885 289964403
42955 250821
6388 5
27759 9956
63 8974501
27 517112
660532598 96690720
280816 560140
9062 0
50 55311824
5 230304
5258437 4415927
3 3
415690 10252493
16 31
251986844 22
456403 2218
659274 35187717
57 809
898788 2709
7303 5897
8436 892
3021 65878
8 53503014
50705654 675893912
73 87631
962 1
4465900 7277
69969709 15563723
5018930 352513602
346081705 351845
67021928 16299345
127358 77287209
261883164 955
0 884311
58609416 57130718
5 9642062
56674717 697107
7956 247
2 217
0 915232524
352111 386484
12338418 722
2094 44407
243517 0
0 19025950
752 330078594
0 91010974
8232674 7474
19 1600624
209279 840504
925685 4634
26 570803
9141366 2179
71835 29965443
7545605 9091
0 8
3260558 873490
16657 74419892
22781 308830
9828537 30440230
3213551 811294631
177 8
36037 455
99 9666268
9 3
16 20
82 5379833
9621828 8508655
