5091133
4353471
4568250
5197174
4827527
4690050
4741119
4833151
4466931
4750827
4945891
4694643
5115236
4845052
4300454
4743183
4351190
5180920
5052649
4947987
5342069
4949835
4790737
4939352
4834667
4655365
4930442
5108102
4577396
5009854
5043886
4336786
5000541
4994875
4689559
4985534
4524615
4470528
4716559
5128114
4445100
5080551
4898981
4774571
4977111
4536974
4679362
4546901
4840992
5130087
4990445
5034126
4673225
5175199
4569676
4765500
5455389
4977829
4791159
4674745
4732051
4271919
4983899
4444859
4684694
4675812
4673235
4791431
4414390
5289507
4296279
4690580
5006154
4873234
4434519
5121960
4635779
4972965
4552843
4714262
5202434
4886288
4561854
4658378
4478676
5087245
4435535
4694529
4746344
4799956
4856343
4866325
5088403
4609477
5073009
4564542
4684495
4884625
5086056
4938415
