1765
1834
2006
1959
1880
1775
2148
1981
1732
1552
1718
1715
1982
1891
1870
1710
1950
1749
2153
1992
1759
1700
2098
1866
1767
1754
1680
1731
1724
1604
1675
1630
1803
1688
1852
1683
1706
2041
1707
1479
1476
1546
1940
1835
1918
1668
1996
1714
1850
1863
1737
2016
2063
1687
1655
2163
1857
1641
1899
1705
1794
1951
2111
1784
1750
1965
1740
1742
2002
1802
1793
2222
1874
1726
1854
2074
1672
1881
1885
1691
1693
1460
1739
1733
1622
1805
1781
1783
1551
1978
1703
1618
1773
1916
1541
1927
1982
1833
1651
2001
