1376709
1256667
1193627
1245824
1417171
1196149
1216335
1245371
1361429
1159473
1152851
1207634
1372575
1347827
1262522
1168280
1270405
1263706
1299731
1234858
1301139
1285671
1288948
1214352
1370546
1217493
1224983
1266956
1266101
1279092
1251572
1214658
1204859
1311502
1206567
1351418
1219250
1270327
1320105
1236380
1372152
1195059
1086210
1241142
1441388
1132081
1233588
1266680
1242006
1183410
1297107
1231209
1189062
1304830
1397310
1352042
1158449
1293690
1313942
1175796
1162149
1280390
1202439
1146090
1289404
1220689
1170042
1334770
1343330
1158563
1242250
1232075
1277428
1290731
1364673
1207715
1330862
1270406
1246369
1262814
1316439
1243032
1319250
1242574
1290263
1312485
1143256
1211985
1108985
1161989
1347652
1210838
1319219
1188333
1354257
1251190
1149265
1380014
1158017
1233684
