100
90 93 1
88 41 43 86 85 84 14 78 14 36 2 65 38 78 38 51 13 77 38 22 23 84 67 61 71 39 10 4 4 61 93 93 86 15 34 7 93 79 69 90 3 5 3 71 5 21 91 49 70 8 39 20 14 44 83 91 10 10 12 76 53 5 39 79 78 19 2 62 85 74 37 14 56 3 59 83 57 2 39 49 85 5 91 70 18 70 70 87 77 11
5 60 4 48 89 74 51 2 89 22 81 1 61 67 52 56 71 87 77 29 22 75 70 35 58 71 55 74 39 19 66 12 16 13 37 64 79 70 84 71 39 8 19 53 16 17 35 74 4 40 65 3 92 91 42 66 87 50 70 68 75 8 35 80 57 57 10 77 74 54 29 34 9 14 49 64 91 51 32 69 23 34 75 79 70 86 52 12 1 49
94 100 1
83 70 9 19 4 35 20 93 2 33 80 12 91 22 72 5 33 40 43 24 52 38 90 53 23 7 29 58 82 17 77 76 54 29 33 79 81 48 67 84 24 30 4 100 79 18 38 36 52 76 76 70 71 56 71 77 28 95 13 79 42 63 2 98 97 1 97 35 19 39 49 56 54 37 22 48 61 46 71 12 81 53 10 19 38 3 86 77 19 45 100 80 25 74
18 60 36 22 36 26 87 34 61 19 3 42 10 20 2 13 9 54 49 16 5 2 89 4 68 34 4 10 89 49 44 15 44 85 43 71 100 5 33 74 47 66 24 11 1 69 87 90 65 26 35 39 74 96 29 32 29 56 28 85 28 67 65 26 30 8 40 21 9 79 39 98 64 55 70 35 49 42 98 95 95 58 87 21 74 12 60 1 15 76 6 29 64 60
94 100 1
13 58 36 37 33 4 70 30 86 100 8 37 97 55 54 23 73 97 100 87 71 28 54 94 5 87 33 50 90 3 94 64 9 70 23 74 71 56 68 73 35 78 16 71 72 92 48 33 16 14 60 52 84 9 6 34 22 25 84 23 36 78 70 77 43 14 7 80 87 98 5 91 37 83 52 66 7 92 3 74 76 79 84 93 95 6 18 67 13 75 66 27 8 88
4 29 24 3 49 96 29 18 99 76 43 74 14 97 85 62 62 98 24 28 59 80 94 8 39 10 63 24 73 4 28 17 95 76 14 14 91 57 85 35 3 3 79 64 19 61 92 19 25 61 70 26 50 73 10 63 14 15 23 27 37 11 35 57 75 54 13 19 19 34 83 30 30 51 43 54 89 10 8 31 51 27 77 26 45 28 64 18 59 74 23 65 55 57
95 95 1
94 73 85 91 42 95 1 80 70 72 12 29 8 79 2 93 50 43 73 43 76 63 83 41 47 30 75 54 46 94 33 50 83 16 86 13 18 11 77 38 21 6 29 87 84 53 28 69 19 45 28 41 75 3 80 25 56 47 61 57 52 30 56 70 6 43 83 25 69 14 23 58 33 74 41 85 71 30 86 32 69 70 19 55 24 13 72 74 48 60 41 27 84 55 72
78 38 28 41 89 68 19 45 20 56 34 63 86 85 29 14 32 41 5 50 38 8 71 34 21 40 51 56 69 63 26 1 82 86 7 39 34 20 71 7 27 63 31 5 11 48 27 70 54 41 36 94 42 54 2 73 53 5 77 3 67 73 30 6 39 78 5 7 60 72 5 65 86 88 18 17 74 83 35 93 87 69 30 34 1 3 41 17 88 67 20 20 10 8 70
96 94 1
33 46 64 35 47 40 3 11 9 69 36 35 2 8 47 43 66 13 80 58 37 22 38 79 4 52 5 32 64 40 88 20 84 25 87 59 93 57 75 54 72 10 85 38 26 54 46 86 88 28 61 15 30 16 70 18 26 89 71 36 90 66 1 64 26 69 74 87 50 73 57 30 77 17 90 16 64 58 84 29 2 58 42 72 80 7 29 16 29 81 65 17 7 1 1 86
26 62 4 82 4 45 58 16 26 30 11 89 30 73 72 73 75 2 92 34 31 90 37 77 94 43 18 22 4 62 38 12 7 55 13 92 24 34 71 15 49 74 40 9 45 27 34 57 37 49 25 84 85 74 26 76 39 33 44 70 24 64 67 7 14 56 79 18 66 53 35 76 24 92 56 78 56 18 48 87 37 41 93 46 11 36 25 75 79 10 55 15 38 2 43 41
90 97 1
54 49 21 27 77 67 40 62 11 13 73 52 1 50 91 56 54 10 6 23 51 74 70 70 31 19 56 92 61 80 18 93 91 87 52 51 41 43 66 31 89 8 58 89 69 85 4 56 53 12 54 44 75 95 60 29 66 20 71 93 56 89 71 92 16 61 63 35 93 16 34 51 95 55 83 84 11 73 54 6 46 23 65 51 19 65 87 55 84 65
16 67 37 15 19 66 42 31 45 47 25 71 17 72 57 63 29 90 45 58 16 15 78 68 64 49 80 88 83 17 90 90 81 33 4 77 74 57 76 19 40 41 66 32 17 61 59 11 28 53 62 52 37 77 84 64 68 91 21 19 90 60 46 76 33 86 97 21 24 84 29 7 65 6 29 31 5 38 65 48 84 20 77 13 92 51 9 30 41 95
94 99 1
77 78 1 12 59 47 41 77 13 20 72 36 53 48 4 59 49 83 93 39 24 96 87 68 72 97 14 13 63 59 19 77 65 23 82 25 68 47 14 75 90 21 34 93 85 18 8 93 96 31 91 61 61 42 7 82 95 86 97 51 75 19 4 72 20 53 32 33 83 8 1 91 27 65 2 58 91 2 36 96 46 96 10 89 47 48 55 17 73 45 62 39 86 34
1 80 84 18 33 46 28 16 49 65 99 34 56 7 51 98 24 63 8 13 52 10 91 37 44 41 42 17 74 29 30 20 35 79 87 54 93 42 17 27 34 12 31 59 5 35 66 44 77 72 66 3 82 97 44 83 91 10 61 60 41 88 25 17 11 80 68 59 47 36 82 27 85 8 44 10 65 62 25 83 51 75 59 70 81 94 57 9 66 93 66 92 26 95
91 98 1
81 41 91 81 41 94 75 30 44 10 73 41 89 90 42 74 44 82 26 86 35 91 40 98 23 18 89 2 64 88 39 53 33 96 33 30 93 34 46 17 11 53 4 64 73 35 57 47 9 41 90 64 98 49 27 19 4 98 55 63 83 64 56 20 36 91 21 24 80 32 46 58 39 36 13 21 22 67 19 27 6 87 36 21 11 28 70 2 87 93 20
70 6 63 91 31 33 97 94 94 92 21 47 16 34 25 27 91 74 4 12 94 70 65 33 81 59 25 22 13 32 96 58 16 51 69 90 53 13 83 80 39 14 22 30 82 4 19 59 31 16 2 10 59 47 22 30 56 14 89 18 85 35 84 74 8 93 98 71 92 29 39 12 12 40 64 78 51 38 51 98 42 93 23 94 75 84 77 68 33 6 44
93 96 1
21 31 34 27 93 31 62 52 16 82 41 1 51 7 18 32 84 58 2 8 74 55 38 23 81 94 77 23 93 7 39 17 95 89 65 51 39 73 64 49 6 19 61 37 48 30 49 67 89 39 19 84 64 10 91 44 67 56 69 85 10 35 73 76 26 29 49 74 89 10 5 50 25 57 94 66 88 78 44 81 47 34 65 14 22 27 28 12 6 65 83 15 66
96 22 48 72 44 15 84 15 52 10 96 52 21 82 71 8 1 12 26 64 17 34 88 40 13 11 63 82 23 86 77 25 96 55 69 88 34 78 25 8 94 5 29 70 53 77 55 51 96 70 36 5 62 31 56 34 59 86 71 53 32 48 77 90 58 69 66 95 34 37 57 44 95 5 9 19 22 48 88 87 9 7 16 23 28 25 88 19 12 39 49 65 52
95 90 1
6 90 43 76 12 16 61 1 77 4 34 71 60 8 3 13 28 4 85 52 81 11 53 71 37 45 57 84 18 88 7 81 16 64 83 60 24 44 53 76 25 38 78 64 58 40 53 57 34 86 61 23 43 46 4 80 22 45 75 61 57 36 64 19 46 53 43 24 24 23 50 2 86 47 75 84 5 12 49 16 83 30 39 90 21 82 86 80 3 22 41 87 39 90 64
85 47 77 52 53 81 38 69 48 54 10 57 46 76 1 55 8 25 23 78 11 76 64 86 87 50 59 9 62 27 90 24 20 72 88 85 86 19 84 36 33 83 40 41 30 85 27 48 69 39 86 88 1 3 22 60 72 65 50 21 42 17 23 21 58 46 20 68 43 5 67 18 51 32 78 25 1 65 34 60 65 58 82 25 64 42 54 50 48 45 30 73 71 71 38
92 97 1
77 79 96 47 73 49 50 59 19 82 26 3 30 48 24 18 36 30 93 26 89 47 26 17 77 20 76 27 59 7 28 14 51 64 46 17 95 32 56 11 14 76 28 70 87 46 95 62 20 58 82 15 51 82 22 90 58 35 61 63 60 13 39 32 10 73 66 96 97 49 47 5 67 90 63 9 79 94 45 74 62 76 41 49 83 76 10 48 61 27 5 88
55 9 55 61 56 14 64 1 45 36 13 66 29 83 41 31 60 34 4 11 69 66 4 82 44 27 53 67 6 91 1 5 84 32 61 63 65 95 88 8 31 85 6 61 58 91 18 82 45 9 88 90 35 70 26 96 74 96 80 42 26 72 64 85 42 50 1 4 92 67 96 17 25 92 70 24 73 91 20 71 88 81 46 39 38 37 2 52 84 8 35 41
91 97 1
60 4 75 56 54 45 12 69 68 89 19 94 68 21 97 86 59 56 38 17 78 78 78 58 61 55 30 80 74 45 75 8 94 54 36 28 13 35 26 90 35 66 89 71 82 65 49 91 48 34 52 40 45 15 6 97 40 72 69 41 60 42 86 17 18 16 13 6 8 40 22 30 65 76 7 13 62 39 78 11 50 71 88 76 10 42 15 59 52 24 17
51 22 83 12 68 76 69 39 27 4 28 19 48 4 43 49 13 14 85 8 27 5 89 41 33 38 1 27 93 10 22 76 48 84 97 25 85 28 24 73 82 55 49 56 38 25 8 14 59 77 47 25 80 38 79 5 31 39 16 50 76 72 15 56 88 75 28 71 38 68 16 54 76 48 37 79 17 16 94 49 38 79 6 84 2 97 56 3 51 14 83
95 90 1
49 63 43 39 64 76 83 58 52 51 45 8 11 20 80 16 52 2 60 54 60 12 41 57 35 19 90 19 40 7 14 72 50 44 60 37 34 80 77 50 21 51 68 49 77 84 4 7 5 69 77 87 89 69 15 52 49 24 18 66 52 40 76 47 32 65 90 29 21 3 17 80 40 59 6 2 35 24 6 90 22 38 24 70 15 68 60 28 55 51 71 52 47 23 40
10 90 54 24 16 5 76 42 9 83 28 11 3 33 4 7 56 37 12 44 23 28 31 24 29 69 44 5 51 36 15 50 29 50 10 68 15 72 21 61 90 42 61 73 84 53 81 5 70 49 87 22 36 50 90 43 3 82 71 12 61 5 38 10 11 62 44 82 73 38 65 79 62 11 89 12 15 77 55 72 84 59 79 71 27 74 48 69 59 82 68 67 21 43 61
90 95 1
44 85 58 67 89 21 95 38 45 5 74 40 57 35 93 51 87 71 92 54 63 59 6 65 25 3 74 52 71 52 67 56 22 79 85 87 23 74 61 41 72 34 75 63 72 84 43 73 84 5 83 30 54 94 77 69 89 73 84 39 51 43 33 2 83 50 45 44 54 88 51 32 85 73 64 26 49 94 85 82 75 48 9 64 37 74 61 13 88 27
11 44 69 31 93 6 5 75 69 49 13 17 54 30 23 61 42 76 18 15 38 26 94 70 36 71 91 63 32 65 74 36 85 87 66 55 45 3 94 22 17 11 92 32 34 91 39 85 47 17 39 7 94 85 51 37 36 78 57 57 21 25 31 12 93 84 22 22 32 87 13 79 1 89 19 87 1 85 31 89 3 76 16 29 26 92 35 15 36 71
91 94 1
81 71 35 88 80 30 52 44 76 67 72 55 25 24 86 92 4 17 10 11 66 79 18 83 14 20 9 81 80 52 1 46 58 58 76 83 69 16 85 25 10 35 68 66 28 27 13 15 44 19 70 56 22 55 32 10 73 9 48 17 8 3 42 70 73 74 91 23 28 78 3 64 41 89 26 20 23 14 82 32 17 46 82 73 5 2 57 11 93 8 48
33 7 32 89 82 4 67 15 14 42 94 52 47 9 44 12 47 18 3 82 85 21 64 7 12 11 24 44 34 4 90 15 50 88 6 29 15 80 71 17 85 86 53 87 33 11 16 68 12 22 81 82 92 10 9 12 60 36 88 46 36 90 41 9 11 16 4 91 16 47 55 36 86 22 8 41 39 58 5 30 86 1 42 59 15 29 63 31 58 71 24
96 91 1
59 90 75 7 21 41 81 52 76 81 50 67 33 26 34 82 32 67 71 89 90 27 43 1 10 44 43 34 78 48 29 13 44 35 62 74 14 68 48 7 83 86 60 87 13 60 6 43 36 54 11 62 39 7 8 45 88 43 7 32 88 72 64 60 45 46 50 24 58 25 73 67 5 29 18 33 77 49 41 20 85 72 87 40 34 45 86 20 86 27 5 5 27 24 70 53
79 34 17 54 68 43 21 8 17 88 74 7 47 90 46 34 66 13 40 60 29 45 65 16 1 55 67 26 72 35 68 9 75 48 61 11 77 71 69 17 17 11 29 91 63 56 81 27 59 89 90 34 14 73 21 85 87 84 57 52 60 44 23 88 1 19 10 39 38 8 90 42 76 45 33 10 21 56 60 46 36 12 10 75 82 49 55 80 87 60 86 69 67 53 24 20
97 94 1
27 42 89 5 8 33 33 84 58 31 44 17 94 7 4 7 59 23 15 42 4 35 46 25 83 39 21 56 59 41 39 87 62 31 70 26 89 74 54 76 68 42 59 79 10 86 40 75 47 91 12 8 64 90 19 65 18 73 24 5 51 46 51 83 90 10 61 75 7 65 64 21 86 88 34 86 9 18 52 87 64 48 41 36 23 54 46 29 9 54 5 65 27 61 91 25 68
28 84 69 44 4 76 91 14 45 4 1 76 73 6 45 22 77 84 85 12 29 23 94 27 26 46 49 84 19 84 84 31 84 66 65 45 45 4 39 23 65 77 93 52 87 45 65 58 83 28 73 44 41 32 47 36 35 85 25 51 5 57 2 89 43 91 10 73 93 63 4 53 11 60 2 29 26 55 73 10 88 93 65 41 36 11 75 10 1 58 61 58 46 80 57 33 75
99 94 1
27 16 86 77 32 71 12 94 39 29 1 37 93 49 38 13 38 19 41 28 48 76 71 47 11 84 86 29 90 54 81 67 69 54 16 66 87 63 28 30 87 63 92 25 39 8 24 5 6 79 67 20 40 8 68 34 53 42 83 17 47 78 36 85 84 19 56 58 68 72 48 82 44 9 67 39 27 6 93 2 51 7 1 73 78 25 79 24 2 76 93 41 60 15 12 41 62 80 46
78 84 61 89 2 76 94 23 93 44 9 83 86 42 4 38 67 10 15 84 2 13 46 89 59 45 52 65 50 88 38 33 55 91 37 2 91 67 84 5 36 66 40 28 44 83 27 57 64 31 18 60 35 3 79 48 38 31 41 9 70 4 12 25 58 47 73 21 73 2 30 15 81 28 38 51 24 58 80 36 10 33 52 43 37 6 40 82 46 37 51 64 78 65 18 13 29 49 49
91 97 1
89 18 57 62 17 8 44 75 92 41 39 21 13 3 18 65 71 5 62 68 46 65 50 72 25 90 32 51 41 80 37 71 41 37 77 79 34 47 25 69 33 60 69 84 69 37 63 84 42 30 67 54 84 55 72 11 33 88 36 6 10 25 76 14 54 15 51 52 65 12 35 73 66 65 38 58 18 23 80 44 91 44 86 53 15 63 80 47 20 57 33
54 7 52 79 93 74 92 85 37 63 80 5 46 42 70 79 65 15 52 29 2 70 8 41 64 77 5 32 21 81 33 39 34 39 5 51 25 5 65 13 56 79 78 48 45 13 73 37 50 63 33 90 49 40 81 9 63 82 49 45 49 59 33 24 44 47 88 5 22 88 88 58 29 93 67 1 10 91 81 63 38 41 10 13 31 85 29 80 70 28 81
100 99 1
26 12 51 87 8 45 93 33 38 93 43 82 30 26 90 77 36 46 97 61 87 50 96 78 71 43 11 30 23 4 16 2 21 69 71 95 57 36 88 86 90 89 98 81 71 30 95 22 22 43 51 42 85 55 57 20 60 85 40 62 81 81 78 46 54 76 46 17 4 40 81 82 80 42 77 34 18 77 66 38 92 89 1 92 52 40 82 96 80 67 95 62 9 81 5 87 86 55 42 5
55 25 4 50 35 48 4 4 23 18 25 17 90 61 31 65 16 77 77 6 18 8 61 40 50 46 39 71 34 88 7 43 53 37 81 39 76 56 79 34 6 36 99 84 57 63 46 37 84 75 56 34 21 48 9 45 73 54 67 75 45 7 91 12 96 52 85 5 93 29 86 43 99 8 47 6 58 51 28 79 52 7 19 88 19 60 97 25 91 31 86 29 68 31 70 64 13 7 57 91
99 91 1
37 41 3 36 26 41 89 45 69 53 35 83 38 46 6 70 55 35 40 62 41 30 16 86 88 1 6 77 33 45 37 37 61 40 24 55 37 67 14 62 34 61 83 60 83 82 48 36 48 30 68 58 63 31 78 7 72 18 27 25 29 19 55 3 83 52 62 65 41 55 64 19 79 77 23 34 74 80 1 32 6 2 58 79 38 55 77 85 2 59 63 2 29 69 74 22 68 72 84
59 48 63 47 1 7 5 75 57 78 31 54 90 62 45 1 25 69 64 51 31 19 34 6 36 85 68 65 30 21 10 31 19 24 65 5 80 20 89 82 88 48 44 31 78 50 1 5 39 68 38 22 77 67 12 44 7 6 41 24 56 53 28 7 8 36 63 43 75 75 24 47 31 44 4 69 79 12 14 77 9 3 56 2 10 68 78 79 90 50 8 42 20 71 46 46 73 33 35
97 96 1
58 77 3 58 35 81 73 47 66 7 61 25 7 19 56 87 30 60 8 55 14 28 62 85 72 94 15 65 6 14 22 28 88 65 66 1 40 5 50 10 11 13 23 70 95 35 92 37 89 55 75 86 46 52 17 46 60 65 44 56 27 30 73 25 86 13 90 56 37 64 73 42 40 46 34 27 93 76 3 96 12 78 20 58 35 31 40 30 49 78 40 57 17 14 42 43 69
84 42 82 73 48 87 64 7 70 76 12 47 17 65 91 79 16 79 33 90 43 95 34 16 16 45 23 73 58 15 4 92 41 72 4 11 26 87 73 31 50 77 66 8 20 44 90 56 47 88 49 69 73 67 4 61 7 83 67 50 45 92 94 10 83 69 21 62 23 41 67 47 34 84 10 5 8 35 41 70 20 18 54 68 75 42 19 83 21 55 75 90 56 95 14 86 11
92 100 1
65 23 98 41 65 68 93 77 71 51 56 21 82 55 14 4 70 43 60 53 31 60 54 82 19 85 5 79 84 99 64 26 91 92 79 15 17 86 18 34 38 36 50 92 33 83 55 44 72 81 74 91 5 20 63 59 23 56 24 31 13 67 26 86 42 90 69 10 39 4 96 32 69 17 74 54 47 92 89 23 51 31 95 35 45 51 87 24 66 29 40 58
4 38 35 73 80 100 30 81 98 19 12 18 71 99 17 100 63 25 47 90 8 90 29 32 99 52 27 51 94 38 12 92 16 42 18 93 55 48 57 35 4 45 32 43 57 9 25 33 99 1 4 40 31 89 83 37 24 53 35 38 91 79 60 42 49 12 46 4 34 12 31 62 65 12 10 66 72 41 59 17 21 20 10 44 77 85 12 53 89 3 26 3
91 100 1
38 8 34 72 71 94 60 8 69 79 61 27 66 97 79 75 32 12 78 79 11 49 87 18 22 40 18 85 85 5 1 62 92 7 47 37 29 45 34 18 82 76 70 55 98 9 10 23 52 92 23 1 38 44 30 46 57 17 23 27 2 7 28 2 33 2 100 62 8 56 38 63 56 14 55 48 35 98 52 94 52 100 58 81 68 79 97 12 54 87 61
61 82 78 49 85 20 71 44 4 42 13 10 75 22 43 13 1 75 92 72 98 57 7 55 72 66 67 47 89 49 94 71 87 14 5 49 34 32 59 62 30 4 61 63 81 12 26 80 79 69 53 54 64 72 53 41 76 11 85 87 77 16 60 30 51 61 14 82 50 97 9 4 10 65 76 25 82 100 66 91 79 13 1 40 78 11 16 79 71 21 59
95 97 1
17 61 85 33 48 56 39 50 54 10 32 9 46 89 89 49 31 13 49 8 59 80 2 65 86 72 97 96 21 14 54 76 20 86 75 35 88 31 46 72 43 89 36 23 3 80 36 69 8 73 79 94 8 61 44 50 77 35 68 47 58 48 84 89 50 21 84 72 55 44 47 44 78 80 6 39 30 36 15 4 93 22 87 17 77 5 4 5 61 36 1 21 1 93 49
50 84 12 54 81 2 81 1 80 2 88 87 69 22 52 94 65 11 38 10 28 65 94 49 12 36 21 57 69 7 3 65 8 41 29 19 45 60 32 30 17 37 9 43 58 68 94 46 17 62 64 85 72 35 92 23 63 83 96 38 47 12 31 23 7 89 32 25 41 69 45 80 97 90 43 41 2 88 16 21 55 39 79 45 68 28 14 21 24 96 89 85 59 5 57
91 97 1
18 96 70 52 32 59 9 34 10 4 63 10 77 69 14 96 86 38 76 4 68 36 93 96 55 48 4 12 56 41 96 30 10 13 58 49 82 28 96 33 16 69 21 77 59 45 18 75 65 73 41 64 33 53 64 80 55 87 61 92 74 2 38 5 27 34 40 13 86 92 81 79 6 61 83 18 56 87 93 17 76 52 90 57 50 1 13 19 47 35 8
78 66 18 68 1 1 86 74 73 16 48 16 55 96 92 3 46 68 71 38 51 48 51 50 80 35 76 46 77 47 9 80 20 83 24 41 51 92 76 63 49 58 33 36 74 33 55 19 26 96 60 9 2 66 61 59 59 92 94 70 78 8 77 30 11 64 89 8 53 93 55 18 58 2 25 55 94 91 83 73 65 63 46 17 30 96 18 17 34 30 67
97 96 1
28 56 46 96 67 75 76 37 38 23 24 95 46 92 13 86 75 20 70 19 13 60 31 39 51 72 67 48 51 66 39 54 71 50 33 73 29 1 92 59 95 10 25 53 78 24 31 86 77 29 81 46 28 64 61 93 11 54 57 73 3 79 61 82 8 73 50 28 11 33 85 28 60 5 96 5 51 73 21 26 95 20 57 37 67 73 27 82 83 7 74 51 7 2 29 67 93
43 44 1 86 8 76 9 66 49 10 48 26 52 30 59 54 37 90 13 18 38 63 16 84 41 45 22 89 24 11 44 28 46 53 59 16 75 26 85 49 90 59 73 84 76 52 54 91 86 60 54 37 71 38 14 82 21 93 1 59 30 16 63 22 19 78 27 82 40 54 53 13 41 36 58 17 72 43 48 45 93 69 71 20 82 41 66 54 93 71 69 87 14 5 67 22 27
99 95 1
56 5 10 40 10 21 15 47 57 24 45 55 42 42 21 71 42 34 32 44 13 35 27 80 71 42 58 52 54 47 27 86 57 83 70 21 2 3 46 14 65 13 30 55 22 40 78 58 36 29 48 11 60 87 24 68 33 59 42 92 64 63 20 94 45 11 76 73 43 42 14 51 65 49 58 49 17 53 67 47 77 3 66 32 88 26 53 67 73 56 78 48 46 3 92 51 28 48 74
74 75 57 42 90 78 19 6 25 85 66 32 30 45 18 57 2 6 90 27 54 55 63 62 43 60 29 84 73 65 26 72 39 16 62 81 29 74 2 95 68 83 72 7 50 13 22 38 3 31 37 29 19 85 45 54 44 83 94 41 83 88 92 5 52 75 33 84 76 15 91 65 82 19 4 31 50 80 21 64 81 21 43 84 2 36 59 75 42 71 72 62 1 95 8 23 36 39 67
100 94 1
86 61 8 15 74 25 17 73 30 10 70 19 37 45 87 89 91 43 8 89 79 84 41 65 89 66 44 72 56 74 79 72 49 79 31 74 23 51 69 84 22 16 67 23 38 49 68 43 64 8 38 66 6 8 20 82 40 42 27 50 73 34 62 2 93 15 17 10 5 11 7 70 29 12 56 16 9 22 28 32 27 4 59 17 28 65 93 35 29 28 92 29 90 63 7 56 26 4 41 8
94 24 27 19 94 37 7 12 69 66 89 21 10 40 38 65 36 81 5 50 86 34 80 54 92 43 35 20 20 59 54 14 75 10 28 10 22 80 14 27 70 67 42 41 22 58 87 76 94 64 76 87 35 82 4 66 80 64 20 74 71 53 10 21 74 93 42 9 80 50 58 85 75 68 58 64 63 1 1 23 73 32 24 40 56 5 9 33 49 16 46 41 36 61 60 77 53 93 17 36
95 94 1
92 83 76 33 83 13 64 38 53 70 78 69 22 12 37 41 78 32 80 11 16 62 55 21 7 12 56 73 6 60 69 15 36 25 46 36 75 15 74 7 13 64 90 25 55 27 93 14 16 64 4 16 51 24 45 69 72 55 25 50 86 10 63 89 8 67 91 70 14 39 93 24 1 41 37 27 22 5 54 51 33 31 73 4 83 56 50 79 25 49 16 83 8 44 69
53 51 77 46 56 81 21 47 6 18 79 71 56 9 11 71 77 16 28 55 32 27 39 29 74 34 32 16 45 30 66 73 41 4 49 20 85 61 91 91 1 72 85 69 13 37 72 47 52 63 8 75 41 15 13 53 89 2 51 73 22 80 15 76 83 49 1 6 33 28 90 71 83 46 6 44 16 39 85 15 45 55 44 82 45 39 83 72 71 52 49 5 36 23 13
91 90 1
38 26 83 42 18 54 70 6 90 78 23 15 13 44 56 20 38 88 6 5 21 85 26 8 78 65 84 64 70 10 7 67 10 65 90 54 82 9 80 33 39 33 73 10 21 70 88 7 59 81 23 6 45 82 55 61 78 64 36 59 90 7 55 31 11 54 74 87 28 52 10 19 67 63 44 70 59 67 25 75 86 27 87 23 44 88 24 15 44 73 40
33 40 2 89 88 39 38 19 28 18 38 31 79 29 77 22 64 86 54 4 66 46 62 1 64 50 41 73 52 29 34 19 57 42 47 90 87 18 39 18 15 53 26 73 28 17 83 68 47 11 40 21 52 5 61 78 27 44 41 22 64 78 9 41 86 16 12 47 51 41 77 32 65 11 27 10 45 6 65 66 77 49 10 49 55 5 88 44 53 8 34
93 97 1
84 84 44 43 86 44 66 45 4 80 64 69 45 85 26 7 62 59 94 84 50 74 52 89 42 85 82 42 7 67 45 72 12 22 96 23 37 43 63 84 90 56 24 24 96 53 3 74 41 26 59 80 47 7 14 62 54 32 9 15 86 28 25 61 83 88 3 40 77 24 35 29 66 11 58 68 17 74 96 82 19 43 16 61 15 70 9 69 15 11 63 8 39
96 10 7 82 67 15 49 94 50 15 80 43 79 67 86 44 58 54 17 65 33 88 97 19 7 54 6 67 61 31 17 79 17 50 93 77 75 4 44 57 82 79 14 74 61 32 26 89 87 73 7 22 36 17 9 66 69 95 73 80 83 26 91 97 4 92 9 3 66 94 11 2 55 78 43 5 8 65 24 63 76 81 53 83 66 60 55 25 58 80 90 19 48
95 97 1
74 25 56 49 75 82 64 37 69 44 81 80 78 84 32 72 64 19 7 77 33 13 8 80 16 77 33 10 68 9 83 18 42 51 11 31 85 40 34 82 70 88 71 14 52 25 52 7 96 49 69 13 14 52 48 17 47 73 16 30 91 57 75 59 71 6 7 81 65 94 1 60 62 65 15 68 38 51 55 78 18 9 38 71 39 97 35 71 81 46 91 95 8 67 69
42 87 48 1 16 88 87 13 68 71 5 53 63 23 8 1 61 55 27 80 95 8 22 62 35 66 13 39 34 70 9 43 16 93 8 22 62 74 11 22 29 15 67 76 30 19 71 30 51 64 70 29 58 25 14 26 3 77 56 31 30 79 73 29 88 79 67 8 61 25 10 40 45 88 90 27 53 49 25 88 13 54 91 22 15 89 88 76 42 61 67 96 95 58 61
93 100 1
52 78 38 8 57 44 59 87 20 57 95 69 6 3 53 79 39 6 27 97 80 66 66 83 24 73 83 73 59 45 1 23 75 41 70 25 93 79 82 34 31 80 64 78 10 48 39 70 74 84 35 34 13 98 45 95 4 52 19 92 44 100 72 80 36 86 69 31 80 58 17 89 54 84 30 62 97 32 26 47 2 62 3 81 16 64 11 78 29 18 50 50 92
4 48 100 33 47 13 100 25 8 69 49 64 71 19 3 88 99 95 33 45 71 50 97 1 30 41 27 19 14 39 14 50 60 46 44 95 47 56 3 97 23 73 45 39 12 8 84 9 64 32 97 17 68 100 24 90 30 70 7 17 93 53 84 95 53 53 75 92 52 22 8 77 4 32 50 53 42 46 47 89 36 75 18 62 69 82 29 8 59 61 39 33 18
96 90 1
35 14 61 89 59 54 4 78 9 44 83 18 57 62 61 46 38 39 84 20 22 18 61 63 72 51 86 79 56 51 42 42 13 72 31 78 48 89 25 5 70 61 72 26 60 78 5 35 78 67 31 2 36 82 48 46 82 25 68 65 23 80 44 10 30 19 78 62 6 1 80 38 66 42 12 37 85 87 35 37 26 7 67 90 6 78 83 53 55 21 29 11 81 44 24 68
3 66 33 87 23 25 79 89 31 72 10 31 65 36 33 37 83 21 82 43 37 23 66 81 77 79 68 49 71 9 79 52 55 41 90 36 23 37 88 14 17 10 49 43 71 2 77 61 50 69 10 55 65 68 87 33 1 59 59 48 5 40 48 54 21 77 69 29 21 31 12 78 26 83 11 72 35 42 2 84 16 2 4 25 82 44 10 37 67 1 34 24 30 47 89 47
94 92 1
75 22 57 54 9 36 89 49 14 26 56 35 8 61 38 19 65 33 29 51 18 4 56 38 69 5 64 75 24 16 92 88 85 81 49 15 55 76 60 17 91 6 6 63 12 73 76 13 90 4 68 34 10 40 23 64 5 12 36 73 92 22 53 54 26 65 21 84 12 30 25 18 36 9 88 90 80 73 54 61 15 52 11 4 67 65 81 47 79 63 11 19 71 71
60 11 33 62 82 66 17 13 22 42 11 7 69 27 18 49 81 13 23 64 59 89 36 89 46 50 38 85 88 38 82 43 53 57 27 62 38 41 32 44 72 5 47 31 56 58 8 7 13 17 26 89 24 71 43 71 3 69 51 5 69 35 51 85 86 18 3 86 52 83 8 53 26 34 29 3 79 1 13 47 43 67 48 8 78 83 51 46 91 3 85 15 35 23
93 93 1
29 65 23 57 61 9 41 3 69 70 27 20 18 85 92 3 78 75 29 51 20 61 83 52 62 50 93 51 39 11 12 48 76 75 48 4 39 33 48 10 72 16 59 3 42 79 63 51 33 4 61 93 88 29 57 43 79 73 88 85 11 7 22 15 13 71 43 90 43 38 92 57 75 38 80 90 88 67 40 35 64 39 36 91 56 83 44 10 79 75 3 58 81
74 26 76 61 29 19 59 43 50 15 41 18 91 26 76 70 31 39 93 87 63 44 22 85 33 60 19 27 38 38 68 1 58 58 81 12 5 9 49 64 59 4 19 69 91 76 48 86 52 41 82 77 82 60 91 18 76 35 23 73 82 28 49 18 41 82 65 23 64 52 12 63 67 60 27 32 29 4 89 76 3 62 5 75 45 67 7 68 45 44 21 26 30
91 100 1
63 69 73 57 91 13 26 28 86 33 72 37 87 53 10 45 82 72 17 75 31 80 2 53 64 91 86 39 28 74 23 11 40 44 17 18 18 45 88 30 13 53 68 40 69 63 69 22 16 56 68 8 43 86 20 37 58 90 38 62 56 45 44 87 48 86 12 48 60 67 4 92 87 45 37 18 78 50 35 51 8 20 39 18 21 88 58 100 59 83 19
69 93 54 25 11 46 84 12 40 51 38 94 59 10 63 51 18 84 44 87 61 1 71 28 28 45 24 60 97 57 10 33 65 32 34 5 76 15 3 59 33 64 86 18 99 74 8 20 59 64 38 5 56 18 57 89 95 12 35 7 32 48 31 72 80 24 25 59 97 84 18 85 55 85 83 96 74 74 2 74 69 52 72 99 4 50 96 35 28 4 7
93 93 1
52 72 59 25 59 37 16 16 33 35 53 87 22 36 90 19 4 87 27 41 92 8 56 37 85 13 32 88 56 92 34 3 85 88 80 85 9 21 15 56 80 12 68 5 80 38 40 74 92 67 1 72 34 31 61 21 89 76 74 87 46 93 76 20 75 46 23 35 84 72 29 81 87 2 7 55 61 80 26 42 77 30 5 21 44 89 66 78 20 74 1 80 56
51 73 71 88 70 76 26 11 91 39 23 77 69 1 39 67 19 1 47 3 43 46 28 19 7 22 61 56 46 35 4 30 21 78 32 76 91 27 39 75 6 35 34 12 34 31 34 80 35 3 49 12 25 79 56 53 26 35 69 85 67 79 70 85 53 85 33 55 26 45 30 37 86 55 69 20 27 2 17 72 5 48 43 57 63 58 7 93 5 30 79 75 54
97 92 1
23 14 43 6 55 9 5 62 30 82 48 31 43 27 81 85 71 44 72 75 64 86 71 68 76 83 14 29 24 10 11 5 28 50 69 65 61 28 71 69 60 34 91 76 1 56 30 13 19 55 3 73 15 14 81 12 9 15 1 20 29 24 69 71 76 22 60 36 58 71 66 87 11 63 15 68 75 5 80 60 6 65 87 62 78 84 3 71 64 27 1 85 37 47 19 27 34
17 62 9 39 7 63 6 69 36 21 72 57 42 48 82 50 73 33 54 13 19 33 11 85 28 87 9 57 79 67 46 75 4 47 36 19 55 54 10 89 25 23 85 24 23 83 10 57 65 2 47 54 76 9 60 22 26 13 5 24 73 6 83 76 83 81 9 13 85 29 92 64 61 2 92 28 31 81 83 76 21 64 39 60 89 66 37 88 57 45 54 71 56 86 58 65 85
92 97 1
38 79 67 60 95 36 35 29 21 46 46 48 6 4 38 96 91 40 18 46 79 65 8 12 24 17 38 9 65 43 79 6 20 96 90 3 79 62 60 7 87 39 43 83 10 66 51 70 72 4 29 8 31 54 69 16 93 6 7 3 92 60 50 54 43 23 91 78 94 27 72 35 3 69 87 21 82 97 69 69 94 49 14 41 45 11 17 19 28 58 16 32
66 72 20 91 4 35 63 84 11 40 27 80 31 53 50 39 41 94 51 32 6 86 59 77 92 4 36 34 8 66 29 63 61 60 12 72 95 6 37 21 52 86 29 20 76 37 6 20 28 50 37 25 42 57 66 39 6 25 10 67 84 13 82 13 8 37 51 1 60 2 36 51 62 97 61 36 13 96 84 20 58 86 39 47 82 14 72 77 39 41 79 73
97 99 1
61 7 95 74 26 35 6 24 89 8 57 47 6 81 5 78 95 80 25 92 76 68 13 72 36 37 75 81 76 21 6 80 11 39 12 1 88 22 45 91 59 13 13 81 30 18 5 76 9 29 1 71 97 95 2 98 96 26 74 79 32 88 67 99 81 85 55 51 76 85 84 46 4 42 96 18 89 74 55 39 13 76 47 35 29 64 70 29 60 52 24 80 41 52 60 57 44
84 41 57 57 8 22 49 41 22 9 25 21 72 35 2 73 32 3 10 52 88 51 38 42 24 48 45 48 57 78 86 67 92 70 39 42 43 14 23 19 39 37 28 24 91 98 38 3 91 61 82 3 93 85 56 44 27 62 27 53 62 37 41 69 13 80 42 82 3 19 14 23 36 33 77 32 88 9 3 43 18 96 61 85 43 40 89 97 99 35 64 25 99 15 31 56 67
97 93 1
35 65 74 89 76 62 13 87 87 50 64 24 58 37 85 43 12 56 33 20 6 39 15 9 15 21 44 41 5 33 70 76 65 29 28 50 81 16 67 66 69 79 13 33 23 35 10 89 74 20 2 32 5 62 82 88 70 57 14 31 12 25 84 61 92 2 37 78 29 38 92 56 44 15 80 7 38 82 40 57 65 22 51 39 93 55 67 38 60 57 41 48 74 77 49 40 88
85 7 23 70 15 38 65 50 13 66 72 42 51 76 21 36 44 7 21 56 27 72 39 68 75 66 70 52 16 21 25 90 42 10 57 65 6 12 78 23 48 8 86 64 25 81 45 70 58 25 79 91 88 17 83 8 5 43 77 52 16 17 41 11 30 92 53 69 70 45 63 70 85 69 17 20 19 23 43 68 16 88 89 61 81 37 32 68 34 80 33 28 16 65 52 42 62
97 90 1
70 67 29 51 85 3 90 47 23 27 21 78 81 16 17 7 26 3 58 87 42 43 59 83 7 76 16 71 16 44 68 64 22 69 65 43 23 70 50 38 89 84 52 21 11 86 33 39 13 13 83 44 51 82 51 13 33 35 55 74 12 7 8 74 28 11 90 22 53 2 40 31 46 44 54 88 21 4 21 32 79 88 66 59 24 52 28 70 62 41 5 78 28 67 54 22 8
42 20 62 75 60 67 45 43 63 46 89 59 29 72 59 31 80 18 59 54 47 63 29 20 85 84 82 23 60 27 82 12 57 66 35 83 56 26 2 69 11 12 58 46 53 17 66 25 35 80 42 73 4 66 14 47 43 32 18 87 3 59 1 18 25 19 89 68 42 15 7 28 47 69 20 47 58 50 11 31 3 34 12 79 26 58 35 74 37 15 71 16 44 34 25 46 14
98 98 1
42 53 87 61 13 20 57 22 80 96 84 25 96 67 78 49 37 8 31 2 69 79 23 44 25 19 33 59 98 49 81 82 93 55 78 17 56 67 41 47 7 71 82 94 28 45 72 22 63 35 29 1 83 8 45 54 75 83 21 95 27 2 30 69 34 67 93 77 82 82 84 37 6 13 39 48 82 93 38 31 15 58 34 81 14 96 54 24 32 15 18 48 90 81 42 59 83 69
18 1 27 44 53 92 45 20 19 86 82 46 6 56 77 11 89 48 48 82 53 16 38 21 63 96 56 92 19 16 46 94 29 47 17 4 13 77 6 33 54 95 8 5 56 70 51 6 86 53 44 34 44 52 98 48 4 79 2 21 72 47 57 28 48 1 85 70 95 88 34 82 42 48 90 85 96 6 50 76 44 50 88 68 9 50 14 61 19 35 67 39 27 95 38 91 46 55
92 94 1
74 19 76 54 60 15 86 84 59 67 29 57 74 78 6 7 84 47 33 8 33 88 75 33 85 32 56 87 75 51 11 11 45 19 88 78 35 57 50 14 88 57 13 18 6 31 6 39 53 28 19 72 76 20 92 79 72 28 24 26 83 16 11 70 56 33 51 13 13 28 68 36 55 49 42 39 20 93 50 47 13 35 85 77 83 52 57 86 47 7 72 12
61 82 63 44 79 23 10 26 37 36 61 12 14 92 21 9 4 92 2 53 19 84 67 25 7 85 40 73 29 16 8 66 18 57 42 20 1 80 80 78 58 91 74 28 54 78 48 16 33 23 25 28 28 30 24 2 80 54 26 45 24 51 9 58 11 39 49 87 56 63 50 52 87 58 64 73 78 9 30 75 32 36 94 25 45 35 29 49 78 46 30 15
94 92 1
54 41 49 71 3 30 22 45 17 76 76 62 17 22 63 64 92 19 37 9 21 7 47 45 69 80 53 69 86 89 66 19 44 27 46 44 12 5 28 14 40 17 87 21 49 23 3 1 54 36 71 48 22 24 60 50 59 20 89 73 48 18 13 52 58 41 77 90 70 7 47 71 26 21 49 77 5 38 42 34 79 74 49 10 33 9 6 9 83 23 5 57 74 19
25 27 67 7 86 47 20 60 65 72 48 40 74 46 3 2 1 51 67 89 3 68 88 65 61 6 78 39 7 5 6 85 25 70 4 27 9 16 91 3 7 92 30 87 19 69 45 20 61 71 23 7 42 13 61 87 6 17 61 8 6 55 90 46 3 64 60 42 76 30 13 36 38 77 55 4 2 50 67 85 85 4 6 1 85 20 67 60 81 59 74 81 62 62
91 99 1
23 94 62 15 62 85 70 89 16 94 85 37 18 62 50 2 23 56 48 6 24 43 76 80 81 95 52 44 65 40 21 90 31 94 84 97 15 17 73 67 16 54 19 3 84 75 8 2 85 96 60 12 59 80 95 58 40 23 13 73 4 47 34 26 88 93 52 86 26 96 31 84 9 96 19 5 74 96 7 30 42 31 74 91 1 30 72 21 2 91 47
66 66 48 36 73 63 45 61 97 40 67 70 24 67 57 69 27 46 35 19 52 21 42 2 93 36 11 39 85 73 66 4 88 86 27 82 31 81 17 44 36 31 99 53 68 24 67 27 20 82 9 94 8 2 91 88 27 33 11 86 71 80 52 54 67 28 56 96 41 58 83 65 50 44 26 90 32 44 92 89 87 79 77 92 48 15 90 89 11 75 85
98 99 1
47 25 30 4 21 87 54 64 92 50 4 45 56 5 8 56 65 49 48 95 40 10 88 27 14 32 61 5 90 76 25 34 55 48 32 63 52 63 20 85 79 35 90 65 28 11 38 15 57 69 64 66 93 81 20 21 71 76 97 43 39 69 97 76 28 47 61 25 72 86 26 86 98 85 52 14 68 24 56 37 36 80 27 69 19 93 63 47 98 17 2 21 80 1 84 80 30 14
70 23 77 26 49 58 25 38 61 26 76 73 32 10 96 89 51 83 52 56 52 76 94 86 89 69 98 80 2 35 89 35 24 7 78 66 72 94 50 74 83 44 40 2 19 6 80 12 36 16 37 67 48 72 52 31 96 29 67 75 98 40 68 66 25 74 96 46 71 37 41 66 53 53 13 11 96 84 28 11 39 98 88 90 16 79 58 54 88 86 23 85 53 97 72 4 60 30
96 96 1
90 50 13 17 96 23 67 88 36 44 85 21 32 69 12 23 41 84 32 7 80 5 15 67 54 1 89 77 43 73 20 15 74 26 83 60 17 58 48 19 6 23 7 39 32 61 5 25 13 1 2 42 14 46 57 96 7 39 33 58 96 61 48 75 22 77 44 75 15 5 66 30 50 20 39 42 16 30 79 51 28 71 73 57 51 82 56 41 14 76 23 38 4 75 22 53
50 94 79 66 67 14 50 68 80 34 27 43 4 62 88 93 84 43 83 92 46 24 50 45 91 56 38 42 55 57 35 58 29 71 38 90 65 5 9 49 1 32 92 3 31 80 25 7 37 94 14 13 75 54 23 30 81 13 50 19 32 37 16 90 37 95 34 31 13 26 94 45 61 8 70 89 31 90 19 20 65 20 57 77 12 29 48 70 6 89 37 42 64 35 90 80
93 94 1
40 25 80 38 76 24 2 59 55 57 69 2 61 63 40 6 28 4 76 61 64 33 29 54 50 17 14 39 11 70 52 29 7 60 42 80 33 49 19 23 91 41 26 53 48 17 87 27 45 92 62 82 74 77 87 18 29 69 31 74 21 39 66 57 42 17 23 77 33 70 3 15 73 22 71 56 60 48 47 94 29 51 17 13 10 37 33 17 73 13 4 68 86
22 76 62 94 81 49 61 5 71 48 56 9 80 43 54 54 38 19 3 58 73 9 82 23 93 94 70 90 48 87 74 63 59 79 36 94 71 35 78 41 18 75 47 22 37 80 88 66 63 72 7 56 11 26 9 15 22 45 57 43 50 45 41 43 84 11 54 58 58 49 74 93 79 7 64 5 28 29 70 65 7 19 62 80 7 62 91 32 75 81 64 82 62
95 96 1
92 21 34 70 52 1 93 7 52 34 11 70 90 56 25 61 43 68 38 94 15 66 80 12 39 92 69 58 9 87 36 26 62 53 63 2 94 51 35 93 27 27 21 81 60 28 45 57 39 30 67 67 92 30 20 91 12 10 69 28 78 73 7 62 13 22 19 58 72 71 4 1 66 93 14 20 32 76 4 58 77 62 30 60 8 27 31 56 20 79 17 89 57 48 30
94 73 89 64 68 59 17 4 58 53 86 86 81 5 64 56 63 5 47 31 36 12 31 22 33 79 77 7 16 22 7 41 7 23 6 11 22 13 95 18 37 1 91 94 5 62 47 32 71 40 8 76 14 75 94 42 28 56 31 42 41 65 36 56 41 80 84 92 22 28 16 48 5 73 31 47 24 13 84 51 68 5 2 74 88 61 94 29 89 8 86 78 14 77 25
90 95 1
25 47 2 62 9 36 80 68 56 48 77 85 59 77 9 63 2 14 77 94 85 43 84 89 17 33 35 19 45 20 74 69 12 85 41 88 38 22 51 3 78 78 30 31 61 22 29 40 23 50 57 93 42 54 86 49 81 3 78 62 94 38 13 39 37 83 24 47 58 18 90 1 70 62 28 76 68 69 66 37 69 63 29 17 24 30 34 16 55 53
59 69 81 46 91 59 22 31 73 65 37 80 95 45 31 24 49 75 60 73 81 71 60 37 68 55 11 17 92 51 64 31 53 28 86 41 13 63 49 77 37 55 51 63 2 71 65 20 80 77 51 48 33 11 71 18 25 91 48 8 66 1 42 48 87 75 18 20 57 94 72 63 69 49 2 34 26 60 90 61 33 3 1 79 28 57 47 75 2 47
97 97 1
70 74 93 33 22 54 25 51 3 50 23 85 25 86 81 85 54 17 73 12 23 81 85 48 88 66 84 93 70 72 52 70 25 87 90 88 96 95 20 18 46 71 70 47 23 78 97 87 12 94 24 46 35 42 97 29 18 1 82 48 60 18 7 29 54 92 73 34 66 49 89 19 74 80 23 35 70 89 3 70 25 35 97 40 76 11 84 38 95 93 32 21 93 19 13 39 63
35 73 55 40 59 18 91 86 16 81 70 38 33 66 54 47 23 97 35 41 47 52 52 8 7 93 79 71 8 64 67 33 2 41 81 73 47 90 73 43 28 52 12 51 78 59 19 62 43 49 39 3 20 92 51 71 34 27 76 94 14 44 70 16 2 39 1 37 22 60 31 41 65 41 14 41 92 82 82 64 51 26 30 13 5 16 86 55 85 31 4 23 39 80 97 85 44
98 96 1
43 90 77 31 58 31 73 39 59 91 68 19 81 44 94 41 91 45 30 26 57 43 37 80 39 91 14 3 79 5 54 78 63 3 61 48 18 14 19 48 14 83 13 2 9 46 55 89 45 63 3 93 19 54 65 23 94 79 77 83 46 91 4 37 3 35 88 82 26 39 49 66 33 12 87 51 90 73 42 56 88 83 14 1 83 96 62 29 14 62 63 56 26 78 76 81 70 16
50 72 65 38 5 42 17 80 3 28 41 90 55 20 38 32 24 63 23 36 17 86 42 86 58 64 50 66 38 87 60 77 62 29 74 12 56 54 23 72 70 51 55 6 4 50 84 29 9 13 29 51 93 10 39 75 32 15 4 7 81 21 89 69 41 71 5 85 90 90 96 91 38 13 19 48 28 64 70 86 42 4 92 7 42 83 89 20 39 20 67 31 38 92 35 79 43 89
95 93 1
51 39 53 22 39 27 78 39 41 92 90 49 24 86 12 38 52 21 69 47 85 2 44 17 10 63 43 19 32 88 88 63 76 55 17 58 33 16 45 33 59 10 85 7 23 2 46 9 27 18 56 24 29 82 36 52 80 90 21 34 91 84 11 25 88 8 23 23 17 56 58 92 15 30 44 79 21 24 71 22 12 10 21 8 84 12 90 85 60 57 85 10 29 83 34
57 28 71 89 8 46 54 81 63 19 72 21 70 80 39 61 60 79 7 87 60 10 57 8 19 21 44 65 62 31 84 69 37 60 32 8 2 37 1 42 29 41 61 53 78 86 15 10 26 49 8 67 51 16 60 76 91 85 48 35 38 73 87 77 22 54 11 4 16 33 17 69 63 15 8 7 90 57 29 11 21 31 80 51 63 68 56 70 12 53 56 46 16 15 57
95 96 1
9 90 45 61 93 96 13 91 38 11 70 84 51 86 81 66 7 79 6 46 50 14 34 48 3 66 65 66 91 81 13 64 27 3 27 47 28 71 23 70 19 93 95 96 21 6 71 45 13 28 48 42 49 44 37 21 21 57 50 47 82 35 29 13 25 20 51 72 25 23 27 85 73 5 86 60 64 75 47 49 66 13 67 52 32 3 81 13 65 60 5 13 39 83 48
14 81 13 3 18 47 16 51 28 47 88 33 25 15 33 24 35 80 5 33 71 84 48 81 33 41 50 1 36 96 38 48 69 32 91 31 73 15 21 52 18 22 12 37 85 32 80 81 31 33 41 94 8 17 57 24 15 77 7 50 68 16 88 43 22 82 38 38 30 63 38 24 75 19 92 94 4 23 41 34 67 50 78 29 42 79 73 62 19 55 16 88 9 65 6
93 99 1
72 90 80 64 27 38 39 69 73 28 1 50 84 9 99 7 35 10 73 52 82 63 62 54 44 73 99 32 31 28 86 36 78 10 52 97 38 86 65 46 29 54 4 67 83 77 19 85 44 11 9 80 4 38 97 69 43 55 11 1 9 1 16 99 61 67 49 41 2 63 2 55 16 1 52 68 8 39 26 27 61 61 59 84 51 76 7 22 49 15 3 79 51
90 45 26 13 3 28 38 51 35 32 91 67 8 62 26 47 66 16 17 5 79 85 53 21 52 62 79 24 95 1 28 80 11 56 77 41 66 41 98 29 61 64 30 8 64 94 94 12 55 5 73 56 75 90 69 52 34 80 47 5 41 75 1 42 23 20 70 62 15 80 6 19 71 43 9 78 92 58 90 82 22 89 29 3 85 69 65 12 13 92 88 38 68
98 98 1
91 93 4 69 14 29 96 76 59 86 46 78 38 11 29 56 19 14 83 34 9 20 83 93 63 45 4 82 28 68 83 46 74 95 22 18 73 54 79 54 90 7 82 75 8 41 43 15 76 19 25 83 73 45 42 97 57 66 63 29 10 52 38 67 58 62 8 49 57 37 7 70 19 32 77 78 75 35 66 94 79 23 78 88 90 48 32 94 71 53 84 31 8 5 41 27 75 42
80 85 50 46 92 6 53 60 95 38 27 76 13 44 91 44 16 41 8 9 62 4 1 81 64 32 55 50 19 53 89 23 21 49 3 58 87 73 61 60 82 69 15 20 77 15 82 98 5 51 5 92 95 78 28 44 5 10 10 10 25 42 80 52 92 10 56 15 50 50 51 39 37 80 71 23 77 91 62 65 76 2 75 45 35 55 82 81 55 37 44 34 25 6 31 85 50 49
90 96 1
59 35 45 25 23 58 55 84 49 31 78 15 15 4 50 87 10 9 30 4 59 14 89 11 53 65 63 37 33 11 48 55 24 52 19 10 6 1 52 64 3 74 56 88 24 46 90 36 84 55 72 13 27 42 70 4 30 88 53 29 11 19 46 88 22 52 80 86 3 19 49 91 62 94 19 87 39 70 25 71 65 40 9 62 43 78 89 1 31 38
17 38 13 69 80 43 72 81 25 10 42 18 39 11 86 65 24 59 37 64 20 62 48 82 11 77 76 16 5 60 15 72 71 80 81 67 48 93 8 70 10 54 37 21 84 52 67 42 77 40 56 28 11 39 16 11 48 8 60 37 36 54 29 25 29 65 61 96 78 73 88 43 82 81 59 40 91 23 2 25 9 68 62 66 67 61 14 23 11 21
95 92 1
60 5 63 79 71 92 86 64 6 42 39 43 32 67 75 19 44 65 86 30 26 10 70 12 69 81 23 19 30 2 58 34 53 79 6 37 5 21 82 9 51 70 33 66 22 26 61 14 32 87 91 6 18 49 68 77 37 53 59 52 88 56 9 61 76 52 15 19 78 14 43 84 49 38 73 3 77 66 92 5 62 27 72 90 8 89 65 63 3 77 85 73 88 60 61
35 9 46 66 45 81 52 30 38 83 8 29 21 5 79 44 43 40 82 43 32 23 35 21 35 20 2 5 82 57 44 17 44 29 37 20 88 68 41 47 9 91 82 20 34 43 28 46 22 16 71 80 89 69 46 8 36 7 67 42 80 90 51 1 61 4 22 29 63 52 29 56 47 80 67 45 21 5 11 30 32 1 54 40 40 64 69 53 27 45 76 41 13 71 22
92 97 1
87 48 44 63 14 2 37 66 8 38 61 58 2 41 40 3 65 92 83 75 29 33 55 55 78 13 57 47 30 32 97 21 28 10 78 91 57 91 25 36 94 80 12 65 89 34 70 54 49 41 40 52 47 75 85 70 65 17 71 47 28 31 68 66 59 71 42 47 64 63 25 24 11 91 45 91 91 81 32 42 42 90 51 77 69 1 80 81 62 8 28 60
66 81 83 47 88 5 63 2 78 24 73 57 70 63 66 24 93 3 84 40 42 65 23 32 82 76 77 40 14 82 82 13 5 65 47 29 68 79 96 12 7 93 32 19 15 67 32 56 81 10 89 81 2 90 74 89 18 48 52 2 41 25 21 81 81 60 20 10 60 67 44 64 28 19 16 21 52 4 19 38 18 5 76 96 35 53 28 94 30 10 41 9
94 95 1
92 73 46 71 84 25 59 89 91 15 81 82 31 68 94 19 55 68 65 86 63 6 21 67 90 49 63 11 61 1 24 69 82 95 82 16 62 91 40 94 48 34 45 82 12 67 89 61 13 82 60 46 56 62 18 87 45 92 70 40 14 12 41 78 29 84 16 6 68 46 34 1 19 44 19 2 17 77 83 94 40 68 62 31 89 69 21 67 60 57 83 74 93 45
19 27 78 39 1 39 56 3 11 47 56 89 94 33 35 78 91 33 26 2 79 60 16 44 27 59 12 72 72 60 89 35 91 2 21 41 30 63 44 72 73 43 6 24 83 7 70 16 32 7 31 42 26 34 30 44 76 50 69 16 59 18 29 76 1 75 15 51 76 93 1 59 35 49 64 78 21 50 56 77 11 20 18 20 94 78 5 31 62 53 55 77 57 90
92 95 1
52 20 78 38 3 45 72 66 4 47 28 9 47 92 56 1 14 25 38 75 81 52 48 53 53 13 42 64 1 41 25 87 20 6 66 81 71 72 79 48 35 60 75 90 64 91 86 38 59 4 27 90 23 89 27 73 88 3 67 26 69 73 85 51 51 83 37 74 39 15 55 64 90 31 6 28 54 40 42 6 76 47 90 36 69 95 73 17 5 75 56 89
37 6 62 49 90 23 12 56 54 78 87 2 60 14 35 36 89 85 51 62 25 56 8 2 8 59 15 27 3 52 19 44 74 3 92 75 28 55 7 28 72 34 94 9 32 62 54 3 68 21 19 55 51 12 85 11 14 25 18 85 82 66 70 35 86 3 49 36 19 26 28 80 26 75 86 72 14 62 91 88 67 72 7 79 57 89 53 5 50 92 77 60
96 96 1
45 32 25 3 96 82 43 6 72 1 65 49 83 81 7 2 38 41 66 50 76 68 12 85 2 47 14 55 15 46 69 72 92 41 24 17 28 53 29 17 25 8 67 30 38 4 85 23 74 20 47 59 21 66 16 33 41 82 76 60 91 75 70 38 91 39 57 38 25 88 19 21 77 69 83 68 45 88 77 31 74 22 14 35 9 87 42 66 52 11 65 69 66 81 90 64
74 13 89 44 83 18 59 76 4 13 1 21 1 85 45 86 23 36 94 64 49 85 95 63 36 59 46 17 63 47 76 32 29 80 12 95 59 11 30 72 10 73 78 2 52 91 62 47 21 19 56 49 95 23 6 39 70 14 95 66 27 68 17 73 31 58 44 29 18 84 23 54 65 3 1 2 75 61 39 22 7 84 71 27 37 67 43 17 42 17 35 28 60 46 25 82
90 94 1
70 79 17 31 36 28 48 15 60 5 40 63 13 88 48 21 50 9 8 58 48 5 39 64 4 6 29 31 60 66 69 37 24 82 33 14 85 21 50 26 14 58 87 93 85 61 62 29 67 35 64 72 64 72 60 62 68 28 20 45 16 46 91 11 48 46 58 45 44 38 14 17 18 9 87 19 89 37 53 53 38 61 71 6 43 80 89 48 94 34
5 17 4 78 52 10 37 29 12 70 69 91 46 51 94 41 46 13 60 30 87 3 62 49 67 3 51 93 33 35 3 63 71 34 90 69 66 52 11 89 93 65 64 45 72 88 5 37 72 21 11 9 81 53 87 74 66 45 60 32 89 25 12 36 81 51 71 64 71 14 36 59 58 48 40 74 67 73 5 75 69 21 91 27 2 6 82 57 57 17
92 100 1
72 63 74 58 16 55 23 53 80 66 16 86 84 46 25 81 5 94 9 5 100 12 52 66 18 20 45 81 19 20 46 6 100 71 50 16 29 99 64 44 95 51 14 74 63 60 44 52 53 63 82 58 48 43 47 18 97 45 28 45 69 71 75 24 50 9 14 98 44 49 46 6 38 51 53 44 45 12 52 2 40 62 66 79 98 62 41 21 100 20 61 54
59 34 22 85 12 48 43 28 7 14 60 92 31 35 6 70 21 15 62 98 62 45 40 34 95 72 24 77 11 98 41 35 29 19 85 24 71 32 83 83 93 100 39 10 44 74 81 50 45 37 92 3 100 26 79 40 44 67 50 46 84 48 40 69 57 26 67 38 13 10 61 7 48 27 14 56 31 25 96 60 21 6 27 39 60 60 96 76 44 23 74 81
91 91 1
53 89 34 22 23 51 80 9 26 80 22 89 59 73 45 39 60 26 59 80 88 1 16 78 48 39 86 62 77 7 43 2 31 74 48 27 48 66 43 29 8 38 63 40 43 69 18 70 10 6 67 62 41 40 91 91 3 66 49 73 45 64 72 43 39 54 77 5 75 41 10 26 77 29 68 35 78 50 84 40 87 43 6 58 55 81 27 36 80 48 27
12 17 11 42 87 67 49 12 36 8 71 87 21 65 33 5 29 10 30 26 84 67 5 80 72 4 44 47 42 23 67 28 39 48 68 76 50 68 54 62 78 83 53 83 19 10 75 38 83 9 88 73 14 32 8 2 59 75 36 43 67 85 63 57 85 58 42 75 44 15 2 13 71 24 38 14 10 20 51 11 16 78 80 55 63 74 33 30 83 70 28
91 100 1
27 18 33 47 42 27 31 43 89 32 81 20 41 13 57 19 20 23 40 58 8 58 27 82 15 84 51 2 66 30 27 42 56 29 6 69 59 72 20 43 16 85 32 80 100 54 5 53 33 64 31 30 48 25 96 15 56 29 47 78 45 27 57 62 83 96 18 35 74 99 39 7 79 19 24 62 41 80 72 52 91 37 40 52 98 80 27 68 20 89 59
45 41 82 17 20 65 69 23 24 54 86 11 57 64 61 45 94 27 18 37 38 59 82 12 54 23 9 89 2 9 14 97 86 28 3 15 95 9 43 27 2 54 14 76 72 79 73 3 79 99 58 61 37 65 90 76 15 42 99 71 56 44 100 88 62 21 93 91 72 38 42 55 43 86 8 99 88 70 71 70 21 16 87 67 39 51 4 9 15 64 99
94 90 1
50 41 20 17 5 84 75 79 13 30 81 57 64 78 53 27 1 56 88 35 49 67 56 87 3 11 71 10 89 2 87 29 83 35 57 65 63 14 66 84 38 17 60 74 76 3 16 57 78 42 1 32 46 68 83 10 15 32 35 27 36 88 76 37 11 74 24 19 83 29 51 89 35 59 73 18 6 49 14 48 21 29 32 56 54 10 69 32 82 62 36 54 62 78
19 57 35 54 32 60 21 18 18 45 41 5 66 62 70 87 44 84 80 21 82 21 9 14 9 59 79 66 17 60 54 28 80 31 1 22 84 59 58 44 6 19 19 1 63 87 54 56 53 2 14 1 74 3 43 87 90 9 36 11 56 1 19 63 32 68 74 30 10 1 50 76 87 55 30 16 69 65 25 76 65 90 6 18 8 23 4 62 63 90 24 47 84 86
92 95 1
28 7 65 13 15 45 94 95 30 55 54 50 90 94 35 71 95 15 31 9 81 52 10 87 41 68 68 92 49 39 70 50 55 44 51 36 75 43 45 43 74 74 81 86 73 42 15 49 95 57 48 52 12 6 86 23 72 16 49 75 26 27 37 49 61 55 47 62 55 77 90 29 11 59 81 19 59 74 29 20 49 55 17 23 45 45 5 83 27 56 15 75
43 41 45 94 56 49 95 52 62 46 90 25 64 22 6 35 44 59 53 45 36 30 54 39 39 37 37 70 36 92 21 76 67 48 92 87 45 38 55 80 87 93 70 70 88 9 68 11 70 63 95 65 79 30 42 77 60 57 92 91 89 23 20 64 23 89 36 32 8 85 12 38 54 10 68 42 23 31 76 92 41 43 71 30 33 50 53 40 65 61 87 5
92 94 1
35 25 77 40 24 48 46 48 53 39 31 33 2 71 2 11 49 88 18 48 34 82 65 58 89 30 62 40 78 82 65 19 20 61 25 70 79 10 87 8 49 45 83 30 61 57 17 87 18 12 36 13 31 43 93 29 43 3 86 5 58 14 72 66 60 70 92 65 36 62 58 34 7 60 15 41 21 21 59 45 54 82 19 16 4 82 6 16 66 81 78 20
31 66 46 91 4 28 40 25 15 81 91 25 19 94 43 10 47 37 24 54 46 33 8 41 70 60 16 10 53 68 56 21 83 35 88 25 55 71 45 92 34 62 45 49 76 27 78 53 21 83 92 73 77 13 47 47 21 57 90 15 55 19 27 88 70 41 42 49 79 71 5 90 89 4 82 5 29 48 1 87 63 31 14 1 37 52 44 8 69 13 32 79
94 100 1
8 86 81 14 60 11 26 80 24 70 47 70 64 11 83 22 46 28 38 2 5 63 13 51 70 97 98 44 13 84 24 96 72 100 91 68 40 39 62 72 67 70 38 70 74 35 39 42 8 95 59 20 28 11 82 24 84 2 20 9 60 51 15 94 100 51 62 76 18 87 49 77 34 34 54 7 36 100 88 56 48 50 46 37 5 97 36 80 43 45 93 92 31 53
27 22 14 68 1 48 42 60 36 20 18 63 76 2 53 83 86 15 29 42 26 72 76 80 29 30 1 96 39 87 37 6 74 97 15 67 88 56 45 9 92 98 6 35 7 30 62 37 85 5 67 52 31 21 6 11 16 16 95 59 87 45 20 41 40 88 13 55 34 25 57 83 92 6 7 66 49 47 26 52 96 49 20 6 18 50 32 2 34 89 23 90 12 90
92 98 1
92 49 95 24 70 61 76 33 60 9 93 64 96 82 83 48 20 2 91 9 21 95 62 26 81 79 3 78 62 58 88 10 98 74 1 75 15 22 92 58 3 29 49 92 19 40 44 78 60 49 59 17 9 11 87 62 86 75 19 61 44 27 81 77 87 11 80 34 44 9 88 80 35 31 60 38 32 40 49 67 96 85 26 29 91 57 91 68 23 32 69 39
5 58 89 2 87 14 58 37 71 83 26 7 8 76 28 43 50 73 33 10 31 66 46 13 21 43 38 35 32 18 33 52 28 19 29 39 79 86 54 90 44 15 28 62 34 26 74 37 26 56 61 85 38 32 70 9 34 31 13 70 89 2 11 59 18 47 68 36 58 48 56 39 90 76 68 8 56 82 29 76 1 80 93 60 28 23 80 82 38 35 55 33
93 90 1
60 78 89 13 13 23 64 35 32 23 12 24 84 62 87 67 36 59 26 30 79 75 48 11 59 60 23 35 80 38 21 65 53 52 48 82 86 48 80 23 59 43 56 69 35 12 80 15 57 7 17 30 22 78 23 35 38 47 40 38 87 27 7 64 48 85 56 41 6 81 44 29 31 8 41 76 4 44 51 53 34 66 61 86 83 54 23 29 2 11 82 83 89
20 20 88 72 64 77 18 27 62 74 60 7 11 7 40 12 12 71 56 60 52 17 12 12 65 4 21 3 4 84 49 10 88 28 41 59 33 68 23 79 57 71 29 68 80 78 63 30 43 81 90 27 24 25 66 69 63 41 35 50 89 2 72 33 19 76 44 53 61 66 25 83 37 54 32 42 62 18 81 62 80 74 30 63 22 49 5 11 43 40 77 58 81
94 90 1
43 5 34 14 44 29 80 59 49 20 81 83 53 29 74 1 51 10 50 54 90 76 36 26 56 27 78 66 9 22 17 26 54 6 29 56 62 9 79 5 40 34 43 6 51 10 59 61 64 15 85 54 65 78 40 2 5 26 69 43 15 19 30 31 45 45 65 9 2 87 81 69 70 80 54 9 51 74 52 63 82 73 17 86 46 26 87 25 59 43 84 11 86 9
67 67 40 16 6 51 30 11 21 75 54 24 72 7 15 71 38 48 1 6 36 26 35 83 8 83 60 87 22 21 70 59 8 7 1 82 49 11 61 61 37 42 58 63 55 71 7 18 34 79 14 20 51 24 79 1 3 60 5 4 57 26 70 57 70 9 70 18 54 33 32 82 80 15 67 14 62 1 66 24 3 60 50 6 90 51 44 23 46 16 86 47 27 61
93 97 1
49 3 86 76 9 36 45 86 47 14 23 75 94 43 3 46 90 66 47 17 23 57 13 94 71 21 53 97 30 13 25 13 8 34 19 48 65 73 62 19 69 78 43 88 70 63 95 38 90 12 76 3 69 3 73 84 51 21 72 10 39 42 97 54 41 58 97 29 42 74 36 9 88 88 26 79 43 39 36 2 77 47 21 83 22 1 88 57 14 39 14 42 76
87 19 3 47 96 49 97 29 94 82 35 70 13 32 57 18 34 31 61 11 45 28 58 12 55 36 79 25 29 24 73 8 76 90 40 9 58 89 95 52 87 96 1 77 11 84 22 1 94 60 34 67 80 89 77 6 57 22 42 44 66 62 90 63 79 13 12 15 12 17 39 44 94 81 64 54 5 16 10 17 66 26 43 29 18 77 46 90 38 97 92 65 40
90 95 1
15 87 53 49 47 45 37 84 38 71 15 71 19 38 17 94 49 18 4 35 67 38 92 31 60 59 26 88 37 39 78 95 83 5 56 69 61 62 74 28 50 68 14 81 87 92 82 74 51 65 11 21 68 4 39 77 21 27 16 89 27 38 94 64 32 34 70 83 38 49 40 84 4 92 82 46 13 62 81 85 14 94 50 75 18 54 74 28 2 85
71 16 37 69 11 86 72 74 12 15 95 70 38 47 93 92 44 77 42 61 68 94 19 69 83 28 87 23 2 74 81 36 10 83 46 82 41 60 25 11 17 34 19 83 91 84 73 81 21 29 73 84 47 23 9 27 79 13 95 85 92 12 67 18 23 16 45 93 19 11 44 89 79 27 89 57 81 26 79 75 17 68 54 37 16 10 49 59 6 30
100 90 1
42 86 55 15 46 23 39 71 19 41 87 31 82 80 84 77 82 50 47 26 23 52 50 79 62 70 44 16 38 80 33 17 5 74 15 54 87 5 44 9 65 86 13 85 72 73 81 48 59 56 69 70 54 40 54 49 28 87 7 38 71 8 47 59 64 68 36 16 90 25 85 71 83 79 45 27 82 53 66 60 30 6 76 77 56 38 64 16 28 21 50 42 16 39 62 4 18 64 9 6
25 34 18 80 37 61 35 6 7 39 49 75 38 17 86 2 23 30 34 86 39 12 35 69 18 42 66 7 54 50 66 1 45 41 57 30 5 82 7 45 68 28 4 26 46 38 18 26 73 61 18 31 16 67 21 31 31 88 87 29 11 60 17 5 57 25 26 51 85 12 7 28 61 71 43 9 34 4 79 62 15 70 21 29 27 24 55 8 12 19 84 77 75 57 75 5 72 37 14 73
95 96 1
19 81 39 1 28 12 38 19 32 57 76 35 75 18 16 95 95 57 43 37 68 91 51 38 81 94 24 38 72 3 76 48 40 26 75 40 92 89 92 49 23 73 36 58 87 84 95 28 34 48 84 51 89 67 66 91 96 82 30 16 80 82 72 34 30 87 69 34 15 22 79 30 10 68 13 46 87 89 87 35 1 36 95 56 34 17 3 59 80 58 12 60 2 71 93
41 73 81 36 39 71 74 72 72 74 86 4 48 20 33 22 22 8 83 29 89 35 10 62 18 75 9 73 64 52 40 76 68 84 86 26 59 30 11 27 61 44 60 91 12 21 88 43 63 63 86 27 92 12 43 31 66 45 37 75 92 2 53 47 22 46 72 11 16 29 30 55 62 72 58 30 17 9 6 57 66 78 85 83 41 45 64 38 11 16 25 32 25 70 51
99 90 1
75 32 70 7 3 62 59 68 4 58 7 53 29 50 59 40 19 27 64 65 85 4 23 78 62 59 71 27 89 63 55 43 20 15 61 22 64 2 64 62 88 80 76 84 86 37 48 40 38 36 47 17 65 45 6 79 17 28 74 20 69 36 6 20 37 86 2 9 4 51 37 56 71 9 14 6 80 46 11 22 68 46 40 19 10 85 56 3 22 17 64 43 14 16 5 16 57 53 22
24 29 55 31 15 55 25 57 53 9 73 5 61 77 8 27 47 90 44 17 89 88 86 57 73 11 19 63 68 14 89 54 2 50 16 35 65 54 34 46 7 20 14 65 43 58 90 67 86 68 78 31 22 5 20 49 7 1 34 40 35 87 74 48 1 90 89 18 80 74 26 49 14 23 47 89 18 56 46 61 5 71 81 4 51 32 2 32 4 76 87 8 20 75 77 67 26 72 80
90 95 1
70 69 41 46 89 73 40 69 6 22 64 19 21 51 36 86 78 23 54 64 19 25 46 47 12 94 44 45 58 32 74 54 85 57 52 26 23 28 61 49 49 23 27 41 66 41 71 84 40 14 64 70 19 31 20 88 88 89 43 17 68 5 83 35 47 86 71 55 49 11 52 77 50 35 34 48 60 3 37 40 26 76 4 59 80 66 73 26 4 87
49 63 39 93 72 55 52 7 60 57 37 54 71 31 14 61 38 6 24 27 93 93 2 87 57 66 18 56 34 55 31 78 36 62 50 17 41 69 17 65 7 34 41 31 69 83 11 93 90 27 77 53 9 13 51 72 40 86 58 40 29 72 93 44 20 68 25 17 46 34 3 69 2 91 60 49 21 78 14 1 15 8 88 57 17 16 13 81 81 43
98 97 1
9 49 4 83 41 93 64 17 54 69 22 67 25 29 93 74 25 48 40 75 75 85 76 21 84 16 15 54 59 2 51 42 11 93 11 96 54 20 49 71 78 14 59 17 36 82 38 23 83 1 45 26 71 53 59 97 45 29 62 47 14 48 50 97 6 59 8 40 3 28 85 30 61 45 12 63 26 59 78 15 36 62 48 52 53 19 70 38 72 14 90 91 70 67 94 95 71 51
43 62 5 25 47 6 39 66 84 63 86 97 70 26 6 20 95 58 47 48 56 10 91 69 30 7 29 68 1 68 70 46 41 48 55 4 17 83 10 13 35 42 78 49 69 88 53 18 21 26 94 41 65 36 55 94 91 7 9 80 10 34 8 26 21 33 12 74 60 61 91 71 80 43 84 93 39 49 21 22 3 20 87 36 45 96 31 77 18 11 39 43 1 25 30 63 75 62
94 100 1
80 71 20 74 65 40 21 42 93 66 18 73 14 26 31 96 7 78 56 98 26 2 68 20 55 38 73 84 81 14 100 62 78 39 25 16 22 2 39 66 48 96 67 52 83 93 56 94 99 84 62 13 88 72 53 33 86 3 54 49 76 51 51 4 19 78 70 34 92 85 64 19 17 86 16 43 53 41 7 75 74 59 71 15 1 87 89 80 4 11 44 15 11 63
97 35 45 99 68 89 61 43 64 90 69 93 12 9 19 95 4 66 1 92 55 95 36 29 50 98 38 72 17 87 36 91 54 95 79 6 13 15 38 96 37 57 96 11 46 98 70 31 76 71 84 85 62 84 39 9 95 54 89 52 34 99 52 39 51 18 77 9 43 57 79 65 56 87 50 79 59 14 88 1 13 33 47 64 28 6 16 93 75 66 70 59 16 86
95 91 1
31 53 27 62 81 88 7 5 50 42 22 85 58 39 35 40 88 13 81 27 18 85 28 31 21 18 17 76 91 43 5 84 20 20 77 23 20 2 51 5 59 48 17 62 8 46 64 87 71 22 47 21 9 24 77 18 62 82 73 76 39 25 45 23 73 16 44 39 18 75 2 9 70 57 1 75 23 37 6 71 54 47 12 43 55 76 40 89 27 6 45 54 11 67 67
43 22 25 3 68 43 42 12 4 81 79 72 83 5 45 19 11 71 30 76 19 8 58 40 8 60 60 75 2 51 27 90 1 59 17 24 75 25 91 51 60 12 89 74 54 48 16 40 64 37 22 35 83 39 67 68 65 86 55 17 83 47 4 41 16 21 45 83 79 9 60 4 78 90 13 82 48 58 67 70 87 69 73 73 67 82 49 34 65 28 35 57 44 8 47
99 97 1
83 55 64 54 50 93 95 1 76 27 21 45 19 19 68 97 97 81 53 33 72 63 44 27 11 55 95 90 45 47 16 66 67 29 70 60 73 19 89 29 5 77 73 34 52 92 71 83 58 88 72 6 96 88 26 48 79 95 17 2 51 60 7 11 9 66 6 11 80 1 61 21 56 57 37 11 87 56 35 55 30 38 70 16 44 32 22 66 18 72 91 25 97 3 9 13 46 72 60
29 41 53 2 72 27 26 66 37 71 41 61 42 79 33 6 79 8 47 7 10 34 93 23 25 44 71 14 24 39 40 8 65 6 76 34 56 61 74 77 58 84 52 9 92 44 62 34 67 73 6 18 36 44 78 61 8 96 94 96 72 77 24 94 15 56 58 57 76 95 22 53 2 23 45 48 69 85 24 71 90 81 4 14 2 87 41 84 91 87 85 67 50 54 91 9 89 83 91
100 93 1
44 64 26 19 57 62 8 72 59 83 36 40 90 31 36 42 16 87 23 17 56 73 30 64 51 28 13 61 27 85 78 5 21 66 86 58 32 86 21 52 88 77 57 50 22 70 88 78 15 73 83 53 89 45 92 76 61 17 76 53 27 93 80 90 22 17 13 68 60 89 81 47 61 24 87 8 50 77 18 77 89 88 28 93 71 27 85 80 43 6 68 73 82 45 55 63 3 25 37 26
37 38 83 43 40 29 44 56 55 58 21 22 19 5 69 27 20 74 11 55 61 12 4 34 38 5 80 32 7 75 40 74 46 80 27 75 50 5 18 19 21 27 12 61 34 88 20 32 92 16 90 12 35 39 4 25 1 42 64 83 12 49 75 42 72 76 84 6 10 72 83 9 41 74 14 62 88 34 9 50 30 34 23 41 23 68 51 66 74 48 23 34 12 70 29 18 59 80 14 33
97 96 1
68 25 32 57 75 71 93 73 94 82 78 54 11 23 44 24 70 43 75 39 91 40 88 41 63 72 45 2 20 85 54 81 34 25 59 59 85 66 49 38 89 33 81 54 63 49 51 79 63 76 17 67 53 74 10 46 55 16 51 64 74 23 52 85 8 80 65 28 31 3 80 62 41 40 58 30 45 3 31 71 95 82 27 44 29 55 26 33 95 69 17 8 77 6 61 62 72
29 76 73 10 90 40 64 95 8 7 23 58 19 19 61 18 8 39 17 41 48 88 39 32 64 45 56 54 25 91 88 50 31 12 32 93 51 74 42 28 1 4 20 81 40 73 83 95 71 96 79 26 45 20 5 17 84 66 44 6 24 51 59 25 14 34 29 18 69 47 50 9 7 77 27 51 2 4 45 82 92 50 77 56 33 39 66 17 41 44 46 23 96 14 66 66 52
95 95 1
32 95 63 1 16 38 78 11 75 63 16 30 15 89 23 49 42 91 9 38 2 40 12 93 91 1 6 67 28 95 77 79 9 75 77 5 47 76 94 93 19 25 85 48 38 48 58 5 69 92 72 61 29 32 83 51 71 61 87 54 20 52 53 39 17 15 89 9 3 90 84 36 69 24 41 4 48 49 43 13 38 61 2 64 35 64 58 49 19 31 26 9 92 56 68
80 43 85 20 83 62 94 41 70 8 57 93 94 31 18 88 23 60 64 42 63 1 82 50 69 31 23 45 11 90 53 87 81 34 29 63 80 21 21 56 34 67 87 39 5 81 5 51 72 13 40 73 57 39 21 79 52 21 69 41 36 58 60 63 63 64 82 14 24 78 49 22 70 25 56 58 87 50 22 22 12 42 64 38 63 37 18 19 16 11 61 37 66 93 70
96 96 1
25 29 47 42 24 28 27 88 89 5 54 50 73 86 40 85 91 40 72 3 53 90 8 25 24 67 16 21 86 31 90 11 40 78 60 18 42 69 71 54 15 51 55 14 2 87 9 91 91 75 15 5 49 57 50 92 19 35 2 83 28 30 2 57 40 56 55 36 23 95 1 81 24 17 65 36 63 29 37 58 24 81 16 70 42 70 83 21 65 43 24 56 64 68 91 48
72 37 78 21 78 42 55 9 49 25 4 16 95 62 52 86 19 80 52 38 45 2 46 31 78 32 24 15 52 75 50 29 57 95 61 54 6 32 9 77 74 8 3 49 77 44 47 75 57 30 54 32 40 39 44 33 74 68 48 70 29 27 54 91 2 20 81 28 94 59 70 48 87 35 56 41 20 39 83 61 12 8 82 14 39 23 84 17 92 94 61 18 18 44 13 27
91 98 1
71 56 91 50 79 64 1 30 87 57 32 27 59 54 60 10 15 45 55 58 28 24 38 33 64 38 53 41 76 81 61 57 59 5 29 40 67 5 68 40 15 23 56 24 34 97 21 14 18 37 45 17 95 61 33 57 27 34 64 89 9 77 33 37 61 22 22 87 10 40 69 70 71 34 88 75 18 47 64 67 68 42 35 7 69 82 36 1 83 88 2
20 19 53 78 48 57 29 15 47 38 90 50 14 86 75 93 69 40 85 17 14 94 77 44 78 88 17 65 60 32 83 58 84 82 73 2 23 50 20 65 55 37 50 68 32 56 83 93 41 69 97 93 84 66 29 30 60 49 39 98 80 48 42 1 50 93 13 45 11 32 32 14 50 9 84 66 60 3 35 97 8 23 80 63 60 76 96 4 24 17 38
100 92 1
43 80 60 17 54 30 70 88 78 58 17 23 51 48 70 91 2 32 69 8 74 21 48 70 68 89 39 89 24 23 63 41 70 31 14 91 50 73 90 69 84 72 90 63 75 89 15 81 80 2 63 59 38 47 80 6 46 44 58 29 11 86 46 48 78 33 78 12 45 29 66 36 8 78 72 53 71 77 82 66 39 5 28 26 56 75 84 20 3 4 85 78 18 90 57 16 62 82 86 92
8 90 19 39 28 92 41 30 77 36 82 69 36 28 3 66 38 36 31 9 34 60 86 26 46 90 29 92 46 51 76 59 32 82 57 36 57 80 85 37 29 4 3 17 37 9 17 10 13 50 23 83 64 13 74 79 52 67 76 52 29 65 6 47 91 7 76 88 25 64 73 90 73 11 61 20 31 60 79 81 89 54 87 55 79 79 67 37 14 92 32 28 6 55 50 91 52 17 75 65
92 99 1
58 7 84 42 10 7 36 57 28 74 63 45 64 66 63 39 7 91 3 71 95 40 51 81 55 41 95 54 87 87 21 83 22 98 97 65 91 81 30 96 40 19 27 1 62 40 26 96 48 7 45 50 68 59 49 58 45 94 38 19 13 75 16 17 23 96 85 81 69 96 81 77 76 30 83 19 26 96 46 56 75 47 84 20 97 77 55 57 33 49 43 33
88 93 75 18 96 38 54 25 86 67 81 2 74 71 12 26 70 10 4 8 6 89 43 79 44 86 24 24 91 21 36 2 8 8 88 23 3 36 82 63 87 21 17 49 90 68 50 18 76 17 43 75 86 23 4 29 71 76 67 59 46 27 75 82 76 31 90 45 11 15 78 99 34 63 33 36 61 85 66 77 43 21 59 22 78 17 85 86 86 95 13 64
91 90 1
88 68 41 81 88 61 86 57 25 81 64 66 1 79 72 15 12 9 13 89 10 5 81 46 34 18 77 23 38 6 16 32 60 15 75 41 26 9 18 84 14 7 20 31 71 71 58 56 65 21 36 19 3 77 10 10 57 58 6 1 11 66 45 86 24 49 4 90 33 50 31 71 13 2 59 5 2 62 4 7 57 83 46 55 26 51 81 25 24 5 75
2 6 52 76 56 28 23 39 87 40 23 89 61 76 86 69 77 30 53 74 40 18 16 15 40 44 13 25 31 72 80 55 51 21 9 17 76 62 36 88 64 86 86 3 72 28 1 14 86 89 27 76 16 29 28 58 87 37 24 62 80 5 77 45 78 54 75 4 21 5 41 90 40 52 41 38 44 89 50 52 87 84 88 64 12 57 7 17 77 19 16
99 97 1
79 3 88 4 86 21 71 73 68 20 74 94 56 29 20 17 73 47 83 61 20 74 9 53 49 74 35 65 5 62 39 23 47 94 11 20 4 61 46 89 85 44 85 27 36 59 1 6 22 44 42 6 45 70 7 84 45 26 70 5 59 76 5 55 86 97 14 16 73 37 89 9 57 35 7 53 83 73 76 58 38 66 5 95 84 53 18 95 55 69 10 88 56 16 35 83 15 92 12
38 52 27 83 85 42 67 97 58 78 42 8 14 16 61 8 4 15 69 70 13 95 97 89 43 70 54 29 80 26 47 7 46 39 14 68 19 22 88 26 48 22 63 79 20 56 43 55 56 27 34 43 8 96 28 31 59 59 33 58 30 72 80 77 41 90 31 58 57 22 24 88 11 54 24 18 1 74 30 44 93 36 61 79 16 6 68 19 95 44 8 46 66 46 34 43 76 40 9
90 90 1
78 71 44 52 30 44 55 31 31 90 84 34 15 27 22 16 36 76 4 87 84 57 18 87 70 72 54 29 62 36 47 41 18 61 11 77 3 1 4 39 53 19 43 3 14 17 77 40 25 53 66 83 29 25 69 47 45 5 38 67 82 43 50 63 28 34 20 50 56 8 39 28 62 74 61 19 30 67 89 89 59 89 32 41 42 39 15 67 50 43
76 37 30 7 76 67 13 53 66 21 24 44 31 33 51 65 85 3 11 2 45 62 23 45 84 46 84 35 8 13 55 86 62 37 37 39 47 53 27 84 81 63 66 23 78 59 60 86 84 59 39 84 17 46 64 37 60 34 31 38 48 16 75 7 89 59 27 74 59 78 84 46 28 10 24 66 71 75 43 22 47 25 46 68 3 82 52 52 77 24
93 99 1
39 87 77 12 76 68 52 52 46 46 7 10 72 76 60 45 4 17 5 44 35 90 24 93 96 37 66 64 76 6 67 65 71 67 6 45 67 48 10 60 45 54 11 37 99 67 53 62 45 91 72 41 92 53 70 95 23 93 34 93 44 38 12 8 72 90 63 83 5 64 68 86 41 55 99 45 96 40 21 64 47 54 21 20 92 9 24 48 74 43 20 93 55
28 98 66 68 64 99 49 37 64 41 51 80 18 89 31 70 26 72 22 92 51 51 15 24 78 34 18 23 40 84 82 68 14 89 49 73 98 64 21 5 89 40 26 88 94 82 7 10 82 39 34 6 17 25 22 44 77 64 23 32 93 99 29 97 75 50 2 87 54 15 89 95 69 16 96 22 28 93 8 71 63 52 2 11 64 89 31 37 19 62 36 88 40
99 94 1
29 79 48 30 40 31 62 49 31 88 40 33 78 75 68 73 37 36 84 67 72 18 17 7 30 88 25 67 1 76 75 66 50 55 66 34 74 61 48 78 17 93 88 35 49 8 62 23 8 28 46 16 2 21 94 18 87 43 85 17 92 28 35 81 58 72 6 36 66 53 42 22 15 52 24 20 7 27 22 65 89 11 52 46 62 6 23 60 66 89 47 77 75 55 53 83 17 77 89
67 5 87 76 83 44 35 62 72 32 4 71 87 51 11 59 67 94 3 61 40 8 21 25 69 85 22 79 58 71 65 17 48 11 28 35 5 45 1 26 8 15 22 60 78 80 36 44 80 64 42 47 39 84 72 3 67 11 54 70 28 40 42 17 57 62 62 62 82 80 79 78 43 29 6 19 60 8 10 56 76 42 24 49 64 38 64 28 33 56 61 3 58 44 50 15 76 24 38
90 95 1
89 71 4 50 11 91 52 58 49 9 52 87 4 34 93 7 39 80 2 53 73 79 88 80 89 43 81 59 77 54 59 60 94 21 27 17 94 92 44 60 40 16 29 94 34 20 6 86 91 36 95 46 22 63 54 19 83 93 10 92 35 16 45 26 37 7 58 24 7 78 41 65 23 34 85 37 53 74 60 63 92 38 43 37 32 26 12 92 59 40
71 38 22 57 34 87 74 48 1 69 20 72 52 38 77 88 52 72 66 28 58 37 69 75 15 44 44 82 67 63 38 15 79 9 85 31 23 34 35 23 47 17 46 63 10 10 28 18 62 77 50 20 40 23 24 35 21 21 52 40 27 87 95 63 76 42 70 56 66 88 4 24 5 70 78 70 57 35 85 91 1 16 68 54 36 24 71 29 9 80
90 96 1
48 68 57 24 31 90 48 77 96 29 36 45 95 23 93 18 25 77 2 90 50 52 37 84 15 91 76 54 70 38 84 65 55 13 45 6 9 49 38 72 57 9 7 93 87 59 29 8 20 45 29 75 30 74 71 95 59 23 89 64 72 70 24 36 87 39 70 32 75 83 61 47 71 59 44 80 52 3 56 22 2 30 79 30 29 85 20 85 45 12
61 67 81 63 12 15 75 67 86 52 72 35 29 50 34 81 71 1 65 43 11 42 12 49 68 89 70 36 79 60 32 91 45 45 61 50 1 95 92 4 33 25 70 80 14 77 5 57 55 81 55 38 17 2 3 29 96 55 26 27 1 84 94 57 36 13 94 21 86 67 2 82 21 19 22 4 37 74 88 24 84 75 36 4 96 90 68 77 25 28
