100
96 90 1
50 55 69 55 10 10 89 35 36 5 38 9 32 74 17 54 19 33 18 30 50 35 69 5 72 38 44 2 45 8 45 26 69 36 51 36 23 17 9 28 25 69 50 57 83 25 88 7 39 26 1 12 12 23 21 34 47 84 70 64 6 64 20 15 16 12 66 81 23 14 44 2 40 68 51 18 39 4 19 20 86 69 48 86 49 85 28 17 86 48 1 84 11 1 34 68
73 44 31 76 32 51 78 11 67 15 74 50 76 21 11 79 39 78 51 85 20 37 9 26 51 1 35 53 51 20 68 70 59 10 34 25 49 34 76 7 27 29 90 39 19 86 25 55 30 39 48 70 37 45 18 71 55 44 73 31 50 21 1 63 8 65 38 70 8 11 35 17 63 28 72 33 31 36 58 58 82 37 26 87 6 86 14 11 90 2 16 63 10 9 68 43
95 92 1
57 37 68 90 15 30 52 62 43 38 9 15 71 62 10 46 13 14 62 85 62 67 25 90 48 86 36 3 29 30 7 14 53 3 67 56 3 17 27 27 55 45 79 62 13 1 54 66 31 60 9 35 44 87 7 76 53 84 87 58 57 82 23 28 51 45 44 62 29 38 28 15 22 18 5 81 86 7 56 41 83 34 30 12 88 38 73 44 35 84 47 27 66 81 46
2 24 1 41 84 14 46 39 46 29 35 88 67 43 40 3 46 55 80 76 85 64 64 14 26 91 82 51 92 57 90 42 13 28 42 88 22 13 16 39 84 14 21 45 25 4 72 62 16 19 49 75 58 82 49 2 57 13 85 23 69 57 6 65 39 85 65 50 52 28 55 21 50 73 50 84 36 17 39 42 57 68 57 30 20 39 20 9 31 58 67 51 41 21 86
97 96 1
41 23 6 2 50 96 91 66 7 66 72 52 52 89 88 35 32 46 87 50 23 76 43 3 11 56 9 38 45 3 24 10 64 38 25 29 3 63 69 65 82 87 49 45 18 49 49 77 3 32 23 95 27 57 88 15 61 69 26 89 25 78 8 4 49 70 13 68 21 92 21 58 83 64 89 49 76 91 79 72 74 39 62 58 14 54 24 77 58 79 14 33 78 9 46 24 46
27 55 42 11 3 33 17 42 88 52 65 90 55 2 84 23 46 54 66 22 46 36 18 78 72 34 20 87 2 85 28 72 40 83 16 76 22 38 61 5 54 90 3 5 4 69 1 35 10 3 5 87 16 89 23 33 38 32 15 39 47 85 33 56 18 88 9 83 43 82 62 22 46 34 43 89 66 53 85 52 71 56 17 44 15 31 5 40 75 3 35 12 68 52 90 31 25
100 99 1
40 11 17 82 58 56 85 44 68 87 53 96 41 79 28 43 51 83 18 64 40 64 44 75 57 70 61 80 77 96 89 9 60 6 55 5 48 94 50 4 70 83 4 38 25 71 86 43 46 49 21 57 74 95 63 99 75 82 62 82 91 84 50 3 55 6 99 30 20 65 10 59 43 93 65 36 25 73 69 90 88 1 89 88 51 80 89 49 52 49 94 34 46 28 18 49 50 31 41 14
81 64 77 84 84 92 21 15 99 36 82 42 36 82 10 98 95 66 77 3 8 79 26 26 9 23 65 57 78 6 35 70 57 38 86 64 30 82 68 83 30 91 33 90 72 68 65 17 74 51 24 83 68 96 52 28 91 11 93 51 92 39 60 22 50 74 49 36 86 4 49 93 87 44 32 60 20 22 32 63 83 20 64 5 62 52 55 33 88 58 20 87 68 29 97 55 79 56 53 8
97 95 1
33 40 38 1 9 1 64 20 28 1 41 23 72 90 42 34 62 81 81 61 46 12 86 26 55 92 17 93 83 31 58 22 33 55 48 9 45 28 18 67 34 90 48 77 76 42 17 71 12 58 17 31 76 53 5 94 52 60 31 43 75 55 48 25 65 93 24 75 17 6 34 36 42 27 89 92 13 49 39 36 44 50 4 19 6 30 64 47 72 72 76 41 71 26 51 28 84
5 46 92 43 30 78 78 69 84 90 68 9 47 26 18 95 23 76 73 72 17 9 20 51 35 54 61 49 42 24 50 63 57 50 18 56 70 79 64 76 29 59 83 16 90 12 7 21 11 36 59 74 48 46 79 36 33 5 74 90 64 37 37 37 92 7 23 7 13 67 27 66 77 16 72 83 73 39 84 27 72 2 31 2 80 31 52 1 73 27 8 33 80 32 38 89 79
94 99 1
83 41 92 37 99 27 55 87 74 82 88 30 26 57 24 21 2 3 84 12 54 12 45 6 69 89 24 28 78 98 29 59 35 41 58 93 63 31 19 31 29 84 52 40 59 17 45 76 87 22 43 9 36 95 81 99 90 45 37 56 3 59 77 92 95 77 2 35 90 44 86 21 13 19 2 64 38 6 15 39 88 94 78 16 13 46 21 46 7 89 96 82 80 80
4 65 29 40 12 34 86 62 6 9 96 49 6 33 61 83 65 31 37 72 69 21 63 51 13 76 70 69 35 57 84 90 96 94 64 77 6 9 64 7 53 86 1 94 47 60 23 32 99 88 30 47 80 20 41 25 54 13 49 36 97 78 66 97 39 98 76 5 27 6 50 52 32 71 55 7 11 31 86 91 21 79 65 65 46 81 27 44 48 60 40 80 94 49
95 100 1
85 67 44 10 52 75 67 18 40 12 16 33 4 89 79 81 38 10 57 97 71 74 99 69 31 84 23 28 94 100 65 76 28 64 28 2 45 56 42 7 77 65 97 65 92 17 8 44 88 6 59 55 72 91 99 31 67 22 52 39 96 36 64 1 13 20 15 67 35 20 50 60 73 51 68 91 26 58 36 48 38 8 47 23 80 43 12 12 29 16 12 39 29 9 38
21 70 41 52 26 81 32 94 82 20 3 7 84 47 93 44 17 41 21 71 18 68 70 78 32 59 48 90 68 99 33 12 25 21 10 77 18 64 88 96 97 91 88 33 9 81 93 12 29 12 75 78 38 27 71 71 44 89 84 34 9 37 92 15 43 27 36 9 3 52 74 37 74 22 56 35 81 4 2 18 39 90 51 64 83 36 74 86 23 60 84 57 84 32 92
100 96 1
23 1 62 11 31 52 88 87 34 55 4 20 62 5 83 93 51 46 66 25 79 52 40 86 60 96 85 28 14 73 35 40 53 76 68 12 28 93 78 18 89 79 31 49 30 7 50 24 36 72 5 37 58 72 47 94 40 47 52 27 76 6 15 96 24 21 27 25 91 27 64 41 59 90 64 30 47 26 57 88 19 5 71 33 37 42 88 27 90 74 41 79 37 89 86 5 36 68 8 7
61 84 55 36 61 66 41 61 1 76 62 40 73 80 66 91 67 64 61 91 96 75 57 77 11 76 4 3 24 94 63 18 17 96 79 35 43 55 36 43 11 42 18 16 47 3 25 28 52 36 94 82 64 5 91 83 7 8 33 11 59 35 58 13 84 40 40 24 67 30 89 10 82 62 8 50 73 61 68 38 10 48 86 3 48 34 95 20 32 34 27 73 95 95 93 90 28 34 60 36
93 97 1
87 52 57 89 39 42 79 63 16 57 3 40 86 83 83 56 40 6 13 22 47 7 50 19 95 71 97 96 94 35 20 17 36 14 57 77 92 73 84 41 7 76 62 37 13 54 25 77 10 52 15 10 32 66 76 5 41 51 86 94 86 12 47 23 34 2 60 36 58 9 81 33 56 39 23 58 13 65 82 27 58 11 66 41 76 85 26 18 50 89 71 62 9
41 63 41 32 38 49 95 33 25 24 84 22 33 46 74 48 67 61 11 62 26 52 33 48 37 33 53 76 74 21 52 5 2 31 56 94 51 38 79 38 26 37 23 80 33 89 27 22 84 19 59 34 86 17 7 77 26 2 34 61 32 95 28 89 29 65 36 30 77 26 89 85 92 40 25 45 31 17 32 53 86 34 33 70 45 18 59 67 58 15 29 48 82
93 93 1
45 93 70 86 75 29 23 20 58 60 54 37 26 23 70 55 41 20 51 91 92 71 82 38 87 92 8 53 56 65 81 28 78 55 3 44 13 50 10 55 63 30 9 23 72 14 88 53 42 52 93 28 31 48 62 44 39 39 63 53 29 14 79 80 72 40 29 21 3 37 93 32 3 68 12 65 39 71 16 52 79 87 44 23 38 16 81 22 55 19 8 83 30
27 14 3 87 2 69 10 16 80 85 82 66 3 30 42 84 82 75 16 39 25 63 29 80 25 41 33 79 34 12 92 39 37 52 22 58 88 14 33 59 62 16 89 31 3 1 63 18 23 13 74 1 88 31 82 40 92 28 62 8 6 90 7 68 69 76 70 73 33 39 14 73 82 28 25 68 85 60 43 26 40 90 75 19 76 46 21 46 75 61 1 20 38
90 96 1
37 54 83 8 41 70 95 45 8 77 51 28 71 96 84 47 23 54 93 67 83 56 64 89 88 49 88 8 8 39 66 10 36 76 49 10 39 78 60 62 84 72 58 19 38 42 41 81 14 49 10 16 29 80 24 94 23 46 58 6 6 42 53 35 94 62 61 66 4 34 42 6 48 85 14 79 87 30 10 95 63 26 79 64 42 22 17 29 18 50
50 84 26 85 91 48 87 43 83 73 18 5 9 91 28 69 10 31 54 40 13 91 21 57 73 8 86 54 74 36 9 54 83 13 18 72 55 66 11 55 18 75 43 61 81 95 28 74 26 54 70 10 78 90 54 23 20 48 27 36 95 46 4 59 75 31 22 41 21 94 92 15 87 5 67 33 58 38 25 23 34 56 32 21 74 59 36 45 66 61
99 90 1
41 32 69 63 50 9 11 18 21 90 7 23 58 27 90 30 15 14 18 27 73 10 59 12 58 60 4 45 51 25 34 78 13 38 73 27 66 5 14 47 68 63 58 8 37 83 83 23 34 26 46 29 54 12 44 60 59 43 84 51 19 48 69 1 16 8 3 34 70 37 90 25 60 73 74 14 81 72 50 65 62 44 66 86 49 8 32 37 65 73 67 43 67 55 72 42 39 51 22
77 45 60 71 73 88 13 20 81 17 4 44 25 47 48 82 80 37 48 57 72 25 65 37 12 69 50 62 65 24 8 33 81 59 65 37 83 30 33 65 72 17 76 37 82 17 44 89 45 84 18 87 81 25 4 72 60 16 6 39 37 50 28 89 8 28 62 41 75 81 83 18 25 71 62 31 71 45 81 64 29 84 84 30 33 80 8 31 37 90 20 30 43 62 50 39 69 86 24
91 93 1
69 7 33 27 33 42 25 55 17 70 49 34 70 64 81 6 9 23 66 62 25 88 50 61 77 34 8 18 9 58 69 33 12 33 8 64 90 75 38 69 41 39 59 30 25 56 88 93 51 54 34 81 70 81 56 92 1 25 24 31 23 42 26 93 85 39 21 25 35 68 52 88 87 89 85 2 57 29 13 13 72 72 42 6 84 20 77 65 32 2 66
72 85 13 73 64 59 38 39 53 65 89 24 35 47 69 27 51 27 39 12 10 80 9 6 72 62 26 55 51 12 29 5 38 77 71 55 48 38 14 50 20 65 70 46 23 39 38 78 80 33 58 10 23 13 73 33 24 31 42 27 46 56 71 49 83 32 76 21 46 30 87 63 8 21 55 32 50 71 69 56 45 59 66 56 4 15 19 26 42 12 29
94 99 1
80 85 67 55 54 67 31 6 31 49 53 87 76 58 65 2 12 68 35 30 27 71 14 34 87 26 95 48 60 27 15 56 21 5 31 99 36 15 85 38 1 54 79 49 2 1 10 75 33 27 76 4 16 91 68 89 86 41 40 21 64 29 7 90 68 81 83 79 81 99 99 86 47 27 73 74 66 59 87 16 2 52 59 18 40 21 59 88 39 61 65 86 27 84
88 88 91 22 62 97 52 22 89 70 34 59 67 99 92 48 45 88 38 60 83 74 13 77 74 34 40 89 85 56 85 36 38 17 64 94 38 46 55 68 29 94 85 37 42 21 43 84 49 72 47 77 7 9 62 95 96 93 79 96 34 30 42 97 64 71 98 63 80 62 7 33 6 2 70 34 67 60 54 20 23 18 83 3 64 73 81 43 71 78 90 44 41 89
91 90 1
77 61 56 3 70 85 8 14 84 16 7 27 9 19 1 82 7 49 49 67 31 39 33 48 85 51 15 20 13 80 67 29 38 9 32 16 43 58 22 25 37 3 60 42 61 9 43 26 13 75 57 71 23 84 35 64 70 44 40 67 64 49 21 53 46 41 6 53 38 30 70 33 47 76 85 14 18 90 89 21 50 56 12 61 41 75 38 90 76 9 58
63 3 45 32 29 25 61 78 88 50 34 61 5 51 78 31 57 84 62 40 67 58 19 42 58 28 88 25 79 74 19 7 61 5 61 82 4 88 29 29 35 4 59 43 12 78 48 74 21 82 40 80 50 77 13 58 67 84 57 77 18 10 80 56 50 74 3 82 84 51 36 39 84 83 63 37 58 28 11 23 86 70 13 51 46 24 42 48 40 2 11
98 90 1
26 89 27 60 9 45 78 81 68 70 57 89 33 46 75 74 7 18 78 17 70 57 15 41 17 11 77 62 38 67 54 25 47 3 8 48 88 19 27 4 78 87 20 27 56 29 17 52 56 70 39 17 28 60 37 33 75 14 19 17 29 14 59 51 54 72 77 23 23 86 83 55 21 23 9 57 56 52 3 2 8 55 48 82 77 50 81 69 4 3 82 7 51 17 54 25 51 20
3 42 9 40 89 70 41 83 57 87 12 73 17 31 19 19 19 34 84 72 25 22 79 15 48 78 13 64 24 35 35 58 78 40 72 85 49 72 85 45 28 7 77 14 69 42 55 76 7 37 73 28 6 85 72 3 39 87 45 86 17 48 38 24 29 17 67 37 75 33 79 42 55 59 81 62 72 60 49 38 81 13 86 84 54 49 4 36 8 19 15 22 9 59 85 81 81 34
93 95 1
31 95 13 5 19 27 28 60 63 23 86 58 10 75 4 6 42 34 73 82 37 53 34 26 75 50 90 73 72 35 33 19 70 10 7 91 94 16 7 47 64 83 58 85 40 17 76 65 41 92 73 90 66 56 40 40 6 20 64 55 95 82 38 47 83 16 30 76 17 40 2 83 29 53 88 2 56 20 35 20 23 90 52 15 70 40 87 79 14 56 85 92 84
11 32 32 88 82 18 73 40 74 10 13 22 95 74 42 64 58 55 36 40 57 43 26 1 38 55 92 53 71 20 45 42 28 88 74 22 21 89 50 45 91 11 82 72 91 50 61 33 82 18 31 6 92 62 92 27 78 61 53 16 66 9 92 6 2 29 67 6 92 12 13 85 90 35 39 51 62 91 51 76 92 84 53 76 95 27 64 54 24 34 25 25 69
91 90 1
20 35 33 48 51 86 44 38 68 22 7 51 54 1 28 54 52 50 3 28 54 47 19 20 56 79 35 16 79 41 46 5 86 58 36 84 44 81 23 4 79 74 15 38 36 45 75 41 20 23 66 75 20 83 49 65 52 5 82 45 38 46 75 19 73 44 70 30 42 73 64 84 88 14 44 6 7 85 16 25 30 46 11 20 13 58 24 79 88 34 66
40 45 69 44 16 46 61 87 12 62 66 79 73 3 60 75 29 16 23 25 70 50 14 67 66 33 74 14 52 6 70 58 78 74 21 60 60 48 70 3 44 73 38 25 26 67 53 50 74 82 14 86 81 86 36 47 32 19 8 76 18 44 79 72 86 71 54 73 89 13 49 62 87 75 3 80 24 77 63 85 50 66 66 82 38 27 65 89 62 72 15
97 91 1
31 7 4 50 53 16 35 85 74 64 16 12 91 66 64 8 7 7 4 13 86 33 39 36 75 72 24 20 18 9 82 65 87 45 62 36 35 90 88 15 53 77 69 56 55 11 7 87 57 85 33 55 65 31 15 31 68 44 75 85 8 70 63 76 66 8 47 44 86 17 1 15 30 43 68 9 28 72 19 61 32 75 83 29 5 47 17 32 69 32 10 91 39 19 75 68 7
53 48 89 28 8 89 87 72 4 72 18 19 53 1 4 71 86 21 57 50 17 54 49 83 37 44 56 66 53 4 21 44 19 81 41 53 37 62 64 28 4 66 43 64 34 70 55 57 14 76 13 14 17 43 56 47 48 34 88 24 63 53 12 43 58 29 73 13 59 66 34 8 69 8 71 57 60 19 51 54 9 79 76 37 38 86 16 21 62 59 59 5 63 72 42 54 8
99 97 1
72 25 26 90 80 14 28 5 1 24 71 56 86 45 27 65 73 25 23 49 73 78 7 15 18 18 67 25 9 60 42 72 27 79 92 35 51 60 50 5 37 25 25 20 64 55 48 50 62 62 7 28 71 65 18 42 45 63 52 95 93 20 12 53 43 22 61 87 78 7 78 18 39 23 46 78 94 72 36 42 34 90 32 37 51 77 52 12 30 14 87 60 66 65 47 56 3 43 70
83 42 37 66 16 63 27 34 13 86 9 3 40 66 70 86 15 97 75 51 40 58 68 83 76 72 75 2 23 1 96 56 48 87 43 81 80 64 32 92 9 3 20 3 77 66 34 32 65 9 96 81 78 78 31 39 61 25 33 20 85 87 5 59 15 27 2 1 30 66 79 72 48 38 84 9 95 31 19 57 58 19 80 20 58 63 36 70 3 78 72 40 64 6 46 51 35 94 89
95 94 1
28 28 19 70 74 81 65 73 34 11 12 26 31 79 25 61 92 65 62 34 69 84 48 7 78 23 26 36 62 47 12 70 41 3 66 23 38 12 25 71 79 47 59 19 43 62 78 50 72 8 26 43 91 16 81 17 11 82 89 27 76 89 29 32 1 16 33 61 63 69 76 40 49 28 70 39 29 4 49 82 5 91 13 32 89 44 5 44 24 30 88 30 84 26 24
21 60 92 78 79 26 49 74 49 14 3 37 14 3 78 94 57 54 29 61 5 26 12 55 61 60 69 81 36 92 76 5 22 61 19 94 1 30 72 41 34 33 13 44 24 61 37 33 84 23 8 17 25 37 26 54 86 4 53 53 24 55 73 41 44 21 80 68 29 90 62 55 72 80 63 38 36 20 48 51 30 42 37 31 56 33 28 37 34 3 10 20 29 30 54
95 94 1
52 54 24 31 50 14 9 21 55 5 39 88 65 76 43 14 77 91 49 48 64 72 54 18 40 91 23 75 26 43 45 50 63 66 82 44 91 8 32 27 49 41 41 77 61 22 26 16 56 66 50 58 67 72 65 2 90 41 17 57 69 92 76 77 19 64 65 3 84 93 7 94 10 78 18 36 93 63 48 70 9 27 23 2 29 65 36 32 5 63 68 6 21 5 53
73 53 47 66 37 53 33 7 80 41 48 27 76 33 44 36 50 74 7 44 73 49 3 50 11 13 89 67 94 76 15 37 51 92 68 31 56 51 3 29 19 53 53 51 54 24 75 28 8 78 15 54 63 90 13 30 50 13 38 26 3 2 7 76 32 69 62 28 43 4 79 9 29 20 31 68 91 31 17 80 69 9 83 26 30 33 58 61 83 41 62 26 41 8 35
100 99 1
39 31 99 35 33 33 73 18 54 50 93 87 94 46 81 52 33 82 92 65 84 27 18 95 19 66 2 6 65 79 53 64 6 36 88 74 14 84 65 94 17 41 1 94 61 1 41 78 62 65 20 73 56 30 91 73 82 76 76 70 84 5 25 81 23 59 62 20 68 9 7 35 90 57 49 89 26 42 96 78 33 51 65 99 36 90 41 89 24 56 86 1 14 52 26 71 87 30 25 15
78 79 47 66 29 3 10 11 45 94 81 17 52 43 39 7 36 43 24 74 25 21 90 48 46 57 71 2 3 26 44 23 38 83 92 76 87 48 19 40 86 29 80 33 20 35 23 86 54 84 69 71 30 79 71 17 2 45 22 33 34 57 15 44 32 6 91 65 50 15 15 22 2 39 64 60 31 3 53 34 99 39 6 84 75 9 83 24 22 67 93 39 78 16 27 97 97 17 62 36
96 99 1
39 43 62 94 85 25 36 85 68 76 27 54 97 33 87 33 55 67 2 32 53 40 50 68 8 24 16 81 27 15 75 7 8 51 91 13 95 36 9 21 28 82 60 79 7 43 88 83 74 67 71 59 37 39 36 15 68 90 9 77 26 72 80 98 85 79 31 65 33 39 6 54 44 46 65 85 20 41 61 85 77 80 3 9 96 94 77 64 99 59 97 96 45 24 60 42
49 84 14 20 46 19 49 62 72 84 64 67 83 9 34 56 37 9 43 24 61 47 75 2 24 47 21 79 16 39 48 38 79 48 22 29 62 66 23 56 58 66 94 74 20 9 22 14 47 1 93 88 22 68 37 61 71 62 22 70 84 11 4 99 50 97 1 99 59 86 89 86 12 39 39 58 73 74 31 88 24 97 7 5 20 54 31 17 94 72 74 6 95 76 99 92
94 94 1
57 66 56 89 67 68 88 52 82 40 9 7 83 90 13 66 57 20 23 83 79 41 84 61 31 94 16 51 7 28 3 61 68 63 84 44 48 1 11 37 37 91 13 35 69 58 78 49 60 21 35 6 19 72 64 78 14 6 63 1 16 93 90 30 53 54 73 5 89 8 87 45 36 92 55 3 47 60 74 71 13 89 11 84 44 27 60 61 12 55 88 36 66 12
77 86 47 5 34 61 32 32 5 6 15 64 34 93 59 90 94 88 6 58 53 33 71 93 82 62 55 46 86 58 44 39 90 69 80 11 61 29 25 85 3 83 26 43 82 46 51 48 25 88 51 24 4 49 60 19 74 51 45 26 40 39 12 84 32 76 63 89 28 48 76 27 27 19 84 87 39 35 44 2 16 38 72 34 6 77 65 66 93 57 24 90 26 61
96 90 1
31 37 84 27 30 81 76 84 30 55 9 13 48 20 56 2 45 60 40 32 3 57 19 41 85 37 80 63 15 20 6 73 43 21 26 37 57 16 23 60 7 19 27 80 60 87 32 30 37 71 10 48 10 19 3 58 50 27 62 60 39 89 57 16 86 14 34 38 84 89 39 87 53 75 29 46 83 45 60 75 57 15 59 10 26 5 28 43 51 82 18 71 88 37 60 49
53 90 81 72 3 62 71 60 19 32 34 70 14 24 35 64 29 8 21 43 22 62 52 10 17 23 50 68 34 61 47 50 51 52 30 76 53 27 12 21 68 59 17 52 21 90 19 45 63 7 2 78 21 44 78 41 6 14 79 19 90 55 13 60 36 55 81 71 82 64 31 90 6 86 68 48 37 85 13 14 83 47 56 48 30 84 79 6 11 57 71 66 70 10 41 70
94 100 1
68 86 62 5 58 5 85 51 15 87 6 35 34 19 87 65 49 29 61 99 73 90 98 45 79 48 46 90 14 13 79 17 83 5 25 5 75 46 58 7 73 44 28 89 64 66 62 41 67 49 72 67 41 80 31 15 5 20 33 99 59 84 16 18 77 62 71 71 18 40 42 47 76 8 79 57 93 51 19 90 59 17 90 84 1 5 93 33 30 36 16 35 2 40
47 83 24 47 71 33 53 78 52 74 9 41 84 73 97 7 34 95 96 30 60 35 4 66 35 82 43 10 54 98 4 88 53 52 32 61 79 84 6 77 57 29 14 85 19 11 67 31 37 46 22 60 47 50 99 18 40 10 58 50 63 94 45 40 99 16 81 53 64 66 95 38 89 54 87 94 20 46 70 29 89 31 22 92 52 61 39 93 17 89 62 70 78 62
99 95 1
13 23 9 13 14 15 70 33 3 76 34 51 20 41 76 31 22 87 13 62 85 65 41 10 93 93 47 56 53 90 33 28 58 3 20 62 52 82 51 85 58 24 83 86 48 21 29 89 46 61 5 19 49 55 28 15 91 51 56 91 5 77 3 21 75 47 44 50 54 30 3 5 28 58 92 72 67 88 8 28 77 81 41 11 27 88 27 22 31 30 20 43 37 38 36 19 44 72 18
55 37 1 94 85 72 7 25 69 18 65 85 79 46 64 93 5 26 89 4 71 49 32 44 91 57 79 47 43 38 55 48 77 70 2 69 18 4 94 33 88 70 31 52 65 57 46 58 17 12 58 38 87 70 34 70 66 91 54 6 32 41 84 22 89 76 6 24 5 42 14 55 57 32 90 7 75 7 31 62 30 69 89 51 69 68 7 36 9 18 95 48 8 48 79 58 42 86 57
94 100 1
40 40 3 18 73 81 2 95 19 62 75 4 72 19 95 100 85 42 5 53 64 30 8 75 92 15 62 34 77 62 65 10 60 57 13 72 56 100 65 62 72 8 72 59 20 21 19 47 49 37 91 81 11 82 87 7 43 47 100 59 19 42 10 98 86 90 69 75 60 47 57 25 40 58 12 26 20 51 68 40 18 90 61 12 40 100 3 61 43 74 26 76 71 44
4 39 37 48 11 88 47 8 34 5 20 90 20 53 74 71 51 74 98 88 34 67 90 100 23 87 82 64 78 60 13 28 56 49 23 34 71 82 69 39 13 56 27 26 92 41 79 82 97 10 34 82 57 70 56 22 23 87 69 94 9 57 67 3 48 71 93 26 37 30 60 78 71 35 71 55 89 91 48 82 25 34 52 97 94 31 72 41 58 58 81 20 39 58
96 100 1
52 84 62 27 19 72 98 68 40 6 85 53 100 64 58 85 2 23 66 53 18 97 25 76 39 39 41 49 80 67 53 52 82 10 100 49 8 39 1 31 62 79 64 74 36 46 52 13 52 55 8 24 35 22 86 45 12 84 6 12 80 65 97 45 98 27 4 89 27 12 100 85 16 50 55 67 38 63 51 54 90 68 9 23 44 70 33 1 2 29 99 43 17 30 32 71
75 45 97 6 88 14 76 81 97 7 84 65 38 69 35 66 16 5 74 87 68 36 46 66 50 21 31 77 52 29 65 45 78 70 79 92 9 55 69 38 54 41 34 64 27 76 67 30 98 54 69 98 24 66 49 91 46 55 100 65 67 75 66 73 24 22 44 30 75 37 89 93 94 19 20 75 16 4 86 76 10 17 52 61 66 67 63 45 54 22 25 76 72 47 58 91
95 98 1
9 37 8 85 3 53 77 92 52 24 70 52 15 79 83 98 57 40 74 89 42 29 47 61 44 79 54 73 5 78 75 36 62 70 8 69 90 78 58 2 32 39 35 9 58 34 74 51 27 73 16 18 47 85 25 25 41 41 17 61 52 82 14 30 11 86 56 89 9 67 70 94 81 23 27 37 86 26 84 87 76 20 59 15 12 4 32 98 31 45 24 68 72 2 79
8 80 80 22 58 69 79 51 3 5 8 36 20 21 35 74 98 52 16 86 4 73 81 64 32 74 67 89 49 3 63 17 98 68 25 33 39 33 66 12 26 61 49 8 98 51 93 74 22 57 97 47 23 60 39 50 85 86 29 29 13 11 21 83 57 79 14 71 51 75 37 48 18 17 36 75 50 91 13 2 22 15 24 64 3 51 4 85 1 78 98 4 15 84 17
93 93 1
48 73 86 23 66 18 47 16 51 5 48 6 71 56 20 82 14 35 32 84 49 92 44 87 2 59 56 51 3 39 3 58 90 41 45 47 5 84 77 17 17 88 9 86 60 70 57 55 14 69 30 24 88 42 25 92 38 19 43 69 80 49 79 3 27 29 37 27 80 33 43 60 8 80 7 73 48 90 73 4 28 91 66 34 47 13 13 34 18 39 54 91 93
24 87 21 11 88 6 50 79 26 71 64 74 75 45 85 68 44 16 41 63 84 1 80 92 93 25 64 8 18 29 77 51 5 65 60 69 55 71 32 58 70 83 46 49 49 44 4 56 85 10 63 29 61 52 78 4 54 46 12 6 28 26 59 53 11 37 79 36 90 5 55 7 77 68 12 16 87 26 36 11 87 37 7 55 68 56 74 55 42 60 11 22 51
99 99 1
50 45 53 83 61 4 86 93 11 30 15 24 30 8 51 71 40 79 19 10 24 85 7 27 20 77 81 40 7 86 97 90 17 77 19 98 2 49 7 49 80 84 32 41 31 8 85 11 54 11 71 85 3 78 2 32 60 55 68 67 47 60 35 35 1 25 17 73 18 90 6 97 39 41 63 87 50 35 16 16 89 4 96 30 21 35 69 28 65 79 76 71 79 52 40 22 94 24 91
52 12 71 80 68 18 67 76 15 62 4 94 37 78 45 78 78 39 64 40 40 32 38 13 8 48 55 79 88 28 65 14 34 49 21 14 29 59 30 91 30 49 58 88 80 88 16 48 71 17 12 95 80 58 88 3 28 99 82 32 91 17 51 63 46 8 66 68 4 27 14 73 34 23 14 85 70 5 17 2 21 84 16 61 81 84 76 98 7 80 71 72 36 73 77 67 5 31 55
91 91 1
1 59 31 68 59 81 1 49 4 3 22 64 14 89 85 28 28 5 77 49 78 8 67 15 61 20 46 6 71 2 47 22 83 4 1 4 20 59 58 20 47 8 42 21 3 76 70 2 63 75 5 40 87 18 40 84 3 8 46 77 41 91 65 21 72 31 33 55 89 69 39 45 85 5 31 65 14 24 6 21 29 37 70 48 76 26 60 80 84 19 11
88 89 27 64 58 59 45 7 60 20 67 89 64 46 21 19 61 61 42 8 6 90 27 1 38 16 74 89 86 68 76 52 42 55 49 31 42 71 77 18 30 25 40 63 58 81 54 90 10 43 46 77 12 55 76 11 62 37 18 36 10 2 74 18 62 62 25 13 63 12 9 28 14 51 36 61 78 11 65 22 77 34 53 78 82 53 65 37 5 31 40
91 94 1
78 82 66 46 5 40 26 5 6 14 11 42 88 42 24 4 70 93 90 31 26 39 68 93 12 25 53 19 24 56 8 16 4 81 50 24 19 51 65 75 10 50 78 55 55 46 84 30 46 8 7 1 5 26 34 87 36 47 94 62 39 78 62 68 28 20 50 6 69 39 24 22 94 4 43 82 48 49 69 37 54 82 65 42 58 29 47 77 61 37 19
32 89 15 87 70 37 25 70 71 60 60 33 74 56 13 51 18 27 40 75 43 79 41 88 75 67 17 84 23 84 91 38 33 60 88 32 76 77 86 16 50 5 17 29 88 44 14 36 31 55 21 21 73 62 60 5 30 86 2 40 72 39 47 7 45 13 21 41 83 45 54 87 4 84 70 69 12 61 60 21 40 80 16 71 4 74 16 17 44 70 64
99 90 1
9 10 76 59 29 43 77 62 40 74 5 23 84 83 37 1 37 43 25 84 41 61 4 87 88 79 25 27 12 23 24 47 69 53 78 29 57 37 9 9 21 61 78 8 45 40 79 62 17 90 29 89 2 13 56 23 65 23 68 12 62 6 42 24 26 58 75 54 53 14 11 6 48 49 40 66 79 82 78 1 60 15 22 10 79 42 11 64 85 25 84 79 31 19 33 73 41 61 64
50 26 77 76 14 23 21 48 37 87 83 46 48 72 69 36 78 75 22 61 31 42 84 42 49 35 32 23 15 33 89 75 82 16 36 46 38 61 65 8 26 2 17 11 86 67 6 23 44 82 37 66 42 20 48 69 90 86 49 77 37 68 73 85 60 79 32 76 23 49 32 26 14 54 67 32 21 79 85 45 64 30 90 37 25 67 87 86 49 52 33 29 11 68 37 70 25 6 33
98 99 1
30 93 55 52 64 42 72 64 50 82 91 78 67 10 13 25 98 14 97 99 14 40 39 70 59 24 2 45 14 61 75 58 59 81 94 57 33 72 48 60 5 54 52 14 22 74 38 59 66 44 39 27 23 11 83 43 18 52 19 14 2 35 65 39 62 51 36 28 73 50 22 48 61 74 7 16 19 48 56 60 79 23 9 37 81 3 47 79 79 68 24 79 58 80 44 43 98 45
86 68 59 85 1 82 65 22 20 79 55 93 68 73 90 14 20 3 39 98 60 14 7 75 73 36 17 96 17 17 90 94 57 14 33 41 67 59 81 41 97 75 40 88 1 81 56 71 14 71 33 98 77 28 48 37 43 1 2 52 70 21 76 1 43 29 26 40 12 7 58 75 39 15 78 49 25 50 75 58 35 50 82 51 45 36 77 56 57 17 4 68 29 17 81 69 89 61
91 96 1
67 73 7 83 37 59 94 87 26 75 92 74 59 79 29 79 60 24 60 15 27 46 93 7 8 87 77 63 92 47 58 37 37 14 12 60 7 74 30 80 92 37 47 86 22 59 82 35 22 68 86 3 77 29 68 2 38 55 73 15 6 63 87 48 63 79 69 53 85 70 10 77 29 87 28 14 14 23 67 82 1 29 95 21 21 93 95 70 91 94 46
13 65 14 19 18 82 73 47 10 64 37 73 69 39 19 18 44 30 88 51 35 96 73 73 68 48 4 64 44 95 77 65 13 49 11 27 58 80 50 9 55 83 17 6 77 73 5 33 63 61 79 83 90 28 42 35 14 77 2 69 11 26 89 90 14 1 32 89 32 75 23 1 79 57 43 40 66 2 93 79 46 23 58 44 83 41 67 58 86 45 25
90 97 1
67 43 75 8 18 23 59 48 81 14 5 37 42 29 86 55 64 82 35 8 81 50 32 57 11 2 30 80 29 16 70 33 60 47 50 79 8 81 66 38 47 53 67 95 79 15 67 3 13 67 90 61 2 86 81 7 44 6 49 16 79 79 93 65 17 8 66 7 63 5 63 73 1 1 71 51 78 60 42 30 60 57 53 31 6 52 80 57 21 55
73 71 89 44 58 80 54 52 74 28 85 8 26 24 66 95 50 69 90 22 20 31 21 90 41 3 1 20 94 13 38 91 54 93 61 24 29 12 85 4 22 78 4 77 31 46 39 31 40 92 81 34 24 47 38 5 82 97 18 35 23 14 5 21 84 10 25 14 97 14 18 80 43 43 20 92 97 6 73 42 2 89 40 10 29 24 61 25 53 3
94 97 1
69 22 75 6 15 96 80 67 59 26 47 32 27 50 41 91 86 96 85 16 89 20 82 96 18 43 63 47 57 97 51 85 18 3 60 29 57 9 74 87 79 76 61 24 14 26 77 24 13 69 40 57 66 13 35 45 52 74 31 51 74 51 50 94 89 30 27 58 77 20 93 73 89 1 14 26 14 17 71 44 45 43 25 30 91 8 50 57 63 77 1 34 8 71
75 11 40 2 77 42 47 69 75 16 93 79 56 82 85 17 73 7 36 45 50 76 97 12 52 89 82 23 63 25 56 65 74 32 75 81 75 23 15 66 89 77 1 8 28 40 36 73 25 6 4 30 41 47 52 86 12 22 15 69 15 20 58 91 75 83 59 77 80 10 22 41 44 83 97 45 41 84 85 43 70 30 79 3 78 85 79 35 45 42 70 28 53 59
99 92 1
88 28 50 64 36 45 85 18 10 63 70 70 13 21 31 52 87 35 73 83 42 34 83 31 75 29 45 72 50 39 79 72 23 68 2 36 85 55 43 88 70 34 21 81 7 40 29 22 38 73 66 77 42 76 89 7 27 25 16 12 55 40 26 7 53 89 40 22 59 31 37 73 15 20 13 33 47 80 53 56 11 54 66 75 12 11 59 20 75 7 29 55 21 49 77 20 27 7 23
55 70 75 19 26 74 58 23 9 73 88 76 39 36 10 42 72 7 81 24 2 69 63 41 61 11 14 21 91 48 31 44 1 18 32 28 22 27 12 27 85 57 91 40 63 3 83 5 50 16 26 61 55 69 23 14 24 5 70 35 87 70 54 61 78 74 39 75 10 63 11 31 64 91 85 60 75 90 89 1 25 1 18 25 5 35 78 53 39 70 78 62 43 74 47 56 84 65 19
92 98 1
52 80 26 58 65 44 45 82 92 36 67 21 93 85 26 71 37 35 7 46 30 98 32 42 78 98 65 58 68 3 38 18 11 33 69 86 38 81 87 62 57 95 60 13 1 90 46 87 68 25 62 69 14 76 74 2 22 64 62 51 25 27 54 38 91 7 40 36 23 66 92 81 61 33 82 15 18 1 48 20 83 89 78 95 35 52 9 23 10 50 93 10
65 44 23 75 97 77 27 41 37 50 26 84 59 15 74 31 27 23 40 11 69 9 1 70 13 15 34 80 84 42 83 46 25 5 50 29 78 86 16 38 58 10 76 85 66 79 97 35 6 30 25 94 53 36 45 34 72 24 63 3 85 18 68 11 77 92 58 33 30 44 82 41 91 45 16 86 70 14 61 50 38 68 47 15 83 46 60 68 61 59 67 50
96 91 1
6 7 63 14 89 76 26 72 28 42 66 44 69 33 26 51 78 80 47 77 80 23 91 4 65 35 40 35 72 22 73 42 34 90 12 55 22 51 49 32 1 49 45 71 32 20 19 9 2 21 24 29 52 56 79 49 54 73 14 3 1 71 49 65 74 5 11 56 38 73 72 36 8 81 85 83 65 52 84 70 47 39 1 77 27 25 24 29 5 83 30 86 82 67 74 63
57 16 5 50 40 71 73 50 88 12 1 2 13 90 81 26 88 14 15 49 60 72 35 27 19 71 53 13 62 73 67 76 61 85 77 49 18 64 44 74 3 41 27 85 44 65 4 13 27 18 50 3 81 3 22 14 59 12 62 12 8 46 27 37 19 31 46 49 39 25 25 15 61 60 26 88 35 12 75 53 65 81 36 63 6 9 69 66 69 60 34 32 71 38 24 10
99 94 1
16 47 19 29 92 82 12 78 77 67 60 58 83 44 55 46 43 80 20 52 2 67 90 24 90 16 20 48 12 30 30 30 38 25 65 21 70 75 14 83 80 42 61 55 58 64 30 13 86 48 78 60 43 40 17 22 80 88 15 38 25 13 6 46 38 18 75 58 81 10 13 19 83 90 73 82 90 78 51 41 4 66 13 73 43 62 10 16 16 33 6 5 56 76 83 26 6 77 60
83 35 34 9 54 69 65 80 73 50 47 35 29 38 69 24 90 29 90 9 21 41 87 42 24 93 52 62 31 29 33 69 79 89 3 28 50 27 24 79 10 79 36 76 48 76 16 87 54 20 5 68 90 8 53 89 15 51 35 48 22 77 63 13 94 16 91 32 92 44 55 70 73 82 70 60 44 37 56 37 64 40 76 77 58 78 30 88 46 65 20 46 25 58 85 63 63 79 2
100 100 1
31 57 24 41 65 33 77 60 68 17 20 13 80 95 8 56 63 62 76 50 67 67 23 68 29 35 78 61 73 61 23 93 67 36 51 24 87 47 82 62 31 8 4 10 45 25 40 28 12 20 68 27 93 97 23 52 50 37 40 13 88 26 86 79 86 89 29 53 71 5 31 65 9 60 72 13 89 98 29 3 86 48 14 30 26 13 76 48 12 68 13 10 65 85 47 43 62 54 17 74
51 95 73 28 82 65 2 25 39 37 97 42 47 78 27 90 46 42 71 77 92 65 63 40 50 10 17 6 70 56 52 86 57 58 72 97 32 92 14 51 55 54 41 26 58 45 66 37 75 28 44 61 22 75 64 47 72 42 82 99 21 97 91 40 8 9 38 91 84 77 34 32 90 11 58 87 13 16 26 29 60 95 55 13 35 97 98 37 49 6 10 92 51 18 28 16 27 50 61 38
99 91 1
3 9 61 62 79 88 64 53 89 14 82 82 71 83 49 40 27 73 65 27 40 33 22 48 75 51 41 80 17 60 80 46 57 48 2 25 4 82 18 51 12 27 38 21 80 86 55 48 61 63 35 52 10 59 14 79 82 76 1 45 42 57 6 12 5 85 39 36 85 26 38 29 40 9 68 66 10 4 4 33 1 90 58 60 38 27 10 2 46 44 17 39 1 65 38 88 12 88 70
29 60 66 63 35 63 25 12 74 57 40 51 4 77 50 11 72 60 58 18 55 44 72 56 84 35 56 7 22 64 79 54 79 62 86 53 19 44 81 6 90 68 72 87 67 58 4 7 72 79 10 47 21 31 23 22 28 8 41 9 91 11 30 31 23 71 76 23 66 90 86 86 50 76 8 47 63 26 54 34 91 23 67 77 63 56 49 14 89 70 10 2 61 74 82 8 11 58 50
95 96 1
64 73 47 40 55 6 28 81 86 59 96 32 33 70 15 12 87 47 35 16 75 86 85 85 87 54 22 38 69 7 91 43 56 84 25 1 23 48 85 18 51 59 64 23 29 62 68 60 95 12 93 20 44 4 23 30 37 2 49 85 57 91 23 21 94 37 79 39 4 83 93 11 81 79 8 6 7 74 93 96 35 26 34 37 90 49 11 12 90 3 69 33 65 95 27
41 37 85 32 74 80 84 54 53 91 92 20 67 38 19 50 88 56 3 72 23 95 96 3 75 57 87 16 87 26 69 68 62 72 40 47 36 63 50 83 34 22 60 63 19 63 7 55 37 95 74 12 37 63 63 82 89 47 33 21 49 10 43 19 60 31 64 84 31 63 51 27 52 40 33 58 60 60 25 73 87 77 78 66 79 48 68 35 93 84 39 27 57 45 59
93 100 1
17 21 7 20 71 56 44 15 74 23 89 46 74 80 44 30 37 54 53 17 38 69 34 22 37 48 35 16 64 39 58 70 91 36 90 11 35 70 24 100 33 78 12 22 95 69 80 8 31 32 94 29 44 80 94 52 89 17 13 25 94 53 69 58 61 93 30 8 7 67 36 73 73 42 22 17 59 67 3 34 93 79 45 15 36 84 32 43 75 32 11 69 74
78 3 100 67 25 42 29 86 15 43 13 5 87 53 23 49 51 94 73 33 49 79 69 53 20 20 62 25 50 79 51 23 74 50 73 53 90 75 16 92 72 31 52 77 73 16 48 62 30 73 90 47 21 62 66 42 31 25 60 38 5 86 45 14 35 73 57 85 92 58 50 75 98 73 9 88 7 41 14 13 88 81 69 94 18 33 54 88 97 87 87 89 26
90 93 1
75 88 19 11 25 14 76 63 75 4 68 77 11 19 83 19 66 34 91 91 84 16 83 37 92 75 24 36 47 54 53 54 79 24 45 49 48 19 53 56 29 72 54 77 61 93 92 79 17 24 55 40 46 49 11 33 57 26 82 55 80 34 71 48 64 19 9 28 66 29 52 39 91 61 68 31 77 23 68 88 80 84 76 67 85 41 53 35 41 78
77 73 57 1 89 4 55 11 29 1 74 62 23 21 51 66 92 69 85 73 31 53 21 19 46 39 68 16 6 20 57 61 83 6 1 17 33 2 93 36 10 67 19 38 53 31 79 39 3 87 51 50 40 41 56 62 19 24 56 72 25 13 22 2 81 13 76 78 43 70 33 8 21 80 90 87 38 53 87 31 85 44 86 23 89 26 13 8 44 39
93 92 1
48 12 19 8 75 40 20 32 8 42 75 5 32 33 37 23 22 28 90 77 75 45 58 11 29 8 49 7 75 86 72 79 26 47 81 59 6 7 63 67 29 21 75 70 21 73 19 19 25 78 79 8 13 26 15 54 55 89 81 18 7 88 35 90 46 66 53 27 58 39 51 24 4 63 49 89 14 63 57 87 91 34 12 19 20 32 66 92 47 54 46 91 15
67 92 74 21 53 77 3 56 13 44 38 8 73 35 85 74 31 44 13 33 88 39 40 8 7 34 48 8 18 62 67 75 28 71 58 17 23 54 27 38 65 86 87 30 75 87 85 74 87 45 51 1 88 62 56 10 69 51 83 38 8 50 69 65 5 27 35 67 69 21 2 33 84 86 32 62 80 47 11 86 82 31 10 92 56 88 29 75 16 12 47 13 59
96 99 1
22 5 7 12 27 49 11 41 47 67 4 7 78 90 93 97 33 27 33 47 17 92 26 18 81 4 49 15 10 86 37 28 19 57 59 27 71 73 62 25 71 56 40 12 87 57 72 12 13 13 76 71 44 98 79 82 11 50 20 10 94 61 35 89 68 28 20 65 52 13 69 31 65 72 18 99 79 61 74 26 3 81 78 42 99 28 88 34 50 5 54 54 14 10 13 21
23 63 92 70 82 37 1 49 7 87 98 88 27 34 11 13 97 74 45 98 8 43 88 31 11 73 59 74 61 1 44 65 52 27 88 90 59 71 56 34 87 95 11 67 92 32 64 49 76 36 85 83 79 47 8 29 25 33 79 94 56 83 19 95 89 71 96 16 65 24 22 1 23 40 60 93 72 47 75 84 41 36 81 18 45 90 73 87 93 73 75 85 53 3 98 66
90 100 1
77 99 96 67 93 15 88 60 57 64 51 98 77 76 43 28 17 4 40 58 85 5 21 87 60 29 40 41 12 78 19 85 76 75 16 99 95 53 5 41 45 11 87 39 11 57 28 13 68 64 82 18 72 80 88 38 68 52 27 75 7 30 67 51 35 7 82 27 74 76 61 47 70 13 7 36 92 92 93 25 50 48 66 37 91 94 11 95 87 60
1 64 78 4 12 65 71 94 8 51 67 40 1 84 81 8 51 90 20 62 95 29 35 46 38 87 59 6 82 86 3 37 20 8 20 50 31 94 9 56 40 55 99 5 31 53 64 99 72 20 61 54 84 11 66 85 78 69 67 55 62 49 28 74 92 5 9 42 49 7 31 37 21 78 83 92 63 19 74 28 47 93 62 70 42 99 15 72 31 25
96 94 1
61 1 23 51 15 21 34 46 30 86 79 86 80 29 67 2 2 23 73 54 8 47 87 41 82 93 30 52 50 71 32 28 75 26 71 37 80 6 19 55 73 5 39 56 74 85 70 14 32 5 91 63 89 59 15 57 37 64 5 2 80 62 16 21 63 40 32 34 93 23 59 42 64 68 5 74 32 48 82 21 71 64 50 75 10 79 38 54 65 6 85 42 41 80 65 75
60 11 17 30 73 18 80 19 38 91 76 40 36 60 75 22 22 14 6 62 93 7 33 13 77 74 47 67 46 26 5 18 34 71 2 63 30 34 31 44 38 10 67 86 27 90 61 36 51 92 83 19 17 15 78 30 82 12 42 46 31 29 31 35 5 63 91 13 58 21 11 84 91 72 4 37 22 67 91 69 31 39 11 56 77 36 51 13 34 87 89 8 42 7 66 65
98 98 1
33 66 63 67 64 74 35 35 15 87 20 61 86 75 65 53 80 30 54 53 77 11 89 81 91 7 84 36 75 50 87 69 20 40 28 18 38 33 63 58 59 10 49 70 89 69 19 22 13 52 16 67 85 4 70 32 31 85 14 94 86 93 41 5 27 60 28 8 6 27 83 38 68 5 26 97 75 96 77 88 11 16 81 87 26 52 36 62 7 44 28 69 75 42 50 63 43 44
11 88 91 81 7 35 66 43 91 98 41 15 31 35 28 18 78 43 64 48 95 79 11 70 40 85 58 31 10 8 28 30 48 30 30 24 65 28 66 54 54 63 98 8 77 47 75 14 38 28 65 4 96 53 98 16 12 39 42 26 41 97 77 37 7 33 97 95 72 57 75 35 14 52 7 86 3 27 97 71 68 5 68 70 10 5 46 98 2 58 33 47 90 56 18 71 3 12
95 92 1
31 65 61 18 89 65 35 7 84 54 43 52 90 40 17 44 10 20 50 58 19 74 80 27 73 9 18 10 88 9 72 22 51 19 40 19 84 54 50 58 71 46 68 66 84 52 23 84 51 55 83 77 92 40 62 58 74 38 36 27 76 62 31 18 20 40 92 2 71 46 70 60 55 91 76 79 36 70 82 27 56 5 56 10 36 56 7 20 68 27 75 15 42 68 46
52 71 63 79 19 24 73 33 21 75 32 27 49 63 90 33 1 10 20 21 3 91 78 31 35 22 67 77 86 73 79 40 3 55 42 80 26 28 23 80 72 92 66 27 40 29 92 6 79 40 30 41 20 34 85 64 23 36 81 50 35 78 40 68 24 62 3 39 28 13 23 39 35 27 57 18 20 51 25 34 25 70 52 21 54 68 86 50 38 2 73 39 84 76 65
93 91 1
52 78 14 42 27 64 91 15 88 76 61 42 60 38 33 6 73 91 26 90 12 49 22 78 81 33 69 68 69 73 11 86 25 22 9 48 85 85 42 12 9 4 20 62 69 4 5 37 16 46 32 3 42 62 46 21 31 60 7 9 76 16 10 81 61 25 9 31 34 54 65 82 85 79 56 21 29 10 1 81 46 21 62 2 88 4 53 25 5 29 58 54 16
88 16 64 51 83 65 25 88 63 12 27 33 29 45 53 60 34 10 78 66 15 69 46 18 35 85 36 33 36 3 32 68 61 86 33 14 81 64 6 69 8 16 55 40 82 12 79 55 20 55 91 21 18 65 4 1 13 75 34 71 49 62 49 70 31 32 13 35 68 75 2 89 45 47 22 8 84 82 60 63 15 60 5 44 67 68 33 36 49 51 9 50 42
99 97 1
36 81 6 66 13 68 97 79 57 49 50 67 32 59 96 48 16 59 43 24 90 2 82 69 26 15 72 58 16 9 68 69 22 23 22 81 58 19 69 57 9 96 94 81 65 97 74 54 91 56 68 48 82 29 16 84 78 1 26 92 74 29 18 94 8 33 3 73 43 91 72 38 2 26 84 63 85 28 31 40 44 21 90 68 13 81 31 13 56 11 76 26 79 25 29 82 27 62 57
38 42 59 70 44 79 66 50 28 52 53 20 81 50 42 76 17 11 11 96 65 76 36 27 80 35 2 60 95 68 1 45 88 9 82 35 29 11 39 73 85 78 68 21 93 19 84 75 40 42 30 22 91 38 30 5 25 35 37 67 56 61 11 78 74 54 9 78 25 76 48 41 52 17 53 13 56 10 33 94 20 18 91 54 80 61 36 89 50 60 91 77 70 13 91 71 18 11 13
98 92 1
20 20 38 63 53 90 67 63 92 66 52 71 44 86 26 72 53 59 31 28 84 16 35 71 25 71 33 4 87 90 43 17 29 75 38 41 88 39 40 91 86 31 90 61 10 46 59 77 53 66 39 90 76 27 64 85 46 37 84 84 87 25 1 89 86 2 75 92 13 12 12 55 91 33 73 76 11 3 70 81 34 32 21 12 35 63 68 24 28 52 30 67 82 6 73 92 38 4
52 23 61 19 58 67 74 22 56 39 39 72 55 29 13 86 68 34 15 45 45 27 67 20 30 15 20 50 47 26 39 5 41 38 41 13 62 43 37 24 82 75 65 62 48 92 72 51 32 25 79 12 83 36 88 30 43 10 10 11 89 4 45 15 58 75 78 20 28 86 27 61 84 45 40 45 25 85 58 32 44 56 85 20 48 45 27 30 75 17 28 15 43 47 2 62 1 31
97 97 1
8 86 74 48 64 18 2 82 82 80 30 85 39 89 73 71 83 96 59 10 46 33 59 6 51 44 47 38 26 77 4 12 59 14 83 65 90 56 51 41 66 25 83 74 23 83 39 43 36 2 53 1 53 82 30 33 61 30 79 41 71 67 92 69 56 46 87 96 77 27 22 76 48 6 47 30 13 12 16 94 22 63 29 91 91 29 45 82 73 69 9 30 68 56 28 17 85
87 80 89 10 94 68 31 92 19 72 93 66 80 9 4 94 67 10 3 54 89 1 46 57 50 52 85 74 84 46 68 10 19 73 9 22 71 72 88 38 95 40 2 34 17 64 53 6 28 6 82 29 85 9 40 30 87 86 8 58 86 68 72 68 48 32 43 75 35 81 76 21 83 53 72 62 62 19 34 68 41 70 74 20 35 93 8 5 33 41 44 36 28 25 3 73 82
99 91 1
79 82 61 59 36 49 28 48 58 76 39 72 59 90 29 53 32 78 14 18 25 69 56 88 28 48 29 64 68 75 69 88 81 13 13 9 52 16 17 63 81 45 35 28 42 9 72 2 89 3 80 11 86 70 21 32 60 77 47 64 17 13 18 31 58 51 8 11 5 33 45 22 20 41 70 32 58 38 80 44 81 26 47 90 74 73 89 17 44 49 14 25 41 10 9 30 1 62 84
55 68 16 85 3 76 23 11 4 44 78 2 24 51 37 55 67 17 29 51 86 20 63 40 6 67 69 19 61 15 55 23 90 78 14 80 18 34 59 54 14 58 30 24 43 85 18 55 26 30 88 40 87 12 4 58 37 35 68 60 18 14 66 41 28 53 21 85 49 56 87 86 85 81 26 23 79 30 48 26 72 59 42 32 26 48 91 10 12 88 33 26 73 28 55 39 38 12 22
91 93 1
38 57 81 16 20 14 82 31 69 77 7 53 39 66 19 4 63 45 35 11 33 10 38 44 6 91 31 7 3 13 72 39 93 48 60 77 52 33 22 17 41 59 12 2 37 39 10 33 45 15 33 84 44 16 3 56 1 60 35 89 21 41 70 6 36 79 66 1 59 92 16 39 61 3 57 92 58 47 91 1 63 3 72 65 80 3 92 88 72 1 89
48 10 62 49 53 31 40 75 40 41 10 37 22 91 66 77 9 52 1 91 8 74 32 11 27 85 42 4 9 15 18 8 28 88 51 54 25 64 33 41 48 36 81 75 74 17 11 18 70 60 91 64 17 22 28 57 22 76 29 41 12 15 82 34 25 70 12 81 57 77 20 88 66 9 70 16 2 23 67 80 49 11 60 47 47 51 6 60 92 65 79
92 99 1
3 92 80 92 81 46 58 92 40 71 72 4 55 27 38 67 70 90 61 74 1 32 8 78 22 21 35 10 24 60 84 70 87 83 46 4 59 82 79 82 85 78 36 38 90 15 35 76 22 40 92 1 19 31 16 16 2 24 33 20 79 21 5 67 75 18 1 96 66 76 9 95 47 47 10 55 76 75 36 94 98 48 39 56 77 20 12 90 16 91 40 67
64 12 47 89 79 12 60 94 67 87 83 38 56 52 1 14 72 95 75 65 74 5 89 29 95 82 91 18 49 95 30 40 84 74 58 81 66 87 17 76 89 76 11 31 25 33 21 13 49 63 38 56 95 49 30 62 84 62 14 67 20 17 40 20 37 19 7 97 91 77 95 61 34 83 29 51 24 67 14 9 42 50 38 53 98 38 99 48 93 24 70 23
93 91 1
87 62 29 49 84 23 61 22 29 37 81 31 77 73 84 79 59 50 61 3 23 70 14 60 24 16 58 2 55 25 24 72 35 23 14 16 24 76 41 89 15 38 5 58 70 41 16 15 38 78 62 40 63 35 69 67 62 39 13 49 6 64 40 25 63 44 18 7 65 42 9 91 30 75 80 4 2 42 64 50 39 64 76 6 47 67 63 82 66 67 59 55 79
84 61 46 85 46 37 85 57 3 36 8 45 45 58 78 46 2 88 87 28 25 46 33 37 66 69 21 53 50 41 50 85 4 15 73 42 80 3 17 17 26 25 89 51 50 69 69 60 84 16 56 37 41 53 74 56 7 67 51 57 10 48 52 3 71 37 14 26 90 52 61 86 44 79 15 17 38 1 78 36 18 9 3 43 52 66 37 6 40 24 2 76 49
94 100 1
3 58 100 96 4 93 58 45 19 41 22 41 27 45 97 64 19 93 95 100 41 63 77 33 23 93 81 78 77 74 55 25 89 27 82 81 4 2 19 98 24 20 44 56 98 86 76 19 60 63 66 11 70 92 100 78 51 23 19 53 61 9 22 45 69 86 14 19 43 44 93 78 71 28 26 82 62 6 65 97 100 68 74 6 16 14 75 50 1 18 68 99 45 17
55 39 45 48 31 95 91 6 21 61 34 1 45 58 88 3 14 73 18 14 97 88 28 89 7 61 25 39 79 53 62 80 6 86 10 27 17 86 60 9 42 31 78 6 18 63 5 95 57 7 49 18 40 67 25 76 16 48 34 57 39 28 32 79 78 77 65 46 39 56 33 96 1 16 56 95 94 15 28 72 11 8 55 63 63 36 84 3 53 80 30 84 86 78
91 98 1
26 84 52 66 17 50 15 61 15 32 85 20 38 16 60 56 52 54 48 25 17 75 51 63 26 97 72 2 98 62 5 21 1 12 85 27 29 14 89 61 57 24 26 79 5 82 72 54 84 3 52 1 39 38 65 77 9 49 80 42 49 50 44 44 30 46 49 37 53 86 21 13 24 2 63 67 39 40 68 74 41 18 87 7 89 64 55 43 36 36 89
71 47 58 94 92 83 12 76 4 25 76 28 24 46 35 9 62 27 37 19 80 90 78 95 13 56 4 16 93 2 52 69 29 63 32 7 66 88 63 58 93 78 9 90 41 34 9 9 58 49 81 52 63 53 71 55 34 14 84 12 56 86 64 13 71 52 80 94 83 30 18 22 37 42 49 55 71 21 50 79 93 71 84 55 20 21 24 31 23 4 20
98 90 1
67 58 18 28 79 37 59 44 8 68 72 23 56 85 22 75 82 4 13 5 79 67 73 18 51 29 82 85 27 43 63 52 71 85 53 18 89 29 11 32 50 29 1 56 87 58 65 38 8 21 75 85 8 82 80 5 16 43 77 18 64 32 10 71 49 68 61 33 43 43 80 6 11 68 69 51 28 36 61 20 79 67 56 72 6 20 77 9 70 20 25 23 7 3 26 86 46 25
89 45 50 18 54 78 41 15 28 53 51 68 22 19 32 32 17 43 14 14 49 65 89 50 57 68 17 12 82 17 6 74 88 2 51 3 31 58 7 8 31 28 70 65 37 15 72 56 89 26 59 82 73 86 45 8 69 9 27 46 34 43 63 83 32 29 4 42 82 8 50 27 38 18 64 40 41 83 43 59 89 87 6 33 12 35 80 17 31 25 71 40 30 75 78 14 86 47
100 96 1
49 62 14 64 1 11 48 83 37 53 8 59 45 36 20 33 32 72 63 28 16 63 47 19 11 42 74 76 89 14 60 21 7 48 55 88 33 96 37 48 82 14 4 22 34 43 82 82 18 81 36 65 80 77 16 39 64 64 37 29 61 16 81 83 30 19 45 54 48 22 9 44 31 2 64 54 40 75 17 19 86 89 70 89 2 43 64 13 47 89 68 11 65 50 25 77 95 18 72 31
3 30 52 90 3 58 84 22 42 6 41 37 32 64 31 65 45 26 16 43 11 77 89 59 36 45 33 53 46 95 51 95 72 30 54 19 1 35 85 28 48 52 35 85 82 80 90 47 82 58 44 45 93 45 38 87 45 72 70 8 10 46 89 22 79 3 40 28 26 6 47 41 75 6 30 68 53 67 75 40 85 78 59 4 83 94 55 26 91 1 72 35 92 81 40 36 37 36 34 84
95 97 1
32 9 11 90 89 21 75 93 82 38 43 77 75 91 72 68 40 87 32 92 51 51 11 25 53 91 85 53 69 72 96 73 36 22 27 6 21 5 96 7 9 32 72 5 7 31 73 34 49 55 45 49 64 91 39 67 90 91 59 40 16 25 61 14 42 97 73 2 89 2 18 7 67 36 90 13 15 25 79 69 66 70 97 62 76 87 50 38 59 75 92 46 70 89 42
19 87 87 58 94 37 3 12 57 75 9 91 44 44 95 10 37 11 19 89 32 16 39 64 55 11 22 79 77 63 48 23 68 57 36 9 5 21 29 20 55 34 85 46 54 87 74 43 32 50 7 67 73 43 26 51 88 24 16 66 78 93 75 78 47 40 43 48 49 96 67 96 5 59 67 73 27 53 38 17 11 16 81 15 78 47 26 65 33 45 52 75 21 57 58
94 90 1
27 40 59 10 51 12 35 52 51 89 16 67 14 79 3 39 15 85 17 71 35 43 9 44 18 43 22 65 70 89 4 21 18 13 82 37 44 30 81 68 21 84 28 64 31 13 56 5 14 3 32 44 74 81 15 14 72 21 48 9 58 41 56 68 42 86 71 41 36 41 70 34 68 61 90 48 30 39 34 57 28 1 20 3 28 2 22 23 70 39 29 87 66 53
70 48 20 59 8 50 86 53 28 17 86 84 43 12 68 43 65 83 58 54 29 83 5 39 40 79 64 54 72 16 64 70 88 75 25 27 47 84 33 12 8 59 56 62 48 2 29 32 61 67 50 3 7 35 32 7 62 85 19 8 51 57 86 52 57 89 55 56 21 74 44 42 26 7 77 7 31 7 16 46 51 77 74 44 8 85 17 7 30 22 16 62 30 61
95 96 1
74 17 45 5 73 70 43 93 71 39 96 79 18 90 8 44 78 5 26 50 36 34 66 1 35 72 87 61 15 89 34 18 52 83 68 62 25 51 26 46 5 58 43 63 32 64 6 18 52 27 40 95 60 19 20 3 93 83 82 12 24 29 21 93 95 24 89 60 17 50 7 56 51 27 36 21 51 35 53 44 50 6 61 57 50 22 37 31 34 15 39 76 28 83 69
48 14 54 10 96 87 61 4 91 96 26 74 59 8 31 76 22 14 56 25 58 40 32 8 77 19 37 16 35 80 65 78 78 17 39 28 72 92 39 26 63 14 58 6 30 92 25 29 76 36 80 70 5 28 47 25 79 20 20 13 61 60 56 59 55 10 58 6 46 57 49 55 4 83 56 2 79 62 48 95 81 68 87 23 45 18 4 17 3 16 15 36 66 36 20
92 93 1
42 80 74 84 2 56 28 33 65 34 73 62 9 42 5 32 60 63 19 52 36 7 57 58 12 62 82 5 40 1 3 61 59 16 67 92 5 70 3 60 30 83 21 54 85 27 28 35 82 65 47 36 43 74 56 20 83 3 27 92 39 86 61 40 92 79 13 70 54 86 41 11 36 88 9 81 13 65 83 46 84 28 91 59 12 92 85 29 81 8 40 4
64 91 54 91 49 69 34 74 73 54 28 31 18 43 57 48 40 40 89 26 22 72 70 15 57 35 46 21 56 9 39 60 28 49 49 1 27 57 23 71 49 72 6 22 78 12 52 6 58 27 43 83 54 37 69 40 62 40 53 9 82 66 92 85 30 22 67 12 63 31 1 81 70 81 78 32 29 83 8 37 46 73 72 52 78 33 20 43 69 82 34 51
97 97 1
42 93 18 10 15 12 33 22 3 8 77 48 57 87 8 12 36 86 66 74 54 41 96 38 69 66 63 84 72 36 17 78 20 43 68 94 19 8 14 2 94 59 71 18 86 32 55 23 22 43 96 26 62 23 3 94 57 68 75 50 1 72 80 20 44 75 49 96 26 16 85 64 30 38 95 46 15 97 61 93 93 78 92 96 85 64 84 61 22 12 84 50 57 45 95 56 52
85 94 2 40 22 57 25 13 28 53 29 1 45 61 11 95 59 74 69 44 19 5 87 32 77 81 96 32 30 58 2 77 10 41 75 10 93 48 12 81 68 34 67 5 13 49 65 7 79 33 29 92 25 26 70 29 5 24 62 94 79 51 8 22 37 88 75 51 30 97 11 8 88 1 52 97 48 40 40 54 1 46 26 79 76 25 62 65 57 81 39 90 54 76 3 83 95
93 92 1
77 92 58 87 41 70 62 22 31 73 64 11 28 33 37 41 63 10 27 16 41 13 9 60 56 85 68 52 60 8 37 45 9 21 58 58 44 48 25 91 90 16 78 26 1 83 52 41 63 75 51 10 23 53 16 45 33 35 73 42 28 34 83 1 55 65 5 55 52 26 79 7 73 52 3 77 35 89 44 30 67 73 89 26 44 36 56 66 66 8 34 47 51
23 15 31 2 81 63 78 19 57 4 51 43 47 3 40 52 74 23 63 83 80 63 29 2 38 23 63 84 27 41 5 8 55 64 76 7 26 57 46 66 80 61 82 19 2 65 48 5 87 69 63 34 54 23 53 38 56 52 13 21 83 4 10 25 88 52 75 73 59 46 83 41 27 29 53 43 15 23 7 20 5 30 58 16 6 40 71 46 11 17 6 2 84
100 90 1
50 63 13 32 73 58 32 62 56 36 70 42 16 58 25 84 14 39 41 60 2 25 21 15 23 12 7 29 20 47 48 67 37 66 3 41 71 33 23 26 20 81 80 74 75 11 47 76 77 47 28 53 40 62 62 48 50 35 77 54 54 86 81 26 65 68 41 71 74 29 32 22 20 55 72 25 9 58 77 76 40 45 59 77 8 49 11 27 14 46 48 86 21 70 72 26 38 22 42 11
27 89 74 86 38 8 56 15 40 53 78 88 58 13 54 88 15 17 54 51 88 38 52 8 19 78 15 46 39 24 31 80 18 86 54 90 32 58 69 49 58 8 1 79 32 59 79 62 27 83 1 3 39 42 53 10 22 27 58 56 39 48 61 58 52 56 31 58 15 65 68 72 22 5 50 68 75 89 59 13 82 71 45 70 39 8 39 6 85 22 34 1 14 6 53 33 52 63 29 45
96 98 1
32 31 44 4 15 49 27 20 90 65 46 19 92 25 7 74 38 73 74 5 4 73 60 87 11 89 77 83 10 92 87 75 88 55 31 7 26 78 91 46 55 76 73 3 77 91 53 42 55 5 65 58 56 37 32 32 79 12 50 40 39 49 31 88 51 14 54 13 47 98 39 70 92 75 51 34 10 88 96 89 86 26 16 47 43 10 2 67 93 9 65 82 88 81 70 94
97 74 39 83 11 87 33 14 76 89 82 94 66 11 20 49 8 51 66 18 22 37 95 55 66 63 90 96 68 62 32 7 9 79 68 56 19 57 42 44 5 6 83 17 45 52 88 98 77 6 18 6 24 58 16 77 15 58 93 74 32 35 42 17 70 96 65 90 69 10 75 14 60 70 21 68 6 84 18 51 16 56 67 92 51 12 41 5 65 76 71 18 96 3 18 22
96 100 1
77 43 69 26 99 48 29 97 92 71 81 1 71 43 34 80 9 26 96 15 43 73 64 72 68 64 51 70 67 17 56 99 72 67 59 60 73 20 18 26 4 7 81 54 27 100 37 96 10 98 97 30 13 19 23 85 59 98 26 34 41 26 11 71 45 6 11 72 60 7 33 98 2 9 31 78 16 62 44 89 30 9 95 7 52 40 7 7 15 1 66 27 9 50 98 14
83 30 66 16 15 36 64 78 31 80 83 17 98 79 96 81 100 40 61 37 10 38 43 48 25 37 14 76 18 74 29 12 30 48 83 9 16 3 82 16 72 33 46 22 50 7 73 39 99 16 42 60 31 30 59 63 87 87 93 78 39 25 14 10 74 43 38 75 79 55 54 73 23 56 16 81 98 29 69 46 49 58 44 53 72 88 15 13 22 10 71 59 72 73 26 59
97 91 1
58 4 6 22 81 10 27 38 12 60 53 17 21 23 42 44 79 82 29 67 64 4 82 66 90 21 54 17 5 42 89 53 64 9 1 5 9 17 32 83 24 37 42 53 1 74 56 37 36 37 35 87 41 72 37 30 43 74 85 2 83 16 27 70 61 70 16 9 70 35 46 70 75 86 74 36 54 29 39 28 56 35 37 19 45 15 85 16 44 11 85 31 87 80 44 76 63
64 14 81 84 57 53 24 18 31 34 62 90 85 17 65 36 62 32 85 60 23 55 6 17 83 53 86 64 67 85 33 58 44 88 56 6 63 39 52 40 79 33 66 39 9 50 17 32 48 4 60 39 52 38 69 2 57 69 60 66 21 53 71 44 39 31 68 40 27 21 65 61 48 28 25 22 75 74 41 53 30 55 26 58 44 12 26 79 65 64 86 22 42 65 22 71 46
91 98 1
66 25 36 59 94 57 32 32 49 12 54 38 94 92 55 68 23 95 79 34 36 66 74 2 27 54 73 8 98 4 20 8 25 20 18 73 30 51 16 67 73 64 2 23 25 25 83 6 35 91 86 11 91 53 56 96 58 45 31 36 14 69 56 87 8 75 73 37 67 37 82 78 41 86 93 86 38 74 72 38 89 60 57 6 39 19 27 47 42 23 23
38 19 50 9 73 50 63 79 48 7 37 61 17 63 90 84 3 77 20 29 58 7 59 91 32 71 27 82 83 47 68 14 49 5 71 37 75 37 77 23 5 43 75 76 35 7 44 10 64 36 68 53 43 84 34 6 24 66 53 82 15 37 66 97 55 36 26 34 82 51 92 49 64 83 86 60 9 85 36 79 25 92 61 44 76 91 83 23 34 58 41
96 97 1
1 44 61 61 74 15 86 6 12 78 49 29 60 86 96 96 11 41 34 94 7 18 87 11 53 72 6 23 57 28 68 66 7 91 35 90 16 24 46 59 57 53 86 81 52 54 62 90 41 16 73 40 13 88 69 51 49 7 34 7 61 55 46 29 38 83 46 89 27 66 11 5 92 13 74 63 80 56 1 37 84 35 22 54 28 36 40 45 70 79 40 71 37 5 1 19
49 80 54 32 25 10 43 28 10 29 48 37 20 76 23 9 79 93 80 26 37 3 23 25 42 55 54 38 16 25 5 2 9 84 6 32 56 2 68 9 35 66 12 24 24 43 64 5 40 66 14 87 61 52 68 78 50 67 62 67 40 46 26 66 68 9 79 15 28 70 2 97 93 3 45 70 36 83 31 83 8 19 38 72 47 40 43 52 8 97 30 73 16 3 46 15
96 96 1
70 75 53 40 30 80 64 85 66 87 30 53 52 57 6 26 74 2 1 29 51 55 11 84 93 27 87 4 75 16 59 17 85 60 34 62 49 81 50 23 9 9 32 40 1 94 1 56 2 15 78 90 76 4 64 16 16 82 95 70 42 79 95 47 88 62 37 70 43 35 80 59 24 50 87 35 51 40 59 29 28 8 78 42 50 52 5 88 72 22 87 33 83 90 53 85
25 65 38 8 50 75 89 68 85 3 8 77 24 10 78 76 89 79 79 59 57 93 96 94 51 57 69 95 51 29 50 13 8 34 39 56 32 63 9 36 29 62 48 5 35 5 22 86 75 76 16 2 7 8 55 70 80 6 43 63 52 12 58 45 69 95 89 2 69 76 58 14 65 55 9 68 91 63 15 32 79 83 26 87 77 20 42 31 39 67 67 57 75 73 87 5
90 96 1
42 73 22 75 14 26 91 38 73 13 49 81 72 13 7 68 37 45 36 66 87 14 24 3 32 16 54 51 11 20 3 4 85 6 63 1 39 18 74 5 78 72 45 83 4 6 22 51 81 55 1 38 62 12 83 5 13 85 20 90 62 42 71 96 10 41 39 57 46 41 10 64 89 51 93 90 34 23 75 52 96 95 46 45 72 32 22 5 58 83
70 36 17 1 49 90 38 92 32 82 15 48 29 73 78 93 82 65 57 93 92 26 28 39 63 60 28 95 61 2 76 21 27 46 83 51 8 79 79 10 11 95 23 72 18 64 79 85 65 64 19 20 40 14 69 27 2 69 78 70 17 46 86 45 53 90 72 70 56 17 20 84 22 48 3 83 15 27 1 4 62 34 24 76 49 9 72 82 14 96
97 90 1
58 15 74 32 89 90 65 80 12 59 88 84 21 24 26 42 39 43 26 69 81 5 7 7 77 49 4 51 49 3 32 65 27 48 77 71 33 4 17 31 11 3 34 30 89 58 57 41 37 2 65 8 81 25 73 21 34 38 49 29 88 88 1 62 74 89 44 13 74 64 6 12 76 89 80 9 44 37 3 52 12 11 29 70 60 56 8 50 28 63 62 47 87 37 54 33 35
90 35 68 85 36 11 79 25 66 42 2 53 48 14 56 19 46 54 34 87 30 37 37 36 49 32 56 31 61 86 25 74 67 52 32 61 70 82 31 10 44 88 36 20 49 59 42 37 38 46 47 43 78 89 54 66 16 23 79 87 25 18 14 89 56 59 18 20 78 88 30 54 11 15 24 37 20 73 54 21 61 46 47 8 31 36 20 30 27 47 3 85 44 28 40 75 78
90 100 1
43 45 75 60 38 10 59 100 97 32 1 64 10 24 71 63 69 54 93 79 24 92 14 65 54 89 92 38 15 37 84 47 95 24 15 2 9 34 67 15 28 12 20 64 91 10 65 92 27 46 12 6 31 45 47 97 8 90 76 17 9 66 64 93 35 73 14 6 87 36 24 31 30 47 45 80 78 99 8 4 48 58 30 60 97 10 15 69 47 2
90 54 65 52 50 25 56 74 44 74 34 92 62 34 72 64 47 80 19 32 99 26 5 1 91 85 98 58 47 70 98 83 92 57 46 57 20 21 61 9 24 74 45 67 35 22 75 76 2 3 44 93 90 62 53 3 94 51 64 55 11 32 56 14 87 31 9 100 28 56 10 40 10 53 62 93 58 39 21 68 69 57 97 84 96 29 79 18 63 69
100 92 1
2 73 82 33 17 73 43 59 79 14 14 18 62 30 28 82 53 82 44 86 15 23 27 63 63 81 38 60 26 73 56 44 72 50 51 7 59 64 77 77 19 6 86 8 91 63 5 52 42 61 22 14 6 26 3 17 49 68 5 75 63 26 88 64 24 79 26 37 29 85 15 73 92 26 35 30 3 74 49 42 28 55 17 11 61 51 42 68 74 29 8 26 41 90 23 18 12 51 79 49
24 87 80 44 22 2 66 11 84 7 36 49 8 39 27 22 23 61 25 83 3 12 7 14 73 38 84 40 71 89 91 53 6 24 23 42 27 31 33 92 86 72 15 60 17 46 61 68 40 72 24 7 51 78 82 56 53 49 87 60 61 44 73 18 6 42 55 86 88 54 37 29 72 12 61 18 6 22 69 1 90 58 9 64 87 14 92 2 67 3 71 37 27 42 27 1 29 20 69 67
97 97 1
82 22 21 66 66 66 96 35 42 59 9 76 17 54 94 18 49 37 50 8 95 48 1 47 91 69 85 76 13 57 4 38 61 31 27 86 40 70 69 88 54 28 43 86 89 39 51 20 73 20 26 10 9 19 4 46 7 40 45 55 43 59 88 58 49 96 95 37 64 79 42 66 5 38 44 81 52 16 78 21 82 58 75 49 15 88 32 48 54 58 27 54 86 61 3 8 52
57 3 4 43 25 63 66 17 48 49 70 65 10 9 30 29 44 27 39 33 28 29 73 90 67 35 43 39 49 18 60 87 68 25 6 1 30 9 66 45 95 78 40 28 86 2 76 5 69 25 23 45 37 33 35 16 30 9 4 27 71 26 24 70 35 15 13 52 49 2 73 11 97 37 25 96 23 55 71 64 7 4 26 2 79 27 75 65 30 13 24 70 52 83 24 6 88
95 94 1
30 78 40 91 90 87 57 60 66 26 17 40 68 77 6 88 1 62 51 30 73 13 12 79 68 12 59 75 59 31 83 68 29 92 28 43 49 71 12 30 75 85 5 63 2 9 34 46 10 23 5 25 58 90 43 89 75 92 58 54 41 76 4 49 88 8 52 25 61 65 1 19 24 8 42 45 85 2 25 4 44 67 8 63 3 6 35 94 20 6 19 84 52 88 2
75 46 39 89 64 13 19 56 7 28 29 46 69 49 60 11 87 70 23 14 1 19 32 24 6 4 63 63 38 48 14 3 53 93 79 56 27 21 22 63 8 48 66 53 80 72 90 24 83 81 36 61 63 13 29 52 4 86 13 24 1 62 94 42 78 31 25 7 31 34 13 54 22 62 48 87 20 87 51 68 88 44 35 53 65 44 33 59 91 65 60 49 89 33 25
91 100 1
2 68 77 88 42 81 29 37 98 43 98 94 67 50 85 42 34 81 18 66 43 69 26 21 71 95 54 54 28 2 75 51 41 23 81 51 77 7 18 74 41 38 43 63 13 64 48 45 73 13 89 21 86 4 71 2 12 3 14 9 12 57 89 44 35 86 26 72 80 36 32 66 74 76 28 11 68 85 55 77 95 93 79 75 80 54 72 37 58 55 72
15 54 11 81 17 91 55 4 13 66 8 83 61 61 13 38 14 51 48 52 76 88 29 8 41 89 22 4 52 80 95 81 92 47 89 66 30 65 63 21 56 12 75 75 4 41 19 10 37 19 32 8 27 19 91 79 56 31 48 19 9 45 20 31 80 46 50 3 53 79 68 35 54 63 44 40 12 22 63 31 31 16 36 32 26 31 37 7 31 25 5
97 97 1
56 56 25 4 11 39 11 8 3 55 74 27 78 36 17 13 23 92 60 49 89 11 71 58 22 2 68 82 17 85 97 14 49 67 91 13 31 47 26 91 66 10 95 20 50 35 21 49 44 64 59 82 71 65 50 20 21 87 48 85 79 6 43 88 73 17 71 28 46 55 35 21 12 37 13 68 92 2 5 2 32 44 45 13 49 94 7 5 72 2 77 52 47 56 15 93 42
5 15 43 55 7 63 55 4 43 17 84 46 29 18 70 15 30 59 10 28 90 27 21 59 40 84 38 19 1 22 28 41 18 70 75 38 18 15 52 22 23 30 23 69 12 41 15 3 61 48 16 1 89 49 27 4 81 23 3 87 35 92 36 69 85 5 29 72 53 57 37 32 96 38 73 19 27 82 79 70 63 18 55 81 81 6 20 42 1 27 60 95 78 90 85 24 28
96 100 1
77 87 3 38 16 98 87 44 35 34 86 88 32 46 55 41 86 2 55 31 89 59 3 24 18 58 27 53 44 11 88 18 63 85 31 81 91 63 40 25 87 60 89 39 39 5 34 27 92 49 73 64 87 90 65 26 8 39 16 73 44 3 66 96 65 97 99 87 76 70 12 11 30 36 10 12 57 84 76 75 84 93 87 84 42 80 81 38 16 16 43 11 50 80 30 42
19 5 68 35 20 87 85 46 49 30 81 22 52 53 17 83 71 12 51 33 26 25 32 10 86 5 84 34 31 20 67 88 10 52 1 10 92 86 73 88 94 31 55 21 82 82 99 23 90 30 48 4 48 70 41 85 68 64 22 72 25 1 39 65 4 75 47 67 43 39 51 65 60 64 100 41 9 12 95 56 18 75 7 92 44 86 42 56 13 62 75 92 71 39 22 21
95 97 1
15 27 95 90 68 75 3 70 97 79 2 31 81 67 11 51 93 33 56 68 80 67 29 10 73 53 45 92 90 69 89 60 64 13 28 38 59 8 93 67 56 81 14 30 92 74 53 52 90 62 32 59 14 67 76 83 73 39 34 8 35 85 91 33 82 50 77 53 26 83 92 38 32 46 33 19 63 76 22 53 76 42 80 59 25 41 56 60 68 91 31 2 80 93 84
59 46 75 32 75 50 49 12 64 17 44 37 28 34 93 77 13 36 80 32 86 35 34 4 39 69 92 61 66 81 83 83 67 45 58 53 4 64 77 69 27 6 78 23 36 63 62 3 74 90 23 24 27 43 38 36 79 50 59 59 41 80 55 79 10 7 10 90 80 6 7 21 46 6 8 34 16 83 71 26 2 6 54 50 28 84 8 63 36 8 5 13 85 7 9
92 100 1
56 64 56 89 31 58 62 56 74 37 2 63 83 34 57 28 85 8 40 36 34 7 66 43 25 96 27 59 64 40 9 11 83 78 96 49 76 20 92 14 96 95 53 22 90 54 18 33 36 21 54 49 32 3 22 20 73 99 53 26 44 10 27 52 43 25 80 16 98 56 77 49 93 94 93 56 31 46 90 77 36 39 73 89 79 2 13 18 12 12 74 57
77 10 98 48 17 22 14 54 35 76 49 19 54 26 51 36 43 78 82 54 89 3 11 23 52 11 82 68 47 22 18 74 73 84 32 86 17 65 39 31 94 13 1 35 22 52 90 66 35 56 1 64 15 62 50 79 22 94 85 58 75 20 50 32 57 98 68 88 29 42 9 20 37 33 63 5 21 1 94 91 72 24 19 81 25 73 5 94 88 13 55 53
99 90 1
52 42 61 52 61 14 7 15 2 45 62 75 45 49 19 73 80 44 13 39 70 63 66 25 40 49 64 39 36 78 26 77 39 1 89 67 42 75 59 83 21 15 27 23 58 40 88 81 16 24 64 79 55 86 54 83 35 39 4 22 31 73 49 26 73 36 11 3 39 76 24 43 60 71 9 46 9 20 22 24 58 77 20 59 25 55 69 74 64 70 19 33 4 6 13 1 35 57 73
1 25 48 69 16 11 44 76 21 74 34 56 9 38 33 43 89 55 51 47 16 53 10 1 10 55 86 79 1 87 68 14 26 55 16 83 55 85 30 8 1 30 22 33 86 79 25 62 36 56 53 2 19 37 17 8 47 32 73 79 73 68 81 63 36 46 74 7 56 18 22 47 50 31 31 17 90 83 7 3 64 19 30 54 51 27 77 51 16 71 38 16 68 63 64 48 32 89 64
94 98 1
25 75 5 58 20 26 5 56 34 3 79 21 70 68 33 38 81 85 75 47 24 28 71 75 19 83 26 7 76 43 79 97 78 10 56 37 12 85 71 28 61 81 16 95 53 77 39 44 1 70 88 67 13 75 75 98 1 28 80 59 43 73 17 28 3 21 70 4 72 21 45 6 46 97 97 17 25 73 88 21 95 59 36 54 55 66 36 79 78 14 83 94 44 50
92 51 64 78 30 71 12 28 95 15 51 87 65 83 85 80 87 44 89 64 58 80 47 49 9 72 32 29 34 85 2 90 41 50 20 25 49 59 69 23 84 85 37 53 14 94 66 20 41 81 75 29 63 83 37 51 13 6 23 75 97 83 41 94 40 63 66 61 87 3 43 41 34 89 44 30 12 5 18 27 12 22 57 8 68 34 94 90 33 54 26 77 73 62
97 98 1
53 93 79 67 41 77 89 82 97 23 78 64 66 51 20 37 4 22 3 48 7 27 66 70 30 98 44 54 78 34 64 28 55 82 6 30 78 48 71 52 35 51 83 46 31 35 53 30 31 2 7 69 62 53 4 2 12 59 6 25 53 78 54 93 32 59 87 25 53 81 9 85 24 9 45 34 70 41 78 52 2 41 83 26 78 64 81 5 58 42 89 19 30 91 78 98 1
19 58 72 92 80 50 87 60 92 52 5 30 65 1 23 71 43 54 39 93 78 32 21 80 92 36 78 97 15 44 14 48 68 32 83 27 43 55 10 17 97 14 5 86 45 62 6 24 70 36 10 6 41 17 54 47 31 92 26 47 35 34 46 32 3 88 41 54 40 29 3 51 31 65 59 71 52 8 48 5 54 47 18 21 41 97 41 77 39 33 1 84 31 50 14 70 72
97 90 1
68 36 66 47 65 89 88 18 73 76 10 69 57 44 90 46 45 16 71 65 81 9 26 76 56 46 26 17 32 81 83 89 22 42 31 4 73 5 45 37 34 76 32 64 15 48 80 64 71 39 50 42 18 90 5 42 10 24 19 45 45 4 78 36 60 87 81 79 31 73 82 34 52 59 31 62 60 37 46 25 47 32 38 81 57 29 75 31 20 78 78 69 38 44 59 71 66
7 80 48 36 23 85 20 60 51 41 35 45 49 47 70 76 22 32 64 58 16 53 63 31 40 17 48 61 78 59 44 51 37 61 81 64 58 4 24 60 82 41 69 35 23 72 17 66 35 16 51 48 38 58 40 40 57 88 42 31 32 74 45 72 84 70 82 52 1 88 70 71 90 42 81 36 25 47 68 14 85 26 67 25 26 4 56 18 59 62 74 86 62 70 60 60 39
91 98 1
30 44 98 73 20 78 25 62 76 85 55 60 6 88 91 56 92 3 57 29 52 90 36 16 45 85 69 2 45 60 84 30 52 19 11 60 69 65 45 83 55 8 58 12 22 78 54 13 45 71 1 86 33 62 49 91 28 92 94 83 97 52 50 35 41 13 30 25 50 39 76 88 90 31 6 75 77 24 34 49 70 12 25 21 72 15 63 42 54 64 56
3 34 66 80 23 61 59 68 1 95 68 74 55 54 31 37 23 29 23 62 60 13 28 22 88 31 78 97 43 32 55 86 16 57 47 94 52 78 75 37 54 55 67 26 15 38 29 36 13 12 46 50 31 69 94 9 49 73 39 46 34 29 69 60 89 63 70 16 59 53 39 87 51 53 58 59 45 30 62 11 25 84 29 78 16 53 66 5 10 85 52
99 95 1
52 22 41 24 67 79 65 51 82 93 32 24 67 17 45 83 50 41 35 23 43 58 69 67 47 3 38 8 87 43 5 32 30 51 16 73 25 45 3 42 33 6 53 34 68 58 72 34 2 78 52 78 75 11 15 63 22 80 3 52 85 63 49 41 64 92 56 44 79 14 7 2 27 83 38 59 16 17 51 73 67 44 55 36 50 66 70 46 37 90 61 29 41 63 76 19 34 92 1
62 39 33 94 40 40 88 46 32 40 93 11 18 73 6 93 45 33 16 39 27 13 85 18 7 21 52 16 53 36 90 15 22 29 5 39 45 50 13 69 90 13 37 70 49 4 52 61 9 71 22 71 40 91 16 37 65 20 14 93 91 66 8 34 69 32 59 82 80 1 3 72 42 38 95 30 26 36 52 45 4 86 11 5 16 58 33 49 40 11 64 69 19 78 25 88 71 73 84
98 90 1
49 36 17 87 31 5 10 68 3 17 58 9 80 48 22 18 74 44 72 78 27 55 51 76 61 84 53 50 45 57 15 45 66 30 57 65 55 18 71 16 73 39 29 89 15 74 54 82 54 26 74 71 7 30 65 26 37 49 61 24 78 80 20 46 88 61 56 88 38 55 23 29 5 79 66 44 52 29 89 88 45 43 18 36 78 53 11 47 7 11 68 14 39 60 13 42 21 26
78 79 4 86 62 39 90 42 36 21 24 56 2 12 25 31 36 34 47 15 80 85 11 54 76 29 84 4 6 33 74 72 84 8 2 13 80 76 68 9 14 56 13 44 26 59 50 70 33 79 6 31 1 17 31 28 36 37 51 42 17 10 5 72 53 20 77 57 74 23 51 58 58 81 1 73 28 61 18 61 57 29 68 71 60 39 12 62 48 42 8 51 66 52 23 10 18 52
99 90 1
47 4 55 19 78 63 14 52 9 63 10 21 71 34 69 3 48 15 17 42 40 53 26 6 87 28 17 61 69 10 2 59 72 79 52 26 54 53 21 47 9 52 28 7 77 43 9 1 81 15 22 2 8 85 15 22 12 39 16 65 62 40 44 11 81 47 44 56 29 20 41 24 24 34 66 27 80 67 11 2 84 67 84 42 83 43 84 44 77 76 37 10 43 78 2 26 77 80 48
77 39 34 7 4 44 42 78 47 15 27 75 33 11 28 20 25 66 23 82 70 86 53 26 76 69 61 26 5 77 42 14 40 26 69 58 16 2 27 78 86 75 85 82 41 1 11 55 9 82 38 18 6 72 61 24 32 3 18 86 59 32 85 85 90 14 27 55 16 13 71 18 56 2 9 39 8 27 60 37 67 44 70 4 15 65 5 86 76 26 9 50 38 35 17 82 33 62 7
90 93 1
11 28 23 77 64 78 39 57 6 81 37 59 80 2 47 75 23 60 10 48 32 2 18 30 4 52 92 70 25 37 14 51 43 29 60 74 51 83 84 53 81 17 34 13 21 23 28 91 48 35 27 47 27 70 27 11 16 84 39 66 78 10 56 64 36 30 79 79 50 66 53 65 42 38 38 70 91 3 84 61 45 72 9 42 51 72 23 35 75 50
36 23 59 71 77 37 46 38 78 18 29 74 16 34 69 82 11 11 69 51 15 25 77 12 54 44 10 45 15 71 21 40 7 20 10 2 20 71 81 64 84 34 48 30 20 62 4 41 86 34 77 93 61 48 3 90 77 58 15 23 2 75 67 30 28 22 75 33 60 85 30 3 17 61 11 87 80 8 22 12 82 24 40 41 33 93 55 93 86 16
