1714
1698
1646
1848
1742
1752
1870
1461
1761
1863
1879
1704
1824
2033
1689
1456
1740
1832
1864
1634
1607
1882
1764
2210
1887
2007
1840
1721
1840
1805
1762
1700
1587
1654
1602
1728
2044
1777
1601
2028
1799
1863
1787
1826
1815
1870
1682
1865
1903
1939
1646
1849
1668
1896
1992
1826
1862
1986
1698
1727
1766
1531
1924
1785
2027
1655
2071
1769
1859
1701
1872
1736
1781
1747
1802
1681
1668
1833
1717
1703
1694
1502
1795
1716
1513
1766
1886
1880
1611
1687
2001
1779
1690
1809
1865
1819
1772
1788
1750
1858
