463338
489247
511708
503531
496512
515434
509407
482211
484292
520600
501825
520725
474754
463428
469510
494391
485379
504039
492012
531266
462573
462340
493299
467107
520789
465362
504054
472609
528273
472718
470656
480031
502197
498436
503850
501704
473508
457095
541152
496870
514776
499792
465056
495636
496980
496965
493491
454975
514554
486294
494698
493594
501460
526638
470978
438535
516053
508348
447096
484873
491033
499240
481323
529501
479432
470022
488054
478563
459866
488936
490343
491981
455763
495644
494328
448528
488805
490625
495833
491988
506901
450948
471057
466247
442433
505081
508636
489895
458865
464796
483390
467012
454924
497336
466226
506395
500828
515425
473552
458212
