100
98 93 10
44 85 91 67 10 6 2 81 87 85 66 16 81 16 77 89 92 12 87 14 80 33 17 1 70 88 83 82 75 85 17 70 31 43 19 45 81 42 4 42 46 32 74 31 37 48 22 36 86 52 10 81 49 26 17 90 7 91 65 66 53 11 6 86 69 89 54 91 54 52 80 43 52 17 28 59 21 43 33 37 62 56 6 65 79 19 53 70 24 93 36 21 17 25 58 33 47 6
70 51 52 91 51 35 17 4 67 49 71 90 37 64 55 55 53 3 42 31 14 85 36 92 6 17 27 68 90 62 89 7 4 55 57 34 44 22 82 78 84 76 38 92 39 68 48 24 23 16 88 32 52 74 81 15 81 18 27 13 70 55 55 54 86 60 6 63 56 43 30 65 72 62 50 40 20 7 50 4 50 79 79 44 38 60 84 16 3 12 53 1 83 41 2 57 91 5
90 93 10
91 1 91 51 39 60 4 75 38 84 34 44 27 75 29 41 20 35 13 55 76 4 25 51 48 23 34 61 92 2 64 16 11 51 67 1 48 8 11 65 42 2 34 86 12 1 30 40 40 65 27 24 14 15 46 31 87 2 49 8 41 60 22 3 26 31 23 36 16 53 93 25 4 23 39 33 45 77 4 34 56 10 77 7 36 59 45 93 83 59
90 36 25 1 14 64 43 11 42 60 11 72 43 38 56 32 80 31 29 29 47 9 89 17 39 55 35 13 44 20 27 5 28 1 76 23 52 27 47 10 89 11 70 85 39 24 4 48 24 87 3 33 89 39 15 77 23 36 62 38 65 92 79 25 41 65 22 42 83 9 72 79 6 72 62 51 24 69 10 36 10 82 79 71 67 20 72 37 38 62
99 98 10
20 45 46 15 70 71 68 21 70 6 10 57 3 49 55 96 54 25 70 50 79 39 74 68 23 80 91 98 8 96 53 92 39 94 50 88 20 27 68 3 2 43 93 24 8 30 12 63 41 6 57 42 94 61 74 26 57 85 79 18 2 84 77 41 32 13 48 9 92 11 45 60 70 25 12 94 98 38 84 97 98 50 33 82 7 34 19 45 2 29 66 67 71 29 30 44 79 28 32
11 38 8 33 55 72 92 2 20 41 9 4 75 97 18 39 52 87 95 6 49 22 82 22 82 60 68 29 93 94 60 81 7 60 42 61 35 79 74 97 39 51 68 97 12 80 60 9 16 69 76 14 73 69 81 44 86 42 48 88 58 82 74 53 43 42 54 70 49 50 27 2 15 35 57 57 48 31 87 8 39 26 26 75 5 51 72 43 94 1 37 29 86 60 12 82 27 62 49
94 93 10
69 89 91 56 48 9 27 66 50 53 20 37 34 21 77 33 22 48 63 1 6 73 11 19 74 87 1 75 50 87 36 59 30 42 75 46 33 10 77 72 91 41 37 59 49 62 30 12 12 65 50 26 69 80 81 20 54 30 37 24 69 59 72 20 93 86 24 72 18 13 65 12 83 30 11 49 57 23 51 42 76 61 57 43 69 88 52 23 55 74 77 5 7 20
67 20 51 50 89 20 32 52 72 77 87 19 89 45 33 91 86 22 24 33 83 14 32 15 20 37 77 58 79 6 43 13 37 14 55 21 2 82 36 49 92 10 82 56 39 1 75 55 11 27 69 10 10 30 72 19 73 60 81 53 35 65 92 7 70 50 52 50 19 3 85 45 53 60 16 44 30 7 8 34 61 85 81 39 49 17 26 26 58 72 50 51 20 23
90 95 10
89 66 5 20 34 28 36 95 6 25 23 43 52 78 54 45 37 2 10 25 53 19 23 91 23 55 94 23 90 67 51 70 64 6 94 80 73 24 79 81 91 3 76 44 95 47 66 63 92 30 27 86 60 79 82 44 89 9 27 27 78 9 29 18 93 92 15 56 56 20 84 65 19 74 60 8 41 77 40 91 21 92 91 76 72 87 91 25 2 95
37 39 83 73 75 31 86 42 7 91 71 46 24 55 22 17 9 48 48 42 55 33 25 20 38 27 19 62 37 73 62 41 28 62 19 17 67 30 46 49 23 47 40 48 19 86 11 74 10 93 35 25 23 70 29 26 64 34 83 91 92 83 18 35 42 47 21 67 58 72 78 23 76 87 19 25 8 51 71 33 62 95 77 85 29 28 77 61 78 80
98 94 10
69 45 86 39 72 48 53 84 40 88 69 48 37 78 28 49 11 55 84 34 78 88 93 12 67 91 36 12 13 22 48 42 4 53 55 80 53 87 21 54 64 42 86 87 77 26 72 50 30 5 79 23 30 17 21 47 63 41 22 76 34 11 8 2 78 64 22 23 84 91 28 89 5 30 34 35 70 89 41 44 24 86 21 60 54 15 52 34 86 86 36 57 9 44 2 69 12 44
80 87 57 58 53 9 10 75 55 61 42 43 18 45 81 46 3 39 70 73 68 23 43 70 8 45 26 25 43 9 85 64 32 9 70 26 70 23 62 85 8 33 74 59 6 91 39 21 28 20 47 54 47 24 88 12 17 84 40 30 80 82 47 67 67 80 10 14 49 59 70 9 34 70 61 67 86 42 25 61 30 31 73 81 48 27 56 94 71 1 37 93 82 94 74 86 60 92
91 91 10
66 42 51 12 45 22 9 6 19 6 30 55 34 37 49 67 74 78 32 40 66 3 71 72 89 11 86 21 24 64 10 7 85 51 20 59 84 63 19 56 34 40 27 12 4 73 91 62 15 10 23 38 60 9 8 22 78 44 61 25 38 36 19 69 6 61 84 85 69 5 53 86 42 74 44 76 17 63 24 44 30 66 44 50 68 84 76 10 67 3 9
4 4 34 64 17 72 77 78 87 78 28 50 42 23 4 60 27 49 91 55 80 2 60 73 13 19 35 68 72 45 52 72 27 7 36 63 20 51 31 27 61 78 7 52 70 32 24 53 5 79 88 80 5 62 25 19 51 28 80 68 76 70 35 11 54 17 80 3 33 63 21 8 76 87 53 56 81 44 70 21 41 65 32 66 31 46 71 37 65 66 13
96 96 10
20 78 91 85 52 11 18 29 1 74 64 32 9 67 80 47 61 75 6 10 71 43 85 29 36 23 30 93 79 60 58 62 19 25 42 79 74 84 9 62 37 19 2 28 10 25 86 55 49 49 31 18 38 42 82 54 25 90 29 26 48 31 10 27 38 62 87 1 91 59 17 72 1 88 32 51 64 1 70 71 69 42 46 8 20 66 8 61 39 21 80 39 65 17 82 58
7 34 9 87 86 61 79 71 32 56 18 11 78 31 77 34 20 19 48 20 70 9 61 17 85 47 38 81 68 74 24 15 65 62 85 73 34 74 21 28 26 62 38 2 53 85 65 16 17 58 66 2 16 43 52 55 45 62 49 58 77 49 93 32 72 91 57 86 38 55 48 21 29 27 39 35 29 36 15 47 19 49 93 62 15 49 66 66 34 25 49 79 51 41 31 86
94 90 10
3 63 75 82 18 84 7 28 76 70 83 68 75 85 14 73 25 63 49 70 47 90 34 59 58 59 42 31 22 14 72 80 12 76 47 57 56 44 88 41 25 10 41 26 74 78 86 46 40 25 74 87 26 90 80 32 53 34 90 60 22 84 8 73 40 76 15 22 88 85 54 29 29 72 32 31 51 86 9 46 74 67 19 48 63 84 35 78 9 66 32 76 45 90
72 83 4 40 73 51 70 53 50 57 23 86 71 12 55 82 65 56 59 25 64 28 3 2 9 73 87 40 18 77 45 87 40 58 12 21 37 43 22 10 55 56 14 39 30 33 68 89 30 58 27 22 67 57 34 87 54 60 87 14 80 13 6 31 90 38 50 45 54 49 78 64 61 76 54 19 84 34 42 62 43 71 87 14 78 48 33 9 7 67 64 79 50 56
98 98 10
30 53 98 9 76 72 6 26 77 50 9 13 85 73 71 51 56 89 74 17 44 72 67 27 73 41 58 6 98 1 88 97 64 52 11 33 29 35 40 12 13 46 94 59 52 92 1 65 30 75 13 98 63 56 50 73 32 51 76 75 12 55 69 76 7 74 23 20 72 94 8 71 12 17 30 54 61 22 69 93 91 39 41 39 22 13 79 94 49 1 42 86 8 73 44 2 17 31
86 15 39 38 9 29 12 41 68 35 2 46 88 37 9 69 58 59 21 44 57 19 78 45 67 20 31 70 50 51 1 34 34 50 44 74 5 49 9 7 6 97 4 55 2 93 81 45 3 21 18 62 55 84 62 28 78 79 48 24 74 93 33 26 98 71 78 55 49 89 6 58 53 12 51 45 95 39 30 26 93 46 77 6 5 56 87 98 32 15 23 66 4 89 50 66 61 64
92 95 10
35 92 95 91 38 19 64 58 84 34 22 12 47 30 39 23 16 91 47 46 63 49 71 71 46 2 14 66 75 7 83 87 37 82 84 33 47 29 69 32 34 21 48 61 9 34 42 50 6 90 5 30 61 72 85 68 65 42 18 20 50 80 72 88 15 18 19 34 22 64 11 23 30 94 40 71 53 38 22 71 13 63 21 13 13 49 24 3 86 89 44 65
62 15 91 24 68 79 88 59 41 95 82 17 18 87 94 45 31 58 88 38 89 87 27 35 90 84 93 54 3 2 14 89 48 40 82 8 94 49 15 74 3 55 85 38 71 7 54 68 45 30 92 86 42 32 82 91 93 40 54 65 58 26 55 29 54 7 70 90 56 71 60 81 68 8 81 11 57 75 85 46 50 56 16 11 19 92 23 33 32 12 77 14
94 95 10
61 42 79 50 17 27 28 20 4 53 10 28 23 6 78 76 91 63 41 60 57 4 88 33 1 15 42 13 65 76 64 19 86 65 59 56 93 34 51 6 12 88 60 75 90 42 84 38 20 26 25 13 24 80 43 72 72 92 82 22 22 57 95 45 92 28 94 91 3 39 94 63 3 53 69 3 36 7 39 95 91 64 91 28 85 10 10 51 89 55 5 10 63 43
13 39 35 6 92 40 55 22 26 29 62 42 39 61 2 55 22 36 12 18 88 12 40 43 79 56 4 73 68 64 72 35 50 16 81 26 54 84 70 65 68 11 62 8 4 19 11 94 74 57 5 31 52 9 38 3 54 16 14 45 30 29 21 9 31 87 87 25 75 90 48 91 71 83 95 50 20 22 64 27 66 80 57 34 71 49 81 66 69 54 61 21 70 30
95 95 10
91 46 84 73 95 33 6 73 21 15 46 5 66 10 30 79 87 19 69 93 2 60 94 83 39 9 47 66 25 49 40 18 59 47 12 88 15 47 95 79 35 26 43 94 57 49 80 38 65 32 7 10 70 94 7 33 44 43 88 27 35 15 72 28 64 22 26 37 65 63 44 17 44 73 28 48 18 24 77 67 91 81 30 11 73 31 83 80 44 52 11 41 8 81 1
55 55 45 68 19 73 78 70 61 12 25 31 65 62 89 45 59 51 60 59 74 1 33 72 28 24 73 37 12 87 81 46 28 88 16 52 3 23 83 12 41 39 30 66 65 39 47 65 74 3 79 89 90 9 9 26 15 49 79 10 25 89 21 25 81 45 46 48 2 35 31 18 37 58 80 51 64 16 30 30 53 74 67 53 90 62 75 1 84 22 84 36 21 90 54
100 91 10
80 9 26 62 62 44 66 89 76 46 35 40 70 82 4 61 62 37 21 39 66 61 21 88 26 48 47 91 32 39 47 29 56 72 40 2 53 52 57 3 16 57 47 72 80 43 9 70 27 48 47 48 76 7 55 36 27 58 11 23 72 30 40 11 67 10 69 62 90 51 26 27 2 36 14 46 17 80 60 2 4 26 54 70 71 15 4 64 5 51 75 36 79 36 12 5 29 47 28 52
75 46 48 51 33 34 47 32 48 34 87 49 60 47 47 68 80 80 46 35 16 36 26 38 27 62 17 61 52 32 63 78 80 91 37 16 57 71 27 47 13 74 55 20 10 48 21 57 85 45 58 25 42 79 53 12 53 22 52 74 51 3 42 35 73 63 48 89 10 20 6 81 11 57 35 62 59 62 58 7 23 28 85 22 50 79 25 10 75 87 17 66 63 86 69 70 71 7 9 2
98 99 10
82 85 82 9 92 55 27 35 96 16 71 3 11 31 21 84 38 48 39 32 55 22 4 73 57 11 46 10 22 61 27 48 2 14 92 19 4 98 9 23 51 33 21 98 50 17 62 21 74 55 99 43 71 49 41 29 25 9 64 27 48 24 73 27 26 58 12 82 1 55 59 6 67 22 29 2 26 13 49 35 63 70 73 98 73 17 66 17 22 49 29 64 79 60 77 36 79 53
28 86 25 44 89 52 67 52 82 65 18 74 84 9 27 92 52 14 45 21 51 59 74 99 40 3 42 48 68 69 71 3 80 92 38 53 44 60 25 76 15 61 23 2 4 66 29 86 18 75 12 78 3 71 38 32 53 2 50 1 50 60 19 42 94 31 88 49 5 6 77 70 47 78 59 96 84 62 40 4 85 74 87 14 79 92 85 88 36 78 42 76 68 69 57 61 70 43
90 94 10
43 77 70 26 46 80 23 24 18 64 9 26 23 52 53 89 20 70 34 48 47 87 90 28 76 53 34 86 34 86 61 34 43 66 74 6 26 26 14 64 3 82 7 46 77 65 32 51 55 38 61 14 62 74 5 86 8 94 24 21 36 15 36 49 80 5 47 16 90 64 72 81 20 4 29 83 89 20 3 87 8 89 58 46 50 88 1 38 62 83
22 18 91 62 50 13 63 39 10 11 39 45 57 23 1 24 32 68 29 63 58 1 34 14 8 49 79 65 37 36 69 89 13 33 9 70 15 9 45 87 92 21 64 84 8 3 42 4 91 19 5 11 29 68 77 68 64 11 46 65 83 80 48 78 67 35 87 74 18 85 88 23 45 24 25 65 17 32 87 56 60 60 10 73 77 82 58 12 90 66
95 98 10
17 92 48 44 73 57 56 37 1 92 52 49 17 8 35 34 10 54 74 71 21 83 88 66 82 45 19 21 6 74 6 35 46 2 13 72 75 98 61 34 41 1 80 90 59 97 46 62 84 77 32 59 5 61 65 5 32 39 87 59 23 2 9 28 32 20 59 97 6 49 60 58 30 82 61 53 29 67 57 14 70 34 98 91 25 45 20 45 89 38 40 81 25 46 73
73 49 33 98 75 95 78 83 2 94 57 68 16 97 22 16 14 68 33 94 97 44 66 71 37 84 44 16 82 21 73 3 11 10 88 49 24 11 73 7 49 63 16 66 83 8 80 77 19 28 65 55 87 34 71 37 22 86 82 65 11 33 30 57 93 39 14 12 28 71 31 47 48 23 46 84 94 94 32 50 43 48 9 27 44 5 34 43 95 11 76 87 23 89 40
93 93 10
82 1 80 72 60 92 46 60 48 51 84 58 8 85 66 77 88 4 12 23 89 7 31 83 15 20 64 31 20 46 35 4 71 16 23 53 88 76 43 35 57 20 58 57 73 64 4 54 55 90 54 60 31 64 29 46 54 55 29 74 16 51 78 27 9 4 69 87 4 79 28 36 51 28 90 13 24 80 73 39 40 51 23 77 42 29 30 53 83 60 83 38 20
6 12 31 76 80 87 53 23 24 69 81 77 89 81 10 19 53 6 15 73 49 23 23 66 74 31 3 60 15 8 57 27 53 73 37 16 72 83 6 62 31 79 78 27 4 45 68 45 65 7 58 18 3 41 56 68 11 58 44 72 35 48 86 41 66 18 5 33 77 56 57 86 90 24 65 35 71 5 63 76 92 32 24 11 87 72 46 72 3 84 61 24 71
93 98 10
92 11 48 47 29 34 9 53 83 85 75 1 62 88 98 50 34 14 18 52 91 79 30 21 77 88 93 23 91 38 37 61 78 19 64 64 77 61 46 66 51 33 37 47 50 70 33 21 72 21 79 31 45 98 98 96 76 98 68 80 16 39 25 33 9 25 29 46 52 20 57 56 22 75 11 89 68 91 58 43 39 19 55 56 96 36 82 25 25 73 94 3 19
25 83 41 97 71 87 53 80 36 44 26 34 50 53 68 54 90 25 73 18 34 19 31 50 17 7 64 42 73 6 19 86 81 37 18 1 92 98 52 56 3 52 12 62 65 74 53 51 6 41 69 90 73 50 23 1 46 97 88 68 30 58 66 68 48 78 93 56 74 92 56 16 36 28 15 41 38 52 3 10 21 66 4 21 41 51 57 26 85 47 75 58 89
99 91 10
70 76 73 15 91 2 24 74 43 28 83 18 42 1 77 17 35 54 52 31 16 65 47 25 90 38 63 65 15 26 51 90 29 88 22 44 65 79 1 64 28 40 77 62 67 70 14 10 36 22 25 60 44 54 22 76 64 6 55 44 4 40 39 3 59 31 29 81 3 86 21 22 84 32 23 14 71 58 61 13 59 23 36 26 21 33 68 25 54 66 12 29 21 83 16 35 48 3 2
56 64 89 73 39 77 21 48 29 85 60 8 73 23 74 73 19 70 12 11 66 35 65 20 81 50 1 48 48 36 1 16 59 35 56 45 62 42 69 45 82 6 64 11 61 38 31 13 29 33 74 78 41 53 37 26 76 54 9 67 47 65 32 33 49 77 77 27 70 77 41 58 63 33 53 2 56 61 59 88 5 84 73 14 61 27 55 12 40 80 54 68 58 86 53 58 66 39 20
99 96 10
80 7 8 34 88 32 69 93 78 36 29 79 32 63 83 63 38 77 74 1 23 27 41 41 94 18 40 17 96 57 94 44 46 17 57 16 44 29 75 5 12 20 87 28 78 25 92 88 62 11 44 73 17 85 27 58 94 6 43 85 3 74 51 58 17 36 46 66 4 61 55 89 24 23 60 59 73 87 74 40 66 25 36 52 57 70 72 94 11 66 55 14 34 3 38 21 61 82 22
21 68 13 44 46 37 95 55 46 44 34 77 31 24 48 2 8 29 37 72 91 85 81 43 13 14 70 57 51 23 10 7 5 64 8 79 8 21 45 94 69 48 6 84 14 6 79 2 87 37 76 75 40 28 58 31 33 32 30 26 41 21 59 45 35 69 14 49 67 58 7 36 20 57 81 94 93 28 70 8 14 84 7 45 12 84 78 19 15 78 28 9 2 91 35 22 30 11 1
90 93 10
7 38 54 40 29 84 82 52 47 15 20 57 1 18 26 86 37 14 36 60 3 82 20 40 39 37 2 17 69 28 67 30 88 17 36 10 83 33 71 39 46 18 71 43 24 3 84 30 61 27 62 6 40 33 46 9 47 83 70 19 76 56 13 14 16 7 38 78 88 24 52 37 3 52 80 64 18 49 20 29 52 22 58 4 65 35 59 41 68 70
68 6 29 39 9 24 9 1 17 6 29 34 78 15 3 69 41 5 40 88 4 21 26 35 18 16 87 18 71 7 23 93 93 47 62 28 50 26 85 76 92 63 9 86 31 33 44 11 89 73 3 55 34 91 38 30 3 72 5 2 38 14 69 25 66 60 81 41 14 87 39 45 13 87 32 31 78 43 14 92 38 67 36 26 21 20 33 54 74 35
90 90 10
67 52 27 4 45 65 43 83 43 37 5 26 72 30 52 74 21 26 4 55 2 73 73 16 70 47 51 22 45 16 40 60 46 90 83 62 64 17 41 82 81 20 16 35 12 81 37 55 54 9 14 29 79 77 7 64 81 49 90 52 31 13 42 39 1 12 6 56 73 12 24 18 81 6 64 54 77 40 32 37 44 65 69 15 10 50 46 32 36 57
34 54 44 71 36 3 59 59 1 46 72 33 27 11 61 61 60 21 31 61 80 49 23 65 25 39 8 54 37 22 1 26 26 29 26 58 21 47 42 38 80 35 88 47 23 89 40 47 44 14 28 85 11 20 17 26 57 15 46 9 66 40 37 22 40 27 38 7 51 40 50 28 74 13 12 57 36 64 88 68 23 16 23 63 60 51 11 25 79 33
97 91 10
4 11 71 39 54 20 23 77 56 5 59 5 60 59 40 47 8 2 3 38 1 11 16 49 57 77 46 80 43 13 21 37 72 23 72 24 87 55 85 91 30 15 18 88 1 70 25 22 8 91 36 22 19 32 59 11 81 65 62 71 60 73 33 34 39 43 45 91 43 11 33 48 79 12 44 85 84 34 23 30 54 84 11 83 79 21 17 19 69 47 60 87 25 10 37 62 16
41 34 11 12 84 78 66 56 49 44 53 57 31 79 20 51 84 74 35 57 59 60 47 88 58 79 6 49 1 19 34 77 3 29 83 27 28 29 81 10 18 42 86 63 2 24 39 21 23 6 23 35 87 82 56 52 42 9 33 45 4 80 3 36 44 27 9 30 91 64 29 81 78 88 37 21 90 22 49 87 28 66 33 87 48 70 37 66 67 66 58 53 74 33 59 46 68
100 90 10
1 73 78 60 22 25 1 40 44 77 34 40 10 55 41 52 87 19 67 52 59 12 43 27 47 16 70 72 68 78 90 23 24 24 58 70 66 64 84 1 5 34 10 70 54 51 62 36 36 65 81 66 39 48 22 69 22 24 51 34 41 54 17 53 76 45 43 44 69 6 13 17 63 47 60 9 37 33 62 67 6 55 65 25 54 65 85 74 23 66 33 65 10 29 47 30 5 8 84 52
54 67 65 40 79 17 83 52 25 3 63 13 76 45 90 76 65 35 43 26 45 21 79 30 66 1 65 75 5 33 49 62 68 1 1 21 71 66 33 21 43 15 9 45 75 35 72 85 35 50 25 90 70 18 5 42 34 58 71 52 87 74 27 51 79 85 6 76 52 89 41 16 62 41 89 88 1 24 13 4 81 77 6 48 28 72 16 90 1 72 6 16 73 15 34 55 86 38 52 67
98 91 10
70 41 88 40 32 70 28 79 58 91 9 84 47 91 4 63 81 64 85 1 80 18 47 17 58 29 16 46 63 11 37 59 27 58 78 3 31 73 18 37 4 34 30 47 23 47 73 17 58 43 31 35 91 29 25 78 10 77 88 57 9 38 30 58 30 37 40 67 20 14 20 84 5 91 45 15 7 4 27 6 55 58 33 40 15 4 24 28 38 91 55 26 37 37 73 1 68 9
55 69 5 66 27 75 79 31 27 42 62 65 56 50 65 50 72 12 58 46 58 73 72 62 35 56 43 56 69 33 83 22 31 52 34 13 73 38 10 85 3 59 40 63 36 49 91 46 87 71 61 90 86 47 83 28 22 19 80 18 60 58 79 50 13 6 25 89 46 19 86 45 66 83 39 14 80 32 70 80 11 31 64 67 8 72 67 19 34 65 69 12 63 32 40 78 67 36
92 100 10
56 4 42 4 93 54 50 22 13 85 60 2 83 97 49 43 34 51 18 55 29 29 76 16 21 79 23 30 11 56 64 35 95 37 83 32 19 24 96 24 2 71 87 50 66 60 37 78 58 8 47 42 92 84 56 2 24 95 29 17 66 74 63 29 61 54 48 1 62 9 92 82 86 76 24 61 66 21 57 58 96 84 58 10 71 31 87 6 52 80 100 84
89 87 9 35 39 70 72 87 79 9 65 66 98 78 52 89 24 60 27 96 86 84 21 21 81 39 86 56 46 65 58 47 34 90 47 56 81 83 63 56 22 10 60 25 45 48 39 23 47 66 88 80 85 38 55 82 41 97 77 27 85 70 54 81 88 44 14 93 69 27 18 44 70 24 44 1 95 20 64 62 59 33 16 59 37 58 92 9 50 33 49 20
99 90 10
25 52 84 34 51 85 58 19 43 32 15 23 28 2 89 60 1 11 36 36 47 51 81 74 2 38 48 76 23 63 66 85 25 63 42 70 59 75 78 20 29 30 75 11 21 82 13 70 55 80 70 88 89 82 49 40 53 62 81 90 49 27 25 55 42 68 15 87 29 76 48 88 88 16 58 26 60 22 34 68 74 21 86 2 37 29 24 75 7 63 8 53 57 15 88 12 71 88 89
16 4 42 83 80 33 13 36 88 30 80 12 66 33 38 77 81 30 34 80 80 67 18 71 47 77 71 73 18 18 61 68 6 78 26 19 74 63 71 66 11 45 58 89 50 54 65 24 44 89 26 77 32 11 69 20 9 60 53 2 37 64 12 47 22 22 65 82 21 22 41 49 23 36 5 25 57 29 30 78 23 46 64 72 72 78 19 44 57 72 50 28 81 24 33 72 25 44 56
92 93 10
72 75 65 75 23 5 59 72 73 90 30 79 49 93 30 77 77 60 3 88 16 44 38 14 24 77 79 93 50 83 80 43 58 22 75 60 58 54 8 57 46 58 83 30 52 41 9 56 91 79 86 81 50 62 6 93 80 34 87 55 68 78 83 24 92 23 65 46 36 19 71 14 12 59 17 40 28 37 17 75 92 32 55 57 59 61 28 72 1 93 25 72
76 68 61 38 24 88 67 48 46 38 26 85 66 4 71 35 45 1 15 48 45 64 93 79 40 74 28 73 6 73 1 73 56 36 37 59 38 11 6 77 6 50 75 15 89 16 85 4 69 63 31 91 8 16 85 54 9 51 39 66 69 11 25 47 46 20 92 89 28 54 34 20 88 91 49 47 55 1 54 30 53 31 85 28 43 35 82 41 81 19 88 40
96 90 10
19 32 68 24 4 48 19 23 69 59 9 67 22 86 82 84 52 48 39 68 34 31 61 27 44 46 41 50 89 48 11 49 29 72 43 41 90 86 88 82 44 75 49 2 46 9 79 12 48 47 90 1 34 51 87 67 60 7 12 50 63 34 42 59 87 66 26 59 35 83 61 79 70 14 64 15 73 51 20 14 40 38 62 62 12 65 50 87 51 20 61 61 30 27 47 71
64 65 36 9 82 70 6 26 74 8 29 23 12 48 66 37 10 20 38 2 11 10 12 38 60 86 80 32 62 76 86 73 5 67 37 55 49 87 82 43 84 85 89 18 44 1 29 23 45 76 88 17 56 7 30 46 68 14 34 85 18 69 34 38 53 12 54 2 68 69 72 33 38 22 11 28 58 46 21 67 2 3 90 67 82 68 23 75 90 85 53 86 80 6 77 17
98 98 10
77 54 77 34 53 3 5 31 42 53 43 69 97 27 41 22 12 73 30 18 89 27 69 51 8 60 50 27 12 54 51 11 64 61 55 67 76 9 30 20 28 83 15 37 30 92 75 1 91 54 29 63 20 80 2 27 24 24 32 5 86 2 90 32 34 76 82 31 39 43 18 97 30 22 83 69 87 76 72 63 89 22 88 21 53 85 42 28 55 71 84 38 3 96 7 62 8 8
23 58 53 10 49 34 9 24 41 5 58 98 12 4 32 62 98 11 15 24 69 48 53 65 63 87 97 16 59 60 42 58 95 31 25 36 82 63 61 90 1 59 63 85 86 27 49 22 72 61 21 26 67 66 74 90 18 7 13 2 68 14 18 82 89 62 80 64 73 31 62 30 80 88 24 65 31 46 26 96 6 67 32 43 76 83 39 89 98 42 27 85 29 8 75 29 41 82
90 99 10
29 13 98 7 46 82 92 75 16 91 92 58 54 45 25 28 37 21 34 34 84 22 59 23 4 10 19 47 21 18 23 72 29 3 66 13 73 50 89 30 4 30 22 98 20 32 33 15 78 24 84 77 29 50 31 99 92 61 68 74 52 91 40 41 87 26 20 94 21 98 11 75 24 14 62 62 13 63 22 78 59 20 47 49 96 55 79 49 80 18
28 41 26 88 66 67 10 82 78 58 74 48 92 25 89 41 21 17 49 79 14 72 76 28 37 78 30 45 46 33 97 93 32 62 40 19 59 84 86 91 85 15 39 62 99 83 58 98 87 95 40 62 51 52 41 38 45 55 99 70 98 49 95 69 86 38 71 47 32 40 97 32 6 21 49 14 73 19 12 25 97 94 49 77 4 51 56 10 50 6
93 95 10
36 51 22 21 10 91 29 73 10 43 5 61 14 12 59 50 17 35 45 23 82 81 57 75 89 86 94 5 78 21 62 76 4 64 12 85 56 49 65 43 51 89 88 28 38 21 28 35 90 72 76 77 73 60 17 58 91 28 91 76 56 17 48 28 78 66 73 24 2 71 66 73 37 5 46 35 44 74 4 2 72 76 44 18 65 38 21 51 11 73 68 22 2
5 67 68 67 32 12 75 19 42 44 89 34 92 42 41 77 37 72 95 51 94 88 29 2 9 83 18 88 55 26 15 46 43 12 53 52 23 73 77 9 1 42 44 44 34 37 46 51 89 84 37 32 42 80 22 35 80 93 82 2 59 67 21 36 29 87 21 1 18 70 41 10 46 20 6 68 64 2 53 45 49 25 49 35 70 58 23 4 57 21 57 87 85
99 91 10
87 82 59 43 40 61 29 79 71 36 66 52 72 58 65 28 47 9 87 29 87 48 21 81 23 49 42 55 16 43 28 73 10 62 29 48 51 38 86 54 48 39 31 87 89 46 50 53 81 13 11 35 49 82 40 60 75 8 7 72 52 56 23 22 59 32 48 84 76 7 40 84 22 75 34 10 24 44 45 88 66 51 66 38 40 80 27 34 43 68 16 46 82 33 41 34 27 28 49
27 49 64 69 47 56 8 77 59 84 84 76 49 2 90 84 30 16 29 51 27 78 91 56 59 89 24 5 89 69 5 13 51 80 67 71 20 30 22 46 55 80 44 25 85 72 57 15 26 65 39 51 89 74 64 28 65 12 51 54 31 40 13 49 84 61 59 18 29 41 49 46 48 64 64 13 64 2 55 66 55 64 34 31 67 69 64 71 83 62 2 88 52 11 38 10 41 86 36
91 99 10
42 32 50 31 82 38 64 15 68 18 7 99 20 94 67 94 84 63 47 24 31 13 20 21 95 89 23 18 20 93 40 14 36 78 22 91 27 98 19 87 93 76 68 87 11 45 80 87 68 62 91 33 85 4 44 18 2 96 6 6 78 94 97 84 63 61 24 51 85 55 64 6 77 33 70 3 7 16 67 57 93 62 63 4 64 53 92 84 73 9 95
70 80 14 95 64 94 2 98 73 32 77 32 64 1 29 51 21 32 62 39 23 93 33 95 88 73 51 25 5 20 46 53 23 93 79 38 49 59 17 29 31 29 21 85 62 53 59 47 27 63 86 30 22 28 49 24 88 85 85 95 53 95 36 30 79 3 74 49 76 30 61 2 10 17 2 83 64 50 39 22 19 24 89 9 80 57 29 42 68 89 5
98 90 10
64 84 52 84 49 76 18 30 75 4 48 53 26 70 65 20 50 65 11 4 12 83 61 39 82 5 34 51 19 75 23 64 1 63 78 28 89 14 23 56 35 44 58 54 59 87 22 68 48 62 4 85 74 54 16 34 82 77 42 9 36 11 62 46 75 32 11 32 24 53 23 34 77 57 52 78 53 21 21 70 27 21 87 11 23 50 9 44 38 72 20 3 57 36 10 11 84 89
78 78 27 85 12 73 12 73 17 81 59 84 12 28 78 51 13 44 83 53 48 55 51 41 19 89 46 31 18 48 76 57 14 14 55 31 57 2 87 5 81 62 43 58 13 39 18 34 19 3 32 8 2 47 56 75 77 69 81 25 55 90 10 1 71 67 69 90 74 86 1 54 47 35 63 70 5 36 37 32 15 40 19 40 34 73 39 34 45 89 59 60 83 69 67 63 76 40
95 98 10
79 72 71 40 59 61 40 22 48 36 39 43 92 20 95 44 74 74 2 8 12 9 76 98 92 87 7 45 4 35 10 76 21 22 69 57 56 1 11 51 51 31 17 28 44 29 23 22 43 49 16 76 26 56 95 91 72 50 60 89 98 82 61 19 23 44 55 24 15 52 21 10 71 33 27 17 47 19 91 49 52 16 93 88 46 34 93 40 49 48 15 74 82 90 2
53 12 97 43 14 18 15 33 18 75 7 63 76 76 71 63 45 37 16 13 15 29 55 1 95 84 50 17 98 43 11 58 19 21 4 65 85 43 50 79 91 42 47 51 91 4 21 34 30 41 48 95 40 51 54 51 75 23 19 78 14 65 89 68 31 7 25 35 63 25 54 48 31 78 92 51 89 36 94 5 65 60 26 85 66 17 89 96 82 68 43 8 97 18 40
99 93 10
26 70 36 9 46 40 70 54 83 81 63 78 54 16 25 11 87 11 23 5 82 20 49 2 90 23 37 69 79 82 9 79 65 80 91 42 37 91 32 32 11 28 30 75 59 20 64 27 58 69 71 80 58 64 36 87 67 55 65 83 87 47 19 74 16 89 36 29 85 85 79 20 32 62 65 13 25 12 80 29 51 48 77 75 85 5 39 65 86 45 28 1 55 29 15 21 76 55 44
31 55 69 41 69 81 93 62 84 63 64 6 19 8 69 78 54 49 78 63 10 72 51 63 63 52 47 3 35 12 84 42 13 11 17 65 18 84 73 57 10 31 82 67 4 27 71 31 62 50 37 24 48 23 17 24 63 32 37 24 12 37 38 9 79 43 49 70 83 59 64 36 24 22 13 81 13 2 91 81 84 30 65 54 79 7 22 28 64 78 57 57 10 70 13 29 75 40 42
91 98 10
44 32 83 30 32 27 7 59 94 34 94 31 75 10 84 48 85 91 90 73 57 29 39 44 29 82 77 20 54 87 23 44 7 1 67 45 7 70 50 71 13 60 23 24 15 10 51 40 31 20 46 35 9 38 73 71 50 35 90 26 71 89 91 98 18 43 2 53 61 83 2 26 78 7 71 18 77 39 21 18 3 55 73 95 95 43 93 41 64 66 67
79 40 19 59 17 57 64 78 18 18 44 91 16 3 70 88 82 15 70 80 87 76 76 55 57 1 25 45 39 89 67 72 65 12 93 24 9 42 44 3 1 13 59 97 67 84 90 15 19 17 25 15 22 56 4 19 44 81 21 94 89 96 13 8 50 30 5 22 90 92 53 53 84 46 70 94 64 71 51 94 30 18 38 72 35 98 37 20 72 62 72
90 91 10
54 63 55 26 69 72 63 50 42 70 43 6 34 48 28 36 80 2 54 47 85 26 49 6 38 15 66 56 19 39 34 37 51 75 33 65 83 66 31 19 65 78 7 5 49 70 68 16 75 37 82 61 84 26 51 90 74 82 44 67 33 86 20 22 6 20 42 90 89 68 63 56 6 61 10 52 58 61 74 87 51 76 6 71 22 47 75 58 17 9
60 72 23 9 37 85 38 28 66 26 21 45 63 49 86 85 18 60 38 49 58 41 90 49 29 48 87 89 32 22 33 71 32 27 83 50 86 82 63 46 56 68 8 80 48 45 61 89 62 20 24 65 44 68 7 20 48 41 75 51 18 26 42 23 38 16 54 34 32 21 73 87 4 77 59 11 76 80 6 41 71 73 16 46 14 76 59 74 83 58
96 99 10
33 24 86 35 60 67 22 72 72 16 35 75 81 34 5 38 76 28 6 32 1 48 88 6 41 72 64 40 20 62 86 9 57 83 85 39 1 82 44 5 72 81 88 3 84 73 80 24 26 57 35 84 97 15 7 52 25 88 18 13 64 7 43 25 60 66 37 69 60 1 93 25 85 1 99 20 86 6 44 71 33 5 98 89 2 11 4 84 15 49 11 78 46 38 98 78
62 1 48 28 97 74 6 17 98 15 69 63 40 41 42 11 96 52 86 85 75 25 48 22 6 8 2 56 77 68 52 96 80 98 90 32 25 1 92 4 31 75 13 81 42 45 21 10 92 55 68 41 9 21 18 84 73 56 15 50 44 71 36 49 89 87 27 76 46 76 71 37 55 83 49 60 42 78 25 58 52 8 2 1 66 14 41 10 10 68 41 92 93 67 26 74
93 96 10
37 69 95 39 10 63 10 74 46 83 11 87 28 56 84 4 13 4 60 69 4 9 42 67 6 34 21 36 38 31 44 18 62 33 79 13 77 74 35 37 64 63 94 92 96 46 39 1 86 79 11 48 23 75 66 91 34 56 39 11 74 56 48 79 77 67 69 82 44 39 31 29 86 7 56 40 38 31 21 52 91 79 47 72 96 63 3 70 65 48 27 73 20
51 72 21 3 57 3 71 75 18 7 95 49 92 55 27 1 14 74 64 4 72 88 1 53 73 53 95 38 40 60 86 67 18 2 20 81 5 44 5 56 79 64 6 88 80 69 74 92 64 8 81 90 78 29 44 13 36 23 62 27 61 53 17 54 9 76 79 73 64 83 55 81 14 32 40 76 22 38 65 13 5 16 87 17 64 13 34 61 53 58 26 60 35
97 90 10
68 21 10 81 58 27 74 74 44 15 14 21 58 11 37 88 21 35 85 32 63 18 42 60 32 75 66 7 44 76 79 88 2 10 14 45 22 68 49 72 59 79 9 32 2 7 4 68 16 89 19 42 10 31 47 23 42 11 71 37 15 51 75 51 18 62 17 36 25 42 69 24 21 37 24 72 70 81 13 59 73 61 37 19 25 25 10 1 42 74 36 51 18 15 43 44 41
19 90 43 72 79 11 59 56 78 50 49 90 9 59 47 17 70 90 12 18 62 48 10 85 24 62 57 78 29 2 64 50 45 49 18 78 44 61 15 87 52 62 1 52 47 37 86 31 77 66 13 77 27 1 19 7 5 51 47 77 78 43 23 61 68 80 70 58 52 39 41 66 54 71 59 64 73 89 90 62 79 17 23 84 3 63 79 45 84 5 73 76 10 64 30 38 83
95 97 10
75 63 26 20 13 46 93 49 37 73 67 23 70 33 96 18 90 66 40 62 3 58 56 33 65 88 80 30 68 23 31 26 25 94 45 66 61 90 72 46 9 62 68 89 23 68 28 83 95 23 45 14 32 80 15 67 30 62 39 59 15 35 14 63 67 88 33 31 87 51 81 1 51 75 5 90 39 6 32 49 97 27 91 55 44 81 93 31 50 44 79 41 93 85 29
82 7 3 56 31 21 87 67 60 66 84 83 60 20 69 60 27 36 20 85 43 9 62 57 40 86 25 70 88 4 32 65 79 22 81 44 86 89 52 76 66 43 14 47 12 93 57 84 5 57 47 76 9 38 71 75 28 59 52 40 35 95 12 77 40 18 32 63 10 23 82 28 67 43 62 56 36 10 31 22 40 38 51 49 43 7 22 32 54 40 89 16 63 10 79
93 95 10
52 43 85 94 59 33 70 65 59 90 95 63 6 38 4 36 17 54 13 53 42 9 23 80 17 55 41 4 55 36 84 4 52 13 83 24 85 14 92 61 17 50 65 17 52 20 47 42 2 41 81 7 71 82 13 59 11 52 21 88 19 24 27 74 93 3 87 2 75 44 14 22 35 81 49 1 70 32 6 48 52 93 68 49 67 52 6 20 80 26 69 50 4
39 91 73 44 53 27 27 46 55 28 11 50 36 3 38 26 41 14 52 95 5 22 71 16 36 13 5 67 27 56 1 60 77 34 67 35 26 56 48 90 73 17 89 71 19 76 36 22 86 17 36 63 87 61 82 48 90 48 90 91 70 70 83 46 58 53 77 9 21 80 19 2 93 57 78 67 7 84 45 5 90 27 51 42 68 50 64 16 83 11 49 32 46
92 95 10
27 61 27 66 12 5 55 9 78 78 88 18 55 15 26 89 79 35 39 25 83 36 80 44 30 65 54 57 27 34 61 40 77 27 23 59 23 16 9 30 25 28 64 23 48 72 69 2 86 89 75 41 41 26 3 7 19 46 94 17 32 56 83 64 47 81 70 65 76 13 13 38 46 11 19 87 71 81 30 47 51 86 34 75 28 81 92 35 9 59 46 94
22 68 64 45 77 41 61 42 89 52 9 29 50 72 61 71 89 40 31 93 33 5 95 7 4 8 19 78 71 84 11 5 15 22 47 31 34 56 81 55 29 60 30 37 87 37 88 79 92 73 38 76 80 78 85 78 63 85 12 44 11 5 87 12 95 71 63 93 30 40 46 60 3 79 42 31 48 20 72 94 10 77 27 5 81 61 82 44 16 4 65 62
97 96 10
76 37 5 75 87 67 45 33 32 43 61 31 49 31 22 21 17 73 49 4 54 91 91 82 48 12 21 60 65 32 55 17 15 83 29 45 51 89 56 42 18 12 55 17 11 34 20 46 73 17 93 38 80 79 63 11 74 71 34 79 60 83 93 39 90 22 92 43 43 64 86 95 45 19 18 73 40 57 27 45 34 57 88 87 82 89 95 70 33 83 11 71 92 75 6 40 13
44 18 30 63 33 23 54 43 58 31 3 92 16 92 44 6 34 82 74 14 82 59 12 84 25 54 43 24 62 53 41 6 18 1 14 64 26 11 74 12 24 79 90 60 59 70 57 96 33 42 17 1 59 74 30 43 21 54 86 70 40 94 35 28 92 48 95 8 32 76 67 10 74 84 32 2 16 26 90 46 44 52 83 88 47 9 51 63 48 12 93 90 34 35 92 77 71
90 99 10
31 75 68 24 43 14 69 30 75 77 4 94 19 46 48 94 30 71 93 40 88 11 10 39 9 80 25 14 27 94 6 41 32 44 65 4 30 33 86 83 71 82 39 25 44 20 14 83 33 26 37 92 72 43 71 33 71 71 56 35 61 20 88 6 47 54 45 35 99 73 66 28 43 43 21 85 94 93 81 44 82 61 91 10 71 1 9 99 4 40
36 88 59 63 53 30 32 92 58 99 39 30 58 44 24 49 53 17 1 24 38 12 20 50 41 63 44 93 34 75 14 65 1 36 48 47 54 8 36 4 6 49 70 19 63 93 91 33 15 16 61 1 27 69 78 61 47 72 31 52 81 37 94 88 13 47 58 50 2 78 69 86 64 39 36 55 22 52 7 82 51 78 50 81 84 90 62 92 34 88
95 97 10
78 83 27 32 32 60 76 73 56 11 25 70 31 51 6 49 95 42 48 27 17 93 87 89 66 44 9 87 36 53 49 10 20 79 27 69 39 10 45 4 65 14 67 52 70 7 71 38 41 61 95 63 93 42 83 59 33 20 55 83 95 16 31 72 22 78 32 59 65 30 96 68 65 85 11 85 47 15 48 14 32 11 35 48 95 52 38 22 73 52 79 60 14 25 53
81 9 4 46 26 46 11 84 54 19 57 6 50 47 81 77 31 81 49 40 11 26 3 36 70 69 85 12 71 33 89 48 95 42 71 74 21 32 8 8 25 15 70 43 22 33 62 3 70 49 94 70 94 63 43 54 93 64 5 8 81 39 70 46 90 55 79 39 32 69 85 91 81 11 73 35 87 25 4 70 94 3 56 10 7 77 70 25 4 4 27 13 61 60 27
91 93 10
86 79 92 74 55 42 45 93 92 5 10 75 21 56 40 69 38 36 24 23 86 36 19 78 91 19 58 39 74 17 64 88 64 29 20 91 66 16 37 48 71 50 21 58 4 4 74 8 68 48 50 56 88 28 75 27 8 74 47 49 86 85 63 41 38 50 6 23 67 50 68 71 34 42 24 45 44 69 85 62 60 36 92 61 49 64 21 42 63 25 18
78 51 49 71 22 34 69 36 49 16 2 3 77 61 62 68 8 85 90 51 22 28 90 75 86 67 81 86 26 57 68 7 38 27 48 59 86 49 20 66 17 43 12 80 85 32 67 84 30 67 38 29 5 51 84 7 55 41 23 21 45 68 39 3 21 60 82 58 52 77 6 12 13 49 21 75 60 51 78 46 24 31 76 3 57 25 86 14 61 27 81
97 90 10
33 37 33 31 15 26 57 80 56 44 87 74 41 83 47 88 58 58 7 77 39 81 79 49 52 83 87 34 18 79 80 16 50 55 71 23 10 53 20 80 40 39 47 34 83 72 75 49 73 70 67 52 69 4 44 70 38 38 83 84 65 79 73 72 79 82 23 51 8 90 50 8 10 54 1 72 53 16 63 32 24 47 16 17 42 2 26 10 60 62 72 32 58 70 6 77 52
11 50 7 3 24 41 74 46 80 42 71 59 76 55 37 76 45 61 54 79 51 49 30 30 13 7 81 26 39 15 82 24 10 64 41 52 74 48 25 37 25 76 48 78 17 56 63 83 89 36 72 16 33 71 88 75 31 90 42 49 44 65 44 86 81 45 52 75 63 13 4 39 11 34 70 1 19 68 43 50 78 2 6 6 26 40 33 78 65 50 46 25 51 20 62 23 44
92 97 10
81 97 90 62 89 91 95 2 6 33 74 62 8 46 72 84 69 94 53 41 59 67 19 19 58 45 22 50 20 52 15 27 14 93 54 29 30 89 3 69 53 72 53 54 83 23 15 8 24 69 23 32 97 89 94 60 73 3 21 35 82 42 96 75 35 92 7 90 31 80 90 39 45 78 94 69 13 65 56 94 49 43 77 8 6 50 85 2 33 96 82 24
53 26 7 79 76 57 47 75 46 6 89 67 42 36 82 42 12 22 46 51 5 2 53 22 89 71 41 5 29 16 77 91 43 75 63 61 15 84 96 90 29 65 21 51 77 42 6 41 45 41 26 3 71 47 76 69 1 6 61 75 8 33 58 90 81 48 70 88 81 30 23 35 21 28 68 41 94 42 31 59 65 65 56 20 26 16 75 7 50 69 69 48
93 92 10
30 48 85 41 42 60 74 81 48 35 46 65 6 52 50 47 72 79 38 21 35 36 64 30 67 52 62 43 65 31 15 25 4 40 4 52 15 16 28 7 75 33 63 65 24 21 27 63 5 30 64 17 49 5 8 2 53 35 65 90 46 43 68 59 45 27 66 82 50 62 38 22 1 73 75 17 50 48 59 41 5 74 44 53 12 19 79 80 68 42 31 5 19
29 37 64 47 69 6 35 12 45 18 73 47 74 80 60 58 10 92 32 49 34 55 80 39 3 10 5 24 7 80 83 85 55 1 59 69 86 17 32 78 90 11 66 77 81 49 43 35 68 40 73 76 75 24 4 50 29 12 55 15 23 22 26 54 58 72 84 81 40 47 56 41 20 55 77 65 36 89 9 73 31 14 28 6 5 20 53 20 12 80 73 90 32
95 92 10
35 84 56 60 64 23 27 28 65 44 31 7 80 27 8 11 75 3 27 22 6 80 50 26 84 65 86 8 54 62 62 73 74 40 41 86 15 72 77 46 35 6 71 49 74 70 92 42 37 50 40 79 37 11 4 3 78 34 1 60 48 16 21 70 85 28 3 13 24 26 79 60 34 13 69 68 64 46 25 29 62 76 25 61 49 2 24 32 76 62 2 18 67 70 43
15 40 33 65 25 73 10 19 23 63 77 42 77 38 16 66 63 67 46 78 19 75 77 14 45 66 61 79 86 22 33 32 92 48 86 37 80 75 90 47 85 76 69 70 88 3 28 76 65 87 70 32 2 62 85 19 9 42 84 37 40 7 69 6 12 56 73 32 57 5 64 1 74 77 77 47 18 43 71 48 26 2 44 38 72 86 70 50 64 36 37 64 16 61 6
98 92 10
32 1 26 87 6 39 89 13 88 59 19 16 79 81 44 34 59 20 62 77 83 8 49 82 31 64 46 73 8 61 6 75 39 66 78 5 51 60 3 7 30 78 56 63 62 78 64 35 1 77 3 52 78 5 85 87 90 48 52 74 31 55 85 6 14 84 49 15 55 19 29 80 51 51 35 84 47 9 80 23 18 20 39 38 60 59 91 11 10 2 61 4 81 38 9 61 68 18
68 14 36 2 5 33 39 19 23 9 42 84 8 66 39 26 89 5 77 49 51 4 18 23 74 46 28 35 32 80 5 11 7 27 38 89 81 20 8 64 54 1 81 20 77 11 5 72 66 89 31 28 89 86 46 49 75 56 72 57 51 40 37 55 40 12 74 27 9 39 1 22 60 52 68 13 77 62 2 57 75 78 14 27 68 1 88 19 4 49 85 86 10 83 30 24 14 8
91 96 10
85 21 70 17 6 12 17 62 31 74 73 92 27 50 78 76 30 61 19 68 88 29 58 20 6 57 53 90 92 30 14 45 64 87 89 61 80 94 50 3 81 37 84 44 43 42 34 5 93 92 4 32 58 17 13 12 28 17 88 33 12 71 90 48 50 89 53 20 14 8 47 75 73 24 7 35 41 62 35 80 11 84 61 49 91 9 41 44 28 68 9
73 79 29 29 64 75 27 84 45 45 91 19 95 83 23 43 22 45 58 82 18 39 8 35 93 45 8 68 82 42 47 33 43 48 67 48 42 5 57 9 73 6 18 27 62 60 96 75 32 5 55 77 88 86 66 66 18 59 45 67 77 9 9 65 22 70 92 16 56 24 12 27 32 86 72 91 80 10 13 96 34 44 62 19 48 2 71 62 57 49 89
90 100 10
83 14 28 17 42 14 6 77 64 64 15 40 91 15 31 58 63 98 22 24 61 16 74 69 3 99 76 68 53 94 100 77 80 63 6 35 66 56 18 24 74 18 7 50 13 85 91 52 7 98 22 8 15 33 68 47 78 47 59 18 79 66 56 96 53 8 51 97 8 77 41 17 22 60 7 74 96 54 29 57 79 70 26 41 71 82 13 34 19 80
4 18 66 62 4 97 46 52 30 18 47 95 98 21 39 47 11 42 66 40 47 80 73 30 74 86 36 52 29 47 73 7 37 68 20 7 37 82 14 56 56 58 92 44 64 2 56 87 45 37 27 89 91 9 57 46 94 30 6 21 13 35 37 86 82 9 61 24 63 53 84 8 47 4 78 35 55 28 78 96 76 21 5 81 7 67 19 13 66 90
93 97 10
55 81 62 58 55 34 84 58 90 60 72 20 41 89 94 54 27 30 95 88 47 6 83 86 42 44 56 83 5 12 85 65 82 42 36 39 27 60 44 57 34 7 16 83 60 67 13 17 96 57 94 24 82 81 43 41 95 47 26 48 8 46 41 45 38 85 97 33 86 80 91 30 82 74 18 43 41 97 15 19 21 19 39 45 76 86 64 9 13 23 28 25 91
10 86 91 74 68 84 45 22 84 56 88 54 54 87 95 55 25 29 34 16 93 57 30 62 78 90 45 89 12 86 49 46 5 61 85 52 38 54 78 11 51 2 82 8 76 96 82 49 49 30 91 53 84 62 64 71 20 51 89 91 20 86 84 2 16 83 19 14 19 28 4 10 68 18 45 76 12 73 18 56 4 9 56 31 46 75 45 21 18 5 36 78 59
95 94 10
6 94 22 16 35 25 38 37 24 14 4 3 60 63 37 78 73 81 50 30 55 93 36 7 25 32 34 28 7 85 45 51 27 11 38 81 56 17 75 66 13 30 74 23 40 65 26 70 34 73 65 69 1 48 81 6 29 23 47 30 64 80 73 30 28 59 31 12 25 14 88 66 93 60 92 85 62 16 25 36 26 54 89 28 83 73 82 60 62 27 63 50 26 92 67
53 10 10 12 75 8 12 50 11 88 40 84 11 88 46 40 79 45 88 9 54 49 65 87 75 21 73 44 60 17 20 6 74 91 8 90 59 84 68 72 1 17 92 20 15 31 67 71 61 20 37 70 56 68 54 91 7 27 68 50 90 11 50 64 56 32 63 43 14 3 12 1 27 41 88 36 43 44 51 85 49 16 73 49 26 61 25 29 77 55 53 76 46 75 39
96 98 10
44 73 7 89 45 98 81 19 21 42 80 69 95 79 4 37 82 52 83 97 49 54 37 84 75 30 57 64 11 32 16 5 91 62 75 59 41 50 55 3 39 73 54 68 9 5 73 29 56 51 47 28 88 97 33 61 26 62 10 52 84 62 51 10 46 70 89 5 20 70 1 50 39 58 11 1 52 96 43 27 30 31 71 20 74 2 20 22 61 7 79 37 69 61 28 60
95 23 35 82 85 18 74 63 23 14 13 59 74 64 53 43 63 61 84 90 77 81 74 44 35 20 91 60 78 13 82 12 98 74 74 31 64 46 14 43 22 83 12 29 65 40 40 81 63 2 33 63 37 89 50 54 96 4 9 9 65 86 86 37 10 91 88 24 55 77 67 19 57 24 88 74 32 52 42 38 56 54 72 28 34 1 53 42 48 4 73 87 79 77 33 59
99 95 10
7 1 90 10 6 25 51 69 14 76 86 51 5 91 51 71 87 4 80 31 60 19 27 17 71 74 68 72 24 20 41 62 58 29 59 10 49 2 67 27 11 92 74 87 81 23 68 81 73 44 11 51 28 71 70 7 89 75 52 10 6 44 50 49 44 23 43 92 80 27 34 29 41 35 64 36 63 80 53 69 23 7 80 17 56 77 17 56 77 5 30 58 42 66 92 71 53 54 78
92 36 17 50 13 15 85 55 77 49 3 61 43 10 8 30 74 3 47 15 43 13 92 81 11 70 78 63 41 11 44 67 30 71 81 32 88 50 90 57 46 62 55 77 46 50 17 7 36 71 67 32 60 7 61 9 16 64 59 67 32 85 27 84 8 43 18 84 74 47 17 64 54 77 13 51 78 22 62 42 60 5 4 46 82 31 51 66 69 12 15 60 39 87 42 30 9 37 4
90 97 10
46 83 70 50 32 72 18 5 42 94 83 64 2 57 37 66 16 38 42 26 74 54 90 92 73 53 32 62 41 97 65 35 36 26 96 61 78 76 5 76 9 14 61 24 89 43 62 26 73 19 42 6 72 58 49 17 53 60 70 48 7 59 79 56 40 54 84 47 48 27 68 13 61 38 61 63 84 17 48 92 87 6 46 24 74 65 16 69 35 73
93 14 51 31 52 23 59 26 57 40 46 83 80 73 24 94 1 49 14 55 69 6 41 80 96 87 37 6 85 85 26 7 59 21 23 97 6 25 33 44 26 78 27 42 35 2 23 20 44 45 45 41 67 91 77 19 29 51 63 73 65 93 13 30 92 94 27 51 21 85 44 8 89 3 6 4 77 41 9 45 34 23 52 55 7 57 13 7 32 6
96 92 10
81 37 60 46 54 38 35 24 37 13 50 65 51 38 15 20 69 43 69 87 52 42 48 72 35 6 80 9 15 22 81 46 54 68 54 58 70 20 70 33 34 44 29 81 6 10 36 27 25 26 24 64 5 5 24 69 22 61 86 21 89 14 90 36 16 5 82 42 45 45 60 60 35 47 41 26 68 4 7 6 64 39 35 55 27 67 75 26 24 55 82 74 7 33 9 88
23 39 78 15 24 35 44 55 46 47 82 1 84 72 3 7 30 50 1 3 80 57 29 48 23 88 45 77 62 35 85 48 86 80 4 15 24 28 11 41 22 16 38 63 56 56 89 49 37 28 51 33 59 6 17 91 66 37 54 60 19 78 47 31 68 65 13 17 78 39 25 5 39 85 65 37 67 30 17 36 49 2 18 33 74 11 21 23 67 63 26 53 27 26 83 11
92 98 10
28 94 58 98 82 20 50 36 47 81 64 9 54 82 86 34 3 97 18 94 13 50 34 18 26 68 27 84 76 12 82 76 73 5 25 60 55 42 47 58 64 60 4 94 10 32 90 43 18 6 37 70 75 9 36 46 88 73 98 3 47 23 40 47 45 98 27 30 58 4 5 76 7 55 83 34 94 29 33 86 85 13 58 21 77 90 10 43 70 44 88 44
57 11 40 56 94 47 14 26 20 33 70 68 14 28 43 90 11 11 68 53 67 88 37 85 66 95 51 26 15 56 27 15 50 62 24 73 49 46 18 10 42 8 7 54 49 59 78 91 2 30 70 8 53 66 47 77 77 56 72 56 66 56 58 91 58 7 58 19 18 68 14 40 23 92 10 60 37 35 71 80 62 59 60 2 49 35 4 25 20 24 72 74
99 100 10
87 60 14 8 63 14 82 71 47 50 54 15 52 100 35 2 60 68 10 54 25 41 63 15 27 69 83 63 79 66 7 75 85 55 69 100 11 23 16 14 12 40 90 54 29 38 55 1 19 50 86 44 43 86 26 9 15 49 13 82 80 58 26 90 73 52 21 73 24 1 39 89 58 89 87 5 97 47 42 91 100 17 35 26 79 39 40 65 32 88 19 51 97 83 5 7 5 38 62
4 13 78 40 71 9 95 82 100 26 62 46 67 41 41 77 16 27 70 15 75 72 27 38 39 4 75 60 9 95 58 35 73 73 53 1 84 32 15 70 19 54 81 89 36 46 26 74 94 29 72 58 21 57 3 20 73 91 91 65 52 93 86 79 34 64 44 14 32 76 35 88 31 80 61 24 32 64 21 75 53 3 69 2 31 44 80 75 42 24 2 77 21 13 4 99 25 56 73
100 90 10
68 3 24 83 66 29 64 5 37 66 57 40 42 38 76 77 3 70 50 65 2 57 79 14 47 25 34 75 78 9 74 5 56 56 49 72 83 31 44 23 90 61 52 26 75 42 72 45 23 78 25 39 29 60 64 7 71 10 74 40 54 78 72 52 17 38 86 63 4 71 71 36 88 74 28 46 40 20 33 89 15 76 19 65 64 20 50 4 29 43 17 61 44 31 10 83 1 90 33 48
15 77 31 48 86 70 49 55 64 67 76 62 68 89 81 68 5 65 33 40 76 36 73 52 24 24 58 56 41 5 46 17 79 65 90 50 70 47 12 52 62 4 36 55 50 82 30 40 33 26 52 69 53 17 18 35 12 83 87 79 84 12 80 56 15 7 52 90 18 57 17 73 34 70 12 76 86 34 45 46 50 88 52 54 67 17 53 16 80 45 48 30 50 43 57 54 55 70 3 90
95 99 10
1 76 4 68 40 40 37 49 88 41 80 63 40 53 72 7 80 85 95 66 45 31 91 28 91 18 64 43 66 3 48 21 12 55 58 72 77 63 49 1 61 99 56 19 36 16 95 13 2 73 16 50 32 70 79 8 1 26 95 63 95 84 55 5 38 26 2 1 3 8 26 52 94 39 36 67 98 62 10 63 66 89 80 51 28 63 19 93 22 56 87 57 48 42 71
75 17 48 75 53 38 97 12 7 75 16 97 97 35 75 72 27 83 21 91 39 83 13 18 31 17 81 45 26 67 77 86 40 84 2 23 74 32 5 97 40 75 72 25 26 62 14 89 11 26 42 84 74 43 48 89 30 66 27 47 61 95 11 98 82 41 99 72 31 21 13 65 54 26 65 41 36 81 35 36 54 94 43 49 2 31 85 43 30 93 60 66 99 69 39
94 98 10
62 5 37 76 41 12 94 10 48 58 77 1 33 23 32 1 86 50 28 58 63 70 63 21 6 38 52 47 92 81 92 19 47 51 27 57 84 92 92 92 60 32 92 50 8 97 27 88 64 62 29 25 74 78 84 33 24 92 18 26 73 60 37 22 71 98 87 32 1 97 27 10 80 67 41 45 54 61 57 36 14 76 33 57 31 36 70 26 54 1 7 89 70 7
27 83 32 74 49 10 11 40 4 14 34 4 78 47 78 37 50 42 16 22 56 37 90 6 64 37 93 39 53 74 19 39 18 58 30 13 4 8 45 91 51 23 55 38 46 11 60 76 71 22 4 50 60 20 7 26 54 29 81 75 55 14 31 4 67 42 51 87 58 42 63 12 57 27 95 15 67 14 91 90 19 48 11 83 10 8 60 34 59 51 25 98 58 53
95 97 10
4 18 93 91 62 14 22 20 85 68 58 22 70 25 5 16 89 49 56 87 70 62 16 71 61 60 63 76 95 76 72 46 67 60 49 97 14 55 39 25 14 8 36 54 73 78 21 5 6 34 78 68 96 76 4 13 27 82 79 52 5 31 62 24 74 48 73 2 32 91 44 94 65 20 89 96 94 91 11 23 9 87 47 51 54 53 63 24 71 87 68 76 32 94 56
30 43 95 71 91 68 52 95 13 26 1 28 73 60 72 29 32 86 59 40 3 47 74 67 17 74 39 64 2 80 32 80 40 45 2 6 65 16 22 82 31 50 24 32 33 30 77 41 70 19 71 83 65 39 59 56 96 92 25 18 21 67 42 77 36 39 53 97 27 80 2 72 23 40 21 49 7 86 93 93 13 92 17 63 56 41 68 20 76 52 43 42 67 81 34
93 99 10
73 56 60 23 82 91 88 68 32 85 49 52 3 80 30 94 56 69 73 70 31 28 21 8 15 25 41 93 9 33 42 11 90 62 32 35 67 7 52 6 90 57 27 35 95 71 37 50 61 38 64 37 67 62 81 60 16 13 11 93 23 75 91 99 11 17 96 51 30 2 71 64 57 37 23 13 49 6 41 88 23 98 49 85 50 14 65 65 84 73 63 13 34
12 8 51 32 25 95 36 92 41 66 25 55 66 61 5 11 42 70 8 81 73 70 30 47 67 34 59 57 14 79 74 21 13 72 71 60 45 8 93 57 12 14 52 89 77 97 65 5 92 14 3 89 37 93 92 4 25 9 53 57 80 29 58 69 55 68 50 91 57 89 45 2 93 52 27 91 56 90 89 39 83 48 16 46 48 79 92 6 23 34 22 2 20
97 98 10
22 87 54 75 50 61 16 61 44 37 8 36 6 6 30 45 28 54 12 77 80 74 59 93 32 60 84 48 42 17 78 95 89 11 8 35 35 51 38 20 70 26 30 90 20 48 17 20 58 27 28 60 68 55 3 50 16 56 78 10 67 88 56 50 20 5 28 97 85 26 15 24 66 2 43 95 84 76 67 44 16 6 47 46 92 50 91 36 42 77 6 88 35 43 43 98 47
64 55 42 82 95 18 81 24 74 66 20 11 1 20 9 5 9 94 96 3 66 94 29 42 26 3 75 76 68 53 57 9 52 3 11 21 93 27 19 49 78 11 11 40 74 22 49 82 62 50 63 24 79 67 17 52 50 19 77 64 80 84 12 73 93 73 42 73 16 21 10 78 13 20 57 10 60 6 15 71 45 16 37 21 28 36 52 21 12 75 27 14 51 79 56 13 91
100 90 10
38 74 4 65 87 50 10 24 37 30 22 36 12 7 33 5 5 43 55 10 52 14 77 23 26 75 36 16 47 83 2 11 7 37 54 77 72 38 68 41 9 18 3 26 72 28 36 40 15 21 29 82 32 34 18 59 2 65 25 13 39 67 75 37 41 53 79 11 48 30 31 31 5 84 83 77 28 31 7 4 16 17 69 52 14 47 70 53 34 2 2 20 6 73 77 64 90 11 19 61
28 57 5 33 63 6 70 87 27 75 56 74 29 87 2 63 8 30 36 76 13 26 54 59 8 78 18 56 79 4 40 39 9 75 76 45 84 5 85 90 84 4 19 53 40 43 69 10 70 82 18 72 87 64 46 77 29 51 86 33 31 19 18 87 15 60 31 46 35 74 73 84 87 15 67 21 82 32 37 16 27 52 17 58 43 73 9 25 58 22 35 11 1 25 2 1 16 7 64 37
99 99 10
96 46 11 55 16 61 24 74 18 70 47 27 38 55 73 17 8 80 7 23 76 2 72 92 77 42 55 77 25 80 19 31 57 74 84 28 56 28 77 14 47 19 63 29 79 67 74 76 32 11 10 50 52 24 93 23 90 26 45 74 25 19 63 74 92 61 30 13 95 30 9 48 1 46 28 5 58 44 66 81 78 56 97 19 99 39 72 31 26 15 78 70 26 22 10 31 89 71 27
67 41 69 69 80 11 51 36 63 59 39 14 26 13 86 25 4 26 95 36 42 86 34 68 1 52 44 19 34 75 56 56 61 16 50 77 73 40 16 49 12 10 5 42 15 42 97 13 79 94 90 52 7 44 71 49 77 79 55 35 59 90 36 17 39 34 53 38 27 47 85 34 79 89 30 30 19 96 55 86 79 78 51 72 58 29 30 45 96 93 45 25 7 88 97 42 37 91 54
99 98 10
61 88 33 25 61 74 25 31 73 80 5 95 29 67 8 76 12 47 5 11 20 32 18 51 38 96 83 89 34 13 55 27 28 59 2 38 30 4 75 44 37 27 93 60 36 49 47 75 26 96 91 43 12 63 36 32 7 8 29 83 1 5 45 60 14 63 94 18 48 50 90 79 77 62 77 77 29 93 42 90 84 13 42 17 79 51 35 28 46 55 80 28 98 44 66 98 1 1 49
82 4 59 39 87 86 7 45 66 11 72 90 44 63 88 21 90 74 86 84 25 36 63 54 12 74 26 51 33 51 23 4 84 52 79 25 67 72 16 37 13 40 82 80 62 17 25 20 74 63 87 63 87 17 47 93 55 94 31 13 67 73 49 48 65 82 27 4 83 34 30 68 4 26 32 37 3 84 47 98 91 18 41 23 11 33 30 91 17 66 66 62 50 43 79 20 81 66 51
99 100 10
74 75 30 60 51 52 8 18 17 85 76 88 65 82 10 13 30 3 57 46 91 15 6 3 82 42 16 90 23 19 8 4 70 49 27 98 18 51 6 35 66 7 16 56 82 39 85 71 54 86 42 79 18 47 1 20 5 78 43 54 28 37 43 12 45 23 83 58 71 32 86 26 39 82 34 21 78 50 37 41 65 26 51 57 35 91 97 7 75 73 36 18 71 33 79 96 27 43 71
32 92 75 22 27 24 43 91 97 19 27 35 64 6 51 69 4 97 20 5 89 13 11 89 84 97 27 98 73 83 48 52 66 9 36 34 9 33 94 56 50 97 94 91 33 90 97 72 19 48 92 3 27 36 56 95 47 50 33 73 65 68 16 33 4 53 45 36 19 16 37 7 75 81 18 42 61 71 93 90 79 92 14 14 17 92 52 75 50 78 73 19 24 51 100 82 16 61 16
91 93 10
23 65 67 5 24 43 67 88 88 71 15 37 12 39 3 15 31 36 23 84 38 83 66 30 56 11 86 59 2 11 71 93 29 51 59 84 41 63 62 14 88 86 10 46 14 63 45 13 70 92 59 14 44 12 74 59 93 61 78 75 78 49 45 17 24 64 68 38 70 71 59 56 64 87 27 60 73 26 21 76 51 71 19 44 69 88 82 7 76 67 16
50 82 70 41 14 80 7 27 26 64 68 13 16 6 84 32 33 83 58 60 41 48 21 38 12 6 81 68 63 72 54 61 44 76 70 80 9 25 61 11 1 39 3 42 63 41 60 93 8 10 29 29 89 74 85 24 11 82 41 59 55 92 86 28 1 49 40 56 90 67 79 48 43 44 51 12 39 12 10 23 2 20 7 18 12 50 87 31 70 71 81
95 92 10
22 55 70 84 55 81 68 60 45 49 46 14 11 73 80 37 23 13 42 23 34 77 45 88 19 63 53 88 20 28 75 70 69 14 19 60 25 52 66 32 84 85 56 35 60 44 77 8 15 75 73 71 3 61 45 92 32 39 90 46 56 27 43 81 60 45 28 73 41 29 41 20 64 56 59 43 58 20 60 77 69 28 26 71 80 86 33 33 49 20 76 27 5 59 69
68 38 10 10 23 89 9 40 71 56 81 76 41 43 76 27 15 46 65 20 24 73 46 87 76 70 73 38 90 87 38 24 56 91 58 38 34 32 35 30 78 29 80 56 4 78 14 88 69 62 31 48 57 21 20 69 5 14 50 30 51 54 92 25 75 91 70 5 8 67 49 55 69 86 40 35 32 68 8 76 68 89 79 67 39 12 8 32 69 22 53 81 61 25 39
91 93 10
78 49 49 84 5 59 72 90 34 59 83 9 88 55 31 10 70 61 53 77 29 11 86 67 75 36 73 9 23 67 53 89 8 18 77 82 6 91 92 91 27 80 7 85 28 37 78 8 89 89 49 39 55 93 16 90 80 62 35 10 54 64 69 78 85 33 44 87 86 43 72 27 31 5 26 52 61 36 47 91 19 76 87 65 21 65 64 36 72 86 63
28 44 55 61 36 2 16 31 11 65 12 63 83 41 43 93 15 80 43 45 44 50 36 88 46 64 12 51 34 68 9 20 48 45 36 88 78 81 90 39 3 63 57 21 69 16 84 40 32 14 27 62 81 62 15 12 9 70 27 63 80 30 2 25 75 75 23 70 19 91 84 53 36 25 63 35 34 32 7 57 22 46 35 24 50 81 5 48 51 48 10
95 100 10
46 69 43 18 55 3 71 71 46 60 37 36 9 42 9 54 78 18 24 53 19 16 86 26 15 4 68 34 26 19 10 61 75 41 99 52 15 47 47 16 6 92 70 89 51 72 89 61 34 27 82 44 93 64 34 76 25 35 37 38 51 26 39 78 15 89 38 13 53 89 91 24 84 39 12 28 85 77 4 60 77 53 33 33 6 66 95 2 99 58 13 1 44 21 23
9 13 100 81 34 19 95 40 61 51 71 68 36 36 25 86 76 6 61 55 78 81 73 20 37 89 29 21 14 50 93 86 63 25 92 4 12 11 4 71 12 60 15 67 88 80 62 67 50 65 35 92 59 85 86 86 59 97 17 16 1 27 32 16 87 54 53 20 73 78 5 63 83 2 32 14 90 90 77 95 72 64 34 73 48 50 28 18 54 38 15 40 40 27 36
94 93 10
72 18 36 82 72 45 13 69 31 60 1 16 62 81 16 5 41 43 72 53 66 66 23 49 76 36 23 85 33 69 20 2 14 71 9 27 47 8 24 30 83 40 91 30 87 48 51 85 60 41 85 31 69 11 38 11 22 32 23 72 6 46 58 7 77 60 61 38 83 34 71 48 70 91 14 78 52 36 19 39 45 31 32 23 62 25 9 40 30 42 15 71 78 26
48 89 88 53 6 87 66 40 79 4 81 77 10 12 42 24 84 22 51 19 65 53 92 36 47 16 26 38 61 93 63 19 59 34 58 40 6 38 12 73 40 35 29 84 50 40 63 45 48 59 2 10 43 16 79 17 70 4 82 24 39 15 25 1 62 48 44 58 63 53 52 31 10 34 32 51 65 29 75 79 57 59 84 89 89 12 69 74 70 74 61 59 84 45
99 91 10
62 89 35 86 8 28 48 65 80 55 65 60 14 52 69 54 5 25 7 49 32 49 39 90 34 38 29 78 69 62 39 65 40 26 50 18 8 45 63 66 65 38 51 64 38 14 48 41 22 68 64 8 59 74 17 1 40 2 41 78 7 83 35 31 54 69 30 58 7 70 61 49 4 48 87 3 18 21 23 55 82 60 89 25 28 87 57 5 70 22 23 23 22 3 68 56 41 12 48
60 43 58 90 28 20 17 47 52 85 61 11 89 74 55 20 57 80 24 48 12 70 34 21 57 75 57 59 91 37 41 35 30 87 79 28 50 47 87 84 72 57 17 40 12 84 33 65 24 89 13 71 1 75 22 37 62 3 56 77 77 90 67 19 13 27 63 84 35 9 44 43 50 77 27 12 7 54 61 67 81 24 90 60 74 64 4 42 86 88 58 33 36 63 8 23 24 23 25
95 94 10
44 38 91 13 46 7 62 32 65 88 29 58 75 31 37 27 68 60 80 83 80 89 94 80 3 9 29 35 58 92 19 94 50 20 8 37 77 37 76 57 2 30 48 86 93 47 68 79 73 79 23 46 55 23 86 74 33 52 93 29 65 18 17 35 57 63 87 15 1 83 79 26 92 53 65 77 57 84 80 45 56 70 79 83 7 27 46 37 50 60 2 92 82 49 4
72 81 50 23 77 51 30 20 79 53 45 84 65 65 22 49 10 47 82 16 32 11 6 12 25 12 15 60 74 41 63 92 41 58 78 67 76 86 21 52 23 71 24 33 26 66 91 57 59 27 70 4 47 59 38 62 31 44 6 80 49 8 23 76 52 66 67 12 66 13 61 66 55 90 4 8 22 56 62 92 78 6 45 2 10 53 2 90 84 62 37 75 40 68 22
100 94 10
7 60 64 86 38 52 94 32 15 18 52 65 48 49 61 6 2 15 21 72 2 4 5 50 89 21 32 7 62 27 20 82 13 4 29 65 39 33 73 63 57 8 67 53 44 30 63 11 13 93 22 61 24 74 38 48 1 2 4 68 20 42 74 86 16 42 82 72 30 22 76 36 90 13 38 37 90 24 59 5 62 94 17 32 71 41 51 2 89 73 43 16 91 1 38 56 66 31 40 19
18 54 28 36 59 70 58 59 75 64 92 82 75 48 93 86 73 44 38 86 26 60 87 53 4 94 71 89 75 11 37 65 14 16 45 36 51 2 29 48 23 26 85 27 19 60 67 23 17 82 61 91 79 38 15 12 92 75 84 4 82 60 68 64 31 63 56 55 27 15 15 21 4 92 28 58 28 79 33 80 73 92 83 35 57 4 43 65 10 4 56 19 45 28 37 6 58 71 63 66
95 95 10
21 12 24 84 61 1 28 38 66 4 78 60 62 89 69 42 46 33 53 51 18 23 2 26 70 28 13 65 37 77 85 79 38 15 33 75 29 49 19 18 43 41 81 69 39 25 31 65 77 35 58 28 38 40 83 73 33 15 20 29 23 30 57 11 90 34 23 34 95 67 74 20 58 10 58 52 75 95 42 78 8 57 31 8 66 78 49 13 39 51 63 71 92 12 73
35 57 8 67 46 40 22 49 69 56 25 80 46 80 35 68 95 30 55 85 58 34 48 30 27 30 30 41 64 76 23 55 20 28 40 74 86 4 12 88 66 55 61 44 52 8 80 20 35 23 24 14 10 11 20 72 63 53 76 65 38 47 62 88 91 22 51 62 19 60 4 45 12 12 25 18 94 78 9 68 78 55 50 89 36 87 85 26 72 85 46 6 51 23 34
98 93 10
56 47 73 24 40 32 67 52 61 48 46 29 55 1 8 1 1 35 79 36 43 22 77 65 30 55 64 60 56 2 66 14 24 22 88 16 88 17 33 36 3 58 38 75 87 41 75 68 86 49 63 5 89 42 81 92 74 1 21 39 81 38 80 82 73 4 15 46 60 54 92 16 61 55 56 1 55 46 49 88 92 84 35 64 82 83 45 39 50 39 26 66 22 6 88 23 53 69
68 84 77 17 46 38 20 68 1 27 47 34 56 74 84 92 15 73 35 38 31 30 82 21 86 50 47 84 52 3 40 90 33 55 23 68 37 55 57 25 10 69 21 19 26 66 6 13 47 30 53 25 7 32 28 80 25 30 89 1 50 88 91 86 40 12 65 62 52 73 64 7 79 35 14 9 59 26 10 63 67 52 85 89 58 47 20 26 25 84 6 61 84 84 56 71 79 26
99 91 10
71 71 67 2 22 77 5 64 66 67 45 59 86 82 28 81 59 89 69 17 85 57 35 13 3 67 57 63 44 8 4 83 86 87 33 67 82 4 75 7 69 8 13 8 81 32 48 50 65 18 20 34 63 52 37 83 33 11 63 30 14 80 19 55 52 32 68 88 51 61 36 63 25 1 74 31 56 56 15 80 83 51 27 17 1 9 89 5 30 69 85 45 67 65 37 5 2 5 90
45 54 45 17 83 6 67 71 47 34 54 82 55 67 76 89 16 73 18 6 13 21 87 4 84 65 68 15 16 59 53 47 52 76 50 13 66 29 50 41 49 17 36 71 33 42 87 63 30 4 13 19 73 70 75 52 71 12 91 23 45 25 30 35 27 58 43 24 64 60 90 36 43 17 3 47 66 29 3 89 88 21 12 34 25 37 49 42 57 52 82 57 35 23 47 40 80 15 9
93 91 10
29 50 48 10 66 17 42 39 4 10 12 5 66 86 72 90 33 32 20 52 88 48 81 22 20 49 33 72 8 40 41 37 14 90 21 25 27 1 14 76 3 35 69 51 70 60 28 22 16 61 70 32 90 19 40 55 65 76 31 48 21 37 5 77 66 14 85 55 71 1 52 32 82 72 80 55 74 13 16 26 47 85 87 50 1 17 22 72 14 31 26 18 87
87 41 39 18 64 29 75 8 70 47 65 53 20 41 62 42 74 51 80 58 79 42 44 86 90 2 13 7 36 79 43 4 24 15 35 87 17 71 78 36 42 78 16 19 33 75 23 31 32 67 53 44 49 64 80 77 28 28 41 8 72 36 2 6 40 81 59 24 49 77 43 73 73 65 12 17 80 31 73 49 19 25 1 47 34 25 15 61 3 11 46 26 81
92 99 10
39 47 11 90 60 81 21 34 5 48 3 37 55 34 13 23 74 97 23 25 80 44 52 32 79 8 5 78 96 98 95 77 65 67 80 90 9 92 81 47 32 6 85 40 61 60 7 34 71 96 76 81 16 66 45 84 89 71 78 22 42 60 2 14 56 33 72 95 88 18 22 16 63 99 17 47 53 33 6 65 16 50 34 11 47 67 32 97 76 19 2 41
65 89 96 20 21 75 75 66 70 12 91 38 48 49 27 13 25 75 3 29 31 36 89 8 12 54 82 22 31 62 72 38 22 94 4 54 94 57 70 28 58 47 92 10 5 43 60 11 43 95 51 25 29 78 32 8 31 62 40 40 91 91 10 36 19 52 55 45 20 59 45 97 58 44 22 95 1 52 88 47 95 19 2 59 91 85 84 90 47 21 60 44
91 99 10
67 53 44 41 55 64 42 72 42 40 35 56 67 91 64 71 92 58 60 47 93 47 86 20 71 92 27 34 1 55 59 80 29 73 31 44 69 65 40 94 25 77 67 95 91 18 68 44 94 76 4 65 72 64 73 61 29 90 21 35 42 89 15 81 96 93 49 82 71 76 93 59 60 28 94 34 46 89 67 63 47 84 83 8 68 83 63 19 45 87 49
65 11 87 37 54 14 65 19 24 27 63 25 4 81 86 98 80 33 47 86 90 50 59 77 42 25 51 2 31 61 84 62 31 23 25 5 61 71 90 2 70 43 27 19 12 1 90 94 82 82 55 88 27 67 2 41 92 85 65 99 36 11 74 76 13 14 40 29 96 2 84 49 65 16 34 31 70 35 94 1 97 16 57 76 17 84 96 79 64 83 37
93 94 10
8 84 53 43 80 83 30 63 19 48 66 77 94 57 28 94 65 67 83 30 40 50 69 76 18 71 40 27 29 47 32 92 62 74 74 52 61 40 4 61 73 80 11 19 27 85 76 5 55 28 69 85 64 64 45 16 24 82 37 2 37 57 94 55 47 67 64 1 4 88 78 81 43 18 87 30 83 92 20 32 90 75 10 72 49 69 38 73 12 73 59 86 20
16 71 23 21 3 16 28 24 73 31 35 23 56 34 43 55 50 7 70 93 26 77 72 63 60 53 59 22 46 60 14 89 47 86 71 51 26 30 76 44 65 65 60 2 29 55 21 2 17 21 23 20 46 9 18 65 73 37 33 39 74 30 93 25 91 75 91 49 27 43 77 61 74 65 84 1 76 42 64 15 71 58 75 12 3 30 25 71 55 47 38 76 85
91 98 10
67 7 89 81 66 65 68 65 41 80 27 43 35 80 72 11 84 2 51 44 66 61 32 19 44 11 57 24 90 42 45 35 93 12 53 61 27 94 63 75 3 93 17 4 36 36 23 88 71 65 26 92 33 51 81 20 77 23 24 48 36 62 15 8 25 76 89 26 52 68 44 40 91 81 16 44 26 77 73 36 31 51 16 24 3 75 69 52 22 63 40
92 84 36 70 6 93 30 97 14 42 78 53 24 28 68 49 32 66 57 33 84 37 53 17 96 42 87 96 53 27 25 15 98 83 57 82 87 95 28 53 14 17 28 44 66 25 28 60 62 4 79 51 29 26 45 64 17 45 81 16 96 89 32 46 52 37 19 35 85 89 21 34 53 86 87 66 77 16 57 1 5 54 31 8 5 67 13 93 87 59 5
99 91 10
31 70 75 38 51 10 37 8 15 18 42 45 28 40 66 56 44 85 84 7 63 11 70 4 76 62 71 68 26 44 6 28 91 42 1 1 74 83 40 11 26 50 42 36 21 60 3 72 58 23 58 80 88 55 73 29 73 52 83 57 85 37 91 50 55 39 14 15 25 15 91 42 42 76 34 40 28 6 80 19 50 73 17 33 55 20 18 77 70 60 47 74 79 81 77 80 67 11 3
67 47 60 3 15 74 78 71 79 12 20 6 45 70 51 28 46 18 39 63 86 65 67 9 42 64 31 25 79 28 7 18 86 21 30 82 39 30 72 78 72 12 3 15 23 26 23 83 18 30 8 29 8 21 21 78 78 76 28 8 1 44 48 25 90 64 86 66 38 35 86 24 18 22 9 68 72 16 45 55 68 26 28 81 70 19 13 19 35 37 8 22 18 2 40 86 35 44 15
91 97 10
26 89 32 6 94 42 32 94 72 93 43 34 51 31 41 88 68 15 3 39 23 45 79 67 26 70 51 84 16 59 49 59 83 22 47 17 55 8 34 74 56 11 86 28 78 43 96 74 53 51 73 46 52 27 22 82 87 4 40 66 70 69 55 45 64 29 25 64 16 43 11 79 83 74 46 54 46 35 85 89 45 18 23 41 18 85 12 43 46 89 77
70 6 48 42 96 62 27 58 87 14 61 56 31 72 94 27 79 29 70 13 62 48 84 34 90 56 94 21 2 48 96 39 56 76 56 85 94 46 67 14 44 45 40 7 71 80 8 96 94 66 45 72 40 26 97 87 3 58 26 48 1 37 78 86 60 4 8 96 46 94 72 87 51 67 88 64 17 39 58 3 19 73 45 59 78 45 21 21 81 21 87
92 97 10
94 72 85 12 60 90 13 51 10 61 9 17 54 25 61 5 25 60 13 71 74 95 28 80 31 47 69 11 89 61 66 61 90 62 67 89 87 74 6 12 18 94 74 20 72 54 26 9 60 48 91 29 69 70 73 19 84 30 1 82 62 17 93 81 54 50 73 53 86 42 68 21 92 30 82 31 37 97 15 18 83 46 80 90 41 51 43 14 27 13 41 56
73 3 86 22 56 26 27 58 66 34 50 92 73 21 94 63 87 79 23 6 8 25 71 31 61 38 34 65 97 59 3 67 43 8 31 5 81 51 8 38 87 67 18 26 77 23 13 50 47 22 32 34 75 34 3 90 86 11 48 86 63 40 31 5 31 2 11 63 5 28 74 5 6 16 6 37 76 87 3 44 24 94 69 81 32 4 73 47 80 3 54 80
97 95 10
58 6 71 10 69 8 74 63 70 20 65 2 88 72 90 25 17 62 11 52 18 59 21 33 56 15 46 34 62 82 84 92 60 77 2 45 85 83 83 60 61 6 57 71 67 46 18 94 74 49 22 88 59 36 28 18 9 67 95 27 81 49 87 41 89 58 27 83 45 48 27 86 3 68 94 51 32 59 25 17 21 27 1 72 61 66 43 38 49 61 49 5 2 71 27 59 43
52 77 5 65 77 22 91 20 13 58 66 93 69 84 36 51 86 34 5 45 84 47 71 52 80 36 72 61 31 90 47 16 95 11 66 93 59 1 71 51 42 34 7 59 66 24 9 84 4 65 94 8 21 52 80 46 1 25 85 7 29 91 73 44 33 63 28 3 6 1 62 45 79 28 71 9 35 68 44 81 80 23 15 9 69 33 81 1 25 39 59 80 47 90 41 66 31
99 97 10
24 82 69 97 84 1 68 97 83 64 33 70 30 7 40 19 25 54 19 1 36 11 51 84 23 5 9 55 64 11 77 52 47 12 6 21 12 68 77 66 73 26 54 28 78 88 43 2 73 88 40 16 94 81 55 66 58 18 57 22 19 49 19 68 41 32 48 74 85 42 69 11 88 91 44 77 30 52 7 19 39 59 81 43 25 86 66 8 49 53 4 67 82 17 6 3 1 69 95
53 91 40 72 45 65 90 9 37 30 97 63 40 21 2 85 83 82 62 48 95 36 75 26 7 29 95 77 88 15 70 97 73 5 94 3 43 22 91 20 32 78 51 5 89 14 62 73 3 9 54 44 29 4 30 67 80 62 29 50 35 24 83 27 78 13 23 77 32 4 73 91 27 38 81 78 25 23 42 44 62 80 8 45 82 32 40 67 93 80 54 46 93 37 39 7 71 12 39
92 94 10
11 27 88 19 14 48 80 92 58 55 68 84 62 72 66 84 9 46 49 58 50 49 24 60 30 66 76 29 21 2 87 35 44 84 75 86 52 41 24 73 22 16 93 61 6 3 78 58 65 86 28 3 32 72 14 45 26 57 58 41 14 89 7 94 54 56 36 34 48 81 46 63 20 62 36 94 59 50 5 13 53 25 10 21 25 67 92 64 77 19 55 14
40 83 89 55 19 76 42 16 81 25 64 87 8 11 74 43 29 63 26 71 47 72 91 18 35 51 56 8 72 34 4 23 42 33 22 63 43 29 5 3 83 20 35 10 45 48 46 16 21 5 49 44 15 14 18 48 15 86 22 29 90 20 76 55 49 74 12 68 55 1 25 45 69 50 62 45 14 10 75 63 92 6 88 65 93 57 76 27 37 2 66 16
90 97 10
70 53 11 27 65 71 97 27 8 97 55 29 8 16 79 13 13 29 77 90 6 13 23 14 16 56 71 6 17 52 3 28 65 50 30 78 53 27 66 89 51 60 58 59 81 83 80 22 23 96 17 38 46 36 4 24 36 13 85 95 62 60 58 68 36 58 84 46 69 21 67 21 9 76 52 41 33 31 54 88 45 33 50 29 93 60 85 65 71 13
28 2 90 43 45 84 60 80 64 59 66 72 11 37 69 85 80 93 18 66 26 24 97 94 10 55 95 89 68 68 91 9 24 30 38 66 2 46 77 24 31 25 65 80 59 10 40 78 28 78 16 72 43 38 58 81 81 73 60 48 89 77 84 55 89 28 46 65 86 59 54 72 76 95 75 13 53 56 58 28 32 56 4 60 92 39 60 18 27 39
100 91 10
86 80 33 77 30 52 14 21 62 17 14 91 26 20 44 48 91 59 54 73 60 70 81 69 90 74 56 4 86 83 75 50 55 73 51 41 5 49 52 26 88 87 49 28 56 74 71 30 49 73 12 14 52 88 56 21 87 89 27 16 41 37 44 17 25 70 75 27 48 24 31 49 45 31 9 44 44 2 45 90 26 23 44 31 80 88 78 51 63 54 41 64 45 75 84 19 24 44 87 39
59 68 25 4 34 2 43 14 48 36 85 74 86 60 19 23 29 68 1 61 21 85 26 4 21 71 29 78 28 43 72 32 12 39 63 56 38 45 1 8 35 5 16 53 34 7 79 77 53 52 52 86 61 31 22 36 7 15 37 47 31 79 9 75 40 53 58 39 7 29 67 80 22 7 54 40 26 7 16 58 10 24 33 35 53 78 89 43 13 85 52 24 40 66 73 88 67 28 43 33
99 98 10
91 45 52 22 78 47 20 73 73 93 2 74 95 23 18 14 27 95 89 9 64 11 66 74 20 27 79 65 40 16 45 30 68 51 59 77 30 27 33 42 97 30 74 50 5 43 64 23 9 22 97 39 29 10 63 5 40 82 40 77 51 69 57 64 90 80 43 35 64 17 94 87 88 89 48 23 50 46 7 86 12 22 97 29 15 56 5 90 48 40 24 45 1 21 76 93 60 73 30
2 80 1 95 53 97 96 91 35 41 73 77 69 87 31 81 47 32 16 16 76 95 81 88 13 50 38 51 81 90 67 98 89 86 96 8 5 41 84 49 81 78 75 10 17 33 97 37 30 19 25 64 62 77 32 43 17 5 60 12 89 82 18 4 62 34 28 48 59 30 38 84 94 30 54 52 6 92 15 92 41 32 28 32 87 38 86 71 14 89 94 5 95 71 82 25 59 43 64
