100
93 90 3
3 18 60 82 65 88 16 23 30 8 22 9 3 60 32 49 48 76 23 66 90 57 72 42 1 28 48 47 27 77 87 78 71 14 88 48 10 44 19 11 25 87 9 11 17 32 6 70 67 55 5 55 7 54 24 68 23 78 37 37 27 85 80 84 80 27 25 16 38 90 18 37 48 88 3 70 32 16 43 26 6 56 71 49 70 18 84 19 8 35 23 90 88
60 89 82 54 53 68 10 39 19 61 60 85 69 35 51 9 52 27 28 38 2 35 37 60 28 41 50 44 64 8 84 19 75 71 76 32 68 5 45 75 79 29 31 5 9 10 26 53 22 70 83 68 52 67 7 78 85 64 71 9 63 38 11 33 5 68 85 50 7 81 60 40 76 35 13 64 44 51 70 46 24 74 47 21 76 26 55 63 87 42 74 43 89
91 99 3
96 23 91 32 75 61 9 91 68 69 48 64 71 46 50 1 88 4 70 28 65 12 69 14 99 40 52 35 57 20 12 55 11 33 88 92 29 23 41 61 99 5 63 82 13 60 11 81 89 50 80 35 16 72 65 75 23 63 81 22 95 15 43 68 56 10 85 41 67 57 85 98 34 22 90 14 58 88 2 2 47 16 30 18 5 68 50 71 26 56 86
40 33 37 16 79 8 94 37 53 82 96 94 37 11 29 54 78 11 5 7 76 56 60 1 42 41 79 17 77 29 81 79 18 39 47 95 80 54 95 40 92 65 75 95 96 44 85 23 71 81 1 48 76 53 48 54 13 50 64 54 94 20 30 28 10 66 43 79 40 3 29 62 9 6 10 78 32 99 38 4 93 23 78 53 46 27 76 93 97 20 17
100 93 3
59 30 29 67 69 79 55 40 40 59 51 21 66 87 1 77 46 55 7 14 61 82 15 26 51 40 79 18 80 41 79 28 76 60 45 78 1 63 58 57 61 89 19 87 76 55 87 20 20 53 64 2 91 29 48 59 20 57 16 22 9 74 76 24 29 56 62 90 11 42 83 59 8 32 18 32 89 77 69 55 71 38 47 65 41 65 64 71 82 50 47 70 34 84 42 20 78 6 2 72
38 48 4 30 73 27 88 23 73 77 41 7 46 72 4 83 14 84 22 92 36 36 50 10 81 71 25 69 84 24 49 41 41 14 17 58 71 28 26 12 67 70 6 81 68 60 34 14 11 7 27 69 74 19 78 84 19 88 85 14 22 13 93 83 66 16 28 35 65 23 58 76 67 37 63 81 18 24 41 54 23 6 58 25 77 93 2 14 6 31 66 80 85 28 37 47 35 45 83 91
91 95 3
14 79 17 1 47 24 9 3 57 41 82 64 94 6 81 6 68 81 22 26 94 11 66 94 20 43 60 73 45 66 4 9 70 73 80 73 80 63 70 8 53 25 31 49 1 67 66 81 66 46 89 45 2 86 51 36 17 48 55 77 51 70 48 68 94 25 59 37 45 22 11 86 85 80 58 31 39 48 70 47 72 2 62 33 21 68 48 20 59 54 1
59 46 54 39 43 85 51 37 28 82 58 16 66 12 33 62 53 10 79 41 9 78 30 43 60 22 27 30 54 24 84 47 19 75 82 16 15 23 91 5 80 74 73 23 3 73 49 15 25 7 48 5 51 2 22 13 24 20 74 4 8 66 39 36 57 79 61 72 49 59 50 49 37 94 76 17 65 21 12 8 83 10 1 30 82 82 1 61 22 95 65
96 93 3
83 19 59 61 71 16 10 29 23 72 51 82 66 59 75 12 71 65 34 14 27 25 12 4 24 73 25 34 63 15 63 90 67 85 49 10 63 12 5 52 9 20 46 44 45 11 67 71 62 38 60 85 41 25 12 91 15 45 63 63 30 51 46 21 64 91 75 13 17 13 26 47 52 11 3 77 35 31 2 64 73 30 26 61 70 32 45 76 20 67 30 43 88 1 14 93
18 15 57 14 36 89 44 57 9 44 34 60 16 55 80 3 91 8 14 45 36 4 16 26 85 40 21 42 44 51 43 16 36 73 39 74 65 69 52 28 62 32 56 64 22 38 39 89 37 1 35 89 63 69 6 73 61 76 13 89 91 88 9 16 58 32 72 43 16 20 38 32 37 8 43 87 17 11 27 45 64 1 63 78 28 5 42 32 69 17 72 89 56 93 66 92
94 98 3
26 19 73 43 38 54 38 16 16 50 97 68 37 43 49 14 41 65 92 88 19 91 88 2 51 9 76 40 81 93 73 7 45 13 73 9 1 82 26 6 33 34 79 43 92 93 79 75 81 67 49 9 97 45 30 24 21 39 84 92 82 47 86 89 67 52 22 91 67 10 91 1 91 20 13 9 43 64 47 53 6 91 18 31 3 75 12 46 22 89 44 56 15 15
81 1 18 53 78 70 83 4 66 60 57 74 8 97 76 56 43 95 91 40 31 81 65 49 70 64 3 88 77 23 57 4 68 89 86 62 19 19 56 56 75 93 95 79 3 3 96 10 54 74 73 53 8 41 53 32 30 25 2 41 96 96 8 61 45 34 64 55 98 38 65 17 78 90 4 11 7 63 62 95 32 80 58 43 84 86 95 84 66 48 30 83 53 54
100 92 3
44 42 81 9 11 46 3 14 11 67 8 12 1 54 26 27 72 55 65 78 79 70 60 47 27 18 23 2 57 59 88 87 86 56 78 29 45 90 50 53 88 17 14 68 54 79 22 48 55 89 18 31 20 77 41 18 78 11 43 68 82 20 59 13 37 34 77 91 63 2 28 67 71 29 71 26 11 53 46 52 8 27 17 25 40 4 24 44 83 40 78 23 46 44 71 71 90 12 75 9
86 66 3 8 45 81 23 40 79 35 20 16 25 14 63 89 45 11 44 39 2 26 52 13 54 80 58 45 19 49 65 12 72 51 91 26 37 44 59 18 84 78 54 34 56 7 62 3 36 61 84 76 80 40 10 57 47 53 24 41 52 24 14 67 52 55 58 25 21 18 26 90 42 2 66 27 23 74 34 64 11 12 40 40 11 77 10 90 16 13 31 14 28 41 38 34 34 2 14 7
96 94 3
20 36 81 81 17 3 74 81 50 19 92 17 67 11 4 73 39 29 72 19 5 17 39 2 12 34 50 3 22 3 73 65 54 6 13 62 63 39 71 9 34 28 87 56 39 77 28 63 79 40 44 87 66 30 35 65 47 56 82 47 87 49 43 20 46 43 18 37 82 54 18 72 18 7 77 90 92 20 64 54 86 9 94 11 31 74 13 82 69 7 58 59 52 81 17 12
21 14 64 17 50 42 46 8 41 59 52 10 88 72 22 60 88 56 44 37 26 59 32 27 65 4 81 58 33 70 12 62 27 21 66 85 86 68 30 25 77 90 83 60 65 59 59 70 64 59 77 17 25 64 79 35 73 43 73 30 33 55 33 47 1 5 21 84 61 11 51 24 32 21 50 22 46 7 49 17 16 44 18 18 91 51 8 52 13 1 30 18 69 50 69 68
99 90 3
37 89 60 32 38 44 66 37 22 89 43 14 30 78 72 58 53 22 22 1 16 66 83 44 4 52 63 15 73 86 6 35 6 63 28 31 14 12 29 90 28 87 16 39 44 21 46 67 52 25 32 28 36 32 65 74 14 80 36 76 70 65 76 52 50 50 68 28 27 35 90 28 82 34 88 10 60 42 35 48 12 73 75 38 40 16 52 26 35 85 22 13 40 59 88 67 31 68 80
5 26 45 61 6 9 83 73 90 10 88 56 58 4 33 50 1 63 7 48 76 77 61 43 58 6 77 88 86 37 3 7 77 24 56 55 62 86 67 41 76 8 56 42 1 46 36 7 47 1 71 81 86 47 56 84 29 37 5 59 28 51 68 88 63 32 46 89 70 1 46 45 27 45 32 84 18 32 5 88 42 29 56 16 63 90 44 23 27 87 9 40 51 1 81 18 69 8 45
91 90 3
65 23 67 55 11 14 52 52 79 21 50 49 22 54 57 24 27 18 63 50 26 41 41 70 52 70 31 43 3 32 47 2 80 49 5 90 11 10 7 37 2 9 28 85 22 15 59 70 24 49 90 30 49 41 28 31 29 73 16 31 18 56 17 21 86 11 72 52 62 62 75 68 75 6 87 9 17 64 37 6 38 62 84 59 11 2 15 47 64 46 52
61 64 75 15 59 87 60 48 66 20 38 53 62 82 8 36 72 66 82 74 41 89 90 67 75 47 8 39 32 66 23 71 14 71 61 41 48 19 38 5 16 1 8 70 29 29 65 54 73 16 87 77 16 56 35 32 49 48 90 46 45 85 70 31 79 61 65 41 35 74 2 86 54 81 28 47 28 76 33 4 7 42 79 44 14 76 1 83 40 10 84
99 92 3
60 66 76 74 57 28 60 6 56 5 77 51 47 57 42 82 58 35 90 52 90 3 57 18 33 66 50 45 65 88 14 75 5 21 88 44 59 10 65 66 20 29 45 20 44 42 25 35 66 81 5 63 35 1 50 24 91 53 47 81 18 15 43 13 3 21 91 42 14 57 62 16 50 53 75 4 26 45 71 28 42 79 49 9 62 38 72 34 17 29 70 92 90 48 41 80 13 80 8
8 29 77 43 13 29 58 56 42 33 12 34 9 69 78 33 75 9 55 13 17 45 2 56 58 41 10 40 72 74 33 71 17 30 51 16 16 33 84 48 5 44 75 21 59 31 45 49 10 41 69 51 87 16 38 40 16 47 77 21 66 89 10 68 43 85 47 91 75 86 76 68 12 14 80 87 31 74 78 14 53 86 29 40 85 57 62 91 76 90 58 37 3 91 3 71 43 17 35
97 97 3
52 31 78 3 1 36 24 43 16 38 50 44 66 83 13 65 81 60 50 80 76 51 21 35 3 73 17 48 52 94 70 30 58 17 20 30 86 71 56 48 62 20 56 63 62 59 66 23 66 37 16 31 27 50 8 88 27 11 18 97 48 6 10 45 68 15 60 94 21 77 3 82 93 64 90 37 19 49 28 78 13 49 94 81 74 6 93 67 38 75 34 49 72 8 89 64 25
39 34 92 87 21 22 5 80 17 59 13 46 92 14 37 17 22 73 58 6 44 54 4 48 52 20 23 29 60 74 88 85 19 8 6 75 43 86 89 25 60 84 92 81 58 38 68 31 22 68 89 89 41 12 37 27 33 46 34 42 43 36 92 32 55 94 51 96 19 33 59 55 89 36 22 2 64 33 53 57 38 23 46 35 26 1 53 22 7 82 17 33 44 12 62 31 14
90 94 3
51 29 14 4 37 74 64 62 11 75 53 11 83 74 59 86 51 47 79 21 29 59 20 29 49 20 48 48 50 30 55 63 44 79 10 41 51 62 73 62 56 88 82 78 44 77 36 47 63 16 13 66 88 86 26 90 54 64 76 41 89 28 68 29 91 1 83 20 30 50 67 92 59 85 15 32 21 1 31 93 68 22 26 46 1 91 11 78 85 50
49 66 88 84 86 30 67 20 24 70 87 33 89 38 69 47 19 60 30 58 56 30 31 31 88 69 29 20 1 75 23 22 68 16 35 62 13 27 13 36 63 74 36 67 76 55 6 11 26 14 7 57 25 22 17 47 82 21 51 8 88 21 29 27 42 58 79 67 42 60 56 14 19 58 1 41 45 21 65 76 37 37 45 91 64 83 68 38 60 66
91 95 3
1 68 14 80 20 6 78 17 21 48 19 74 82 80 57 89 22 26 80 41 52 3 74 83 37 39 57 74 12 38 3 9 69 81 95 31 61 71 29 21 47 24 25 46 7 2 70 77 68 38 25 92 24 61 87 43 52 68 73 53 25 94 48 9 3 49 52 17 74 14 4 21 72 26 61 5 56 74 89 74 78 6 37 28 90 4 62 68 24 88 16
2 84 3 1 38 29 73 78 93 56 62 8 94 17 56 95 7 40 25 3 38 83 31 92 81 33 63 68 55 6 60 52 64 2 59 37 69 89 23 58 89 37 94 45 54 42 42 65 33 68 44 53 29 81 12 68 35 54 23 41 95 10 37 10 51 56 86 10 64 5 42 87 77 67 16 9 3 46 41 60 57 69 65 60 8 74 37 87 36 80 18
91 95 3
69 83 29 63 60 43 11 63 37 66 85 9 32 7 27 37 50 77 56 31 25 66 64 62 40 71 46 57 77 27 83 80 91 3 42 56 95 13 9 87 92 64 55 77 31 73 79 20 27 31 60 77 78 44 36 32 62 92 30 16 7 61 85 72 55 9 53 8 59 54 20 3 40 53 4 9 84 63 69 50 65 21 82 91 54 15 7 31 70 9 83
89 2 11 52 40 28 57 7 25 75 15 57 88 40 73 74 30 78 55 95 65 20 3 61 15 41 8 15 68 55 16 22 30 82 81 83 87 43 81 23 2 75 37 74 48 77 64 32 74 53 14 57 77 28 5 13 60 83 59 35 50 14 29 89 21 66 29 62 15 29 77 27 79 29 66 62 49 14 10 49 7 66 1 30 41 55 41 67 49 24 3
99 90 3
86 2 88 85 13 72 16 54 71 20 60 46 73 11 87 41 46 3 57 75 35 18 36 7 72 46 9 2 6 11 63 39 84 7 85 45 9 68 37 26 28 64 4 68 65 56 28 6 29 89 30 28 56 87 81 5 61 64 65 77 7 21 39 21 74 35 33 48 72 56 76 35 49 55 76 34 26 67 25 17 37 24 83 87 15 37 17 63 72 35 33 69 20 90 81 58 67 50 64
61 17 83 39 48 38 60 86 18 16 6 48 78 5 9 85 89 2 26 78 28 59 75 34 29 65 87 47 45 38 24 60 60 47 38 49 21 43 4 15 81 31 13 9 87 12 50 44 33 2 39 62 86 58 8 62 81 10 41 26 42 75 65 87 33 29 84 58 64 65 5 21 5 33 62 9 11 8 69 26 57 52 62 31 55 19 2 75 63 17 81 11 48 52 10 25 6 6 27
91 98 3
37 17 79 17 64 4 13 14 72 50 12 52 12 3 21 64 63 50 78 17 51 62 51 29 46 27 31 29 81 50 77 67 41 44 4 33 35 67 86 94 46 60 35 23 3 84 46 76 58 5 63 13 36 44 98 43 15 6 34 30 93 71 55 92 46 73 13 49 70 86 84 44 37 65 52 89 20 60 61 68 97 36 50 66 12 51 31 76 45 64 50
63 8 2 2 33 58 74 5 17 72 87 69 4 12 63 45 77 72 61 86 21 13 40 10 9 78 6 83 43 73 23 25 55 68 36 20 82 16 73 27 30 90 8 38 23 32 33 13 26 13 17 88 11 45 84 1 4 11 86 5 57 7 56 83 89 82 24 87 59 70 36 14 53 96 2 14 78 88 47 53 94 2 29 5 63 98 10 68 79 20 31
96 94 3
26 19 41 85 27 47 39 61 81 90 28 79 49 59 93 8 61 38 5 26 51 6 18 5 46 1 65 19 2 68 36 90 46 57 2 12 64 34 83 65 20 3 89 47 91 36 45 1 82 79 15 26 90 48 41 12 84 43 83 46 14 50 31 70 3 33 34 90 94 90 63 83 57 1 25 57 12 72 90 88 41 33 33 80 10 32 49 65 33 28 15 21 21 63 46 30
19 48 51 56 66 75 44 72 10 78 32 67 86 44 4 41 28 32 71 11 77 36 35 18 40 94 42 8 68 84 72 17 83 87 52 21 81 40 17 88 60 18 39 5 30 55 16 78 11 74 32 58 50 66 74 24 67 56 79 88 15 82 77 79 20 51 63 39 37 30 71 15 81 86 44 85 30 10 83 44 19 24 93 52 80 7 8 79 66 27 17 19 89 83 41 40
96 90 3
6 81 63 1 81 62 24 20 4 13 38 68 25 23 74 47 36 31 83 24 71 68 64 24 39 77 4 86 73 65 18 15 86 6 11 43 27 54 61 51 10 40 82 20 52 57 37 54 88 25 25 29 59 85 38 6 50 62 41 34 56 3 70 61 46 26 69 60 84 29 46 27 34 17 54 21 37 14 38 87 10 32 87 78 2 79 44 14 19 85 37 36 41 30 47 77
28 44 87 47 21 41 83 62 87 86 1 5 65 75 22 74 39 39 86 42 82 72 72 49 43 35 49 18 52 82 84 78 37 87 60 66 3 66 11 27 28 76 49 43 67 36 66 3 47 55 1 85 86 1 51 26 20 8 77 75 27 57 36 86 74 46 46 13 17 49 52 58 38 70 11 53 1 13 11 66 21 13 71 2 75 71 74 34 9 32 43 44 21 69 25 9
97 97 3
89 3 27 26 75 19 3 5 39 46 81 25 22 7 59 48 81 25 27 88 4 15 10 75 1 49 21 45 79 95 94 74 3 65 92 40 14 26 88 86 42 85 14 4 9 41 59 11 30 91 4 39 29 36 68 58 45 32 8 37 41 27 90 41 82 86 45 38 23 19 63 47 4 33 16 6 62 40 10 51 66 67 96 17 23 33 14 34 11 27 68 8 88 8 80 60 33
38 57 57 94 42 36 59 33 18 80 78 90 46 75 43 18 69 72 7 79 75 90 33 46 7 53 72 30 44 6 24 91 38 6 57 58 31 61 10 57 41 72 2 35 26 74 50 1 20 48 82 49 9 23 8 53 63 71 32 62 46 58 3 52 45 32 53 52 56 82 90 68 86 8 13 66 40 51 75 76 86 28 61 33 94 27 70 62 65 78 94 68 36 93 33 42 5
90 96 3
69 29 12 63 14 49 58 10 61 39 63 69 77 94 93 87 83 53 89 9 49 64 12 61 52 60 92 45 52 52 56 45 79 51 20 71 64 33 96 32 41 51 90 14 41 13 80 23 41 50 96 87 28 3 20 49 42 46 77 74 64 60 41 36 69 36 84 28 79 23 58 27 5 24 28 54 21 3 89 61 94 68 61 96 41 34 29 19 4 47
3 18 81 93 77 80 41 72 38 83 36 7 7 53 58 61 39 18 95 67 46 19 28 13 63 47 94 44 2 66 57 23 57 67 2 33 76 22 88 11 72 56 79 76 72 92 4 56 54 65 1 78 3 70 25 56 27 48 75 42 10 67 34 30 38 26 4 45 94 30 36 61 38 75 57 49 43 11 30 16 89 25 48 6 91 3 83 23 93 28
97 99 3
76 11 36 96 40 67 22 89 51 97 70 73 25 64 63 24 58 22 83 42 99 63 88 32 2 74 27 3 5 1 62 95 97 50 38 35 19 94 58 78 87 40 18 75 64 9 12 50 73 3 96 49 24 81 89 45 39 81 20 55 57 23 70 47 52 87 62 37 5 9 29 26 60 47 64 82 8 90 46 61 93 58 28 10 50 82 3 89 59 26 56 48 19 7 40 83 91
66 89 79 63 17 33 13 49 28 24 40 10 92 79 61 26 74 68 5 56 32 80 34 33 65 67 60 92 85 46 7 2 81 30 20 4 32 76 67 73 37 13 80 17 73 86 10 22 77 35 50 40 25 23 23 7 13 43 37 47 62 42 17 41 33 6 90 29 56 5 44 52 11 93 25 15 36 12 16 90 82 52 16 3 96 13 79 62 60 13 72 58 42 57 85 73 21
100 95 3
4 69 52 32 30 9 92 81 14 32 20 9 11 70 20 76 77 65 68 33 90 29 67 56 73 84 51 32 17 78 50 42 78 71 57 8 23 26 48 35 44 69 62 36 88 54 37 73 59 21 35 2 40 50 54 35 92 71 52 12 52 83 56 79 23 79 50 5 60 21 27 38 64 89 12 77 2 39 49 93 83 68 3 39 85 47 61 6 45 11 56 90 2 39 26 14 2 10 7 1
45 84 21 54 94 72 42 8 68 26 36 5 20 2 61 20 84 13 92 82 79 51 87 85 87 36 82 8 29 55 82 16 92 89 55 81 89 53 69 63 50 87 69 88 94 7 20 9 92 93 51 22 17 3 1 93 54 72 70 95 24 14 55 87 62 74 46 61 54 31 35 50 10 11 81 51 27 21 84 95 26 71 11 30 73 62 78 1 76 68 86 64 35 19 93 53 79 30 95 34
99 97 3
34 4 4 38 89 61 68 3 92 80 16 16 40 12 86 34 82 2 77 23 38 45 25 94 63 86 63 25 43 5 81 20 13 63 89 93 2 53 23 22 58 89 17 88 21 16 78 36 25 88 90 36 66 67 44 19 30 63 6 64 22 70 34 96 72 53 71 67 38 15 37 42 21 85 30 6 24 58 21 29 95 97 80 53 88 84 61 68 26 96 84 21 2 34 54 59 87 63 84
4 82 96 33 57 76 46 11 35 43 86 34 79 86 31 23 23 92 8 66 59 22 73 19 32 21 49 39 75 84 25 19 12 46 87 66 3 3 6 67 77 83 97 8 27 31 10 48 8 33 88 6 40 9 60 50 19 4 9 5 61 90 51 27 48 31 87 60 64 91 96 91 37 54 70 47 6 75 71 5 89 89 30 4 26 70 74 80 65 81 37 43 58 29 69 88 93 48 24
90 92 3
86 84 47 44 1 20 64 42 22 75 58 27 4 89 70 20 36 75 63 75 81 51 22 33 30 35 34 79 63 8 13 41 65 43 17 86 52 27 73 57 3 28 38 57 50 58 50 90 84 52 32 11 57 68 58 24 57 84 57 78 7 72 35 42 44 33 10 16 53 57 86 16 56 64 83 11 64 6 3 41 91 58 86 26 23 41 24 7 35 61
56 68 14 19 35 44 83 46 36 87 69 30 80 85 82 61 49 54 44 27 37 71 18 91 48 31 47 12 18 74 78 42 55 82 20 83 1 91 67 32 80 20 65 61 36 86 52 75 71 42 8 53 33 59 21 76 62 15 51 15 15 35 15 40 37 28 18 32 43 14 88 40 87 36 88 28 63 53 43 49 41 63 7 88 39 74 47 59 16 14
92 96 3
30 35 6 80 69 6 5 87 78 43 59 39 20 40 40 14 41 55 33 15 31 7 96 68 40 21 22 90 21 7 40 28 2 82 10 88 2 7 88 11 2 11 40 64 66 32 41 53 76 70 24 20 40 44 77 19 73 25 40 82 61 41 34 46 34 76 26 27 56 52 1 86 7 20 86 7 42 69 67 4 93 53 5 79 43 69 81 30 95 91 51 65
35 34 89 92 85 34 87 95 34 95 46 47 50 68 48 56 75 53 6 36 66 41 66 72 11 87 59 7 24 19 94 76 51 91 85 55 43 55 41 31 69 47 73 52 51 44 8 5 21 84 95 45 35 91 49 25 41 36 50 2 72 74 22 53 91 28 36 47 27 2 8 45 35 39 29 25 11 60 77 73 11 26 32 26 56 39 78 48 55 57 93 83
100 94 3
17 20 27 56 90 94 93 72 24 73 68 15 46 39 49 50 70 18 69 73 5 45 59 94 94 6 42 14 22 14 73 20 23 25 60 21 63 50 25 54 12 47 34 64 32 32 52 73 61 20 53 37 72 6 5 88 8 16 29 59 60 4 26 33 46 10 90 53 50 81 41 81 28 22 79 61 77 44 40 37 37 41 10 57 6 57 26 19 37 75 14 43 47 28 23 62 65 69 56 11
69 42 51 24 59 74 31 82 37 44 78 50 42 26 35 53 31 10 77 57 64 29 46 48 80 11 39 20 12 6 81 53 43 30 4 2 11 17 17 53 71 67 67 43 87 60 41 12 55 84 51 9 42 10 42 4 56 88 24 7 71 87 47 20 16 92 40 60 22 62 84 49 32 70 31 55 39 77 89 50 59 58 73 7 7 72 32 31 17 15 13 42 73 23 63 20 53 25 78 92
95 91 3
22 58 67 68 41 42 21 63 30 52 85 9 1 56 33 59 73 74 86 64 89 66 22 63 21 10 52 4 77 10 63 91 6 2 53 89 36 72 75 36 29 25 26 30 5 76 6 55 74 67 42 17 71 38 23 54 50 72 88 63 72 68 44 20 18 6 51 12 30 62 87 65 84 13 48 91 65 71 57 1 45 7 31 41 89 62 29 38 74 8 68 91 6 57 14
52 12 46 71 40 71 84 15 7 69 81 50 9 70 31 27 39 23 91 17 72 21 14 31 70 76 40 69 10 55 50 37 31 18 40 42 84 84 26 5 10 26 83 65 75 32 21 52 56 91 62 4 70 19 20 73 39 3 82 91 3 1 79 3 59 12 32 16 81 31 36 90 11 76 67 81 89 86 1 70 76 50 43 3 1 32 68 20 4 5 88 34 53 32 26
93 90 3
85 59 80 74 84 21 32 44 62 82 79 71 71 67 68 84 75 59 20 69 19 27 85 76 36 55 49 42 43 81 34 26 58 85 85 24 75 44 78 2 40 65 20 15 14 44 3 89 71 18 70 8 58 34 90 53 14 88 14 47 6 19 88 4 68 70 63 41 73 73 87 27 64 5 13 33 46 60 77 32 1 86 76 25 40 3 7 74 12 14 65 75 56
1 23 65 46 13 20 54 33 43 32 52 29 21 24 16 14 21 19 58 35 63 2 81 43 78 56 24 78 5 26 58 11 34 56 46 40 82 25 11 51 33 78 8 60 67 29 9 84 16 19 71 47 24 79 3 24 6 21 90 43 65 86 13 23 59 2 24 40 56 13 40 66 71 18 63 23 14 9 68 50 69 78 14 17 61 40 37 71 83 8 79 61 30
97 94 3
8 26 52 87 80 75 61 49 60 62 69 70 60 21 73 66 57 6 94 65 16 2 76 52 53 13 61 14 8 32 7 46 36 20 10 68 54 46 90 56 76 50 50 3 86 35 55 32 16 78 72 92 89 8 79 65 58 91 92 71 21 38 30 31 49 36 67 61 35 40 14 4 1 68 7 39 41 15 46 7 45 80 31 47 89 91 26 88 2 59 55 75 61 64 76 13 24
41 61 17 20 5 86 3 71 69 52 72 66 24 8 6 13 62 72 36 44 55 88 17 11 57 45 36 71 68 27 44 58 56 13 69 16 78 58 28 55 58 77 5 89 32 37 46 54 79 57 91 63 17 7 19 32 25 51 3 90 71 7 37 52 43 21 44 16 90 37 93 16 8 56 39 61 47 27 83 33 80 70 25 10 90 82 87 94 57 41 47 1 78 69 75 93 57
91 90 3
27 73 58 90 57 47 19 59 62 5 60 86 24 46 38 5 32 44 4 65 44 66 65 55 72 55 11 53 66 84 13 50 76 31 36 69 5 13 73 62 53 1 45 27 64 13 53 43 31 78 53 36 42 29 4 4 76 31 40 59 57 77 40 48 24 34 31 34 10 40 7 66 41 12 56 87 2 17 23 64 14 8 40 24 57 61 55 56 66 24 2
23 68 88 35 46 5 61 56 71 83 64 43 56 65 86 18 65 71 44 10 18 59 40 8 74 50 39 66 31 57 53 60 63 61 6 76 72 41 63 53 33 3 64 7 88 60 81 65 88 14 67 51 37 36 60 45 59 22 78 89 47 8 51 18 33 2 57 5 12 9 56 52 60 75 10 17 35 65 36 14 90 13 73 74 48 66 29 12 88 83 3
100 97 3
61 27 48 46 27 59 75 14 56 14 88 88 87 15 42 56 37 93 95 6 79 32 93 55 33 60 26 83 2 47 20 43 57 77 23 27 78 77 29 31 49 4 72 88 81 90 6 25 19 21 62 4 17 43 59 49 3 74 84 29 32 69 43 25 32 90 37 4 53 16 64 36 97 84 16 52 15 93 44 28 59 31 20 14 21 9 73 13 26 77 28 12 80 39 65 22 84 51 23 11
55 63 82 28 61 65 81 41 3 72 87 18 41 63 25 32 48 4 94 97 96 11 29 69 27 80 67 94 51 36 12 21 84 34 4 83 39 15 4 44 12 60 50 11 94 97 20 94 63 45 12 5 29 90 18 14 47 48 40 26 57 2 76 58 16 86 17 71 6 4 56 11 27 13 65 96 8 28 30 1 14 39 66 69 8 84 64 49 89 66 52 22 50 81 60 23 41 52 82 66
92 98 3
88 80 74 57 13 71 80 81 79 31 73 23 38 39 63 96 20 27 89 29 15 92 96 87 62 98 7 97 40 11 8 67 84 87 66 55 79 88 11 17 85 32 67 1 82 37 3 41 66 61 27 40 38 50 92 19 51 69 11 34 7 56 21 78 53 68 64 59 35 37 29 28 2 60 93 76 30 72 43 58 29 39 75 25 62 96 14 79 39 24 91 97
87 68 49 4 58 21 53 49 19 57 77 74 86 38 82 47 6 42 13 77 94 42 22 97 65 88 11 28 36 55 88 52 18 89 79 35 64 23 49 93 98 6 18 70 10 26 45 95 54 56 29 50 23 71 81 52 14 8 88 24 85 16 47 67 92 13 93 44 59 45 47 53 9 55 27 11 34 17 32 86 63 28 77 85 87 2 75 4 18 18 65 34
98 96 3
59 26 36 94 23 69 22 64 61 2 28 76 90 75 80 2 44 89 5 88 2 93 92 34 96 49 47 77 23 92 39 21 13 32 33 67 38 24 12 94 33 63 60 79 42 90 19 42 83 72 31 46 76 24 32 19 72 14 26 44 46 95 35 36 66 88 17 15 10 32 7 65 2 34 32 77 40 73 35 55 26 50 12 14 94 94 53 64 54 56 41 14 96 58 19 60 27 18
3 11 76 32 60 22 59 38 4 95 21 62 71 45 26 22 58 93 16 81 43 14 76 23 2 29 95 65 32 12 55 62 60 86 27 5 43 17 66 38 40 41 20 62 82 60 12 45 78 94 87 35 11 6 83 25 5 23 11 42 86 17 14 92 84 83 61 40 17 64 48 38 61 61 6 2 49 26 2 59 71 23 89 32 93 44 24 75 7 64 7 52 59 61 89 85 86 66
99 93 3
2 92 76 81 65 2 44 3 41 25 23 20 74 13 16 26 76 43 87 14 8 72 80 78 43 93 53 20 1 25 61 70 77 32 75 75 7 3 61 29 22 62 64 70 41 48 87 27 67 39 22 49 8 29 29 34 35 21 23 36 29 27 65 91 21 87 91 43 57 56 54 24 52 24 20 52 26 76 86 85 89 62 72 17 76 12 5 1 18 9 2 50 26 40 55 92 79 49 23
16 75 92 6 7 29 76 82 8 10 19 63 75 63 15 6 20 74 68 63 40 24 81 89 5 26 5 88 74 88 72 66 71 22 74 13 38 45 44 61 11 92 58 38 14 24 3 50 9 38 90 17 65 91 20 22 52 50 8 76 38 72 42 68 22 11 49 47 90 88 1 37 31 12 55 62 78 79 25 37 37 78 39 63 17 80 36 85 6 92 76 71 86 54 61 56 45 84 74
96 99 3
14 70 18 98 20 5 94 20 15 27 26 40 17 75 96 9 19 89 59 28 66 21 15 93 84 52 53 47 51 44 96 50 78 5 99 24 31 23 51 72 64 59 28 58 94 68 26 42 27 26 44 31 73 45 60 99 37 52 43 71 17 19 16 41 54 62 78 63 66 97 8 50 29 76 17 84 55 76 54 59 48 50 31 86 62 96 35 74 28 45 12 80 67 1 29 53
90 2 55 87 6 82 38 85 79 40 70 60 36 17 97 99 27 87 58 3 70 52 17 23 99 90 59 30 34 91 89 4 8 86 95 70 80 56 49 33 67 7 64 99 93 19 87 34 38 98 69 32 60 16 81 10 15 79 6 54 81 25 8 34 31 22 28 73 13 75 9 37 18 22 44 93 69 28 73 92 54 46 94 18 86 73 3 12 56 49 44 68 43 21 21 9
100 93 3
15 31 24 70 49 31 92 79 42 55 44 87 31 64 73 17 1 82 68 41 23 14 74 41 5 9 6 69 61 24 74 92 19 29 57 51 68 3 6 61 76 91 83 74 84 93 32 81 91 7 44 32 40 59 92 78 61 35 89 59 46 6 89 77 59 80 34 27 77 93 77 60 45 49 36 33 72 1 31 93 69 45 67 86 47 40 2 78 63 15 31 14 38 30 10 32 71 84 62 74
42 68 16 1 85 64 25 77 28 44 27 74 60 9 89 84 12 60 33 68 74 11 47 65 67 74 31 13 10 26 72 56 76 62 10 87 52 71 46 25 75 31 68 92 83 54 73 6 9 45 39 91 77 69 37 68 12 49 33 88 51 1 60 88 80 62 76 88 34 73 91 38 6 10 79 90 24 52 41 23 88 27 37 79 13 29 70 61 14 93 86 62 50 4 16 67 1 74 37 4
93 94 3
54 18 55 78 56 48 47 76 61 54 22 49 48 59 2 39 33 88 6 42 63 82 27 7 94 23 7 53 29 17 29 52 59 36 49 59 1 1 16 52 59 57 18 16 60 55 94 89 76 23 83 58 8 19 16 10 76 23 61 21 67 84 58 6 92 32 63 58 28 66 23 44 47 46 81 52 17 36 80 85 67 8 46 31 1 34 86 24 79 47 69 1 51
4 13 58 33 93 77 22 4 45 46 70 14 33 48 83 15 87 64 32 76 44 91 47 59 7 32 57 11 66 48 77 29 20 51 3 1 78 49 46 16 27 63 80 72 42 32 50 24 73 3 10 46 12 30 20 38 75 7 14 56 23 57 56 38 5 72 9 16 24 81 14 39 25 19 10 85 84 10 26 3 78 71 17 21 21 21 35 50 31 42 85 39 77
97 92 3
43 91 65 13 5 66 1 60 54 42 73 13 8 16 15 77 32 35 89 13 37 23 49 33 59 64 76 32 33 32 26 89 81 19 86 22 5 58 41 77 68 50 30 27 57 61 27 18 37 71 34 44 43 52 39 9 77 73 76 23 86 50 45 47 19 38 70 4 23 86 27 39 69 32 35 22 92 88 73 64 56 16 83 5 56 76 72 36 43 49 89 88 91 77 2 59 34
76 29 68 37 45 67 84 45 34 40 67 90 68 26 69 89 62 32 4 31 32 20 39 36 8 43 72 84 87 10 68 19 16 36 21 38 51 77 30 60 9 83 76 46 38 37 42 23 8 32 48 62 52 4 52 84 43 69 72 25 22 31 7 41 65 59 51 65 46 69 19 65 16 52 9 89 17 56 90 2 20 27 63 22 33 64 2 60 15 88 28 74 71 67 20 85 81
96 93 3
7 2 78 78 17 83 59 12 16 59 41 15 13 34 73 17 16 41 21 51 69 23 76 74 32 19 7 18 64 89 60 46 34 34 40 82 58 2 70 85 10 68 73 86 29 55 43 24 31 67 81 88 65 21 47 51 40 60 49 12 30 4 93 47 33 14 43 40 43 39 47 87 44 69 57 12 4 58 17 86 59 15 66 6 22 7 61 43 64 77 12 37 40 62 2 31
44 31 37 52 13 87 52 1 36 86 71 88 53 38 32 65 61 86 12 37 47 75 44 3 91 71 61 30 77 53 40 44 70 57 46 61 68 9 37 62 91 8 84 93 44 19 62 65 26 83 73 1 4 17 10 65 3 22 60 91 38 10 26 35 48 78 66 65 82 63 34 73 17 18 69 72 10 51 60 40 92 66 9 50 63 3 42 23 61 92 40 89 77 81 13 72
94 90 3
90 43 29 43 64 8 17 14 71 2 9 89 68 85 46 79 44 83 7 29 17 11 48 55 35 5 83 10 66 20 73 57 13 19 83 38 24 81 45 20 46 28 87 88 81 42 42 45 29 73 8 18 27 63 64 4 49 1 19 32 69 53 62 11 73 33 82 19 19 9 18 22 50 71 65 57 5 69 89 72 60 74 77 78 90 16 88 69 61 26 26 3 55 24
56 18 87 46 46 19 21 4 79 20 87 86 5 52 45 75 35 26 66 63 7 73 23 30 5 35 21 60 89 71 9 25 18 25 90 47 28 2 53 3 38 76 69 46 55 13 22 83 79 40 54 29 53 68 13 1 28 33 70 10 37 34 75 10 44 4 67 88 47 17 8 88 32 87 43 73 57 15 4 75 22 6 36 67 45 90 84 21 8 90 87 18 26 4
100 98 3
23 88 28 84 33 28 65 86 9 10 72 7 56 51 57 95 39 90 97 59 3 38 69 27 3 53 63 22 96 42 1 49 33 49 35 77 38 22 30 95 92 86 5 97 76 40 51 31 31 92 93 40 70 15 19 77 82 24 6 39 31 49 60 73 58 44 51 76 74 27 25 90 55 36 64 28 53 16 64 86 15 18 76 83 76 84 6 94 32 20 47 37 28 83 75 46 4 39 12 92
51 31 30 48 53 50 13 63 96 78 6 82 49 14 49 36 7 82 43 25 24 94 47 65 63 93 10 24 95 68 19 71 11 64 47 86 48 3 81 36 69 95 14 42 80 87 29 58 59 85 13 90 57 58 2 32 81 45 82 65 19 44 62 50 75 43 63 66 84 46 89 59 23 92 16 21 63 42 61 70 33 68 43 67 53 59 55 20 7 46 75 95 49 4 7 16 87 11 1 45
92 96 3
56 60 23 42 48 43 3 71 90 57 64 37 54 59 13 37 44 49 77 25 38 91 47 5 5 88 60 4 70 53 17 23 21 49 76 72 38 76 18 73 89 58 70 2 65 15 87 91 60 17 7 46 83 56 81 72 24 8 69 14 91 91 9 68 51 69 89 20 50 6 17 87 25 43 57 50 64 63 24 47 34 66 21 23 88 5 61 62 55 76 11 46
19 33 34 70 24 66 2 70 74 82 38 70 64 82 93 1 19 80 55 1 48 5 32 27 2 37 83 45 27 91 84 81 61 3 71 6 28 27 48 62 19 69 15 26 67 5 11 13 95 75 38 75 66 68 24 65 37 45 54 73 92 4 78 91 40 36 90 6 93 68 11 47 63 79 20 64 86 89 78 23 54 53 14 62 73 31 90 19 43 91 5 76
96 96 3
21 66 32 82 83 80 45 46 66 20 23 25 17 29 44 84 82 45 92 77 78 49 14 18 42 81 18 59 56 76 20 16 13 62 75 37 88 75 6 91 62 87 58 59 40 59 22 84 57 88 22 56 26 87 8 11 79 26 75 17 78 43 77 42 63 44 22 51 95 85 22 39 58 70 82 23 26 37 89 45 94 10 86 48 53 30 83 28 1 36 47 85 24 68 33 19
54 40 24 90 20 13 75 24 56 28 22 72 93 63 6 71 53 48 57 56 41 94 56 12 13 43 69 64 22 81 81 43 72 11 95 59 34 69 1 90 96 11 6 74 56 38 34 4 28 44 77 93 53 61 38 57 32 12 13 42 14 94 57 7 12 67 82 52 83 40 42 37 75 37 36 40 50 52 57 59 40 18 79 57 87 26 13 61 67 60 17 89 53 62 16 76
95 94 3
45 41 37 46 5 78 47 11 21 94 61 66 16 32 1 1 72 75 72 79 77 54 20 7 14 78 54 15 65 8 34 77 36 34 34 93 8 28 1 39 69 23 62 8 6 48 66 63 46 93 78 22 72 23 35 60 43 21 63 65 55 90 2 57 6 52 90 50 56 66 9 33 32 30 77 59 1 44 68 59 74 67 93 6 53 22 41 35 45 25 36 73 32 32 79
65 69 43 42 6 50 43 87 58 10 93 67 68 87 79 65 22 56 27 72 67 10 55 70 47 65 34 66 27 5 36 75 3 47 93 82 9 63 93 24 78 39 45 72 54 68 15 71 32 19 58 20 75 75 72 52 61 63 40 17 76 94 38 13 16 32 87 17 44 41 81 14 24 56 14 53 53 12 90 81 26 22 86 43 66 33 13 38 1 28 52 32 56 68 69
96 93 3
90 82 1 81 5 42 85 29 8 30 26 54 70 40 67 16 33 8 13 74 67 65 57 30 85 84 64 54 42 29 12 83 1 92 52 1 69 42 11 60 46 88 31 59 63 38 49 48 51 56 56 80 84 13 28 5 61 69 9 72 87 27 80 77 21 81 91 51 60 74 66 58 36 26 53 78 65 6 77 16 76 37 88 63 9 28 58 19 28 89 71 38 93 93 93 13
74 90 33 9 46 2 81 63 71 53 10 68 27 73 15 51 58 75 90 47 9 89 67 61 15 78 90 4 13 83 42 90 18 50 9 75 10 61 62 84 19 90 27 85 78 23 26 43 19 14 50 81 40 43 56 83 20 46 56 45 80 59 50 36 14 41 3 81 77 66 67 10 86 64 54 58 91 68 60 12 5 91 54 80 65 60 59 67 20 1 69 25 59 60 79 44
97 99 3
68 21 31 48 59 7 17 44 47 13 19 62 95 82 61 31 65 1 68 83 43 73 57 8 89 24 50 14 12 74 6 60 75 37 53 83 89 57 35 79 63 23 96 8 12 88 95 71 82 46 64 80 42 90 14 55 10 27 54 86 63 5 3 53 89 64 96 50 95 77 52 9 40 1 29 28 64 59 12 64 22 88 82 59 46 95 11 91 48 36 6 14 94 58 72 23 70
48 92 46 91 90 58 86 36 18 55 58 23 71 97 90 95 34 23 28 8 11 21 63 50 31 95 30 27 96 89 57 24 56 65 44 84 90 42 76 15 2 8 57 70 54 60 26 41 75 59 25 63 5 53 9 9 2 39 17 88 11 30 27 3 3 59 20 76 4 1 15 22 98 35 86 79 50 11 27 31 32 56 45 14 38 36 27 31 78 56 27 99 33 66 63 16 74
92 98 3
30 85 44 27 94 72 21 26 95 72 14 60 19 46 7 67 37 98 28 67 58 86 61 43 2 78 55 31 73 1 59 86 38 54 94 60 43 68 53 44 83 48 84 64 63 97 37 86 70 83 40 30 44 45 66 33 92 66 32 98 73 28 88 19 25 49 50 16 81 92 67 74 40 82 22 66 7 92 38 10 1 2 72 45 79 86 81 88 80 49 4 42
87 10 25 18 48 32 68 53 24 19 26 50 35 37 12 53 81 44 25 27 67 30 88 14 61 43 23 40 20 65 30 13 14 85 53 47 21 49 90 77 30 9 65 36 91 65 17 10 41 44 26 29 20 77 18 72 67 47 8 56 5 80 25 64 38 7 89 55 11 40 79 73 29 58 54 80 13 47 94 16 13 54 36 70 30 83 19 27 12 38 42 11
96 94 3
42 27 48 38 87 8 71 75 25 31 80 8 90 86 70 48 65 7 44 9 40 77 56 76 19 16 77 6 74 39 23 25 54 7 37 59 92 43 19 67 17 42 13 8 84 78 85 10 19 59 86 13 23 7 91 43 20 69 41 27 8 19 17 36 20 22 86 17 18 69 92 72 18 75 54 80 7 82 14 20 72 3 57 43 83 45 63 34 2 43 30 73 83 89 30 24
71 23 44 20 47 14 72 77 37 38 31 22 35 78 9 36 18 64 65 80 23 45 21 5 26 49 80 28 6 48 44 93 42 58 60 85 25 22 27 1 66 94 84 60 11 76 47 30 22 54 50 3 57 10 13 27 90 2 82 38 76 90 71 78 58 43 47 76 48 46 68 8 74 58 39 91 60 16 7 37 57 91 3 13 38 56 71 47 64 35 64 67 90 56 50 59
100 95 3
80 64 91 18 48 93 74 95 64 47 80 42 67 92 63 84 80 43 20 33 41 14 27 23 31 90 80 31 12 69 12 26 71 59 3 27 57 83 86 82 4 14 53 94 54 58 13 2 87 5 74 48 74 25 83 28 43 59 10 58 57 71 82 8 9 60 37 68 14 30 82 59 7 67 36 12 31 36 95 67 69 31 35 32 61 5 36 95 43 81 12 71 32 91 66 69 34 81 48 35
45 79 17 93 17 53 70 58 7 88 32 86 9 51 44 16 38 15 70 17 36 75 84 38 76 40 52 91 26 50 82 82 81 81 29 57 21 29 25 86 70 84 86 86 78 81 1 22 25 67 40 15 20 86 44 91 33 15 51 74 25 33 84 45 87 35 84 26 80 3 3 94 33 64 37 2 67 89 36 23 22 25 44 6 71 6 31 72 61 6 40 20 86 18 15 15 21 77 50 27
91 90 3
88 18 72 20 30 8 15 42 88 87 65 18 88 47 66 10 34 13 51 82 1 2 57 29 9 32 40 39 18 9 4 9 18 15 36 24 35 83 70 23 28 70 61 35 65 55 3 12 64 53 44 32 28 1 45 63 65 41 43 40 43 60 24 77 81 2 35 64 69 31 26 35 1 71 3 38 88 6 23 46 27 32 79 84 12 30 84 50 13 27 67
24 33 83 15 28 62 18 52 4 54 20 12 35 68 34 68 30 49 39 90 50 59 79 4 24 20 54 21 44 26 74 47 51 12 90 51 41 58 42 73 58 58 82 26 28 70 34 17 40 81 25 46 2 66 28 25 25 35 11 60 1 23 78 60 29 55 3 11 2 49 32 82 17 76 2 35 83 48 13 28 34 76 68 83 68 78 88 38 39 5 38
92 97 3
12 10 22 12 20 9 89 92 51 95 87 94 14 95 43 61 4 58 12 14 47 34 43 79 34 69 76 23 16 33 64 49 49 73 83 69 67 44 18 3 64 59 76 49 53 59 1 17 38 69 37 59 62 1 6 36 76 76 66 87 10 39 6 77 3 22 35 51 18 55 79 87 58 38 39 88 45 58 3 88 19 86 82 74 39 90 44 22 75 90 90 92
21 13 81 52 82 44 75 31 73 93 83 64 45 9 82 21 30 51 1 78 36 84 22 36 84 11 75 89 45 19 36 77 45 47 10 8 55 95 22 65 78 85 33 53 38 85 13 40 93 79 68 10 37 21 43 64 83 17 13 31 9 6 31 18 39 85 79 26 35 71 62 63 10 4 72 82 76 46 16 15 62 30 92 47 77 95 40 50 12 42 31 96
95 99 3
53 43 81 60 90 46 25 21 99 19 1 79 71 40 89 95 15 59 95 77 52 48 2 66 11 4 82 41 99 20 50 37 17 6 50 42 1 93 42 39 30 39 86 1 45 5 62 64 25 88 66 28 18 96 76 91 77 50 43 25 18 48 56 35 57 54 12 25 40 42 82 48 40 55 40 55 23 31 77 89 71 17 26 27 94 91 46 1 91 59 94 46 50 38 91
32 51 96 29 3 67 70 87 25 35 3 56 10 61 70 83 93 39 14 33 50 45 79 39 69 44 1 60 28 90 40 23 49 19 20 54 30 2 10 38 7 17 42 83 51 41 76 63 45 30 24 75 34 21 47 74 27 94 49 56 72 37 3 61 84 79 60 32 85 23 7 46 2 69 33 99 97 23 6 90 68 78 28 75 46 37 52 12 76 5 83 81 45 33 19
100 92 3
18 91 48 19 19 32 24 22 41 89 76 83 79 2 5 36 29 36 12 62 39 28 25 25 79 35 74 83 19 28 4 42 62 49 86 5 29 40 63 8 83 69 14 79 47 1 31 49 51 39 61 40 2 46 6 75 81 51 69 78 2 64 5 46 62 49 36 31 47 48 24 14 81 8 18 5 78 11 70 51 81 71 50 62 54 76 68 5 2 24 19 88 84 58 23 61 25 75 83 84
72 79 92 3 41 67 39 31 22 88 92 36 11 11 32 10 87 62 29 68 4 26 19 30 80 7 46 78 90 7 10 23 76 16 14 74 59 10 77 25 63 28 57 40 5 86 87 63 42 91 12 8 75 85 15 61 50 13 52 67 55 9 30 33 8 43 67 39 70 70 14 39 6 71 91 63 80 77 91 23 60 82 74 18 92 42 21 58 46 16 31 6 14 28 25 51 63 90 34 42
91 99 3
89 43 33 61 9 26 23 97 78 63 72 2 82 59 19 63 72 38 96 11 23 77 67 17 8 9 98 10 85 34 65 94 74 20 54 60 29 85 4 95 1 77 63 98 36 78 16 56 55 84 58 76 41 13 48 62 30 82 16 69 50 86 86 24 70 83 98 76 94 10 18 89 67 64 50 91 15 7 94 33 6 13 15 99 9 17 90 45 56 80 96
49 95 51 42 25 9 4 94 60 43 11 61 92 44 2 70 20 7 38 89 49 7 40 74 20 78 10 17 17 25 61 75 70 92 3 84 5 66 50 12 8 87 94 15 84 8 21 90 84 62 67 82 13 39 58 93 69 95 79 62 26 18 45 64 61 44 2 5 56 40 17 37 40 8 16 5 9 48 17 41 80 60 20 97 26 16 35 50 68 42 73
97 90 3
41 84 69 68 13 26 42 56 33 14 8 12 55 13 78 64 84 74 78 86 66 61 31 13 28 11 34 86 40 67 38 24 41 89 6 33 18 34 28 37 90 13 11 59 15 44 22 72 42 70 87 66 29 38 47 3 3 3 9 80 23 62 53 19 23 68 31 88 19 63 90 90 33 73 84 89 45 69 52 17 13 27 15 32 16 88 25 54 50 75 62 14 36 8 61 82 39
22 21 71 18 29 77 32 12 57 26 21 30 28 40 58 36 18 73 10 19 88 31 56 27 38 27 11 28 73 53 27 81 66 6 74 17 42 88 38 13 14 40 2 84 50 17 88 75 52 27 6 43 24 18 1 60 51 31 55 20 73 38 44 26 3 15 49 41 23 80 33 42 15 80 43 12 41 37 24 35 85 35 7 6 32 22 38 87 27 46 47 44 86 36 65 5 18
94 97 3
55 37 73 19 66 53 95 51 29 97 70 77 27 94 18 85 59 54 29 8 4 86 35 16 43 59 51 19 60 5 34 85 53 95 14 13 15 93 89 7 76 26 15 65 75 81 66 60 69 83 96 87 81 66 46 70 4 81 73 61 68 38 81 48 22 15 38 97 52 44 39 83 74 7 19 4 74 64 79 31 97 33 20 96 19 96 92 94 34 34 73 96 56 26
35 60 32 92 34 50 74 8 93 4 86 83 44 95 42 6 25 31 3 62 26 30 39 51 23 36 68 49 49 68 14 4 94 56 66 69 64 15 48 27 3 72 94 81 45 71 84 63 75 67 58 37 57 54 26 73 15 43 54 81 63 57 39 91 53 87 82 35 30 21 73 92 30 55 42 46 62 3 63 93 21 1 85 44 37 94 80 95 22 35 25 69 78 75
98 94 3
90 44 68 86 74 77 57 26 34 45 21 20 60 53 71 54 16 68 38 8 12 16 70 16 32 12 70 10 86 15 28 82 45 58 80 56 82 16 87 78 85 79 38 28 83 70 30 72 63 2 88 94 82 30 37 53 10 16 46 18 29 32 67 36 46 37 19 16 37 74 29 55 82 93 12 76 65 44 47 36 39 72 31 45 63 33 8 4 18 8 47 62 42 27 90 21 14 35
33 43 69 7 36 56 38 48 73 77 15 36 31 73 33 52 68 7 61 11 6 59 82 12 54 41 18 82 46 35 3 68 16 24 94 43 65 22 82 32 88 8 87 25 41 94 64 78 71 75 38 51 88 21 17 39 14 34 47 22 26 16 57 48 8 72 86 49 68 6 70 75 36 15 75 2 6 79 66 65 72 80 55 8 30 40 80 10 5 18 80 3 8 55 85 63 48 60
90 91 3
25 80 17 51 54 42 27 53 44 15 38 47 49 3 73 18 59 6 80 38 26 58 66 82 49 71 42 60 79 83 35 65 48 48 34 41 47 46 42 5 86 82 44 8 41 90 42 49 75 17 47 21 77 26 19 27 14 72 91 41 69 86 72 64 19 8 51 67 72 1 65 87 46 10 70 15 35 29 28 19 9 73 89 14 80 88 41 70 36 65
22 24 19 21 48 89 21 6 62 7 61 84 45 89 18 22 33 72 84 37 37 6 37 77 33 11 80 20 85 50 45 83 45 26 10 51 33 22 89 21 15 68 61 2 28 28 28 10 53 25 25 44 66 30 51 49 54 22 33 1 26 67 20 76 9 84 65 5 3 65 31 53 78 60 13 49 78 34 31 51 65 24 81 15 10 10 39 80 90 89
94 91 3
12 1 74 44 84 19 58 60 44 89 42 70 3 72 53 88 49 26 76 53 89 65 78 55 7 34 53 82 24 48 64 62 39 66 1 80 9 28 81 10 10 47 89 71 79 78 73 40 10 7 17 79 59 12 57 25 51 15 11 74 2 43 86 72 70 82 66 41 71 22 86 87 6 10 38 33 19 46 90 83 74 61 12 64 73 53 74 80 40 43 73 60 40 86
58 19 28 75 51 13 46 54 32 59 37 81 14 43 15 4 57 35 17 79 8 8 7 61 59 38 43 25 53 66 2 88 9 11 50 20 3 58 19 84 13 13 55 85 56 53 65 55 35 50 4 12 33 90 42 6 86 58 85 4 36 87 15 63 52 7 14 77 70 19 24 47 41 49 40 9 66 44 27 78 66 38 7 25 31 2 11 68 1 2 33 24 87 67
99 91 3
41 47 83 51 34 71 60 38 66 80 33 72 66 3 72 59 83 75 49 2 54 56 68 38 62 44 36 2 17 80 8 28 79 78 23 84 80 46 33 58 61 72 75 91 7 67 82 82 19 44 11 44 16 9 69 66 85 56 47 3 68 63 14 65 77 46 15 38 11 66 91 64 23 59 77 69 56 8 26 33 49 42 14 29 19 20 2 35 45 8 32 22 56 28 78 48 67 49 54
30 44 82 43 86 27 51 21 31 14 8 68 64 31 53 80 30 73 91 73 90 31 86 13 24 19 6 69 46 81 13 39 10 23 1 74 52 22 27 72 30 88 18 64 16 81 84 46 67 61 2 32 17 5 2 51 35 19 31 11 22 77 60 28 89 27 42 16 78 18 13 20 5 26 35 38 30 41 41 30 79 44 12 1 16 88 11 73 77 5 62 21 13 90 60 74 20 29 17
98 91 3
40 76 25 54 84 69 85 38 62 59 64 47 38 76 36 41 24 75 86 90 28 55 86 70 70 32 75 50 55 49 31 51 43 78 86 49 32 45 58 21 56 2 4 9 91 43 13 69 2 60 3 81 43 24 32 1 76 65 60 90 10 40 33 42 48 22 41 64 42 23 1 80 71 52 1 16 52 54 67 64 26 82 55 57 25 41 17 88 85 13 5 73 74 20 72 43 70 68
72 44 16 32 66 78 16 26 19 12 14 56 1 89 16 76 25 3 68 21 62 18 11 69 5 65 63 75 88 7 30 64 56 52 38 27 82 7 64 17 13 3 51 88 81 21 83 15 37 66 79 69 68 55 28 90 74 29 84 56 36 78 47 85 53 24 14 84 82 42 76 84 34 57 43 51 61 42 70 69 38 26 49 34 15 83 71 71 13 29 83 23 39 48 78 32 16 33
100 90 3
59 59 16 56 32 42 34 1 68 81 26 58 4 36 55 85 41 70 63 4 48 16 62 35 82 88 68 51 51 85 1 89 31 23 8 81 80 77 18 39 81 15 7 61 50 47 70 86 49 74 36 56 63 69 10 50 11 21 41 25 74 22 53 20 45 3 38 40 42 10 56 90 86 85 35 1 75 56 33 48 15 39 33 52 37 65 32 51 12 40 33 30 4 56 16 61 52 10 49 11
53 79 26 87 16 37 73 36 88 62 35 66 15 1 12 89 78 10 21 32 35 56 4 28 12 35 53 64 88 37 58 41 58 37 63 88 18 51 64 10 43 1 71 54 27 48 14 56 7 63 27 68 90 83 77 46 54 90 36 69 78 15 71 83 13 72 82 13 83 63 72 51 18 3 90 86 30 89 9 43 77 24 46 31 67 31 60 21 49 29 66 34 52 20 8 54 46 29 39 6
95 91 3
14 78 9 7 2 32 32 75 38 10 1 2 22 80 20 50 28 43 88 53 19 12 13 33 50 57 45 21 74 30 4 83 42 35 71 65 16 36 16 61 23 44 41 45 7 64 55 43 89 13 12 76 65 14 60 57 53 47 46 64 48 61 27 12 42 61 40 45 18 46 17 49 70 19 27 80 3 76 1 2 32 82 80 64 84 34 7 61 55 77 23 48 45 71 40
72 63 70 90 91 53 89 3 21 53 69 33 63 2 54 90 35 21 43 90 16 46 9 10 62 65 55 23 41 47 78 28 11 91 43 13 89 45 61 9 6 9 79 77 37 57 43 76 50 56 15 88 30 15 86 61 21 59 19 1 16 35 54 25 44 2 27 16 22 59 47 45 62 27 44 47 69 42 43 38 3 18 38 88 33 48 10 6 13 69 48 55 3 41 50
95 94 3
16 22 73 42 60 22 32 42 80 84 22 42 92 5 31 58 82 7 78 25 69 21 21 86 33 47 62 58 31 51 11 35 75 13 10 27 58 50 41 18 87 53 35 82 53 87 66 53 86 60 3 27 73 27 62 20 12 24 45 78 85 44 9 6 12 40 25 56 39 33 47 24 32 62 18 24 23 57 32 12 5 39 10 58 25 13 15 11 21 93 7 17 74 55 55
40 2 81 76 12 90 71 81 36 91 42 51 5 43 63 85 91 72 34 79 62 17 53 25 6 71 8 11 70 2 28 64 66 62 50 69 30 72 38 72 2 3 7 20 24 45 62 6 42 88 59 59 19 84 35 28 76 1 86 20 42 83 93 3 76 82 58 55 12 76 90 14 11 77 26 53 39 16 63 13 36 45 64 79 82 74 72 17 40 40 49 22 20 18 37
100 96 3
7 51 29 21 3 30 85 96 35 6 34 66 82 1 29 7 71 64 86 66 93 55 70 57 12 11 60 74 38 51 94 65 50 67 96 84 92 86 69 76 71 44 23 60 80 9 46 29 14 44 54 87 48 59 94 77 78 77 20 95 45 7 29 38 69 76 49 1 95 84 48 23 26 46 14 53 70 71 82 15 20 83 2 50 25 29 20 48 13 28 27 44 4 36 24 75 53 24 48 79
31 69 18 34 41 29 51 6 11 63 73 62 64 91 2 52 3 59 94 46 82 37 31 8 21 2 40 27 15 70 74 8 69 12 26 78 78 87 80 60 47 30 17 56 10 77 55 59 27 25 93 76 75 63 67 13 47 67 79 69 19 75 75 58 84 28 40 85 56 18 78 51 54 34 79 79 21 70 77 86 60 2 32 33 41 1 41 15 10 11 47 95 76 17 94 43 30 59 89 46
93 99 3
42 71 43 15 32 29 93 8 35 49 72 98 61 7 47 85 36 58 13 10 57 56 46 85 17 64 28 35 86 71 59 4 21 19 91 55 89 51 79 98 58 21 80 27 24 18 72 44 50 29 67 99 4 22 20 68 8 27 97 64 20 3 57 56 38 90 2 35 77 47 37 95 75 80 74 8 87 71 27 3 52 12 80 35 27 73 33 18 27 92 16 11 7
93 31 69 60 30 56 97 87 73 79 25 6 52 15 46 28 86 33 94 16 79 45 34 72 87 47 80 89 81 87 83 28 98 89 31 20 8 11 88 47 81 96 71 73 45 55 37 61 61 63 48 60 86 70 98 69 93 70 9 8 87 1 32 35 15 23 61 32 82 92 95 44 37 19 3 68 83 90 30 97 71 49 65 18 24 91 62 21 7 99 75 82 74
90 97 3
14 55 32 57 89 85 48 89 59 65 68 81 48 11 31 49 46 97 86 22 37 78 48 89 41 72 69 45 77 23 67 28 68 12 37 25 33 4 42 78 5 14 4 83 54 94 9 37 60 40 47 87 48 49 30 67 96 67 90 82 43 89 73 69 1 71 5 63 52 66 63 69 91 11 95 36 82 91 59 93 93 46 80 33 16 28 40 1 68 34
29 58 21 4 45 5 76 60 51 24 18 46 25 42 58 90 72 21 68 67 97 63 44 7 56 79 4 56 95 37 45 97 90 2 78 91 95 14 24 52 90 33 43 10 93 84 77 36 62 75 60 27 83 55 86 47 95 42 38 80 5 57 23 23 73 92 12 30 59 24 51 35 59 58 62 17 33 17 1 23 33 81 90 56 38 42 25 30 18 90
100 99 3
88 46 83 90 82 76 98 95 89 70 32 23 9 11 60 94 79 66 38 72 58 3 58 41 82 67 30 30 62 21 76 46 30 84 70 57 50 96 71 85 55 2 43 6 42 16 50 96 22 78 3 73 86 22 13 50 44 68 64 50 64 19 72 66 24 80 92 58 20 41 97 76 33 68 85 37 92 92 39 16 85 54 66 73 64 16 54 40 78 36 56 89 99 52 58 2 25 56 51 42
10 2 73 75 55 38 26 59 6 41 78 83 33 74 35 69 77 94 49 47 74 1 76 22 94 6 4 24 67 2 72 42 98 93 43 84 99 61 74 10 47 33 46 48 95 58 49 6 2 50 68 51 48 77 31 80 95 94 20 42 61 48 91 67 34 18 22 73 38 77 32 68 61 80 12 42 76 50 46 13 78 45 51 28 97 82 59 41 46 92 77 88 11 42 19 70 44 19 54 8
92 97 3
18 57 26 61 17 7 46 91 91 55 31 51 53 19 45 56 33 24 53 96 87 73 96 21 57 88 59 78 89 24 35 72 82 75 73 31 38 11 59 46 89 35 75 80 3 19 57 25 32 21 43 49 87 44 60 13 23 23 48 2 72 84 21 44 97 21 94 21 36 49 33 20 44 18 7 12 66 93 64 89 82 84 46 91 53 84 65 4 12 19 4 30
76 19 94 73 54 21 52 78 34 79 50 82 85 33 42 17 97 63 73 73 90 68 13 73 44 7 86 22 69 21 72 68 88 62 54 79 73 89 22 31 33 19 78 7 73 91 93 4 83 80 85 72 79 88 37 68 33 45 80 65 86 71 2 55 79 46 80 44 14 73 85 67 5 66 86 10 53 57 39 49 41 1 11 25 69 47 53 75 59 3 95 76
96 95 3
46 36 95 79 45 15 71 50 45 49 63 75 75 51 53 8 80 56 77 13 41 72 76 37 77 30 72 16 90 14 58 44 55 18 8 1 70 52 36 94 57 35 82 83 10 13 95 12 66 87 95 88 56 67 85 53 43 78 42 83 52 47 46 66 37 44 45 64 9 33 30 64 15 60 44 12 38 9 31 2 47 40 51 91 18 44 50 40 58 89 70 65 60 51 5 16
73 45 76 55 21 37 87 49 31 89 21 49 64 42 32 35 30 22 74 1 51 52 60 41 10 55 77 47 73 18 87 83 37 27 34 63 72 69 79 91 54 22 26 32 46 15 67 34 42 40 9 53 41 59 73 67 36 3 21 91 34 31 39 1 52 63 54 84 15 62 21 23 58 50 27 51 64 23 23 68 8 60 84 82 3 66 32 12 56 34 87 47 63 63 23 60
98 98 3
40 45 69 66 66 67 5 7 61 49 13 76 43 71 9 39 78 48 85 45 38 30 68 14 98 27 62 6 85 49 35 60 86 37 8 28 72 67 77 98 39 75 23 26 71 55 97 68 58 66 16 20 73 45 52 52 82 6 81 49 62 55 61 23 57 26 26 42 72 31 97 40 79 46 39 46 12 21 81 82 58 68 23 81 53 92 65 28 24 95 47 36 3 89 83 58 50 33
68 85 40 19 92 15 24 74 14 15 46 53 88 46 39 62 45 61 61 3 18 90 44 66 43 76 1 66 33 74 82 74 1 95 40 5 58 31 83 49 73 13 32 27 94 80 12 50 57 55 15 59 15 85 95 19 53 74 36 26 20 88 93 84 22 73 6 59 80 12 36 26 36 96 31 9 4 61 66 51 70 62 15 62 75 22 82 97 19 25 2 39 19 34 2 19 86 68
92 91 3
62 7 19 43 39 83 32 29 41 62 16 27 29 77 84 72 37 44 91 33 80 27 60 30 54 77 49 20 33 32 1 45 38 33 6 7 4 31 33 60 63 28 26 86 16 20 88 2 56 60 21 5 34 11 66 60 61 27 27 1 85 7 31 48 68 82 20 49 24 65 36 5 43 68 90 77 32 24 7 2 28 51 2 44 7 45 76 64 73 78 1 53
88 17 31 61 66 62 87 10 44 72 17 89 87 26 59 79 14 33 3 46 12 81 61 43 84 44 15 47 40 36 79 52 26 31 90 71 41 89 82 33 68 41 77 74 2 28 56 87 88 14 1 53 49 29 54 45 49 60 1 6 88 47 27 89 76 43 74 43 47 76 14 70 1 88 76 52 88 47 3 85 37 41 85 41 44 60 31 5 3 65 63 33
92 100 3
1 66 24 13 11 67 85 75 52 22 1 13 15 45 43 29 15 96 96 17 11 43 92 35 2 57 94 54 21 75 60 30 56 93 45 23 70 49 3 22 28 77 67 79 95 95 11 84 74 29 66 85 58 44 72 63 76 56 29 24 3 15 7 49 16 85 95 51 33 9 36 72 52 42 18 27 88 43 94 21 15 11 75 11 22 72 34 97 34 94 58 72
69 99 71 77 66 96 73 21 72 40 78 49 14 42 63 54 54 9 44 99 95 38 42 26 53 89 23 98 78 19 27 91 76 7 50 26 36 56 12 43 82 11 64 18 94 6 78 88 7 48 22 95 75 68 82 81 90 2 57 71 71 8 91 73 79 29 58 96 48 19 89 40 54 24 53 40 23 70 43 45 69 50 9 13 76 77 47 98 24 21 80 39
90 99 3
66 74 31 27 10 94 9 34 32 7 22 59 34 62 63 24 35 22 65 75 65 39 48 10 3 6 84 35 7 94 76 79 24 26 49 10 68 37 2 9 48 86 46 69 94 95 51 31 42 58 47 33 24 39 3 89 2 85 77 30 93 55 94 78 35 8 52 94 36 51 25 17 42 28 96 49 5 17 97 27 4 37 58 20 17 71 93 81 3 86
38 42 38 18 61 33 30 22 79 5 90 43 72 17 67 53 85 93 39 10 39 98 82 84 93 11 73 55 18 13 8 21 42 38 92 73 83 87 57 69 47 19 99 54 61 29 91 30 49 88 34 2 2 3 64 11 16 80 97 5 33 87 65 89 26 70 47 62 85 15 47 72 59 93 2 50 56 33 6 50 6 20 63 91 49 56 86 68 43 92
93 94 3
93 42 11 24 52 71 76 17 36 88 71 54 69 1 51 55 43 44 24 4 88 82 63 43 10 82 43 50 93 87 56 39 64 35 36 78 48 78 13 31 78 81 43 66 39 47 63 46 86 25 66 10 86 47 33 57 32 6 16 62 2 35 72 90 15 80 27 79 90 42 68 33 14 13 64 21 52 16 68 34 40 31 82 44 49 75 32 29 52 22 5 43 71
42 39 76 44 50 22 87 9 63 46 68 82 20 66 65 56 18 89 16 79 89 89 29 38 44 60 33 61 92 39 26 65 52 83 93 26 77 11 7 48 86 59 87 4 18 29 11 70 85 33 59 22 87 40 71 86 76 48 40 77 87 65 14 24 52 64 42 62 62 22 58 72 90 69 8 52 84 91 64 85 47 40 42 71 92 27 82 43 15 89 11 69 89
95 90 3
11 51 40 76 25 44 16 77 89 88 57 85 81 35 57 65 30 42 15 19 78 83 77 80 59 27 3 82 61 2 60 60 54 33 29 39 58 9 58 77 22 58 55 60 73 6 63 30 72 19 79 23 61 80 11 53 31 18 81 31 18 29 35 46 62 71 84 27 27 7 48 21 9 25 38 54 30 71 20 16 75 60 83 38 60 15 2 2 31 25 4 85 33 10 85
17 66 41 1 50 56 84 57 5 57 77 62 89 79 11 1 72 83 65 82 46 7 66 51 78 87 36 41 33 32 53 39 83 84 61 80 41 64 62 85 84 68 61 32 39 72 25 44 17 60 23 73 64 86 75 55 2 78 51 26 53 38 50 35 31 90 28 28 22 77 61 57 23 19 51 74 73 74 38 59 19 11 39 49 57 16 7 62 43 40 50 4 77 87 38
94 90 3
63 67 9 20 68 20 76 4 24 35 48 73 82 73 13 39 63 51 20 60 85 90 14 24 48 38 7 41 73 9 64 78 84 5 7 33 57 17 17 90 69 27 64 64 12 63 82 56 33 61 17 44 37 78 5 29 82 84 69 1 48 80 45 75 44 6 76 35 79 56 66 54 75 29 70 24 81 88 41 87 51 82 68 43 52 7 9 88 10 51 12 62 45 57
81 39 8 51 51 6 43 89 17 26 65 4 30 1 28 64 73 49 76 55 68 44 21 86 27 10 78 4 75 90 31 86 16 14 41 53 12 79 32 43 71 89 62 35 85 24 52 20 34 68 41 75 73 69 71 39 84 35 80 85 73 64 34 68 54 53 24 45 28 44 88 85 85 33 51 66 16 56 72 53 47 51 87 5 45 43 30 19 71 78 84 5 34 19
95 94 3
92 30 22 9 24 86 80 36 11 2 90 83 72 26 11 29 86 82 55 67 79 88 18 14 22 41 29 57 6 39 14 13 46 22 80 34 91 88 62 2 20 2 70 47 57 91 67 9 28 8 59 76 53 33 16 71 36 24 40 32 62 25 33 71 9 21 42 39 51 90 89 37 48 87 36 67 78 45 59 45 78 89 19 44 18 4 61 5 17 46 87 14 13 55 74
53 54 33 46 31 45 94 3 43 61 92 58 13 27 64 56 15 14 70 41 11 25 31 3 56 66 7 9 75 26 85 75 64 93 44 78 29 46 11 74 50 67 67 20 29 65 64 93 12 49 2 57 79 70 66 69 69 91 86 83 83 73 56 67 80 52 80 1 18 76 79 25 7 82 78 18 20 34 60 13 62 22 39 63 66 94 39 49 94 10 30 26 92 46 75
95 100 3
46 47 3 50 56 44 69 8 54 59 68 30 18 36 57 37 73 98 82 51 87 90 36 54 4 31 89 70 5 49 28 58 78 38 50 1 43 44 32 6 41 19 3 80 37 33 57 42 19 23 60 91 49 11 90 28 61 86 86 12 89 60 97 1 3 48 38 84 41 97 79 52 79 14 24 95 21 40 30 18 16 2 41 11 63 6 57 9 88 68 19 59 87 52 7
97 37 53 16 96 13 77 79 43 16 32 16 51 43 97 17 30 95 91 83 49 85 65 23 57 58 6 80 50 64 13 28 34 23 44 14 97 89 69 63 2 9 33 20 86 45 10 10 64 59 46 56 36 59 10 83 7 51 38 34 61 78 54 34 24 33 59 78 20 10 99 85 88 19 74 63 13 59 8 2 86 5 54 43 82 66 89 11 23 94 67 97 49 26 8
95 95 3
47 1 13 54 24 42 6 93 25 12 25 71 62 30 20 90 16 80 34 66 35 76 39 44 38 85 41 25 24 31 43 68 59 90 1 78 40 83 52 36 11 80 50 2 87 58 26 57 88 67 81 42 26 30 5 49 16 40 33 29 59 65 61 12 12 39 73 29 73 35 39 36 33 50 44 13 52 21 83 42 21 9 7 43 43 77 20 46 51 51 40 77 58 41 89
13 7 14 67 70 95 3 40 27 29 31 15 24 68 76 1 50 75 26 13 38 80 62 2 65 13 95 5 68 20 64 65 64 9 76 37 52 91 66 93 46 87 65 29 83 16 39 8 7 27 9 4 25 8 9 12 17 74 72 5 46 93 77 82 92 26 66 8 82 90 37 34 51 93 7 86 1 7 59 81 47 83 64 54 26 17 37 5 87 50 42 61 54 50 17
92 92 3
63 66 9 59 74 65 29 84 85 12 20 20 82 30 33 39 1 43 14 29 9 32 76 4 78 28 67 76 35 25 54 69 24 86 12 35 34 11 26 67 70 70 66 77 35 24 39 38 51 16 61 77 56 89 50 37 17 85 40 43 37 39 58 53 7 62 57 9 6 44 2 50 44 13 41 37 14 18 29 81 64 14 15 25 91 78 4 46 67 43 57 69
66 44 47 44 4 56 72 73 33 90 30 6 1 88 18 31 20 78 53 27 70 22 56 12 86 65 9 26 85 5 52 18 44 74 2 29 64 35 17 83 12 61 77 23 28 42 30 2 80 89 81 43 71 61 88 62 6 37 39 71 30 44 22 18 67 64 10 85 49 49 8 42 17 19 48 13 10 37 70 84 21 46 21 54 47 47 20 70 88 75 3 33
100 94 3
85 60 91 71 3 25 42 50 82 42 66 48 10 45 75 45 30 56 10 11 49 68 27 11 15 49 52 47 40 94 89 23 7 33 39 27 64 16 31 77 72 64 52 64 58 35 25 59 34 10 53 34 15 16 34 15 78 84 16 43 41 1 42 18 89 70 18 5 3 13 83 57 17 14 61 71 9 14 17 73 92 67 37 27 7 43 92 64 3 23 83 12 36 51 18 35 30 92 33 27
19 20 11 88 94 59 9 68 49 68 33 42 18 23 13 36 41 15 87 72 13 62 39 33 27 63 77 9 15 37 57 80 83 82 7 65 55 72 27 38 35 94 26 49 57 55 67 72 83 39 18 8 37 71 11 19 64 78 72 58 51 39 51 55 18 59 94 52 48 74 17 8 68 63 25 46 59 62 39 36 58 11 10 9 82 7 2 23 69 92 29 39 29 39 45 83 58 1 62 67
93 92 3
23 13 64 76 70 56 80 90 54 1 76 45 35 67 75 2 9 9 13 3 36 10 21 71 40 50 15 67 59 57 79 23 60 85 51 70 58 79 50 13 7 22 27 57 27 59 2 27 69 88 10 40 78 73 39 50 67 43 50 24 50 7 73 57 9 23 86 59 23 75 34 1 18 47 41 83 75 46 10 83 19 79 8 2 12 27 84 4 90 53 35 28 53
60 36 76 51 55 76 83 51 57 51 16 32 45 48 80 91 88 21 64 88 58 89 33 85 66 58 42 73 9 27 86 27 9 16 24 4 81 1 15 22 58 34 45 89 2 70 51 51 16 30 3 63 26 85 72 53 53 79 90 53 44 84 32 20 42 66 65 17 18 90 77 39 73 48 40 3 13 52 72 24 62 43 58 72 2 19 26 8 51 15 89 88 19
95 98 3
90 24 95 57 59 82 57 18 55 91 39 14 57 84 23 27 65 77 32 59 24 48 91 1 43 10 53 91 53 85 91 83 91 59 8 85 52 33 63 24 72 7 58 43 14 92 83 49 3 70 77 72 63 50 19 8 11 71 24 49 54 8 83 23 47 16 38 67 26 42 86 46 40 82 58 11 21 50 15 12 91 87 7 67 77 73 33 69 4 21 73 92 33 17 37
26 55 37 96 56 83 19 43 20 4 66 58 6 44 6 34 88 44 52 45 30 31 44 28 79 97 79 79 89 81 55 41 94 18 65 23 35 76 24 67 9 46 93 71 40 54 32 72 54 16 18 59 61 62 20 19 50 13 50 4 65 15 64 72 37 77 90 28 73 35 48 67 49 80 68 75 60 34 11 25 15 9 19 53 32 77 35 73 33 60 93 5 87 57 28
99 98 3
96 32 63 73 30 44 36 66 9 65 75 45 62 9 35 31 61 91 19 5 59 59 66 27 49 60 39 36 80 18 84 74 58 76 90 22 40 39 92 87 75 86 97 46 60 80 4 94 11 93 43 19 86 97 83 20 11 26 20 56 73 44 75 57 74 48 48 83 28 21 91 9 94 28 21 14 94 73 2 78 66 14 46 43 17 20 94 36 71 43 75 40 76 95 83 2 87 49 14
93 8 45 36 60 41 82 26 89 35 84 25 49 2 26 75 74 52 43 40 51 47 21 92 43 76 82 62 81 38 67 68 3 70 44 46 96 42 59 68 65 62 46 53 71 54 69 96 35 96 36 26 65 30 24 15 5 49 33 2 23 82 11 68 24 55 15 2 89 54 95 45 43 68 53 79 65 40 85 80 67 75 79 7 68 13 34 91 59 63 86 10 54 27 75 43 91 61 95
98 98 3
52 85 91 44 97 35 86 7 28 82 27 8 52 19 17 26 64 81 69 77 89 97 15 24 51 18 17 64 5 46 56 74 15 32 67 15 72 52 67 1 75 74 63 77 62 28 78 13 25 94 94 61 12 98 89 33 85 60 63 75 49 47 46 92 86 47 56 83 11 82 7 81 49 71 79 29 5 9 56 7 17 70 17 50 2 27 26 9 48 64 68 93 46 3 72 51 33 65
69 37 22 79 55 23 73 14 88 29 45 43 28 78 30 12 91 45 77 16 15 75 81 55 33 79 37 44 32 47 31 65 62 52 54 57 22 7 5 40 4 51 97 12 91 92 13 1 83 90 70 51 60 9 32 45 18 52 25 20 35 72 32 48 20 29 57 43 43 24 90 8 23 91 50 64 52 85 35 50 88 80 77 67 49 54 67 23 55 38 34 45 75 11 77 83 17 36
98 100 3
74 60 52 97 75 16 95 18 31 97 61 92 59 68 94 89 55 56 46 64 24 98 8 72 4 6 48 46 37 47 66 67 52 15 82 43 67 23 9 65 98 1 66 41 25 98 50 50 18 47 58 45 10 60 31 87 77 93 95 10 8 2 47 74 83 54 28 19 77 67 33 64 37 22 56 4 50 3 63 56 93 46 59 71 75 87 69 62 40 51 87 26 49 51 61 29 24 35
17 78 15 16 35 48 39 20 21 29 48 80 52 3 21 43 53 30 5 38 47 78 72 82 73 41 52 16 76 96 18 90 72 10 29 14 59 39 26 76 80 27 40 78 63 11 6 14 47 59 19 68 89 68 72 66 95 11 38 25 22 75 79 53 58 38 60 70 86 15 62 20 26 86 38 23 43 43 55 36 2 64 17 78 8 37 4 64 30 74 59 96 36 32 80 19 60 72
96 100 3
86 18 69 63 96 36 34 26 22 97 100 4 66 39 29 80 17 76 10 14 93 27 26 66 80 3 8 100 81 11 63 26 78 14 91 50 2 36 100 66 79 64 18 98 76 25 98 58 21 89 89 78 40 59 78 28 61 13 49 39 51 40 17 59 89 56 5 50 9 87 57 4 6 61 31 41 66 44 32 13 71 94 50 33 53 78 59 43 65 41 44 73 3 65 37 89
18 95 100 62 41 6 69 2 33 70 56 56 73 100 17 3 90 32 39 46 74 84 100 73 26 66 37 88 36 4 54 91 100 17 26 44 82 7 59 18 45 43 90 52 75 93 17 76 29 40 58 54 88 42 60 27 96 58 70 48 56 20 66 25 86 75 37 64 7 49 37 93 74 12 88 28 27 82 14 34 19 66 86 62 88 45 77 6 57 14 11 14 90 64 49 95
99 94 3
84 39 3 45 77 50 4 49 40 75 38 25 51 17 21 65 65 24 16 45 51 14 82 9 31 45 30 92 90 59 3 89 73 24 25 94 81 71 14 36 15 16 64 12 84 49 75 85 88 3 88 83 87 34 77 65 53 80 59 3 87 45 44 11 87 15 72 92 18 24 10 10 22 7 1 19 5 1 11 77 62 64 71 6 45 92 17 32 25 71 41 83 48 47 23 18 36 94 19
38 83 82 93 6 68 83 62 59 30 21 9 71 9 52 14 64 73 39 67 32 17 18 16 89 69 85 33 9 64 43 75 76 41 11 88 70 44 51 72 2 43 47 28 4 83 94 75 70 91 63 68 6 65 81 87 17 27 52 80 94 41 15 64 26 91 87 46 26 75 36 80 36 86 15 42 4 44 86 19 65 52 34 10 92 69 31 2 45 57 1 43 83 88 31 45 29 84 45
97 99 3
89 2 66 36 64 2 97 70 70 57 41 27 18 52 35 42 37 20 39 12 38 39 12 91 51 81 66 37 37 67 63 26 16 72 81 69 28 24 33 37 34 39 16 39 76 95 34 40 30 40 90 53 53 75 42 6 41 73 40 35 83 9 50 2 68 16 3 44 39 30 27 37 91 89 88 70 32 93 60 93 21 84 37 36 35 40 45 51 91 61 52 91 95 31 90 73 48
24 75 92 56 79 37 24 76 2 46 49 11 87 87 13 77 39 10 15 31 54 79 91 62 40 99 54 82 90 76 28 94 4 67 41 2 40 49 77 96 33 65 92 49 49 27 48 36 82 85 17 67 36 51 11 59 91 51 44 65 85 58 14 10 63 82 62 12 1 89 21 23 72 64 11 75 16 77 71 57 92 99 73 88 48 26 82 40 75 94 58 81 27 59 31 50 30
93 93 3
33 80 70 55 20 92 40 78 51 11 70 33 43 51 53 72 25 76 30 78 84 52 62 34 60 73 56 28 17 93 54 7 74 29 25 47 90 72 84 88 61 3 93 56 66 42 29 26 30 42 12 18 26 37 40 62 60 43 84 12 82 66 19 64 4 81 30 15 64 52 78 18 45 27 43 3 24 44 14 20 80 67 18 29 5 70 92 1 79 25 82 16 90
48 27 83 56 28 17 34 67 47 22 78 56 17 63 55 58 51 46 50 71 70 46 70 47 88 58 20 33 61 6 27 14 78 86 16 78 20 36 45 24 28 1 23 78 59 34 48 24 43 40 82 10 64 73 24 38 61 58 62 21 62 64 5 46 41 93 91 34 21 92 31 71 6 24 90 60 50 14 58 17 61 36 12 56 22 62 88 56 20 91 16 83 55
95 96 3
59 3 56 19 9 7 92 82 35 96 25 22 25 66 39 27 8 79 14 90 69 47 94 70 57 92 35 53 10 44 74 57 3 13 67 28 73 33 55 53 71 84 50 62 8 1 90 80 2 49 71 44 80 23 80 10 58 18 86 50 77 37 65 22 1 69 68 63 59 47 8 96 62 90 12 37 6 81 2 4 94 42 60 52 88 70 41 14 61 37 45 80 26 30 73
32 35 96 50 93 19 43 52 67 22 8 33 18 58 7 14 94 30 75 52 82 95 92 69 15 56 74 3 55 86 43 51 83 87 90 41 52 55 74 15 86 73 40 28 51 51 79 68 52 9 3 96 54 83 41 59 72 79 10 14 41 17 27 39 7 77 11 7 17 27 26 73 54 30 70 70 33 94 71 76 77 32 91 22 8 72 29 20 77 17 84 76 94 61 79
99 97 3
3 63 85 43 44 59 76 42 11 57 50 49 38 9 45 13 13 6 2 23 59 24 52 65 96 75 88 23 24 31 17 22 18 20 5 66 30 47 42 13 79 72 17 39 54 63 48 77 29 26 83 49 29 55 20 30 85 88 29 42 66 59 43 4 93 66 25 77 54 39 91 78 61 94 8 37 19 72 30 18 96 46 59 20 76 11 33 35 39 3 26 2 13 72 36 85 36 89 38
57 96 58 87 18 24 32 17 85 56 34 25 80 69 31 62 33 33 57 92 92 72 39 61 56 82 67 95 36 57 38 82 62 30 49 72 54 13 52 23 30 49 22 80 51 95 6 70 92 8 17 50 59 81 87 25 72 5 8 8 6 81 8 83 6 52 66 34 92 36 6 11 33 63 5 16 90 67 17 23 20 81 22 89 66 2 95 26 97 73 76 9 40 11 3 11 71 8 30
90 99 3
45 73 1 71 96 42 44 57 98 54 31 83 21 34 16 25 26 6 18 80 50 41 15 93 67 62 77 33 7 91 26 70 52 65 76 65 5 83 51 35 34 52 26 60 84 14 97 50 14 25 23 5 73 80 74 27 95 82 27 68 77 20 89 6 96 96 22 61 89 75 88 23 22 50 97 19 96 18 73 22 57 54 22 87 23 90 1 68 18 84
39 7 27 33 36 7 47 79 15 32 55 66 54 82 69 88 52 83 77 7 67 92 78 67 72 25 14 40 8 29 17 58 58 89 16 16 46 49 41 33 40 65 34 26 82 19 48 63 18 27 83 70 29 94 56 37 79 91 60 32 68 37 30 66 45 77 86 11 88 81 10 8 80 41 98 52 61 86 40 90 97 42 73 75 52 37 80 89 59 8
94 98 3
12 57 72 95 79 34 59 64 74 3 31 55 4 70 24 41 76 67 1 58 35 44 90 74 29 52 55 66 8 56 46 3 74 82 98 43 95 9 38 37 92 94 98 79 52 7 66 17 10 12 76 47 96 59 90 61 22 75 66 66 40 2 47 36 73 69 66 65 84 8 74 81 37 74 1 46 2 48 76 7 5 33 71 91 56 67 40 95 90 25 56 90 90 76
51 36 64 48 40 46 55 76 46 54 86 98 48 9 70 12 36 14 11 80 34 85 52 98 46 3 10 84 42 32 14 85 7 72 75 39 34 96 65 14 5 68 52 18 13 69 44 95 67 92 54 94 37 63 31 91 9 93 83 80 86 53 72 31 35 29 95 58 13 96 66 59 89 9 90 9 47 71 11 16 71 34 89 76 3 57 73 44 60 19 37 56 87 84
100 94 3
49 44 16 81 68 61 41 19 42 10 70 93 59 50 92 9 7 39 21 1 18 17 21 14 21 91 27 68 37 78 73 84 50 76 42 43 71 94 76 53 15 18 72 86 18 84 71 17 54 50 61 86 6 73 80 44 74 82 44 61 15 15 52 91 46 12 82 63 21 20 92 50 67 77 85 34 43 39 90 1 93 6 20 63 85 50 7 66 46 40 16 68 66 46 81 79 32 75 44 54
39 25 5 89 83 77 52 6 92 76 92 90 2 85 87 15 73 5 75 46 90 73 22 68 15 50 82 59 22 28 35 93 61 77 79 6 80 25 42 59 44 39 36 37 44 75 18 78 11 72 19 61 50 30 94 30 47 64 43 8 45 16 66 32 87 65 19 29 4 60 39 2 10 86 55 62 44 80 37 10 3 60 35 52 94 13 90 49 69 51 73 84 4 72 61 13 90 21 58 36
100 92 3
36 36 46 58 24 81 29 65 60 71 32 48 51 10 40 59 77 30 25 46 47 68 2 4 21 39 29 22 59 87 86 86 69 36 35 77 69 20 90 24 44 74 32 77 24 89 17 16 33 85 57 66 23 1 27 56 92 58 21 13 26 50 81 2 11 43 56 50 72 92 58 10 77 65 64 25 73 63 92 90 80 12 1 60 74 79 58 51 75 73 69 87 33 50 27 52 92 8 62 20
40 32 60 34 39 35 83 11 75 56 30 81 72 2 37 38 83 37 57 80 1 52 80 88 71 72 18 80 29 91 56 39 71 89 82 69 85 21 40 53 86 91 49 61 78 49 60 19 75 68 85 5 3 33 66 17 68 50 85 72 30 81 47 81 78 6 18 23 42 22 64 16 52 87 8 46 53 57 50 3 61 58 30 83 9 16 53 29 29 90 17 82 6 59 52 42 41 56 18 62
99 98 3
9 12 27 92 11 45 80 55 43 44 90 51 92 61 96 75 17 32 38 48 67 24 79 44 46 38 97 50 22 15 71 32 34 67 6 3 40 49 35 74 7 17 12 31 14 57 60 77 89 39 88 23 4 43 46 65 60 67 56 78 53 85 53 2 79 31 71 9 70 10 65 33 9 56 55 65 42 86 53 82 75 53 23 37 18 96 79 84 40 52 63 96 37 77 83 46 95 84 53
58 80 65 46 82 18 96 85 29 61 2 53 26 93 40 37 97 10 25 58 18 96 8 29 14 45 49 54 76 40 14 12 74 95 14 22 25 41 3 11 41 10 71 55 56 52 61 60 47 40 66 70 67 87 95 11 21 20 97 16 56 4 78 22 2 55 40 92 43 59 57 51 54 34 20 38 2 41 73 94 57 11 33 47 68 20 90 66 68 9 27 66 69 22 20 96 72 2 41
95 90 3
66 17 7 62 19 4 30 56 85 77 8 31 82 54 38 68 51 85 39 63 69 43 43 15 57 81 17 82 14 64 37 80 31 24 20 5 18 77 70 89 27 48 32 51 19 25 8 62 71 57 10 28 48 33 7 67 17 88 57 83 30 25 17 35 79 84 78 7 38 26 57 32 36 48 1 76 15 11 29 54 31 67 81 29 77 52 62 50 39 79 74 77 16 13 36
26 62 71 77 67 39 88 12 17 1 31 41 87 19 4 22 87 76 61 38 64 34 27 30 79 21 57 26 63 65 43 53 43 7 78 53 30 12 29 24 31 76 76 18 75 85 65 64 16 3 80 34 36 68 60 20 85 52 41 68 5 55 72 90 40 68 3 22 2 65 37 9 7 50 77 7 19 58 45 7 87 33 70 70 68 43 77 84 45 76 81 13 38 34 83
