5168
4803
5333
5328
5171
5435
5848
4857
5048
5893
4527
5271
5015
4522
5345
5463
5383
5258
5979
5329
5186
4896
5365
6402
4945
5362
5321
5607
5047
5866
4643
6365
4908
5205
5504
5367
5061
5305
5272
5584
5288
4728
4503
4900
5782
5504
5256
5703
5126
5302
5099
4898
5156
5447
6499
5923
5528
5767
5101
5474
5676
5122
5593
6208
5068
5826
5350
5590
5391
4557
4937
5694
5069
5059
5393
5093
5415
4662
4403
4631
5203
4875
5460
4948
5756
4704
5226
5771
5783
4177
4917
4878
5671
5016
5039
5446
4999
5746
5492
5281
