1687
1835
2001
1630
1963
1895
1923
1886
1932
1663
1757
1899
1767
1681
1792
1652
2073
1676
1550
2017
1737
1984
1763
1864
1534
1591
1902
1816
1883
1672
1579
1869
1760
1791
1818
2007
1793
1794
1686
1725
1730
2147
1822
1743
1666
1734
1880
2099
1820
1921
1647
1665
1786
1789
1779
1651
1830
1677
1690
1897
2127
1711
1853
1579
1770
2045
1963
1708
1955
2012
1902
1941
1754
1625
1801
1777
1555
1580
1886
1743
1858
1688
1890
1423
1621
1914
1939
1858
1935
1890
2089
1687
1881
2042
1798
1901
1695
1808
1887
1570
