1372129
1285155
1157436
1281114
1188158
1337749
1287018
1107872
1253581
1252864
1257157
1163943
1247194
1421403
1184193
1102013
1335927
1114594
1167835
1289973
1277370
1312701
1238566
1204563
1357427
1164973
1235029
1263312
1266237
1123961
1119365
1145628
1157016
1363733
1304403
1257999
1359256
1328609
1266721
1217332
1258360
1279358
1276265
1356280
1270563
1259478
1343435
1112318
1287356
1125638
1236782
1193401
1185088
1218718
1220485
1290051
1310620
1142318
1143119
1261939
1335032
1220271
1284619
1348067
1165552
1252251
1274742
1055638
1258012
1267882
1240869
1155425
1263135
1208901
1232871
1418703
1266258
1077158
1162274
1169948
1079595
1365784
1150440
1228323
1218946
1228016
1207170
1392570
1274564
1208859
1315818
1251973
1318452
1241594
1206986
1420406
1222453
1273105
1267213
1087583
