55653
57278
56284
55118
54028
54034
57975
54015
62263
54355
62234
55767
58429
59434
57903
60666
57830
56179
55073
55435
55162
54399
64523
65651
66069
61905
64705
52288
56384
61023
56193
58142
55962
55800
57846
55854
62009
56392
55399
64758
62962
56006
57954
52751
53984
64831
68094
57757
58337
63848
64281
63560
53267
58672
65102
65868
58530
52483
55317
56648
57865
56085
68143
65659
52652
54701
55944
61347
56515
62251
69032
53005
57909
59667
64596
53526
60959
59662
57337
61255
55785
59102
52938
63345
65770
55738
66939
54138
59015
55033
58288
64248
57201
51717
58173
57207
52355
61984
58952
65620
