100
94 92 3
22 79 19 17 75 9 79 22 89 88 92 80 77 28 7 74 51 81 39 58 13 2 25 47 80 88 27 70 37 6 92 55 69 72 88 45 16 25 47 12 69 3 3 69 27 55 56 61 57 41 78 3 84 56 7 84 13 14 82 33 48 43 8 30 61 9 92 39 70 79 22 3 46 69 1 8 67 3 18 7 5 89 49 47 39 56 13 81 33 25 59 28 31 41
23 23 59 36 54 70 40 81 12 60 30 82 32 17 9 5 10 10 75 18 14 80 90 11 31 85 8 48 69 44 32 83 85 13 1 1 76 72 73 62 11 33 30 21 74 26 16 23 6 92 37 37 76 10 88 79 32 83 21 83 53 63 89 46 34 40 69 57 60 46 57 38 43 64 28 59 55 1 72 5 73 35 20 43 49 22 74 67 39 15 34 83 70 54
90 90 3
81 73 14 26 1 80 79 24 45 58 36 37 22 74 87 8 66 88 23 53 60 85 44 81 12 70 37 81 84 61 8 55 5 79 81 68 60 22 67 59 51 76 64 82 64 40 62 22 1 49 82 17 77 56 87 19 80 12 49 13 16 2 83 18 40 44 84 39 79 12 56 52 26 76 32 39 33 20 17 40 33 75 7 6 25 1 41 19 65 46
25 50 8 12 21 45 33 56 47 73 41 77 58 39 24 4 63 79 33 87 5 49 81 89 9 33 88 55 71 6 39 36 89 82 24 61 27 89 59 86 36 62 68 86 63 48 21 14 3 26 38 74 27 36 49 2 51 85 4 66 26 6 80 26 65 76 79 79 8 20 11 46 24 45 72 78 74 50 51 83 14 71 90 39 34 45 37 3 86 47
91 92 3
72 56 11 86 76 17 27 11 81 34 4 60 63 68 77 25 24 56 46 39 43 78 38 12 80 51 16 29 71 60 7 19 70 34 88 24 81 10 77 89 83 71 40 11 14 18 69 20 22 17 34 62 22 42 18 75 28 8 66 92 22 5 33 31 61 20 37 2 77 10 38 58 49 77 32 44 61 53 55 75 52 61 80 49 43 5 65 42 85 87 54
90 40 4 81 41 62 86 4 56 57 39 87 81 66 51 68 75 60 9 84 85 83 73 53 20 32 55 14 92 19 73 50 32 44 55 69 32 52 81 90 27 7 72 5 1 74 4 65 11 1 15 40 53 47 65 35 65 42 69 43 90 72 91 81 4 80 55 21 68 51 30 81 40 6 63 3 84 32 38 79 1 84 28 83 36 17 22 14 38 18 17
97 100 3
11 97 52 47 48 4 98 67 50 44 53 52 3 8 99 16 27 90 42 54 40 63 68 38 84 60 7 64 80 33 87 35 28 20 98 96 19 71 66 92 61 50 62 38 2 38 75 4 31 36 10 46 80 4 22 26 31 51 2 89 96 87 21 77 50 95 75 51 93 19 25 9 64 84 36 67 34 76 79 56 30 33 37 89 81 66 38 97 70 77 94 58 10 38 8 87 81
20 84 45 49 13 53 9 68 77 83 84 21 43 70 8 93 73 99 99 3 97 52 34 37 72 23 61 14 64 44 32 17 78 98 49 26 52 25 62 8 67 80 43 22 38 69 52 59 64 16 60 16 5 8 80 52 27 32 77 66 2 65 20 95 81 52 82 56 68 92 64 79 94 10 99 95 36 97 30 24 100 68 32 21 49 55 11 55 30 60 97 56 50 3 44 1 34
90 94 3
81 56 16 27 33 33 84 66 50 53 53 41 39 8 36 70 30 46 62 36 18 68 94 51 76 79 14 28 28 41 67 2 37 44 32 66 22 14 51 3 70 21 64 35 76 79 86 85 60 21 55 25 61 29 38 74 45 80 26 91 18 60 83 65 46 64 76 47 76 68 62 9 70 4 43 84 91 30 22 11 51 79 71 88 25 73 20 20 73 40
67 18 56 28 84 9 29 89 56 7 58 58 92 23 32 43 23 7 68 11 56 9 3 46 57 78 44 25 23 26 1 88 56 67 61 14 54 15 9 70 87 55 31 5 35 94 20 68 3 6 8 7 31 10 70 25 76 64 74 54 94 71 5 45 42 23 67 52 36 88 37 86 19 7 21 3 73 84 47 7 82 51 76 77 34 84 23 81 81 80
90 92 3
84 57 52 90 37 67 79 15 27 52 65 2 12 38 43 83 62 75 71 89 74 64 30 73 85 71 21 27 17 14 73 42 3 28 81 58 12 13 3 45 27 68 78 30 29 38 36 61 6 69 82 33 24 84 44 49 33 34 8 28 75 9 69 39 89 90 51 75 4 68 45 64 31 61 24 31 59 5 2 66 22 61 13 53 19 52 38 78 34 8
34 33 33 60 54 18 52 5 13 23 71 45 72 17 31 51 46 63 82 70 27 28 50 51 20 1 26 34 39 23 44 77 68 83 16 77 39 28 23 81 59 11 29 28 20 28 50 45 21 7 53 71 12 7 25 45 14 38 51 4 74 90 29 19 79 21 30 6 45 27 85 36 54 83 45 43 35 21 75 60 37 76 78 89 70 19 16 62 57 49
94 100 3
24 56 35 57 84 51 5 20 86 2 42 52 21 25 21 89 21 9 62 76 19 37 26 63 17 76 36 62 90 79 87 81 62 12 27 85 86 49 70 12 7 80 70 88 31 98 39 55 20 81 48 19 59 93 33 2 100 41 4 79 39 93 62 97 97 24 29 3 77 79 91 50 46 7 95 76 32 33 25 62 14 28 44 94 18 42 40 22 77 31 78 95 90 88
28 85 28 21 29 64 7 6 89 68 61 93 1 69 25 73 93 33 92 63 77 79 11 51 34 63 27 77 46 75 1 79 86 56 26 92 56 71 32 74 47 3 9 18 16 77 62 72 52 35 76 69 37 40 2 7 97 78 60 57 29 100 86 52 21 26 83 57 74 50 68 66 37 92 6 21 74 27 71 73 1 35 29 21 10 100 69 21 2 15 20 53 82 84
100 96 3
8 78 72 35 12 94 13 72 45 82 77 33 75 32 59 16 57 38 74 64 30 10 67 64 65 96 26 76 54 3 40 49 86 84 44 2 48 4 14 4 57 13 18 64 46 72 88 24 50 9 83 30 65 13 71 19 11 57 52 96 88 22 63 42 41 16 6 91 74 50 24 16 22 70 94 13 86 28 16 7 71 81 71 72 84 72 85 65 12 6 4 88 38 30 28 55 90 79 61 45
21 8 91 56 89 88 29 75 1 84 74 43 20 53 60 95 94 55 55 61 73 85 73 22 2 10 58 94 76 54 91 76 75 15 72 59 66 71 50 37 12 85 37 90 51 61 41 19 8 56 58 52 90 20 91 7 51 41 88 35 6 28 73 10 86 31 34 31 75 4 35 81 36 96 52 18 62 38 85 15 93 4 49 48 72 22 1 18 31 23 18 26 68 32 46 61 77 27 5 57
95 94 3
10 4 49 56 84 59 50 84 13 6 79 12 39 56 52 86 51 34 73 10 56 78 17 64 52 65 45 88 50 65 31 35 34 90 76 91 5 18 42 34 71 77 34 68 77 58 42 80 66 50 9 56 87 65 72 84 66 70 42 89 6 9 70 42 35 84 58 24 35 91 50 33 18 15 7 38 22 82 13 52 59 15 85 35 17 90 70 79 57 66 24 3 46 55 26
88 52 89 88 43 63 28 62 36 53 26 78 16 8 70 24 59 2 53 6 51 23 61 89 68 11 79 24 44 42 79 57 87 8 1 69 86 65 85 10 40 15 63 4 47 29 93 60 78 55 71 33 26 79 41 44 80 44 29 67 56 46 83 16 78 70 49 50 91 5 94 3 62 6 52 29 12 77 72 34 79 30 27 13 11 69 89 93 92 31 40 43 38 34 38
91 99 3
69 43 42 36 31 99 35 63 86 98 48 97 20 69 19 3 74 14 30 66 62 72 74 50 51 45 15 7 30 87 13 85 68 48 73 94 29 8 13 20 36 64 17 69 93 35 81 55 9 2 29 75 31 67 13 27 81 29 25 80 36 66 51 71 24 79 58 80 50 38 60 60 58 36 83 29 37 50 71 88 52 4 58 34 74 33 58 72 3 88 86
18 26 75 47 97 46 85 74 68 47 19 80 10 25 57 67 95 56 33 50 21 22 55 28 87 79 20 29 37 26 98 46 42 39 52 75 55 7 57 33 2 33 24 61 45 30 75 4 51 27 10 66 85 8 35 47 45 20 97 44 76 36 71 42 31 98 60 50 86 76 16 66 73 6 74 10 33 73 57 66 40 12 15 4 34 50 8 7 65 82 54
98 93 3
31 3 56 36 52 11 67 7 16 2 6 49 8 25 33 69 74 20 6 26 72 16 44 77 42 36 48 79 48 11 41 6 53 17 11 10 5 33 65 78 26 53 60 76 33 53 11 77 2 91 59 70 55 6 63 58 27 86 60 54 42 43 8 3 47 28 88 91 30 63 75 18 5 13 8 79 60 67 61 11 47 90 73 5 1 58 1 56 67 80 44 53 54 60 78 88 44 19
77 81 85 67 85 85 62 3 90 67 24 80 19 43 62 20 72 51 18 86 8 91 69 54 28 22 79 39 11 4 75 50 69 44 81 65 25 76 42 19 60 15 22 70 37 24 39 83 10 68 60 26 21 76 55 83 71 78 43 21 65 85 17 7 34 5 63 80 29 1 81 60 79 48 9 40 55 69 68 66 57 52 43 68 92 20 52 7 60 34 85 3 39 89 85 83 24 92
96 91 3
31 74 27 81 78 76 65 56 27 57 32 3 13 40 78 76 2 45 8 27 49 44 67 13 38 4 42 20 67 13 73 70 2 28 53 64 16 4 85 48 44 64 67 78 84 17 51 42 36 53 81 36 43 82 59 22 83 85 66 8 73 61 25 58 19 85 11 32 27 4 9 72 24 90 17 88 79 46 85 89 75 69 62 10 35 2 54 20 38 63 82 48 18 54 35 72
40 73 15 58 21 24 15 17 72 91 54 48 72 69 38 75 14 54 90 58 22 35 40 36 80 40 65 46 30 19 38 40 22 9 38 91 42 52 7 67 55 2 29 27 37 18 19 90 62 68 37 73 30 77 53 24 33 87 41 60 67 5 1 88 71 67 65 18 47 47 87 44 67 46 85 8 40 3 3 40 6 56 61 75 44 71 62 28 6 78 60 57 15 59 20 6
96 91 3
31 52 2 52 70 54 3 24 39 84 85 8 72 8 1 78 71 22 33 74 54 50 56 85 49 64 43 5 34 34 71 60 74 76 31 2 69 82 50 21 54 85 57 66 16 48 44 43 25 64 54 64 66 48 54 16 74 51 33 7 32 64 54 47 72 17 54 77 91 31 35 72 21 18 8 83 76 69 85 72 88 87 89 18 61 54 47 33 40 80 32 20 55 31 71 56
11 23 11 34 49 21 91 30 65 22 86 82 61 21 7 5 35 2 47 24 39 72 80 25 5 73 14 76 88 80 2 28 40 44 2 66 31 41 36 36 44 50 88 61 59 17 29 6 4 87 67 48 10 16 89 9 75 70 34 84 82 80 59 77 32 48 10 18 41 46 1 17 75 39 81 43 20 8 50 3 66 44 3 79 69 46 33 51 47 39 29 36 48 29 16 49
99 95 3
53 1 19 1 66 90 48 66 42 48 45 71 61 56 28 45 64 12 60 93 65 13 60 27 47 73 12 44 85 76 88 4 3 91 44 20 8 77 49 66 31 69 17 67 86 7 5 20 86 25 52 83 52 26 64 37 71 61 18 88 43 17 6 36 65 23 28 46 92 62 3 55 73 56 68 51 19 38 30 26 81 85 90 59 21 8 28 16 26 88 72 46 83 25 8 47 38 52 65
8 8 22 72 24 5 31 1 58 87 35 31 38 86 18 10 13 22 33 92 36 60 92 86 93 23 34 40 47 54 32 11 29 39 42 95 70 95 45 60 21 82 41 82 45 44 46 18 76 8 4 21 49 22 14 13 5 56 89 37 82 26 80 30 20 17 7 69 30 13 31 33 23 50 3 69 31 20 79 54 5 25 5 65 72 85 29 70 4 68 57 37 36 34 29 49 80 12 62
96 97 3
41 40 51 50 71 86 69 10 19 90 30 1 52 64 54 56 60 64 11 19 9 64 5 17 18 92 58 59 59 6 52 75 26 21 48 54 80 36 89 50 91 42 26 44 95 54 54 67 57 37 4 15 58 51 80 24 19 13 62 56 12 67 35 4 72 75 29 42 17 20 31 66 45 96 5 92 61 90 52 96 11 38 24 20 30 81 8 26 17 68 83 82 65 87 7 54
73 54 73 46 62 13 79 38 64 29 49 72 73 90 69 80 41 5 24 6 93 16 68 66 91 46 26 22 78 14 21 28 14 26 82 6 39 4 26 64 92 97 90 40 93 75 32 70 72 92 38 53 11 68 89 52 41 20 3 84 72 8 27 95 4 14 6 38 42 85 51 86 95 52 55 41 76 6 4 64 59 9 46 5 38 3 34 64 9 9 9 18 63 5 28 56
93 90 3
10 9 29 20 2 88 52 24 80 58 39 72 60 44 4 38 84 80 2 32 47 38 81 68 33 39 69 30 32 57 62 69 12 70 25 69 37 78 71 49 63 82 1 66 32 35 22 87 51 59 68 85 45 24 11 8 12 24 79 60 64 62 4 81 17 82 35 78 46 65 37 17 84 21 82 14 54 78 33 38 40 76 90 60 22 49 21 57 46 73 18 83 20
70 86 37 1 36 47 5 28 50 70 62 56 70 56 46 6 1 55 72 57 56 12 9 45 63 17 18 47 70 59 32 81 49 24 90 19 33 19 22 84 78 89 17 23 38 53 89 64 86 70 33 20 52 61 36 12 48 79 5 66 77 80 39 55 52 70 67 83 68 50 47 11 87 64 61 89 89 61 89 21 79 8 87 8 83 82 68 60 90 87 42 56 17
90 96 3
4 51 26 17 77 10 43 15 25 82 19 74 60 42 87 92 12 14 43 1 75 93 81 77 90 81 74 59 40 46 32 42 28 15 43 31 37 17 14 85 34 18 96 35 23 21 41 63 72 83 12 67 16 35 32 36 93 51 85 12 8 89 64 39 31 87 91 2 15 78 95 6 13 24 65 26 59 95 1 96 69 53 88 41 27 38 48 77 55 7
25 7 35 57 83 61 16 69 50 59 23 50 65 34 50 80 78 46 2 60 95 85 65 32 91 16 79 67 96 66 44 53 81 93 13 32 34 61 68 71 43 1 93 64 95 71 2 60 94 44 1 18 65 75 7 64 58 23 13 76 19 26 20 87 64 69 27 36 45 19 19 38 17 50 32 54 18 60 23 13 75 52 45 87 55 6 35 23 38 51
90 94 3
76 34 53 87 86 16 77 68 62 4 62 60 83 6 37 18 65 60 48 81 83 42 25 55 20 49 91 79 80 82 72 92 18 5 81 41 69 86 62 42 69 90 51 71 56 94 47 58 42 7 94 76 20 69 55 28 68 78 77 82 68 63 10 79 73 77 6 42 18 55 5 30 42 19 88 48 23 48 78 83 32 20 65 32 33 26 4 58 57 48
43 69 20 86 54 88 53 91 41 27 38 23 34 25 9 29 2 41 19 80 93 92 15 83 5 28 33 86 12 81 21 26 43 16 85 32 31 74 1 92 67 70 84 82 23 92 36 80 53 65 71 71 75 51 43 50 51 42 45 84 9 42 51 47 37 39 20 62 20 74 69 3 27 48 21 37 35 82 17 19 22 83 24 82 44 17 22 22 69 50
95 94 3
93 40 9 20 11 23 25 94 81 83 1 87 60 9 59 60 56 4 19 12 63 83 87 28 43 41 34 13 37 51 59 24 24 8 74 83 21 32 27 87 71 38 70 52 45 8 59 91 73 38 65 44 60 38 82 72 92 78 37 36 73 1 25 32 19 69 23 51 61 54 48 11 69 73 25 12 60 94 69 78 77 92 25 78 67 14 94 28 33 7 21 44 8 34 63
62 24 44 78 68 29 16 44 58 46 32 86 89 28 83 16 22 73 11 59 3 89 14 30 28 4 2 71 57 46 21 54 74 72 80 46 2 86 13 79 52 23 1 42 69 47 90 83 24 56 50 5 22 17 13 67 11 52 50 11 28 21 37 28 49 60 36 29 9 46 38 79 38 61 24 69 7 17 78 24 89 71 88 60 11 49 11 54 25 1 83 58 2 59 7
97 95 3
57 91 76 94 58 79 90 38 21 16 34 5 66 37 60 10 37 1 91 50 89 27 48 50 74 70 80 51 55 19 58 70 86 38 94 31 89 28 90 73 19 14 51 47 89 51 77 6 87 23 69 16 84 82 3 74 33 83 93 21 68 65 4 39 94 66 56 28 42 48 53 66 74 41 35 60 7 68 3 22 42 38 11 34 82 58 32 46 31 26 12 35 2 81 47 71 15
45 25 79 41 37 5 32 71 39 77 45 26 43 54 10 14 38 35 77 53 72 69 71 67 55 5 34 94 90 65 69 3 95 24 51 63 9 92 55 76 43 30 81 51 46 29 87 72 47 20 6 43 62 44 38 94 88 27 29 30 30 78 38 58 41 31 87 34 25 82 73 87 40 13 40 1 86 77 88 64 24 20 14 19 71 45 90 38 95 78 17 83 68 71 29 81 77
98 94 3
54 9 28 84 79 92 30 88 67 53 13 33 27 39 36 8 33 67 8 35 57 65 81 45 59 23 62 57 79 33 10 46 27 2 53 19 45 11 75 7 58 45 94 9 88 78 1 46 30 69 36 35 16 3 31 41 89 77 87 92 83 10 5 38 67 28 31 36 33 89 89 93 53 12 93 61 68 6 31 49 4 39 65 68 19 24 77 35 1 1 77 60 22 47 37 72 52 36
13 10 10 87 64 75 33 28 53 13 71 9 50 72 58 49 83 24 89 21 64 44 6 50 23 14 52 24 11 75 81 61 52 55 22 62 51 32 79 52 82 15 38 75 41 80 75 12 90 55 69 51 47 4 3 30 33 21 50 14 44 31 7 31 61 41 33 3 2 25 10 2 79 15 26 90 54 29 44 47 69 60 91 24 93 69 1 94 33 30 71 2 20 41 10 13 63 52
91 100 3
49 96 40 34 9 99 93 52 97 86 5 49 91 13 45 59 21 76 39 79 81 62 16 47 67 26 33 7 95 7 88 76 2 76 38 38 16 58 8 89 37 6 86 80 15 96 82 84 63 97 90 4 82 19 27 73 6 31 27 70 60 14 43 4 56 27 37 45 64 73 84 18 88 73 76 31 77 83 57 100 12 76 3 61 83 28 43 98 57 33 40
98 94 34 28 13 56 7 80 36 4 45 70 63 9 50 92 86 22 12 24 46 71 48 43 4 2 74 35 100 76 68 100 87 86 10 11 23 45 31 18 55 12 4 28 14 4 17 24 9 83 62 38 74 86 24 17 42 61 39 27 64 85 76 36 6 33 83 25 48 55 48 58 31 16 55 19 43 38 47 14 55 5 76 81 100 73 17 2 76 16 52
96 92 3
4 75 2 10 57 3 6 62 35 63 6 19 81 41 14 51 64 70 5 6 17 75 63 35 66 91 32 58 65 1 45 58 61 73 40 2 11 45 31 22 48 50 37 3 82 2 34 85 7 72 10 66 87 48 41 16 7 37 8 41 14 55 19 1 34 61 12 28 29 82 76 76 50 6 47 22 81 7 87 11 35 33 5 34 57 28 59 46 51 2 2 68 51 63 34 18
79 10 53 59 59 89 27 47 1 70 71 57 43 61 66 79 60 24 62 10 65 23 39 81 78 53 2 27 40 29 30 50 91 70 41 38 90 92 46 65 67 55 89 17 1 71 62 76 52 20 27 87 20 20 7 44 16 65 51 63 17 52 18 38 47 60 22 74 24 27 40 44 91 64 76 15 35 82 81 10 15 68 71 49 59 73 34 76 23 84 24 56 50 18 45 33
95 100 3
61 6 47 91 92 4 63 90 16 73 24 99 89 58 55 56 38 77 55 24 10 59 93 28 4 76 56 10 96 7 80 83 37 31 84 63 16 13 98 53 68 27 91 3 48 10 5 86 22 93 89 89 94 84 52 88 31 9 23 16 47 41 54 57 34 13 93 6 86 89 45 54 67 13 18 84 56 85 88 42 45 12 77 16 8 5 55 30 17 70 56 93 97 73 93
88 46 35 22 57 46 23 65 37 80 77 20 54 54 31 26 82 76 76 78 29 20 15 84 88 71 47 45 53 90 52 7 87 85 32 50 56 55 69 19 69 70 45 35 14 98 15 93 83 50 76 47 17 49 91 76 70 61 55 47 89 49 72 26 94 80 60 57 80 71 41 20 64 5 37 19 70 19 19 30 54 63 26 11 45 89 17 81 51 50 65 55 64 29 71
93 100 3
88 99 72 37 87 30 89 10 40 20 21 54 76 61 42 22 58 44 49 3 63 55 39 89 99 100 68 7 66 62 58 91 39 69 90 66 17 28 74 17 29 42 48 40 35 83 5 34 14 48 89 97 77 2 82 22 92 52 5 34 55 15 79 98 11 78 46 15 38 27 16 68 84 52 18 79 53 90 83 31 37 86 36 19 39 5 8 43 92 66 81 57 5
37 8 20 9 44 27 40 60 9 80 96 36 83 76 5 4 66 32 17 55 75 22 46 83 59 11 55 53 9 4 32 53 91 87 98 51 1 39 92 83 54 31 94 39 48 98 59 76 47 76 20 44 73 48 70 99 46 39 68 63 13 76 92 46 81 88 6 83 99 56 42 8 37 17 54 58 31 55 64 80 14 74 54 82 8 21 81 88 50 37 71 99 16
96 96 3
93 41 18 52 85 36 87 53 23 74 14 83 90 43 58 10 12 18 72 95 45 85 60 64 38 78 57 89 1 82 20 64 61 17 60 82 43 75 74 44 51 46 88 14 37 14 41 58 39 30 47 95 71 88 83 87 58 30 28 36 22 15 68 11 64 75 58 13 84 6 34 16 4 38 23 11 36 13 32 5 75 94 52 61 93 85 67 90 54 50 95 85 92 65 37 4
19 71 95 90 27 25 15 13 2 29 87 81 57 42 94 4 25 10 27 10 34 48 17 45 59 74 82 45 46 60 62 61 77 14 61 79 91 83 82 67 17 62 61 15 8 55 21 78 4 26 12 49 14 49 60 13 3 84 27 2 9 93 5 26 28 60 3 34 29 59 40 25 21 87 80 69 75 4 16 34 72 52 75 22 39 71 61 28 74 11 88 67 70 7 91 31
95 94 3
73 72 27 8 66 11 56 1 74 44 59 45 76 56 6 4 58 68 11 65 3 89 39 36 94 56 65 90 92 60 66 22 62 38 32 30 46 36 94 3 45 70 90 48 23 25 56 44 19 12 50 84 13 1 7 4 63 20 38 4 64 67 67 45 91 16 6 73 90 55 73 62 90 33 69 45 22 56 43 45 58 92 16 3 25 60 58 56 45 88 33 64 21 16 32
77 88 36 66 63 90 41 36 48 32 69 64 65 44 63 8 71 91 5 80 7 83 86 66 12 38 67 29 50 37 7 58 26 62 68 62 32 3 93 73 80 76 71 60 58 90 87 39 14 88 52 66 18 87 36 29 50 49 33 47 87 84 88 5 65 47 78 68 25 74 68 72 49 89 32 83 43 80 32 4 76 77 37 67 17 55 46 63 34 24 49 92 62 92 22
92 93 3
52 52 42 7 34 68 63 25 31 69 21 54 2 90 41 61 44 51 37 40 43 33 54 41 25 67 66 62 41 73 10 12 83 75 76 25 12 29 83 58 37 40 37 42 4 72 44 16 42 8 47 77 42 80 90 52 11 17 18 26 74 86 62 53 44 14 48 57 30 77 47 14 9 2 6 21 89 65 55 58 54 92 84 60 32 72 74 49 1 52 59 71
71 15 60 34 59 47 2 2 15 23 49 57 54 49 52 89 30 41 55 29 38 21 64 84 88 50 24 57 86 4 16 25 44 6 52 10 37 69 52 49 31 37 70 5 85 70 40 14 57 45 59 48 80 8 8 18 4 18 10 82 45 29 24 92 85 42 52 76 35 84 4 70 68 85 46 92 61 86 47 62 57 41 58 19 52 51 3 80 92 8 48 33
95 94 3
91 59 87 82 31 38 34 69 10 80 39 70 17 10 60 65 23 24 54 48 27 88 46 63 40 23 68 50 24 29 28 89 55 91 44 81 65 68 39 41 33 52 16 74 53 18 31 66 18 56 27 38 90 16 1 18 21 72 5 38 91 69 39 89 87 75 51 88 24 16 81 84 35 35 73 46 12 69 64 7 85 10 81 57 17 64 42 37 8 65 25 81 64 92 41
48 39 29 36 34 28 71 3 65 63 15 90 24 63 54 31 68 58 21 3 80 32 64 42 1 41 2 60 65 45 46 26 2 3 47 93 33 11 9 92 59 42 14 26 73 74 9 79 6 45 3 30 64 64 55 65 16 37 93 58 55 22 48 60 55 51 30 23 60 89 6 34 42 52 47 71 73 25 1 18 43 58 58 40 35 79 1 9 79 73 77 67 37 67 18
99 97 3
75 68 85 35 72 3 93 45 97 91 91 36 44 4 29 65 89 40 80 47 59 81 66 14 84 16 33 28 27 26 87 89 31 17 59 11 84 97 51 34 31 79 16 54 50 7 20 18 16 64 34 53 80 74 46 61 19 31 84 64 31 20 46 19 47 22 47 48 92 83 88 10 73 71 57 1 93 55 1 4 27 61 10 10 79 13 68 35 15 70 1 2 4 41 31 72 83 73 78
13 35 1 40 80 16 69 82 80 67 53 89 85 51 31 23 53 9 56 85 64 90 91 25 46 23 28 92 10 87 6 9 47 48 47 10 95 81 93 41 83 71 1 46 69 50 1 1 24 85 71 81 58 3 96 44 66 40 70 89 26 59 37 12 97 12 7 39 90 65 40 84 46 91 12 37 78 8 27 92 2 41 34 40 91 70 36 60 19 24 29 42 83 43 77 86 6 94 95
97 92 3
26 17 72 46 49 1 13 36 33 70 33 31 76 36 54 84 15 45 54 42 81 64 48 69 13 86 87 10 59 46 73 68 23 2 10 20 18 45 42 84 35 27 31 18 26 78 13 8 28 76 44 2 35 28 44 39 40 6 27 85 52 69 42 18 30 89 84 8 6 33 85 68 66 36 48 37 19 90 22 34 55 55 84 55 73 27 33 34 52 52 5 53 92 33 91 10 49
57 85 2 48 1 64 2 1 32 46 44 36 81 39 79 13 35 13 58 41 67 88 78 6 43 31 79 18 38 70 35 38 78 28 17 21 79 59 38 15 79 16 72 43 11 65 21 18 49 8 76 12 91 13 33 31 28 84 51 90 29 82 76 2 49 84 76 58 55 69 26 82 60 46 79 40 53 22 71 19 3 15 75 85 49 79 75 24 73 61 60 70 36 69 64 34 9
92 90 3
60 22 63 55 55 88 53 26 21 13 16 44 22 11 78 82 86 51 35 7 81 63 90 38 45 31 12 18 73 75 77 58 65 1 23 43 79 61 22 82 41 19 8 51 54 67 30 8 48 26 19 30 26 34 49 62 61 11 43 77 76 17 21 58 54 70 9 53 35 6 90 75 76 7 73 89 51 52 6 3 53 49 37 52 79 71 56 86 44 65 82 53
48 86 17 80 21 54 24 33 82 60 20 29 13 58 45 49 79 64 25 71 21 13 62 77 30 20 28 87 69 36 31 11 23 49 83 46 14 13 33 13 32 8 86 34 68 68 50 18 53 64 18 35 28 48 48 33 69 31 80 7 10 63 87 37 28 90 77 85 24 69 60 52 23 61 15 30 35 26 83 58 23 78 25 45 80 5 17 8 67 22 81 52
90 90 3
71 12 66 80 60 50 16 48 37 7 20 63 57 56 13 63 10 38 52 84 80 68 21 45 21 85 15 12 32 60 28 51 16 83 8 16 58 6 52 53 13 66 66 74 68 36 54 7 49 13 52 64 40 88 40 85 5 79 25 66 45 69 35 15 29 49 52 1 4 90 80 3 54 78 24 59 23 57 78 26 90 84 77 10 22 48 79 86 65 18
60 8 21 40 13 34 43 41 39 85 67 37 20 41 88 76 59 1 71 87 77 70 77 14 11 32 77 20 68 7 62 75 18 33 61 37 10 61 81 70 55 1 39 25 40 83 27 32 90 56 16 4 50 45 37 24 88 53 28 58 74 33 82 78 48 9 29 9 88 88 65 29 17 10 44 82 60 80 77 50 42 57 40 87 30 12 28 74 50 35
90 95 3
24 12 75 55 54 76 38 90 16 22 80 18 23 46 73 8 79 11 75 16 70 21 10 95 90 25 47 30 56 74 61 65 9 83 32 87 84 55 85 42 80 87 17 67 10 32 42 29 31 9 47 14 89 92 94 75 34 10 92 65 34 63 62 18 78 85 16 27 8 50 73 48 42 8 36 13 20 92 41 66 43 34 29 39 51 82 18 33 50 30
28 11 24 90 26 68 48 15 45 34 23 16 54 60 60 27 15 67 22 5 94 47 34 14 63 85 49 81 79 60 22 53 43 57 66 2 27 49 37 40 75 79 19 72 20 64 84 58 11 57 51 41 71 11 18 86 9 90 82 4 69 56 68 13 17 16 79 94 31 79 59 6 34 75 67 2 12 12 92 30 56 22 73 26 46 43 44 51 94 76
90 94 3
88 21 74 40 31 85 18 6 18 90 94 24 50 51 58 89 67 39 49 4 46 62 55 80 75 67 11 86 64 4 60 93 1 50 55 78 63 16 17 71 58 40 72 34 26 94 88 13 82 53 83 65 77 45 76 5 40 82 37 31 27 3 2 40 10 34 68 46 42 79 35 16 43 51 29 12 83 30 50 8 15 52 63 49 84 32 8 94 59 1
63 84 49 53 5 3 86 4 14 20 39 59 43 88 37 34 3 63 50 1 19 71 47 61 28 24 38 42 1 79 94 23 56 64 76 43 49 77 11 73 12 82 76 41 7 80 17 83 71 48 53 92 91 56 70 32 16 94 61 68 60 38 79 16 18 61 7 53 67 46 23 93 89 54 81 31 72 87 75 20 4 5 11 62 8 72 27 1 31 60
93 94 3
33 90 79 9 3 63 26 37 20 25 79 8 75 15 13 80 5 36 38 68 40 20 19 27 93 44 30 1 61 31 78 93 3 2 23 1 92 82 94 15 13 2 48 66 19 85 84 30 13 67 15 36 49 74 13 48 61 91 67 94 46 79 81 84 21 76 45 3 52 35 62 89 11 34 91 90 87 1 77 53 39 79 92 41 53 89 17 47 81 1 62 27 63
47 48 89 61 94 24 27 22 68 5 58 36 89 13 73 6 19 32 59 25 94 37 89 55 19 87 45 74 70 32 83 54 35 57 22 73 93 85 48 44 11 25 8 65 60 71 75 3 31 35 91 83 3 41 38 9 38 21 80 61 31 12 31 49 77 27 85 56 11 31 88 82 36 38 34 3 56 79 75 7 69 88 93 40 27 80 89 19 83 22 33 56 22
98 94 3
13 39 82 85 18 75 48 9 84 12 38 2 14 2 22 56 31 44 4 3 8 34 63 63 56 15 69 28 85 50 74 52 73 21 22 48 31 25 13 88 86 12 8 54 83 72 72 62 77 62 21 64 84 16 4 73 75 57 68 10 83 20 55 40 67 90 41 3 67 66 51 23 68 55 14 66 83 59 25 84 77 20 29 63 35 17 81 78 20 33 81 86 37 49 53 42 4 14
93 8 23 33 25 65 51 46 22 90 5 19 10 60 34 14 10 31 37 46 78 19 88 34 48 23 62 37 89 58 59 56 59 12 85 24 81 81 39 69 75 34 90 51 90 44 66 16 24 57 49 48 77 83 72 23 43 61 6 7 14 94 28 71 20 92 90 7 50 86 93 2 70 82 6 8 78 22 91 92 53 23 50 31 2 66 63 32 15 77 2 71 7 52 1 46 47 26
96 100 3
54 85 50 23 90 61 2 1 87 70 97 60 60 75 71 44 10 35 97 37 26 14 52 4 51 44 15 55 8 54 39 95 99 76 46 22 43 78 18 72 1 89 44 96 32 11 86 80 12 38 43 62 64 75 19 36 96 15 9 60 6 68 43 30 59 24 49 73 10 73 6 14 2 5 80 64 15 41 2 88 82 24 94 6 94 17 23 92 51 84 25 23 5 36 58 3
65 37 96 45 7 45 84 68 46 87 9 7 83 5 19 100 29 41 47 78 78 77 69 29 48 17 50 4 49 28 92 92 8 87 54 47 50 80 25 35 73 20 41 91 69 6 27 3 96 13 70 46 44 28 75 42 91 42 16 57 90 38 94 42 47 83 89 28 9 80 13 7 27 22 13 19 51 53 64 90 83 80 32 62 17 6 59 62 18 42 97 97 57 43 91 33
93 92 3
52 30 53 21 61 53 15 61 17 44 30 10 3 54 25 79 68 28 17 51 59 42 79 25 41 82 5 44 4 52 64 44 45 52 48 79 48 3 19 6 33 89 21 35 34 42 14 54 40 2 38 81 59 26 18 57 32 18 92 37 92 49 10 44 5 60 92 44 81 71 62 82 88 14 22 36 48 68 8 59 10 13 49 24 72 42 48 66 25 22 78 76 19
53 50 78 76 40 38 56 77 31 37 62 12 75 14 22 4 50 57 29 38 77 45 80 14 85 70 20 5 15 62 38 13 66 14 55 69 7 65 78 5 85 24 49 84 66 61 62 86 34 57 72 46 54 78 37 15 25 2 2 5 58 20 69 37 12 52 31 49 82 43 86 47 27 49 10 86 15 3 26 82 20 65 86 49 91 31 61 90 16 54 5 45 48
91 99 3
48 80 44 98 13 5 44 74 98 38 78 86 37 8 32 22 50 71 21 11 30 41 18 18 11 27 33 30 14 66 24 58 31 69 78 75 48 29 37 78 74 3 70 34 64 15 50 57 57 98 77 96 96 4 1 35 83 81 90 65 11 77 77 48 45 93 12 51 82 39 23 83 23 65 18 68 21 67 91 62 83 29 20 38 95 58 63 18 58 1 34
81 13 92 36 8 38 75 70 26 41 12 34 3 42 1 97 83 6 1 4 89 6 80 19 96 11 51 15 38 99 44 34 51 44 49 41 26 98 87 6 49 60 25 85 41 7 61 78 23 9 69 43 81 16 80 64 72 79 26 9 87 97 9 86 82 30 24 99 97 7 3 82 5 1 68 36 10 1 56 69 60 19 55 28 82 86 35 44 40 86 57
96 97 3
75 21 95 94 75 63 87 52 94 48 30 32 52 42 77 62 71 78 58 18 24 71 56 33 34 54 85 89 28 78 67 92 33 94 16 97 60 47 93 5 9 60 71 52 33 45 23 28 63 18 34 94 39 55 79 6 48 88 9 67 67 94 48 43 49 5 54 11 86 2 51 29 49 74 14 33 21 37 81 37 3 66 3 27 26 32 93 34 94 23 68 30 28 95 24 75
36 67 71 6 40 45 35 3 17 7 77 13 30 26 1 65 39 5 75 61 88 24 47 73 37 8 22 8 79 13 27 43 71 8 59 33 54 2 29 31 64 4 23 22 58 80 41 16 94 83 50 60 89 39 65 50 8 69 14 63 22 11 38 97 58 55 59 40 7 95 31 15 94 36 97 88 51 60 28 63 75 88 67 62 84 37 65 59 53 22 17 33 33 54 11 41
94 92 3
63 23 65 48 69 52 68 47 7 6 27 88 47 39 7 48 3 36 17 84 75 45 86 8 68 88 44 21 91 64 58 36 87 65 83 15 67 77 76 40 51 37 43 73 32 52 46 1 37 52 42 34 84 54 53 50 7 49 60 89 31 22 80 43 48 48 86 7 74 65 87 87 54 56 55 20 82 53 34 36 10 81 44 72 65 86 20 14 11 28 5 31 65 35
67 4 27 41 75 5 54 41 22 16 1 34 39 35 51 81 42 90 39 4 52 10 11 77 41 67 61 34 1 63 49 43 1 78 27 68 61 57 2 59 89 81 17 91 56 69 17 56 30 24 2 71 32 81 19 57 9 28 26 68 30 10 54 54 44 53 58 69 63 57 90 76 62 59 28 81 71 56 2 48 57 65 31 31 32 2 15 69 65 8 86 61 61 64
99 93 3
24 70 65 81 4 4 41 41 6 17 34 47 41 11 35 12 52 67 80 12 68 50 2 69 2 31 17 36 90 17 32 2 37 60 44 93 86 92 62 20 30 68 89 49 38 55 60 51 23 68 48 64 85 90 25 18 41 83 33 57 16 84 61 59 24 70 77 71 58 56 66 73 34 25 43 46 65 77 7 17 19 60 52 90 88 53 31 7 14 26 72 93 44 22 66 39 27 43 22
84 29 12 17 13 66 91 25 35 12 80 87 21 52 45 57 6 44 83 5 34 67 5 71 20 52 31 13 9 70 25 16 23 25 73 60 26 29 23 14 61 4 55 19 9 28 29 11 32 45 89 9 29 36 82 33 3 26 60 84 26 32 74 82 20 84 79 18 90 61 49 84 86 82 22 34 33 21 66 48 9 72 89 92 30 81 12 78 56 61 2 68 41 24 27 36 64 85 59
99 97 3
25 15 21 55 5 79 16 13 12 69 62 47 41 11 81 76 80 95 65 39 1 8 18 49 31 80 43 15 92 29 23 65 79 80 86 60 25 45 74 13 52 57 94 48 52 41 58 12 24 5 40 75 91 17 77 49 20 1 2 25 4 9 85 67 89 65 23 50 87 63 26 46 87 56 40 16 2 87 52 14 44 10 45 21 54 62 40 65 16 46 86 58 85 69 41 19 72 87 40
85 55 80 68 94 7 78 3 78 84 46 22 15 80 12 4 36 16 80 75 6 44 80 35 55 9 67 64 57 77 82 27 66 87 82 52 75 31 14 41 62 67 71 57 72 90 75 17 35 36 53 68 85 29 39 23 76 39 33 30 76 56 23 41 77 13 56 33 21 64 66 28 93 38 65 91 62 61 81 39 73 70 2 31 60 38 29 84 3 77 28 90 24 63 23 60 6 61 84
95 93 3
29 6 21 2 4 20 20 90 29 41 59 11 80 5 91 47 67 91 12 88 81 34 32 74 49 83 10 29 20 8 66 22 40 89 10 61 49 50 9 87 8 31 55 86 28 29 78 52 80 76 83 51 56 28 31 77 25 61 5 86 57 81 93 27 58 66 50 69 41 25 51 81 47 22 71 76 58 44 73 26 41 55 88 36 75 52 64 3 3 78 46 6 33 7 84
43 83 91 1 45 47 16 49 16 48 91 63 25 71 55 46 47 3 24 78 74 25 12 58 48 76 38 40 57 78 78 85 70 25 20 77 32 59 38 40 42 74 22 59 62 44 36 29 57 72 89 21 33 5 77 92 86 24 9 6 26 35 91 66 30 75 42 78 29 91 38 91 45 44 80 21 80 29 46 19 52 49 37 91 1 44 2 48 5 63 7 32 25 35 34
99 95 3
16 80 32 73 21 28 14 57 10 69 75 88 25 47 61 8 60 80 90 51 4 12 64 46 11 43 53 23 86 69 25 44 35 1 35 81 4 72 94 31 81 87 48 56 80 16 29 78 57 3 48 50 69 1 77 41 47 87 11 1 24 55 23 66 18 37 83 27 4 4 92 93 54 49 69 60 72 37 80 24 58 88 27 74 21 13 35 5 56 56 85 11 10 27 3 81 6 29 63
87 31 14 67 30 66 94 23 76 70 3 79 21 36 38 67 33 38 82 50 6 89 2 6 64 66 47 27 52 35 39 85 71 57 4 61 13 23 29 1 78 16 67 47 10 51 42 82 58 16 49 80 75 50 95 76 43 38 3 3 52 73 74 41 71 82 94 91 33 78 69 88 20 38 30 17 22 46 69 92 66 58 85 4 95 59 34 89 34 61 73 29 83 76 72 91 39 71 11
95 94 3
24 76 51 93 70 5 54 42 25 91 86 86 28 53 46 91 29 36 93 17 61 48 30 22 19 49 35 45 81 92 84 81 5 8 78 30 25 35 10 71 36 41 69 21 92 13 58 37 8 24 78 27 34 40 3 15 13 21 91 44 53 2 92 81 54 20 89 23 9 83 33 51 55 15 62 21 67 13 73 56 73 25 66 32 17 5 27 33 2 75 90 62 64 15 11
68 93 4 15 76 58 8 6 35 75 4 33 29 26 27 28 52 67 16 6 69 26 76 79 83 87 27 58 68 29 60 31 49 68 8 55 85 17 9 55 5 79 12 66 84 27 92 41 33 22 76 60 6 80 62 84 26 7 39 4 65 87 52 31 27 34 41 49 5 17 91 93 90 31 27 47 36 73 89 66 13 35 87 61 8 34 47 12 46 42 54 9 71 21 36
100 95 3
68 74 80 69 69 89 27 38 31 67 17 6 67 63 32 76 91 1 77 95 34 5 38 86 26 87 79 68 56 84 90 52 94 35 38 18 53 9 23 74 53 6 81 43 8 35 36 84 19 95 54 24 34 73 4 27 68 9 84 91 46 29 47 64 93 73 91 5 87 25 40 83 78 87 31 40 62 93 60 49 22 29 49 74 16 76 52 66 79 77 77 42 6 81 82 80 38 59 46 55
88 54 8 1 14 65 33 12 17 8 54 27 19 38 66 18 63 61 64 92 78 82 19 85 43 94 5 64 2 74 73 26 10 38 58 70 89 3 86 28 50 39 85 92 28 11 75 58 23 64 44 28 70 88 66 41 53 39 35 32 60 12 89 48 23 64 61 27 94 64 73 60 83 30 94 68 87 95 32 2 9 83 34 33 51 80 16 57 39 45 83 39 14 59 36 57 50 77 48 16
90 97 3
5 31 40 19 56 23 6 48 24 43 81 65 85 95 4 69 43 37 9 95 82 61 38 97 10 76 63 61 24 74 69 7 51 1 13 74 92 42 3 24 69 60 30 30 64 9 3 26 80 82 85 72 72 53 43 69 94 40 75 32 91 40 73 63 52 55 64 42 47 77 41 16 22 62 28 70 86 87 88 28 3 71 83 15 66 89 9 21 71 90
70 85 73 74 85 76 35 73 74 59 29 31 40 47 94 59 47 88 49 6 40 65 11 4 14 52 68 40 50 45 73 93 27 83 95 30 22 47 89 29 5 13 77 25 59 7 70 16 43 58 55 7 86 56 41 39 63 12 25 26 54 27 21 93 10 36 14 4 93 30 5 13 19 40 14 97 82 61 57 14 64 8 32 92 4 88 65 68 59 3
95 99 3
13 44 14 75 42 65 42 79 99 96 30 15 80 51 39 94 14 19 48 81 42 86 12 86 73 13 40 30 2 45 19 31 80 69 92 48 44 24 61 60 50 96 56 58 59 32 68 3 81 78 12 70 69 38 57 66 44 76 64 55 91 46 71 52 17 33 31 13 82 91 64 95 2 77 16 98 66 78 90 77 76 14 99 16 39 14 39 14 32 76 79 12 33 34 97
87 41 95 99 61 12 46 75 42 16 89 11 50 32 13 45 21 75 55 21 58 72 53 38 19 44 81 63 12 59 77 3 86 16 66 96 19 47 37 31 17 93 62 83 85 73 7 26 59 2 41 34 44 54 85 59 80 97 82 47 82 57 67 15 85 42 17 3 68 53 79 13 29 34 67 87 21 42 98 62 23 5 47 77 97 34 32 92 24 55 35 2 3 67 46
92 94 3
94 85 44 31 4 91 45 91 44 49 13 86 40 45 19 90 20 9 24 66 31 49 54 88 29 41 43 73 54 80 43 48 11 56 15 45 54 91 58 52 15 73 12 60 15 76 46 14 85 57 86 46 67 53 27 5 94 62 63 55 94 20 58 73 42 29 1 51 58 34 61 92 86 13 77 66 66 90 39 74 59 86 33 37 66 38 91 28 61 4 61 86
91 68 2 68 12 2 82 11 82 43 28 27 9 35 67 79 73 93 45 50 11 23 92 52 70 20 51 21 58 54 66 26 83 88 43 57 27 64 41 20 54 80 29 27 34 24 27 59 27 34 62 84 49 37 89 36 9 57 49 65 79 31 33 71 1 74 74 88 72 75 89 50 91 24 54 71 92 60 65 85 86 18 42 88 83 82 44 36 1 48 41 59
98 99 3
62 56 10 1 54 94 75 80 81 36 8 54 69 51 92 68 63 39 69 47 52 83 3 65 19 38 25 88 19 13 69 73 78 90 36 67 79 61 17 2 35 43 2 57 30 63 45 57 61 36 34 9 84 68 79 45 48 95 80 79 41 64 74 54 94 80 2 22 51 37 94 85 16 47 46 44 72 72 2 77 21 12 44 99 26 5 74 77 85 5 57 11 24 71 34 35 78 5
74 2 20 9 13 72 96 42 68 7 58 69 30 90 46 55 62 12 64 14 77 32 48 1 7 83 31 39 92 17 59 25 11 55 2 48 19 8 76 43 54 22 57 2 24 78 34 4 96 69 73 72 25 39 85 15 82 69 11 34 53 17 86 76 78 30 17 40 54 64 79 19 21 5 83 6 13 78 71 84 23 95 19 91 10 34 86 90 53 62 67 62 70 4 79 48 72 31
93 92 3
48 80 30 30 56 50 92 35 40 3 30 22 67 57 54 1 14 2 66 72 30 2 55 87 53 14 5 37 42 89 29 59 32 76 27 22 16 29 30 54 6 88 37 71 47 70 38 71 34 33 29 15 78 73 80 12 86 58 8 40 8 89 72 78 49 15 34 80 35 30 69 36 14 70 24 81 8 41 83 20 77 66 40 60 52 82 66 88 41 24 28 37 81
9 44 2 19 35 60 77 70 67 15 78 41 12 23 13 49 75 17 70 66 24 30 71 82 49 87 65 43 4 14 58 86 91 75 60 85 11 64 65 19 69 72 47 48 28 8 3 88 52 49 11 59 46 62 13 23 16 28 62 57 21 36 26 76 30 81 24 32 10 25 10 76 17 12 40 86 72 36 65 40 88 54 13 58 4 14 5 59 53 65 38 33 88
95 99 3
55 86 27 99 56 85 45 9 75 51 75 3 97 26 85 7 4 11 48 10 76 73 31 21 56 29 12 32 68 98 51 18 11 25 86 23 69 37 19 11 47 9 50 68 92 44 70 43 83 6 5 25 27 89 23 53 60 53 19 32 80 65 62 90 18 36 98 88 11 69 81 11 12 26 4 28 6 65 42 11 41 80 8 5 94 99 14 39 80 19 97 8 82 47 68
88 70 1 54 87 43 79 38 79 68 22 1 17 46 34 40 96 10 54 20 29 81 77 82 85 44 8 15 59 25 20 94 84 3 91 59 55 45 2 21 78 99 34 66 48 64 63 5 71 39 57 4 16 82 39 4 35 75 84 65 82 67 19 44 84 43 40 99 92 43 47 60 32 34 97 66 41 92 75 35 72 68 77 30 39 2 12 16 86 28 11 86 14 84 54
96 99 3
87 55 68 23 59 63 52 84 8 12 17 55 67 84 91 51 61 37 68 73 4 39 22 91 91 67 23 89 5 84 79 50 15 64 60 86 33 4 77 60 72 7 65 83 23 60 38 71 89 59 85 8 75 80 9 43 14 91 91 23 52 20 69 20 96 48 50 58 44 42 60 75 23 35 42 87 64 37 9 69 66 45 53 83 49 91 72 97 24 15 53 79 95 71 22 38
75 33 1 61 43 43 72 39 22 79 28 31 1 40 20 45 32 15 12 76 8 82 11 56 56 23 12 60 63 38 32 40 81 5 74 41 55 40 97 34 98 12 41 14 56 66 8 31 13 72 38 95 35 5 85 4 11 27 98 88 19 91 29 52 32 93 75 39 70 17 58 89 58 26 14 61 7 18 90 70 80 30 37 56 80 13 87 62 3 32 70 27 99 30 87 90
94 93 3
49 88 68 92 88 61 89 46 23 53 9 60 2 71 41 79 57 12 63 73 23 43 71 75 66 40 56 17 23 43 36 63 55 4 75 12 26 35 93 68 26 7 12 77 44 53 50 74 47 40 60 50 62 76 47 15 80 62 81 77 44 70 61 85 81 14 40 79 11 22 68 54 61 38 26 47 43 32 59 20 45 88 81 56 2 56 53 14 19 13 87 77 53 27
54 54 24 24 78 46 69 81 82 67 79 40 84 40 87 45 82 91 70 87 89 2 31 20 33 46 21 65 32 65 30 74 8 3 89 26 88 18 92 18 42 51 68 34 77 93 58 80 49 12 3 61 42 24 63 82 84 49 84 38 23 84 71 60 53 28 86 5 25 20 52 21 34 25 54 73 42 22 43 6 55 40 60 19 37 45 6 56 67 57 22 61 54 11
93 95 3
16 52 17 90 59 33 22 68 90 86 75 79 34 57 43 53 95 85 47 90 50 40 45 57 83 44 49 94 38 83 69 32 25 44 48 42 80 53 25 58 2 34 87 26 26 23 8 93 2 22 87 64 27 50 62 38 51 38 25 47 48 24 53 50 3 60 95 92 78 5 31 66 77 74 20 52 89 44 41 64 47 55 7 45 75 28 47 12 42 1 4 64 32
32 90 91 62 35 10 17 63 51 50 37 70 81 95 45 19 83 6 84 35 64 30 40 49 27 19 22 29 64 51 68 82 54 41 61 29 35 58 29 37 39 46 54 67 81 31 58 38 49 77 36 56 67 33 20 11 41 2 49 18 41 43 2 20 68 24 13 56 69 32 9 23 36 54 17 19 76 23 21 89 71 16 23 29 13 38 90 18 68 95 22 71 35
94 99 3
51 29 7 99 91 26 82 60 39 3 73 38 19 54 41 99 31 81 6 66 24 45 95 41 99 79 52 48 70 56 29 33 50 90 70 40 48 43 87 29 2 75 14 27 43 89 2 84 32 15 43 88 51 94 90 42 66 1 69 75 50 95 9 20 27 61 50 84 6 14 8 99 99 83 64 43 78 48 75 54 29 13 58 47 95 79 48 6 55 42 75 54 87 61
32 61 21 80 68 10 66 30 6 31 42 86 77 98 70 59 30 58 24 9 13 21 12 44 89 95 48 44 39 45 71 70 15 32 81 76 98 18 70 39 52 36 46 63 77 91 86 35 98 51 96 35 47 27 19 78 92 41 20 73 76 21 73 54 2 51 46 82 52 79 7 22 76 36 54 17 85 23 71 5 79 15 35 84 45 35 31 12 43 1 13 4 14 30
95 91 3
80 45 28 7 90 3 3 27 27 11 48 25 5 58 88 41 1 71 60 26 78 48 81 77 74 26 29 24 76 56 88 85 73 66 65 29 54 18 10 44 51 12 7 51 42 25 15 34 90 38 14 15 47 44 11 51 57 79 44 87 7 45 87 16 46 48 47 24 50 45 22 31 80 89 7 26 56 1 48 52 35 26 29 47 2 52 31 17 47 20 2 40 8 26 21
66 76 49 75 6 38 30 41 26 79 57 52 75 43 86 21 8 6 48 20 89 79 35 60 21 18 36 48 6 70 69 24 80 10 27 31 53 72 43 32 34 34 45 77 50 8 62 19 25 21 37 7 66 78 31 89 76 31 48 68 41 33 57 75 2 51 74 72 10 19 58 33 41 31 84 39 63 52 46 60 24 33 61 22 7 88 79 64 71 40 85 39 45 7 51
93 93 3
2 43 2 54 58 89 31 69 74 62 2 81 81 92 3 28 77 47 54 46 27 61 8 75 40 89 80 31 10 15 48 58 80 67 30 40 40 84 70 31 52 22 48 36 31 30 9 14 45 47 1 9 3 87 82 51 37 43 68 37 13 93 26 27 84 1 23 39 52 84 39 57 21 59 2 31 72 8 16 45 77 50 17 66 75 29 69 23 36 65 40 37 89
43 93 24 12 32 83 16 78 63 6 80 34 72 7 54 49 90 85 29 86 82 40 86 91 36 28 89 22 1 82 2 54 18 68 63 80 60 16 68 12 70 58 75 20 70 67 86 64 18 31 34 11 75 75 50 75 52 39 15 80 74 3 35 80 33 40 34 17 54 12 40 7 3 86 73 57 45 22 75 5 9 30 8 17 27 37 80 74 16 60 84 46 41
100 96 3
47 8 29 64 57 85 48 89 8 91 75 48 65 80 84 29 9 96 24 46 52 54 2 26 49 22 14 49 61 9 91 40 45 51 89 84 88 12 26 78 34 19 33 56 73 76 5 89 93 96 64 37 93 1 31 46 40 24 81 40 50 42 79 90 27 51 85 43 35 15 29 88 76 55 33 7 63 31 15 4 49 66 87 47 4 71 46 50 61 37 38 89 90 10 21 64 18 72 21 79
75 17 63 28 58 39 71 4 26 69 14 76 61 19 38 89 82 3 29 53 61 91 54 17 73 90 10 89 29 39 12 10 49 48 18 7 94 28 24 22 14 59 74 21 65 72 43 12 66 74 30 35 67 48 27 60 66 93 25 87 32 43 65 2 28 83 14 51 54 55 85 18 24 41 59 76 94 29 56 47 25 54 7 22 31 61 20 91 69 8 50 28 60 11 25 15 42 40 33 66
92 93 3
42 81 6 89 56 37 32 2 88 83 77 16 77 49 49 10 82 66 40 70 24 41 92 93 41 15 42 76 3 37 77 83 28 60 19 36 69 69 69 75 8 58 72 8 64 84 47 69 22 64 14 28 48 25 11 24 2 75 38 51 2 38 53 91 71 57 70 40 62 36 7 87 80 29 67 47 46 2 92 39 56 78 38 75 67 2 31 33 6 29 8 33
86 44 39 57 91 49 42 9 82 85 27 77 79 4 4 63 32 1 89 25 90 87 43 65 68 92 21 88 37 45 17 40 18 77 27 52 36 62 8 84 9 3 24 33 90 32 67 60 50 19 72 74 89 28 38 5 39 67 74 60 60 82 11 88 65 75 47 18 77 30 34 76 26 8 69 87 34 28 86 2 9 83 55 19 55 3 69 85 35 57 40 49
94 94 3
39 10 50 31 6 89 41 3 22 38 3 35 55 37 15 90 94 51 30 35 92 79 93 23 86 12 66 49 10 73 94 29 53 3 87 37 34 77 91 65 58 40 33 44 89 69 89 44 1 6 44 32 2 61 36 63 12 68 50 86 87 19 64 70 19 53 34 8 25 75 35 26 43 26 4 29 22 91 73 6 43 12 41 84 17 32 75 25 89 50 23 21 22 39
14 41 22 80 64 90 56 37 89 6 89 81 9 9 88 43 77 37 47 27 43 26 75 67 13 25 23 52 82 90 56 2 13 15 6 55 9 51 24 69 43 35 91 91 92 61 54 30 12 65 45 38 84 32 83 47 80 70 73 80 85 49 36 34 82 49 84 69 85 8 18 4 51 59 10 58 13 44 80 1 67 92 19 74 12 20 64 89 87 23 7 62 61 54
94 94 3
45 90 87 38 26 11 15 29 32 24 71 57 21 66 72 6 90 27 56 63 45 52 8 47 48 50 86 28 88 70 72 62 56 15 37 49 47 74 16 94 90 43 9 18 63 5 67 4 32 73 49 5 43 59 31 2 33 84 83 35 52 76 39 92 21 5 34 63 74 41 84 50 8 63 92 42 12 66 70 89 80 69 24 63 29 26 22 25 23 1 91 46 36 71
56 24 70 84 35 1 92 10 29 74 27 43 76 22 73 90 92 93 68 13 40 9 46 61 27 12 72 83 66 82 30 19 85 90 87 15 55 37 92 18 49 38 22 38 77 90 51 21 90 62 62 70 84 1 64 84 88 53 88 81 39 11 76 72 75 12 42 72 90 23 13 26 40 81 69 24 9 82 71 65 63 78 88 94 83 39 44 83 85 52 4 85 72 54
100 92 3
2 63 25 68 61 67 92 69 92 76 90 43 84 20 76 41 52 19 26 8 87 65 28 85 89 87 44 27 83 49 84 74 32 56 35 33 8 21 37 36 91 7 75 32 75 41 11 33 50 89 53 86 40 68 45 74 77 52 33 3 33 79 40 45 54 78 84 8 34 91 71 55 61 37 43 91 65 73 2 40 76 72 2 32 37 76 34 35 56 37 56 74 4 87 72 21 40 75 92 25
88 50 19 62 35 24 80 50 69 26 85 53 53 71 64 23 88 8 56 45 14 26 59 49 16 68 89 9 31 63 37 79 48 6 5 58 5 16 70 8 57 52 18 19 65 5 10 64 71 16 87 11 62 29 11 52 27 26 88 4 80 23 91 4 81 50 59 91 73 70 82 49 67 7 8 54 91 78 64 20 31 91 47 75 73 64 88 17 78 91 19 56 80 27 63 56 91 2 65 36
92 90 3
27 35 60 67 37 46 1 23 22 75 45 43 82 72 52 45 18 61 27 10 42 20 1 69 84 32 77 13 88 5 47 2 90 55 62 66 80 12 3 9 65 78 42 8 13 68 40 79 31 32 49 34 86 66 11 26 80 78 76 36 90 61 1 77 57 69 81 32 23 50 36 14 60 59 67 55 19 74 87 61 7 70 40 8 52 19 89 11 15 66 85 40
34 51 10 85 43 80 38 10 76 67 85 54 73 49 53 65 53 65 77 77 35 45 77 80 75 1 21 2 45 17 9 67 35 33 1 62 70 47 44 1 62 41 36 49 88 80 28 78 6 10 57 72 2 58 89 87 38 12 10 48 34 85 7 17 12 46 73 10 26 66 1 83 13 82 26 48 12 78 50 77 44 56 32 5 43 73 7 67 11 81 64 23
96 100 3
63 57 47 13 12 95 7 92 34 63 19 57 80 14 92 79 91 66 95 16 49 66 41 23 21 41 70 69 38 50 79 31 73 52 46 27 95 24 33 75 17 59 82 50 79 49 97 53 29 19 77 58 82 66 96 75 24 31 19 43 9 58 59 12 77 82 83 39 63 65 26 64 19 62 100 92 97 78 42 13 2 99 27 8 86 51 34 91 27 14 28 19 29 88 22 59
90 36 40 37 76 56 40 63 59 61 40 1 96 24 18 41 45 64 69 60 22 67 19 19 18 82 97 48 56 10 91 10 67 80 29 66 35 95 17 27 10 37 60 33 72 100 79 51 50 3 65 33 14 14 82 60 30 54 96 82 10 88 16 49 26 58 50 33 23 76 33 76 31 54 20 31 53 29 53 59 84 87 12 90 44 49 58 62 89 55 72 56 18 42 44 56
100 97 3
65 80 24 64 82 92 30 18 55 24 36 25 36 93 21 72 56 53 10 91 39 72 7 82 63 93 58 96 8 79 35 79 2 87 93 27 15 7 71 11 28 40 69 17 86 85 34 86 42 89 85 49 73 16 66 69 60 3 83 61 30 26 71 70 5 9 85 19 17 12 24 7 51 79 21 91 28 30 13 32 22 18 21 44 40 70 65 41 3 40 93 42 31 94 74 94 89 89 77 18
17 93 57 18 43 16 95 37 23 57 52 36 45 44 12 15 76 58 30 84 87 96 41 13 6 49 83 76 71 59 52 50 26 88 5 74 93 35 8 61 12 2 95 78 35 2 3 15 80 9 8 36 22 60 84 89 31 11 15 11 19 70 53 44 90 63 90 3 52 20 30 45 4 21 33 49 85 94 75 80 10 69 97 68 91 48 32 33 89 31 62 24 69 96 5 20 47 17 59 88
93 97 3
25 19 45 62 58 5 55 82 62 48 86 56 28 37 19 58 88 29 26 29 64 14 39 51 61 25 13 58 48 17 58 42 49 83 60 84 46 30 13 59 40 35 52 78 27 78 83 47 95 80 74 48 20 79 26 79 20 65 7 77 34 59 19 92 74 3 55 38 42 27 46 39 36 65 45 2 67 60 47 11 83 31 28 31 20 11 20 79 91 1 87 85 45
16 67 3 11 56 19 65 31 17 46 54 63 84 22 86 48 60 88 6 71 80 37 22 39 81 17 25 47 5 9 72 34 11 25 2 35 3 19 65 50 69 32 94 84 3 3 33 50 72 65 36 17 94 29 48 11 19 64 96 71 79 68 61 26 67 45 77 88 83 43 79 6 64 1 70 21 3 41 78 23 2 97 38 57 36 57 59 32 55 33 18 49 52
93 92 3
84 76 44 51 24 89 79 69 92 87 46 34 9 42 35 60 5 46 92 18 75 31 52 63 12 8 61 79 9 50 41 30 1 14 19 77 67 37 89 15 40 85 26 25 59 12 47 43 15 59 11 69 34 44 82 86 43 76 11 51 30 8 61 57 66 18 71 31 6 57 47 1 37 44 16 46 23 81 63 54 80 20 62 33 46 15 82 32 48 56 22 17 64
9 14 61 34 36 38 19 63 46 86 17 16 45 14 64 80 27 89 85 23 88 68 53 66 3 33 56 54 83 64 66 27 87 2 56 11 55 77 50 74 57 21 36 81 77 56 66 26 52 61 78 68 10 28 83 13 55 57 40 80 51 75 68 34 82 47 64 59 86 71 46 67 38 7 62 52 9 13 68 48 58 77 7 40 72 1 25 55 39 72 50 35 66
94 96 3
51 28 61 89 89 69 83 4 60 86 71 39 29 91 30 94 35 1 31 86 81 51 71 50 1 49 25 17 79 71 85 42 81 13 96 88 35 33 67 28 52 25 95 59 70 30 26 42 62 59 81 44 55 77 92 52 3 81 72 10 71 1 12 69 55 68 41 14 61 52 27 37 58 75 68 37 25 30 85 50 32 94 73 86 47 88 73 92 29 46 16 80 79 2
31 18 90 80 4 81 33 95 51 68 77 20 14 53 83 86 76 45 40 88 64 83 62 38 32 19 24 77 40 36 64 83 21 87 40 87 40 23 27 61 41 32 34 25 68 85 3 75 74 70 77 40 72 5 2 36 78 55 22 3 36 21 80 25 21 3 64 13 2 27 29 81 31 79 79 88 78 3 16 12 42 73 3 36 61 7 49 82 57 95 41 45 3 43
97 97 3
55 94 71 10 63 2 69 96 70 10 19 75 35 87 35 20 13 5 11 73 20 73 14 6 86 9 55 16 71 14 11 39 88 59 71 39 59 63 88 89 20 96 68 64 45 52 8 43 3 21 9 2 25 64 16 44 34 26 63 19 70 47 32 63 95 78 75 61 45 80 25 50 88 17 10 24 22 6 18 26 40 90 18 15 58 82 16 27 8 86 32 68 5 40 11 78 12
53 31 24 55 24 50 26 17 7 83 8 90 2 95 79 54 55 36 14 67 65 22 51 34 40 7 4 12 81 61 28 34 10 3 94 80 13 77 23 13 88 85 96 27 74 68 40 59 16 48 50 1 75 69 6 67 87 82 48 95 32 34 91 19 87 19 78 78 53 37 77 74 2 83 80 46 65 30 50 43 53 50 11 2 41 54 5 20 12 60 62 92 46 55 45 30 54
96 91 3
7 55 75 12 63 37 49 77 77 38 47 87 5 7 34 90 65 87 7 72 15 56 74 49 63 27 63 26 65 20 34 64 80 26 11 37 88 33 69 27 37 62 58 9 75 69 33 14 25 77 38 42 62 35 64 59 40 47 4 59 30 79 6 69 67 75 58 54 72 78 53 25 44 48 62 74 14 67 9 8 26 77 38 23 55 36 6 80 51 74 20 2 76 39 91 24
69 27 15 68 49 51 43 1 69 65 80 69 47 20 5 59 39 7 53 71 10 33 72 78 32 86 44 60 53 26 91 28 82 80 76 55 74 25 82 41 75 46 66 71 36 3 51 12 66 1 40 20 8 60 57 75 28 31 49 74 45 17 63 8 24 49 48 34 17 46 78 23 29 70 34 82 86 74 58 34 43 30 81 35 30 26 90 72 25 10 9 91 87 61 82 61
91 95 3
67 45 82 58 10 30 60 75 31 8 73 21 3 45 12 66 55 38 14 52 28 77 73 48 41 63 17 93 88 6 87 9 37 91 29 83 53 5 17 85 34 28 3 69 59 40 69 67 90 59 32 58 12 14 29 22 34 20 58 30 85 1 93 85 24 34 38 31 56 20 66 26 31 60 93 58 66 40 80 3 8 57 23 21 15 41 95 23 80 47 62
49 60 36 34 18 90 68 28 70 9 11 4 7 72 43 4 34 93 7 77 83 82 50 37 81 79 12 69 52 5 83 32 61 66 33 58 35 67 15 29 80 64 7 38 25 32 3 36 89 94 50 37 71 47 69 79 56 42 67 67 43 27 34 7 73 77 80 22 82 12 30 33 38 23 25 42 12 35 46 67 68 61 14 44 77 68 12 45 56 34 40
98 93 3
47 56 93 79 85 19 78 81 74 74 24 32 67 55 81 71 23 83 18 6 93 46 51 63 53 87 38 44 74 67 62 60 52 26 2 48 75 91 69 24 29 38 16 1 28 83 23 77 29 76 18 61 20 36 81 24 53 42 10 88 17 44 60 76 3 18 26 55 90 32 28 36 58 34 42 40 53 34 59 91 24 88 27 54 50 31 59 9 33 26 65 55 9 69 89 67 54 53
3 6 43 61 82 47 5 49 43 61 79 2 56 70 66 13 64 61 21 8 39 64 73 30 23 15 83 38 68 12 38 80 77 7 26 78 54 55 61 30 18 77 22 42 46 45 79 46 27 20 3 73 67 46 29 84 77 89 47 42 87 15 36 44 5 43 11 8 47 16 58 11 67 50 24 64 77 69 47 52 77 28 53 60 26 18 27 14 3 71 3 62 83 7 2 64 72 25
99 97 3
69 49 91 26 33 83 41 73 63 33 78 78 13 49 82 25 64 69 42 32 33 85 80 62 74 31 62 51 40 76 94 90 32 19 97 9 27 28 82 64 75 73 1 32 72 16 24 35 46 4 16 5 29 17 42 60 67 95 91 50 91 39 2 70 73 56 86 97 65 39 83 54 94 1 58 41 35 59 50 11 67 82 71 54 14 18 20 35 86 21 88 91 97 65 31 79 65 83 18
3 53 68 91 25 18 54 80 71 11 91 55 95 41 75 69 41 21 72 47 66 61 97 84 89 94 74 36 50 74 82 14 29 80 72 65 11 29 16 93 10 1 2 76 67 39 29 60 69 48 73 9 49 24 96 13 14 64 16 9 64 66 42 19 91 11 49 15 49 80 41 62 28 27 51 29 48 52 75 91 92 60 11 58 78 58 52 33 11 71 91 58 96 40 34 72 14 6 69
97 94 3
66 6 54 68 1 43 93 77 66 76 63 86 15 65 17 63 27 32 57 68 25 26 77 15 23 36 82 58 82 27 92 12 57 44 86 71 74 57 38 63 49 2 46 4 64 87 27 70 41 61 81 30 77 4 83 60 67 49 29 21 46 42 33 62 47 7 34 89 8 84 25 20 76 30 51 68 91 5 94 28 73 90 90 49 36 31 91 39 87 6 59 75 25 25 15 26 18
21 66 46 43 37 69 48 42 27 19 54 80 85 85 68 14 47 57 90 71 93 58 14 24 38 55 22 46 65 84 52 63 68 66 83 88 73 4 42 75 47 27 10 66 37 40 6 24 9 20 85 9 80 25 16 81 68 2 62 12 12 27 40 83 92 15 26 35 21 35 69 53 48 9 59 52 83 79 66 40 48 75 34 60 1 38 71 18 55 71 93 77 11 90 25 36 94
94 94 3
66 11 74 39 23 4 36 81 87 10 62 33 61 58 9 88 26 66 74 5 92 52 7 86 65 66 69 33 58 83 68 59 94 35 41 56 82 21 85 54 58 44 73 49 61 1 20 84 94 94 34 8 39 61 46 40 13 41 7 29 12 69 45 49 29 47 82 40 49 12 85 21 77 87 92 67 49 24 23 66 45 43 31 90 44 76 4 62 32 31 22 25 45 94
26 14 20 78 66 45 25 15 14 19 74 83 55 31 38 9 54 1 10 90 51 88 87 42 59 3 29 46 78 44 43 18 74 21 49 25 68 65 29 30 72 7 81 13 56 84 9 43 28 31 4 19 91 57 3 72 83 44 58 40 88 20 87 7 23 89 39 55 28 57 48 8 63 82 18 48 3 47 33 18 89 74 12 70 16 24 76 49 88 68 90 80 5 51
96 93 3
78 74 7 24 11 9 85 75 7 45 73 78 37 77 71 33 48 5 46 89 26 57 50 82 82 62 71 14 36 21 34 11 23 53 32 73 15 39 14 45 25 86 67 26 89 86 59 38 16 53 80 88 39 86 23 60 30 60 81 23 28 37 83 91 46 53 69 4 35 21 35 4 79 60 58 30 27 64 42 21 23 82 70 58 29 34 32 39 26 1 24 75 50 71 1 62
21 14 90 20 29 45 16 89 43 87 74 83 64 90 35 91 27 77 45 47 5 49 45 77 44 86 20 51 90 18 27 89 63 31 1 18 69 12 59 7 42 31 25 84 85 1 52 70 31 4 33 7 29 15 80 27 6 48 90 25 68 53 23 3 50 45 92 65 40 50 79 11 53 89 80 66 68 43 10 71 62 26 33 53 34 17 13 44 70 78 53 24 64 93 39 7
96 97 3
93 43 30 93 84 90 95 95 55 24 84 75 34 94 78 30 92 64 64 76 73 4 53 15 71 30 8 88 35 20 3 50 17 26 66 15 20 4 32 26 22 64 53 8 9 10 46 64 39 78 78 74 8 75 3 10 30 84 11 22 2 36 88 54 24 48 79 64 96 81 63 71 39 34 65 77 82 3 36 57 29 60 39 72 22 74 32 40 18 60 46 26 44 66 87 67
26 66 19 86 56 68 93 28 69 94 41 71 36 97 36 83 94 87 47 49 14 38 27 86 82 86 9 25 20 94 92 46 43 90 7 31 35 62 42 51 83 82 16 25 38 2 36 3 31 38 41 42 33 51 47 2 69 6 71 79 37 62 58 60 55 65 32 75 95 29 7 5 34 27 63 74 97 8 72 66 55 76 77 85 96 80 48 50 38 62 56 28 30 86 51 71
97 92 3
12 62 35 25 47 17 79 11 58 42 14 40 22 65 19 32 51 89 18 46 88 75 22 78 27 16 12 37 33 45 39 26 20 58 41 64 44 66 49 41 35 83 42 81 23 34 89 91 68 62 70 20 22 85 81 32 37 57 40 53 33 25 79 5 1 26 82 58 56 32 8 65 28 78 26 59 3 7 40 5 39 8 33 20 18 51 71 41 28 65 79 85 89 33 56 1 47
59 49 13 12 28 11 32 50 3 35 78 47 74 87 35 24 10 70 50 38 62 90 19 91 47 78 56 21 48 73 51 55 34 56 39 13 3 41 71 82 62 39 58 92 43 17 88 9 40 64 10 87 53 1 16 84 90 35 56 46 75 59 72 24 37 83 71 72 53 35 19 13 62 7 91 61 52 55 81 20 42 63 8 3 14 11 81 39 39 78 84 8 5 88 23 21 62
97 94 3
29 80 67 85 17 92 70 46 72 73 42 24 64 61 12 53 46 58 8 90 3 56 11 25 16 1 14 34 32 83 14 73 4 56 59 26 32 48 92 64 64 60 39 43 42 93 37 14 35 39 14 72 63 1 60 89 63 94 31 40 58 12 70 53 69 87 80 44 86 36 84 56 86 5 7 20 85 6 31 23 92 50 48 63 11 76 21 72 23 49 16 41 86 17 18 10 15
62 67 30 7 60 54 8 9 23 10 20 70 91 26 18 55 41 2 81 41 51 94 57 67 61 6 21 43 43 28 20 4 13 89 61 56 85 4 6 73 85 7 61 84 69 20 22 62 94 68 9 52 64 36 24 37 20 87 84 42 38 87 84 78 89 91 9 46 78 6 93 19 19 17 63 33 77 51 90 92 54 49 92 38 54 93 70 13 57 71 44 42 44 77 94 88 45
93 100 3
79 54 89 77 77 25 43 81 5 74 21 52 100 14 67 49 85 77 13 37 25 48 36 10 37 54 19 9 53 67 26 68 95 59 16 70 70 3 22 41 50 93 24 48 87 95 18 79 43 54 60 80 69 52 67 40 34 69 73 10 53 54 86 96 25 36 61 11 42 62 6 80 31 81 14 75 14 29 43 99 24 54 60 84 51 48 52 56 52 40 21 96 40
41 92 90 14 29 20 62 85 36 60 9 29 37 49 64 55 7 4 19 13 77 72 44 30 73 9 9 53 56 26 3 79 33 92 26 97 82 29 62 88 24 48 35 9 19 90 98 69 6 53 42 98 47 42 68 93 17 7 94 22 100 11 59 30 75 84 74 85 9 80 15 37 35 96 61 73 30 27 9 90 79 17 17 48 25 43 21 78 15 42 63 26 70
100 97 3
13 84 94 4 32 30 44 25 6 52 24 86 75 6 61 16 56 74 93 85 89 28 85 21 9 30 30 41 11 25 30 9 18 45 87 10 23 33 88 5 14 53 61 5 1 77 83 82 81 27 38 5 33 62 11 18 1 52 64 71 74 85 39 61 47 49 57 57 76 81 17 39 7 51 79 63 94 96 60 15 12 34 23 93 78 95 25 77 40 59 25 13 20 89 88 2 7 87 45 18
25 68 62 9 70 9 21 96 82 90 64 4 77 56 87 95 76 76 35 53 52 74 80 8 16 23 74 18 7 60 75 21 39 27 93 5 36 67 8 44 95 50 3 33 20 96 36 94 74 55 68 89 61 60 5 20 60 3 90 24 96 9 62 66 95 36 74 47 77 47 75 40 35 29 44 19 6 75 30 16 83 68 50 83 92 17 27 97 88 46 13 38 22 4 38 95 38 50 22 28
91 95 3
48 66 44 60 21 68 61 9 42 80 90 31 3 95 89 59 38 21 23 55 43 9 26 40 88 44 30 50 52 38 48 11 85 39 29 73 68 11 93 11 89 51 17 62 85 58 20 49 39 22 87 81 81 82 7 50 93 5 87 77 66 41 60 11 8 93 26 73 75 65 61 45 23 77 52 32 43 43 35 7 91 7 64 6 31 59 18 91 34 34 57
57 32 21 94 61 28 82 10 46 84 61 61 15 85 95 69 75 83 20 50 58 20 46 24 42 56 39 80 69 65 83 14 25 27 91 14 35 19 77 53 82 57 59 66 35 4 62 32 76 41 37 59 36 16 41 86 40 75 7 45 80 94 35 89 19 3 42 66 67 7 18 18 29 36 70 40 7 64 23 54 21 4 29 60 79 80 30 24 22 80 63
90 93 3
47 42 88 90 52 32 56 18 52 9 24 70 90 56 56 1 85 35 75 14 61 53 10 33 70 74 69 68 23 83 16 70 25 93 9 55 34 46 26 40 83 24 42 43 59 61 71 46 66 52 67 81 37 36 82 15 20 4 30 93 7 54 1 49 8 72 11 15 27 59 22 58 38 37 12 14 15 44 80 42 91 51 15 89 55 53 65 27 59 78
52 26 28 77 48 76 59 85 41 45 47 66 30 80 75 66 4 12 12 90 42 84 55 68 83 93 88 71 89 76 49 65 62 39 87 52 3 52 41 58 8 35 28 3 48 10 81 90 42 23 65 54 70 21 84 60 18 47 72 85 50 80 77 88 14 63 16 9 87 3 88 31 19 34 27 4 50 87 77 33 25 19 41 16 52 30 93 18 11 39
95 98 3
61 89 90 93 93 68 56 16 76 26 50 72 76 79 5 63 63 88 10 81 14 25 83 86 61 81 20 68 13 89 77 97 53 64 77 89 14 67 17 12 8 16 73 65 96 68 81 78 47 89 81 14 16 85 48 2 95 60 34 75 65 9 45 55 67 76 9 39 50 60 94 32 76 29 11 13 98 86 74 88 51 46 22 11 75 91 14 93 86 62 98 78 65 69 57
7 98 85 73 34 74 53 32 41 47 43 50 92 65 34 86 54 50 60 51 37 91 90 54 76 48 14 15 85 97 50 40 72 19 15 75 11 78 25 48 82 31 53 27 49 87 49 48 84 7 54 4 47 52 87 85 54 20 13 8 74 48 49 58 72 95 24 4 30 2 82 33 39 25 88 50 71 55 84 65 8 71 91 66 51 82 71 5 65 46 11 42 83 56 60
98 96 3
69 33 25 52 22 52 74 70 49 64 56 34 70 20 41 70 44 36 18 71 68 40 76 70 86 43 93 88 48 3 6 96 93 43 43 38 91 27 56 71 50 26 34 42 25 9 3 20 6 34 69 74 46 59 1 18 31 69 30 83 43 66 37 92 59 28 31 15 46 95 76 38 9 81 53 35 51 55 58 55 32 50 20 79 54 30 4 79 94 74 32 17 93 40 12 74 61 19
51 1 95 58 84 57 40 55 57 84 96 35 53 6 13 66 61 74 11 26 9 74 74 54 49 93 87 26 74 6 55 34 36 53 3 51 27 93 87 8 66 72 80 66 92 61 21 75 95 72 12 61 15 95 23 75 9 60 69 19 4 42 6 39 32 77 96 48 26 65 3 37 47 6 27 12 71 43 70 36 58 8 59 74 2 64 14 42 45 49 87 9 25 9 9 54 37 22
95 91 3
13 72 46 83 14 22 3 8 18 64 80 4 73 72 21 90 19 42 37 4 27 90 8 8 63 3 9 17 5 82 47 65 51 15 84 14 61 72 25 88 27 63 39 63 3 30 58 33 74 45 62 27 9 14 31 36 72 68 88 46 79 31 65 39 18 89 89 17 83 61 63 46 36 25 12 32 84 56 59 51 1 83 34 17 23 52 59 63 2 24 35 2 21 33 23
20 68 73 70 74 76 86 68 25 6 31 18 74 78 80 89 79 39 40 25 29 17 33 89 58 50 74 6 91 2 37 74 58 30 4 37 19 51 91 61 76 14 24 37 83 15 67 14 14 51 23 38 69 48 81 48 7 45 6 8 5 80 25 41 34 42 2 70 51 78 4 48 65 18 58 27 46 50 8 26 79 73 2 10 69 6 60 51 59 40 53 9 48 1 61
100 95 3
2 35 2 14 16 38 23 94 54 89 44 51 25 71 85 53 43 45 5 79 81 25 33 33 2 55 51 44 48 18 75 84 6 22 76 33 64 53 51 43 41 42 34 55 12 69 37 6 32 15 70 60 73 44 78 66 16 67 74 89 32 24 81 93 9 10 17 52 38 80 27 22 44 87 78 77 30 89 75 35 7 30 72 20 11 55 39 26 26 74 91 88 50 53 28 42 1 22 56 85
36 63 51 62 95 61 28 26 55 15 29 59 30 83 2 5 18 49 25 51 71 76 70 37 70 73 89 24 63 59 43 44 42 81 94 80 14 13 3 17 81 24 86 50 20 89 49 69 38 37 50 25 8 6 44 16 52 91 30 17 92 12 56 37 20 37 69 22 14 15 74 13 22 18 24 54 72 50 80 16 45 19 8 58 45 66 49 32 45 69 30 73 32 60 19 9 40 21 36 5
99 99 3
48 41 65 50 7 74 24 37 30 68 63 1 35 27 36 17 69 1 37 26 55 44 60 55 51 7 95 58 84 62 75 38 85 53 43 94 93 98 60 22 85 72 97 73 11 92 45 75 24 14 35 91 85 83 5 44 22 25 15 15 51 54 50 17 44 91 61 32 49 96 46 5 55 51 52 53 84 67 4 32 25 76 61 76 90 13 65 49 91 82 65 26 43 35 91 20 66 18 43
16 10 75 8 42 78 25 94 24 57 4 52 20 99 39 1 57 79 95 5 42 23 96 57 12 73 75 67 79 88 98 81 32 48 61 58 75 41 55 64 15 22 18 9 84 98 33 33 20 27 6 45 81 4 36 1 63 89 9 1 27 7 1 86 2 52 6 54 82 77 59 4 96 58 55 67 91 14 10 52 74 2 83 35 80 16 73 20 67 15 3 59 46 49 85 85 58 30 37
100 92 3
36 9 75 3 41 79 79 88 51 18 75 23 5 67 79 24 53 7 48 86 51 29 60 78 18 15 49 32 30 33 80 43 45 89 46 45 90 56 29 10 13 19 7 32 29 51 10 44 33 74 6 16 76 77 56 35 42 1 3 44 20 3 64 77 53 70 24 74 50 77 59 20 77 79 18 76 67 71 88 70 38 63 49 77 16 85 15 69 73 6 44 53 25 29 76 75 17 91 6 23
56 18 74 36 27 23 68 79 71 79 43 53 19 63 13 2 19 33 15 51 7 79 66 80 82 2 85 77 48 56 57 20 78 1 50 80 84 39 44 87 48 5 16 3 5 40 55 65 11 7 9 22 32 42 29 44 46 11 82 8 22 48 21 47 43 62 28 24 61 59 33 58 26 32 85 74 55 37 41 11 45 46 42 17 48 61 31 18 40 87 3 36 58 27 25 21 44 33 16 11
93 96 3
46 4 84 86 58 64 85 37 1 81 75 95 13 45 30 86 9 32 10 37 95 44 83 30 48 3 57 83 79 91 36 10 77 33 43 96 29 40 35 89 79 67 4 30 7 61 46 21 47 21 77 27 34 90 57 81 4 37 16 29 43 94 74 11 6 41 35 95 10 81 5 54 70 23 34 52 95 21 65 88 54 46 3 30 48 29 65 40 17 35 69 95 8
28 29 43 69 52 91 93 67 18 94 30 27 40 57 79 67 79 17 92 52 89 45 78 40 7 43 28 47 91 55 53 94 41 41 4 60 92 14 69 32 60 46 82 57 84 92 19 47 15 37 20 32 53 38 95 85 52 59 88 77 52 11 73 89 20 3 42 40 48 79 91 95 92 2 38 88 91 32 17 19 14 56 54 87 25 81 19 91 56 1 83 46 60
94 94 3
62 70 92 22 78 49 72 12 27 24 79 87 70 54 90 30 46 43 33 80 44 75 3 11 59 33 15 57 22 34 72 75 70 55 30 27 81 52 6 87 87 22 82 18 77 37 94 85 29 89 78 51 17 15 24 2 90 62 12 93 83 89 60 47 46 58 85 37 77 24 22 12 1 43 64 89 78 31 27 21 20 92 76 29 8 59 1 86 66 76 24 87 50 66
54 52 37 90 73 30 28 83 91 3 60 11 24 73 9 63 81 70 49 87 17 13 6 49 82 69 10 93 75 24 43 66 63 37 51 16 63 39 18 69 59 93 5 21 85 10 19 80 89 92 2 60 32 43 61 12 31 27 9 67 64 61 21 84 80 42 53 48 57 69 24 2 43 65 59 36 57 74 10 51 88 23 92 64 48 37 8 83 14 68 27 41 41 60
92 91 3
49 37 33 88 23 50 71 63 5 7 67 57 19 57 22 55 8 51 65 25 31 8 44 42 49 38 23 48 41 7 81 79 6 84 91 39 85 17 46 64 43 17 26 48 62 61 46 14 82 53 21 16 17 69 15 60 29 33 48 55 48 18 15 84 37 48 40 3 40 17 33 80 10 90 46 45 13 63 87 91 90 24 28 33 23 3 35 57 17 38 56 73
22 25 30 36 52 87 90 22 51 60 5 45 53 59 7 89 53 89 24 60 18 71 6 57 61 1 70 34 13 18 16 91 62 21 40 40 74 7 89 42 14 22 77 84 65 39 12 11 33 74 68 75 8 10 78 86 51 65 91 72 60 28 50 79 64 29 21 26 27 12 16 78 85 59 61 33 79 8 26 87 9 17 89 79 39 78 34 46 77 83 48 42
96 97 3
82 15 47 36 56 25 71 21 33 1 9 63 77 87 69 74 10 1 53 92 52 70 25 16 54 34 88 36 30 14 44 67 88 73 96 90 54 26 1 21 82 86 56 18 27 51 41 12 74 72 48 49 54 7 76 6 58 2 59 93 60 20 51 90 11 1 58 32 73 38 45 87 15 91 56 1 27 57 70 32 6 77 78 32 74 25 20 67 36 22 74 60 33 34 25 85
56 91 94 65 14 33 25 52 79 38 52 81 86 41 1 53 54 73 26 93 57 19 81 70 39 15 34 9 57 76 21 92 46 84 4 34 70 84 3 29 67 3 95 78 25 78 13 1 79 25 93 19 96 70 57 79 53 61 62 37 30 52 43 2 91 26 12 6 41 40 69 56 3 4 45 25 20 73 78 22 59 74 64 25 5 27 38 30 93 8 2 63 57 93 83 70
97 95 3
77 50 33 34 93 56 93 14 18 66 24 94 30 6 91 33 86 78 11 95 90 47 49 50 17 18 6 95 38 36 83 87 89 78 67 87 64 54 33 86 21 61 48 7 88 39 51 39 62 85 29 16 95 26 46 57 31 3 61 32 94 40 19 17 26 75 48 31 93 69 30 73 84 81 24 38 94 76 84 19 13 46 28 95 2 10 90 12 36 58 57 56 53 58 3 61 2
46 2 81 80 20 33 75 6 26 51 88 42 11 15 86 7 90 70 60 6 92 3 91 6 28 83 65 40 77 71 1 93 92 14 7 44 42 57 29 93 95 94 5 49 56 38 32 16 93 70 27 40 6 38 49 10 15 64 2 64 29 29 29 30 37 5 91 85 22 1 13 30 92 53 32 27 6 92 78 55 60 33 30 55 73 29 63 74 23 22 16 58 93 49 28 14 56
100 92 3
7 89 34 10 3 2 8 36 36 81 77 76 77 70 20 54 51 11 43 85 63 25 64 53 23 52 22 14 44 37 72 24 24 10 85 50 2 89 45 80 71 4 66 64 92 11 75 88 13 27 81 66 20 39 30 53 64 29 10 48 7 37 24 69 34 26 39 38 48 83 79 10 76 91 19 53 54 48 36 68 30 75 30 63 85 88 57 70 58 40 19 91 11 50 18 8 81 92 15 82
2 21 16 49 57 15 4 81 14 61 57 49 8 66 66 24 34 12 23 74 25 67 69 9 72 74 4 52 27 70 13 65 90 21 33 20 53 69 78 25 89 72 32 5 20 41 5 86 83 22 62 8 68 52 52 22 6 72 8 61 6 79 36 35 43 38 49 85 41 84 4 50 68 12 9 70 92 76 84 66 19 3 1 85 30 51 60 75 31 89 33 84 81 78 36 37 68 58 88 29
94 96 3
17 76 63 39 26 15 39 87 84 67 93 2 2 78 32 6 10 90 87 84 81 51 89 89 89 10 54 37 12 16 25 13 80 61 46 1 10 95 40 74 19 37 35 20 74 24 51 60 44 82 92 23 23 75 5 50 5 63 95 34 41 37 45 59 74 6 78 75 5 76 62 20 65 32 66 22 72 35 27 13 66 80 53 13 64 58 88 26 4 85 5 42 47 75
11 82 48 64 56 16 69 76 70 27 50 20 48 60 14 74 70 2 25 29 66 94 50 36 60 40 33 91 88 52 52 15 92 4 5 66 50 50 89 80 64 65 85 22 76 45 18 42 90 94 53 76 82 83 83 59 8 83 76 32 23 11 54 45 43 55 64 79 37 85 34 66 32 64 18 60 46 30 57 43 22 48 30 26 85 82 67 69 75 14 22 78 67 94
99 98 3
34 19 53 45 44 90 48 95 52 16 97 55 37 96 57 52 49 45 22 95 86 78 65 64 79 41 44 65 50 57 80 42 88 28 70 81 58 95 42 84 33 46 8 33 4 40 94 68 63 9 60 23 18 68 15 87 31 75 52 64 20 91 31 57 6 23 16 76 25 79 87 22 77 55 36 56 37 34 46 72 78 52 62 18 46 2 13 61 79 85 63 98 74 80 21 14 20 67 80
21 41 67 5 47 38 91 3 18 13 4 3 48 95 21 3 55 34 39 79 48 21 32 43 63 56 77 16 40 55 9 19 46 68 26 13 78 42 98 58 61 45 84 71 83 12 63 97 15 6 20 24 26 37 47 80 68 72 87 87 38 28 63 28 58 71 48 55 62 12 57 89 95 24 74 62 1 37 65 76 35 9 81 28 60 66 85 44 46 92 35 71 47 42 4 87 84 87 55
