25929
27174
27061
28105
24998
24179
27716
27233
26069
24637
24730
26361
27923
28319
27436
26516
26266
25904
28732
26284
28797
26071
26400
28708
25226
26074
27067
25955
26280
28200
26891
26614
27074
28196
25795
25742
27077
27550
25212
27736
26604
28759
26308
25189
27175
26490
27162
25160
25647
24767
25638
25142
27476
27452
26924
28958
28809
26666
26593
28227
27659
25599
27632
26186
28810
28169
27406
28560
25820
26961
23370
27528
26202
28412
28150
26355
24875
26394
25521
28329
25073
23629
28301
27940
26398
27352
26814
25903
27419
27368
27037
27018
25924
27846
26978
28281
28303
27912
25960
27039
