100
91 96 1
37 17 29 44 63 66 78 37 6 23 57 38 65 49 85 28 70 94 74 92 76 43 13 16 16 77 6 9 48 6 75 20 33 32 18 79 5 67 56 93 80 33 15 10 66 86 38 73 40 95 52 53 33 68 29 74 38 34 19 84 25 15 74 34 78 79 64 70 42 87 51 41 52 31 8 11 14 72 40 30 91 62 94 36 67 18 48 2 63 11 69
22 6 56 36 62 6 16 70 54 4 37 74 7 96 76 85 11 42 26 10 5 18 45 95 89 81 63 11 26 78 55 8 93 75 70 86 36 51 26 90 81 47 67 85 39 41 44 5 74 74 20 58 68 9 3 2 30 7 57 78 92 43 30 51 10 66 46 48 29 5 5 76 9 50 73 32 71 84 24 74 73 56 27 35 50 1 63 8 34 96 28
95 91 1
4 30 30 20 17 55 73 61 56 11 4 37 72 21 74 66 80 26 72 4 23 67 20 6 48 3 61 91 24 11 42 53 23 3 52 68 54 60 89 20 41 61 68 23 55 39 13 81 66 36 21 54 85 41 73 54 73 35 41 72 33 63 71 23 37 44 59 89 50 4 48 62 39 16 7 10 62 26 25 35 52 14 26 53 30 83 38 80 76 78 70 72 47 38 8
8 41 2 90 48 78 24 77 7 22 34 70 57 81 77 88 48 66 37 86 10 59 24 70 91 62 28 55 38 8 57 11 90 19 83 5 63 29 81 88 87 73 78 56 33 46 15 67 83 24 90 6 67 76 16 72 39 39 75 56 39 55 39 64 83 2 14 27 60 63 57 31 53 84 41 45 66 91 82 76 51 42 71 11 84 27 65 57 56 73 72 39 82 81 53
92 93 1
48 26 90 40 49 64 90 86 46 66 16 52 86 65 27 71 64 48 17 43 69 52 89 5 22 75 30 85 67 20 17 8 49 19 10 62 28 35 44 88 65 10 80 50 88 56 26 50 9 38 62 30 58 14 42 2 1 92 9 76 21 85 89 80 34 12 32 52 78 32 76 32 91 35 40 71 66 52 2 76 74 30 55 51 17 74 39 18 49 62 45 55
31 73 67 24 28 44 44 39 49 60 57 2 13 72 51 83 50 34 71 78 71 40 91 43 79 35 25 66 62 86 29 91 45 43 65 46 11 87 93 59 70 5 35 68 34 77 64 24 32 56 15 40 78 64 91 59 83 91 66 40 1 29 85 33 28 35 18 60 25 86 65 9 72 64 90 23 72 7 84 64 2 38 54 20 76 90 89 71 28 79 11 33
92 100 1
72 32 45 73 80 62 85 88 6 96 41 91 94 41 25 16 56 42 61 54 80 57 43 93 24 84 43 100 36 1 12 67 21 73 78 23 3 40 70 56 62 98 1 50 7 87 83 100 25 23 33 47 51 82 84 82 33 32 30 22 95 1 39 75 41 50 16 42 2 50 20 34 76 78 27 21 13 17 13 10 58 95 81 20 41 4 20 91 70 25 72 89
73 40 86 64 43 86 69 79 90 28 92 98 18 85 97 58 87 58 31 9 52 64 77 65 91 16 10 10 91 68 87 31 8 82 66 27 56 68 8 26 3 59 20 23 65 30 66 44 29 19 5 37 29 73 67 3 43 76 41 3 53 12 72 23 91 82 6 99 48 83 34 60 14 87 49 55 6 59 67 75 25 80 63 40 83 29 52 69 72 66 5 98
94 99 1
47 79 44 92 74 21 61 56 30 22 40 69 55 38 87 3 65 25 86 49 85 17 52 80 62 8 9 27 24 30 7 40 3 13 40 6 22 16 83 63 96 77 30 18 38 30 49 69 63 75 33 8 54 87 50 82 89 33 79 30 92 82 37 44 57 22 34 45 16 82 87 45 24 38 18 97 97 36 85 8 38 69 37 5 12 67 13 84 92 36 34 92 37 57
12 16 1 26 94 22 91 95 42 84 81 5 87 94 12 77 52 39 73 8 58 71 16 58 83 32 39 91 57 25 90 11 52 69 38 54 63 70 99 88 33 89 86 87 1 55 68 37 49 52 76 27 4 93 24 12 47 51 19 41 55 30 38 55 67 65 54 18 40 63 20 95 85 20 25 28 55 75 40 38 17 33 78 69 96 56 72 31 25 63 53 44 22 33
94 94 1
60 27 93 38 48 31 81 63 92 44 10 9 60 17 60 43 2 3 93 7 15 11 54 79 35 92 29 87 24 79 8 6 87 71 19 78 66 47 48 57 85 64 82 23 61 6 76 9 90 34 24 72 15 37 88 88 36 4 33 46 60 18 21 37 25 20 93 24 50 80 81 69 19 22 61 27 80 60 86 22 62 79 38 76 30 29 26 71 42 34 61 67 26 44
63 34 18 29 59 81 52 21 45 9 78 13 34 33 40 35 22 75 6 81 44 83 41 59 19 78 16 28 46 22 83 5 47 66 42 31 94 91 53 63 83 13 62 68 38 78 37 8 67 3 71 60 21 65 44 35 86 87 61 53 78 55 74 27 1 44 71 81 48 63 23 42 32 41 84 28 1 58 16 51 39 16 78 75 23 2 45 45 64 93 49 7 12 8
100 98 1
98 98 58 31 4 31 26 60 18 34 28 9 17 85 22 8 32 39 29 1 25 22 60 45 11 94 40 90 47 5 20 97 24 8 5 30 16 38 51 3 14 42 31 30 30 21 48 55 22 5 65 46 9 68 70 3 15 74 25 65 98 33 61 41 5 32 82 60 90 29 36 11 6 36 55 97 28 8 70 27 32 18 62 57 16 94 17 98 89 49 49 55 23 73 2 57 66 96 68 72
77 33 83 96 68 30 75 81 31 94 16 67 96 94 65 12 37 45 39 69 29 71 81 60 39 79 44 97 15 4 24 25 1 54 19 21 50 29 73 30 62 3 51 78 28 39 59 36 7 46 47 43 93 80 66 45 50 25 45 3 41 88 36 81 76 58 34 27 12 9 2 94 87 44 72 89 91 69 9 46 67 86 24 42 43 16 88 70 84 83 36 94 63 86 25 41 74 75 83 60
97 98 1
73 35 10 20 38 9 35 55 6 41 48 92 29 56 7 72 60 65 4 35 96 67 68 66 12 79 50 44 13 6 30 31 31 48 18 43 12 39 22 70 93 42 8 34 88 33 63 3 75 92 12 56 29 84 40 46 29 80 82 36 24 24 97 27 64 52 51 17 91 82 12 44 47 76 16 51 23 72 76 85 70 29 84 49 58 75 56 28 40 82 2 94 89 65 13 83 71
79 3 18 94 53 41 57 88 61 10 65 64 18 16 84 58 43 87 9 59 2 16 28 89 14 21 8 71 29 29 98 36 76 27 64 2 58 62 62 14 11 38 92 45 76 60 76 19 56 40 5 50 28 31 61 73 91 25 77 61 4 30 13 23 6 94 4 43 38 19 35 30 82 43 21 74 69 67 5 56 86 94 98 90 51 11 95 53 63 18 47 10 42 84 30 90 23
91 97 1
64 48 30 41 52 55 37 47 96 52 14 2 7 23 39 65 34 16 15 88 28 48 1 91 14 33 3 12 1 34 68 83 89 8 96 16 7 61 68 88 89 28 88 26 23 14 88 73 86 25 25 89 11 86 47 76 62 36 78 43 81 47 27 58 73 52 55 69 68 4 46 88 23 67 32 65 79 83 47 83 16 12 57 13 97 29 63 77 30 88 88
36 56 96 69 11 52 47 56 11 97 24 41 56 40 93 1 90 72 40 78 2 94 61 18 84 62 79 70 59 21 86 59 32 6 32 7 78 7 22 28 35 63 19 68 45 49 54 51 73 20 12 5 19 35 87 17 49 76 18 45 30 1 44 49 16 22 89 32 32 67 16 92 54 31 82 95 57 52 76 56 35 90 55 11 17 67 96 13 62 49 69
97 93 1
93 56 14 66 73 34 62 62 9 54 17 50 13 23 72 26 24 53 80 63 84 69 27 76 56 49 3 7 49 31 10 90 35 48 88 60 51 26 39 80 35 4 48 48 17 9 1 71 78 52 43 35 22 49 49 59 16 42 79 44 90 4 43 81 15 12 28 36 18 7 93 93 44 2 81 12 14 39 71 31 53 34 25 55 21 5 10 77 72 55 67 44 9 5 52 51 68
51 5 61 11 31 58 37 88 62 1 85 86 9 71 64 62 20 37 81 34 15 65 90 43 25 47 56 49 40 16 85 13 17 66 84 25 83 57 93 4 2 83 36 67 45 78 12 22 72 85 60 55 57 77 12 66 59 81 5 14 30 71 51 9 62 80 6 50 88 28 52 1 29 56 58 6 75 92 11 87 35 4 80 82 24 70 25 64 45 35 63 37 38 66 71 73 79
92 90 1
4 3 73 75 4 29 12 46 14 34 34 65 14 12 5 37 48 23 45 78 76 18 40 51 68 46 25 46 1 56 9 75 21 39 15 5 40 71 10 53 89 88 23 39 18 41 13 37 87 81 57 60 8 80 39 54 44 78 8 75 59 48 7 41 78 11 70 78 54 70 34 14 1 69 69 29 78 66 29 32 2 73 4 53 28 24 33 45 60 67 51 35
80 17 56 81 47 9 70 62 64 1 40 10 68 7 28 13 74 50 34 20 19 62 22 58 70 44 4 68 23 8 63 21 81 29 66 26 66 52 46 18 41 55 78 6 36 15 31 59 1 73 87 66 24 22 12 52 76 38 49 52 1 68 27 48 19 5 90 27 84 84 38 2 84 22 14 32 28 88 90 1 21 10 8 83 2 60 31 12 30 1 72 22
99 100 1
94 1 54 35 1 8 68 72 87 54 65 19 34 53 87 42 94 25 71 93 19 34 22 87 85 86 16 52 21 87 93 22 62 94 83 37 15 17 26 49 54 66 10 93 61 82 74 33 83 55 16 5 62 9 50 77 64 22 69 52 37 79 96 4 53 65 49 95 70 33 37 52 69 64 1 6 19 66 97 52 39 42 4 62 20 48 93 48 7 32 22 78 100 37 98 8 62 13 83
26 29 61 82 98 37 14 13 63 42 98 47 12 95 61 66 47 64 9 82 56 61 64 6 52 8 14 16 65 1 38 72 28 45 80 39 54 12 22 36 93 65 37 10 57 63 50 68 22 82 46 41 87 36 88 23 45 54 92 71 75 82 38 9 19 93 55 94 41 65 48 9 68 25 32 48 67 87 86 18 79 14 100 49 55 8 28 96 72 44 10 19 2 70 70 29 82 31 86
90 95 1
49 69 64 18 2 18 33 70 41 8 8 68 56 94 64 6 89 13 32 59 90 64 76 16 3 63 62 26 79 83 65 49 44 94 85 2 56 50 68 82 87 91 10 15 50 39 79 25 39 89 90 3 52 57 9 55 30 78 66 23 81 12 87 6 34 83 19 80 45 79 45 68 57 68 7 90 58 48 9 57 6 3 63 10 67 31 5 27 4 32
41 9 72 89 43 93 22 77 37 3 9 16 36 70 61 2 5 39 77 42 19 74 64 77 48 43 16 8 11 31 87 79 55 20 77 5 94 29 4 47 95 2 89 48 33 18 59 54 74 51 11 1 64 13 51 93 71 49 22 89 46 5 21 24 14 88 40 95 18 14 38 1 26 48 80 56 68 30 51 73 16 51 28 76 84 29 27 35 87 73
90 91 1
35 21 53 85 51 5 91 56 85 69 34 41 43 1 67 60 24 41 69 18 9 78 41 58 79 43 23 83 67 35 17 6 80 54 2 48 8 25 65 75 23 42 74 49 76 50 76 71 48 87 78 89 17 51 11 29 73 28 24 18 6 34 8 67 55 79 7 9 20 1 82 36 42 28 11 42 60 91 36 32 60 64 73 42 34 3 66 16 60 60
56 51 81 59 12 36 10 86 55 28 35 28 35 50 43 20 78 55 26 91 2 88 30 16 15 62 78 41 64 15 83 47 86 62 33 67 1 24 17 64 45 66 22 31 14 7 58 77 34 2 79 20 79 70 70 89 61 44 58 52 14 11 38 76 16 11 11 64 17 61 60 17 14 83 74 22 75 78 84 10 75 5 1 69 28 47 2 35 88 17
98 93 1
54 50 72 43 26 2 65 29 21 29 25 90 29 47 57 52 54 28 24 43 41 21 80 49 63 74 3 59 16 8 83 35 38 66 47 82 6 33 31 76 31 54 5 84 83 39 85 61 88 73 45 16 50 13 17 38 55 20 25 52 2 28 66 14 49 23 66 88 30 29 12 9 20 89 86 25 2 83 29 77 18 39 92 8 45 54 81 53 4 38 75 48 50 51 18 12 71 52
25 37 74 89 33 77 47 9 31 1 70 59 78 91 88 65 26 19 78 51 86 6 69 79 35 15 72 43 51 4 45 44 49 20 19 68 79 24 92 79 63 73 48 82 56 47 16 64 19 36 93 15 43 58 23 62 45 50 51 79 65 66 28 74 79 39 65 14 83 5 41 42 88 10 2 17 72 34 57 56 91 78 34 40 46 84 3 5 24 37 93 15 53 10 63 72 18 54
95 97 1
41 90 85 87 12 15 75 82 88 96 15 46 33 96 48 38 11 79 36 14 47 87 90 71 76 49 80 33 58 8 73 66 31 36 81 46 45 56 87 2 12 72 52 24 50 26 47 93 81 34 44 20 39 85 45 31 53 41 17 29 61 82 28 67 76 33 62 30 67 24 81 14 65 73 65 85 31 69 16 13 89 41 9 28 45 44 27 84 23 62 55 2 32 80 11
24 46 53 71 47 86 39 3 43 64 29 83 82 58 87 12 35 95 40 61 82 58 32 80 37 51 39 27 35 95 74 54 12 13 2 45 52 84 60 38 79 21 39 23 35 24 11 66 41 17 91 86 22 20 84 17 54 3 94 46 16 7 95 71 86 56 33 26 91 33 91 64 32 45 30 58 93 9 84 38 78 27 22 56 46 15 65 62 92 50 27 21 53 88 64
92 96 1
66 46 57 40 68 1 73 82 40 95 2 2 3 85 50 74 46 38 80 58 11 26 92 90 18 9 11 55 18 51 40 45 43 29 37 30 7 12 39 82 34 92 62 50 63 93 4 80 38 1 40 3 45 91 8 6 85 47 38 3 58 70 2 59 29 26 56 50 3 70 49 5 95 72 90 1 75 78 18 52 55 41 53 21 72 34 42 76 58 71 79 8
8 30 50 72 53 13 11 93 6 62 76 4 89 43 5 17 24 37 69 95 89 33 80 96 6 79 34 64 86 20 80 24 61 84 88 38 88 62 44 32 95 11 33 77 42 29 1 57 10 78 61 5 92 58 41 83 63 32 32 20 47 64 94 8 20 65 91 46 63 91 35 54 83 48 18 37 38 87 58 81 58 31 19 2 42 42 82 69 70 83 21 62
96 92 1
41 65 47 6 13 79 21 45 48 8 56 70 13 2 73 70 8 25 27 43 28 55 26 64 64 87 43 85 85 36 29 66 77 52 22 83 48 33 18 58 3 21 51 52 64 35 21 29 10 18 90 52 32 71 10 14 51 62 4 32 92 86 1 71 61 67 39 45 42 43 79 47 56 82 19 8 13 28 61 10 34 53 59 39 60 42 33 85 9 20 17 1 34 88 37 46
58 62 36 35 45 41 47 17 90 73 61 69 10 67 31 68 32 65 8 61 7 29 57 56 26 71 92 82 16 92 9 25 69 65 49 29 22 32 69 3 54 24 8 34 15 37 69 25 65 19 58 9 27 90 86 68 17 50 23 5 51 12 90 12 5 58 50 80 74 82 34 48 44 43 62 41 54 86 8 27 37 15 24 3 10 89 34 52 29 84 82 57 80 80 73 73
98 100 1
93 55 26 46 27 7 93 26 54 76 36 65 97 3 1 54 96 87 84 13 89 53 16 47 61 11 13 83 44 43 100 53 22 96 33 35 51 5 77 59 80 21 83 76 86 45 73 89 42 15 1 22 40 17 5 6 6 53 15 66 7 34 3 77 64 60 7 66 29 45 69 16 1 32 47 41 6 47 96 88 55 52 21 43 98 72 63 88 24 61 61 36 100 93 2 40 37 57
66 65 4 24 91 77 4 94 55 61 64 73 78 91 65 80 77 86 85 95 24 82 64 98 91 8 92 53 11 9 16 91 47 61 15 100 66 89 83 43 27 91 97 97 55 43 49 43 1 88 87 4 15 75 43 64 51 19 42 88 22 1 82 9 40 75 53 62 75 47 90 60 78 36 57 22 80 27 12 56 83 59 32 70 49 37 34 77 99 100 12 62 62 86 80 48 94 45
100 95 1
49 10 7 79 65 1 12 24 84 68 20 28 50 9 50 62 73 45 62 62 17 83 32 9 89 23 64 37 35 56 25 30 42 55 21 31 34 59 75 66 40 41 65 48 9 88 5 40 15 61 67 94 14 7 50 5 81 89 29 57 59 76 49 75 32 59 22 87 12 58 50 14 1 36 18 28 47 78 56 77 17 6 16 27 63 20 56 20 52 63 1 57 56 11 34 6 64 53 80 40
72 2 47 85 8 10 44 50 4 11 50 67 31 56 30 38 70 65 14 77 44 40 4 39 2 93 89 17 20 55 47 25 37 4 90 93 38 36 11 61 58 58 75 17 11 64 1 85 77 76 29 47 89 34 62 55 92 85 18 85 90 95 65 68 8 44 81 85 3 47 70 46 66 10 48 88 94 15 60 92 69 19 50 67 37 5 63 43 60 14 38 82 14 15 94 59 10 84 42 28
97 95 1
72 80 90 62 48 5 53 80 6 93 3 58 64 18 29 1 28 40 30 55 18 55 41 66 47 90 62 63 2 72 50 59 22 81 19 79 16 21 8 48 43 6 22 76 60 40 21 45 91 57 36 51 6 32 44 25 80 5 40 66 30 73 49 49 57 77 29 33 95 46 54 80 56 41 42 4 92 50 91 49 26 95 5 51 46 88 87 88 59 55 83 68 58 61 83 58 92
73 79 4 87 84 34 87 26 22 5 61 4 68 23 28 45 7 37 83 73 20 87 80 31 94 15 58 33 21 59 15 49 86 4 25 21 71 43 10 25 62 81 24 87 48 85 43 5 12 33 26 28 70 19 42 45 74 50 67 57 69 76 65 75 88 52 17 47 49 13 81 59 71 90 51 84 63 56 67 6 53 31 3 56 75 2 43 91 35 94 51 31 95 44 11 77 83
98 90 1
16 66 73 57 23 65 71 20 45 1 58 11 35 61 41 46 65 43 55 89 78 59 22 7 75 11 59 53 55 9 66 69 28 23 37 33 78 81 40 5 32 59 90 9 41 84 26 37 36 70 90 3 53 52 23 18 49 3 6 29 34 12 88 44 37 88 53 29 50 34 1 84 73 79 69 7 15 29 56 16 11 69 2 75 82 85 59 28 48 5 90 49 16 35 59 53 69 1
58 59 54 84 11 41 39 15 38 35 35 10 79 66 62 23 12 63 47 51 76 80 50 39 5 14 84 40 78 61 61 89 79 53 82 54 1 8 33 90 37 43 3 84 29 59 12 49 49 83 75 7 45 88 43 81 29 33 5 65 70 82 65 14 59 43 25 7 3 43 42 74 21 17 81 17 74 73 37 63 71 84 71 7 8 41 82 62 51 23 74 58 81 3 37 85 80 16
95 96 1
81 28 83 20 80 29 66 71 50 10 75 35 91 43 67 34 61 50 94 44 96 83 61 21 3 78 43 48 49 81 82 50 80 26 58 7 29 59 64 47 12 22 12 14 74 72 59 70 61 45 49 34 60 23 71 27 9 61 47 19 1 3 50 14 87 44 49 81 9 38 75 63 59 65 24 20 36 96 37 61 30 57 7 18 32 16 29 11 31 28 69 48 72 43 45
89 67 67 39 77 84 3 5 22 81 82 63 39 83 48 11 88 62 15 79 1 58 63 77 41 72 92 70 52 75 9 40 65 30 4 72 64 89 50 46 1 72 37 34 83 47 10 82 92 54 25 63 2 95 45 64 52 3 1 65 82 82 1 7 30 31 48 29 54 86 2 74 13 87 31 21 50 18 82 86 32 6 14 67 88 71 50 37 93 92 15 91 12 10 25
100 91 1
52 26 32 25 72 29 52 10 29 31 14 75 51 38 18 74 39 80 89 49 21 20 54 10 68 51 4 34 13 60 79 8 52 6 15 21 41 40 28 4 55 56 41 3 51 7 5 38 29 20 13 14 51 61 85 46 25 40 40 69 67 33 11 87 41 87 28 34 10 13 26 52 91 30 37 17 22 69 19 34 65 58 89 32 37 51 67 19 31 77 83 37 3 43 65 56 28 8 35 81
64 2 40 56 68 72 5 29 53 69 89 13 34 82 50 72 91 24 42 45 18 45 48 53 91 19 43 23 41 57 66 47 77 68 61 30 24 88 20 81 53 67 13 54 72 66 57 80 74 91 53 63 68 14 2 38 31 61 88 65 77 23 81 16 16 74 84 5 42 6 8 33 58 72 3 11 30 67 87 1 54 14 82 24 45 60 6 65 80 51 70 89 38 33 22 31 31 74 17 46
100 90 1
46 44 51 35 11 68 90 54 45 50 6 19 84 9 38 24 43 87 55 31 1 18 55 71 49 60 61 58 14 58 10 81 5 57 48 37 53 46 48 20 69 57 8 39 40 16 4 25 7 47 75 72 26 90 10 25 77 63 58 17 30 62 7 37 14 44 37 44 13 49 38 25 73 53 41 81 47 34 3 13 77 16 60 28 25 51 59 87 74 51 52 34 62 74 76 43 89 12 66 52
65 31 2 6 47 69 70 59 61 79 90 3 89 36 68 45 51 84 40 11 16 7 62 89 20 63 43 23 86 42 77 25 1 24 34 52 21 44 45 9 4 87 36 62 51 49 31 21 38 59 89 81 82 11 46 44 50 11 39 62 18 24 30 89 38 51 12 86 5 84 27 54 26 68 2 50 78 56 79 62 87 2 86 57 39 9 69 4 52 62 1 42 45 23 74 17 75 36 40 53
100 90 1
69 36 16 22 53 48 28 40 18 26 84 61 67 81 14 20 42 46 46 19 23 48 72 61 50 66 24 69 48 31 74 36 28 28 51 54 86 67 63 16 35 88 40 73 10 32 53 90 36 52 51 69 67 50 42 35 15 7 1 86 68 45 7 2 46 89 42 7 74 55 6 69 87 65 16 55 13 51 47 77 24 12 9 37 39 22 29 3 69 11 40 23 39 71 1 78 6 58 65 9
53 22 37 8 63 71 44 28 30 8 81 60 80 36 71 81 67 23 75 69 15 61 66 35 21 76 46 63 64 79 34 8 82 52 35 53 13 75 75 83 44 3 23 16 12 81 75 73 90 49 55 73 4 69 70 24 81 76 57 24 50 63 33 23 40 9 64 25 30 37 66 18 29 36 28 75 5 66 37 16 67 53 72 11 1 42 16 25 56 83 73 80 55 74 76 38 51 74 59 70
95 100 1
56 47 87 3 77 48 47 57 55 40 3 67 26 28 77 8 66 30 26 31 17 90 13 93 93 60 69 25 6 57 17 9 70 53 42 13 45 40 86 91 98 81 66 7 20 60 73 3 88 22 2 44 19 96 7 6 6 28 41 52 5 76 58 15 14 67 59 89 74 37 89 71 78 60 76 77 100 16 91 42 93 54 85 15 59 41 43 90 34 61 49 51 95 80 18
51 18 98 57 66 81 33 76 74 73 12 27 82 9 65 39 21 66 61 98 95 2 87 7 71 92 60 88 44 3 25 24 37 50 1 11 80 50 10 42 8 94 84 88 78 13 99 2 10 73 67 68 53 32 59 14 33 78 96 80 73 95 91 95 37 11 73 85 32 98 16 19 64 22 45 76 54 49 15 12 88 45 71 94 68 9 87 14 59 31 9 20 56 47 41
99 91 1
65 83 74 54 82 1 19 41 43 65 41 50 88 43 58 58 41 30 69 10 27 41 58 55 3 85 32 31 42 82 46 10 64 28 72 34 49 61 37 83 27 47 4 71 13 67 67 74 50 52 6 27 75 72 21 78 46 19 11 10 67 54 85 41 81 21 25 22 41 59 8 66 73 65 45 1 41 16 90 50 54 44 42 34 81 37 91 44 90 82 17 78 77 53 70 76 45 38 16
24 35 55 89 48 86 83 65 39 50 82 75 31 88 79 10 52 2 17 11 23 66 61 54 17 51 40 40 9 19 28 83 58 77 50 70 85 48 1 86 17 13 66 33 47 52 87 55 12 69 19 23 56 49 24 91 5 16 80 27 83 3 56 71 67 73 57 5 20 17 88 36 14 8 28 18 51 59 65 64 36 86 28 90 17 27 5 8 20 57 26 25 33 6 44 66 62 36 27
91 92 1
86 43 3 11 47 28 72 5 59 7 18 24 64 58 45 63 27 75 53 2 71 66 89 88 58 70 10 27 26 65 75 76 39 60 79 55 37 58 91 12 43 73 10 54 67 29 45 56 48 31 27 5 33 74 9 88 5 23 92 83 53 39 51 61 50 52 41 13 88 46 63 15 86 62 70 60 26 56 74 84 35 71 51 23 51 37 59 7 83 67 92
31 15 65 24 89 27 84 17 5 71 37 86 16 64 69 15 49 20 77 52 91 36 80 62 49 81 28 52 66 5 80 55 86 62 82 36 76 79 26 67 17 38 47 35 10 59 33 62 90 8 73 16 29 13 43 9 30 86 80 47 17 35 86 32 5 84 63 34 4 30 48 27 82 6 5 32 76 71 47 77 78 57 87 37 78 8 91 83 66 77 21
96 93 1
50 11 28 75 22 49 48 65 61 23 10 27 73 41 93 10 52 61 32 24 44 3 13 76 92 46 84 20 53 90 3 35 49 20 43 23 73 52 41 11 73 30 63 33 69 84 83 25 13 17 67 40 11 5 72 77 51 54 58 41 13 27 68 89 88 43 49 90 67 23 65 82 53 62 28 87 11 33 39 64 69 39 1 65 3 90 77 55 8 14 37 39 51 91 71 74
93 88 1 70 79 37 3 74 69 57 89 85 70 8 4 39 20 86 39 78 91 19 90 49 89 55 67 45 16 47 44 11 2 38 34 90 19 42 39 31 20 27 1 90 26 6 40 38 58 54 82 30 42 87 38 10 42 1 15 18 79 43 93 81 79 3 81 32 10 19 63 69 62 26 93 62 56 34 24 65 80 20 28 37 9 74 8 46 17 11 24 22 76 89 59 54
91 91 1
87 27 51 14 58 9 9 88 48 45 49 50 43 8 38 63 35 47 39 54 12 58 59 55 85 24 62 22 37 45 3 12 71 24 65 8 33 43 2 8 76 17 29 86 19 49 50 18 13 21 29 77 62 7 70 24 77 2 26 27 68 54 54 42 51 52 76 79 17 79 80 43 20 3 13 81 59 6 67 7 81 42 90 44 24 29 40 20 2 15 16
4 41 89 41 27 31 49 47 14 32 28 53 37 17 11 26 17 37 38 29 69 1 12 86 50 49 54 72 75 48 8 64 56 81 30 66 74 81 74 79 72 85 18 35 87 8 68 30 19 82 68 6 84 59 67 61 39 17 2 32 29 47 3 82 89 57 89 46 62 29 66 62 60 48 50 79 64 48 55 12 88 5 19 9 86 15 60 7 57 25 21
98 100 1
14 11 57 1 97 6 15 70 68 53 75 45 100 75 8 6 92 44 40 61 47 28 90 69 50 97 18 20 27 8 62 54 66 87 50 46 80 81 41 68 40 25 76 41 37 48 44 60 47 10 56 78 61 15 26 8 4 24 61 53 99 57 8 54 48 58 90 22 69 56 11 65 20 18 5 85 53 25 73 90 17 57 57 92 63 45 89 32 43 74 10 1 20 22 23 37 34 14
34 65 92 16 28 97 10 75 66 31 33 61 74 89 75 62 61 21 12 67 28 60 76 16 74 68 20 81 13 60 89 96 12 78 34 49 91 82 2 24 37 3 46 8 25 26 32 11 85 32 74 91 55 1 70 67 45 2 64 74 45 58 85 85 8 5 55 99 70 75 63 45 93 2 51 66 12 89 96 84 77 88 66 89 92 18 11 53 25 27 85 94 35 100 12 71 27 5
90 93 1
71 19 64 80 88 78 31 71 5 8 31 55 15 69 2 56 44 42 29 61 55 67 78 86 7 8 61 81 27 39 6 38 79 72 71 24 16 54 9 86 73 81 12 35 83 47 74 11 31 9 41 67 23 17 79 1 12 92 21 6 51 81 59 50 34 31 3 48 66 40 17 33 88 23 29 78 78 9 31 56 38 86 18 53 1 31 16 83 37 61
10 80 29 9 3 69 36 78 21 66 58 93 80 19 57 6 74 92 2 67 11 80 74 32 16 12 89 25 76 21 16 59 91 69 67 64 1 16 42 69 83 75 48 21 68 26 75 81 21 91 12 60 80 40 88 59 76 10 37 66 33 71 75 71 68 62 56 33 43 22 36 38 71 41 11 2 26 65 73 73 54 66 42 51 86 12 67 13 30 8
97 92 1
61 69 77 57 65 66 33 17 74 24 90 19 71 28 74 25 82 31 49 38 78 43 57 61 70 23 55 7 31 91 12 86 91 28 61 35 91 25 71 15 48 29 70 79 87 38 30 75 14 45 71 70 74 2 26 51 47 14 1 43 24 18 51 23 21 88 23 43 90 56 62 89 2 10 56 35 67 47 37 23 44 14 88 43 37 28 33 67 33 22 5 41 86 2 56 40 53
4 72 81 38 29 40 87 6 48 79 58 36 46 62 51 23 21 48 19 10 58 50 64 46 80 78 56 36 1 75 89 56 44 10 7 76 34 53 61 70 90 73 32 36 11 19 17 51 74 80 52 91 27 10 40 63 90 63 20 56 89 45 63 57 49 38 47 25 59 25 36 70 35 44 64 60 22 52 13 88 18 48 52 52 63 75 6 47 54 42 72 34 26 1 77 82 12
91 96 1
83 89 31 6 88 15 92 15 11 60 72 8 2 33 84 7 84 32 62 7 94 94 34 21 81 93 48 13 10 83 23 66 44 59 61 50 36 79 53 58 11 40 6 22 84 63 80 45 69 24 80 23 89 41 64 91 25 65 90 46 62 39 82 32 49 26 22 56 63 87 13 89 93 58 74 37 76 23 18 24 63 28 61 48 84 17 52 59 88 63 24
45 27 57 61 45 7 55 60 78 2 21 63 42 9 53 69 94 70 70 44 15 82 84 40 78 55 32 21 54 64 2 13 20 73 17 68 8 29 43 51 5 76 47 23 71 22 68 13 75 85 52 31 77 3 6 45 3 3 71 42 23 32 68 31 66 96 64 12 24 58 1 28 33 13 25 41 43 94 86 43 12 57 35 69 37 21 50 91 45 9 42
100 92 1
25 80 90 15 40 22 69 92 28 43 38 42 16 4 76 13 3 24 76 37 70 34 30 87 74 6 24 71 82 22 70 44 8 55 38 59 37 56 11 20 60 34 90 38 5 74 13 7 16 90 71 3 41 35 41 71 14 42 27 19 79 22 51 29 66 35 16 40 79 24 17 75 51 46 46 80 25 24 9 88 22 68 84 41 14 86 42 83 84 81 56 13 12 64 74 84 14 73 18 62
28 28 49 73 62 27 38 42 27 52 67 31 45 24 85 7 26 59 6 52 33 31 15 55 56 44 49 82 64 7 4 50 80 46 67 51 62 50 34 64 23 13 1 9 56 17 50 2 38 18 80 13 92 32 47 92 78 29 78 55 40 56 62 43 41 29 67 28 28 19 13 67 57 60 65 27 32 16 33 21 7 26 89 66 64 90 20 47 41 10 83 38 18 76 78 44 57 17 44 40
90 94 1
86 41 73 41 26 85 71 91 92 85 71 55 49 32 64 48 80 61 1 81 50 91 8 90 85 10 26 74 66 15 63 56 34 43 68 68 91 29 92 67 78 15 65 38 6 16 17 50 85 18 66 49 3 12 38 6 13 23 86 29 46 64 24 7 86 54 66 52 87 28 3 26 59 89 64 51 50 46 46 83 17 24 19 64 48 19 44 13 64 90
54 66 46 19 46 44 67 39 11 42 90 54 40 83 27 13 12 84 73 89 6 65 1 23 10 54 57 8 82 60 39 65 45 33 51 65 19 38 80 75 9 23 5 40 33 21 55 42 83 40 58 72 73 62 22 69 12 12 58 49 87 35 94 10 10 4 84 87 74 79 15 68 49 45 48 13 45 28 94 9 40 35 59 13 35 80 28 8 55 57
97 100 1
37 90 12 54 50 45 65 8 7 61 93 26 25 58 57 71 37 14 41 19 26 69 56 22 2 72 81 24 41 58 19 51 32 40 19 36 31 34 22 62 38 26 30 16 86 36 82 23 82 11 73 59 41 99 24 28 60 86 78 15 14 1 89 39 98 59 95 39 52 100 97 53 5 40 22 87 5 61 19 74 88 97 48 3 49 66 74 25 57 69 98 65 52 15 33 100 29
76 8 79 5 35 84 80 55 95 80 21 25 30 87 6 76 19 12 56 14 94 55 36 10 55 92 79 91 68 93 90 35 68 27 43 87 61 51 19 76 99 41 31 23 44 88 64 3 41 33 57 67 22 30 32 95 23 63 21 43 54 39 54 33 28 65 93 89 36 22 55 2 96 44 53 15 31 9 17 94 44 12 68 47 31 29 6 36 92 52 36 56 71 97 48 58 14
91 100 1
19 12 56 67 20 88 92 58 70 94 98 78 85 69 25 23 81 99 79 31 4 6 34 23 72 13 76 63 56 88 8 63 2 9 33 59 24 9 97 49 89 43 25 56 56 68 6 7 34 72 5 74 24 20 29 7 36 39 80 77 53 96 1 76 74 34 40 58 11 35 42 3 9 75 7 77 15 77 64 14 26 10 54 22 34 80 85 97 58 36 35
83 40 77 72 13 13 83 31 63 72 3 57 72 13 36 98 22 29 56 72 77 35 46 50 29 90 97 68 36 85 22 89 78 41 43 63 26 99 12 71 69 58 82 31 73 47 75 64 89 37 89 57 22 50 21 12 11 84 78 15 15 19 87 86 77 20 74 20 43 43 93 92 40 95 19 52 89 84 48 16 57 73 81 12 78 37 83 52 30 21 2
90 97 1
91 90 96 72 66 10 6 25 28 68 70 4 94 44 77 60 50 94 65 84 31 83 30 34 21 88 93 53 74 2 87 4 17 26 71 29 46 11 44 77 82 1 13 7 20 38 44 22 70 7 92 33 63 84 48 69 72 7 81 73 91 32 67 69 24 77 63 58 4 19 72 15 32 27 64 18 3 43 77 70 30 48 31 74 62 84 13 18 85 41
35 45 82 23 68 73 35 93 29 33 93 74 50 60 17 61 46 59 20 15 2 68 84 33 6 46 88 14 63 35 6 34 15 16 22 80 59 38 28 20 50 2 36 84 6 15 66 82 6 91 43 20 5 82 73 53 24 86 73 52 17 91 66 19 32 52 49 44 87 71 46 74 14 88 35 58 51 83 96 88 60 44 67 19 27 14 56 67 71 69
97 91 1
73 80 7 64 45 71 34 81 4 6 33 75 55 45 73 13 65 34 83 88 75 37 62 41 84 31 28 26 71 61 47 54 29 9 2 55 24 62 68 22 28 45 41 65 36 86 74 43 38 65 7 16 50 15 14 57 4 11 35 53 44 90 44 37 91 28 33 18 8 67 3 4 83 59 33 85 7 3 85 9 42 37 55 1 41 91 2 12 58 40 63 84 14 36 59 85 77
6 70 64 53 53 2 56 82 17 51 14 43 83 20 25 56 2 44 77 85 67 81 50 24 58 71 12 43 83 30 22 72 14 19 64 81 90 46 43 40 50 66 91 46 61 91 26 52 31 28 1 91 87 19 32 90 20 87 22 77 89 21 68 28 43 64 24 9 26 46 53 47 91 14 2 43 75 66 57 89 11 12 61 35 40 43 71 46 48 37 23 58 86 76 69 20 30
98 94 1
52 77 79 76 15 28 41 45 44 57 85 35 89 76 85 4 70 86 90 58 7 30 90 49 66 77 92 31 39 90 73 8 87 65 29 75 86 26 65 45 74 68 24 48 75 86 21 14 9 89 57 35 79 78 7 5 68 63 23 51 2 87 8 14 82 28 91 92 16 68 10 74 45 27 7 16 21 28 64 25 53 36 54 72 4 29 72 12 32 29 58 92 71 90 25 84 84 46
24 58 44 61 29 33 43 25 37 61 48 9 41 64 91 14 28 87 4 75 73 6 4 89 69 38 31 79 29 53 53 19 76 90 45 76 87 22 20 53 80 56 34 9 56 55 56 68 20 58 94 18 35 85 79 9 89 2 74 82 91 92 30 76 3 6 31 24 56 30 18 2 76 72 18 76 57 4 9 93 50 21 83 61 45 82 10 14 36 7 21 43 64 29 49 76 91 54
92 92 1
8 25 82 69 3 37 68 67 31 62 38 82 33 3 76 87 33 24 81 2 20 64 25 82 71 32 61 13 9 66 69 28 77 83 85 43 68 69 78 57 18 26 1 70 24 53 45 21 43 55 17 45 87 77 66 31 79 61 79 50 80 42 78 76 48 68 23 27 84 89 36 48 31 71 81 70 49 30 73 2 7 84 50 19 76 78 87 35 9 68 44 63
28 70 29 56 56 57 75 51 14 9 62 84 61 56 70 86 69 52 63 59 47 63 60 88 31 10 23 29 13 76 48 33 24 62 80 6 29 22 16 68 91 69 14 87 52 23 36 14 1 21 55 88 10 58 80 5 5 40 91 11 53 43 64 83 92 72 42 67 15 74 66 90 45 46 9 75 77 5 8 37 27 87 84 58 72 83 54 89 81 31 21 81
92 92 1
43 30 27 63 82 63 34 85 70 89 51 60 81 55 31 1 89 64 16 68 45 52 5 31 45 25 90 20 69 56 76 13 30 83 50 56 91 83 69 12 41 5 5 16 36 42 1 39 46 18 2 43 39 2 23 38 32 57 29 8 26 74 83 63 44 66 79 85 85 18 49 84 51 60 36 32 77 17 2 22 2 23 66 32 46 91 34 38 11 25 71 23
76 39 15 19 36 41 63 80 4 72 17 33 85 41 16 28 53 29 73 89 35 50 57 66 65 55 45 41 67 24 9 8 31 13 58 34 6 87 58 11 24 56 25 84 47 4 11 6 1 61 42 45 10 39 71 72 39 62 11 64 38 21 6 80 36 82 73 7 22 67 91 36 23 34 34 85 11 64 25 54 88 24 58 70 47 77 27 56 84 9 60 21
94 99 1
95 59 53 24 66 99 95 70 7 20 83 24 9 81 92 70 16 68 68 4 43 58 72 10 26 31 93 93 77 69 27 8 6 73 59 28 82 29 27 72 12 16 45 81 39 64 57 62 57 8 51 61 94 51 6 97 4 73 62 90 40 27 17 10 62 32 66 85 11 60 60 24 36 66 86 61 82 46 46 59 33 96 38 36 33 61 14 45 89 79 88 32 51 13
89 8 97 40 74 32 84 66 95 19 37 26 94 15 31 44 80 10 57 93 23 93 34 9 38 39 84 8 67 41 90 81 42 40 9 9 62 86 93 53 46 36 9 65 89 4 98 32 89 97 95 76 12 30 28 22 19 41 15 6 26 36 12 20 14 61 75 46 30 18 82 69 49 78 6 84 86 73 6 90 97 47 55 26 21 18 99 71 53 21 8 95 98 74
95 98 1
86 74 40 71 5 41 6 25 70 70 10 82 62 83 83 97 26 97 50 35 46 11 54 52 97 61 39 55 56 50 19 95 14 75 93 9 24 85 16 58 32 54 2 18 43 26 48 17 8 66 75 68 7 52 25 43 39 51 2 42 69 43 81 65 1 48 10 81 50 29 78 65 45 36 27 55 34 30 35 24 46 83 13 84 88 46 58 31 87 35 36 60 58 75 25
22 27 75 62 64 27 18 9 46 13 87 97 69 85 24 95 91 93 2 92 6 94 16 83 71 49 92 85 78 59 30 17 19 96 14 37 58 31 45 70 54 96 24 58 29 36 34 92 59 10 71 23 47 4 8 17 95 58 44 14 1 47 4 96 91 18 90 47 31 19 69 18 36 27 88 68 53 68 73 41 12 91 24 17 98 60 20 68 94 26 55 83 57 29 86
98 95 1
24 35 10 15 12 73 75 95 22 48 27 78 64 40 39 70 28 57 10 55 88 27 52 2 29 78 85 4 40 72 34 31 51 71 76 77 43 62 38 77 70 66 33 71 84 44 39 50 47 85 13 27 7 2 2 87 66 81 87 48 30 77 8 68 25 33 23 67 84 4 51 48 59 1 51 59 54 63 3 65 58 10 20 47 71 6 45 22 63 36 85 1 61 63 19 32 80 35
3 25 67 16 53 20 81 94 33 38 93 47 86 54 3 84 42 70 47 54 52 78 53 80 50 93 62 26 8 64 81 5 58 59 61 27 94 85 6 81 4 25 32 67 83 36 12 71 66 19 16 15 85 38 54 44 95 28 41 15 81 32 66 82 43 81 52 68 8 44 48 10 93 76 26 31 15 83 72 92 19 41 73 64 49 16 22 78 91 80 90 51 44 52 22 66 91 50
97 99 1
97 31 95 57 45 32 23 3 67 35 1 60 72 7 35 99 48 76 29 50 33 57 20 60 63 77 38 79 41 28 38 47 94 41 90 15 92 3 55 42 64 67 82 38 3 70 99 5 64 19 27 10 89 69 73 49 99 67 88 47 64 29 34 20 61 41 6 52 20 44 63 86 70 39 14 3 52 50 5 4 60 43 72 55 84 39 12 89 12 53 52 74 20 63 88 61 32
65 89 53 81 41 85 77 25 42 16 9 12 35 19 51 90 74 33 17 95 39 37 38 46 55 91 99 87 61 70 43 18 22 34 12 55 14 51 22 90 22 89 95 45 94 15 42 85 53 76 71 11 56 18 61 45 25 31 2 8 46 52 23 85 99 1 68 3 37 92 87 37 45 88 40 5 68 93 93 19 46 16 34 99 56 38 85 25 11 20 86 83 47 15 77 3 37
93 97 1
84 60 73 29 42 1 89 3 80 73 6 3 78 74 16 82 10 89 1 5 1 83 38 84 9 29 1 60 66 11 41 69 30 81 86 22 18 55 71 94 9 78 69 93 10 16 20 9 50 25 53 78 51 50 73 38 96 97 88 57 54 96 87 89 78 19 97 95 33 10 65 83 32 32 63 59 65 5 50 8 25 23 24 50 14 56 95 16 61 95 62 78 66
33 2 11 13 73 16 90 62 40 67 2 19 64 8 43 21 89 38 33 12 17 68 63 8 60 76 39 17 7 1 64 42 87 94 72 72 17 51 54 54 55 51 62 40 81 57 74 90 53 21 78 20 80 90 89 71 14 10 22 83 18 85 55 72 18 64 43 87 15 83 74 86 33 91 92 50 31 46 36 92 60 8 49 80 53 88 30 31 21 18 10 91 82
100 97 1
3 33 77 75 56 39 92 36 19 36 56 32 75 84 96 66 50 82 77 96 63 58 2 31 97 26 1 9 73 69 94 5 26 38 22 39 20 42 77 7 77 86 70 70 17 88 33 57 33 85 33 60 67 51 19 97 59 6 59 44 21 51 26 38 73 52 70 89 79 83 51 84 74 18 47 19 96 71 38 11 22 32 83 28 90 78 12 18 21 66 46 12 33 78 13 26 28 37 64 58
39 53 76 85 64 19 7 52 14 33 22 53 79 51 35 24 61 16 93 69 83 57 10 20 7 81 81 25 23 11 35 65 40 85 92 70 64 37 36 40 60 10 38 61 61 90 51 8 24 52 35 22 6 63 32 85 69 39 16 92 26 59 48 31 38 66 56 57 68 21 71 70 54 97 95 86 68 33 28 76 42 11 8 27 76 35 53 19 33 29 19 64 90 59 32 60 30 28 97 27
93 94 1
62 44 63 72 48 75 52 83 81 24 72 32 48 14 15 49 82 43 49 35 87 73 24 31 61 31 89 91 24 74 39 3 80 85 34 24 92 53 48 33 62 12 20 47 91 62 13 48 23 4 82 1 67 3 23 37 41 35 88 12 42 23 16 52 45 38 42 3 39 36 89 93 93 50 76 24 2 90 52 27 51 79 56 23 19 43 40 68 24 58 86 1 7
74 20 3 17 8 23 93 51 14 69 18 61 38 74 60 7 81 69 26 11 27 27 22 12 85 40 22 75 30 18 56 44 12 9 81 56 29 78 82 51 49 66 79 15 90 47 87 65 94 49 33 26 37 35 70 9 53 13 23 53 82 79 64 92 79 72 26 51 6 59 49 88 90 39 44 66 18 54 24 16 55 20 63 58 1 8 73 85 36 8 45 21 1
91 94 1
18 85 2 7 16 83 71 67 28 36 46 37 10 78 29 39 81 7 29 93 56 27 82 9 53 63 67 47 7 72 59 83 58 30 59 56 68 86 21 72 70 4 51 56 19 7 28 91 31 64 52 80 69 69 11 7 47 49 14 75 52 51 89 18 91 4 80 88 64 25 36 85 37 53 46 32 71 81 83 22 35 19 35 71 46 89 5 29 44 56 53
7 56 61 88 12 76 25 59 91 61 90 40 23 27 82 15 65 3 50 65 48 5 18 13 24 80 23 84 9 16 69 72 67 63 53 76 44 77 60 69 62 51 70 21 23 9 54 24 27 20 58 32 30 38 83 17 11 63 50 89 67 36 3 68 53 79 56 50 74 81 49 1 84 28 86 50 51 58 92 67 49 52 5 94 5 47 91 74 9 63 94
95 90 1
57 85 47 44 18 4 32 24 50 49 27 34 58 88 7 77 18 21 15 21 59 50 4 81 34 7 87 48 56 32 59 60 10 81 70 23 37 40 18 45 8 71 42 79 16 75 18 61 14 43 83 59 58 6 56 84 9 29 41 10 37 77 51 10 10 69 89 75 26 6 70 56 36 84 39 78 59 6 74 84 57 66 47 27 90 63 25 69 41 43 50 80 19 48 13
29 78 44 50 75 17 56 27 7 20 34 21 66 40 29 80 69 39 64 68 60 29 68 32 39 10 68 51 40 80 47 22 58 18 24 76 11 87 61 75 11 61 26 59 80 12 60 74 54 4 48 6 90 37 20 47 55 79 90 74 8 42 78 4 1 80 70 5 34 65 66 22 7 65 9 18 27 86 76 43 79 62 27 62 53 76 38 65 85 8 13 23 70 14 45
96 96 1
8 33 69 60 30 52 5 84 74 53 45 81 12 17 70 92 88 73 2 20 21 60 11 6 67 33 16 43 76 6 8 37 39 11 78 1 49 63 70 46 52 58 46 56 66 58 63 1 93 71 2 92 32 49 86 89 60 89 60 80 65 35 13 40 89 3 48 68 54 10 14 4 31 92 27 89 47 29 41 79 25 89 5 42 1 35 41 56 14 15 79 70 84 93 53 60
22 62 52 23 93 13 10 82 19 62 34 17 66 55 29 43 48 43 82 25 55 52 96 24 64 16 72 60 1 59 36 46 29 66 51 21 2 85 78 22 56 66 73 75 78 6 36 27 83 3 84 67 95 28 93 91 55 84 71 77 90 32 87 44 5 37 44 75 3 35 33 37 22 65 14 2 35 79 38 83 64 70 35 28 89 2 56 68 39 72 23 22 58 76 40 42
94 100 1
23 78 96 93 38 76 5 88 44 44 36 90 73 30 15 67 17 10 73 30 86 58 10 62 34 29 74 30 6 63 64 37 87 12 38 97 31 51 58 88 37 47 43 90 62 87 84 33 100 76 7 36 1 33 61 51 60 25 67 59 34 21 13 68 8 56 56 46 53 96 16 37 18 12 51 3 75 91 44 74 99 84 94 12 62 19 77 43 3 90 18 45 96 3
93 6 58 78 56 81 82 76 26 19 24 58 100 31 71 59 56 8 59 22 72 47 55 6 67 89 97 21 26 56 34 78 79 17 9 17 15 47 97 71 5 95 22 3 13 78 15 85 63 100 64 7 50 92 47 47 22 74 51 50 47 60 66 50 94 30 79 96 43 85 87 46 17 64 61 69 68 41 6 73 71 34 11 90 99 97 15 96 20 87 87 100 57 10
98 98 1
57 49 35 92 14 67 74 82 93 42 33 58 78 91 11 41 11 43 87 67 71 11 33 52 11 19 26 98 17 11 3 62 36 95 7 63 70 60 71 91 72 22 18 57 43 39 98 86 58 88 93 78 26 75 31 18 80 66 80 34 65 67 24 37 73 35 92 91 68 37 12 58 20 37 27 88 63 66 77 32 7 41 2 79 54 92 43 47 98 47 1 61 63 81 1 3 73 2
44 63 62 69 91 17 13 10 23 94 14 69 60 20 26 12 92 23 12 82 69 88 6 38 32 18 10 71 89 81 81 20 30 60 29 46 91 72 95 85 43 41 12 95 38 31 43 40 73 17 31 95 84 77 49 38 24 98 44 73 88 56 76 18 89 98 84 85 82 83 63 60 81 97 16 11 14 32 12 47 61 68 67 50 64 91 37 89 36 21 40 10 11 22 68 92 60 27
96 100 1
25 51 88 63 97 82 85 32 64 51 56 53 53 72 42 63 61 54 91 93 32 13 8 90 63 40 18 49 38 25 54 32 73 94 37 16 98 4 5 98 96 23 29 66 8 20 39 30 97 100 88 76 44 43 29 21 19 82 68 98 38 13 3 97 60 85 13 16 67 78 25 42 20 89 35 60 64 79 97 69 87 54 11 40 71 17 15 86 74 90 38 82 95 66 86 69
43 37 63 81 77 64 94 6 87 5 31 97 17 83 60 86 67 80 3 65 49 52 73 64 77 36 86 21 34 6 14 56 61 67 41 98 78 7 97 59 7 85 3 10 1 33 67 71 25 29 31 81 70 8 22 4 38 62 94 49 51 37 10 94 35 45 37 97 50 9 41 54 34 53 26 34 3 82 57 28 28 26 71 13 50 28 94 71 5 71 93 17 88 9 10 39
100 96 1
24 66 57 29 88 54 56 71 50 2 55 88 66 5 61 26 21 61 40 95 5 79 46 80 57 27 13 8 28 83 1 30 91 66 95 73 11 87 17 50 68 43 25 9 38 44 54 45 34 68 9 76 27 24 64 21 29 95 1 58 24 74 2 94 80 92 41 36 66 80 44 91 83 17 87 5 37 22 42 1 11 38 21 31 28 23 87 66 37 26 4 43 38 31 61 50 70 17 56 2
19 87 63 38 53 34 90 93 87 90 11 67 62 94 51 95 26 21 41 1 70 21 78 22 55 55 61 44 61 3 27 11 89 51 1 22 46 23 69 49 40 85 54 34 65 66 50 8 21 24 57 2 47 89 63 91 46 48 96 53 37 34 61 88 2 29 60 72 59 67 81 38 19 18 48 83 80 5 10 81 42 7 87 29 81 69 13 46 73 49 17 19 28 88 87 68 67 32 4 33
92 95 1
53 13 22 88 67 30 59 26 1 48 38 12 64 13 29 82 10 2 36 94 45 81 62 38 34 29 71 46 6 28 57 52 78 19 48 12 93 22 13 2 80 42 32 71 55 85 45 53 46 33 38 21 94 48 45 27 14 36 39 62 52 18 73 40 69 9 95 70 61 50 88 7 9 1 14 65 50 24 61 42 44 52 37 93 60 76 74 91 85 83 5 19
80 71 69 4 22 71 37 93 61 83 22 73 30 81 85 55 11 27 73 95 21 10 71 95 94 83 8 79 19 66 67 70 60 46 59 47 5 60 50 90 88 31 11 36 51 69 22 77 16 65 59 46 80 43 81 61 15 16 27 45 40 65 29 27 60 7 24 40 69 20 68 23 34 12 73 95 1 46 60 64 52 64 47 64 94 33 6 6 20 68 92 26
98 91 1
16 38 24 61 43 38 38 81 17 32 59 41 81 9 84 76 88 56 91 65 65 35 50 24 30 26 76 71 29 66 34 5 72 72 20 50 11 4 59 65 35 15 74 71 26 14 15 65 21 73 57 37 83 91 14 6 82 11 19 83 76 59 45 6 23 23 91 58 11 44 16 9 79 15 75 66 11 61 45 58 57 35 73 44 80 23 62 75 28 52 81 81 63 27 10 18 8 40
39 31 29 45 45 36 41 52 35 6 86 83 62 72 15 67 73 24 40 67 42 87 62 78 36 89 41 42 30 38 86 7 23 40 73 88 69 5 72 30 29 82 52 57 52 19 73 59 41 31 11 26 41 7 7 82 24 87 17 68 49 24 56 33 41 2 16 39 34 88 7 44 25 11 86 91 70 12 3 73 60 90 51 85 12 5 5 45 12 36 20 35 13 57 61 49 86 18
94 92 1
29 51 30 72 63 89 63 74 90 82 2 11 25 57 42 48 5 51 74 69 7 54 12 80 79 6 60 24 89 63 62 30 85 67 36 20 24 5 85 90 8 9 85 63 59 36 88 52 78 84 77 88 2 18 78 15 37 59 51 86 31 57 84 51 11 45 27 64 23 20 34 40 45 52 71 75 76 82 49 87 70 78 5 27 92 42 79 49 58 7 43 55 51 45
54 22 11 53 31 1 66 38 79 14 5 91 24 64 90 80 90 42 83 18 85 18 13 17 1 53 28 3 65 24 50 62 26 37 34 52 84 68 43 77 27 6 83 10 33 90 36 50 14 15 90 21 72 74 11 25 4 78 43 10 86 7 89 3 91 17 24 75 48 16 49 54 80 45 64 49 40 11 9 20 86 24 90 29 10 9 1 38 70 16 59 30 10 6
98 98 1
37 76 72 84 16 10 71 4 6 72 13 59 30 24 78 46 66 30 35 3 53 45 30 33 69 53 44 98 34 66 16 81 18 26 42 44 96 94 48 9 35 3 76 34 64 94 34 35 34 2 62 89 39 10 63 34 92 54 98 43 78 83 20 77 58 4 1 64 47 36 19 55 46 26 25 50 31 62 93 29 6 79 66 9 2 97 16 33 61 91 36 85 52 4 5 30 96 92
7 12 35 2 58 24 61 45 35 43 96 19 7 26 73 71 31 40 97 22 96 54 9 17 22 37 45 86 3 25 54 90 5 52 44 46 63 33 8 5 76 72 9 8 1 50 41 51 92 29 26 97 10 63 29 73 57 91 10 60 51 84 48 54 80 26 75 90 46 8 49 12 43 9 38 85 67 79 47 56 82 80 82 13 10 50 67 81 7 74 27 34 73 3 6 1 57 56
100 97 1
65 74 81 76 18 72 9 74 97 57 39 84 81 41 29 46 57 8 89 54 4 25 62 84 8 59 95 6 51 84 57 54 94 7 7 25 56 6 18 95 31 92 5 74 19 59 51 26 22 70 32 61 86 32 75 20 23 71 60 10 70 65 23 60 49 33 53 72 3 39 80 62 29 23 26 82 67 16 2 96 53 63 43 93 68 95 34 87 37 13 63 44 39 58 21 87 73 2 97 55
88 51 72 5 36 32 65 10 56 72 3 44 76 20 3 2 14 71 31 42 64 77 45 57 84 73 53 66 29 58 13 20 54 23 36 91 84 94 70 47 19 65 88 28 23 81 91 83 4 26 63 71 10 82 13 61 68 13 76 63 51 76 76 30 26 38 95 57 14 77 21 2 33 57 24 75 48 50 7 39 31 10 66 3 31 36 49 91 17 16 8 15 33 90 22 49 42 13 37 51
99 99 1
46 93 84 67 93 32 93 8 77 45 99 64 23 26 6 61 2 49 77 55 97 16 70 37 14 66 98 1 95 61 58 6 10 65 66 93 61 88 92 77 35 34 44 94 8 81 80 3 41 77 21 22 20 8 41 5 65 72 5 65 98 54 87 92 93 30 64 48 29 63 25 97 58 14 34 27 45 79 74 22 1 94 55 14 90 40 19 41 61 32 14 26 27 84 68 4 66 83 86
13 39 82 54 91 95 30 79 97 63 87 57 16 38 50 45 53 41 40 56 48 26 29 25 8 70 48 16 83 4 51 48 62 61 53 88 87 81 41 15 85 23 47 17 2 31 27 90 45 75 13 88 93 71 10 60 99 29 40 41 56 88 93 54 14 85 57 6 66 51 92 32 8 10 17 79 28 65 59 72 64 98 21 95 13 88 23 4 34 36 83 46 57 88 20 27 37 72 82
92 95 1
49 52 56 2 90 78 66 50 90 6 84 76 20 26 9 55 14 11 69 16 84 81 24 65 26 13 19 3 64 17 91 53 70 91 4 49 16 36 43 35 86 19 41 8 90 39 61 52 19 47 78 53 40 52 31 83 26 49 70 54 56 49 81 15 67 11 78 41 9 60 69 37 11 10 59 6 79 60 83 33 54 56 61 88 79 49 60 92 9 28 85 28
81 23 54 54 66 22 55 1 59 15 72 49 38 63 26 47 24 52 8 1 86 4 95 2 91 87 50 9 37 32 85 24 59 6 37 62 15 47 48 56 41 33 3 21 13 16 50 18 63 53 21 65 61 81 35 9 31 4 50 22 24 84 25 85 25 83 58 20 70 94 84 4 28 21 16 57 55 11 66 65 66 26 60 31 56 9 25 34 4 19 11 80
92 99 1
15 10 46 26 78 70 19 38 69 96 51 34 43 6 49 83 26 46 88 44 12 35 85 96 11 46 20 75 5 69 33 86 93 9 51 13 97 30 68 42 27 27 21 40 81 94 5 87 5 86 32 57 42 31 23 45 41 31 99 62 22 83 14 12 48 7 28 48 4 67 32 28 9 78 73 26 30 66 42 48 7 88 30 51 84 87 37 65 13 63 68 70
96 41 45 70 31 64 44 79 56 88 41 92 36 79 34 38 70 68 46 51 64 80 84 42 84 71 49 43 86 33 14 36 21 30 71 52 41 70 12 29 18 84 27 27 66 48 49 74 24 67 68 7 45 73 85 51 73 18 42 47 70 84 62 42 94 29 17 30 42 74 85 51 33 74 56 89 93 67 4 61 27 70 43 54 42 70 70 59 63 55 93 6
100 98 1
70 20 42 62 30 79 32 66 38 30 37 95 85 79 53 35 53 11 51 69 60 39 17 90 80 64 87 90 25 12 72 7 79 54 30 47 36 89 64 42 80 78 80 64 67 41 34 75 58 14 37 88 13 62 83 64 64 43 22 63 95 23 10 10 63 26 94 2 79 19 53 16 70 85 29 92 69 82 44 70 18 20 50 36 27 56 31 19 69 49 57 19 62 30 41 69 92 1 77 10
11 73 61 5 64 42 17 5 44 97 10 24 69 64 20 91 82 78 83 70 98 31 33 2 37 38 59 88 50 89 97 6 96 21 50 36 15 15 96 77 96 71 2 87 68 81 79 56 81 41 89 94 88 61 42 10 34 63 62 47 21 27 91 12 45 69 57 34 18 45 4 19 98 39 51 48 67 67 71 59 92 25 76 80 45 95 6 52 76 13 3 82 65 74 74 28 72 62 90 14
97 100 1
57 80 77 36 41 70 97 6 33 58 78 70 17 13 98 96 18 9 87 33 89 78 80 3 89 1 24 79 36 48 86 34 38 81 77 75 78 4 79 47 97 49 84 72 39 3 17 77 88 72 42 4 44 31 42 27 25 22 38 98 96 4 79 56 19 62 48 95 3 4 49 75 41 74 96 78 74 66 87 43 19 34 38 25 48 10 25 81 96 63 12 96 57 40 13 15 53
38 72 34 80 7 22 16 33 45 16 86 45 48 50 57 50 92 49 51 99 81 47 63 39 10 43 71 87 17 100 18 76 63 20 67 11 91 23 76 83 10 44 38 19 10 16 78 24 7 6 24 53 96 65 58 100 67 39 28 57 33 2 13 32 49 42 68 33 61 91 91 79 24 76 41 31 82 20 69 28 23 54 51 95 58 45 23 47 97 67 38 6 51 41 19 51 42
95 94 1
73 55 54 23 28 74 26 71 30 42 8 1 79 18 83 77 91 35 84 9 6 7 31 65 54 4 2 45 94 30 45 1 29 91 35 13 80 46 42 67 24 3 89 4 48 71 85 7 88 13 44 14 8 69 58 25 9 20 18 9 24 2 88 27 68 87 77 43 7 29 27 58 86 39 54 14 42 79 9 74 65 23 85 87 37 3 11 19 31 81 52 46 57 16 91
37 20 34 25 51 55 78 75 70 83 28 93 61 22 93 79 25 66 20 77 68 2 23 36 90 93 35 37 92 29 64 19 50 10 30 36 53 31 55 80 88 92 36 2 88 3 22 55 76 34 79 38 64 45 47 43 34 43 34 52 93 43 18 64 22 27 27 16 45 55 33 21 11 64 32 81 58 50 23 61 93 76 57 37 50 65 89 87 32 36 55 38 70 9 79
100 90 1
3 36 17 82 63 59 31 22 76 58 60 36 86 36 33 75 88 17 45 75 69 39 60 27 35 25 59 14 81 14 85 82 73 43 50 14 78 90 52 72 22 31 2 74 3 11 86 53 58 55 21 29 45 75 70 41 28 51 49 38 29 55 67 74 84 33 30 26 2 1 56 48 25 70 17 5 90 15 14 46 37 20 11 90 14 46 12 18 4 55 67 43 23 31 17 12 30 10 7 5
81 41 30 86 3 25 39 26 41 10 56 21 41 58 53 31 40 45 2 88 80 82 6 10 66 26 58 71 62 38 30 31 71 46 83 67 31 14 59 15 33 82 69 6 10 16 75 43 24 20 33 1 49 37 33 22 61 24 11 68 62 1 50 34 15 41 14 84 34 74 69 47 17 80 37 62 3 78 65 15 12 16 44 38 3 47 49 19 55 37 44 20 88 54 10 19 11 16 72 15
90 100 1
22 87 15 19 58 31 29 99 55 96 42 21 90 38 22 3 11 100 45 99 17 98 54 54 85 63 94 59 35 60 87 48 97 23 57 76 17 69 17 90 7 53 39 38 54 39 75 32 45 8 38 72 30 44 9 5 67 6 21 27 61 77 26 62 61 61 83 28 76 18 15 38 19 51 2 89 8 93 13 100 28 67 31 75 52 53 12 3 9 12
16 21 57 58 24 54 100 37 90 6 63 2 59 6 98 54 29 56 88 78 29 13 48 9 33 31 47 76 32 26 44 77 10 91 13 99 43 29 92 28 94 65 5 42 2 38 72 52 90 78 100 84 74 11 46 54 6 71 94 75 66 84 15 85 72 43 93 46 58 51 58 86 63 24 60 37 2 32 35 14 7 53 18 24 12 5 41 12 43 94
98 92 1
17 3 71 8 67 19 38 48 4 64 13 45 65 78 21 81 42 33 74 23 15 65 12 60 27 7 91 79 46 68 61 64 10 74 51 15 7 21 8 42 78 65 77 86 25 23 17 62 28 89 90 16 57 57 70 67 78 53 68 73 68 92 7 78 76 63 91 33 66 2 46 24 3 65 33 1 52 8 10 54 21 68 23 9 67 10 60 68 78 20 62 63 21 46 24 77 65 26
35 10 55 51 62 76 46 11 44 82 78 24 22 67 34 84 4 45 49 36 47 44 26 33 32 58 62 26 10 4 90 79 53 62 10 3 77 35 83 55 79 52 2 28 59 3 14 33 43 50 32 35 61 23 3 87 73 18 48 50 24 67 55 15 65 55 66 28 37 35 24 71 73 53 80 5 42 28 28 87 62 80 83 78 72 80 79 63 27 45 55 10 67 86 29 63 37 81
94 93 1
30 81 57 57 64 88 1 25 23 35 56 47 53 39 42 78 32 55 65 49 31 73 3 91 16 26 31 23 88 66 44 52 16 44 77 26 1 59 72 80 59 46 4 20 78 71 48 9 1 31 35 13 30 40 58 20 47 69 43 74 90 84 36 14 44 71 55 16 91 75 70 58 66 82 48 25 5 42 24 80 92 59 8 52 74 86 82 33 85 31 65 82 11 64
18 7 26 72 82 45 24 47 6 64 4 85 83 19 16 62 33 6 47 36 73 49 62 76 48 45 35 3 67 82 76 49 26 68 83 35 23 35 84 13 14 3 62 88 20 25 3 32 48 93 72 50 71 7 74 54 3 92 67 29 30 40 40 9 36 18 59 41 17 43 69 41 91 58 35 12 54 36 71 32 52 44 48 46 2 25 72 8 27 10 6 3 82 66
94 96 1
72 15 26 9 25 16 42 49 29 36 16 30 27 12 59 68 45 37 10 31 61 4 40 63 50 83 71 36 77 70 69 85 31 66 12 35 77 27 11 47 34 69 51 72 49 53 26 88 15 43 94 87 15 71 34 49 61 4 86 68 5 37 20 51 38 58 3 31 75 65 14 45 64 85 42 8 20 4 29 24 43 14 16 25 69 48 5 92 45 25 92 85 31 30
50 19 8 58 55 81 78 5 17 55 65 90 86 69 8 61 94 88 64 96 71 80 39 79 20 27 77 49 4 15 36 27 66 20 36 2 74 8 44 91 82 18 2 61 31 20 88 16 70 71 19 5 52 20 21 17 72 16 90 36 29 50 80 24 72 34 49 76 95 14 70 94 10 49 43 58 64 31 40 16 13 36 41 96 18 68 85 87 37 52 50 68 37 81
97 93 1
12 14 46 56 16 31 60 10 61 72 48 38 45 87 54 33 87 14 5 29 15 57 49 19 64 19 1 48 71 41 20 69 7 58 10 19 70 91 38 65 48 87 38 68 12 90 93 87 87 42 44 65 56 81 19 42 7 76 59 68 44 38 1 51 35 18 41 31 88 5 77 36 62 16 43 3 77 64 28 52 67 54 6 80 35 65 85 87 69 14 18 61 89 69 82 62 62
9 40 48 61 51 90 25 29 68 54 82 23 23 59 58 53 40 67 48 62 46 24 54 33 21 52 7 71 35 79 54 46 20 10 38 27 91 75 83 78 75 76 60 41 1 58 90 32 28 91 74 16 54 78 93 73 75 4 46 36 25 47 32 14 61 67 19 85 90 93 19 65 29 3 56 24 7 26 68 57 59 2 73 60 34 52 3 86 40 34 57 1 61 42 56 54 40
96 95 1
68 43 52 91 86 1 89 25 10 93 67 91 4 84 22 60 4 65 22 72 71 20 78 4 62 76 38 53 63 27 89 83 74 92 38 38 76 8 80 75 53 5 49 10 37 42 24 83 57 47 80 6 21 5 74 81 66 57 72 9 56 78 29 15 71 57 41 52 47 17 2 28 61 17 66 80 90 23 95 14 92 64 73 10 89 44 60 85 55 42 67 23 71 55 92 35
5 32 48 82 84 34 62 86 33 71 49 92 47 89 86 59 66 85 81 70 11 48 51 32 10 92 2 17 62 85 22 60 1 47 2 5 30 50 86 51 20 53 62 3 15 10 39 93 62 58 30 11 68 78 29 71 68 1 62 17 59 81 31 6 57 63 90 54 21 19 24 64 3 70 87 14 12 42 38 54 8 9 93 52 21 19 47 28 26 78 95 10 9 36 59 33
95 95 1
84 38 33 40 26 67 53 43 44 88 72 2 78 74 39 6 27 21 89 31 72 43 72 31 23 5 73 91 47 66 63 43 26 42 31 75 3 24 51 17 46 49 16 46 73 62 69 73 83 1 73 60 61 50 53 80 78 3 65 51 86 24 85 93 66 73 41 11 12 8 32 44 48 89 83 66 81 81 72 25 63 91 8 12 91 19 70 74 61 58 24 35 86 39 83
7 48 15 15 24 75 56 80 81 38 1 92 4 17 22 56 46 12 31 12 52 38 76 82 45 33 93 78 49 69 79 19 8 26 1 5 71 9 86 51 8 77 39 54 49 5 33 47 85 54 16 31 83 63 17 10 89 85 82 38 2 79 74 73 80 3 65 14 53 22 31 25 5 18 81 77 26 8 65 51 38 13 6 94 11 70 29 1 55 21 90 90 58 25 72
90 92 1
57 4 11 77 26 90 83 11 10 67 10 84 39 59 88 44 64 29 17 1 78 40 25 60 66 87 82 37 73 45 19 87 9 77 19 87 77 76 56 63 87 83 39 25 22 87 73 1 11 59 65 40 72 49 42 49 42 29 43 28 83 42 74 83 35 57 59 75 36 7 3 12 68 26 46 29 89 35 46 5 63 44 29 73 36 35 46 60 1 11
61 21 61 8 7 21 71 13 2 17 57 67 64 67 64 67 16 31 66 2 85 62 36 42 5 68 88 51 41 20 44 77 53 44 70 23 69 51 74 1 8 50 36 45 75 10 53 3 49 22 52 66 70 37 75 32 16 82 42 33 17 65 22 14 15 45 89 56 59 74 30 63 1 86 3 14 61 74 73 80 47 27 20 58 32 44 64 34 11 45
94 97 1
25 88 59 44 50 88 51 47 43 49 57 89 50 39 24 89 8 81 33 12 61 82 26 56 94 65 25 97 31 2 45 75 14 90 68 73 53 27 6 96 76 52 4 18 75 5 88 4 55 92 66 78 1 47 93 18 14 45 15 7 56 38 11 50 55 34 59 41 55 11 53 20 87 73 89 51 95 79 68 85 67 48 73 24 20 92 29 60 8 37 89 87 2 90
50 6 82 5 84 44 15 87 32 24 77 61 21 41 33 18 12 54 37 91 86 4 58 93 90 1 80 21 45 44 36 93 96 94 71 24 71 25 72 6 89 95 39 9 36 80 42 22 75 4 53 18 4 54 70 90 28 58 47 80 7 51 80 62 74 40 24 53 41 80 50 19 34 3 51 54 54 90 83 44 47 84 65 65 39 52 62 95 21 96 21 81 23 50
90 90 1
17 45 59 20 63 7 85 59 71 4 40 27 48 84 49 24 86 10 47 49 58 23 77 25 54 1 59 50 6 30 20 34 39 78 65 5 52 29 81 55 30 18 86 42 57 23 27 24 29 77 62 16 54 75 87 54 27 34 22 35 12 67 57 35 51 82 77 72 21 10 79 41 82 90 18 46 12 80 41 4 15 20 26 85 1 54 65 31 20 67
42 2 54 2 53 6 76 33 64 29 50 75 15 21 23 18 63 70 77 55 63 25 72 28 81 9 42 26 88 73 18 67 75 4 90 87 46 7 47 29 81 41 7 85 15 54 67 59 11 34 18 30 86 39 11 86 59 89 65 22 18 79 60 80 40 24 73 7 43 16 12 28 79 19 30 60 77 29 65 10 31 58 74 56 75 80 83 29 41 6
93 100 1
43 12 17 100 25 75 33 28 94 29 7 76 63 58 3 67 55 60 68 87 39 4 12 63 31 67 58 51 89 3 54 89 89 17 51 91 65 31 77 74 30 96 39 68 4 87 1 41 34 51 67 72 57 1 27 6 82 53 82 21 17 87 15 71 54 20 74 100 86 12 52 51 2 83 91 30 57 29 89 7 43 70 35 26 2 99 28 22 9 18 59 97 36
45 78 23 7 97 30 75 30 29 13 32 5 49 63 16 62 92 20 15 90 29 39 77 50 47 11 34 66 19 70 68 66 70 32 42 68 46 4 61 100 60 91 27 38 48 98 34 42 41 39 91 38 60 69 93 55 30 99 95 68 24 61 100 83 41 83 68 65 2 40 66 93 10 44 5 6 5 67 46 78 84 59 78 51 21 49 89 37 64 53 37 32 86
92 92 1
19 50 26 82 19 16 54 79 72 58 20 42 31 50 39 16 63 83 37 7 46 25 81 28 66 9 61 73 54 66 69 68 2 55 73 42 69 19 81 32 22 68 62 75 44 7 6 75 71 68 73 89 14 80 50 29 39 70 66 67 55 8 64 20 17 33 74 88 69 34 85 68 42 28 45 85 16 10 60 60 60 3 51 31 16 79 7 76 31 52 42 57
57 15 4 90 39 27 47 9 32 1 79 49 36 52 9 30 27 33 66 32 34 88 19 11 3 65 26 74 59 57 20 37 38 75 9 23 9 9 92 85 27 23 1 82 55 84 87 8 83 13 80 29 85 66 10 18 26 7 38 76 4 46 84 62 16 89 43 55 74 13 48 81 63 89 26 13 53 62 77 34 76 29 55 73 82 89 86 40 63 12 28 61
100 95 1
16 80 8 66 55 53 61 57 38 20 23 41 90 23 93 37 79 82 36 11 74 23 74 7 79 85 67 93 73 2 69 22 24 39 93 13 5 62 19 3 11 51 58 80 92 10 91 21 88 4 53 45 74 59 59 61 54 38 81 10 25 60 53 82 28 25 54 44 67 67 38 61 6 80 17 24 72 55 77 79 26 7 63 37 13 90 15 9 62 25 13 65 25 72 69 11 87 36 91 41
81 9 11 45 77 91 39 50 87 55 75 94 89 24 56 72 13 73 30 31 12 5 47 51 9 91 56 35 63 87 39 30 3 62 11 65 39 73 35 25 84 36 15 26 89 28 82 67 94 48 1 1 57 17 81 91 56 11 47 86 20 81 4 9 20 89 8 74 23 34 14 24 21 46 75 54 87 46 84 1 56 63 40 49 54 71 22 62 92 95 53 80 14 49 50 87 73 47 52 84
97 93 1
52 29 9 23 61 92 46 69 65 55 22 59 83 7 64 65 51 90 5 23 20 86 89 4 2 1 63 39 24 62 25 10 41 17 2 76 71 11 31 79 54 77 37 45 67 54 26 43 59 86 14 23 69 47 50 10 1 59 67 46 85 92 24 73 15 37 31 1 24 65 65 75 89 63 92 82 40 16 64 72 87 39 93 84 48 80 67 13 44 56 93 77 84 29 56 9 87
61 39 53 3 58 57 40 38 24 89 55 49 14 22 8 18 24 55 7 87 78 52 84 24 92 33 22 45 15 72 21 43 64 88 41 2 83 90 63 59 35 62 84 40 10 16 14 10 40 36 28 37 71 76 67 55 72 6 46 55 58 15 2 86 28 49 44 20 71 9 51 77 51 82 20 26 43 65 70 85 39 56 83 72 58 22 32 61 28 16 11 60 62 7 24 48 5
90 100 1
6 46 66 32 31 32 26 86 67 61 76 80 65 39 65 1 95 15 17 81 80 53 92 87 56 98 22 18 75 47 4 75 19 15 37 22 44 23 82 59 92 89 68 92 42 67 38 98 16 59 7 87 47 74 87 80 60 86 75 67 74 93 34 54 25 70 62 77 40 81 19 96 9 68 75 58 46 42 71 86 45 33 21 25 52 88 48 68 2 35
52 69 25 2 10 9 3 97 77 89 63 87 87 1 23 14 60 100 55 79 73 69 71 37 39 81 21 51 32 83 52 14 75 9 93 24 58 7 95 20 5 76 7 71 35 31 90 57 67 65 55 52 25 14 7 11 39 19 39 57 34 8 3 51 71 54 12 9 70 55 69 87 11 12 5 55 73 75 70 29 7 68 6 19 54 70 73 74 67 4
91 90 1
18 10 13 46 62 19 23 16 14 6 54 45 72 85 56 51 54 24 16 90 35 86 88 88 20 29 29 7 6 51 8 26 52 18 62 5 20 41 88 86 52 57 65 39 59 64 70 24 45 74 14 16 80 8 8 28 17 87 37 52 67 30 86 17 88 13 52 76 76 39 18 9 1 1 14 16 38 73 57 45 76 61 81 52 85 71 31 70 81 65 48
32 77 40 12 18 51 49 48 26 23 25 37 29 86 3 5 15 1 55 13 19 1 74 47 62 31 36 61 13 67 4 79 28 34 19 26 36 31 25 5 40 51 12 44 74 40 14 55 88 40 63 85 43 15 1 36 87 31 52 14 27 41 21 15 69 83 73 24 57 80 25 72 55 22 31 72 12 27 54 60 66 71 77 83 48 43 38 27 52 68 20
93 91 1
5 88 33 51 82 9 43 69 61 40 17 81 70 31 24 63 10 48 91 58 13 3 35 72 86 30 44 14 36 74 85 2 89 75 71 54 19 28 13 70 23 51 57 44 59 73 78 22 30 69 82 74 82 1 5 11 52 33 91 40 67 46 88 53 58 46 56 35 72 9 58 63 81 12 77 40 58 81 54 80 82 71 79 91 31 27 91 15 49 30 60 67 10
91 40 78 48 8 6 14 7 14 53 7 40 76 67 25 34 34 10 58 22 36 86 30 91 39 81 42 26 21 71 16 32 33 52 51 29 61 70 40 21 21 5 24 55 40 50 14 42 79 43 89 46 20 29 91 77 64 3 70 70 88 58 41 73 36 15 28 31 87 3 81 74 64 75 69 83 21 39 25 42 43 23 75 10 90 38 25 55 85 46 24 29 74
93 92 1
79 86 11 80 1 37 8 16 74 22 27 66 23 83 89 33 1 57 36 75 4 43 27 82 41 36 35 66 6 74 70 18 78 91 92 25 15 21 71 46 83 68 16 62 41 52 70 54 76 8 18 65 14 40 17 52 26 41 37 70 40 85 42 70 88 76 9 85 61 59 16 69 88 52 70 46 23 47 75 43 14 68 58 56 87 39 26 64 77 86 72 4 8
22 39 35 89 62 36 11 91 27 15 50 91 16 41 30 16 35 27 57 73 89 25 56 68 15 46 67 11 85 11 63 92 29 85 86 85 39 32 25 24 60 72 31 22 17 23 73 23 23 58 15 4 92 12 8 47 70 10 48 38 41 90 14 10 53 89 37 10 40 37 73 87 68 10 92 30 15 19 61 91 11 43 83 57 48 20 55 15 21 80 54 84 63
100 96 1
73 36 30 39 33 70 34 67 22 23 3 77 58 71 96 76 56 16 44 10 29 77 1 58 37 92 4 95 19 38 39 26 43 21 53 12 62 88 86 19 36 2 58 17 93 48 14 88 34 11 25 50 4 95 32 43 65 59 75 64 32 42 18 70 58 88 56 47 51 73 3 13 26 92 86 57 32 14 31 54 10 64 27 90 14 10 88 39 34 86 36 63 54 68 35 46 7 69 57 63
27 14 12 94 9 4 64 36 77 71 30 27 49 58 22 29 71 28 5 91 74 20 20 51 22 30 10 9 30 56 56 81 67 10 6 9 12 52 63 14 85 13 49 65 82 45 81 48 83 30 50 42 24 32 70 44 29 12 57 28 25 73 87 72 35 57 14 41 82 66 60 19 82 19 17 78 60 11 33 92 55 27 75 87 17 44 47 29 90 7 27 31 13 31 78 21 85 67 42 51
90 92 1
19 83 7 88 12 64 77 51 9 24 88 79 42 9 29 54 25 14 23 64 81 90 20 2 71 28 86 80 92 41 3 88 69 33 77 22 5 38 36 2 92 32 27 16 31 90 11 31 89 77 87 80 78 43 3 65 44 5 61 11 77 43 24 66 15 59 67 32 7 15 43 83 16 79 85 46 68 25 34 71 35 60 81 42 44 32 88 31 8 38
23 88 73 55 13 92 63 60 12 40 10 37 44 48 56 70 2 30 73 22 24 57 80 15 64 5 57 77 69 3 45 21 77 25 26 34 64 47 65 31 21 46 8 45 33 19 91 17 15 62 41 91 35 53 24 59 42 66 84 24 23 10 29 40 69 90 13 44 84 21 38 2 69 47 29 61 88 58 57 87 88 76 89 45 7 47 34 91 53 71
97 90 1
45 12 4 34 41 7 55 80 78 2 85 59 47 6 54 53 55 72 89 7 6 64 52 33 27 4 40 57 51 19 64 83 54 19 87 82 82 9 46 82 34 57 26 14 72 19 82 14 43 13 82 15 71 50 33 13 78 15 76 47 17 58 13 2 6 10 41 27 69 71 73 44 54 4 30 78 39 75 88 28 29 83 43 24 28 87 77 52 21 84 27 46 79 65 89 35 4
41 16 88 12 33 66 85 18 63 28 47 69 50 69 38 87 58 16 56 78 49 27 34 34 48 80 44 11 6 76 4 68 32 85 5 24 79 72 70 31 40 20 41 13 75 58 39 11 11 74 83 9 51 58 64 38 66 10 2 32 26 1 69 31 44 90 56 31 27 48 61 5 57 64 1 55 74 40 80 67 1 78 59 26 41 8 61 58 61 70 8 19 11 3 8 12 10
92 90 1
65 10 56 4 68 13 1 62 72 5 23 9 21 39 73 82 15 67 71 64 42 67 54 86 6 6 33 46 62 22 11 11 78 31 59 66 52 84 63 36 46 32 77 1 33 46 47 88 59 66 41 68 8 31 47 71 71 26 85 50 27 51 63 60 72 63 60 56 78 15 7 88 85 82 76 87 27 8 68 11 61 89 70 16 6 11 80 69 69 82 9 84
40 50 81 77 16 65 84 43 12 13 28 32 42 40 42 12 12 68 73 10 70 15 65 27 86 50 74 87 14 49 65 42 12 12 69 63 39 76 53 48 25 83 1 50 58 63 86 50 78 70 57 39 82 73 33 28 69 77 39 25 71 7 68 29 67 67 20 68 60 20 8 38 62 83 12 14 15 51 81 27 90 19 58 77 80 19 74 5 12 16 31 31
95 99 1
55 64 11 22 56 72 85 58 32 40 53 27 80 13 71 7 51 13 42 30 65 84 69 62 28 65 43 49 8 62 55 20 11 87 37 26 91 31 5 22 1 65 88 16 97 72 73 49 76 2 33 57 66 93 80 41 40 15 93 34 55 32 92 66 49 18 50 69 98 49 68 43 18 67 10 68 24 10 84 31 10 79 50 39 18 38 53 30 56 56 46 35 97 16 85
67 3 69 45 88 7 8 99 23 42 35 65 22 6 44 14 82 80 31 91 36 20 42 2 57 88 49 48 71 10 23 90 20 58 83 25 82 21 13 99 89 56 90 1 62 58 71 58 83 24 71 24 39 56 29 6 7 1 19 23 6 52 34 74 52 43 31 57 26 38 50 47 10 53 82 53 60 93 89 18 77 98 10 92 57 11 5 55 35 65 91 37 87 32 4
94 95 1
68 38 21 38 46 8 82 77 46 75 55 16 10 1 28 54 10 55 24 86 44 36 60 74 75 47 25 95 63 68 44 4 56 46 8 36 76 46 12 52 6 3 28 15 87 68 86 58 55 30 23 64 10 53 94 38 54 22 31 39 88 67 80 26 72 77 75 31 38 11 63 65 9 13 45 75 7 7 75 53 94 89 55 53 28 94 12 52 78 84 91 63 7 93
65 61 4 73 14 85 80 85 76 43 23 22 74 56 76 88 67 81 4 39 82 71 42 81 48 41 95 65 87 63 6 59 38 54 5 62 33 41 43 75 64 25 93 52 10 89 11 12 62 18 37 76 82 39 95 58 90 33 3 69 60 5 89 48 93 68 66 57 79 21 44 53 70 14 26 69 51 59 2 3 17 74 77 60 35 21 46 39 26 88 12 95 36 70
98 90 1
88 87 49 30 60 39 76 42 20 23 68 29 49 23 74 48 59 27 62 53 11 70 10 83 10 37 18 82 87 40 78 16 5 61 43 46 46 26 65 23 76 15 66 77 20 42 39 42 17 87 66 56 38 11 48 29 74 58 15 32 73 42 42 58 26 62 50 41 87 90 20 31 75 32 45 89 46 87 17 1 54 16 76 1 48 24 39 11 59 38 67 72 77 42 69 45 63 59
55 29 16 61 77 32 17 49 65 79 41 80 21 50 57 78 45 42 78 80 70 46 59 27 26 45 65 90 72 67 31 18 45 16 81 86 8 4 54 71 57 52 2 41 51 1 28 54 18 85 49 18 75 43 37 27 71 17 54 52 60 19 40 43 83 54 88 79 64 31 40 32 90 9 15 82 43 33 6 34 68 65 64 10 90 75 53 82 83 17 71 86 43 79 32 29 89 65
93 95 1
86 95 53 61 81 28 60 11 38 25 25 64 6 36 86 47 57 72 68 48 55 61 75 73 90 95 45 93 65 79 21 52 80 29 84 73 78 79 4 53 94 27 29 61 8 64 59 18 49 88 1 66 64 79 79 47 77 58 50 22 46 42 89 56 63 18 71 23 43 66 62 9 19 43 87 1 82 45 12 38 33 7 72 8 15 22 11 58 20 16 28 92 33
69 20 78 10 8 90 75 79 64 86 22 75 91 72 47 85 74 81 84 84 64 23 64 69 54 84 82 5 6 93 88 58 14 3 80 41 28 48 83 39 57 95 28 49 79 57 92 68 24 75 95 56 38 60 52 70 59 95 29 9 63 87 86 79 2 47 81 87 66 45 32 1 95 34 18 12 57 19 43 94 80 36 15 63 64 40 90 69 66 40 4 48 48
99 97 1
57 21 92 45 9 82 73 52 55 34 90 90 37 50 82 53 80 72 25 90 52 96 52 76 60 36 23 5 69 38 80 48 59 34 54 3 48 70 52 17 88 27 95 37 21 39 19 67 88 90 67 6 72 86 78 91 86 17 89 13 72 24 14 37 61 57 91 36 18 5 11 59 93 39 38 81 9 9 49 25 85 46 68 44 42 11 73 30 70 89 56 21 71 14 84 79 77 38 34
66 92 64 65 38 66 92 8 12 27 4 4 57 86 63 97 88 44 47 79 59 13 69 30 13 51 32 48 15 42 55 77 65 82 56 62 7 59 31 67 32 33 18 27 36 14 85 79 14 94 44 32 57 19 37 71 74 62 55 2 42 21 88 70 53 79 30 42 65 95 51 17 44 74 96 85 7 53 10 80 23 65 84 83 34 97 77 92 80 93 84 86 36 31 69 2 67 44 73
100 92 1
23 63 28 64 82 33 47 34 28 61 43 7 9 69 91 68 43 32 35 16 37 2 13 46 19 21 89 12 50 30 26 19 60 47 89 36 24 17 19 60 63 64 80 62 1 48 4 4 87 87 24 48 23 34 21 63 53 70 43 43 46 13 26 21 72 50 33 82 33 78 70 42 78 31 17 21 77 2 45 22 24 6 44 33 9 19 19 3 65 33 17 21 5 58 39 79 77 39 38 81
5 65 90 68 78 7 82 75 78 42 10 85 35 81 37 89 60 1 68 59 21 17 67 36 81 29 70 30 44 74 50 67 62 90 61 65 23 51 74 37 89 34 48 63 36 85 72 84 36 78 56 43 43 89 65 41 34 2 53 21 90 89 24 19 6 92 58 85 67 79 91 2 10 86 59 28 19 19 52 53 15 20 63 75 59 28 71 72 23 17 72 18 32 44 87 74 31 66 50 49
95 91 1
77 10 47 12 40 16 50 34 35 74 62 16 53 72 82 65 55 87 68 44 14 89 11 49 11 7 11 24 83 72 52 27 5 26 81 18 52 5 9 23 89 71 4 42 63 61 36 91 10 65 89 57 17 38 64 14 89 25 12 78 45 51 51 40 36 9 80 73 22 73 50 74 33 86 8 47 5 4 84 78 3 33 65 62 42 59 70 84 62 48 59 47 40 6 88
48 67 21 3 22 82 35 4 23 5 16 91 89 20 23 9 24 61 2 69 42 42 18 80 38 63 50 17 80 60 44 80 47 91 8 8 2 60 31 85 3 43 13 72 72 36 48 53 8 61 27 50 5 85 36 8 33 7 1 6 38 60 3 34 24 22 61 24 83 44 86 24 37 40 44 66 12 21 5 80 55 12 33 58 15 6 64 34 60 39 87 61 38 29 16
95 93 1
28 91 62 54 29 17 13 70 21 40 73 51 32 92 86 38 14 5 54 78 7 33 76 57 69 78 14 27 72 67 91 61 29 20 20 92 48 1 69 4 67 28 22 1 78 9 11 57 39 20 22 24 1 11 44 93 17 78 14 12 49 62 85 4 37 48 74 29 89 81 81 45 91 44 27 25 27 63 18 75 69 31 33 41 91 76 45 55 9 39 37 69 76 25 66
23 21 76 75 28 89 53 29 90 61 60 36 83 15 65 16 25 1 75 49 34 77 70 33 7 93 1 50 64 7 24 93 3 12 86 67 90 13 3 84 18 93 2 30 35 40 5 18 28 52 60 3 71 52 90 59 93 71 59 36 70 57 79 66 87 74 11 89 3 49 3 75 5 51 41 26 49 35 10 56 16 3 70 45 65 23 63 43 26 76 18 46 51 92 38
