129189
157461
139698
126153
119777
147213
140735
140116
124936
140936
144439
156457
129933
133452
130756
127028
121732
135167
138255
130556
127393
149381
141510
131184
130884
127441
139074
129819
120376
130012
155929
125073
135170
124753
130604
139540
127958
115252
118249
130362
112895
120837
129543
130830
122652
123905
120533
145663
127409
144880
127550
126549
125604
143461
132611
134725
130432
128366
136405
143107
134983
136766
134814
147787
132167
136254
143603
136613
131636
151047
120577
126719
140627
147938
132757
141505
142912
125216
115416
125778
132818
133341
121042
139380
130393
129850
127886
142583
118684
153476
131724
134134
135847
139207
122164
143598
137401
134349
129697
129067
