8
3
24987938265204827
2029917821363850759
143
17
253990126504761287
50048169
1378535338196391993
3
448740662624672108
58
365538696698132073
41586842695878483
1077282273094927
26225917
1225621695588
19022
1499
255349
1136278
94
73813
3
3
146411989804
215591963403786833
3
213517285177724314
28044442124468607
50572641682
556848270968
2176010508972727838
242411201202205423
283047868798
2346968093074
669605205270854848
3
252060841238
10143598427405117
1931938212628970598
8
262536277
7374320633023
10419
272029838
149790496151521283
287967678619343
8
75887354967809388
971923570442889627
210291604042543532
151913978610133
3314
47795402506794308
983251795640525183
115094515743
131411979793
34508356423
94
900534976530619883
6238368
216371076283863
269411068308098049
3076953912474966423
8950590448
8
143
3674434581998594678
450666712220203
1246331710207488
37992768427
111633167939101798
245784412866748803
1578297024044003617
45094070582
17
58
3
84405214854
85347
5380473856143186573
232228134
1226733346775497949
3
140540641252
72903708
3
226318144858249
11076964
3
16836463339
17
7930733227384
33623068
93885083
59083345728678769
119779917333070387
12649997363
113112648
