3
33
58
17
237772862
137828
94
8
3
3
60119
32654524717144684
64823113962548728
43996282849
3
22914881539
3
3
120061359
63535203
2112
70213
150700163
3
18475395091883
120188017238
269723552554194429
4
3
8944911282552773924
160014696282328498
3
161692717527773
2184983739
846835993
314494804210483
58
133066792607219
3
3
967992880046998
3
41109543368796884
2483622232669
16249375638144358
91056650247
72903708
23554317575564428
88351764572043863
131743723821343924
11051167053
58
282644464
1087037815266056838
57277749463
289644475838
58
33
4
8
244216954
209440519
33
66872572096893
201113
16209
3
9158420288
6132742717876152983
221019423244556004
250535462107720807
33980820387468
223303
82755017
3
2059607
9458
177573806644
3120193093
77534
52814245012902549
3314
312819170018
137184231592221543
238052461972
288457777046498
3
168541152075824
207
2091943935798
149229
10948286408
5625219
8
247068
3
2648706973
1155042270595477
234661494103976588
22246048906128
