214569353503087
66732
3
4
1688299526243913938
1705771918730039114
9885713826992
58
754256582004313
2920308534
8150709558
80610188884512298
49411088182277
318072263
3
143
9458
79500340104
3
5128432930239
967290815447
115488702827
164658518
3
199902083818608
15509918010563
32339613
194057
3
955437773
17768652697
260146696953285068
26225917
3
5821985985733589128
17
329795920093
3
1243
8027007853019326174
66732
19017020926739
4
1105983049
144312969
250569769313
10973923
87512675885213923
33
58
78276004248
796928081989
32033515876834398
572407398
3
5598925420778423448
3166389501292
3
4327
143
132352
4927750167223979153
2112
197109714112
171824475040233
207
152860519859
3
3
88106272904779
30884033
201113
3
15653762754302907
3
3
241470296141185093
91753028
3
3
175511743
161242
126755537028227
3
63368
4479328581778
40153732017062252
94
375836861632444
203626427
181946426973
21898217
5528
164893025893803
5278297419415604223
223303
643075164790738683
36728345936594288
4
17090489
