100
3
1
421649
1826137
8
4
913369
532
1605141
1
1104178
6
1031221
499681
147849
429
15435
39
17
92
151
7
61
1
1
7602
864805
1
862022
438184
5334
11866
1868935
899273
9470
19167
1261770
1
9111
312204
1796270
3
924
28073
32
935
765953
95241
3
610610
1428624
857659
76956
22
523403
1434153
7016
7333
4696
7
1392753
266
86585
931492
2097720
2995
3
8
2225550
110576
155210
4849
694446
903425
1679204
5134
4
6
1
6327
64
2527245
887
1543917
1
7499
603
1
87892
322
1
3697
4
28762
466
656
561732
710944
3361
698
