0
3
11
26
50
85
133
196
276
375
495
638
806
1001
1225
1480
1768
2091
2451
2850
3290
3773
4301
4876
5500
6175
6903
7686
8526
9425
10385
11408
12496
13651
14875
16170
17538
18981
20501
22100
23780
25543
27391
29326
31350
33465
35673
37976
40376
42875
45475
48178
50986
53901
56925
60060
63308
66671
70151
73750
77470
81313
85281
89376
93600
97955
102443
107066
111826
116725
121765
126948
132276
137751
143375
149150
155078
161161
167401
173800
180360
187083
193971
201026
208250
215645
223213
230956
238876
246975
255255
263718
272366
281201
290225
299440
308848
318451
328251
338250
