3
4
4054529422961692
9815411478664803
5640999449088318612
391408
10884311646428
3
3
120491465805384677
3740431710600783
29186281681607529
72958219204
114561334718514
37200249194748
73367568302008
15230218
17
51042
1556642645521707747
58
5694370255749764
4327
4
3
8
79363314501874812
2308154443890556528
3
318719748657723963
160396338214621073
6265144619164721518
181445899
143823986480429973
94
6819452
72341638937241273
127023
318552
56983
65222528358
2141209162136643338
194057
3
56983
40428
88802084088
3
3
95158403863
94
2132866019
48233
257531970342667548
13383608871955303
73998158
71586792497
5448205638903833
7655616188
294766871812617688
4380580495319923728
123625822756423823
127023
33807626647
213835853003
3992708369170680209
207
42357954433
1072111037218599593
2705857098948
3
23824
3
33
38748450854071437
2112
234593768
13879620030010317
37340780032940813
3
239012511078
3
5125850746246306093
3
8586875969633771379
698936804049168108
143453
251390372561199924
58069482
207
7372744614798
17
47208146053
207
8698347840557241554
2686509682363381977
70922361566583299
468936723
4327
796889642360640767
