35723
31601073881198
10474339631648063
3
143
1437873554855634927
1593420730198
988644251989467348
955831417328898
13368430148258
315173394
3
65900457462467708
23815847778
217614113
1864108
133999581018229419
117722785637
35723
2957093075110513823
116815040785085217
6823212363
143
20535257426726977
3
3
62072773338
147106478622
155994811461822
16087379844555113
161242
17578
81967504
66732
9968100360900663
177535366615438099
17578
8189815545879425538
3
249084589328
653
9170718197597
3
156879541592
3
12669770610998
6128039698977056633
3
9458
3
76313377738
2607102
180444
5528
272462
1176388048
33514
174210858
268551608
1490578923
297059913581343
1201953328238
207
253854169321868258
143
3
149229
173917491337083223
1153002044881666087
265962483
174210858
330088916854428
3
3
16355830217311552
13033823620274
114741743664973043
295050260804
1060868136016723128
312143887391988
8
1831233393
12532
3
308332307855084164
18743362704838138
287045715205409653
3436117116040513
531069668083
3
49611622553
12802553607050873
11700818518583428
33916484437
76951352038
17
3
17
22728279067442
4
