3
17
19816380182217
55664136134004583
26555064764217
4666580905261385883
3
24301222108
3
170826716008
63204578
8807395515769673
29373
250569769313
3
17341886581756003
30024513009325278
5526637326822363
25950582695453
4507933018
33
3
58
253266203
1652148
75474388
947389199
197215343
223303
53926133251302903
3
167641518843153
1788
299078593
48694747577324
96903186003
151289987
398736502148297272
7374868354272066023
3
17578
47424478832733
5426947438
24952663718
212388613
1958616333
283541273
210450528930984128
302018570029
1048064
3190813880718722044
143
3
17
216674841078
3
3891303237
521679125740958
72541304
4189343
190217021998
58
3
3
142322377572215558
127816054
20410955274
5528
9263026522549098
16202714302631783
4618087349788
572758898197778
58111645220247
3064278326225757
1508140961942848
3
132352
143
1243
13897226813
316669011758
66732
8039489537199380978
3
140346746222078
3
6854250210868711624
235584241693
4222053490194435943
1924463809193
78723903117746253
33
68642581828733
3
201474198
18231742655367599
1576107111817029404
98024
172626117458
350468849687
